0 0 0
0.08 4.48946e-69 -1.31368e-73
0.16 3.9689e-64 -1.80458e-68
0.24 2.88583e-60 -2.3464e-64
0.32 4.99634e-57 -7.22433e-61
0.4 2.91554e-54 -6.99049e-58
0.48 7.65371e-52 -1.77589e-55
0.44 8.24625e-53 -2.32128e-56
0.42 1.75028e-53 -5.09313e-57
0.44 9.66315e-53 -3.26146e-56
0.43 4.17782e-53 -1.3304e-56
0.44 9.7731e-53 -3.3864e-56
0.45 2.24294e-52 -8.41479e-56
0.46 5.0545e-52 -2.04425e-55
0.47 1.11933e-51 -4.86147e-55
0.48 2.43766e-51 -1.13305e-54
0.49 5.22423e-51 -2.59074e-54
0.5 1.10252e-50 -5.81712e-54
0.51 2.29262e-50 -1.28374e-53
0.52 4.70005e-50 -2.78658e-53
0.53 9.50464e-50 -5.95409e-53
0.54 1.89693e-49 -1.25315e-52
0.55 3.73818e-49 -2.59959e-52
0.56 7.27711e-49 -5.31837e-52
0.57 1.40002e-48 -1.07365e-51
0.58 2.66298e-48 -2.13985e-51
0.59 5.00983e-48 -4.21256e-51
0.6 9.32531e-48 -8.19502e-51
0.61 1.71807e-47 -1.57609e-50
0.62 3.13399e-47 -2.99787e-50
0.63 5.66207e-47 -5.64173e-50
0.64 1.01345e-46 -1.05084e-49
0.65 1.79766e-46 -1.93791e-49
0.66 3.16087e-46 -3.53951e-49
0.67 5.51081e-46 -6.40472e-49
0.68 9.52891e-46 -1.1485e-48
0.69 1.63454e-45 -2.04154e-48
0.7 2.78208e-45 -3.59829e-48
0.71 4.69962e-45 -6.29006e-48
0.72 7.88072e-45 -1.09078e-47
0.73 1.3121e-44 -1.87694e-47
0.74 2.16946e-44 -3.2054e-47
0.75 3.56287e-44 -5.43411e-47
0.76 5.81285e-44 -9.14694e-47
0.77 9.42309e-44 -1.52901e-46
0.78 1.51805e-43 -2.53869e-46
0.79 2.43071e-43 -4.18749e-46
0.8 3.86905e-43 -6.86304e-46
0.81 6.12297e-43 -1.11781e-45
0.82 9.63537e-43 -1.80959e-45
0.83 1.50793e-42 -2.91215e-45
0.84 2.34726e-42 -4.65948e-45
0.85 3.63462e-42 -7.41328e-45
0.86 5.59927e-42 -1.17298e-44
0.87 8.58278e-42 -1.84602e-44
0.88 1.30918e-41 -2.89003e-44
0.89 1.98743e-41 -4.50133e-44
0.9 3.00299e-41 -6.97595e-44
0.91 4.51678e-41 -1.07582e-43
0.92 6.76334e-41 -1.65118e-43
0.93 1.00831e-40 -2.52242e-43
0.94 1.4968e-40 -3.83575e-43
0.95 2.21264e-40 -5.80681e-43
0.96 3.25744e-40 -8.75228e-43
0.97 4.77635e-40 -1.31353e-42
0.98 6.97597e-40 -1.96307e-42
0.99 1.01493e-39 -2.92174e-42
1 1.47105e-39 -4.33111e-42
1.01 2.12426e-39 -6.395e-42
1.02 3.05641e-39 -9.40592e-42
1.03 4.38194e-39 -1.37821e-41
1.04 6.26043e-39 -2.01194e-41
1.05 8.91361e-39 -2.92637e-41
1.06 1.26486e-38 -4.24123e-41
1.07 1.78895e-38 -6.12536e-41
1.08 2.52202e-38 -8.81611e-41
1.09 3.5442e-38 -1.26461e-40
1.1 4.96516e-38 -1.80798e-40
1.11 6.93452e-38 -2.57645e-40
1.12 9.6559e-38 -3.65983e-40
1.13 1.34056e-37 -5.18249e-40
1.14 1.85574e-37 -7.31608e-40
1.15 2.56159e-37 -1.02969e-39
1.16 3.52601e-37 -1.44491e-39
1.17 4.84018e-37 -2.02165e-39
1.18 6.62616e-37 -2.8205e-39
1.19 9.04704e-37 -3.92394e-39
1.2 1.23201e-36 -5.44393e-39
1.21 1.67341e-36 -7.53216e-39
1.22 2.2672e-36 -1.03935e-38
1.23 3.06404e-36 -1.43041e-38
1.24 4.13081e-36 -1.9635e-38
1.25 5.55556e-36 -2.68839e-38
1.26 7.45401e-36 -3.67169e-38
1.27 9.97784e-36 -5.00226e-38
1.28 1.33255e-35 -6.79846e-38
1.29 1.77562e-35 -9.21756e-38
1.3 2.36073e-35 -1.24681e-37
1.31 3.13176e-35 -1.68258e-37
1.32 4.14564e-35 -2.26548e-37
1.33 5.4761e-35 -3.04346e-37
1.34 7.21837e-35 -4.07958e-37
1.35 9.49531e-35 -5.45651e-37
1.36 1.24651e-34 -7.28253e-37
1.37 1.63309e-34 -9.69907e-37
1.38 2.13533e-34 -1.28906e-36
1.39 2.78661e-34 -1.70971e-36
1.4 3.62953e-34 -2.26305e-36
1.41 4.7185e-34 -2.9895e-36
1.42 6.12274e-34 -3.94139e-36
1.43 7.93028e-34 -5.1863e-36
1.44 1.02528e-33 -6.81138e-36
1.45 1.32318e-33 -8.92883e-36
1.46 1.70463e-33 -1.16828e-35
1.47 2.19222e-33 -1.52582e-35
1.48 2.81444e-33 -1.98917e-35
1.49 3.60714e-33 -2.58862e-35
1.5 4.61539e-33 -3.3628e-35
1.51 5.89572e-33 -4.36093e-35
1.52 7.51897e-33 -5.64565e-35
1.53 9.57375e-33 -7.2965e-35
1.54 1.21707e-32 -9.41436e-35
1.55 1.5448e-32 -1.2127e-34
1.56 1.95774e-32 -1.55958e-34
1.57 2.47728e-32 -2.00248e-34
1.58 3.12998e-32 -2.56709e-34
1.59 3.94878e-32 -3.28576e-34
1.6 4.97445e-32 -4.19913e-34
1.61 6.25746e-32 -5.35823e-34
1.62 7.8601e-32 -6.82701e-34
1.63 9.85925e-32 -8.68549e-34
1.64 1.23496e-31 -1.10337e-33
1.65 1.54476e-31 -1.39964e-33
1.66 1.92965e-31 -1.77294e-33
1.67 2.40718e-31 -2.24261e-33
1.68 2.9989e-31 -2.83275e-33
1.69 3.73115e-31 -3.57325e-33
1.7 4.63616e-31 -4.50118e-33
1.71 5.7533e-31 -5.66244e-33
1.72 7.13055e-31 -7.11381e-33
1.73 8.82641e-31 -8.92544e-33
1.74 1.0912e-30 -1.11839e-32
1.75 1.34739e-30 -1.39957e-32
1.76 1.66172e-30 -1.74923e-32
1.77 2.04691e-30 -2.1835e-32
1.78 2.5184e-30 -2.72219e-32
1.79 3.09487e-30 -3.38962e-32
1.8 3.79888e-30 -4.21557e-32
1.81 4.65769e-30 -5.23649e-32
1.82 5.70419e-30 -6.49693e-32
1.83 6.97798e-30 -8.05129e-32
1.84 8.52675e-30 -9.96596e-32
1.85 1.04079e-29 -1.23218e-31
1.86 1.26902e-29 -1.52172e-31
1.87 1.54563e-29 -1.87718e-31
1.88 1.88055e-29 -2.31311e-31
1.89 2.28563e-29 -2.84713e-31
1.9 2.77508e-29 -3.50063e-31
1.91 3.36588e-29 -4.29949e-31
1.92 4.0783e-29 -5.27503e-31
1.93 4.93652e-29 -6.4651e-31
1.94 5.9694e-29 -7.91539e-31
1.95 7.21126e-29 -9.681e-31
1.96 8.70297e-29 -1.18284e-30
1.97 1.04931e-28 -1.44374e-30
1.98 1.26393e-28 -1.76043e-30
1.99 1.52101e-28 -2.14446e-30
2 1.82866e-28 -2.60971e-30
2.01 2.1965e-28 -3.1728e-30
2.02 2.6359e-28 -3.85368e-30
2.03 3.16032e-28 -4.67622e-30
2.04 3.78567e-28 -5.66898e-30
2.05 4.5307e-28 -6.86609e-30
2.06 5.41757e-28 -8.30829e-30
2.07 6.47238e-28 -1.00442e-29
2.08 7.72585e-28 -1.21319e-29
2.09 9.21415e-28 -1.46402e-29
2.1 1.09798e-27 -1.76515e-29
2.11 1.30728e-27 -2.12635e-29
2.12 1.55518e-27 -2.55921e-29
2.13 1.84856e-27 -3.07753e-29
2.14 2.19548e-27 -3.69766e-29
2.15 2.60539e-27 -4.43897e-29
2.16 3.08936e-27 -5.32443e-29
2.17 3.66031e-27 -6.38119e-29
2.18 4.33335e-27 -7.64137e-29
2.19 5.12614e-27 -9.14294e-29
2.2 6.05928e-27 -1.09307e-28
2.21 7.15679e-27 -1.30575e-28
2.22 8.44666e-27 -1.55858e-28
2.23 9.96149e-27 -1.85888e-28
2.24 1.17392e-26 -2.21532e-28
2.25 1.38239e-26 -2.63806e-28
2.26 1.6267e-26 -3.13905e-28
2.27 1.91278e-26 -3.73234e-28
2.28 2.24755e-26 -4.4344e-28
2.29 2.63903e-26 -5.26459e-28
2.3 3.09651e-26 -6.24555e-28
2.31 3.63073e-26 -7.40384e-28
2.32 4.25416e-26 -8.77055e-28
2.33 4.9812e-26 -1.0382e-27
2.34 5.8285e-26 -1.22808e-27
2.35 6.81529e-26 -1.45164e-27
2.36 7.9638e-26 -1.71469e-27
2.37 9.29965e-26 -2.02399e-27
2.38 1.08524e-25 -2.38743e-27
2.39 1.26561e-25 -2.81418e-27
2.4 1.475e-25 -3.31495e-27
2.41 1.71792e-25 -3.90218e-27
2.42 1.99957e-25 -4.59035e-27
2.43 2.32592e-25 -5.39628e-27
2.44 2.70384e-25 -6.3395e-27
2.45 3.14119e-25 -7.44271e-27
2.46 3.64703e-25 -8.7322e-27
2.47 4.23173e-25 -1.02385e-26
2.48 4.90719e-25 -1.19969e-26
2.49 5.68702e-25 -1.40483e-26
2.5 6.58683e-25 -1.64402e-26
2.51 7.62447e-25 -1.92272e-26
2.52 8.82038e-25 -2.24727e-26
2.53 1.01979e-24 -2.62498e-26
2.54 1.17837e-24 -3.0643e-26
2.55 1.36083e-24 -3.57496e-26
2.56 1.57064e-24 -4.1682e-26
2.57 1.81177e-24 -4.85697e-26
2.58 2.08875e-24 -5.65619e-26
2.59 2.40673e-24 -6.58303e-26
2.6 2.77158e-24 -7.65725e-26
2.61 3.18998e-24 -8.90156e-26
2.62 3.66955e-24 -1.03421e-25
2.63 4.21893e-24 -1.20088e-25
2.64 4.84795e-24 -1.39363e-25
2.65 5.56778e-24 -1.61639e-25
2.66 6.39112e-24 -1.8737e-25
2.67 7.33236e-24 -2.17076e-25
2.68 8.40784e-24 -2.51352e-25
2.69 9.63607e-24 -2.90879e-25
2.7 1.10381e-23 -3.36439e-25
2.71 1.26376e-23 -3.88923e-25
2.72 1.44616e-23 -4.49351e-25
2.73 1.65405e-23 -5.1889e-25
2.74 1.89089e-23 -5.98871e-25
2.75 2.16057e-23 -6.90814e-25
2.76 2.46749e-23 -7.96453e-25
2.77 2.81665e-23 -9.17766e-25
2.78 3.21365e-23 -1.05701e-24
2.79 3.66484e-23 -1.21675e-24
2.8 4.17739e-23 -1.39991e-24
2.81 4.75937e-23 -1.60982e-24
2.82 5.41986e-23 -1.85027e-24
2.83 6.16914e-23 -2.12557e-24
2.84 7.01874e-23 -2.44061e-24
2.85 7.98166e-23 -2.80094e-24
2.86 9.07254e-23 -3.21288e-24
2.87 1.03078e-22 -3.68361e-24
2.88 1.1706e-22 -4.22123e-24
2.89 1.32879e-22 -4.83498e-24
2.9 1.50768e-22 -5.53529e-24
2.91 1.7099e-22 -6.334e-24
2.92 1.93839e-22 -7.2445e-24
2.93 2.19645e-22 -8.28195e-24
2.94 2.48779e-22 -9.46352e-24
2.95 2.81657e-22 -1.08086e-23
2.96 3.18742e-22 -1.23391e-23
2.97 3.60558e-22 -1.40798e-23
2.98 4.07687e-22 -1.60586e-23
2.99 4.60783e-22 -1.83072e-23
3 5.20577e-22 -2.08612e-23
3.01 5.87887e-22 -2.37607e-23
3.02 6.63626e-22 -2.7051e-23
3.03 7.48818e-22 -3.07831e-23
3.04 8.44603e-22 -3.50145e-23
3.05 9.52256e-22 -3.98099e-23
3.06 1.0732e-21 -4.52422e-23
3.07 1.20902e-21 -5.13932e-23
3.08 1.3615e-21 -5.8355e-23
3.09 1.5326e-21 -6.62312e-23
3.1 1.72452e-21 -7.5138e-23
3.11 1.93973e-21 -8.52061e-23
3.12 2.18096e-21 -9.6582e-23
3.13 2.45124e-21 -1.0943e-22
3.14 2.75396e-21 -1.23935e-22
3.15 3.0929e-21 -1.40304e-22
3.16 3.47225e-21 -1.58768e-22
3.17 3.89666e-21 -1.79588e-22
3.18 4.37133e-21 -2.03054e-22
3.19 4.902e-21 -2.29491e-22
3.2 5.49507e-21 -2.59265e-22
3.21 6.15764e-21 -2.92781e-22
3.22 6.8976e-21 -3.30497e-22
3.23 7.72369e-21 -3.72921e-22
3.24 8.64561e-21 -4.20621e-22
3.25 9.67412e-21 -4.74234e-22
3.26 1.08212e-20 -5.34468e-22
3.27 1.20999e-20 -6.02114e-22
3.28 1.3525e-20 -6.78055e-22
3.29 1.51127e-20 -7.63275e-22
3.3 1.6881e-20 -8.58871e-22
3.31 1.88496e-20 -9.66065e-22
3.32 2.10406e-20 -1.08622e-21
3.33 2.34783e-20 -1.22085e-21
3.34 2.61895e-20 -1.37164e-21
3.35 2.92039e-20 -1.54047e-21
3.36 3.25544e-20 -1.72943e-21
3.37 3.62772e-20 -1.94083e-21
3.38 4.04124e-20 -2.17726e-21
3.39 4.5004e-20 -2.44158e-21
3.4 5.0101e-20 -2.73697e-21
3.41 5.5757e-20 -3.06696e-21
3.42 6.20315e-20 -3.43548e-21
3.43 6.89898e-20 -3.84687e-21
3.44 7.67041e-20 -4.30595e-21
3.45 8.52538e-20 -4.81808e-21
3.46 9.47264e-20 -5.38916e-21
3.47 1.05218e-19 -6.02578e-21
3.48 1.16836e-19 -6.73518e-21
3.49 1.29695e-19 -7.52543e-21
3.5 1.43926e-19 -8.40541e-21
3.51 1.59668e-19 -9.38499e-21
3.52 1.77078e-19 -1.04751e-20
3.53 1.96327e-19 -1.16876e-20
3.54 2.17601e-19 -1.30361e-20
3.55 2.41108e-19 -1.4535e-20
3.56 2.67074e-19 -1.62008e-20
3.57 2.95749e-19 -1.80512e-20
3.58 3.27404e-19 -2.01062e-20
3.59 3.6234e-19 -2.23875e-20
3.6 4.00886e-19 -2.49192e-20
3.61 4.43403e-19 -2.77278e-20
3.62 4.90286e-19 -3.08427e-20
3.63 5.41969e-19 -3.42961e-20
3.64 5.98927e-19 -3.81234e-20
3.65 6.61682e-19 -4.23639e-20
3.66 7.30803e-19 -4.70606e-20
3.67 8.06915e-19 -5.22609e-20
3.68 8.90702e-19 -5.80169e-20
3.69 9.82913e-19 -6.4386e-20
3.7 1.08437e-18 -7.14313e-20
3.71 1.19596e-18 -7.9222e-20
3.72 1.31867e-18 -8.78343e-20
3.73 1.45357e-18 -9.73518e-20
3.74 1.60183e-18 -1.07866e-19
3.75 1.76473e-18 -1.19479e-19
3.76 1.94367e-18 -1.323e-19
3.77 2.14018e-18 -1.46452e-19
3.78 2.35592e-18 -1.62066e-19
3.79 2.59271e-18 -1.7929e-19
3.8 2.85254e-18 -1.98283e-19
3.81 3.13758e-18 -2.19222e-19
3.82 3.45019e-18 -2.42297e-19
3.83 3.79296e-18 -2.67719e-19
3.84 4.16868e-18 -2.9572e-19
3.85 4.58043e-18 -3.2655e-19
3.86 5.03155e-18 -3.60487e-19
3.87 5.52568e-18 -3.97833e-19
3.88 6.06677e-18 -4.38917e-19
3.89 6.65916e-18 -4.841e-19
3.9 7.30753e-18 -5.33778e-19
3.91 8.017e-18 -5.88381e-19
3.92 8.79314e-18 -6.48381e-19
3.93 9.64201e-18 -7.14292e-19
3.94 1.05702e-17 -7.86677e-19
3.95 1.15849e-17 -8.66147e-19
3.96 1.26938e-17 -9.53374e-19
3.97 1.39054e-17 -1.04909e-18
3.98 1.5229e-17 -1.15408e-18
3.99 1.66746e-17 -1.26922e-18
4 1.82529e-17 -1.39546e-18
4.01 1.99758e-17 -1.53383e-18
4.02 2.1856e-17 -1.68545e-18
4.03 2.39076e-17 -1.85154e-18
4.04 2.61455e-17 -2.03344e-18
4.05 2.85861e-17 -2.2326e-18
4.06 3.12471e-17 -2.4506e-18
4.07 3.41479e-17 -2.68916e-18
4.08 3.73093e-17 -2.95013e-18
4.09 4.07538e-17 -3.23557e-18
4.1 4.45061e-17 -3.54767e-18
4.11 4.85927e-17 -3.88884e-18
4.12 5.30424e-17 -4.26169e-18
4.13 5.78863e-17 -4.66906e-18
4.14 6.31582e-17 -5.11402e-18
4.15 6.88947e-17 -5.59992e-18
4.16 7.51354e-17 -6.1304e-18
4.17 8.19229e-17 -6.70939e-18
4.18 8.93038e-17 -7.34116e-18
4.19 9.7328e-17 -8.03037e-18
4.2 1.0605e-16 -8.78204e-18
4.21 1.15528e-16 -9.60163e-18
4.22 1.25825e-16 -1.04951e-17
4.23 1.37011e-16 -1.14687e-17
4.24 1.49158e-16 -1.25296e-17
4.25 1.62347e-16 -1.36852e-17
4.26 1.76665e-16 -1.49436e-17
4.27 1.92204e-16 -1.63138e-17
4.28 2.09066e-16 -1.78051e-17
4.29 2.27358e-16 -1.94281e-17
4.3 2.47199e-16 -2.11939e-17
4.31 2.68714e-16 -2.31145e-17
4.32 2.92041e-16 -2.52031e-17
4.33 3.17328e-16 -2.74739e-17
4.34 3.44731e-16 -2.99421e-17
4.35 3.74425e-16 -3.26242e-17
4.36 4.06592e-16 -3.55382e-17
4.37 4.41432e-16 -3.87034e-17
4.38 4.7916e-16 -4.21406e-17
4.39 5.20007e-16 -4.58724e-17
4.4 5.64223e-16 -4.9923e-17
4.41 6.12074e-16 -5.43187e-17
4.42 6.63851e-16 -5.9088e-17
4.43 7.19865e-16 -6.42612e-17
4.44 7.8045e-16 -6.98714e-17
4.45 8.45966e-16 -7.59542e-17
4.46 9.16802e-16 -8.2548e-17
4.47 9.93375e-16 -8.9694e-17
4.48 1.07613e-15 -9.74368e-17
4.49 1.16556e-15 -1.05824e-16
4.5 1.26217e-15 -1.14909e-16
4.51 1.36653e-15 -1.24745e-16
4.52 1.47924e-15 -1.35394e-16
4.53 1.60093e-15 -1.4692e-16
4.54 1.73231e-15 -1.59392e-16
4.55 1.87411e-15 -1.72886e-16
4.56 2.02714e-15 -1.87482e-16
4.57 2.19226e-15 -2.03266e-16
4.58 2.37037e-15 -2.20333e-16
4.59 2.56249e-15 -2.38781e-16
4.6 2.76966e-15 -2.5872e-16
4.61 2.99303e-15 -2.80264e-16
4.62 3.23382e-15 -3.03539e-16
4.63 3.49335e-15 -3.28679e-16
4.64 3.77301e-15 -3.55826e-16
4.65 4.07433e-15 -3.85137e-16
4.66 4.39891e-15 -4.16776e-16
4.67 4.7485e-15 -4.50922e-16
4.68 5.12495e-15 -4.87766e-16
4.69 5.53027e-15 -5.27514e-16
4.7 5.96658e-15 -5.70386e-16
4.71 6.43617e-15 -6.16618e-16
4.72 6.9415e-15 -6.66465e-16
4.73 7.48519e-15 -7.20197e-16
4.74 8.07006e-15 -7.78108e-16
4.75 8.69912e-15 -8.40509e-16
4.76 9.37559e-15 -9.07737e-16
4.77 1.01029e-14 -9.8015e-16
4.78 1.08848e-14 -1.05813e-15
4.79 1.17252e-14 -1.1421e-15
4.8 1.26283e-14 -1.23249e-15
4.81 1.35987e-14 -1.32979e-15
4.82 1.46412e-14 -1.43449e-15
4.83 1.5761e-14 -1.54713e-15
4.84 1.69635e-14 -1.66831e-15
4.85 1.82548e-14 -1.79864e-15
4.86 1.96411e-14 -1.93879e-15
4.87 2.11291e-14 -2.08947e-15
4.88 2.27262e-14 -2.25144e-15
4.89 2.44399e-14 -2.42552e-15
4.9 2.62786e-14 -2.61258e-15
4.91 2.82511e-14 -2.81355e-15
4.92 3.03666e-14 -3.02942e-15
4.93 3.26353e-14 -3.26127e-15
4.94 3.50679e-14 -3.51022e-15
4.95 3.76758e-14 -3.7775e-15
4.96 4.04711e-14 -4.0644e-15
4.97 4.34669e-14 -4.37231e-15
4.98 4.66771e-14 -4.70272e-15
4.99 5.01165e-14 -5.05719e-15
5 5.38008e-14 -5.43743e-15
5.01 5.7747e-14 -5.84524e-15
5.02 6.19729e-14 -6.28253e-15
5.03 6.64978e-14 -6.75137e-15
5.04 7.13421e-14 -7.25393e-15
5.05 7.65274e-14 -7.79257e-15
5.06 8.20771e-14 -8.36977e-15
5.07 8.80158e-14 -8.9882e-15
5.08 9.43697e-14 -9.65067e-15
5.09 1.01167e-13 -1.03602e-14
5.1 1.08438e-13 -1.11201e-14
5.11 1.16213e-13 -1.19337e-14
5.12 1.24528e-13 -1.28046e-14
5.13 1.33417e-13 -1.37369e-14
5.14 1.4292e-13 -1.47346e-14
5.15 1.53077e-13 -1.58021e-14
5.16 1.63932e-13 -1.69442e-14
5.17 1.7553e-13 -1.81659e-14
5.18 1.87921e-13 -1.94726e-14
5.19 2.01158e-13 -2.08698e-14
5.2 2.15297e-13 -2.23637e-14
5.21 2.30395e-13 -2.39606e-14
5.22 2.46516e-13 -2.56676e-14
5.23 2.63728e-13 -2.74917e-14
5.24 2.82101e-13 -2.94408e-14
5.25 3.01711e-13 -3.15232e-14
5.26 3.22639e-13 -3.37475e-14
5.27 3.44969e-13 -3.61231e-14
5.28 3.68793e-13 -3.866e-14
5.29 3.94206e-13 -4.13686e-14
5.3 4.21312e-13 -4.42601e-14
5.31 4.50218e-13 -4.73465e-14
5.32 4.81041e-13 -5.06404e-14
5.33 5.13903e-13 -5.41552e-14
5.34 5.48935e-13 -5.79052e-14
5.35 5.86273e-13 -6.19054e-14
5.36 6.26066e-13 -6.61721e-14
5.37 6.68469e-13 -7.07223e-14
5.38 7.13646e-13 -7.55741e-14
5.39 7.61773e-13 -8.07468e-14
5.4 8.13036e-13 -8.62607e-14
5.41 8.67631e-13 -9.21376e-14
5.42 9.25769e-13 -9.84006e-14
5.43 9.87671e-13 -1.05074e-13
5.44 1.05357e-12 -1.12183e-13
5.45 1.12372e-12 -1.19757e-13
5.46 1.19838e-12 -1.27823e-13
5.47 1.27783e-12 -1.36413e-13
5.48 1.36238e-12 -1.45559e-13
5.49 1.45232e-12 -1.55296e-13
5.5 1.548e-12 -1.65662e-13
5.51 1.64977e-12 -1.76694e-13
5.52 1.75801e-12 -1.88435e-13
5.53 1.8731e-12 -2.00927e-13
5.54 1.99547e-12 -2.14218e-13
5.55 2.12557e-12 -2.28357e-13
5.56 2.26386e-12 -2.43394e-13
5.57 2.41083e-12 -2.59387e-13
5.58 2.56703e-12 -2.76392e-13
5.59 2.733e-12 -2.94472e-13
5.6 2.90933e-12 -3.13692e-13
5.61 3.09665e-12 -3.34122e-13
5.62 3.29562e-12 -3.55834e-13
5.63 3.50694e-12 -3.78906e-13
5.64 3.73135e-12 -4.03419e-13
5.65 3.96962e-12 -4.29462e-13
5.66 4.22259e-12 -4.57125e-13
5.67 4.49113e-12 -4.86506e-13
5.68 4.77616e-12 -5.17707e-13
5.69 5.07866e-12 -5.50836e-13
5.7 5.39966e-12 -5.8601e-13
5.71 5.74025e-12 -6.23348e-13
5.72 6.10159e-12 -6.62979e-13
5.73 6.4849e-12 -7.05039e-13
5.74 6.89146e-12 -7.49671e-13
5.75 7.32262e-12 -7.97027e-13
5.76 7.77984e-12 -8.47266e-13
5.77 8.26463e-12 -9.00557e-13
5.78 8.77858e-12 -9.57079e-13
5.79 9.32339e-12 -1.01702e-12
5.8 9.90085e-12 -1.08058e-12
5.81 1.05128e-11 -1.14797e-12
5.82 1.11614e-11 -1.21941e-12
5.83 1.18485e-11 -1.29513e-12
5.84 1.25765e-11 -1.37539e-12
5.85 1.33476e-11 -1.46044e-12
5.86 1.41645e-11 -1.55056e-12
5.87 1.50295e-11 -1.64604e-12
5.88 1.59456e-11 -1.74718e-12
5.89 1.69156e-11 -1.85432e-12
5.9 1.79425e-11 -1.96779e-12
5.91 1.90296e-11 -2.08795e-12
5.92 2.01803e-11 -2.21518e-12
5.93 2.13982e-11 -2.34988e-12
5.94 2.2687e-11 -2.49248e-12
5.95 2.40507e-11 -2.64342e-12
5.96 2.54936e-11 -2.80317e-12
5.97 2.702e-11 -2.97222e-12
5.98 2.86347e-11 -3.1511e-12
5.99 3.03424e-11 -3.34035e-12
6 3.21485e-11 -3.54056e-12
6.01 3.40583e-11 -3.75233e-12
6.02 3.60776e-11 -3.97631e-12
6.03 3.82124e-11 -4.21318e-12
6.04 4.04692e-11 -4.46364e-12
6.05 4.28545e-11 -4.72846e-12
6.06 4.53756e-11 -5.00841e-12
6.07 4.80398e-11 -5.30434e-12
6.08 5.08549e-11 -5.61711e-12
6.09 5.38293e-11 -5.94766e-12
6.1 5.69714e-11 -6.29696e-12
6.11 6.02906e-11 -6.66602e-12
6.12 6.37964e-11 -7.05593e-12
6.13 6.74988e-11 -7.46781e-12
6.14 7.14086e-11 -7.90287e-12
6.15 7.55369e-11 -8.36235e-12
6.16 7.98954e-11 -8.84757e-12
6.17 8.44966e-11 -9.35992e-12
6.18 8.93534e-11 -9.90086e-12
6.19 9.44796e-11 -1.04719e-11
6.2 9.98895e-11 -1.10747e-11
6.21 1.05598e-10 -1.1711e-11
6.22 1.11622e-10 -1.23824e-11
6.23 1.17977e-10 -1.3091e-11
6.24 1.2468e-10 -1.38386e-11
6.25 1.31752e-10 -1.46274e-11
6.26 1.3921e-10 -1.54594e-11
6.27 1.47075e-10 -1.63371e-11
6.28 1.5537e-10 -1.72628e-11
6.29 1.64115e-10 -1.82391e-11
6.3 1.73335e-10 -1.92685e-11
6.31 1.83054e-10 -2.03539e-11
6.32 1.933e-10 -2.14982e-11
6.33 2.04098e-10 -2.27045e-11
6.34 2.15478e-10 -2.39759e-11
6.35 2.2747e-10 -2.5316e-11
6.36 2.40106e-10 -2.67283e-11
6.37 2.53418e-10 -2.82164e-11
6.38 2.67442e-10 -2.97844e-11
6.39 2.82215e-10 -3.14363e-11
6.4 2.97774e-10 -3.31765e-11
6.41 3.14161e-10 -3.50095e-11
6.42 3.31417e-10 -3.694e-11
6.43 3.49587e-10 -3.89731e-11
6.44 3.68717e-10 -4.11139e-11
6.45 3.88857e-10 -4.3368e-11
6.46 4.10057e-10 -4.57412e-11
6.47 4.32372e-10 -4.82395e-11
6.48 4.55858e-10 -5.08692e-11
6.49 4.80573e-10 -5.3637e-11
6.5 5.0658e-10 -5.65498e-11
6.51 5.33944e-10 -5.9615e-11
6.52 5.62732e-10 -6.28402e-11
6.53 5.93017e-10 -6.62335e-11
6.54 6.24873e-10 -6.98032e-11
6.55 6.58379e-10 -7.35583e-11
6.56 6.93616e-10 -7.75079e-11
6.57 7.3067e-10 -8.16617e-11
6.58 7.69633e-10 -8.60299e-11
6.59 8.10598e-10 -9.06231e-11
6.6 8.53665e-10 -9.54526e-11
6.61 8.98937e-10 -1.0053e-10
6.62 9.46522e-10 -1.05867e-10
6.63 9.96536e-10 -1.11477e-10
6.64 1.0491e-09 -1.17374e-10
6.65 1.10433e-09 -1.23571e-10
6.66 1.16236e-09 -1.30083e-10
6.67 1.22333e-09 -1.36925e-10
6.68 1.28738e-09 -1.44114e-10
6.69 1.35467e-09 -1.51666e-10
6.7 1.42534e-09 -1.59599e-10
6.71 1.49957e-09 -1.67932e-10
6.72 1.57752e-09 -1.76684e-10
6.73 1.65937e-09 -1.85875e-10
6.74 1.74531e-09 -1.95526e-10
6.75 1.83555e-09 -2.0566e-10
6.76 1.93028e-09 -2.16299e-10
6.77 2.02971e-09 -2.27468e-10
6.78 2.13408e-09 -2.39192e-10
6.79 2.24362e-09 -2.51498e-10
6.8 2.35858e-09 -2.64414e-10
6.81 2.47921e-09 -2.77968e-10
6.82 2.60578e-09 -2.92191e-10
6.83 2.73858e-09 -3.07114e-10
6.84 2.87789e-09 -3.22771e-10
6.85 3.02403e-09 -3.39196e-10
6.86 3.17732e-09 -3.56426e-10
6.87 3.33809e-09 -3.74498e-10
6.88 3.50669e-09 -3.93452e-10
6.89 3.68349e-09 -4.1333e-10
6.9 3.86888e-09 -4.34173e-10
6.91 4.06325e-09 -4.56029e-10
6.92 4.26703e-09 -4.78943e-10
6.93 4.48064e-09 -5.02965e-10
6.94 4.70455e-09 -5.28147e-10
6.95 4.93924e-09 -5.54542e-10
6.96 5.18519e-09 -5.82207e-10
6.97 5.44294e-09 -6.11199e-10
6.98 5.71302e-09 -6.41581e-10
6.99 5.996e-09 -6.73415e-10
7 6.29248e-09 -7.0677e-10
7.01 6.60307e-09 -7.41714e-10
7.02 6.92841e-09 -7.78321e-10
7.03 7.26918e-09 -8.16666e-10
7.04 7.62609e-09 -8.56828e-10
7.05 7.99987e-09 -8.9889e-10
7.06 8.39127e-09 -9.42939e-10
7.07 8.80111e-09 -9.89065e-10
7.08 9.23021e-09 -1.03736e-09
7.09 9.67944e-09 -1.08793e-09
7.1 1.01497e-08 -1.14086e-09
7.11 1.0642e-08 -1.19627e-09
7.12 1.11572e-08 -1.25428e-09
7.13 1.16965e-08 -1.31498e-09
7.14 1.22608e-08 -1.37852e-09
7.15 1.28513e-08 -1.445e-09
7.16 1.34692e-08 -1.51457e-09
7.17 1.41156e-08 -1.58736e-09
7.18 1.4792e-08 -1.66352e-09
7.19 1.54994e-08 -1.74318e-09
7.2 1.62395e-08 -1.82652e-09
7.21 1.70135e-08 -1.91369e-09
7.22 1.7823e-08 -2.00486e-09
7.23 1.86696e-08 -2.10021e-09
7.24 1.95549e-08 -2.19991e-09
7.25 2.04805e-08 -2.30417e-09
7.26 2.14483e-08 -2.41318e-09
7.27 2.246e-08 -2.52715e-09
7.28 2.35177e-08 -2.64629e-09
7.29 2.46233e-08 -2.77083e-09
7.3 2.57788e-08 -2.90101e-09
7.31 2.69865e-08 -3.03706e-09
7.32 2.82486e-08 -3.17925e-09
7.33 2.95675e-08 -3.32784e-09
7.34 3.09455e-08 -3.48311e-09
7.35 3.23854e-08 -3.64534e-09
7.36 3.38896e-08 -3.81483e-09
7.37 3.5461e-08 -3.9919e-09
7.38 3.71025e-08 -4.17686e-09
7.39 3.8817e-08 -4.37006e-09
7.4 4.06077e-08 -4.57186e-09
7.41 4.24778e-08 -4.7826e-09
7.42 4.44307e-08 -5.00269e-09
7.43 4.64699e-08 -5.2325e-09
7.44 4.8599e-08 -5.47246e-09
7.45 5.0822e-08 -5.723e-09
7.46 5.31426e-08 -5.98455e-09
7.47 5.55651e-08 -6.25759e-09
7.48 5.80937e-08 -6.54261e-09
7.49 6.0733e-08 -6.84009e-09
7.5 6.34874e-08 -7.15057e-09
7.51 6.63619e-08 -7.47459e-09
7.52 6.93615e-08 -7.81271e-09
7.53 7.24913e-08 -8.16553e-09
7.54 7.57569e-08 -8.53366e-09
7.55 7.91638e-08 -8.91772e-09
7.56 8.27179e-08 -9.31839e-09
7.57 8.64253e-08 -9.73636e-09
7.58 9.02923e-08 -1.01723e-08
7.59 9.43256e-08 -1.0627e-08
7.6 9.85319e-08 -1.11013e-08
7.61 1.02918e-07 -1.15959e-08
7.62 1.07493e-07 -1.21116e-08
7.63 1.12262e-07 -1.26493e-08
7.64 1.17235e-07 -1.321e-08
7.65 1.22419e-07 -1.37946e-08
7.66 1.27823e-07 -1.44039e-08
7.67 1.33457e-07 -1.50392e-08
7.68 1.39329e-07 -1.57013e-08
7.69 1.45449e-07 -1.63914e-08
7.7 1.51827e-07 -1.71107e-08
7.71 1.58474e-07 -1.78602e-08
7.72 1.654e-07 -1.86413e-08
7.73 1.72617e-07 -1.94551e-08
7.74 1.80136e-07 -2.03031e-08
7.75 1.8797e-07 -2.11865e-08
7.76 1.96131e-07 -2.21069e-08
7.77 2.04631e-07 -2.30656e-08
7.78 2.13486e-07 -2.40642e-08
7.79 2.22708e-07 -2.51043e-08
7.8 2.32313e-07 -2.61876e-08
7.81 2.42316e-07 -2.73157e-08
7.82 2.52731e-07 -2.84904e-08
7.83 2.63577e-07 -2.97137e-08
7.84 2.74869e-07 -3.09873e-08
7.85 2.86625e-07 -3.23133e-08
7.86 2.98864e-07 -3.36938e-08
7.87 3.11605e-07 -3.51308e-08
7.88 3.24866e-07 -3.66267e-08
7.89 3.3867e-07 -3.81836e-08
7.9 3.53035e-07 -3.98041e-08
7.91 3.67986e-07 -4.14905e-08
7.92 3.83544e-07 -4.32455e-08
7.93 3.99733e-07 -4.50716e-08
7.94 4.16578e-07 -4.69718e-08
7.95 4.34103e-07 -4.89487e-08
7.96 4.52336e-07 -5.10055e-08
7.97 4.71304e-07 -5.31452e-08
7.98 4.91034e-07 -5.53709e-08
7.99 5.11557e-07 -5.7686e-08
8 5.32902e-07 -6.0094e-08
8.01 5.55101e-07 -6.25983e-08
8.02 5.78187e-07 -6.52028e-08
8.03 6.02194e-07 -6.79111e-08
8.04 6.27157e-07 -7.07272e-08
8.05 6.53112e-07 -7.36554e-08
8.06 6.80097e-07 -7.66998e-08
8.07 7.08151e-07 -7.98647e-08
8.08 7.37314e-07 -8.31549e-08
8.09 7.67629e-07 -8.65751e-08
8.1 7.99139e-07 -9.013e-08
8.11 8.31888e-07 -9.38249e-08
8.12 8.65925e-07 -9.7665e-08
8.13 9.01296e-07 -1.01656e-07
8.14 9.38051e-07 -1.05803e-07
8.15 9.76244e-07 -1.10112e-07
8.16 1.01593e-06 -1.14589e-07
8.17 1.05716e-06 -1.19241e-07
8.18 1.09999e-06 -1.24073e-07
8.19 1.14448e-06 -1.29094e-07
8.2 1.1907e-06 -1.34309e-07
8.21 1.23871e-06 -1.39726e-07
8.22 1.28857e-06 -1.45352e-07
8.23 1.34036e-06 -1.51195e-07
8.24 1.39414e-06 -1.57263e-07
8.25 1.44999e-06 -1.63564e-07
8.26 1.50798e-06 -1.70108e-07
8.27 1.56819e-06 -1.76902e-07
8.28 1.6307e-06 -1.83956e-07
8.29 1.6956e-06 -1.91279e-07
8.3 1.76298e-06 -1.98881e-07
8.31 1.83292e-06 -2.06773e-07
8.32 1.90552e-06 -2.14965e-07
8.33 1.98087e-06 -2.23467e-07
8.34 2.05907e-06 -2.32292e-07
8.35 2.14023e-06 -2.4145e-07
8.36 2.22445e-06 -2.50954e-07
8.37 2.31185e-06 -2.60816e-07
8.38 2.40253e-06 -2.71049e-07
8.39 2.49662e-06 -2.81666e-07
8.4 2.59424e-06 -2.92681e-07
8.41 2.69551e-06 -3.04109e-07
8.42 2.80056e-06 -3.15964e-07
8.43 2.90953e-06 -3.28261e-07
8.44 3.02256e-06 -3.41016e-07
8.45 3.1398e-06 -3.54245e-07
8.46 3.26138e-06 -3.67966e-07
8.47 3.38747e-06 -3.82195e-07
8.48 3.51823e-06 -3.96951e-07
8.49 3.65382e-06 -4.12251e-07
8.5 3.7944e-06 -4.28116e-07
8.51 3.94016e-06 -4.44565e-07
8.52 4.09128e-06 -4.61619e-07
8.53 4.24794e-06 -4.79298e-07
8.54 4.41034e-06 -4.97625e-07
8.55 4.57868e-06 -5.16622e-07
8.56 4.75317e-06 -5.36313e-07
8.57 4.93401e-06 -5.56722e-07
8.58 5.12144e-06 -5.77874e-07
8.59 5.31567e-06 -5.99794e-07
8.6 5.51695e-06 -6.22509e-07
8.61 5.72552e-06 -6.46047e-07
8.62 5.94163e-06 -6.70435e-07
8.63 6.16554e-06 -6.95704e-07
8.64 6.39751e-06 -7.21884e-07
8.65 6.63783e-06 -7.49005e-07
8.66 6.88678e-06 -7.771e-07
8.67 7.14466e-06 -8.06203e-07
8.68 7.41176e-06 -8.36348e-07
8.69 7.68841e-06 -8.6757e-07
8.7 7.97493e-06 -8.99905e-07
8.71 8.27166e-06 -9.33393e-07
8.72 8.57894e-06 -9.68072e-07
8.73 8.89712e-06 -1.00398e-06
8.74 9.22658e-06 -1.04116e-06
8.75 9.5677e-06 -1.07966e-06
8.76 9.92087e-06 -1.11952e-06
8.77 1.02865e-05 -1.16078e-06
8.78 1.0665e-05 -1.2035e-06
8.79 1.10568e-05 -1.24772e-06
8.8 1.14624e-05 -1.29349e-06
8.81 1.18821e-05 -1.34087e-06
8.82 1.23166e-05 -1.3899e-06
8.83 1.27662e-05 -1.44064e-06
8.84 1.32315e-05 -1.49316e-06
8.85 1.3713e-05 -1.5475e-06
8.86 1.42112e-05 -1.60373e-06
8.87 1.47267e-05 -1.66191e-06
8.88 1.526e-05 -1.7221e-06
8.89 1.58118e-05 -1.78438e-06
8.9 1.63827e-05 -1.84881e-06
8.91 1.69732e-05 -1.91546e-06
8.92 1.75841e-05 -1.9844e-06
8.93 1.82159e-05 -2.05571e-06
8.94 1.88694e-05 -2.12947e-06
8.95 1.95453e-05 -2.20575e-06
8.96 2.02442e-05 -2.28464e-06
8.97 2.09671e-05 -2.36622e-06
8.98 2.17145e-05 -2.45058e-06
8.99 2.24874e-05 -2.53781e-06
9 2.32865e-05 -2.62801e-06
9.01 2.41128e-05 -2.72126e-06
9.02 2.4967e-05 -2.81767e-06
9.03 2.585e-05 -2.91733e-06
9.04 2.67629e-05 -3.02036e-06
9.05 2.77065e-05 -3.12687e-06
9.06 2.86818e-05 -3.23695e-06
9.07 2.96899e-05 -3.35073e-06
9.08 3.07318e-05 -3.46832e-06
9.09 3.18085e-05 -3.58985e-06
9.1 3.29212e-05 -3.71543e-06
9.11 3.40711e-05 -3.84521e-06
9.12 3.52592e-05 -3.97931e-06
9.13 3.64868e-05 -4.11787e-06
9.14 3.77551e-05 -4.26102e-06
9.15 3.90655e-05 -4.40892e-06
9.16 4.04192e-05 -4.56171e-06
9.17 4.18177e-05 -4.71955e-06
9.18 4.32622e-05 -4.8826e-06
9.19 4.47544e-05 -5.05101e-06
9.2 4.62955e-05 -5.22496e-06
9.21 4.78872e-05 -5.40461e-06
9.22 4.95311e-05 -5.59015e-06
9.23 5.12287e-05 -5.78176e-06
9.24 5.29818e-05 -5.97963e-06
9.25 5.4792e-05 -6.18394e-06
9.26 5.66611e-05 -6.39491e-06
9.27 5.8591e-05 -6.61273e-06
9.28 6.05834e-05 -6.83762e-06
9.29 6.26404e-05 -7.06979e-06
9.3 6.47639e-05 -7.30947e-06
9.31 6.69559e-05 -7.55688e-06
9.32 6.92186e-05 -7.81227e-06
9.33 7.15541e-05 -8.07588e-06
9.34 7.39646e-05 -8.34795e-06
9.35 7.64524e-05 -8.62875e-06
9.36 7.90199e-05 -8.91854e-06
9.37 8.16694e-05 -9.21759e-06
9.38 8.44035e-05 -9.52619e-06
9.39 8.72247e-05 -9.84462e-06
9.4 9.01356e-05 -1.01732e-05
9.41 9.3139e-05 -1.05122e-05
9.42 9.62376e-05 -1.08619e-05
9.43 9.94343e-05 -1.12227e-05
9.44 0.000102732 -1.15949e-05
9.45 0.000106134 -1.19789e-05
9.46 0.000109643 -1.23749e-05
9.47 0.000113262 -1.27834e-05
9.48 0.000116995 -1.32048e-05
9.49 0.000120844 -1.36393e-05
9.5 0.000124815 -1.40874e-05
9.51 0.000128909 -1.45496e-05
9.52 0.000133131 -1.50261e-05
9.53 0.000137485 -1.55175e-05
9.54 0.000141973 -1.60242e-05
9.55 0.000146602 -1.65466e-05
9.56 0.000151373 -1.70852e-05
9.57 0.000156292 -1.76404e-05
9.58 0.000161364 -1.82128e-05
9.59 0.000166591 -1.88028e-05
9.6 0.000171979 -1.9411e-05
9.61 0.000177533 -2.00379e-05
9.62 0.000183258 -2.0684e-05
9.63 0.000189158 -2.135e-05
9.64 0.000195238 -2.20362e-05
9.65 0.000201504 -2.27435e-05
9.66 0.000207961 -2.34723e-05
9.67 0.000214614 -2.42233e-05
9.68 0.000221469 -2.49971e-05
9.69 0.000228533 -2.57943e-05
9.7 0.00023581 -2.66158e-05
9.71 0.000243308 -2.7462e-05
9.72 0.000251031 -2.83338e-05
9.73 0.000258988 -2.92319e-05
9.74 0.000267183 -3.01569e-05
9.75 0.000275625 -3.11098e-05
9.76 0.00028432 -3.20913e-05
9.77 0.000293276 -3.31021e-05
9.78 0.000302499 -3.41431e-05
9.79 0.000311997 -3.52152e-05
9.8 0.000321778 -3.63193e-05
9.81 0.00033185 -3.74561e-05
9.82 0.000342222 -3.86268e-05
9.83 0.0003529 -3.98321e-05
9.84 0.000363895 -4.10731e-05
9.85 0.000375214 -4.23508e-05
9.86 0.000386868 -4.36661e-05
9.87 0.000398864 -4.50202e-05
9.88 0.000411214 -4.64141e-05
9.89 0.000423925 -4.7849e-05
9.9 0.00043701 -4.93258e-05
9.91 0.000450477 -5.08459e-05
9.92 0.000464337 -5.24104e-05
9.93 0.000478602 -5.40205e-05
9.94 0.000493281 -5.56774e-05
9.95 0.000508388 -5.73826e-05
9.96 0.000523933 -5.91372e-05
9.97 0.000539928 -6.09426e-05
9.98 0.000556385 -6.28002e-05
9.99 0.000573318 -6.47115e-05
10 0.000590739 -6.66779e-05
10.01 0.000608661 -6.87008e-05
10.02 0.000627098 -7.07819e-05
10.03 0.000646064 -7.29227e-05
10.04 0.000665573 -7.51248e-05
10.05 0.00068564 -7.73898e-05
10.06 0.00070628 -7.97194e-05
10.07 0.000727507 -8.21155e-05
10.08 0.000749339 -8.45797e-05
10.09 0.00077179 -8.71139e-05
10.1 0.000794878 -8.97199e-05
10.11 0.000818619 -9.23997e-05
10.12 0.000843032 -9.51553e-05
10.13 0.000868133 -9.79885e-05
10.14 0.000893941 -0.000100902
10.15 0.000920475 -0.000103897
10.16 0.000947753 -0.000106976
10.17 0.000975796 -0.000110141
10.18 0.00100462 -0.000113395
10.19 0.00103426 -0.00011674
10.2 0.00106472 -0.000120178
10.21 0.00109602 -0.000123712
10.22 0.0011282 -0.000127344
10.23 0.00116127 -0.000131076
10.24 0.00119526 -0.000134913
10.25 0.00123018 -0.000138855
10.26 0.00126607 -0.000142906
10.27 0.00130295 -0.000147069
10.28 0.00134085 -0.000151346
10.29 0.00137978 -0.000155741
10.3 0.00141979 -0.000160256
10.31 0.00146088 -0.000164895
10.32 0.00150311 -0.000169661
10.33 0.00154648 -0.000174557
10.34 0.00159104 -0.000179586
10.35 0.0016368 -0.000184752
10.36 0.00168381 -0.000190058
10.37 0.0017321 -0.000195509
10.38 0.00178169 -0.000201106
10.39 0.00183262 -0.000206855
10.4 0.00188493 -0.000212759
10.41 0.00193864 -0.000218822
10.42 0.0019938 -0.000225048
10.43 0.00205043 -0.000231441
10.44 0.00210859 -0.000238005
10.45 0.0021683 -0.000244745
10.46 0.0022296 -0.000251664
10.47 0.00229254 -0.000258769
10.48 0.00235715 -0.000266062
10.49 0.00242348 -0.000273549
10.5 0.00249157 -0.000281234
10.51 0.00256147 -0.000289123
10.52 0.00263321 -0.000297221
10.53 0.00270684 -0.000305532
10.54 0.00278241 -0.000314063
10.55 0.00285997 -0.000322817
10.56 0.00293957 -0.000331802
10.57 0.00302125 -0.000341022
10.58 0.00310507 -0.000350483
10.59 0.00319108 -0.000360191
10.6 0.00327933 -0.000370153
10.61 0.00336988 -0.000380374
10.62 0.00346279 -0.00039086
10.63 0.0035581 -0.000401619
10.64 0.00365589 -0.000412657
10.65 0.0037562 -0.000423979
10.66 0.0038591 -0.000435594
10.67 0.00396465 -0.000447509
10.68 0.00407292 -0.00045973
10.69 0.00418397 -0.000472265
10.7 0.00429787 -0.000485121
10.71 0.00441468 -0.000498306
10.72 0.00453448 -0.000511828
10.73 0.00465734 -0.000525696
10.74 0.00478332 -0.000539916
10.75 0.0049125 -0.000554498
10.76 0.00504497 -0.00056945
10.77 0.00518079 -0.000584781
10.78 0.00532005 -0.000600499
10.79 0.00546282 -0.000616615
10.8 0.00560919 -0.000633137
10.81 0.00575924 -0.000650074
10.82 0.00591307 -0.000667437
10.83 0.00607075 -0.000685235
10.84 0.00623238 -0.000703479
10.85 0.00639805 -0.000722179
10.86 0.00656785 -0.000741346
10.87 0.00674188 -0.00076099
10.88 0.00692024 -0.000781122
10.89 0.00710302 -0.000801754
10.9 0.00729034 -0.000822897
10.91 0.00748229 -0.000844563
10.92 0.00767897 -0.000866765
10.93 0.00788051 -0.000889513
10.94 0.008087 -0.000912821
10.95 0.00829857 -0.000936702
10.96 0.00851533 -0.000961169
10.97 0.00873739 -0.000986234
10.98 0.00896488 -0.00101191
10.99 0.00919792 -0.00103822
11 0.00943663 -0.00106516
11.01 0.00968115 -0.00109276
11.02 0.00993161 -0.00112103
11.03 0.0101881 -0.00114999
11.04 0.0104509 -0.00117964
11.05 0.0107199 -0.00121001
11.06 0.0109955 -0.00124112
11.07 0.0112777 -0.00127297
11.08 0.0115666 -0.00130558
11.09 0.0118625 -0.00133898
11.1 0.0121655 -0.00137318
11.11 0.0124757 -0.0014082
11.12 0.0127933 -0.00144405
11.13 0.0131185 -0.00148075
11.14 0.0134513 -0.00151833
11.15 0.0137921 -0.00155679
11.16 0.014141 -0.00159617
11.17 0.0144981 -0.00163648
11.18 0.0148637 -0.00167774
11.19 0.0152378 -0.00171997
11.2 0.0156208 -0.0017632
11.21 0.0160127 -0.00180744
11.22 0.0164138 -0.00185272
11.23 0.0168243 -0.00189905
11.24 0.0172444 -0.00194647
11.25 0.0176743 -0.001995
11.26 0.0181142 -0.00204465
11.27 0.0185643 -0.00209546
11.28 0.0190249 -0.00214744
11.29 0.0194961 -0.00220063
11.3 0.0199782 -0.00225505
11.31 0.0204714 -0.00231072
11.32 0.020976 -0.00236767
11.33 0.0214921 -0.00242594
11.34 0.0220202 -0.00248554
11.35 0.0225603 -0.0025465
11.36 0.0231127 -0.00260886
11.37 0.0236778 -0.00267264
11.38 0.0242557 -0.00273787
11.39 0.0248467 -0.00280459
11.4 0.0254512 -0.00287282
11.41 0.0260694 -0.0029426
11.42 0.0267015 -0.00301395
11.43 0.027348 -0.00308692
11.44 0.028009 -0.00316153
11.45 0.0286848 -0.00323781
11.46 0.0293758 -0.00331582
11.47 0.0300824 -0.00339556
11.48 0.0308047 -0.0034771
11.49 0.0315431 -0.00356045
11.5 0.0322981 -0.00364566
11.51 0.0330698 -0.00373277
11.52 0.0338586 -0.00382181
11.53 0.034665 -0.00391283
11.54 0.0354892 -0.00400586
11.55 0.0363316 -0.00410095
11.56 0.0371925 -0.00419813
11.57 0.0380725 -0.00429745
11.58 0.0389717 -0.00439896
11.59 0.0398907 -0.00450268
11.6 0.0408297 -0.00460868
11.61 0.0417894 -0.004717
11.62 0.0427699 -0.00482768
11.63 0.0437718 -0.00494077
11.64 0.0447954 -0.00505631
11.65 0.0458412 -0.00517436
11.66 0.0469097 -0.00529497
11.67 0.0480013 -0.00541818
11.68 0.0491164 -0.00554405
11.69 0.0502555 -0.00567263
11.7 0.0514191 -0.00580397
11.71 0.0526077 -0.00593813
11.72 0.0538217 -0.00607516
11.73 0.0550617 -0.00621513
11.74 0.0563281 -0.00635807
11.75 0.0576214 -0.00650406
11.76 0.0589423 -0.00665315
11.77 0.0602912 -0.00680541
11.78 0.0616686 -0.00696089
11.79 0.0630751 -0.00711965
11.8 0.0645113 -0.00728176
11.81 0.0659778 -0.00744729
11.82 0.067475 -0.00761629
11.83 0.0690037 -0.00778884
11.84 0.0705644 -0.007965
11.85 0.0721576 -0.00814485
11.86 0.0737841 -0.00832844
11.87 0.0754445 -0.00851585
11.88 0.0771394 -0.00870716
11.89 0.0788694 -0.00890244
11.9 0.0806352 -0.00910176
11.91 0.0824375 -0.0093052
11.92 0.084277 -0.00951283
11.93 0.0861543 -0.00972473
11.94 0.0880702 -0.00994099
11.95 0.0900254 -0.0101617
11.96 0.0920205 -0.0103869
11.97 0.0940565 -0.0106167
11.98 0.0961339 -0.0108512
11.99 0.0982536 -0.0110905
12 0.100416 -0.0113346
12.01 0.102623 -0.0115836
12.02 0.104874 -0.0118378
12.03 0.107171 -0.012097
12.04 0.109514 -0.0123615
12.05 0.111904 -0.0126312
12.06 0.114342 -0.0129064
12.07 0.116829 -0.0131871
12.08 0.119365 -0.0134735
12.09 0.121953 -0.0137655
12.1 0.124591 -0.0140634
12.11 0.127283 -0.0143671
12.12 0.130027 -0.0146769
12.13 0.132826 -0.0149929
12.14 0.135681 -0.0153151
12.15 0.138591 -0.0156436
12.16 0.141559 -0.0159786
12.17 0.144585 -0.0163202
12.18 0.147671 -0.0166685
12.19 0.150817 -0.0170236
12.2 0.154024 -0.0173856
12.21 0.157294 -0.0177547
12.22 0.160627 -0.0181309
12.23 0.164026 -0.0185145
12.24 0.16749 -0.0189055
12.25 0.171021 -0.0193041
12.26 0.17462 -0.0197104
12.27 0.178288 -0.0201244
12.28 0.182027 -0.0205465
12.29 0.185838 -0.0209766
12.3 0.189722 -0.021415
12.31 0.19368 -0.0218617
12.32 0.197713 -0.022317
12.33 0.201823 -0.0227809
12.34 0.206011 -0.0232537
12.35 0.210279 -0.0237354
12.36 0.214627 -0.0242262
12.37 0.219057 -0.0247263
12.38 0.223571 -0.0252358
12.39 0.228169 -0.0257548
12.4 0.232854 -0.0262836
12.41 0.237627 -0.0268223
12.42 0.242489 -0.0273711
12.43 0.247441 -0.0279301
12.44 0.252486 -0.0284995
12.45 0.257624 -0.0290795
12.46 0.262857 -0.0296702
12.47 0.268187 -0.0302719
12.48 0.273616 -0.0308846
12.49 0.279144 -0.0315087
12.5 0.284775 -0.0321442
12.51 0.290508 -0.0327913
12.52 0.296346 -0.0334503
12.53 0.302291 -0.0341214
12.54 0.308344 -0.0348046
12.55 0.314508 -0.0355003
12.56 0.320783 -0.0362086
12.57 0.327172 -0.0369298
12.58 0.333676 -0.0376639
12.59 0.340297 -0.0384114
12.6 0.347038 -0.0391722
12.61 0.3539 -0.0399467
12.62 0.360884 -0.0407351
12.63 0.367994 -0.0415376
12.64 0.37523 -0.0423544
12.65 0.382596 -0.0431858
12.66 0.390092 -0.0440319
12.67 0.397721 -0.0448931
12.68 0.405484 -0.0457694
12.69 0.413385 -0.0466612
12.7 0.421426 -0.0475688
12.71 0.429607 -0.0484923
12.72 0.437932 -0.0494319
12.73 0.446402 -0.0503881
12.74 0.455021 -0.0513609
12.75 0.463789 -0.0523506
12.76 0.47271 -0.0533576
12.77 0.481786 -0.054382
12.78 0.491019 -0.0554242
12.79 0.500411 -0.0564844
12.8 0.509966 -0.0575628
12.81 0.519684 -0.0586598
12.82 0.529569 -0.0597756
12.83 0.539624 -0.0609105
12.84 0.54985 -0.0620648
12.85 0.56025 -0.0632387
12.86 0.570827 -0.0644326
12.87 0.581584 -0.0656468
12.88 0.592523 -0.0668815
12.89 0.603646 -0.0681371
12.9 0.614957 -0.0694138
12.91 0.626458 -0.070712
12.92 0.638152 -0.072032
12.93 0.650042 -0.073374
12.94 0.66213 -0.0747385
12.95 0.67442 -0.0761257
12.96 0.686914 -0.077536
12.97 0.699615 -0.0789697
12.98 0.712526 -0.080427
12.99 0.725651 -0.0819085
13 0.738991 -0.0834143
13.01 0.752551 -0.0849449
13.02 0.766333 -0.0865006
13.03 0.780341 -0.0880817
13.04 0.794577 -0.0896886
13.05 0.809045 -0.0913217
13.06 0.823748 -0.0929813
13.07 0.838689 -0.0946678
13.08 0.853872 -0.0963815
13.09 0.869299 -0.0981229
13.1 0.884975 -0.0998923
13.11 0.900902 -0.10169
13.12 0.917084 -0.103517
13.13 0.933525 -0.105372
13.14 0.950228 -0.107258
13.15 0.967197 -0.109173
13.16 0.984434 -0.111119
13.17 1.00194 -0.113095
13.18 1.01973 -0.115103
13.19 1.0378 -0.117142
13.2 1.05615 -0.119214
13.21 1.07479 -0.121317
13.22 1.09372 -0.123454
13.23 1.11294 -0.125624
13.24 1.13246 -0.127828
13.25 1.15229 -0.130066
13.26 1.17242 -0.132338
13.27 1.19287 -0.134646
13.28 1.21363 -0.136989
13.29 1.2347 -0.139368
13.3 1.2561 -0.141784
13.31 1.27783 -0.144237
13.32 1.29989 -0.146726
13.33 1.32229 -0.149254
13.34 1.34502 -0.15182
13.35 1.3681 -0.154426
13.36 1.39153 -0.15707
13.37 1.41531 -0.159754
13.38 1.43944 -0.162478
13.39 1.46394 -0.165244
13.4 1.48881 -0.16805
13.41 1.51404 -0.170899
13.42 1.53965 -0.173789
13.43 1.56564 -0.176723
13.44 1.59201 -0.1797
13.45 1.61878 -0.182721
13.46 1.64593 -0.185786
13.47 1.67349 -0.188896
13.48 1.70145 -0.192052
13.49 1.72981 -0.195254
13.5 1.75859 -0.198502
13.51 1.78779 -0.201798
13.52 1.81738 -0.205138
