0 -0 -0
0.08 -4.18971e-20 2.83249e-23
0.16 -1.51126e-17 2.21294e-20
0.12 -2.6641e-18 3.13358e-21
0.1 -5.40002e-19 5.3379e-22
0.09 -1.71212e-19 1.44522e-22
0.085 -8.66867e-20 6.61334e-23
0.09 -1.72062e-19 1.4713e-22
0.095 -3.29095e-19 3.13499e-22
0.1 -6.0885e-19 6.42586e-22
0.105 -1.0931e-18 1.27182e-21
0.11 -1.90976e-18 2.43855e-21
0.115 -3.25478e-18 4.54223e-21
0.12 -5.42255e-18 8.23962e-21
0.125 -8.84765e-18 1.45876e-20
0.13 -1.41614e-17 2.52537e-20
0.135 -2.22672e-17 4.2822e-20
0.14 -3.44404e-17 7.12297e-20
0.145 -5.24586e-17 1.16384e-19
0.15 -7.87701e-17 1.87021e-19
0.155 -1.1671e-16 2.95887e-19
0.16 -1.70776e-16 4.61347e-19
0.165 -2.46972e-16 7.09555e-19
0.17 -3.53247e-16 1.07735e-18
0.175 -5.00029e-16 1.61607e-18
0.18 -7.00891e-16 2.3966e-18
0.185 -9.73374e-16 3.51588e-18
0.19 -1.33997e-15 5.10535e-18
0.195 -1.82936e-15 7.34178e-18
0.2 -2.47781e-15 1.0461e-17
0.205 -3.33102e-15 1.47755e-17
0.21 -4.4461e-15 2.06961e-17
0.215 -5.89416e-15 2.87597e-17
0.22 -7.76321e-15 3.9663e-17
0.225 -1.01616e-14 5.43053e-17
0.23 -1.32223e-14 7.38399e-17
0.235 -1.71074e-14 9.97383e-17
0.24 -2.20138e-14 1.33868e-16
0.245 -2.81799e-14 1.78585e-16
0.25 -3.5893e-14 2.36853e-16
0.255 -4.54977e-14 3.12375e-16
0.26 -5.74066e-14 4.09762e-16
0.265 -7.2111e-14 5.34728e-16
0.27 -9.01947e-14 6.9433e-16
0.275 -1.12349e-13 8.97241e-16
0.28 -1.39389e-13 1.15409e-15
0.285 -1.72275e-13 1.47783e-15
0.29 -2.12132e-13 1.88423e-15
0.295 -2.60278e-13 2.39239e-15
0.3 -3.18249e-13 3.02538e-15
0.305 -3.87833e-13 3.81096e-15
0.31 -4.71103e-13 4.78244e-15
0.315 -5.70463e-13 5.9797e-15
0.32 -6.88686e-13 7.45029e-15
0.325 -8.28969e-13 9.25078e-15
0.33 -9.94986e-13 1.14483e-14
0.335 -1.19095e-12 1.41222e-14
0.34 -1.4217e-12 1.73662e-14
0.345 -1.69273e-12 2.12906e-14
0.35 -2.01033e-12 2.6025e-14
0.355 -2.38167e-12 3.17212e-14
0.36 -2.81486e-12 3.85564e-14
0.365 -3.31911e-12 4.67376e-14
0.37 -3.90484e-12 5.65056e-14
0.375 -4.58384e-12 6.814e-14
0.38 -5.36938e-12 8.19649e-14
0.385 -6.27643e-12 9.8355e-14
0.39 -7.32178e-12 1.17743e-13
0.395 -8.52433e-12 1.40628e-13
0.4 -9.90522e-12 1.67582e-13
0.405 -1.14881e-11 1.99265e-13
0.41 -1.32995e-11 2.3643e-13
0.415 -1.53688e-11 2.79941e-13
0.42 -1.77291e-11 3.30783e-13
0.425 -2.04168e-11 3.90081e-13
0.43 -2.34728e-11 4.59113e-13
0.435 -2.69421e-11 5.39335e-13
0.44 -3.08749e-11 6.32398e-13
0.445 -3.53266e-11 7.40172e-13
0.45 -4.03586e-11 8.64776e-13
0.455 -4.60385e-11 1.0086e-12
0.46 -5.24413e-11 1.17435e-12
0.465 -5.96493e-11 1.36506e-12
0.47 -6.77531e-11 1.58416e-12
0.475 -7.68527e-11 1.8355e-12
0.48 -8.70577e-11 2.12341e-12
0.485 -9.84884e-11 2.45271e-12
0.49 -1.11277e-10 2.82885e-12
0.495 -1.25567e-10 3.25789e-12
0.5 -1.41518e-10 3.74661e-12
0.505 -1.59302e-10 4.30257e-12
0.51 -1.79109e-10 4.93421e-12
0.515 -2.01143e-10 5.65091e-12
0.52 -2.25631e-10 6.46312e-12
0.525 -2.52816e-10 7.38243e-12
0.53 -2.82966e-10 8.42172e-12
0.535 -3.1637e-10 9.59527e-12
0.54 -3.53343e-10 1.09189e-11
0.545 -3.94227e-10 1.24101e-11
0.55 -4.39392e-10 1.40882e-11
0.555 -4.89241e-10 1.59745e-11
0.56 -5.44209e-10 1.80927e-11
0.565 -6.04769e-10 2.04687e-11
0.57 -6.71428e-10 2.31311e-11
0.575 -7.44739e-10 2.61114e-11
0.58 -8.25296e-10 2.94443e-11
0.585 -9.13742e-10 3.31677e-11
0.59 -1.01077e-09 3.73234e-11
0.595 -1.11712e-09 4.19572e-11
0.6 -1.23361e-09 4.71192e-11
0.605 -1.36109e-09 5.28644e-11
0.61 -1.50051e-09 5.92529e-11
0.615 -1.65285e-09 6.63502e-11
0.62 -1.81919e-09 7.42283e-11
0.625 -2.00069e-09 8.29654e-11
0.63 -2.19858e-09 9.2647e-11
0.635 -2.4142e-09 1.03366e-10
0.64 -2.64896e-09 1.15224e-10
0.645 -2.9044e-09 1.28332e-10
0.65 -3.18213e-09 1.42809e-10
0.655 -3.48391e-09 1.58786e-10
0.66 -3.81159e-09 1.76405e-10
0.665 -4.16719e-09 1.9582e-10
0.67 -4.55282e-09 2.17197e-10
0.675 -4.97075e-09 2.40718e-10
0.68 -5.42342e-09 2.66579e-10
0.685 -5.91341e-09 2.94991e-10
0.69 -6.44347e-09 3.26186e-10
0.695 -7.01655e-09 3.6041e-10
0.7 -7.63577e-09 3.97934e-10
0.705 -8.30446e-09 4.39045e-10
0.71 -9.02616e-09 4.84059e-10
0.715 -9.80463e-09 5.33312e-10
0.72 -1.06439e-08 5.87169e-10
0.725 -1.15481e-08 6.46021e-10
0.73 -1.25219e-08 7.10293e-10
0.735 -1.35701e-08 7.80439e-10
0.74 -1.46976e-08 8.56948e-10
0.745 -1.59099e-08 9.40347e-10
0.75 -1.72127e-08 1.0312e-09
0.755 -1.86121e-08 1.13012e-09
0.76 -2.01144e-08 1.23776e-09
0.765 -2.17264e-08 1.35481e-09
0.77 -2.34553e-08 1.48203e-09
0.775 -2.53087e-08 1.62022e-09
0.78 -2.72947e-08 1.77025e-09
0.785 -2.94216e-08 1.93305e-09
0.79 -3.16984e-08 2.10959e-09
0.795 -3.41347e-08 2.30095e-09
0.8 -3.67403e-08 2.50824e-09
0.805 -3.95259e-08 2.73269e-09
0.81 -4.25024e-08 2.97559e-09
0.815 -4.56817e-08 3.23832e-09
0.82 -4.90761e-08 3.52236e-09
0.825 -5.26986e-08 3.82928e-09
0.83 -5.65629e-08 4.16076e-09
0.835 -6.06835e-08 4.51859e-09
0.84 -6.50754e-08 4.90469e-09
0.845 -6.97548e-08 5.32108e-09
0.85 -7.47383e-08 5.76994e-09
0.855 -8.00437e-08 6.25357e-09
0.86 -8.56896e-08 6.77442e-09
0.865 -9.16954e-08 7.33511e-09
0.87 -9.80817e-08 7.93842e-09
0.875 -1.0487e-07 8.58728e-09
0.88 -1.12083e-07 9.28485e-09
0.885 -1.19744e-07 1.00344e-08
0.89 -1.27878e-07 1.08396e-08
0.895 -1.36512e-07 1.17041e-08
0.9 -1.45672e-07 1.26318e-08
0.905 -1.55387e-07 1.36271e-08
0.91 -1.65688e-07 1.46944e-08
0.915 -1.76605e-07 1.58384e-08
0.92 -1.88173e-07 1.70642e-08
0.925 -2.00424e-07 1.83771e-08
0.93 -2.13395e-07 1.97826e-08
0.935 -2.27125e-07 2.12869e-08
0.94 -2.41652e-07 2.28961e-08
0.945 -2.57018e-07 2.4617e-08
0.95 -2.73266e-07 2.64566e-08
0.955 -2.90441e-07 2.84223e-08
0.96 -3.0859e-07 3.05221e-08
0.965 -3.27763e-07 3.27642e-08
0.97 -3.4801e-07 3.51574e-08
0.975 -3.69387e-07 3.77111e-08
0.98 -3.91947e-07 4.04349e-08
0.985 -4.15751e-07 4.33392e-08
0.99 -4.40858e-07 4.6435e-08
0.995 -4.67333e-07 4.97335e-08
1 -4.95242e-07 5.32471e-08
1.005 -5.24653e-07 5.69883e-08
1.01 -5.5564e-07 6.09706e-08
1.015 -5.88276e-07 6.52082e-08
1.02 -6.2264e-07 6.97159e-08
1.025 -6.58814e-07 7.45093e-08
1.03 -6.96881e-07 7.9605e-08
1.035 -7.3693e-07 8.50203e-08
1.04 -7.79053e-07 9.07734e-08
1.045 -8.23346e-07 9.68834e-08
1.05 -8.69906e-07 1.0337e-07
1.055 -9.18838e-07 1.10256e-07
1.06 -9.70249e-07 1.17561e-07
1.065 -1.02425e-06 1.25311e-07
1.07 -1.08096e-06 1.33529e-07
1.075 -1.14049e-06 1.4224e-07
1.08 -1.20297e-06 1.51473e-07
1.085 -1.26854e-06 1.61255e-07
1.09 -1.33732e-06 1.71615e-07
1.095 -1.40946e-06 1.82586e-07
1.1 -1.48509e-06 1.94199e-07
1.105 -1.56438e-06 2.06489e-07
1.11 -1.64748e-06 2.19492e-07
1.115 -1.73454e-06 2.33244e-07
1.12 -1.82575e-06 2.47786e-07
1.125 -1.92126e-06 2.63159e-07
1.13 -2.02126e-06 2.79405e-07
1.135 -2.12595e-06 2.96569e-07
1.14 -2.2355e-06 3.14699e-07
1.145 -2.35013e-06 3.33844e-07
1.15 -2.47004e-06 3.54056e-07
1.155 -2.59544e-06 3.75388e-07
1.16 -2.72656e-06 3.97896e-07
1.165 -2.86363e-06 4.2164e-07
1.17 -3.00689e-06 4.46681e-07
1.175 -3.15658e-06 4.73083e-07
1.18 -3.31296e-06 5.00914e-07
1.185 -3.47629e-06 5.30242e-07
1.19 -3.64684e-06 5.61142e-07
1.195 -3.8249e-06 5.9369e-07
1.2 -4.01076e-06 6.27965e-07
1.205 -4.20472e-06 6.6405e-07
1.21 -4.40709e-06 7.02032e-07
1.215 -4.61819e-06 7.42002e-07
1.22 -4.83835e-06 7.84052e-07
1.225 -5.06792e-06 8.28283e-07
1.23 -5.30725e-06 8.74794e-07
1.235 -5.55671e-06 9.23694e-07
1.24 -5.81666e-06 9.75094e-07
1.245 -6.08751e-06 1.02911e-06
1.25 -6.36965e-06 1.08586e-06
1.255 -6.6635e-06 1.14547e-06
1.26 -6.96948e-06 1.20807e-06
1.265 -7.28803e-06 1.27379e-06
1.27 -7.61961e-06 1.34279e-06
1.275 -7.96468e-06 1.4152e-06
1.28 -8.32373e-06 1.49118e-06
1.285 -8.69725e-06 1.57088e-06
1.29 -9.08576e-06 1.65447e-06
1.295 -9.48978e-06 1.74213e-06
1.3 -9.90986e-06 1.83403e-06
1.305 -1.03465e-05 1.93036e-06
1.31 -1.08004e-05 2.0313e-06
1.315 -1.12721e-05 2.13707e-06
1.32 -1.17621e-05 2.24786e-06
1.325 -1.22712e-05 2.3639e-06
1.33 -1.27999e-05 2.4854e-06
1.335 -1.3349e-05 2.61261e-06
1.34 -1.39191e-05 2.74575e-06
1.345 -1.45108e-05 2.88508e-06
1.35 -1.51251e-05 3.03087e-06
1.355 -1.57625e-05 3.18338e-06
1.36 -1.64238e-05 3.34288e-06
1.365 -1.71099e-05 3.50968e-06
1.37 -1.78215e-05 3.68406e-06
1.375 -1.85594e-05 3.86635e-06
1.38 -1.93246e-05 4.05685e-06
1.385 -2.01179e-05 4.25592e-06
1.39 -2.09401e-05 4.46389e-06
1.395 -2.17922e-05 4.68112e-06
1.4 -2.26752e-05 4.90798e-06
1.405 -2.359e-05 5.14487e-06
1.41 -2.45376e-05 5.39217e-06
1.415 -2.55191e-05 5.6503e-06
1.42 -2.65354e-05 5.91968e-06
1.425 -2.75877e-05 6.20076e-06
1.43 -2.86771e-05 6.494e-06
1.435 -2.98047e-05 6.79986e-06
1.44 -3.09716e-05 7.11884e-06
1.445 -3.21791e-05 7.45144e-06
1.45 -3.34284e-05 7.79818e-06
1.455 -3.47206e-05 8.15961e-06
1.46 -3.60572e-05 8.53628e-06
1.465 -3.74394e-05 8.92877e-06
1.47 -3.88685e-05 9.33768e-06
1.475 -4.0346e-05 9.76362e-06
1.48 -4.18732e-05 1.02072e-05
1.485 -4.34516e-05 1.06692e-05
1.49 -4.50827e-05 1.11501e-05
1.495 -4.67679e-05 1.16508e-05
1.5 -4.85089e-05 1.21719e-05
1.505 -5.03072e-05 1.27142e-05
1.51 -5.21645e-05 1.32784e-05
1.515 -5.40824e-05 1.38654e-05
1.52 -5.60625e-05 1.44759e-05
1.525 -5.81067e-05 1.51109e-05
1.53 -6.02168e-05 1.57712e-05
1.535 -6.23944e-05 1.64577e-05
1.54 -6.46416e-05 1.71713e-05
1.545 -6.69602e-05 1.7913e-05
1.55 -6.93521e-05 1.86838e-05
1.555 -7.18193e-05 1.94846e-05
1.56 -7.43639e-05 2.03167e-05
1.565 -7.69879e-05 2.11809e-05
1.57 -7.96934e-05 2.20785e-05
1.575 -8.24826e-05 2.30106e-05
1.58 -8.53578e-05 2.39784e-05
1.585 -8.83211e-05 2.49832e-05
1.59 -9.13749e-05 2.6026e-05
1.595 -9.45215e-05 2.71084e-05
1.6 -9.77633e-05 2.82315e-05
1.605 -0.000101103 2.93968e-05
1.61 -0.000104542 3.06056e-05
1.615 -0.000108085 3.18595e-05
1.62 -0.000111733 3.316e-05
1.625 -0.000115488 3.45085e-05
1.63 -0.000119355 3.59066e-05
1.635 -0.000123334 3.7356e-05
1.64 -0.00012743 3.88584e-05
1.645 -0.000131645 4.04155e-05
1.65 -0.000135983 4.2029e-05
1.655 -0.000140445 4.37008e-05
1.66 -0.000145035 4.54327e-05
1.665 -0.000149757 4.72267e-05
1.67 -0.000154612 4.90847e-05
1.675 -0.000159606 5.10088e-05
1.68 -0.00016474 5.30011e-05
1.685 -0.000170018 5.50638e-05
1.69 -0.000175443 5.71989e-05
1.695 -0.00018102 5.94088e-05
1.7 -0.000186751 6.16959e-05
1.705 -0.00019264 6.40624e-05
1.71 -0.000198691 6.65109e-05
1.715 -0.000204908 6.90438e-05
1.72 -0.000211293 7.16639e-05
1.725 -0.000217851 7.43736e-05
1.73 -0.000224587 7.71757e-05
1.735 -0.000231503 8.00731e-05
1.74 -0.000238604 8.30686e-05
1.745 -0.000245894 8.61651e-05
1.75 -0.000253378 8.93656e-05
1.755 -0.000261058 9.26733e-05
1.76 -0.000268941 9.60913e-05
1.765 -0.000277029 9.96228e-05
1.77 -0.000285329 0.000103271
1.775 -0.000293843 0.00010704
1.78 -0.000302576 0.000110933
1.785 -0.000311535 0.000114953
1.79 -0.000320722 0.000119104
1.795 -0.000330143 0.00012339
1.8 -0.000339802 0.000127814
1.805 -0.000349705 0.000132382
1.81 -0.000359857 0.000137096
1.815 -0.000370263 0.000141961
1.82 -0.000380928 0.000146981
1.825 -0.000391857 0.000152161
1.83 -0.000403055 0.000157505
1.835 -0.000414528 0.000163017
1.84 -0.000426282 0.000168702
1.845 -0.000438321 0.000174566
1.85 -0.000450652 0.000180612
1.855 -0.00046328 0.000186846
1.86 -0.000476212 0.000193274
1.865 -0.000489452 0.000199899
1.87 -0.000503006 0.000206729
1.875 -0.000516882 0.000213767
1.88 -0.000531084 0.00022102
1.885 -0.00054562 0.000228494
1.89 -0.000560494 0.000236194
1.895 -0.000575715 0.000244126
1.9 -0.000591287 0.000252297
1.905 -0.000607217 0.000260713
1.91 -0.000623513 0.00026938
1.915 -0.000640179 0.000278305
1.92 -0.000657225 0.000287494
1.925 -0.000674655 0.000296954
1.93 -0.000692477 0.000306693
1.935 -0.000710697 0.000316717
1.94 -0.000729324 0.000327034
1.945 -0.000748363 0.000337651
1.95 -0.000767822 0.000348575
1.955 -0.000787709 0.000359816
1.96 -0.000808029 0.00037138
1.965 -0.000828792 0.000383275
1.97 -0.000850004 0.00039551
1.975 -0.000871672 0.000408094
1.98 -0.000893805 0.000421034
1.985 -0.00091641 0.00043434
1.99 -0.000939494 0.000448021
1.995 -0.000963066 0.000462086
2 -0.000987134 0.000476543
2.005 -0.0010117 0.000491404
2.01 -0.00103679 0.000506676
2.015 -0.00106239 0.000522371
2.02 -0.00108852 0.000538499
2.025 -0.00111518 0.000555069
2.03 -0.00114239 0.000572092
2.035 -0.00117015 0.000589579
2.04 -0.00119847 0.000607541
2.045 -0.00122736 0.000625989
2.05 -0.00125682 0.000644934
2.055 -0.00128688 0.000664388
2.06 -0.00131752 0.000684363
2.065 -0.00134877 0.00070487
2.07 -0.00138063 0.000725922
2.075 -0.00141312 0.000747531
2.08 -0.00144623 0.00076971
2.085 -0.00147998 0.000792472
2.09 -0.00151438 0.000815829
2.095 -0.00154943 0.000839796
2.1 -0.00158515 0.000864386
2.105 -0.00162154 0.000889613
2.11 -0.00165862 0.000915491
2.115 -0.00169638 0.000942034
2.12 -0.00173485 0.000969257
2.125 -0.00177403 0.000997174
2.13 -0.00181393 0.0010258
2.135 -0.00185455 0.00105515
2.14 -0.00189592 0.00108525
2.145 -0.00193803 0.0011161
2.15 -0.0019809 0.00114772
2.155 -0.00202453 0.00118014
2.16 -0.00206894 0.00121336
2.165 -0.00211413 0.0012474
2.17 -0.00216012 0.00128228
2.175 -0.00220691 0.00131803
2.18 -0.00225451 0.00135465
2.185 -0.00230293 0.00139216
2.19 -0.00235218 0.00143059
2.195 -0.00240228 0.00146994
2.2 -0.00245322 0.00151025
2.205 -0.00250502 0.00155153
2.21 -0.00255769 0.0015938
2.215 -0.00261123 0.00163708
2.22 -0.00266566 0.00168139
2.225 -0.00272099 0.00172675
2.23 -0.00277722 0.00177318
2.235 -0.00283436 0.0018207
2.24 -0.00289242 0.00186934
2.245 -0.00295142 0.00191912
2.25 -0.00301136 0.00197005
2.255 -0.00307224 0.00202217
2.26 -0.00313408 0.00207549
2.265 -0.00319689 0.00213004
2.27 -0.00326068 0.00218584
2.275 -0.00332545 0.00224292
2.28 -0.00339121 0.00230129
2.285 -0.00345797 0.00236099
2.29 -0.00352574 0.00242204
2.295 -0.00359453 0.00248446
2.3 -0.00366434 0.00254829
2.305 -0.00373519 0.00261354
2.31 -0.00380708 0.00268024
2.315 -0.00388002 0.00274842
2.32 -0.00395401 0.00281811
2.325 -0.00402907 0.00288933
2.33 -0.0041052 0.00296212
2.335 -0.00418241 0.00303649
2.34 -0.00426071 0.00311248
2.345 -0.0043401 0.00319012
2.35 -0.00442059 0.00326944
2.355 -0.00450218 0.00335047
2.36 -0.00458489 0.00343323
2.365 -0.00466872 0.00351776
2.37 -0.00475368 0.00360409
2.375 -0.00483977 0.00369225
2.38 -0.00492699 0.00378226
2.385 -0.00501536 0.00387418
2.39 -0.00510488 0.00396801
2.395 -0.00519554 0.00406381
2.4 -0.00528737 0.0041616
2.405 -0.00538036 0.00426141
2.41 -0.00547452 0.00436328
2.415 -0.00556985 0.00446725
2.42 -0.00566636 0.00457334
2.425 -0.00576405 0.0046816
2.43 -0.00586291 0.00479206
2.435 -0.00596297 0.00490475
2.44 -0.00606421 0.00501971
2.445 -0.00616665 0.00513698
2.45 -0.00627028 0.0052566
2.455 -0.0063751 0.0053786
2.46 -0.00648112 0.00550302
2.465 -0.00658834 0.00562989
2.47 -0.00669676 0.00575927
2.475 -0.00680638 0.00589118
2.48 -0.0069172 0.00602567
2.485 -0.00702922 0.00616277
2.49 -0.00714244 0.00630253
2.495 -0.00725686 0.00644499
2.5 -0.00737247 0.00659018
2.505 -0.00748929 0.00673816
2.51 -0.00760729 0.00688895
2.515 -0.00772649 0.00704261
2.52 -0.00784688 0.00719917
2.525 -0.00796846 0.00735869
2.53 -0.00809121 0.00752119
2.535 -0.00821515 0.00768673
2.54 -0.00834026 0.00785536
2.545 -0.00846653 0.0080271
2.55 -0.00859397 0.00820202
2.555 -0.00872257 0.00838015
2.56 -0.00885231 0.00856154
2.565 -0.0089832 0.00874623
2.57 -0.00911523 0.00893428
2.575 -0.00924838 0.00912573
2.58 -0.00938265 0.00932063
2.585 -0.00951803 0.00951902
2.59 -0.00965452 0.00972094
2.595 -0.00979209 0.00992646
2.6 -0.00993074 0.0101356
2.605 -0.0100705 0.0103485
2.61 -0.0102112 0.010565
2.615 -0.010353 0.0107854
2.62 -0.0104959 0.0110096
2.625 -0.0106398 0.0112377
2.63 -0.0107846 0.0114697
2.635 -0.0109305 0.0117057
2.64 -0.0110773 0.0119458
2.645 -0.0112251 0.0121899
2.65 -0.0113738 0.0124382
2.655 -0.0115234 0.0126906
2.66 -0.0116739 0.0129473
2.665 -0.0118253 0.0132083
2.67 -0.0119776 0.0134737
2.675 -0.0121307 0.0137434
2.68 -0.0122846 0.0140176
2.685 -0.0124393 0.0142964
2.69 -0.0125948 0.0145796
2.695 -0.0127511 0.0148675
2.7 -0.0129081 0.0151601
2.705 -0.0130657 0.0154574
2.71 -0.0132241 0.0157594
2.715 -0.0133831 0.0160663
2.72 -0.0135427 0.0163781
2.725 -0.0137029 0.0166949
2.73 -0.0138636 0.0170166
2.735 -0.0140249 0.0173434
2.74 -0.0141867 0.0176753
2.745 -0.0143489 0.0180123
2.75 -0.0145116 0.0183546
2.755 -0.0146747 0.0187022
2.76 -0.0148381 0.0190551
2.765 -0.0150019 0.0194134
2.77 -0.015166 0.0197771
2.775 -0.0153303 0.0201463
2.78 -0.0154948 0.0205211
2.785 -0.0156595 0.0209015
2.79 -0.0158244 0.0212876
2.795 -0.0159893 0.0216794
2.8 -0.0161543 0.022077
2.805 -0.0163193 0.0224804
2.81 -0.0164843 0.0228897
2.815 -0.0166491 0.023305
2.82 -0.0168139 0.0237263
2.825 -0.0169785 0.0241537
2.83 -0.0171428 0.0245872
2.835 -0.0173069 0.0250268
2.84 -0.0174706 0.0254727
2.845 -0.017634 0.0259249
2.85 -0.0177969 0.0263835
2.855 -0.0179594 0.0268484
2.86 -0.0181213 0.0273199
2.865 -0.0182826 0.0277978
2.87 -0.0184433 0.0282823
2.875 -0.0186032 0.0287734
2.88 -0.0187624 0.0292712
2.885 -0.0189207 0.0297758
2.89 -0.0190782 0.0302871
2.895 -0.0192347 0.0308053
2.9 -0.0193902 0.0313304
2.905 -0.0195446 0.0318625
2.91 -0.0196978 0.0324015
2.915 -0.0198498 0.0329476
2.92 -0.0200005 0.0335009
2.925 -0.0201499 0.0340612
2.93 -0.0202978 0.0346289
2.935 -0.0204442 0.0352037
2.94 -0.0205891 0.035786
2.945 -0.0207323 0.0363755
2.95 -0.0208737 0.0369725
2.955 -0.0210134 0.037577
2.96 -0.0211511 0.038189
2.965 -0.0212869 0.0388086
2.97 -0.0214207 0.0394358
2.975 -0.0215523 0.0400706
2.98 -0.0216817 0.0407132
2.985 -0.0218088 0.0413636
2.99 -0.0219336 0.0420217
2.995 -0.0220558 0.0426877
3 -0.0221755 0.0433616
3.005 -0.0222926 0.0440435
3.01 -0.0224069 0.0447333
3.015 -0.0225184 0.0454311
3.02 -0.0226269 0.0461371
3.025 -0.0227324 0.0468511
3.03 -0.0228348 0.0475733
3.035 -0.022934 0.0483037
3.04 -0.0230299 0.0490424
3.045 -0.0231224 0.0497893
3.05 -0.0232113 0.0505445
3.055 -0.0232966 0.051308
3.06 -0.0233782 0.05208
3.065 -0.023456 0.0528603
3.07 -0.0235299 0.0536491
3.075 -0.0235997 0.0544464
3.08 -0.0236653 0.0552522
3.085 -0.0237267 0.0560665
3.09 -0.0237837 0.0568894
3.095 -0.0238363 0.0577209
3.1 -0.0238842 0.058561
3.105 -0.0239274 0.0594098
3.11 -0.0239658 0.0602673
3.115 -0.0239993 0.0611335
3.12 -0.0240277 0.0620084
3.125 -0.0240509 0.062892
3.13 -0.0240688 0.0637845
3.135 -0.0240812 0.0646857
3.14 -0.0240881 0.0655957
3.145 -0.0240894 0.0665145
3.15 -0.0240848 0.0674422
3.155 -0.0240743 0.0683787
3.16 -0.0240577 0.0693241
3.165 -0.024035 0.0702784
3.17 -0.0240059 0.0712415
3.175 -0.0239704 0.0722135
3.18 -0.0239283 0.0731945
3.185 -0.0238795 0.0741843
3.19 -0.0238239 0.0751831
3.195 -0.0237612 0.0761907
3.2 -0.0236915 0.0772073
3.205 -0.0236144 0.0782328
3.21 -0.02353 0.0792672
3.215 -0.023438 0.0803105
3.22 -0.0233384 0.0813626
3.225 -0.0232309 0.0824237
3.23 -0.0231155 0.0834937
3.235 -0.0229919 0.0845725
3.24 -0.0228601 0.0856602
3.245 -0.0227199 0.0867567
3.25 -0.0225711 0.087862
3.255 -0.0224137 0.0889762
3.26 -0.0222474 0.0900991
3.265 -0.0220721 0.0912308
3.27 -0.0218876 0.0923712
3.275 -0.0216939 0.0935204
3.28 -0.0214907 0.0946782
3.285 -0.021278 0.0958447
3.29 -0.0210554 0.0970198
3.295 -0.020823 0.0982035
3.3 -0.0205805 0.0993958
3.305 -0.0203278 0.100597
3.31 -0.0200647 0.101806
3.315 -0.0197911 0.103023
3.32 -0.0195068 0.10425
3.325 -0.0192116 0.105484
3.33 -0.0189055 0.106727
3.335 -0.0185881 0.107978
3.34 -0.0182595 0.109237
3.345 -0.0179194 0.110504
3.35 -0.0175676 0.111779
3.355 -0.017204 0.113063
3.36 -0.0168285 0.114354
3.365 -0.0164409 0.115653
3.37 -0.0160409 0.11696
3.375 -0.0156285 0.118275
3.38 -0.0152035 0.119598
3.385 -0.0147657 0.120928
3.39 -0.014315 0.122266
3.395 -0.0138512 0.123611
3.4 -0.0133741 0.124963
3.405 -0.0128835 0.126323
3.41 -0.0123794 0.12769
3.415 -0.0118616 0.129064
3.42 -0.0113298 0.130445
3.425 -0.0107839 0.131833
3.43 -0.0102238 0.133228
3.435 -0.00964923 0.13463
3.44 -0.00906012 0.136038
3.445 -0.00845627 0.137453
3.45 -0.00783753 0.138875
3.455 -0.00720371 0.140302
3.46 -0.00655468 0.141736
3.465 -0.00589025 0.143176
3.47 -0.00521028 0.144622
3.475 -0.00451459 0.146074
3.48 -0.00380303 0.147531
3.485 -0.00307544 0.148995
3.49 -0.00233165 0.150463
3.495 -0.0015715 0.151938
3.5 -0.000794847 0.153417
3.505 -1.51961e-06 0.154901
3.51 0.000808638 0.156391
3.515 0.00163578 0.157885
3.52 0.00248007 0.159384
3.525 0.00334166 0.160887
3.53 0.0042207 0.162395
3.535 0.00511735 0.163907
3.54 0.00603176 0.165424
3.545 0.00696408 0.166944
3.55 0.00791447 0.168468
3.555 0.00888307 0.169995
3.56 0.00987004 0.171526
3.565 0.0108755 0.173061
3.57 0.0118997 0.174598
3.575 0.0129426 0.176139
3.58 0.0140045 0.177682
3.585 0.0150855 0.179228
3.59 0.0161857 0.180776
3.595 0.0173053 0.182327
3.6 0.0184444 0.183879
3.605 0.0196032 0.185434
3.61 0.0207817 0.18699
3.615 0.0219802 0.188547
3.62 0.0231987 0.190106
3.625 0.0244375 0.191666
3.63 0.0256965 0.193227
3.635 0.026976 0.194789
3.64 0.028276 0.196351
3.645 0.0295968 0.197914
3.65 0.0309383 0.199476
3.655 0.0323008 0.201039
3.66 0.0336844 0.202601
3.665 0.0350892 0.204162
3.67 0.0365152 0.205723
3.675 0.0379626 0.207283
3.68 0.0394316 0.208841
3.685 0.0409221 0.210399
3.69 0.0424344 0.211954
3.695 0.0439686 0.213507
3.7 0.0455246 0.215059
3.705 0.0471027 0.216608
3.71 0.048703 0.218154
3.715 0.0503254 0.219698
3.72 0.0519702 0.221238
3.725 0.0536374 0.222776
3.73 0.055327 0.224309
3.735 0.0570393 0.225839
3.74 0.0587742 0.227365
3.745 0.0605318 0.228886
3.75 0.0623123 0.230403
3.755 0.0641157 0.231915
3.76 0.065942 0.233421
3.765 0.0677913 0.234923
3.77 0.0696637 0.236419
3.775 0.0715593 0.237909
3.78 0.0734781 0.239393
3.785 0.0754202 0.24087
3.79 0.0773856 0.242341
3.795 0.0793744 0.243804
3.8 0.0813866 0.245261
3.805 0.0834223 0.24671
3.81 0.0854814 0.248151
3.815 0.0875642 0.249584
3.82 0.0896705 0.251009
3.825 0.0918004 0.252426
3.83 0.0939539 0.253833
3.835 0.0961311 0.255231
3.84 0.098332 0.25662
3.845 0.100557 0.257999
3.85 0.102805 0.259368
3.855 0.105077 0.260726
3.86 0.107373 0.262074
3.865 0.109692 0.263411
3.87 0.112035 0.264737
3.875 0.114402 0.266052
3.88 0.116793 0.267354
3.885 0.119208 0.268645
3.89 0.121646 0.269923
3.895 0.124107 0.271189
3.9 0.126593 0.272441
3.905 0.129102 0.27368
3.91 0.131635 0.274906
3.915 0.134191 0.276118
3.92 0.136771 0.277316
3.925 0.139374 0.278499
3.93 0.142001 0.279667
3.935 0.144651 0.280821
3.94 0.147324 0.281959
3.945 0.150021 0.283081
3.95 0.152741 0.284188
3.955 0.155484 0.285278
3.96 0.158251 0.286352
3.965 0.16104 0.287409
3.97 0.163852 0.288448
3.975 0.166687 0.28947
3.98 0.169545 0.290475
3.985 0.172426 0.291461
3.99 0.175329 0.292429
3.995 0.178254 0.293378
4 0.181203 0.294309
4.005 0.184173 0.29522
4.01 0.187165 0.296111
4.015 0.19018 0.296983
4.02 0.193217 0.297834
4.025 0.196275 0.298665
4.03 0.199355 0.299475
4.035 0.202457 0.300264
4.04 0.20558 0.301032
4.045 0.208725 0.301778
4.05 0.21189 0.302502
4.055 0.215077 0.303204
4.06 0.218284 0.303883
4.065 0.221513 0.30454
4.07 0.224761 0.305173
4.075 0.228031 0.305783
4.08 0.23132 0.30637
4.085 0.23463 0.306932
4.09 0.237959 0.30747
4.095 0.241308 0.307984
4.1 0.244677 0.308473
4.105 0.248065 0.308936
4.11 0.251472 0.309375
4.115 0.254898 0.309787
4.12 0.258342 0.310174
4.125 0.261806 0.310534
4.13 0.265287 0.310868
4.135 0.268787 0.311176
4.14 0.272305 0.311456
4.145 0.27584 0.311709
4.15 0.279393 0.311935
4.155 0.282963 0.312132
4.16 0.28655 0.312302
4.165 0.290154 0.312443
4.17 0.293775 0.312556
4.175 0.297412 0.31264
4.18 0.301064 0.312695
4.185 0.304733 0.312721
4.19 0.308417 0.312717
4.195 0.312117 0.312683
4.2 0.315831 0.31262
4.205 0.31956 0.312526
4.21 0.323304 0.312401
4.215 0.327062 0.312246
4.22 0.330834 0.31206
4.225 0.33462 0.311843
4.23 0.338419 0.311594
4.235 0.342231 0.311314
4.24 0.346056 0.311002
4.245 0.349894 0.310658
4.25 0.353744 0.310282
4.255 0.357605 0.309873
4.26 0.361479 0.309432
4.265 0.365363 0.308958
4.27 0.369259 0.30845
4.275 0.373166 0.30791
4.28 0.377083 0.307336
4.285 0.38101 0.306729
4.29 0.384946 0.306088
4.295 0.388892 0.305413
4.3 0.392848 0.304704
4.305 0.396812 0.30396
4.31 0.400785 0.303182
4.315 0.404765 0.30237
4.32 0.408754 0.301523
4.325 0.41275 0.30064
4.33 0.416753 0.299723
4.335 0.420763 0.298771
4.34 0.424779 0.297783
4.345 0.428801 0.29676
4.35 0.43283 0.295701
4.355 0.436863 0.294606
4.36 0.440902 0.293476
4.365 0.444945 0.292309
4.37 0.448992 0.291107
4.375 0.453044 0.289868
4.38 0.457099 0.288593
4.385 0.461157 0.287281
4.39 0.465218 0.285933
4.395 0.469281 0.284549
4.4 0.473347 0.283127
4.405 0.477414 0.281669
4.41 0.481483 0.280174
4.415 0.485553 0.278642
4.42 0.489623 0.277073
4.425 0.493693 0.275467
4.43 0.497764 0.273824
4.435 0.501834 0.272143
4.44 0.505903 0.270425
4.445 0.50997 0.26867
4.45 0.514036 0.266878
4.455 0.5181 0.265048
4.46 0.522161 0.263181
4.465 0.52622 0.261276
4.47 0.530275 0.259334
4.475 0.534326 0.257354
4.48 0.538374 0.255337
4.485 0.542417 0.253282
4.49 0.546455 0.251189
4.495 0.550488 0.249059
4.5 0.554516 0.246892
4.505 0.558537 0.244687
4.51 0.562553 0.242444
4.515 0.566561 0.240164
4.52 0.570562 0.237846
4.525 0.574556 0.235491
4.53 0.578541 0.233099
4.535 0.582519 0.230669
4.54 0.586487 0.228202
4.545 0.590447 0.225697
4.55 0.594397 0.223155
4.555 0.598336 0.220576
4.56 0.602266 0.21796
4.565 0.606185 0.215307
4.57 0.610093 0.212617
4.575 0.613989 0.209889
4.58 0.617873 0.207125
4.585 0.621745 0.204324
4.59 0.625604 0.201487
4.595 0.629451 0.198613
4.6 0.633283 0.195702
4.605 0.637102 0.192755
4.61 0.640907 0.189771
4.615 0.644697 0.186752
4.62 0.648471 0.183696
4.625 0.652231 0.180604
4.63 0.655975 0.177477
4.635 0.659702 0.174313
4.64 0.663413 0.171114
4.645 0.667107 0.16788
4.65 0.670783 0.16461
4.655 0.674442 0.161306
4.66 0.678083 0.157966
4.665 0.681705 0.154591
4.67 0.685308 0.151181
4.675 0.688893 0.147737
4.68 0.692457 0.144259
4.685 0.696002 0.140746
4.69 0.699526 0.1372
4.695 0.703029 0.133619
4.7 0.706512 0.130005
4.705 0.709973 0.126357
4.71 0.713412 0.122676
4.715 0.716829 0.118961
4.72 0.720223 0.115214
4.725 0.723594 0.111434
4.73 0.726943 0.107622
4.735 0.730267 0.103777
4.74 0.733568 0.0999001
4.745 0.736844 0.0959913
4.75 0.740096 0.0920509
4.755 0.743323 0.0880789
4.76 0.746524 0.0840758
4.765 0.7497 0.0800416
4.77 0.752849 0.0759767
4.775 0.755973 0.0718812
4.78 0.759069 0.0677555
4.785 0.762139 0.0635997
4.79 0.765181 0.0594141
4.795 0.768195 0.055199
4.8 0.771182 0.0509546
4.805 0.77414 0.0466811
4.81 0.777069 0.0423789
4.815 0.77997 0.0380481
4.82 0.782841 0.0336891
4.825 0.785683 0.0293021
4.83 0.788494 0.0248874
4.835 0.791276 0.0204453
4.84 0.794027 0.015976
4.845 0.796747 0.0114798
4.85 0.799436 0.00695702
4.855 0.802094 0.00240795
4.86 0.80472 -0.00216715
4.865 0.807314 -0.00676797
4.87 0.809875 -0.0113942
4.875 0.812405 -0.0160456
4.88 0.814901 -0.0207219
4.885 0.817364 -0.0254226
4.89 0.819794 -0.0301476
4.895 0.82219 -0.0348966
4.9 0.824552 -0.0396691
4.905 0.82688 -0.044465
4.91 0.829173 -0.0492838
4.915 0.831432 -0.0541253
4.92 0.833656 -0.0589892
4.925 0.835844 -0.0638751
4.93 0.837997 -0.0687828
4.935 0.840114 -0.0737118
4.94 0.842195 -0.0786619
4.945 0.84424 -0.0836328
4.95 0.846249 -0.0886241
4.955 0.848221 -0.0936354
4.96 0.850155 -0.0986665
4.965 0.852053 -0.103717
4.97 0.853913 -0.108787
4.975 0.855736 -0.113875
4.98 0.857521 -0.118982
4.985 0.859267 -0.124106
4.99 0.860976 -0.129249
4.995 0.862645 -0.134409
5 0.864277 -0.139586
5.005 0.865869 -0.144779
5.01 0.867422 -0.149989
5.015 0.868936 -0.155215
5.02 0.87041 -0.160456
5.025 0.871845 -0.165713
5.03 0.873239 -0.170985
5.035 0.874594 -0.176271
5.04 0.875908 -0.181572
5.045 0.877182 -0.186886
5.05 0.878415 -0.192214
5.055 0.879608 -0.197555
5.06 0.880759 -0.202909
5.065 0.88187 -0.208275
5.07 0.882939 -0.213653
5.075 0.883966 -0.219043
5.08 0.884952 -0.224444
5.085 0.885896 -0.229857
5.09 0.886798 -0.235279
5.095 0.887659 -0.240713
5.1 0.888476 -0.246156
5.105 0.889252 -0.251608
5.11 0.889985 -0.25707
5.115 0.890675 -0.26254
5.12 0.891322 -0.268019
5.125 0.891927 -0.273506
5.13 0.892488 -0.279001
5.135 0.893006 -0.284502
5.14 0.893481 -0.290011
5.145 0.893913 -0.295527
5.15 0.894301 -0.301048
5.155 0.894645 -0.306576
5.16 0.894945 -0.312109
5.165 0.895202 -0.317647
5.17 0.895414 -0.323189
5.175 0.895583 -0.328737
5.18 0.895707 -0.334288
5.185 0.895787 -0.339842
5.19 0.895823 -0.3454
5.195 0.895814 -0.350961
5.2 0.89576 -0.356525
5.205 0.895662 -0.36209
5.21 0.895519 -0.367657
5.215 0.895331 -0.373226
5.22 0.895098 -0.378796
5.225 0.89482 -0.384366
5.23 0.894497 -0.389937
5.235 0.894129 -0.395507
5.24 0.893716 -0.401077
5.245 0.893257 -0.406647
5.25 0.892753 -0.412215
5.255 0.892204 -0.417782
5.26 0.891609 -0.423346
5.265 0.890969 -0.428909
5.27 0.890283 -0.434469
5.275 0.889552 -0.440026
5.28 0.888774 -0.445579
5.285 0.887951 -0.451129
5.29 0.887083 -0.456674
5.295 0.886168 -0.462216
5.3 0.885208 -0.467752
5.305 0.884201 -0.473283
5.31 0.883149 -0.478809
5.315 0.882051 -0.484328
5.32 0.880907 -0.489842
5.325 0.879717 -0.495349
5.33 0.878481 -0.500849
5.335 0.877198 -0.506341
5.34 0.87587 -0.511826
5.345 0.874495 -0.517303
5.35 0.873075 -0.522771
5.355 0.871608 -0.528231
5.36 0.870095 -0.533681
5.365 0.868536 -0.539122
5.37 0.866931 -0.544553
5.375 0.865279 -0.549974
5.38 0.863582 -0.555385
5.385 0.861838 -0.560784
5.39 0.860048 -0.566173
5.395 0.858212 -0.57155
5.4 0.856329 -0.576914
5.405 0.854401 -0.582267
5.41 0.852426 -0.587607
5.415 0.850405 -0.592934
5.42 0.848338 -0.598248
5.425 0.846225 -0.603548
5.43 0.844066 -0.608834
5.435 0.841861 -0.614106
5.44 0.839609 -0.619363
5.445 0.837312 -0.624605
5.45 0.834968 -0.629832
5.455 0.832579 -0.635043
5.46 0.830143 -0.640238
5.465 0.827662 -0.645417
5.47 0.825134 -0.650579
5.475 0.822561 -0.655724
5.48 0.819942 -0.660851
5.485 0.817277 -0.665961
5.49 0.814566 -0.671053
5.495 0.81181 -0.676127
5.5 0.809008 -0.681181
5.505 0.80616 -0.686217
5.51 0.803267 -0.691234
5.515 0.800328 -0.696231
5.52 0.797343 -0.701208
5.525 0.794313 -0.706164
5.53 0.791238 -0.7111
5.535 0.788117 -0.716015
5.54 0.784951 -0.720909
5.545 0.78174 -0.725781
5.55 0.778483 -0.730632
5.555 0.775182 -0.73546
5.56 0.771835 -0.740266
5.565 0.768443 -0.745048
5.57 0.765007 -0.749808
5.575 0.761525 -0.754544
5.58 0.757999 -0.759256
5.585 0.754428 -0.763945
5.59 0.750812 -0.768608
5.595 0.747152 -0.773248
5.6 0.743447 -0.777862
5.605 0.739697 -0.782451
5.61 0.735903 -0.787014
5.615 0.732065 -0.791551
5.62 0.728183 -0.796062
5.625 0.724257 -0.800547
5.63 0.720286 -0.805004
5.635 0.716272 -0.809435
5.64 0.712214 -0.813838
5.645 0.708111 -0.818214
5.65 0.703966 -0.822561
5.655 0.699776 -0.82688
5.66 0.695543 -0.831171
5.665 0.691267 -0.835432
5.67 0.686947 -0.839665
5.675 0.682584 -0.843868
5.68 0.678178 -0.848041
5.685 0.673729 -0.852184
5.69 0.669237 -0.856297
5.695 0.664702 -0.860379
5.7 0.660124 -0.864431
5.705 0.655503 -0.868451
5.71 0.650841 -0.872439
5.715 0.646135 -0.876396
5.72 0.641388 -0.880321
5.725 0.636598 -0.884214
5.73 0.631766 -0.888074
5.735 0.626892 -0.891901
5.74 0.621976 -0.895695
5.745 0.617019 -0.899456
5.75 0.612019 -0.903183
5.755 0.606979 -0.906876
5.76 0.601897 -0.910535
5.765 0.596773 -0.914159
5.77 0.591609 -0.917749
5.775 0.586403 -0.921303
5.78 0.581157 -0.924823
5.785 0.57587 -0.928306
5.79 0.570542 -0.931754
5.795 0.565174 -0.935166
5.8 0.559765 -0.938542
5.805 0.554316 -0.941881
5.81 0.548827 -0.945183
5.815 0.543298 -0.948448
5.82 0.53773 -0.951675
5.825 0.532121 -0.954866
5.83 0.526473 -0.958018
5.835 0.520786 -0.961132
5.84 0.515059 -0.964208
5.845 0.509294 -0.967245
5.85 0.503489 -0.970243
5.855 0.497645 -0.973202
5.86 0.491763 -0.976122
5.865 0.485843 -0.979002
5.87 0.479884 -0.981842
5.875 0.473886 -0.984642
5.88 0.467851 -0.987402
5.885 0.461778 -0.990122
5.89 0.455667 -0.9928
5.895 0.449519 -0.995438
5.9 0.443333 -0.998034
5.905 0.43711 -1.00059
5.91 0.43085 -1.0031
5.915 0.424553 -1.00557
5.92 0.418219 -1.008
5.925 0.411849 -1.01039
5.93 0.405442 -1.01273
5.935 0.398999 -1.01503
5.94 0.392521 -1.01729
5.945 0.386006 -1.0195
5.95 0.379456 -1.02168
5.955 0.37287 -1.0238
5.96 0.366249 -1.02589
5.965 0.359592 -1.02792
5.97 0.352901 -1.02992
5.975 0.346175 -1.03187
5.98 0.339415 -1.03377
5.985 0.33262 -1.03563
5.99 0.325791 -1.03745
5.995 0.318928 -1.03922
6 0.312031 -1.04094
6.005 0.305101 -1.04262
6.01 0.298137 -1.04425
6.015 0.29114 -1.04583
6.02 0.28411 -1.04737
6.025 0.277047 -1.04886
6.03 0.269952 -1.05031
6.035 0.262825 -1.05171
6.04 0.255665 -1.05306
6.045 0.248474 -1.05436
6.05 0.24125 -1.05561
6.055 0.233996 -1.05682
6.06 0.22671 -1.05798
6.065 0.219392 -1.05909
6.07 0.212045 -1.06015
6.075 0.204666 -1.06117
6.08 0.197257 -1.06213
6.085 0.189818 -1.06305
6.09 0.182349 -1.06391
6.095 0.174851 -1.06473
6.1 0.167323 -1.0655
6.105 0.159765 -1.06622
6.11 0.152179 -1.06688
6.115 0.144564 -1.0675
6.12 0.136921 -1.06807
6.125 0.129249 -1.06859
6.13 0.121549 -1.06905
6.135 0.113822 -1.06947
6.14 0.106067 -1.06983
6.145 0.0982848 -1.07015
6.15 0.0904756 -1.07041
6.155 0.0826397 -1.07062
6.16 0.0747773 -1.07078
6.165 0.0668886 -1.07089
6.17 0.058974 -1.07094
6.175 0.0510337 -1.07095
6.18 0.043068 -1.0709
6.185 0.0350771 -1.0708
6.19 0.0270613 -1.07064
6.195 0.0190209 -1.07044
6.2 0.0109562 -1.07018
6.205 0.00286736 -1.06987
6.21 -0.00524524 -1.0695
6.215 -0.0133814 -1.06908
6.22 -0.0215407 -1.06861
6.225 -0.029723 -1.06809
6.23 -0.0379279 -1.06751
6.235 -0.0461552 -1.06688
6.24 -0.0544046 -1.06619
6.245 -0.0626758 -1.06545
6.25 -0.0709684 -1.06466
6.255 -0.0792823 -1.06381
6.26 -0.087617 -1.06291
6.265 -0.0959723 -1.06195
6.27 -0.104348 -1.06094
6.275 -0.112743 -1.05987
6.28 -0.121159 -1.05875
6.285 -0.129593 -1.05757
6.29 -0.138047 -1.05634
6.295 -0.146519 -1.05506
6.3 -0.15501 -1.05372
6.305 -0.163519 -1.05232
6.31 -0.172046 -1.05087
6.315 -0.18059 -1.04936
6.32 -0.189151 -1.0478
6.325 -0.197729 -1.04618
6.33 -0.206323 -1.0445
6.335 -0.214934 -1.04277
6.34 -0.22356 -1.04099
6.345 -0.232202 -1.03914
6.35 -0.240859 -1.03725
6.355 -0.249531 -1.03529
6.36 -0.258217 -1.03328
6.365 -0.266918 -1.03121
6.37 -0.275632 -1.02909
6.375 -0.284359 -1.02691
6.38 -0.2931 -1.02467
6.385 -0.301853 -1.02238
6.39 -0.310619 -1.02003
6.395 -0.319396 -1.01762
6.4 -0.328185 -1.01516
6.405 -0.336986 -1.01264
6.41 -0.345797 -1.01006
6.415 -0.354619 -1.00743
6.42 -0.363451 -1.00474
6.425 -0.372292 -1.00199
6.43 -0.381144 -0.999183
6.435 -0.390004 -0.996321
6.44 -0.398873 -0.993402
6.445 -0.40775 -0.990426
6.45 -0.416635 -0.987392
6.455 -0.425527 -0.984302
6.46 -0.434427 -0.981154
6.465 -0.443333 -0.977949
6.47 -0.452246 -0.974686
6.475 -0.461165 -0.971367
6.48 -0.470089 -0.96799
6.485 -0.479019 -0.964556
6.49 -0.487953 -0.961064
6.495 -0.496891 -0.957516
6.5 -0.505834 -0.95391
6.505 -0.51478 -0.950247
6.51 -0.523729 -0.946526
6.515 -0.532681 -0.942749
6.52 -0.541635 -0.938914
6.525 -0.550591 -0.935021
6.53 -0.559549 -0.931072
6.535 -0.568508 -0.927066
6.54 -0.577467 -0.923002
6.545 -0.586427 -0.918881
6.55 -0.595386 -0.914703
6.555 -0.604345 -0.910468
6.56 -0.613303 -0.906176
6.565 -0.622259 -0.901827
6.57 -0.631214 -0.897421
6.575 -0.640166 -0.892958
6.58 -0.649115 -0.888438
6.585 -0.658061 -0.883862
6.59 -0.667004 -0.879229
6.595 -0.675943 -0.874539
6.6 -0.684876 -0.869792
6.605 -0.693805 -0.864989
6.61 -0.702729 -0.86013
6.615 -0.711647 -0.855214
6.62 -0.720558 -0.850242
6.625 -0.729463 -0.845213
6.63 -0.73836 -0.840128
6.635 -0.74725 -0.834988
6.64 -0.756132 -0.829791
6.645 -0.765005 -0.824538
6.65 -0.773869 -0.81923
6.655 -0.782723 -0.813866
6.66 -0.791568 -0.808446
6.665 -0.800402 -0.802971
6.67 -0.809225 -0.79744
6.675 -0.818037 -0.791855
6.68 -0.826837 -0.786214
6.685 -0.835625 -0.780518
6.69 -0.8444 -0.774767
6.695 -0.853161 -0.768961
6.7 -0.861909 -0.763101
6.705 -0.870643 -0.757186
6.71 -0.879362 -0.751217
6.715 -0.888066 -0.745193
6.72 -0.896754 -0.739116
6.725 -0.905427 -0.732985
6.73 -0.914082 -0.726799
6.735 -0.92272 -0.720561
6.74 -0.931341 -0.714268
6.745 -0.939944 -0.707923
6.75 -0.948528 -0.701524
6.755 -0.957093 -0.695072
6.76 -0.965639 -0.688568
6.765 -0.974165 -0.682011
6.77 -0.98267 -0.675402
6.775 -0.991154 -0.66874
6.78 -0.999616 -0.662026
6.785 -1.00806 -0.65526
6.79 -1.01647 -0.648443
6.795 -1.02487 -0.641575
6.8 -1.03324 -0.634655
6.805 -1.04159 -0.627684
6.81 -1.04991 -0.620662
6.815 -1.05821 -0.613589
6.82 -1.06648 -0.606466
6.825 -1.07473 -0.599293
6.83 -1.08295 -0.592071
6.835 -1.09114 -0.584798
6.84 -1.0993 -0.577476
6.845 -1.10744 -0.570104
6.85 -1.11555 -0.562684
6.855 -1.12363 -0.555215
6.86 -1.13168 -0.547697
6.865 -1.1397 -0.540131
6.87 -1.14769 -0.532517
6.875 -1.15565 -0.524856
6.88 -1.16357 -0.517147
6.885 -1.17147 -0.50939
6.89 -1.17933 -0.501587
6.895 -1.18715 -0.493737
6.9 -1.19495 -0.485841
6.905 -1.20271 -0.477899
6.91 -1.21043 -0.469911
6.915 -1.21812 -0.461877
6.92 -1.22578 -0.453798
6.925 -1.2334 -0.445675
6.93 -1.24098 -0.437506
6.935 -1.24852 -0.429294
6.94 -1.25603 -0.421037
6.945 -1.2635 -0.412737
6.95 -1.27092 -0.404393
6.955 -1.27831 -0.396007
6.96 -1.28566 -0.387577
6.965 -1.29297 -0.379106
6.97 -1.30024 -0.370592
6.975 -1.30747 -0.362037
6.98 -1.31465 -0.35344
6.985 -1.32179 -0.344802
6.99 -1.32889 -0.336124
6.995 -1.33595 -0.327405
7 -1.34296 -0.318646
7.005 -1.34993 -0.309848
7.01 -1.35685 -0.301011
7.015 -1.36372 -0.292134
7.02 -1.37055 -0.28322
7.025 -1.37734 -0.274267
7.03 -1.38407 -0.265276
7.035 -1.39076 -0.256248
7.04 -1.3974 -0.247183
7.045 -1.404 -0.238082
7.05 -1.41054 -0.228945
7.055 -1.41703 -0.219771
7.06 -1.42347 -0.210563
7.065 -1.42987 -0.201319
7.07 -1.43621 -0.192041
7.075 -1.44249 -0.182729
7.08 -1.44873 -0.173383
7.085 -1.45492 -0.164003
7.09 -1.46105 -0.154591
7.095 -1.46712 -0.145147
7.1 -1.47315 -0.13567
7.105 -1.47911 -0.126162
7.11 -1.48503 -0.116623
7.115 -1.49088 -0.107053
7.12 -1.49668 -0.0974532
7.125 -1.50243 -0.0878234
7.13 -1.50811 -0.0781642
7.135 -1.51374 -0.0684762
7.14 -1.51931 -0.0587598
7.145 -1.52482 -0.0490155
7.15 -1.53028 -0.0392437
7.155 -1.53567 -0.0294449
7.16 -1.541 -0.0196196
7.165 -1.54627 -0.00976828
7.17 -1.55148 0.000108599
7.175 -1.55663 0.0100105
7.18 -1.56172 0.019937
7.185 -1.56674 0.0298876
7.19 -1.5717 0.0398618
7.195 -1.5766 0.0498591
7.2 -1.58143 0.0598789
7.205 -1.5862 0.0699208
7.21 -1.59091 0.0799843
7.215 -1.59554 0.0900688
7.22 -1.60012 0.100174
7.225 -1.60462 0.110299
7.23 -1.60906 0.120443
7.235 -1.61343 0.130607
7.24 -1.61774 0.140789
7.245 -1.62197 0.150989
7.25 -1.62614 0.161206
7.255 -1.63024 0.17144
7.26 -1.63427 0.18169
7.265 -1.63823 0.191956
7.27 -1.64212 0.202237
7.275 -1.64593 0.212533
7.28 -1.64968 0.222843
7.285 -1.65335 0.233166
7.29 -1.65696 0.243503
7.295 -1.66048 0.253852
7.3 -1.66394 0.264212
7.305 -1.66732 0.274584
7.31 -1.67063 0.284967
7.315 -1.67387 0.295359
7.32 -1.67703 0.305761
7.325 -1.68011 0.316173
7.33 -1.68312 0.326592
7.335 -1.68606 0.337019
7.34 -1.68891 0.347454
7.345 -1.69169 0.357895
7.35 -1.6944 0.368342
7.355 -1.69702 0.378794
7.36 -1.69957 0.389252
7.365 -1.70204 0.399713
7.37 -1.70443 0.410178
7.375 -1.70674 0.420646
7.38 -1.70898 0.431117
7.385 -1.71113 0.441589
7.39 -1.7132 0.452063
7.395 -1.7152 0.462537
7.4 -1.71711 0.473011
7.405 -1.71894 0.483484
7.41 -1.72069 0.493956
7.415 -1.72235 0.504426
7.42 -1.72394 0.514893
7.425 -1.72544 0.525357
7.43 -1.72686 0.535818
7.435 -1.72819 0.546273
7.44 -1.72944 0.556724
7.445 -1.73061 0.567169
7.45 -1.7317 0.577608
7.455 -1.7327 0.588039
7.46 -1.73361 0.598463
7.465 -1.73444 0.608879
7.47 -1.73518 0.619286
7.475 -1.73584 0.629683
7.48 -1.73641 0.64007
7.485 -1.7369 0.650446
7.49 -1.7373 0.66081
7.495 -1.73761 0.671162
7.5 -1.73783 0.681501
7.505 -1.73797 0.691827
7.51 -1.73802 0.702139
7.515 -1.73798 0.712435
7.52 -1.73785 0.722716
7.525 -1.73764 0.732981
7.53 -1.73733 0.743229
7.535 -1.73694 0.75346
7.54 -1.73646 0.763672
7.545 -1.73589 0.773866
7.55 -1.73523 0.78404
7.555 -1.73447 0.794194
7.56 -1.73363 0.804327
7.565 -1.7327 0.814438
7.57 -1.73168 0.824527
7.575 -1.73056 0.834594
7.58 -1.72936 0.844636
7.585 -1.72806 0.854655
7.59 -1.72668 0.864648
7.595 -1.7252 0.874616
7.6 -1.72363 0.884558
7.605 -1.72197 0.894473
7.61 -1.72021 0.90436
7.615 -1.71837 0.914219
7.62 -1.71643 0.924048
7.625 -1.7144 0.933849
7.63 -1.71227 0.943618
7.635 -1.71006 0.953357
7.64 -1.70775 0.963064
7.645 -1.70535 0.972738
7.65 -1.70285 0.98238
7.655 -1.70026 0.991988
7.66 -1.69758 1.00156
7.665 -1.6948 1.0111
7.67 -1.69193 1.0206
7.675 -1.68897 1.03007
7.68 -1.68591 1.0395
7.685 -1.68276 1.04889
7.69 -1.67952 1.05824
7.695 -1.67618 1.06755
7.7 -1.67275 1.07682
7.705 -1.66922 1.08606
7.71 -1.6656 1.09525
7.715 -1.66189 1.1044
7.72 -1.65808 1.1135
7.725 -1.65417 1.12257
7.73 -1.65017 1.13158
7.735 -1.64608 1.14056
7.74 -1.6419 1.14949
7.745 -1.63761 1.15837
7.75 -1.63324 1.16721
7.755 -1.62877 1.176
7.76 -1.62421 1.18474
7.765 -1.61955 1.19343
7.77 -1.6148 1.20207
7.775 -1.60995 1.21067
7.78 -1.60501 1.21921
7.785 -1.59997 1.2277
7.79 -1.59484 1.23614
7.795 -1.58962 1.24452
7.8 -1.5843 1.25285
7.805 -1.57889 1.26113
7.81 -1.57339 1.26936
7.815 -1.56779 1.27752
7.82 -1.5621 1.28564
7.825 -1.55631 1.29369
7.83 -1.55043 1.30169
7.835 -1.54446 1.30963
7.84 -1.53839 1.31751
7.845 -1.53223 1.32533
7.85 -1.52598 1.33309
7.855 -1.51963 1.3408
7.86 -1.5132 1.34844
7.865 -1.50667 1.35602
7.87 -1.50004 1.36353
7.875 -1.49333 1.37098
7.88 -1.48652 1.37837
7.885 -1.47962 1.3857
7.89 -1.47263 1.39296
7.895 -1.46555 1.40015
7.9 -1.45838 1.40728
7.905 -1.45111 1.41434
7.91 -1.44376 1.42133
7.915 -1.43631 1.42826
7.92 -1.42877 1.43511
7.925 -1.42115 1.4419
7.93 -1.41343 1.44862
7.935 -1.40562 1.45526
7.94 -1.39773 1.46184
7.945 -1.38974 1.46834
7.95 -1.38167 1.47477
7.955 -1.37351 1.48113
7.96 -1.36525 1.48741
7.965 -1.35692 1.49362
7.97 -1.34849 1.49976
7.975 -1.33997 1.50582
7.98 -1.33137 1.5118
7.985 -1.32268 1.51771
7.99 -1.31391 1.52354
7.995 -1.30505 1.52929
8 -1.2961 1.53497
8.005 -1.28707 1.54057
8.01 -1.27795 1.54608
8.015 -1.26875 1.55152
8.02 -1.25946 1.55688
8.025 -1.25009 1.56215
8.03 -1.24063 1.56735
8.035 -1.23109 1.57246
8.04 -1.22147 1.57749
8.045 -1.21177 1.58244
8.05 -1.20198 1.5873
8.055 -1.19211 1.59208
8.06 -1.18216 1.59677
8.065 -1.17213 1.60138
8.07 -1.16202 1.60591
8.075 -1.15183 1.61035
8.08 -1.14156 1.6147
8.085 -1.13121 1.61896
8.09 -1.12079 1.62314
8.095 -1.11028 1.62723
8.1 -1.0997 1.63123
8.105 -1.08904 1.63514
8.11 -1.0783 1.63896
8.115 -1.06749 1.64269
8.12 -1.0566 1.64633
8.125 -1.04563 1.64988
8.13 -1.03459 1.65334
8.135 -1.02348 1.65671
8.14 -1.01229 1.65999
8.145 -1.00103 1.66317
8.15 -0.989701 1.66626
8.155 -0.978296 1.66926
8.16 -0.966821 1.67216
8.165 -0.955274 1.67497
8.17 -0.943657 1.67768
8.175 -0.93197 1.6803
8.18 -0.920215 1.68282
8.185 -0.90839 1.68525
8.19 -0.896498 1.68758
8.195 -0.884538 1.68982
8.2 -0.872512 1.69195
8.205 -0.86042 1.69399
8.21 -0.848262 1.69594
8.215 -0.836039 1.69778
8.22 -0.823752 1.69953
8.225 -0.811402 1.70118
8.23 -0.798989 1.70272
8.235 -0.786513 1.70417
8.24 -0.773976 1.70552
8.245 -0.761378 1.70677
8.25 -0.748719 1.70792
8.255 -0.736001 1.70897
8.26 -0.723224 1.70992
8.265 -0.710389 1.71076
8.27 -0.697497 1.71151
8.275 -0.684548 1.71215
8.28 -0.671542 1.71269
8.285 -0.658482 1.71313
8.29 -0.645366 1.71347
8.295 -0.632197 1.7137
8.3 -0.618975 1.71383
8.305 -0.6057 1.71386
8.31 -0.592373 1.71378
8.315 -0.578996 1.7136
8.32 -0.565569 1.71331
8.325 -0.552092 1.71292
8.33 -0.538566 1.71243
8.335 -0.524993 1.71183
8.34 -0.511372 1.71113
8.345 -0.497705 1.71032
8.35 -0.483993 1.70941
8.355 -0.470236 1.70839
8.36 -0.456435 1.70727
8.365 -0.442592 1.70604
8.37 -0.428705 1.70471
8.375 -0.414778 1.70327
8.38 -0.40081 1.70172
8.385 -0.386802 1.70007
8.39 -0.372755 1.69831
8.395 -0.35867 1.69644
8.4 -0.344547 1.69447
8.405 -0.330389 1.69239
8.41 -0.316194 1.6902
8.415 -0.301965 1.68791
8.42 -0.287702 1.68551
8.425 -0.273407 1.68301
8.43 -0.259079 1.68039
8.435 -0.24472 1.67767
8.44 -0.23033 1.67485
8.445 -0.215911 1.67191
8.45 -0.201464 1.66887
8.455 -0.186989 1.66572
8.46 -0.172487 1.66247
8.465 -0.157959 1.6591
8.47 -0.143407 1.65563
8.475 -0.12883 1.65206
8.48 -0.114231 1.64837
8.485 -0.0996088 1.64458
8.49 -0.0849657 1.64068
8.495 -0.0703023 1.63668
8.5 -0.0556195 1.63257
8.505 -0.0409182 1.62835
8.51 -0.0261995 1.62402
8.515 -0.0114642 1.61959
8.52 0.00328665 1.61505
8.525 0.0180522 1.6104
8.53 0.0328314 1.60565
8.535 0.0476233 1.60079
8.54 0.0624271 1.59582
8.545 0.0772416 1.59075
8.55 0.0920659 1.58558
8.555 0.106899 1.58029
8.56 0.12174 1.5749
8.565 0.136588 1.56941
8.57 0.151442 1.56381
8.575 0.166301 1.5581
8.58 0.181163 1.55229
8.585 0.196029 1.54638
8.59 0.210897 1.54036
8.595 0.225765 1.53423
8.6 0.240634 1.528
8.605 0.255501 1.52167
8.61 0.270367 1.51523
8.615 0.285229 1.50869
8.62 0.300087 1.50205
8.625 0.31494 1.4953
8.63 0.329787 1.48845
8.635 0.344627 1.4815
8.64 0.359459 1.47445
8.645 0.374281 1.46729
8.65 0.389094 1.46003
8.655 0.403895 1.45267
8.66 0.418684 1.44521
8.665 0.43346 1.43765
8.67 0.448221 1.42999
8.675 0.462967 1.42223
8.68 0.477697 1.41436
8.685 0.492409 1.4064
8.69 0.507103 1.39834
8.695 0.521778 1.39018
8.7 0.536432 1.38193
8.705 0.551064 1.37357
8.71 0.565674 1.36512
8.715 0.58026 1.35657
8.72 0.594821 1.34792
8.725 0.609357 1.33918
8.73 0.623866 1.33034
8.735 0.638348 1.32141
8.74 0.6528 1.31238
8.745 0.667223 1.30326
8.75 0.681615 1.29404
8.755 0.695974 1.28473
8.76 0.710301 1.27532
8.765 0.724594 1.26583
8.77 0.738851 1.25624
8.775 0.753073 1.24656
8.78 0.767257 1.23679
8.785 0.781403 1.22692
8.79 0.79551 1.21697
8.795 0.809576 1.20693
8.8 0.823601 1.1968
8.805 0.837584 1.18658
8.81 0.851523 1.17627
8.815 0.865418 1.16588
8.82 0.879267 1.15539
8.825 0.89307 1.14483
8.83 0.906825 1.13417
8.835 0.920531 1.12343
8.84 0.934188 1.11261
8.845 0.947794 1.1017
8.85 0.961348 1.09071
8.855 0.97485 1.07964
8.86 0.988298 1.06849
8.865 1.00169 1.05725
8.87 1.01503 1.04593
8.875 1.02831 1.03454
8.88 1.04153 1.02306
8.885 1.05469 1.0115
8.89 1.0678 0.999872
8.895 1.08084 0.988162
8.9 1.09382 0.976375
8.905 1.10674 0.964512
8.91 1.11959 0.952575
8.915 1.13238 0.940562
8.92 1.1451 0.928476
8.925 1.15776 0.916317
8.93 1.17034 0.904085
8.935 1.18286 0.891782
8.94 1.19531 0.879408
8.945 1.20769 0.866964
8.95 1.21999 0.854451
8.955 1.23223 0.841869
8.96 1.24438 0.82922
8.965 1.25647 0.816503
8.97 1.26848 0.803721
8.975 1.28041 0.790872
8.98 1.29226 0.77796
8.985 1.30403 0.764983
8.99 1.31573 0.751944
8.995 1.32734 0.738843
9 1.33887 0.72568
9.005 1.35032 0.712457
9.01 1.36169 0.699174
9.015 1.37297 0.685833
9.02 1.38417 0.672433
9.025 1.39528 0.658977
9.03 1.4063 0.645464
9.035 1.41723 0.631896
9.04 1.42808 0.618274
9.045 1.43883 0.604598
9.05 1.4495 0.59087
9.055 1.46007 0.57709
9.06 1.47055 0.563259
9.065 1.48094 0.549378
9.07 1.49123 0.535448
9.075 1.50142 0.521471
9.08 1.51152 0.507446
9.085 1.52153 0.493375
9.09 1.53143 0.479258
9.095 1.54124 0.465097
9.1 1.55094 0.450893
9.105 1.56055 0.436647
9.11 1.57005 0.422359
9.115 1.57945 0.408031
9.12 1.58875 0.393663
9.125 1.59795 0.379257
9.13 1.60704 0.364813
9.135 1.61602 0.350332
9.14 1.6249 0.335816
9.145 1.63367 0.321266
9.15 1.64234 0.306681
9.155 1.65089 0.292065
9.16 1.65934 0.277416
9.165 1.66767 0.262738
9.17 1.6759 0.248029
9.175 1.68401 0.233293
9.18 1.69201 0.218528
9.185 1.69989 0.203738
9.19 1.70767 0.188922
9.195 1.71532 0.174081
9.2 1.72287 0.159217
9.205 1.73029 0.144331
9.21 1.7376 0.129424
9.215 1.74479 0.114497
9.22 1.75187 0.0995504
9.225 1.75882 0.0845859
9.23 1.76565 0.0696045
9.235 1.77237 0.0546072
9.24 1.77896 0.039595
9.245 1.78543 0.0245691
9.25 1.79178 0.00953058
9.255 1.79801 -0.00551954
9.26 1.80411 -0.0205802
9.265 1.81009 -0.0356502
9.27 1.81595 -0.0507285
9.275 1.82168 -0.065814
9.28 1.82728 -0.0809057
9.285 1.83275 -0.0960024
9.29 1.8381 -0.111103
9.295 1.84333 -0.126206
9.3 1.84842 -0.141311
9.305 1.85338 -0.156417
9.31 1.85822 -0.171522
9.315 1.86292 -0.186626
9.32 1.8675 -0.201727
9.325 1.87194 -0.216823
9.33 1.87625 -0.231915
9.335 1.88044 -0.247001
9.34 1.88448 -0.26208
9.345 1.8884 -0.27715
9.35 1.89218 -0.292211
9.355 1.89583 -0.307261
9.36 1.89934 -0.322299
9.365 1.90272 -0.337325
9.37 1.90597 -0.352336
9.375 1.90907 -0.367332
9.38 1.91205 -0.382312
9.385 1.91488 -0.397275
9.39 1.91758 -0.412219
9.395 1.92015 -0.427143
9.4 1.92257 -0.442047
9.405 1.92486 -0.456928
9.41 1.92701 -0.471787
9.415 1.92902 -0.486621
9.42 1.93089 -0.50143
9.425 1.93262 -0.516212
9.43 1.93421 -0.530967
9.435 1.93566 -0.545693
9.44 1.93698 -0.560389
9.445 1.93815 -0.575054
9.45 1.93918 -0.589687
9.455 1.94007 -0.604286
9.46 1.94082 -0.618851
9.465 1.94143 -0.63338
9.47 1.94189 -0.647872
9.475 1.94222 -0.662327
9.48 1.9424 -0.676743
9.485 1.94244 -0.691118
9.49 1.94234 -0.705452
9.495 1.94209 -0.719744
9.5 1.9417 -0.733992
9.505 1.94117 -0.748195
9.51 1.9405 -0.762353
9.515 1.93968 -0.776464
9.52 1.93872 -0.790527
9.525 1.93762 -0.80454
9.53 1.93637 -0.818503
9.535 1.93498 -0.832415
9.54 1.93344 -0.846274
9.545 1.93176 -0.86008
9.55 1.92994 -0.873831
9.555 1.92797 -0.887526
9.56 1.92586 -0.901164
9.565 1.92361 -0.914744
9.57 1.92121 -0.928265
9.575 1.91867 -0.941725
9.58 1.91598 -0.955124
9.585 1.91315 -0.968461
9.59 1.91018 -0.981734
9.595 1.90706 -0.994942
9.6 1.9038 -1.00809
9.605 1.9004 -1.02116
9.61 1.89685 -1.03417
9.615 1.89316 -1.04711
9.62 1.88932 -1.05998
9.625 1.88535 -1.07278
9.63 1.88122 -1.0855
9.635 1.87696 -1.09815
9.64 1.87255 -1.11073
9.645 1.868 -1.12323
9.65 1.86331 -1.13566
9.655 1.85848 -1.14801
9.66 1.8535 -1.16028
9.665 1.84838 -1.17247
9.67 1.84312 -1.18458
9.675 1.83772 -1.19661
9.68 1.83218 -1.20856
9.685 1.82649 -1.22042
9.69 1.82067 -1.2322
9.695 1.81471 -1.24389
9.7 1.8086 -1.2555
9.705 1.80236 -1.26702
9.71 1.79597 -1.27845
9.715 1.78945 -1.28979
9.72 1.78279 -1.30104
9.725 1.77599 -1.3122
9.73 1.76905 -1.32327
9.735 1.76198 -1.33424
9.74 1.75476 -1.34512
9.745 1.74741 -1.3559
9.75 1.73993 -1.36659
9.755 1.73231 -1.37718
9.76 1.72455 -1.38767
9.765 1.71666 -1.39806
9.77 1.70863 -1.40835
9.775 1.70047 -1.41855
9.78 1.69217 -1.42864
9.785 1.68374 -1.43862
9.79 1.67518 -1.44851
9.795 1.66649 -1.45829
9.8 1.65766 -1.46796
9.805 1.6487 -1.47753
9.81 1.63962 -1.48699
9.815 1.6304 -1.49634
9.82 1.62105 -1.50558
9.825 1.61157 -1.51472
9.83 1.60197 -1.52374
9.835 1.59224 -1.53265
9.84 1.58238 -1.54146
9.845 1.57239 -1.55014
9.85 1.56228 -1.55872
9.855 1.55205 -1.56718
9.86 1.54168 -1.57552
9.865 1.5312 -1.58375
9.87 1.52059 -1.59186
9.875 1.50986 -1.59985
9.88 1.49901 -1.60773
9.885 1.48803 -1.61548
9.89 1.47694 -1.62312
9.895 1.46573 -1.63064
9.9 1.45439 -1.63803
9.905 1.44294 -1.6453
9.91 1.43137 -1.65245
9.915 1.41969 -1.65948
9.92 1.40789 -1.66638
9.925 1.39597 -1.67316
9.93 1.38395 -1.67981
9.935 1.3718 -1.68634
9.94 1.35955 -1.69274
9.945 1.34718 -1.69901
9.95 1.3347 -1.70515
9.955 1.32212 -1.71117
9.96 1.30942 -1.71706
9.965 1.29661 -1.72281
9.97 1.2837 -1.72844
9.975 1.27068 -1.73393
9.98 1.25756 -1.7393
9.985 1.24433 -1.74453
9.99 1.231 -1.74963
9.995 1.21757 -1.75459
10 1.20403 -1.75942
10.005 1.19039 -1.76412
10.01 1.17666 -1.76868
10.015 1.16282 -1.77311
10.02 1.14889 -1.7774
10.025 1.13486 -1.78156
10.03 1.12073 -1.78558
10.035 1.10651 -1.78946
10.04 1.0922 -1.7932
10.045 1.07779 -1.79681
10.05 1.06329 -1.80028
10.055 1.04871 -1.8036
10.06 1.03403 -1.80679
10.065 1.01926 -1.80984
10.07 1.00441 -1.81275
10.075 0.989467 -1.81552
10.08 0.974442 -1.81815
10.085 0.959332 -1.82064
10.09 0.94414 -1.82298
10.095 0.928866 -1.82518
10.1 0.913512 -1.82725
10.105 0.898077 -1.82916
10.11 0.882565 -1.83094
10.115 0.866976 -1.83257
10.12 0.85131 -1.83406
10.125 0.83557 -1.83541
10.13 0.819756 -1.83661
10.135 0.803869 -1.83767
10.14 0.787911 -1.83858
10.145 0.771884 -1.83935
10.15 0.755787 -1.83997
10.155 0.739623 -1.84045
10.16 0.723392 -1.84079
10.165 0.707097 -1.84098
10.17 0.690737 -1.84102
10.175 0.674315 -1.84092
10.18 0.657831 -1.84067
10.185 0.641288 -1.84028
10.19 0.624685 -1.83974
10.195 0.608025 -1.83905
10.2 0.591309 -1.83822
10.205 0.574537 -1.83724
10.21 0.557712 -1.83612
10.215 0.540835 -1.83485
10.22 0.523906 -1.83343
10.225 0.506928 -1.83187
10.23 0.489901 -1.83016
10.235 0.472827 -1.8283
10.24 0.455708 -1.8263
10.245 0.438544 -1.82415
10.25 0.421336 -1.82185
10.255 0.404088 -1.81941
10.26 0.386798 -1.81683
10.265 0.36947 -1.81409
10.27 0.352104 -1.81121
10.275 0.334702 -1.80819
10.28 0.317265 -1.80501
10.285 0.299794 -1.8017
10.29 0.282291 -1.79823
10.295 0.264757 -1.79462
10.3 0.247194 -1.79087
10.305 0.229603 -1.78697
10.31 0.211986 -1.78293
10.315 0.194343 -1.77874
10.32 0.176677 -1.7744
10.325 0.158988 -1.76993
10.33 0.141278 -1.76531
10.335 0.123549 -1.76054
10.34 0.105802 -1.75563
10.345 0.0880383 -1.75058
10.35 0.0702592 -1.74538
10.355 0.0524664 -1.74004
10.36 0.0346612 -1.73456
10.365 0.0168452 -1.72894
10.37 -0.000980343 -1.72317
10.375 -0.0188138 -1.71727
10.38 -0.0366539 -1.71122
10.385 -0.054499 -1.70503
10.39 -0.0723478 -1.6987
10.395 -0.0901988 -1.69223
10.4 -0.108051 -1.68562
10.405 -0.125902 -1.67888
10.41 -0.14375 -1.67199
10.415 -0.161595 -1.66497
10.42 -0.179435 -1.6578
10.425 -0.197269 -1.6505
10.43 -0.215094 -1.64307
10.435 -0.23291 -1.63549
10.44 -0.250715 -1.62778
10.445 -0.268507 -1.61994
10.45 -0.286286 -1.61196
10.455 -0.304049 -1.60385
10.46 -0.321795 -1.5956
10.465 -0.339523 -1.58722
10.47 -0.357231 -1.57871
10.475 -0.374917 -1.57006
10.48 -0.392581 -1.56128
10.485 -0.410221 -1.55238
10.49 -0.427834 -1.54334
10.495 -0.445421 -1.53417
10.5 -0.462979 -1.52487
10.505 -0.480507 -1.51545
10.51 -0.498003 -1.50589
10.515 -0.515466 -1.49622
10.52 -0.532894 -1.48641
10.525 -0.550287 -1.47648
10.53 -0.567642 -1.46642
10.535 -0.584958 -1.45624
10.54 -0.602233 -1.44594
10.545 -0.619467 -1.43551
10.55 -0.636657 -1.42496
10.555 -0.653803 -1.41429
10.56 -0.670902 -1.4035
10.565 -0.687953 -1.39259
10.57 -0.704955 -1.38156
10.575 -0.721907 -1.37042
10.58 -0.738806 -1.35915
10.585 -0.755652 -1.34777
10.59 -0.772443 -1.33628
10.595 -0.789178 -1.32467
10.6 -0.805854 -1.31295
10.605 -0.822472 -1.30111
10.61 -0.839028 -1.28916
10.615 -0.855523 -1.2771
10.62 -0.871954 -1.26493
10.625 -0.88832 -1.25266
10.63 -0.904619 -1.24027
10.635 -0.920851 -1.22777
10.64 -0.937013 -1.21517
10.645 -0.953105 -1.20247
10.65 -0.969124 -1.18966
10.655 -0.985071 -1.17674
10.66 -1.00094 -1.16373
10.665 -1.01674 -1.15061
10.67 -1.03245 -1.13739
10.675 -1.04809 -1.12407
10.68 -1.06365 -1.11066
10.685 -1.07913 -1.09715
10.69 -1.09452 -1.08354
10.695 -1.10983 -1.06983
10.7 -1.12505 -1.05603
10.705 -1.14019 -1.04214
10.71 -1.15524 -1.02816
10.715 -1.1702 -1.01408
10.72 -1.18506 -0.999916
10.725 -1.19984 -0.985663
10.73 -1.21452 -0.971322
10.735 -1.2291 -0.956895
10.74 -1.24359 -0.942382
10.745 -1.25798 -0.927785
10.75 -1.27228 -0.913106
10.755 -1.28647 -0.898344
10.76 -1.30056 -0.883502
10.765 -1.31455 -0.868581
10.77 -1.32843 -0.853581
10.775 -1.34221 -0.838504
10.78 -1.35588 -0.823352
10.785 -1.36945 -0.808124
10.79 -1.3829 -0.792824
10.795 -1.39625 -0.777451
10.8 -1.40948 -0.762008
10.805 -1.4226 -0.746494
10.81 -1.43561 -0.730913
10.815 -1.4485 -0.715264
10.82 -1.46128 -0.699549
10.825 -1.47394 -0.68377
10.83 -1.48648 -0.667927
10.835 -1.4989 -0.652023
10.84 -1.5112 -0.636057
10.845 -1.52338 -0.620032
10.85 -1.53544 -0.60395
10.855 -1.54737 -0.58781
10.86 -1.55917 -0.571615
10.865 -1.57085 -0.555366
10.87 -1.5824 -0.539063
10.875 -1.59383 -0.52271
10.88 -1.60512 -0.506306
10.885 -1.61629 -0.489854
10.89 -1.62732 -0.473354
10.895 -1.63822 -0.456808
10.9 -1.64898 -0.440218
10.905 -1.65961 -0.423584
10.91 -1.67011 -0.406908
10.915 -1.68046 -0.390192
10.92 -1.69068 -0.373437
10.925 -1.70077 -0.356644
10.93 -1.71071 -0.339814
10.935 -1.72051 -0.32295
10.94 -1.73017 -0.306052
10.945 -1.73969 -0.289122
10.95 -1.74906 -0.272161
10.955 -1.75829 -0.255172
10.96 -1.76737 -0.238154
10.965 -1.77631 -0.22111
10.97 -1.7851 -0.204041
10.975 -1.79375 -0.186948
10.98 -1.80224 -0.169833
10.985 -1.81059 -0.152698
10.99 -1.81878 -0.135544
10.995 -1.82683 -0.118371
11 -1.83472 -0.101183
11.005 -1.84246 -0.0839795
11.01 -1.85004 -0.0667628
11.015 -1.85747 -0.0495342
11.02 -1.86475 -0.0322951
11.025 -1.87187 -0.0150472
11.03 -1.87884 0.00220833
11.035 -1.88564 0.0194698
11.04 -1.89229 0.0367359
11.045 -1.89878 0.054005
11.05 -1.90511 0.0712756
11.055 -1.91129 0.0885464
11.06 -1.9173 0.105816
11.065 -1.92315 0.123082
11.07 -1.92884 0.140345
11.075 -1.93436 0.157601
11.08 -1.93972 0.17485
11.085 -1.94492 0.19209
11.09 -1.94996 0.20932
11.095 -1.95483 0.226538
11.1 -1.95954 0.243743
11.105 -1.96408 0.260933
11.11 -1.96845 0.278107
11.115 -1.97266 0.295263
11.12 -1.9767 0.3124
11.125 -1.98057 0.329516
11.13 -1.98427 0.34661
11.135 -1.98781 0.36368
11.14 -1.99118 0.380725
11.145 -1.99437 0.397743
11.15 -1.9974 0.414733
11.155 -2.00026 0.431693
11.16 -2.00295 0.448623
11.165 -2.00546 0.465519
11.17 -2.00781 0.482382
11.175 -2.00998 0.499208
11.18 -2.01198 0.515998
11.185 -2.01381 0.532749
11.19 -2.01547 0.54946
11.195 -2.01696 0.56613
11.2 -2.01827 0.582757
11.205 -2.01941 0.599339
11.21 -2.02037 0.615875
11.215 -2.02116 0.632364
11.22 -2.02178 0.648804
11.225 -2.02223 0.665194
11.23 -2.0225 0.681532
11.235 -2.02259 0.697816
11.24 -2.02252 0.714046
11.245 -2.02226 0.73022
11.25 -2.02184 0.746337
11.255 -2.02123 0.762394
11.26 -2.02046 0.778391
11.265 -2.01951 0.794326
11.27 -2.01838 0.810198
11.275 -2.01708 0.826005
11.28 -2.01561 0.841746
11.285 -2.01396 0.857419
11.29 -2.01213 0.873023
11.295 -2.01013 0.888557
11.3 -2.00796 0.904019
11.305 -2.00561 0.919409
11.31 -2.00309 0.934723
11.315 -2.00039 0.949962
11.32 -1.99752 0.965123
11.325 -1.99448 0.980205
11.33 -1.99126 0.995208
11.335 -1.98787 1.01013
11.34 -1.9843 1.02497
11.345 -1.98056 1.03972
11.35 -1.97665 1.05439
11.355 -1.97256 1.06897
11.36 -1.9683 1.08347
11.365 -1.96387 1.09787
11.37 -1.95927 1.11218
11.375 -1.9545 1.1264
11.38 -1.94955 1.14053
11.385 -1.94443 1.15457
11.39 -1.93914 1.1685
11.395 -1.93368 1.18234
11.4 -1.92806 1.19608
11.405 -1.92226 1.20973
11.41 -1.91629 1.22327
11.415 -1.91015 1.2367
11.42 -1.90385 1.25004
11.425 -1.89737 1.26327
11.43 -1.89073 1.27639
11.435 -1.88392 1.28941
11.44 -1.87695 1.30232
11.445 -1.86981 1.31512
11.45 -1.8625 1.3278
11.455 -1.85503 1.34038
11.46 -1.84739 1.35284
11.465 -1.83959 1.36519
11.47 -1.83163 1.37742
11.475 -1.8235 1.38954
11.48 -1.81522 1.40153
11.485 -1.80677 1.41341
11.49 -1.79816 1.42517
11.495 -1.78939 1.43681
11.5 -1.78046 1.44832
11.505 -1.77137 1.45971
11.51 -1.76212 1.47098
11.515 -1.75271 1.48212
11.52 -1.74315 1.49314
11.525 -1.73344 1.50402
11.53 -1.72356 1.51478
11.535 -1.71354 1.52541
11.54 -1.70336 1.53591
11.545 -1.69302 1.54628
11.55 -1.68254 1.55651
11.555 -1.6719 1.56661
11.56 -1.66112 1.57657
11.565 -1.65018 1.5864
11.57 -1.6391 1.5961
11.575 -1.62787 1.60565
11.58 -1.61649 1.61507
11.585 -1.60496 1.62435
11.59 -1.59329 1.63348
11.595 -1.58148 1.64248
11.6 -1.56952 1.65133
11.605 -1.55743 1.66004
11.61 -1.54519 1.66861
11.615 -1.53281 1.67703
11.62 -1.52029 1.68531
11.625 -1.50763 1.69344
11.63 -1.49484 1.70142
11.635 -1.48191 1.70925
11.64 -1.46885 1.71694
11.645 -1.45565 1.72448
11.65 -1.44232 1.73186
11.655 -1.42886 1.7391
11.66 -1.41527 1.74618
11.665 -1.40155 1.75311
11.67 -1.3877 1.75989
11.675 -1.37372 1.76652
11.68 -1.35962 1.77299
11.685 -1.34539 1.7793
11.69 -1.33104 1.78546
11.695 -1.31657 1.79146
11.7 -1.30198 1.79731
11.705 -1.28727 1.80299
11.71 -1.27244 1.80852
11.715 -1.25749 1.81389
11.72 -1.24242 1.8191
11.725 -1.22725 1.82415
11.73 -1.21195 1.82904
11.735 -1.19655 1.83377
11.74 -1.18103 1.83834
11.745 -1.16541 1.84274
11.75 -1.14968 1.84698
11.755 -1.13384 1.85106
11.76 -1.11789 1.85498
11.765 -1.10184 1.85873
11.77 -1.08569 1.86232
11.775 -1.06944 1.86574
11.78 -1.05309 1.869
11.785 -1.03664 1.87209
11.79 -1.02009 1.87501
11.795 -1.00344 1.87777
11.8 -0.986707 1.88037
11.805 -0.969877 1.88279
11.81 -0.952955 1.88505
11.815 -0.935943 1.88714
11.82 -0.918844 1.88906
11.825 -0.901657 1.89082
11.83 -0.884385 1.8924
11.835 -0.867029 1.89382
11.84 -0.849591 1.89507
11.845 -0.832072 1.89615
11.85 -0.814474 1.89706
11.855 -0.796798 1.8978
11.86 -0.779046 1.89837
11.865 -0.761219 1.89877
11.87 -0.743319 1.899
11.875 -0.725348 1.89906
11.88 -0.707307 1.89895
11.885 -0.689197 1.89867
11.89 -0.671021 1.89822
11.895 -0.65278 1.8976
11.9 -0.634475 1.89681
11.905 -0.616108 1.89585
11.91 -0.597681 1.89472
11.915 -0.579196 1.89342
11.92 -0.560653 1.89195
11.925 -0.542055 1.89031
11.93 -0.523403 1.8885
11.935 -0.504699 1.88651
11.94 -0.485945 1.88436
11.945 -0.467142 1.88204
11.95 -0.448292 1.87955
11.955 -0.429397 1.87689
11.96 -0.410458 1.87405
11.965 -0.391477 1.87105
11.97 -0.372456 1.86788
11.975 -0.353396 1.86454
11.98 -0.334299 1.86104
11.985 -0.315167 1.85736
11.99 -0.296002 1.85351
11.995 -0.276804 1.8495
12 -0.257577 1.84532
12.005 -0.238322 1.84097
12.01 -0.219039 1.83646
12.015 -0.199732 1.83177
12.02 -0.180402 1.82693
12.025 -0.161051 1.82191
12.03 -0.14168 1.81673
12.035 -0.122291 1.81138
12.04 -0.102886 1.80587
12.045 -0.0834666 1.80019
12.05 -0.0640347 1.79435
12.055 -0.0445919 1.78835
12.06 -0.02514 1.78218
12.065 -0.00568075 1.77585
12.07 0.013784 1.76936
12.075 0.0332526 1.7627
12.08 0.0527231 1.75589
12.085 0.0721939 1.74891
12.09 0.0916632 1.74178
12.095 0.111129 1.73448
12.1 0.13059 1.72702
12.105 0.150044 1.71941
12.11 0.16949 1.71164
12.115 0.188925 1.70371
12.12 0.208347 1.69562
12.125 0.227756 1.68738
12.13 0.247149 1.67898
12.135 0.266525 1.67043
12.14 0.285881 1.66173
12.145 0.305217 1.65287
12.15 0.324529 1.64386
12.155 0.343817 1.6347
12.16 0.363078 1.62538
12.165 0.382311 1.61592
12.17 0.401515 1.6063
12.175 0.420686 1.59654
12.18 0.439824 1.58663
12.185 0.458927 1.57658
12.19 0.477993 1.56638
12.195 0.49702 1.55603
12.2 0.516007 1.54554
12.205 0.534951 1.5349
12.21 0.553851 1.52412
12.215 0.572705 1.5132
12.22 0.591512 1.50214
12.225 0.61027 1.49094
12.23 0.628976 1.47961
12.235 0.64763 1.46813
12.24 0.666229 1.45652
12.245 0.684772 1.44477
12.25 0.703257 1.43288
12.255 0.721682 1.42086
12.26 0.740046 1.40871
12.265 0.758347 1.39643
12.27 0.776583 1.38402
12.275 0.794752 1.37148
12.28 0.812853 1.35881
12.285 0.830884 1.34601
12.29 0.848844 1.33308
12.295 0.86673 1.32003
12.3 0.884541 1.30686
12.305 0.902275 1.29356
12.31 0.919932 1.28015
12.315 0.937508 1.26661
12.32 0.955002 1.25295
12.325 0.972413 1.23917
12.33 0.989739 1.22528
12.335 1.00698 1.21127
12.34 1.02413 1.19715
12.345 1.04119 1.18291
12.35 1.05816 1.16856
12.355 1.07504 1.15411
12.36 1.09182 1.13954
12.365 1.10851 1.12486
12.37 1.12509 1.11008
12.375 1.14158 1.09519
12.38 1.15797 1.0802
12.385 1.17426 1.0651
12.39 1.19044 1.0499
12.395 1.20651 1.03461
12.4 1.22248 1.01921
12.405 1.23834 1.00372
12.41 1.25409 0.988127
12.415 1.26973 0.972443
12.42 1.28525 0.956666
12.425 1.30066 0.940797
12.43 1.31595 0.924838
12.435 1.33113 0.90879
12.44 1.34618 0.892654
12.445 1.36112 0.876432
12.45 1.37593 0.860126
12.455 1.39063 0.843737
12.46 1.40519 0.827266
12.465 1.41963 0.810714
12.47 1.43394 0.794085
12.475 1.44812 0.777378
12.48 1.46218 0.760595
12.485 1.4761 0.743739
12.49 1.48988 0.72681
12.495 1.50354 0.709809
12.5 1.51705 0.69274
12.505 1.53043 0.675602
12.51 1.54367 0.658398
12.515 1.55678 0.64113
12.52 1.56974 0.623798
12.525 1.58255 0.606404
12.53 1.59523 0.58895
12.535 1.60776 0.571438
12.54 1.62014 0.553869
12.545 1.63238 0.536245
12.55 1.64447 0.518567
12.555 1.65641 0.500837
12.56 1.6682 0.483057
12.565 1.67983 0.465228
12.57 1.69131 0.447352
12.575 1.70264 0.42943
12.58 1.71382 0.411465
12.585 1.72483 0.393457
12.59 1.73569 0.375409
12.595 1.74639 0.357322
12.6 1.75693 0.339198
12.605 1.76731 0.321038
12.61 1.77753 0.302844
12.615 1.78759 0.284619
12.62 1.79748 0.266362
12.625 1.80721 0.248077
12.63 1.81677 0.229765
12.635 1.82616 0.211428
12.64 1.83539 0.193067
12.645 1.84445 0.174683
12.65 1.85333 0.15628
12.655 1.86205 0.137858
12.66 1.8706 0.119419
12.665 1.87897 0.100965
12.67 1.88717 0.0824976
12.675 1.8952 0.0640184
12.68 1.90305 0.0455293
12.685 1.91073 0.0270319
12.69 1.91823 0.00852797
12.695 1.92555 -0.00998076
12.7 1.9327 -0.0284926
12.705 1.93966 -0.0470057
12.71 1.94645 -0.0655185
12.715 1.95306 -0.0840291
12.72 1.95948 -0.102536
12.725 1.96573 -0.121037
12.73 1.97179 -0.139531
12.735 1.97767 -0.158016
12.74 1.98336 -0.17649
12.745 1.98888 -0.194951
12.75 1.9942 -0.213398
12.755 1.99935 -0.23183
12.76 2.0043 -0.250243
12.765 2.00907 -0.268637
12.77 2.01366 -0.28701
12.775 2.01805 -0.305359
12.78 2.02226 -0.323684
12.785 2.02628 -0.341983
12.79 2.03011 -0.360254
12.795 2.03375 -0.378494
12.8 2.0372 -0.396703
12.805 2.04047 -0.414879
12.81 2.04354 -0.43302
12.815 2.04642 -0.451124
12.82 2.04911 -0.469189
12.825 2.05161 -0.487215
12.83 2.05391 -0.505198
12.835 2.05603 -0.523138
12.84 2.05795 -0.541032
12.845 2.05968 -0.558879
12.85 2.06121 -0.576678
12.855 2.06256 -0.594426
12.86 2.06371 -0.612122
12.865 2.06466 -0.629765
12.87 2.06542 -0.647351
12.875 2.06599 -0.664881
12.88 2.06637 -0.682352
12.885 2.06655 -0.699762
12.89 2.06654 -0.71711
12.895 2.06633 -0.734394
12.9 2.06593 -0.751613
12.905 2.06533 -0.768765
12.91 2.06454 -0.785847
12.915 2.06355 -0.80286
12.92 2.06237 -0.8198
12.925 2.061 -0.836667
12.93 2.05943 -0.853458
12.935 2.05767 -0.870172
12.94 2.05571 -0.886808
12.945 2.05356 -0.903363
12.95 2.05122 -0.919837
12.955 2.04868 -0.936228
12.96 2.04595 -0.952533
12.965 2.04302 -0.968752
12.97 2.03991 -0.984883
12.975 2.0366 -1.00092
12.98 2.03309 -1.01687
12.985 2.02939 -1.03273
12.99 2.02551 -1.0485
12.995 2.02143 -1.06416
13 2.01715 -1.07973
13.005 2.01269 -1.0952
13.01 2.00803 -1.11057
13.015 2.00319 -1.12584
13.02 1.99815 -1.14101
13.025 1.99293 -1.15607
13.03 1.98751 -1.17102
13.035 1.98191 -1.18587
13.04 1.97612 -1.20061
13.045 1.97014 -1.21524
13.05 1.96397 -1.22975
13.055 1.95762 -1.24415
13.06 1.95108 -1.25844
13.065 1.94435 -1.27261
13.07 1.93744 -1.28666
13.075 1.93034 -1.30059
13.08 1.92306 -1.31441
13.085 1.91559 -1.3281
13.09 1.90795 -1.34167
13.095 1.90012 -1.35511
13.1 1.8921 -1.36843
13.105 1.88391 -1.38162
13.11 1.87554 -1.39468
13.115 1.86699 -1.40761
13.12 1.85826 -1.42042
13.125 1.84935 -1.43308
13.13 1.84026 -1.44562
13.135 1.831 -1.45802
13.14 1.82156 -1.47029
13.145 1.81195 -1.48241
13.15 1.80216 -1.4944
13.155 1.7922 -1.50625
13.16 1.78207 -1.51796
13.165 1.77177 -1.52953
13.17 1.76129 -1.54095
13.175 1.75065 -1.55223
13.18 1.73984 -1.56337
13.185 1.72886 -1.57435
13.19 1.71772 -1.58519
13.195 1.70641 -1.59588
13.2 1.69493 -1.60643
13.205 1.68329 -1.61682
13.21 1.67149 -1.62705
13.215 1.65953 -1.63714
13.22 1.64741 -1.64707
13.225 1.63512 -1.65685
13.23 1.62268 -1.66647
13.235 1.61009 -1.67593
13.24 1.59734 -1.68524
13.245 1.58443 -1.69439
13.25 1.57137 -1.70337
13.255 1.55816 -1.7122
13.26 1.54479 -1.72087
13.265 1.53128 -1.72937
13.27 1.51762 -1.73771
13.275 1.50381 -1.74588
13.28 1.48985 -1.75389
13.285 1.47575 -1.76174
13.29 1.46151 -1.76941
13.295 1.44712 -1.77692
13.3 1.4326 -1.78426
13.305 1.41793 -1.79144
13.31 1.40313 -1.79844
13.315 1.38818 -1.80527
13.32 1.37311 -1.81193
13.325 1.3579 -1.81842
13.33 1.34255 -1.82474
13.335 1.32708 -1.83088
13.34 1.31148 -1.83685
13.345 1.29574 -1.84264
13.35 1.27989 -1.84826
13.355 1.2639 -1.85371
13.36 1.24779 -1.85897
13.365 1.23156 -1.86406
13.37 1.21521 -1.86897
13.375 1.19874 -1.87371
13.38 1.18215 -1.87826
13.385 1.16545 -1.88264
13.39 1.14863 -1.88684
13.395 1.1317 -1.89085
13.4 1.11465 -1.89469
13.405 1.0975 -1.89835
13.41 1.08024 -1.90182
13.415 1.06287 -1.90511
13.42 1.04539 -1.90822
13.425 1.02782 -1.91115
13.43 1.01014 -1.9139
13.435 0.992359 -1.91646
13.44 0.974481 -1.91884
13.445 0.956507 -1.92103
13.45 0.938438 -1.92304
13.455 0.920276 -1.92487
13.46 0.902021 -1.92651
13.465 0.883678 -1.92797
13.47 0.865245 -1.92924
13.475 0.846727 -1.93033
13.48 0.828124 -1.93123
13.485 0.809438 -1.93194
13.49 0.790671 -1.93248
13.495 0.771824 -1.93282
13.5 0.752901 -1.93298
13.505 0.733901 -1.93295
13.51 0.714827 -1.93274
13.515 0.695682 -1.93234
13.52 0.676504 -1.93176
