0 -0 -0
0.08 -7.28332e-06 1.47017e-08
0.16 -9.96086e-05 6.93175e-07
0.12 -3.61394e-05 1.5887e-07
0.1 -1.7732e-05 5.58012e-08
0.12 -3.66647e-05 1.66141e-07
0.14 -6.77083e-05 4.17829e-07
0.16 -0.000115086 9.28339e-07
0.18 -0.000183588 1.87603e-06
0.2 -0.000278531 3.51759e-06
0.22 -0.000405724 6.20723e-06
0.24 -0.000571422 1.04174e-05
0.26 -0.000782275 1.67608e-05
0.28 -0.00104528 2.60135e-05
0.3 -0.00136773 3.91385e-05
0.32 -0.00175714 5.73104e-05
0.34 -0.00222119 8.19397e-05
0.36 -0.00276769 0.000114697
0.38 -0.00340446 0.000157538
0.4 -0.0041393 0.000212726
0.42 -0.0049799 0.000282851
0.44 -0.00593379 0.000370858
0.46 -0.00700822 0.000480058
0.48 -0.00821013 0.000614149
0.5 -0.00954604 0.00077723
0.52 -0.011022 0.000973811
0.54 -0.0126435 0.00120883
0.56 -0.0144155 0.00148763
0.58 -0.016342 0.00181601
0.6 -0.0184264 0.00220018
0.62 -0.0206712 0.00264677
0.64 -0.0230781 0.00316282
0.66 -0.0256475 0.00375576
0.68 -0.0283791 0.0044334
0.7 -0.0312712 0.00520389
0.72 -0.0343211 0.00607571
0.74 -0.0375248 0.00705762
0.76 -0.040877 0.00815861
0.78 -0.0443711 0.00938789
0.8 -0.0479991 0.0107548
0.82 -0.0517517 0.0122688
0.84 -0.0556182 0.0139393
0.86 -0.0595862 0.0157757
0.88 -0.0636422 0.0177875
0.9 -0.067771 0.0199836
0.92 -0.071956 0.0223731
0.94 -0.0761792 0.0249645
0.96 -0.0804212 0.0277658
0.98 -0.084661 0.0307847
1 -0.0888765 0.0340282
1.02 -0.0930441 0.0375024
1.04 -0.0971389 0.041213
1.06 -0.101135 0.0451643
1.08 -0.105005 0.0493601
1.1 -0.108721 0.0538027
1.12 -0.112253 0.0584933
1.14 -0.115572 0.063432
1.16 -0.118647 0.0686172
1.18 -0.121445 0.074046
1.2 -0.123936 0.0797139
1.22 -0.126086 0.0856145
1.24 -0.127863 0.09174
1.26 -0.129235 0.0980804
1.28 -0.130167 0.104624
1.3 -0.130628 0.111357
1.32 -0.130586 0.118264
1.34 -0.130009 0.125327
1.36 -0.128866 0.132526
1.38 -0.127127 0.139838
1.4 -0.124764 0.14724
1.42 -0.121748 0.154705
1.44 -0.118055 0.162204
1.46 -0.113658 0.169706
1.48 -0.108537 0.177178
1.5 -0.102671 0.184585
1.52 -0.0960412 0.19189
1.54 -0.0886331 0.199054
1.56 -0.0804336 0.206034
1.58 -0.0714328 0.212789
1.6 -0.0616241 0.219273
1.62 -0.0510037 0.22544
1.64 -0.0395717 0.231242
1.66 -0.0273315 0.23663
1.68 -0.0142905 0.241555
1.7 -0.000459862 0.245964
1.72 0.0141452 0.249805
1.74 0.0295054 0.253027
1.76 0.0455969 0.255577
1.78 0.0623917 0.2574
1.8 0.0798573 0.258446
1.82 0.0979566 0.258662
1.84 0.116648 0.257995
1.86 0.135886 0.256397
1.88 0.155619 0.253817
1.9 0.175792 0.250207
1.92 0.196345 0.245523
1.94 0.217214 0.239721
1.96 0.23833 0.23276
1.98 0.259621 0.224602
2 0.281008 0.215213
2.02 0.302411 0.20456
2.04 0.323746 0.192617
2.06 0.344922 0.179361
2.08 0.365849 0.164773
2.1 0.386432 0.148839
2.12 0.406572 0.13155
2.14 0.426168 0.112903
2.16 0.445119 0.0929006
2.18 0.46332 0.0715508
2.2 0.480664 0.048868
2.22 0.497045 0.0248732
2.24 0.512355 -0.000406217
2.26 0.526485 -0.0269359
2.28 0.539329 -0.0546745
2.3 0.550778 -0.0835737
2.32 0.560728 -0.113578
2.34 0.569074 -0.144624
2.36 0.575715 -0.176643
2.38 0.58055 -0.209555
2.4 0.583486 -0.243278
2.42 0.584429 -0.277717
2.44 0.583293 -0.312774
2.46 0.579995 -0.348343
2.48 0.574458 -0.384309
2.5 0.566611 -0.420554
2.52 0.556391 -0.456951
2.54 0.543741 -0.493366
2.56 0.528611 -0.529662
2.58 0.51096 -0.565694
2.6 0.490757 -0.601314
2.62 0.467979 -0.636368
2.64 0.442612 -0.670698
2.66 0.414652 -0.704144
2.68 0.384108 -0.73654
2.7 0.350998 -0.767721
2.72 0.31535 -0.797517
2.74 0.277207 -0.825759
2.76 0.23662 -0.852277
2.78 0.193654 -0.876902
2.8 0.148385 -0.899465
2.82 0.100903 -0.919798
2.84 0.0513088 -0.937739
2.86 -0.000284398 -0.953126
2.88 -0.0537509 -0.965804
2.9 -0.108953 -0.97562
2.92 -0.165741 -0.982431
2.94 -0.223953 -0.986097
2.96 -0.283417 -0.98649
2.98 -0.343948 -0.983486
3 -0.405352 -0.976973
3.02 -0.467425 -0.966849
3.04 -0.529951 -0.953023
3.06 -0.592708 -0.935416
3.08 -0.655463 -0.913962
3.1 -0.717978 -0.888606
3.12 -0.780005 -0.859309
3.14 -0.841293 -0.826048
3.16 -0.901584 -0.788812
3.18 -0.960616 -0.747608
3.2 -1.01813 -0.702459
3.22 -1.07384 -0.653403
3.24 -1.12751 -0.600499
3.26 -1.17884 -0.543819
3.28 -1.22759 -0.483455
3.3 -1.27347 -0.419515
3.32 -1.31625 -0.352129
3.34 -1.35565 -0.281439
3.36 -1.39143 -0.207608
3.38 -1.42335 -0.130817
3.4 -1.45117 -0.0512617
3.42 -1.47468 0.0308427
3.44 -1.49366 0.115266
3.46 -1.50791 0.201762
3.48 -1.51725 0.29007
3.5 -1.5215 0.379913
3.52 -1.52051 0.471003
3.54 -1.51414 0.563035
3.56 -1.50228 0.655698
3.58 -1.48482 0.748665
3.6 -1.46168 0.841603
3.62 -1.4328 0.934169
3.64 -1.39814 1.02601
3.66 -1.35769 1.11678
3.68 -1.31145 1.20611
3.7 -1.25945 1.29364
3.72 -1.20175 1.37901
3.74 -1.13841 1.46186
3.76 -1.06955 1.54181
3.78 -0.995285 1.61853
3.8 -0.915765 1.69164
3.82 -0.831163 1.76081
3.84 -0.741676 1.82571
3.86 -0.647523 1.88599
3.88 -0.548946 1.94135
3.9 -0.446208 1.99148
3.92 -0.339596 2.0361
3.94 -0.229414 2.07493
3.96 -0.115986 2.10772
3.98 0.000343104 2.13423
4 0.119215 2.15426
4.02 0.240254 2.1676
4.04 0.363069 2.17409
4.06 0.487259 2.17357
4.08 0.612409 2.16594
4.1 0.738097 2.15109
4.12 0.863889 2.12895
4.14 0.989349 2.09947
4.16 1.11403 2.06265
4.18 1.2375 2.0185
4.2 1.3593 1.96705
4.22 1.47899 1.90837
4.24 1.59613 1.84255
4.26 1.71029 1.76973
4.28 1.82103 1.69005
4.3 1.92793 1.60368
4.32 2.03058 1.51084
4.34 2.12858 1.41176
4.36 2.22155 1.30668
4.38 2.30912 1.19588
4.4 2.39094 1.07968
4.42 2.46666 0.958384
4.44 2.53599 0.832346
4.46 2.59862 0.701928
4.48 2.65428 0.567511
4.5 2.70274 0.429491
4.52 2.74376 0.288283
4.54 2.77714 0.14431
4.56 2.80273 -0.00198932
4.58 2.82037 -0.15017
4.6 2.82994 -0.299777
4.62 2.83137 -0.450351
4.64 2.82458 -0.601426
4.66 2.80954 -0.752537
4.68 2.78626 -0.903215
4.7 2.75475 -1.05299
4.72 2.71506 -1.20141
4.74 2.66727 -1.34801
4.76 2.61149 -1.49233
4.78 2.54785 -1.63393
4.8 2.4765 -1.77238
4.82 2.39763 -1.90725
4.84 2.31144 -2.03812
4.86 2.21816 -2.16461
4.88 2.11805 -2.28633
4.9 2.01136 -2.40291
4.92 1.89839 -2.514
4.94 1.77946 -2.61928
4.96 1.65489 -2.71842
4.98 1.52502 -2.81114
5 1.39021 -2.89717
5.02 1.25082 -2.97626
5.04 1.10725 -3.04818
5.06 0.959877 -3.11272
5.08 0.809108 -3.16972
5.1 0.655351 -3.219
5.12 0.499021 -3.26043
5.14 0.340535 -3.29391
5.16 0.180318 -3.31934
5.18 0.0187926 -3.33666
5.2 -0.143616 -3.34583
5.22 -0.306482 -3.34682
5.24 -0.469386 -3.33965
5.26 -0.631906 -3.32435
5.28 -0.793629 -3.30095
5.3 -0.954146 -3.26953
5.32 -1.11305 -3.23017
5.34 -1.26996 -3.183
5.36 -1.42447 -3.12814
5.38 -1.57621 -3.06573
5.4 -1.72482 -2.99595
5.42 -1.86994 -2.91898
5.44 -2.01123 -2.83503
5.46 -2.14835 -2.7443
5.48 -2.28099 -2.64702
5.5 -2.40885 -2.54346
5.52 -2.53163 -2.43385
5.54 -2.64907 -2.31849
5.56 -2.76089 -2.19763
5.58 -2.86687 -2.07159
5.6 -2.96676 -1.94066
5.62 -3.06037 -1.80515
5.64 -3.14749 -1.66539
5.66 -3.22795 -1.52169
5.68 -3.30159 -1.3744
5.7 -3.36826 -1.22384
5.72 -3.42784 -1.07036
5.74 -3.48021 -0.914307
5.76 -3.52528 -0.756025
5.78 -3.56297 -0.595864
5.8 -3.59323 -0.434175
5.82 -3.61601 -0.271311
5.84 -3.63129 -0.107621
5.86 -3.63905 0.0565459
5.88 -3.6393 0.220841
5.9 -3.63205 0.384919
5.92 -3.61736 0.548438
5.94 -3.59526 0.711061
5.96 -3.56582 0.872453
5.98 -3.52913 1.03229
6 -3.48528 1.19024
6.02 -3.43438 1.34599
6.04 -3.37655 1.49924
6.06 -3.31192 1.64967
6.08 -3.24065 1.797
6.1 -3.1629 1.94093
6.12 -3.07883 2.08119
6.14 -2.98863 2.21751
6.16 -2.89249 2.34963
6.18 -2.79061 2.47731
6.2 -2.68321 2.60029
6.22 -2.57052 2.71835
6.24 -2.45276 2.83127
6.26 -2.33017 2.93884
6.28 -2.203 3.04088
6.3 -2.07151 3.13718
6.32 -1.93595 3.22759
6.34 -1.7966 3.31194
6.36 -1.65373 3.39007
6.38 -1.50761 3.46186
6.4 -1.35854 3.52717
6.42 -1.20679 3.58591
6.44 -1.05266 3.63796
6.46 -0.896444 3.68324
6.48 -0.738436 3.72168
6.5 -0.578936 3.75322
6.52 -0.418244 3.77781
6.54 -0.25666 3.79541
6.56 -0.0944864 3.806
6.58 0.0679755 3.80957
6.6 0.230425 3.80613
6.62 0.392563 3.79569
6.64 0.55409 3.77828
6.66 0.714711 3.75393
6.68 0.874132 3.72271
6.7 1.03206 3.68467
6.72 1.18822 3.6399
6.74 1.34231 3.58848
6.76 1.49407 3.53051
6.78 1.64321 3.4661
6.8 1.78947 3.39538
6.82 1.93259 3.31848
6.84 2.07231 3.23555
6.86 2.20839 3.14673
6.88 2.34057 3.05219
6.9 2.46862 2.95211
6.92 2.59231 2.84667
6.94 2.71144 2.73606
6.96 2.82577 2.62049
6.98 2.93512 2.50016
7 3.03929 2.37529
7.02 3.13809 2.24611
7.04 3.23135 2.11285
7.06 3.31891 1.97575
7.08 3.40061 1.83505
7.1 3.47631 1.69101
7.12 3.54587 1.54389
7.14 3.60918 1.39394
7.16 3.66612 1.24144
7.18 3.71659 1.08665
7.2 3.7605 0.929847
7.22 3.79778 0.771316
7.24 3.82837 0.611334
7.26 3.8522 0.450185
7.28 3.86924 0.288154
7.3 3.87945 0.125527
7.32 3.88283 -0.0374072
7.34 3.87935 -0.200362
7.36 3.86904 -0.363049
7.38 3.8519 -0.525182
7.4 3.82797 -0.686473
7.42 3.79728 -0.84664
7.44 3.7599 -1.0054
7.46 3.71588 -1.16247
7.48 3.66531 -1.31758
7.5 3.60827 -1.47045
7.52 3.54485 -1.62081
7.54 3.47518 -1.7684
7.56 3.39937 -1.91296
7.58 3.31755 -2.05423
7.6 3.22987 -2.19196
7.62 3.13647 -2.32591
7.64 3.03753 -2.45585
7.66 2.9332 -2.58154
7.68 2.82369 -2.70277
7.7 2.70916 -2.81931
7.72 2.58984 -2.93096
7.74 2.46591 -3.03753
7.76 2.3376 -3.13882
7.78 2.20514 -3.23466
7.8 2.06875 -3.32488
7.82 1.92867 -3.4093
7.84 1.78514 -3.48779
7.86 1.63842 -3.56021
7.88 1.48876 -3.62642
7.9 1.33643 -3.6863
7.92 1.18168 -3.73975
7.94 1.0248 -3.78667
7.96 0.866045 -3.82698
7.98 0.705706 -3.8606
8 0.54406 -3.88747
8.02 0.38139 -3.90754
8.04 0.21798 -3.92076
8.06 0.0541179 -3.92713
8.08 -0.10991 -3.92661
8.1 -0.273815 -3.91921
8.12 -0.437309 -3.90493
8.14 -0.600106 -3.8838
8.16 -0.761919 -3.85586
8.18 -0.922464 -3.82114
8.2 -1.08146 -3.77971
8.22 -1.23862 -3.73163
8.24 -1.39367 -3.67699
8.26 -1.54635 -3.61587
8.28 -1.69637 -3.54838
8.3 -1.84347 -3.47464
8.32 -1.9874 -3.39478
8.34 -2.1279 -3.30892
8.36 -2.26472 -3.21722
8.38 -2.39761 -3.11984
8.4 -2.52635 -3.01694
8.42 -2.6507 -2.9087
8.44 -2.77044 -2.79531
8.46 -2.88536 -2.67696
8.48 -2.99525 -2.55387
8.5 -3.09992 -2.42624
8.52 -3.19918 -2.2943
8.54 -3.29285 -2.15827
8.56 -3.38077 -2.0184
8.58 -3.46278 -1.87493
8.6 -3.53872 -1.7281
8.62 -3.60846 -1.57818
8.64 -3.67188 -1.42543
8.66 -3.72886 -1.27012
8.68 -3.77929 -1.11251
8.7 -3.82308 -0.95289
8.72 -3.86016 -0.791533
8.74 -3.89045 -0.628725
8.76 -3.91389 -0.464752
8.78 -3.93045 -0.299903
8.8 -3.94008 -0.134468
8.82 -3.94277 0.0312609
8.84 -3.9385 0.196991
8.86 -3.92729 0.362431
8.88 -3.90914 0.527286
8.9 -3.88409 0.691267
8.92 -3.85217 0.854082
8.94 -3.81344 1.01544
8.96 -3.76796 1.17506
8.98 -3.71582 1.33266
9 -3.65709 1.48796
9.02 -3.59187 1.64067
9.04 -3.52029 1.79053
9.06 -3.44246 1.93728
9.08 -3.35852 2.08065
9.1 -3.26861 2.22038
9.12 -3.17289 2.35623
9.14 -3.07152 2.48795
9.16 -2.96469 2.6153
9.18 -2.85257 2.73807
9.2 -2.73537 2.85602
9.22 -2.61329 2.96895
9.24 -2.48653 3.07666
9.26 -2.35534 3.17894
9.28 -2.21993 3.27562
9.3 -2.08054 3.36652
9.32 -1.93742 3.45148
9.34 -1.79083 3.53034
9.36 -1.64101 3.60296
9.38 -1.48823 3.6692
9.4 -1.33278 3.72896
9.42 -1.1749 3.7821
9.44 -1.0149 3.82855
9.46 -0.853051 3.86821
9.48 -0.689639 3.901
9.5 -0.524955 3.92688
9.52 -0.359292 3.94577
9.54 -0.192944 3.95766
9.56 -0.0262074 3.96252
9.58 0.140622 3.96032
9.6 0.307246 3.95108
9.62 0.473369 3.9348
9.64 0.638694 3.91152
9.66 0.802926 3.88126
9.68 0.965772 3.84408
9.7 1.12694 3.80005
9.72 1.28614 3.74923
9.74 1.4431 3.69172
9.76 1.59752 3.62761
9.78 1.74913 3.55702
9.8 1.89766 3.48006
9.82 2.04285 3.39688
9.84 2.18442 3.30761
9.86 2.32214 3.21242
9.88 2.45574 3.11147
9.9 2.585 3.00494
9.92 2.70966 2.89302
9.94 2.82952 2.7759
9.96 2.94436 2.6538
9.98 3.05396 2.52692
10 3.15812 2.39549
10.02 3.25667 2.25975
10.04 3.34942 2.11994
10.06 3.43619 1.9763
10.08 3.51684 1.82909
10.1 3.59122 1.67857
10.12 3.65919 1.52502
10.14 3.72062 1.36869
10.16 3.77541 1.20988
10.18 3.82344 1.04887
10.2 3.86464 0.885941
10.22 3.89892 0.721387
10.24 3.92622 0.555503
10.26 3.9465 0.388586
10.28 3.9597 0.220934
10.3 3.9658 0.0528483
10.32 3.96479 -0.115369
10.34 3.95667 -0.283417
10.36 3.94144 -0.450994
10.38 3.91914 -0.617797
10.4 3.8898 -0.783528
10.42 3.85347 -0.947889
10.44 3.81021 -1.11058
10.46 3.7601 -1.27132
10.48 3.70322 -1.4298
10.5 3.63968 -1.58575
10.52 3.56958 -1.73888
10.54 3.49305 -1.88891
10.56 3.41022 -2.03559
10.58 3.32124 -2.17863
10.6 3.22627 -2.31778
10.62 3.12548 -2.45279
10.64 3.01904 -2.58342
10.66 2.90715 -2.70942
10.68 2.79 -2.83057
10.7 2.6678 -2.94665
10.72 2.54078 -3.05745
10.74 2.40915 -3.16276
10.76 2.27316 -3.26239
10.78 2.13305 -3.35616
10.8 1.98906 -3.44391
10.82 1.84146 -3.52546
10.84 1.69051 -3.60068
10.86 1.53648 -3.66941
10.88 1.37966 -3.73155
10.9 1.22031 -3.78696
10.92 1.05874 -3.83555
10.94 0.895217 -3.87722
10.96 0.730053 -3.91191
10.98 0.563539 -3.93954
11 0.395977 -3.96007
11.02 0.227669 -3.97345
11.04 0.0589189 -3.97965
11.06 -0.109969 -3.97866
11.08 -0.278688 -3.97049
11.1 -0.446935 -3.95514
11.12 -0.614404 -3.93264
11.14 -0.780793 -3.90302
11.16 -0.945799 -3.86635
11.18 -1.10912 -3.82267
11.2 -1.27047 -3.77207
11.22 -1.42955 -3.71464
11.24 -1.58607 -3.65048
11.26 -1.73975 -3.5797
11.28 -1.8903 -3.50243
11.3 -2.03746 -3.41881
11.32 -2.18096 -3.32898
11.34 -2.32053 -3.23311
11.36 -2.45592 -3.13136
11.38 -2.58688 -3.02393
11.4 -2.71318 -2.911
11.42 -2.83459 -2.79278
11.44 -2.95087 -2.66947
11.46 -3.06183 -2.54131
11.48 -3.16726 -2.40851
11.5 -3.26696 -2.27133
11.52 -3.36075 -2.13001
11.54 -3.44846 -1.9848
11.56 -3.52993 -1.83597
11.58 -3.605 -1.68378
11.6 -3.67355 -1.52851
11.62 -3.73544 -1.37044
11.64 -3.79056 -1.20986
11.66 -3.83881 -1.04706
11.68 -3.88009 -0.882327
11.7 -3.91434 -0.715969
11.72 -3.94147 -0.548285
11.74 -3.96146 -0.379579
11.76 -3.97425 -0.210157
11.78 -3.97981 -0.0403276
11.8 -3.97815 0.129601
11.82 -3.96925 0.29932
11.84 -3.95314 0.468521
11.86 -3.92983 0.636895
11.88 -3.89938 0.804136
11.9 -3.86183 0.96994
11.92 -3.81725 1.134
11.94 -3.76571 1.29603
11.96 -3.70732 1.45572
11.98 -3.64217 1.61278
12 -3.57038 1.76693
12.02 -3.49208 1.91789
12.04 -3.40741 2.06538
12.06 -3.31653 2.20913
12.08 -3.21959 2.34887
12.1 -3.11678 2.48436
12.12 -3.00827 2.61534
12.14 -2.89426 2.74157
12.16 -2.77497 2.86283
12.18 -2.6506 2.97888
12.2 -2.52138 3.08952
12.22 -2.38755 3.19454
12.24 -2.24935 3.29376
12.26 -2.10702 3.38698
12.28 -1.96084 3.47404
12.3 -1.81105 3.55477
12.32 -1.65795 3.62903
12.34 -1.50179 3.69668
12.36 -1.34288 3.75759
12.38 -1.18149 3.81165
12.4 -1.01793 3.85876
12.42 -0.852488 3.89883
12.44 -0.685466 3.93179
12.46 -0.517171 3.95758
12.48 -0.347909 3.97614
12.5 -0.17799 3.98745
12.52 -0.00772423 3.99147
12.54 0.162578 3.9882
12.56 0.332605 3.97764
12.58 0.502046 3.95981
12.6 0.670591 3.93474
12.62 0.837932 3.90248
12.64 1.00376 3.86308
12.66 1.16778 3.81661
12.68 1.32968 3.76316
12.7 1.48917 3.70282
12.72 1.64595 3.6357
12.74 1.79975 3.56192
12.76 1.95027 3.48162
12.78 2.09724 3.39493
12.8 2.24039 3.30203
12.82 2.37946 3.20307
12.84 2.51419 3.09823
12.86 2.64433 2.98771
12.88 2.76965 2.87171
12.9 2.88991 2.75044
12.92 3.0049 2.62411
12.94 3.11439 2.49297
12.96 3.2182 2.35724
12.98 3.31612 2.21718
13 3.40798 2.07304
13.02 3.4936 1.92509
13.04 3.57283 1.77359
13.06 3.64553 1.61882
13.08 3.71155 1.46107
13.1 3.77077 1.30062
13.12 3.82309 1.13777
13.14 3.8684 0.972816
13.16 3.90663 0.806059
13.18 3.93769 0.637805
13.2 3.96154 0.468362
13.22 3.97813 0.298041
13.24 3.98741 0.127155
13.26 3.98938 -0.0439841
13.28 3.98404 -0.215061
13.3 3.97138 -0.385762
13.32 3.95143 -0.555773
13.34 3.92422 -0.724783
13.36 3.88981 -0.892481
13.38 3.84826 -1.05856
13.4 3.79963 -1.22271
13.42 3.74402 -1.38463
13.44 3.68153 -1.54403
13.46 3.61227 -1.70061
13.48 3.53637 -1.85408
13.5 3.45397 -2.00416
13.52 3.36525 -2.15051
