0 -0 -0
0.08 -1.83884e-37 7.40556e-41
0.16 -4.1412e-34 2.90556e-37
0.12 -6.13635e-35 3.71174e-38
0.1 -8.93177e-36 4.87829e-39
0.09 -1.78482e-36 8.83382e-40
0.085 -6.16463e-37 2.79918e-40
0.09 -1.92964e-36 9.81503e-40
0.095 -5.68056e-36 3.21759e-39
0.1 -1.58253e-35 9.92864e-39
0.105 -4.19446e-35 2.90065e-38
0.11 -1.06258e-34 8.06366e-38
0.115 -2.58311e-34 2.14239e-37
0.12 -6.04694e-34 5.46074e-37
0.125 -1.36733e-33 1.33984e-36
0.13 -2.99452e-33 3.17392e-36
0.135 -6.36717e-33 7.27815e-36
0.14 -1.31722e-32 1.6194e-35
0.145 -2.65644e-32 3.50354e-35
0.15 -5.23138e-32 7.38424e-35
0.155 -1.00759e-31 1.51877e-34
0.16 -1.90071e-31 3.05306e-34
0.165 -3.51614e-31 6.00688e-34
0.17 -6.38615e-31 1.15821e-33
0.175 -1.13998e-30 2.19109e-33
0.18 -2.00201e-30 4.07128e-33
0.185 -3.46202e-30 7.43748e-33
0.19 -5.89994e-30 1.33702e-32
0.195 -9.91625e-30 2.36718e-32
0.2 -1.64488e-29 4.13085e-32
0.205 -2.69458e-29 7.11003e-32
0.21 -4.36193e-29 1.20786e-31
0.215 -6.98134e-29 2.02648e-31
0.22 -1.10535e-28 3.35966e-31
0.225 -1.73209e-28 5.50694e-31
0.23 -2.68751e-28 8.92901e-31
0.235 -4.13068e-28 1.43277e-30
0.24 -6.29155e-28 2.27626e-30
0.245 -9.49996e-28 3.58193e-30
0.25 -1.42254e-27 5.58508e-30
0.255 -2.11316e-27 8.63209e-30
0.26 -3.11499e-27 1.32289e-29
0.265 -4.55791e-27 2.01093e-29
0.27 -6.62186e-27 3.03295e-29
0.275 -9.55461e-27 4.53998e-29
0.28 -1.36953e-26 6.74652e-29
0.285 -1.95055e-26 9.95534e-29
0.29 -2.76101e-26 1.45911e-28
0.295 -3.88502e-26 2.1246e-28
0.3 -5.43525e-26 3.0741e-28
0.305 -7.56191e-26 4.4208e-28
0.31 -1.04642e-25 6.31995e-28
0.315 -1.44052e-25 8.98334e-28
0.32 -1.97305e-25 1.26985e-27
0.325 -2.68928e-25 1.78538e-27
0.33 -3.64817e-25 2.49714e-27
0.335 -4.92626e-25 3.47505e-27
0.34 -6.62251e-25 4.81223e-27
0.345 -8.86432e-25 6.63228e-27
0.35 -1.18152e-24 9.0985e-27
0.355 -1.56842e-24 1.24258e-26
0.36 -2.07376e-24 1.68958e-26
0.365 -2.73133e-24 2.28765e-26
0.37 -3.58392e-24 3.08463e-26
0.375 -4.68548e-24 4.14257e-26
0.38 -6.10383e-24 5.5416e-26
0.385 -7.92399e-24 7.38487e-26
0.39 -1.02522e-23 9.80475e-26
0.395 -1.32209e-23 1.29705e-25
0.4 -1.69946e-23 1.7098e-25
0.405 -2.17771e-23 2.24613e-25
0.41 -2.78204e-23 2.94081e-25
0.415 -3.54349e-23 3.83774e-25
0.42 -4.50024e-23 4.99223e-25
0.425 -5.69911e-23 6.47376e-25
0.43 -7.19735e-23 8.36938e-25
0.435 -9.06487e-23 1.07879e-24
0.44 -1.13868e-22 1.38648e-24
0.445 -1.42664e-22 1.77686e-24
0.45 -1.78291e-22 2.27083e-24
0.455 -2.22264e-22 2.89424e-24
0.46 -2.76413e-22 3.67898e-24
0.465 -3.4294e-22 4.66433e-24
0.47 -4.24493e-22 5.89853e-24
0.475 -5.24248e-22 7.4407e-24
0.48 -6.46009e-22 9.36317e-24
0.485 -7.94319e-22 1.17542e-23
0.49 -9.74598e-22 1.47212e-23
0.495 -1.1933e-21 1.83949e-23
0.5 -1.45809e-21 2.29337e-23
0.505 -1.77806e-21 2.85294e-23
0.51 -2.16399e-21 3.54137e-23
0.515 -2.62862e-21 4.38662e-23
0.52 -3.18697e-21 5.42231e-23
0.525 -3.85675e-21 6.68888e-23
0.53 -4.65881e-21 8.2348e-23
0.535 -5.61763e-21 1.01181e-22
0.54 -6.76192e-21 1.24082e-22
0.545 -8.12529e-21 1.51879e-22
0.55 -9.74708e-21 1.85557e-22
0.555 -1.16732e-20 2.26291e-22
0.56 -1.39571e-20 2.75472e-22
0.565 -1.66613e-20 3.34752e-22
0.57 -1.98581e-20 4.06087e-22
0.575 -2.36317e-20 4.91786e-22
0.58 -2.80798e-20 5.94578e-22
0.585 -3.33153e-20 7.17677e-22
0.59 -3.94691e-20 8.64865e-22
0.595 -4.66922e-20 1.04059e-21
0.6 -5.51587e-20 1.25006e-21
0.605 -6.50697e-20 1.49941e-21
0.61 -7.66562e-20 1.79577e-21
0.615 -9.0184e-20 2.14753e-21
0.62 -1.05958e-19 2.56444e-21
0.625 -1.24329e-19 3.05789e-21
0.63 -1.45697e-19 3.64113e-21
0.635 -1.70522e-19 4.3296e-21
0.64 -1.99328e-19 5.14118e-21
0.645 -2.32715e-19 6.09668e-21
0.65 -2.71365e-19 7.22016e-21
0.655 -3.16059e-19 8.53949e-21
0.66 -3.67683e-19 1.00869e-20
0.665 -4.27245e-19 1.18996e-20
0.67 -4.95891e-19 1.40206e-20
0.675 -5.74923e-19 1.64992e-20
0.68 -6.65815e-19 1.93925e-20
0.685 -7.70239e-19 2.27659e-20
0.69 -8.90085e-19 2.66947e-20
0.695 -1.02749e-18 3.12652e-20
0.7 -1.18488e-18 3.65763e-20
0.705 -1.36497e-18 4.27414e-20
0.71 -1.57084e-18 4.989e-20
0.715 -1.80596e-18 5.81705e-20
0.72 -2.07423e-18 6.77519e-20
0.725 -2.38003e-18 7.88274e-20
0.73 -2.72831e-18 9.1617e-20
0.735 -3.1246e-18 1.06371e-19
0.74 -3.57512e-18 1.23375e-19
0.745 -4.08683e-18 1.42952e-19
0.75 -4.66755e-18 1.65471e-19
0.755 -5.32602e-18 1.91349e-19
0.76 -6.07202e-18 2.2106e-19
0.765 -6.91647e-18 2.55138e-19
0.77 -7.87158e-18 2.94192e-19
0.775 -8.95097e-18 3.38908e-19
0.78 -1.01698e-17 3.9006e-19
0.785 -1.15451e-17 4.48524e-19
0.79 -1.30957e-17 5.15288e-19
0.795 -1.48425e-17 5.91465e-19
0.8 -1.68089e-17 6.78309e-19
0.805 -1.90208e-17 7.77231e-19
0.81 -2.1507e-17 8.89819e-19
0.815 -2.42996e-17 1.01786e-18
0.82 -2.74339e-17 1.16335e-18
0.825 -3.09493e-17 1.32854e-18
0.83 -3.48892e-17 1.51595e-18
0.835 -3.9302e-17 1.72841e-18
0.84 -4.42408e-17 1.96908e-18
0.845 -4.97647e-17 2.2415e-18
0.85 -5.59387e-17 2.54963e-18
0.855 -6.28348e-17 2.8979e-18
0.86 -7.05323e-17 3.29123e-18
0.865 -7.91188e-17 3.73516e-18
0.87 -8.86908e-17 4.23582e-18
0.875 -9.93544e-17 4.80007e-18
0.88 -1.11227e-16 5.43554e-18
0.885 -1.24437e-16 6.15074e-18
0.89 -1.39126e-16 6.95512e-18
0.895 -1.5545e-16 7.85918e-18
0.9 -1.73579e-16 8.87461e-18
0.905 -1.93702e-16 1.00144e-17
0.91 -2.16025e-16 1.12929e-17
0.915 -2.40773e-16 1.2726e-17
0.92 -2.68195e-16 1.43316e-17
0.925 -2.98561e-16 1.61291e-17
0.93 -3.32169e-16 1.81403e-17
0.935 -3.69344e-16 2.03892e-17
0.94 -4.10442e-16 2.29024e-17
0.945 -4.55852e-16 2.57091e-17
0.95 -5.05999e-16 2.88419e-17
0.955 -5.61348e-16 3.23365e-17
0.96 -6.22406e-16 3.62325e-17
0.965 -6.89727e-16 4.05734e-17
0.97 -7.63913e-16 4.54073e-17
0.975 -8.45624e-16 5.07871e-17
0.98 -9.35577e-16 5.6771e-17
0.985 -1.03455e-15 6.34233e-17
0.99 -1.1434e-15 7.08146e-17
0.995 -1.26305e-15 7.90223e-17
1 -1.39451e-15 8.81318e-17
1.005 -1.53886e-15 9.82368e-17
1.01 -1.69731e-15 1.0944e-16
1.015 -1.87115e-15 1.21855e-16
1.02 -2.06177e-15 1.35604e-16
1.025 -2.27071e-15 1.50825e-16
1.03 -2.49961e-15 1.67665e-16
1.035 -2.75027e-15 1.86287e-16
1.04 -3.02464e-15 2.0687e-16
1.045 -3.32481e-15 2.2961e-16
1.05 -3.65308e-15 2.54719e-16
1.055 -4.01192e-15 2.82431e-16
1.06 -4.40399e-15 3.13001e-16
1.065 -4.8322e-15 3.46709e-16
1.07 -5.29967e-15 3.83858e-16
1.075 -5.80978e-15 4.24781e-16
1.08 -6.3662e-15 4.6984e-16
1.085 -6.97287e-15 5.1943e-16
1.09 -7.63406e-15 5.73983e-16
1.095 -8.35437e-15 6.33968e-16
1.1 -9.13877e-15 6.99896e-16
1.105 -9.99262e-15 7.72324e-16
1.11 -1.09217e-14 8.51858e-16
1.115 -1.19322e-14 9.39158e-16
1.12 -1.30309e-14 1.03494e-15
1.125 -1.42251e-14 1.13998e-15
1.13 -1.55223e-14 1.25514e-15
1.135 -1.69312e-14 1.38131e-15
1.14 -1.84606e-14 1.51952e-15
1.145 -2.01203e-14 1.67084e-15
1.15 -2.19207e-14 1.83644e-15
1.155 -2.38731e-14 2.01761e-15
1.16 -2.59893e-14 2.21572e-15
1.165 -2.82825e-14 2.43227e-15
1.17 -3.07665e-14 2.66889e-15
1.175 -3.34561e-14 2.92733e-15
1.18 -3.63675e-14 3.20951e-15
1.185 -3.95178e-14 3.51747e-15
1.19 -4.29253e-14 3.85344e-15
1.195 -4.66099e-14 4.21984e-15
1.2 -5.05927e-14 4.61928e-15
1.205 -5.48964e-14 5.05455e-15
1.21 -5.95453e-14 5.52872e-15
1.215 -6.45653e-14 6.04506e-15
1.22 -6.99844e-14 6.60711e-15
1.225 -7.58322e-14 7.21871e-15
1.23 -8.21408e-14 7.88399e-15
1.235 -8.89442e-14 8.6074e-15
1.24 -9.62788e-14 9.39373e-15
1.245 -1.04184e-13 1.02482e-14
1.25 -1.127e-13 1.11763e-14
1.255 -1.21873e-13 1.21841e-14
1.26 -1.3175e-13 1.32781e-14
1.265 -1.42382e-13 1.44652e-14
1.27 -1.53822e-13 1.57529e-14
1.275 -1.66129e-13 1.71493e-14
1.28 -1.79364e-13 1.8663e-14
1.285 -1.93592e-13 2.03034e-14
1.29 -2.08885e-13 2.20805e-14
1.295 -2.25317e-13 2.4005e-14
1.3 -2.42967e-13 2.60886e-14
1.305 -2.6192e-13 2.83436e-14
1.31 -2.82267e-13 3.07833e-14
1.315 -3.04103e-13 3.34222e-14
1.32 -3.27532e-13 3.62755e-14
1.325 -3.52662e-13 3.93597e-14
1.33 -3.79609e-13 4.26926e-14
1.335 -4.08497e-13 4.62929e-14
1.34 -4.39457e-13 5.0181e-14
1.345 -4.72628e-13 5.43787e-14
1.35 -5.08159e-13 5.89093e-14
1.355 -5.46207e-13 6.37976e-14
1.36 -5.8694e-13 6.90705e-14
1.365 -6.30535e-13 7.47564e-14
1.37 -6.77182e-13 8.08861e-14
1.375 -7.27081e-13 8.74921e-14
1.38 -7.80444e-13 9.46095e-14
1.385 -8.37498e-13 1.02276e-13
1.39 -8.98482e-13 1.10531e-13
1.395 -9.6365e-13 1.19417e-13
1.4 -1.03327e-12 1.28981e-13
1.405 -1.10763e-12 1.39271e-13
1.41 -1.18704e-12 1.50338e-13
1.415 -1.2718e-12 1.6224e-13
1.42 -1.36227e-12 1.75034e-13
1.425 -1.4588e-12 1.88784e-13
1.43 -1.56178e-12 2.03559e-13
1.435 -1.6716e-12 2.19429e-13
1.44 -1.7887e-12 2.36471e-13
1.445 -1.91353e-12 2.54768e-13
1.45 -2.04656e-12 2.74407e-13
1.455 -2.18831e-12 2.9548e-13
1.46 -2.3393e-12 3.18087e-13
1.465 -2.5001e-12 3.42333e-13
1.47 -2.67132e-12 3.68331e-13
1.475 -2.85358e-12 3.96199e-13
1.48 -3.04755e-12 4.26065e-13
1.485 -3.25394e-12 4.58065e-13
1.49 -3.47349e-12 4.92342e-13
1.495 -3.707e-12 5.2905e-13
1.5 -3.95528e-12 5.6835e-13
1.505 -4.21923e-12 6.10417e-13
1.51 -4.49976e-12 6.55435e-13
1.515 -4.79786e-12 7.03597e-13
1.52 -5.11455e-12 7.55113e-13
1.525 -5.45093e-12 8.10203e-13
1.53 -5.80813e-12 8.69101e-13
1.535 -6.18737e-12 9.32055e-13
1.54 -6.58993e-12 9.99329e-13
1.545 -7.01715e-12 1.0712e-12
1.55 -7.47043e-12 1.14798e-12
1.555 -7.95129e-12 1.22996e-12
1.56 -8.46128e-12 1.31749e-12
1.565 -9.00206e-12 1.41092e-12
1.57 -9.57538e-12 1.51063e-12
1.575 -1.01831e-11 1.61702e-12
1.58 -1.0827e-11 1.7305e-12
1.585 -1.15094e-11 1.85152e-12
1.59 -1.22322e-11 1.98056e-12
1.595 -1.29977e-11 2.11812e-12
1.6 -1.38082e-11 2.26473e-12
1.605 -1.46664e-11 2.42095e-12
1.61 -1.55748e-11 2.58738e-12
1.615 -1.65361e-11 2.76465e-12
1.62 -1.75532e-11 2.95341e-12
1.625 -1.86292e-11 3.15438e-12
1.63 -1.97672e-11 3.36831e-12
1.635 -2.09707e-11 3.59597e-12
1.64 -2.22431e-11 3.83821e-12
1.645 -2.35881e-11 4.0959e-12
1.65 -2.50096e-11 4.36997e-12
1.655 -2.65118e-11 4.66141e-12
1.66 -2.80988e-11 4.97125e-12
1.665 -2.97751e-11 5.3006e-12
1.67 -3.15455e-11 5.65061e-12
1.675 -3.3415e-11 6.02249e-12
1.68 -3.53886e-11 6.41756e-12
1.685 -3.74719e-11 6.83716e-12
1.69 -3.96705e-11 7.28273e-12
1.695 -4.19904e-11 7.7558e-12
1.7 -4.44379e-11 8.25796e-12
1.705 -4.70196e-11 8.7909e-12
1.71 -4.97422e-11 9.3564e-12
1.715 -5.26131e-11 9.95634e-12
1.72 -5.56398e-11 1.05927e-11
1.725 -5.88302e-11 1.12676e-11
1.73 -6.21926e-11 1.19831e-11
1.735 -6.57357e-11 1.27417e-11
1.74 -6.94684e-11 1.35457e-11
1.745 -7.34005e-11 1.43977e-11
1.75 -7.75417e-11 1.53005e-11
1.755 -8.19025e-11 1.62569e-11
1.76 -8.64939e-11 1.72698e-11
1.765 -9.13271e-11 1.83424e-11
1.77 -9.64141e-11 1.94781e-11
1.775 -1.01767e-10 2.06804e-11
1.78 -1.074e-10 2.19529e-11
1.785 -1.13326e-10 2.32994e-11
1.79 -1.19558e-10 2.47241e-11
1.795 -1.26113e-10 2.62313e-11
1.8 -1.33006e-10 2.78254e-11
1.805 -1.40252e-10 2.95112e-11
1.81 -1.47869e-10 3.12935e-11
1.815 -1.55875e-10 3.31778e-11
1.82 -1.64288e-10 3.51694e-11
1.825 -1.73127e-10 3.7274e-11
1.83 -1.82414e-10 3.94979e-11
1.835 -1.92168e-10 4.18472e-11
1.84 -2.02411e-10 4.43288e-11
1.845 -2.13168e-10 4.69495e-11
1.85 -2.24461e-10 4.97169e-11
1.855 -2.36316e-10 5.26385e-11
1.86 -2.48759e-10 5.57225e-11
1.865 -2.61818e-10 5.89774e-11
1.87 -2.75519e-10 6.24121e-11
1.875 -2.89894e-10 6.6036e-11
1.88 -3.04973e-10 6.9859e-11
1.885 -3.20788e-10 7.38912e-11
1.89 -3.37373e-10 7.81435e-11
1.895 -3.54762e-10 8.26272e-11
1.9 -3.72993e-10 8.73542e-11
1.905 -3.92103e-10 9.23369e-11
1.91 -4.12132e-10 9.75884e-11
1.915 -4.33121e-10 1.03122e-10
1.92 -4.55113e-10 1.08953e-10
1.925 -4.78152e-10 1.15095e-10
1.93 -5.02286e-10 1.21565e-10
1.935 -5.27562e-10 1.28378e-10
1.94 -5.54031e-10 1.35553e-10
1.945 -5.81747e-10 1.43106e-10
1.95 -6.10763e-10 1.51057e-10
1.955 -6.41136e-10 1.59426e-10
1.96 -6.72925e-10 1.68233e-10
1.965 -7.06193e-10 1.775e-10
1.97 -7.41003e-10 1.8725e-10
1.975 -7.77422e-10 1.97506e-10
1.98 -8.15519e-10 2.08292e-10
1.985 -8.55367e-10 2.19635e-10
1.99 -8.9704e-10 2.31562e-10
1.995 -9.40616e-10 2.44101e-10
2 -9.86176e-10 2.57282e-10
2.005 -1.0338e-09 2.71135e-10
2.01 -1.08359e-09 2.85693e-10
2.015 -1.13562e-09 3.00989e-10
2.02 -1.18999e-09 3.17059e-10
2.025 -1.24681e-09 3.3394e-10
2.03 -1.30616e-09 3.5167e-10
2.035 -1.36816e-09 3.70289e-10
2.04 -1.43292e-09 3.89839e-10
2.045 -1.50055e-09 4.10365e-10
2.05 -1.57117e-09 4.31911e-10
2.055 -1.6449e-09 4.54525e-10
2.06 -1.72188e-09 4.78258e-10
2.065 -1.80222e-09 5.03161e-10
2.07 -1.88608e-09 5.29289e-10
2.075 -1.97359e-09 5.56698e-10
2.08 -2.06491e-09 5.85448e-10
2.085 -2.16018e-09 6.15599e-10
2.09 -2.25956e-09 6.47217e-10
2.095 -2.36323e-09 6.80368e-10
2.1 -2.47134e-09 7.15122e-10
2.105 -2.58409e-09 7.51553e-10
2.11 -2.70165e-09 7.89735e-10
2.115 -2.82422e-09 8.29749e-10
2.12 -2.95199e-09 8.71677e-10
2.125 -3.08516e-09 9.15604e-10
2.13 -3.22396e-09 9.61621e-10
2.135 -3.36861e-09 1.00982e-09
2.14 -3.51932e-09 1.0603e-09
2.145 -3.67634e-09 1.11316e-09
2.15 -3.83991e-09 1.16851e-09
2.155 -4.01029e-09 1.22646e-09
2.16 -4.18774e-09 1.28712e-09
2.165 -4.37253e-09 1.35061e-09
2.17 -4.56495e-09 1.41705e-09
2.175 -4.76528e-09 1.48658e-09
2.18 -4.97384e-09 1.55932e-09
2.185 -5.19092e-09 1.63543e-09
2.19 -5.41687e-09 1.71504e-09
2.195 -5.652e-09 1.7983e-09
2.2 -5.89667e-09 1.88538e-09
2.205 -6.15125e-09 1.97643e-09
2.21 -6.41609e-09 2.07164e-09
2.215 -6.69158e-09 2.17116e-09
2.22 -6.97813e-09 2.2752e-09
2.225 -7.27614e-09 2.38394e-09
2.23 -7.58604e-09 2.49758e-09
2.235 -7.90827e-09 2.61633e-09
2.24 -8.24328e-09 2.7404e-09
2.245 -8.59154e-09 2.87002e-09
2.25 -8.95355e-09 3.00542e-09
2.255 -9.32979e-09 3.14684e-09
2.26 -9.7208e-09 3.29454e-09
2.265 -1.01271e-08 3.44877e-09
2.27 -1.05493e-08 3.6098e-09
2.275 -1.09878e-08 3.77793e-09
2.28 -1.14434e-08 3.95343e-09
2.285 -1.19167e-08 4.13662e-09
2.29 -1.24081e-08 4.32781e-09
2.295 -1.29185e-08 4.52733e-09
2.3 -1.34485e-08 4.73551e-09
2.305 -1.39988e-08 4.95271e-09
2.31 -1.45701e-08 5.1793e-09
2.315 -1.51631e-08 5.41566e-09
2.32 -1.57786e-08 5.66218e-09
2.325 -1.64174e-08 5.91927e-09
2.33 -1.70804e-08 6.18736e-09
2.335 -1.77683e-08 6.46689e-09
2.34 -1.8482e-08 6.75831e-09
2.345 -1.92224e-08 7.0621e-09
2.35 -1.99905e-08 7.37875e-09
2.355 -2.07872e-08 7.70877e-09
2.36 -2.16135e-08 8.0527e-09
2.365 -2.24704e-08 8.41107e-09
2.37 -2.33589e-08 8.78446e-09
2.375 -2.42802e-08 9.17345e-09
2.38 -2.52353e-08 9.57866e-09
2.385 -2.62254e-08 1.00007e-08
2.39 -2.72516e-08 1.04403e-08
2.395 -2.83153e-08 1.08981e-08
2.4 -2.94176e-08 1.13747e-08
2.405 -3.05599e-08 1.1871e-08
2.41 -3.17435e-08 1.23876e-08
2.415 -3.29697e-08 1.29255e-08
2.42 -3.424e-08 1.34852e-08
2.425 -3.55559e-08 1.40678e-08
2.43 -3.69188e-08 1.46741e-08
2.435 -3.83303e-08 1.5305e-08
2.44 -3.9792e-08 1.59614e-08
2.445 -4.13056e-08 1.66442e-08
2.45 -4.28727e-08 1.73546e-08
2.455 -4.44951e-08 1.80935e-08
2.46 -4.61746e-08 1.88619e-08
2.465 -4.7913e-08 1.96611e-08
2.47 -4.97122e-08 2.04921e-08
2.475 -5.15743e-08 2.13561e-08
2.48 -5.35012e-08 2.22544e-08
2.485 -5.5495e-08 2.31882e-08
2.49 -5.75578e-08 2.41588e-08
2.495 -5.96919e-08 2.51677e-08
2.5 -6.18995e-08 2.62161e-08
2.505 -6.41829e-08 2.73057e-08
2.51 -6.65446e-08 2.84377e-08
2.515 -6.89869e-08 2.96139e-08
2.52 -7.15125e-08 3.08359e-08
2.525 -7.41239e-08 3.21052e-08
2.53 -7.68238e-08 3.34236e-08
2.535 -7.9615e-08 3.47928e-08
2.54 -8.25004e-08 3.62148e-08
2.545 -8.54827e-08 3.76914e-08
2.55 -8.85651e-08 3.92246e-08
2.555 -9.17506e-08 4.08163e-08
2.56 -9.50424e-08 4.24687e-08
2.565 -9.84437e-08 4.4184e-08
2.57 -1.01958e-07 4.59643e-08
2.575 -1.05588e-07 4.7812e-08
2.58 -1.09339e-07 4.97294e-08
2.585 -1.13213e-07 5.1719e-08
2.59 -1.17214e-07 5.37834e-08
2.595 -1.21346e-07 5.59252e-08
2.6 -1.25613e-07 5.8147e-08
2.605 -1.30019e-07 6.04517e-08
2.61 -1.34568e-07 6.28421e-08
2.615 -1.39265e-07 6.53213e-08
2.62 -1.44114e-07 6.78922e-08
2.625 -1.49118e-07 7.05582e-08
2.63 -1.54284e-07 7.33223e-08
2.635 -1.59616e-07 7.61881e-08
2.64 -1.65118e-07 7.9159e-08
2.645 -1.70795e-07 8.22385e-08
2.65 -1.76653e-07 8.54305e-08
2.655 -1.82697e-07 8.87387e-08
2.66 -1.88932e-07 9.2167e-08
2.665 -1.95365e-07 9.57196e-08
2.67 -2.01999e-07 9.94005e-08
2.675 -2.08842e-07 1.03214e-07
2.68 -2.15899e-07 1.07165e-07
2.685 -2.23177e-07 1.11258e-07
2.69 -2.30682e-07 1.15497e-07
2.695 -2.38419e-07 1.19888e-07
2.7 -2.46397e-07 1.24435e-07
2.705 -2.54621e-07 1.29144e-07
2.71 -2.63099e-07 1.3402e-07
2.715 -2.71837e-07 1.39069e-07
2.72 -2.80843e-07 1.44295e-07
2.725 -2.90125e-07 1.49706e-07
2.73 -2.9969e-07 1.55307e-07
2.735 -3.09546e-07 1.61104e-07
2.74 -3.19702e-07 1.67104e-07
2.745 -3.30164e-07 1.73313e-07
2.75 -3.40943e-07 1.79739e-07
2.755 -3.52046e-07 1.86387e-07
2.76 -3.63483e-07 1.93266e-07
2.765 -3.75262e-07 2.00382e-07
2.77 -3.87393e-07 2.07744e-07
2.775 -3.99886e-07 2.15359e-07
2.78 -4.12749e-07 2.23236e-07
2.785 -4.25995e-07 2.31382e-07
2.79 -4.39632e-07 2.39806e-07
2.795 -4.53671e-07 2.48518e-07
2.8 -4.68123e-07 2.57526e-07
2.805 -4.82999e-07 2.66839e-07
2.81 -4.9831e-07 2.76467e-07
2.815 -5.14068e-07 2.86421e-07
2.82 -5.30284e-07 2.9671e-07
2.825 -5.46972e-07 3.07344e-07
2.83 -5.64142e-07 3.18335e-07
2.835 -5.81809e-07 3.29694e-07
2.84 -5.99984e-07 3.41432e-07
2.845 -6.18681e-07 3.53561e-07
2.85 -6.37915e-07 3.66092e-07
2.855 -6.57697e-07 3.79039e-07
2.86 -6.78044e-07 3.92414e-07
2.865 -6.98969e-07 4.0623e-07
2.87 -7.20488e-07 4.20501e-07
2.875 -7.42615e-07 4.35241e-07
2.88 -7.65366e-07 4.50463e-07
2.885 -7.88757e-07 4.66183e-07
2.89 -8.12805e-07 4.82415e-07
2.895 -8.37526e-07 4.99176e-07
2.9 -8.62936e-07 5.16481e-07
2.905 -8.89054e-07 5.34346e-07
2.91 -9.15898e-07 5.52788e-07
2.915 -9.43484e-07 5.71825e-07
2.92 -9.71833e-07 5.91474e-07
2.925 -1.00096e-06 6.11754e-07
2.93 -1.03089e-06 6.32683e-07
2.935 -1.06164e-06 6.54281e-07
2.94 -1.09323e-06 6.76567e-07
2.945 -1.12569e-06 6.99561e-07
2.95 -1.15902e-06 7.23285e-07
2.955 -1.19326e-06 7.4776e-07
2.96 -1.22842e-06 7.73007e-07
2.965 -1.26454e-06 7.99051e-07
2.97 -1.30162e-06 8.25913e-07
2.975 -1.3397e-06 8.53617e-07
2.98 -1.3788e-06 8.82188e-07
2.985 -1.41895e-06 9.11652e-07
2.99 -1.46016e-06 9.42033e-07
2.995 -1.50247e-06 9.73358e-07
3 -1.54589e-06 1.00566e-06
3.005 -1.59047e-06 1.03895e-06
3.01 -1.63622e-06 1.07328e-06
3.015 -1.68317e-06 1.10866e-06
3.02 -1.73135e-06 1.14512e-06
3.025 -1.78079e-06 1.18271e-06
3.03 -1.83152e-06 1.22145e-06
3.035 -1.88357e-06 1.26137e-06
3.04 -1.93697e-06 1.3025e-06
3.045 -1.99175e-06 1.34488e-06
3.05 -2.04794e-06 1.38855e-06
3.055 -2.10558e-06 1.43354e-06
3.06 -2.1647e-06 1.47989e-06
3.065 -2.22533e-06 1.52763e-06
3.07 -2.28751e-06 1.57681e-06
3.075 -2.35127e-06 1.62746e-06
3.08 -2.41665e-06 1.67962e-06
3.085 -2.48369e-06 1.73335e-06
3.09 -2.55242e-06 1.78867e-06
3.095 -2.62288e-06 1.84563e-06
3.1 -2.69511e-06 1.90429e-06
3.105 -2.76915e-06 1.96467e-06
3.11 -2.84504e-06 2.02684e-06
3.115 -2.92282e-06 2.09084e-06
3.12 -3.00254e-06 2.15672e-06
3.125 -3.08423e-06 2.22454e-06
3.13 -3.16795e-06 2.29433e-06
3.135 -3.25372e-06 2.36616e-06
3.14 -3.34161e-06 2.44008e-06
3.145 -3.43165e-06 2.51615e-06
3.15 -3.5239e-06 2.59442e-06
3.155 -3.6184e-06 2.67496e-06
3.16 -3.71519e-06 2.75782e-06
3.165 -3.81434e-06 2.84306e-06
3.17 -3.91588e-06 2.93076e-06
3.175 -4.01988e-06 3.02097e-06
3.18 -4.12638e-06 3.11375e-06
3.185 -4.23544e-06 3.20919e-06
3.19 -4.3471e-06 3.30734e-06
3.195 -4.46144e-06 3.40828e-06
3.2 -4.5785e-06 3.51208e-06
3.205 -4.69834e-06 3.61881e-06
3.21 -4.82102e-06 3.72856e-06
3.215 -4.9466e-06 3.8414e-06
3.22 -5.07514e-06 3.9574e-06
3.225 -5.20669e-06 4.07666e-06
3.23 -5.34134e-06 4.19925e-06
3.235 -5.47913e-06 4.32527e-06
3.24 -5.62013e-06 4.45479e-06
3.245 -5.76441e-06 4.58791e-06
3.25 -5.91203e-06 4.72472e-06
3.255 -6.06307e-06 4.86532e-06
3.26 -6.2176e-06 5.00979e-06
3.265 -6.37567e-06 5.15825e-06
3.27 -6.53738e-06 5.31078e-06
3.275 -6.70278e-06 5.46749e-06
3.28 -6.87196e-06 5.62849e-06
3.285 -7.04498e-06 5.79389e-06
3.29 -7.22193e-06 5.96379e-06
3.295 -7.40289e-06 6.1383e-06
3.3 -7.58793e-06 6.31755e-06
3.305 -7.77713e-06 6.50165e-06
3.31 -7.97059e-06 6.69071e-06
3.315 -8.16837e-06 6.88487e-06
3.32 -8.37056e-06 7.08425e-06
3.325 -8.57726e-06 7.28897e-06
3.33 -8.78855e-06 7.49917e-06
3.335 -9.00452e-06 7.71498e-06
3.34 -9.22526e-06 7.93654e-06
3.345 -9.45085e-06 8.164e-06
3.35 -9.68141e-06 8.39748e-06
3.355 -9.91701e-06 8.63714e-06
3.36 -1.01578e-05 8.88313e-06
3.365 -1.04037e-05 9.13561e-06
3.37 -1.06551e-05 9.39472e-06
3.375 -1.09119e-05 9.66063e-06
3.38 -1.11742e-05 9.93349e-06
3.385 -1.14422e-05 1.02135e-05
3.39 -1.17159e-05 1.05008e-05
3.395 -1.19955e-05 1.07955e-05
3.4 -1.22811e-05 1.1098e-05
3.405 -1.25727e-05 1.14082e-05
3.41 -1.28706e-05 1.17265e-05
3.415 -1.31748e-05 1.20529e-05
3.42 -1.34854e-05 1.23878e-05
3.425 -1.38025e-05 1.27312e-05
3.43 -1.41263e-05 1.30835e-05
3.435 -1.44569e-05 1.34447e-05
3.44 -1.47944e-05 1.38152e-05
3.445 -1.5139e-05 1.41951e-05
3.45 -1.54907e-05 1.45846e-05
3.455 -1.58497e-05 1.4984e-05
3.46 -1.62161e-05 1.53935e-05
3.465 -1.65901e-05 1.58133e-05
3.47 -1.69717e-05 1.62437e-05
3.475 -1.73612e-05 1.66849e-05
3.48 -1.77586e-05 1.71371e-05
3.485 -1.81642e-05 1.76007e-05
3.49 -1.85779e-05 1.80758e-05
3.495 -1.90001e-05 1.85628e-05
3.5 -1.94308e-05 1.90618e-05
3.505 -1.98702e-05 1.95733e-05
3.51 -2.03184e-05 2.00973e-05
3.515 -2.07756e-05 2.06343e-05
3.52 -2.12419e-05 2.11846e-05
3.525 -2.17176e-05 2.17483e-05
3.53 -2.22026e-05 2.23259e-05
3.535 -2.26973e-05 2.29176e-05
3.54 -2.32018e-05 2.35238e-05
3.545 -2.37162e-05 2.41447e-05
3.55 -2.42408e-05 2.47807e-05
3.555 -2.47756e-05 2.54321e-05
3.56 -2.53208e-05 2.60994e-05
3.565 -2.58767e-05 2.67827e-05
3.57 -2.64434e-05 2.74825e-05
3.575 -2.70211e-05 2.81991e-05
3.58 -2.76099e-05 2.89329e-05
3.585 -2.82101e-05 2.96843e-05
3.59 -2.88218e-05 3.04537e-05
3.595 -2.94452e-05 3.12414e-05
3.6 -3.00806e-05 3.20479e-05
3.605 -3.0728e-05 3.28734e-05
3.61 -3.13877e-05 3.37186e-05
3.615 -3.206e-05 3.45837e-05
3.62 -3.27449e-05 3.54693e-05
3.625 -3.34427e-05 3.63756e-05
3.63 -3.41537e-05 3.73033e-05
3.635 -3.48779e-05 3.82527e-05
3.64 -3.56157e-05 3.92244e-05
3.645 -3.63672e-05 4.02187e-05
3.65 -3.71327e-05 4.12361e-05
3.655 -3.79123e-05 4.22772e-05
3.66 -3.87064e-05 4.33425e-05
3.665 -3.9515e-05 4.44324e-05
3.67 -4.03385e-05 4.55474e-05
3.675 -4.11771e-05 4.66882e-05
3.68 -4.20309e-05 4.78552e-05
3.685 -4.29004e-05 4.9049e-05
3.69 -4.37855e-05 5.02701e-05
3.695 -4.46867e-05 5.15191e-05
3.7 -4.56042e-05 5.27965e-05
3.705 -4.65382e-05 5.41031e-05
3.71 -4.74889e-05 5.54393e-05
3.715 -4.84566e-05 5.68058e-05
3.72 -4.94416e-05 5.82032e-05
3.725 -5.04441e-05 5.9632e-05
3.73 -5.14643e-05 6.10931e-05
3.735 -5.25026e-05 6.2587e-05
3.74 -5.35592e-05 6.41144e-05
3.745 -5.46344e-05 6.56759e-05
3.75 -5.57284e-05 6.72723e-05
3.755 -5.68416e-05 6.89043e-05
3.76 -5.79741e-05 7.05725e-05
3.765 -5.91263e-05 7.22778e-05
3.77 -6.02985e-05 7.40208e-05
3.775 -6.14909e-05 7.58023e-05
3.78 -6.27039e-05 7.7623e-05
3.785 -6.39377e-05 7.94839e-05
3.79 -6.51926e-05 8.13855e-05
3.795 -6.64689e-05 8.33289e-05
3.8 -6.7767e-05 8.53147e-05
3.805 -6.90871e-05 8.73438e-05
3.81 -7.04296e-05 8.94171e-05
3.815 -7.17947e-05 9.15355e-05
3.82 -7.31827e-05 9.36997e-05
3.825 -7.45941e-05 9.59108e-05
3.83 -7.60291e-05 9.81697e-05
3.835 -7.7488e-05 0.000100477
3.84 -7.89711e-05 0.000102834
3.845 -8.04789e-05 0.000105242
3.85 -8.20115e-05 0.000107701
3.855 -8.35695e-05 0.000110213
3.86 -8.5153e-05 0.000112778
3.865 -8.67625e-05 0.000115398
3.87 -8.83983e-05 0.000118074
3.875 -9.00608e-05 0.000120806
3.88 -9.17502e-05 0.000123596
3.885 -9.3467e-05 0.000126445
3.89 -9.52116e-05 0.000129354
3.895 -9.69842e-05 0.000132324
3.9 -9.87853e-05 0.000135356
3.905 -0.000100615 0.000138452
3.91 -0.000102474 0.000141612
3.915 -0.000104363 0.000144839
3.92 -0.000106282 0.000148132
3.925 -0.000108231 0.000151494
3.93 -0.000110211 0.000154925
3.935 -0.000112221 0.000158428
3.94 -0.000114264 0.000162002
3.945 -0.000116338 0.000165651
3.95 -0.000118445 0.000169374
3.955 -0.000120584 0.000173174
3.96 -0.000122757 0.000177051
3.965 -0.000124963 0.000181008
3.97 -0.000127203 0.000185045
3.975 -0.000129478 0.000189164
3.98 -0.000131787 0.000193367
3.985 -0.000134132 0.000197656
3.99 -0.000136512 0.000202031
3.995 -0.000138929 0.000206494
4 -0.000141382 0.000211047
4.005 -0.000143872 0.000215691
4.01 -0.000146399 0.000220429
4.015 -0.000148965 0.000225262
4.02 -0.000151569 0.000230191
4.025 -0.000154211 0.000235219
4.03 -0.000156893 0.000240346
4.035 -0.000159615 0.000245575
4.04 -0.000162377 0.000250908
4.045 -0.00016518 0.000256347
4.05 -0.000168023 0.000261893
4.055 -0.000170909 0.000267548
4.06 -0.000173837 0.000273314
4.065 -0.000176807 0.000279194
4.07 -0.00017982 0.000285189
4.075 -0.000182878 0.000291301
4.08 -0.000185979 0.000297532
4.085 -0.000189125 0.000303884
4.09 -0.000192316 0.00031036
4.095 -0.000195552 0.000316962
4.1 -0.000198835 0.000323691
4.105 -0.000202165 0.00033055
4.11 -0.000205542 0.000337542
4.115 -0.000208966 0.000344668
4.12 -0.000212439 0.000351931
4.125 -0.000215961 0.000359334
4.13 -0.000219532 0.000366878
4.135 -0.000223153 0.000374566
4.14 -0.000226825 0.0003824
4.145 -0.000230547 0.000390384
4.15 -0.000234321 0.000398519
4.155 -0.000238148 0.000406809
4.16 -0.000242027 0.000415255
4.165 -0.000245959 0.000423861
4.17 -0.000249945 0.000432628
4.175 -0.000253986 0.000441561
4.18 -0.000258081 0.000450661
4.185 -0.000262233 0.000459932
4.19 -0.00026644 0.000469377
4.195 -0.000270705 0.000478997
4.2 -0.000275026 0.000488797
4.205 -0.000279406 0.000498779
4.21 -0.000283844 0.000508946
4.215 -0.000288342 0.000519302
4.22 -0.000292899 0.000529849
4.225 -0.000297517 0.00054059
4.23 -0.000302196 0.00055153
4.235 -0.000306937 0.00056267
4.24 -0.00031174 0.000574015
4.245 -0.000316606 0.000585568
4.25 -0.000321536 0.000597332
4.255 -0.00032653 0.000609311
4.26 -0.000331589 0.000621508
4.265 -0.000336714 0.000633927
4.27 -0.000341905 0.000646571
4.275 -0.000347163 0.000659444
4.28 -0.000352488 0.00067255
4.285 -0.000357882 0.000685893
4.29 -0.000363345 0.000699476
4.295 -0.000368878 0.000713303
4.3 -0.00037448 0.000727378
4.305 -0.000380154 0.000741706
4.31 -0.0003859 0.00075629
4.315 -0.000391718 0.000771134
4.32 -0.000397609 0.000786242
4.325 -0.000403575 0.00080162
4.33 -0.000409614 0.00081727
4.335 -0.000415729 0.000833198
4.34 -0.00042192 0.000849407
4.345 -0.000428188 0.000865903
4.35 -0.000434534 0.00088269
4.355 -0.000440957 0.000899772
4.36 -0.00044746 0.000917154
4.365 -0.000454043 0.000934841
4.37 -0.000460706 0.000952838
4.375 -0.00046745 0.000971149
4.38 -0.000474276 0.000989779
4.385 -0.000481185 0.00100873
4.39 -0.000488178 0.00102802
4.395 -0.000495255 0.00104764
4.4 -0.000502418 0.00106759
4.405 -0.000509666 0.0010879
4.41 -0.000517001 0.00110855
4.415 -0.000524424 0.00112956
4.42 -0.000531935 0.00115093
4.425 -0.000539535 0.00117267
4.43 -0.000547225 0.00119478
4.435 -0.000555006 0.00121727
4.44 -0.000562879 0.00124014
4.445 -0.000570845 0.00126341
4.45 -0.000578903 0.00128707
4.455 -0.000587056 0.00131113
4.46 -0.000595304 0.0013356
4.465 -0.000603648 0.00136048
4.47 -0.000612089 0.00138579
4.475 -0.000620627 0.00141152
4.48 -0.000629264 0.00143768
4.485 -0.000638 0.00146429
4.49 -0.000646836 0.00149134
4.495 -0.000655774 0.00151884
4.5 -0.000664814 0.00154681
4.505 -0.000673957 0.00157524
4.51 -0.000683204 0.00160415
4.515 -0.000692555 0.00163354
4.52 -0.000702013 0.00166342
4.525 -0.000711577 0.00169379
4.53 -0.000721249 0.00172467
4.535 -0.000731029 0.00175605
4.54 -0.000740919 0.00178796
4.545 -0.000750919 0.00182039
4.55 -0.000761031 0.00185336
4.555 -0.000771255 0.00188686
4.56 -0.000781593 0.00192092
4.565 -0.000792044 0.00195554
4.57 -0.000802612 0.00199072
4.575 -0.000813295 0.00202647
4.58 -0.000824096 0.00206281
4.585 -0.000835016 0.00209974
4.59 -0.000846054 0.00213727
4.595 -0.000857214 0.00217541
4.6 -0.000868494 0.00221417
4.605 -0.000879897 0.00225355
4.61 -0.000891424 0.00229357
4.615 -0.000903075 0.00233424
4.62 -0.000914852 0.00237556
4.625 -0.000926755 0.00241754
4.63 -0.000938786 0.0024602
4.635 -0.000950946 0.00250354
4.64 -0.000963236 0.00254757
4.645 -0.000975657 0.00259231
4.65 -0.00098821 0.00263776
4.655 -0.0010009 0.00268393
4.66 -0.00101372 0.00273084
4.665 -0.00102667 0.00277849
4.67 -0.00103977 0.0028269
4.675 -0.001053 0.00287607
4.68 -0.00106637 0.00292602
4.685 -0.00107988 0.00297676
4.69 -0.00109353 0.0030283
4.695 -0.00110732 0.00308064
4.7 -0.00112126 0.00313381
4.705 -0.00113534 0.00318781
4.71 -0.00114957 0.00324266
4.715 -0.00116394 0.00329837
4.72 -0.00117846 0.00335494
4.725 -0.00119314 0.0034124
4.73 -0.00120796 0.00347074
4.735 -0.00122293 0.00353
4.74 -0.00123806 0.00359017
4.745 -0.00125335 0.00365128
4.75 -0.00126879 0.00371333
4.755 -0.00128438 0.00377634
4.76 -0.00130014 0.00384032
4.765 -0.00131605 0.00390529
4.77 -0.00133213 0.00397125
4.775 -0.00134837 0.00403823
4.78 -0.00136477 0.00410624
4.785 -0.00138134 0.00417528
4.79 -0.00139807 0.00424538
4.795 -0.00141497 0.00431655
4.8 -0.00143204 0.0043888
4.805 -0.00144928 0.00446216
4.81 -0.00146669 0.00453663
4.815 -0.00148428 0.00461222
4.82 -0.00150204 0.00468897
4.825 -0.00151997 0.00476687
4.83 -0.00153809 0.00484595
4.835 -0.00155638 0.00492622
4.84 -0.00157485 0.0050077
4.845 -0.00159351 0.00509041
4.85 -0.00161235 0.00517436
4.855 -0.00163137 0.00525957
4.86 -0.00165058 0.00534605
4.865 -0.00166998 0.00543383
4.87 -0.00168956 0.00552292
4.875 -0.00170934 0.00561334
4.88 -0.00172931 0.0057051
4.885 -0.00174947 0.00579823
4.89 -0.00176983 0.00589274
4.895 -0.00179039 0.00598865
4.9 -0.00181114 0.00608598
4.905 -0.00183209 0.00618475
4.91 -0.00185325 0.00628498
4.915 -0.00187461 0.00638668
4.92 -0.00189618 0.00648988
4.925 -0.00191795 0.0065946
4.93 -0.00193993 0.00670086
4.935 -0.00196212 0.00680868
4.94 -0.00198452 0.00691807
4.945 -0.00200713 0.00702906
4.95 -0.00202996 0.00714168
4.955 -0.00205301 0.00725593
4.96 -0.00207628 0.00737185
4.965 -0.00209976 0.00748945
4.97 -0.00212347 0.00760876
4.975 -0.0021474 0.00772981
4.98 -0.00217156 0.0078526
4.985 -0.00219595 0.00797717
4.99 -0.00222056 0.00810353
4.995 -0.00224541 0.00823172
5 -0.00227049 0.00836176
5.005 -0.0022958 0.00849366
5.01 -0.00232135 0.00862746
5.015 -0.00234714 0.00876318
5.02 -0.00237317 0.00890084
5.025 -0.00239944 0.00904047
5.03 -0.00242596 0.00918209
5.035 -0.00245272 0.00932574
5.04 -0.00247973 0.00947143
5.045 -0.00250699 0.00961919
5.05 -0.00253451 0.00976905
5.055 -0.00256228 0.00992103
5.06 -0.0025903 0.0100752
5.065 -0.00261858 0.0102315
5.07 -0.00264713 0.01039
5.075 -0.00267593 0.0105508
5.08 -0.002705 0.0107138
5.085 -0.00273434 0.0108791
5.09 -0.00276395 0.0110468
5.095 -0.00279383 0.0112168
5.1 -0.00282398 0.0113892
5.105 -0.0028544 0.0115639
5.11 -0.00288511 0.0117412
5.115 -0.00291609 0.0119209
5.12 -0.00294735 0.0121031
5.125 -0.0029789 0.0122879
5.13 -0.00301074 0.0124752
5.135 -0.00304287 0.0126651
5.14 -0.00307528 0.0128576
5.145 -0.00310799 0.0130529
5.15 -0.003141 0.0132508
5.155 -0.0031743 0.0134514
5.16 -0.00320791 0.0136548
5.165 -0.00324181 0.0138611
5.17 -0.00327603 0.0140701
5.175 -0.00331055 0.014282
5.18 -0.00334538 0.0144969
5.185 -0.00338052 0.0147146
5.19 -0.00341598 0.0149354
5.195 -0.00345176 0.0151592
5.2 -0.00348785 0.015386
5.205 -0.00352428 0.0156159
5.21 -0.00356102 0.0158489
5.215 -0.00359809 0.0160852
5.22 -0.0036355 0.0163246
5.225 -0.00367324 0.0165672
5.23 -0.00371131 0.0168132
5.235 -0.00374972 0.0170624
5.24 -0.00378848 0.0173151
5.245 -0.00382758 0.0175711
5.25 -0.00386702 0.0178306
5.255 -0.00390682 0.0180936
5.26 -0.00394696 0.0183601
5.265 -0.00398747 0.0186302
5.27 -0.00402833 0.0189039
5.275 -0.00406955 0.0191812
5.28 -0.00411114 0.0194623
5.285 -0.00415309 0.0197471
5.29 -0.00419541 0.0200357
5.295 -0.00423811 0.0203282
5.3 -0.00428118 0.0206245
5.305 -0.00432463 0.0209248
5.31 -0.00436846 0.021229
5.315 -0.00441267 0.0215373
5.32 -0.00445728 0.0218496
5.325 -0.00450227 0.0221661
5.33 -0.00454766 0.0224867
5.335 -0.00459345 0.0228116
5.34 -0.00463963 0.0231407
5.345 -0.00468622 0.0234742
5.35 -0.00473322 0.023812
5.355 -0.00478063 0.0241542
5.36 -0.00482845 0.024501
5.365 -0.00487669 0.0248522
5.37 -0.00492534 0.0252081
5.375 -0.00497443 0.0255685
5.38 -0.00502393 0.0259337
5.385 -0.00507387 0.0263036
5.39 -0.00512424 0.0266783
5.395 -0.00517505 0.0270578
5.4 -0.0052263 0.0274423
5.405 -0.00527799 0.0278317
5.41 -0.00533014 0.0282262
5.415 -0.00538273 0.0286257
5.42 -0.00543577 0.0290304
5.425 -0.00548928 0.0294403
5.43 -0.00554325 0.0298554
5.435 -0.00559768 0.0302759
5.44 -0.00565259 0.0307018
5.445 -0.00570796 0.031133
5.45 -0.00576382 0.0315698
5.455 -0.00582015 0.0320122
5.46 -0.00587697 0.0324602
5.465 -0.00593428 0.0329139
5.47 -0.00599208 0.0333734
5.475 -0.00605038 0.0338387
5.48 -0.00610918 0.0343098
5.485 -0.00616848 0.034787
5.49 -0.00622829 0.0352701
5.495 -0.00628861 0.0357594
5.5 -0.00634945 0.0362548
5.505 -0.00641082 0.0367565
5.51 -0.0064727 0.0372644
5.515 -0.00653512 0.0377788
5.52 -0.00659807 0.0382995
5.525 -0.00666155 0.0388268
5.53 -0.00672558 0.0393607
5.535 -0.00679015 0.0399012
5.54 -0.00685528 0.0404485
5.545 -0.00692096 0.0410026
5.55 -0.0069872 0.0415636
5.555 -0.007054 0.0421315
5.56 -0.00712137 0.0427065
5.565 -0.00718932 0.0432885
5.57 -0.00725784 0.0438778
5.575 -0.00732694 0.0444744
5.58 -0.00739663 0.0450783
5.585 -0.00746691 0.0456896
5.59 -0.00753779 0.0463085
5.595 -0.00760927 0.0469349
5.6 -0.00768135 0.047569
5.605 -0.00775404 0.0482109
5.61 -0.00782735 0.0488607
5.615 -0.00790128 0.0495184
5.62 -0.00797584 0.050184
5.625 -0.00805102 0.0508578
5.63 -0.00812684 0.0515398
5.635 -0.0082033 0.0522301
5.64 -0.0082804 0.0529287
5.645 -0.00835816 0.0536358
5.65 -0.00843656 0.0543515
5.655 -0.00851563 0.0550757
5.66 -0.00859537 0.0558087
5.665 -0.00867578 0.0565506
5.67 -0.00875686 0.0573013
5.675 -0.00883862 0.0580611
5.68 -0.00892107 0.05883
5.685 -0.00900422 0.0596081
5.69 -0.00908806 0.0603955
5.695 -0.0091726 0.0611923
5.7 -0.00925786 0.0619986
5.705 -0.00934382 0.0628145
5.71 -0.00943051 0.06364
5.715 -0.00951793 0.0644754
5.72 -0.00960607 0.0653207
5.725 -0.00969495 0.066176
5.73 -0.00978458 0.0670415
5.735 -0.00987495 0.0679171
5.74 -0.00996608 0.0688031
5.745 -0.010058 0.0696994
5.75 -0.0101506 0.0706064
5.755 -0.0102441 0.0715239
5.76 -0.0103383 0.0724523
5.765 -0.0104333 0.0733914
5.77 -0.010529 0.0743416
5.775 -0.0106256 0.0753029
5.78 -0.010723 0.0762753
5.785 -0.0108212 0.0772591
5.79 -0.0109202 0.0782543
5.795 -0.01102 0.0792611
5.8 -0.0111207 0.0802795
5.805 -0.0112222 0.0813097
5.81 -0.0113245 0.0823518
5.815 -0.0114277 0.083406
5.82 -0.0115318 0.0844723
5.825 -0.0116367 0.0855508
5.83 -0.0117424 0.0866418
5.835 -0.0118491 0.0877452
5.84 -0.0119566 0.0888613
5.845 -0.012065 0.0899902
5.85 -0.0121743 0.091132
5.855 -0.0122845 0.0922867
5.86 -0.0123957 0.0934547
5.865 -0.0125077 0.0946359
5.87 -0.0126207 0.0958305
5.875 -0.0127346 0.0970387
5.88 -0.0128494 0.0982605
5.885 -0.0129652 0.0994962
5.89 -0.0130819 0.100746
5.895 -0.0131996 0.102009
5.9 -0.0133182 0.103287
5.905 -0.0134379 0.10458
5.91 -0.0135585 0.105886
5.915 -0.0136801 0.107208
5.92 -0.0138027 0.108544
5.925 -0.0139263 0.109895
5.93 -0.0140509 0.111261
5.935 -0.0141765 0.112643
5.94 -0.0143032 0.114039
5.945 -0.0144309 0.115452
5.95 -0.0145596 0.11688
5.955 -0.0146894 0.118323
5.96 -0.0148203 0.119783
5.965 -0.0149522 0.121259
5.97 -0.0150852 0.122751
5.975 -0.0152193 0.124259
5.98 -0.0153544 0.125785
5.985 -0.0154907 0.127326
5.99 -0.0156281 0.128885
5.995 -0.0157666 0.130461
6 -0.0159062 0.132054
6.005 -0.016047 0.133664
6.01 -0.0161889 0.135292
6.015 -0.0163319 0.136937
6.02 -0.0164761 0.138601
6.025 -0.0166215 0.140282
6.03 -0.0167681 0.141982
6.035 -0.0169158 0.1437
6.04 -0.0170647 0.145436
6.045 -0.0172149 0.147191
6.05 -0.0173662 0.148966
6.055 -0.0175188 0.150759
6.06 -0.0176726 0.152571
6.065 -0.0178277 0.154403
6.07 -0.017984 0.156254
6.075 -0.0181415 0.158125
6.08 -0.0183003 0.160016
6.085 -0.0184604 0.161927
6.09 -0.0186218 0.163859
6.095 -0.0187845 0.165811
6.1 -0.0189485 0.167783
6.105 -0.0191138 0.169776
6.11 -0.0192804 0.171791
6.115 -0.0194484 0.173827
6.12 -0.0196177 0.175884
6.125 -0.0197884 0.177962
6.13 -0.0199604 0.180063
6.135 -0.0201338 0.182185
6.14 -0.0203086 0.18433
6.145 -0.0204848 0.186497
6.15 -0.0206624 0.188686
6.155 -0.0208414 0.190899
6.16 -0.0210218 0.193134
6.165 -0.0212037 0.195393
6.17 -0.021387 0.197674
6.175 -0.0215718 0.19998
6.18 -0.021758 0.202309
6.185 -0.0219457 0.204662
6.19 -0.0221349 0.20704
6.195 -0.0223256 0.209442
6.2 -0.0225178 0.211868
6.205 -0.0227116 0.214319
6.21 -0.0229068 0.216796
6.215 -0.0231036 0.219297
6.22 -0.023302 0.221824
6.225 -0.0235019 0.224377
6.23 -0.0237034 0.226956
6.235 -0.0239065 0.229561
6.24 -0.0241112 0.232192
6.245 -0.0243175 0.23485
6.25 -0.0245255 0.237534
6.255 -0.024735 0.240246
6.26 -0.0249462 0.242984
6.265 -0.0251591 0.245751
6.27 -0.0253736 0.248545
6.275 -0.0255898 0.251367
6.28 -0.0258077 0.254217
6.285 -0.0260273 0.257095
6.29 -0.0262486 0.260002
6.295 -0.0264717 0.262938
6.3 -0.0266965 0.265903
6.305 -0.026923 0.268898
6.31 -0.0271513 0.271922
6.315 -0.0273814 0.274976
6.32 -0.0276132 0.27806
6.325 -0.0278469 0.281174
6.33 -0.0280824 0.284319
6.335 -0.0283197 0.287494
6.34 -0.0285588 0.290701
6.345 -0.0287998 0.293939
6.35 -0.0290427 0.297208
6.355 -0.0292874 0.30051
6.36 -0.029534 0.303843
6.365 -0.0297825 0.307209
6.37 -0.030033 0.310607
6.375 -0.0302853 0.314038
6.38 -0.0305396 0.317502
6.385 -0.0307959 0.321
6.39 -0.0310541 0.324531
6.395 -0.0313144 0.328096
6.4 -0.0315766 0.331695
6.405 -0.0318408 0.335329
6.41 -0.032107 0.338997
6.415 -0.0323753 0.3427
6.42 -0.0326456 0.346439
6.425 -0.032918 0.350213
6.43 -0.0331924 0.354022
6.435 -0.033469 0.357868
6.44 -0.0337476 0.36175
6.445 -0.0340284 0.365669
6.45 -0.0343113 0.369624
6.455 -0.0345963 0.373617
6.46 -0.0348835 0.377647
6.465 -0.0351729 0.381715
6.47 -0.0354645 0.38582
6.475 -0.0357582 0.389964
6.48 -0.0360542 0.394147
6.485 -0.0363524 0.398369
6.49 -0.0366529 0.402629
6.495 -0.0369556 0.406929
6.5 -0.0372606 0.411269
6.505 -0.0375679 0.415649
6.51 -0.0378775 0.420069
6.515 -0.0381894 0.424529
6.52 -0.0385037 0.429031
6.525 -0.0388203 0.433574
6.53 -0.0391392 0.438158
6.535 -0.0394606 0.442784
6.54 -0.0397843 0.447453
6.545 -0.0401104 0.452163
6.55 -0.040439 0.456917
6.555 -0.04077 0.461713
6.56 -0.0411035 0.466553
6.565 -0.0414394 0.471436
6.57 -0.0417778 0.476363
6.575 -0.0421187 0.481335
6.58 -0.0424622 0.486351
6.585 -0.0428081 0.491412
6.59 -0.0431567 0.496518
6.595 -0.0435077 0.50167
6.6 -0.0438614 0.506868
6.605 -0.0442177 0.512112
6.61 -0.0445765 0.517402
6.615 -0.044938 0.522739
6.62 -0.0453022 0.528123
6.625 -0.045669 0.533555
6.63 -0.0460385 0.539034
6.635 -0.0464107 0.544562
6.64 -0.0467856 0.550138
6.645 -0.0471632 0.555763
6.65 -0.0475435 0.561436
6.655 -0.0479266 0.56716
6.66 -0.0483125 0.572933
6.665 -0.0487012 0.578756
6.67 -0.0490927 0.584629
6.675 -0.049487 0.590553
6.68 -0.0498842 0.596529
6.685 -0.0502842 0.602556
6.69 -0.0506871 0.608634
6.695 -0.0510929 0.614765
6.7 -0.0515016 0.620948
6.705 -0.0519132 0.627184
6.71 -0.0523277 0.633473
6.715 -0.0527453 0.639816
6.72 -0.0531658 0.646212
6.725 -0.0535892 0.652663
6.73 -0.0540158 0.659168
6.735 -0.0544453 0.665728
6.74 -0.0548779 0.672343
6.745 -0.0553135 0.679014
6.75 -0.0557522 0.685741
6.755 -0.0561941 0.692524
6.76 -0.056639 0.699364
6.765 -0.0570871 0.70626
6.77 -0.0575383 0.713214
6.775 -0.0579927 0.720226
6.78 -0.0584503 0.727296
6.785 -0.0589111 0.734424
6.79 -0.0593751 0.741611
6.795 -0.0598423 0.748857
6.8 -0.0603128 0.756163
6.805 -0.0607866 0.763529
6.81 -0.0612637 0.770954
6.815 -0.0617441 0.778441
6.82 -0.0622278 0.785988
6.825 -0.0627148 0.793597
6.83 -0.0632053 0.801267
6.835 -0.0636991 0.809
6.84 -0.0641963 0.816795
6.845 -0.0646969 0.824652
6.85 -0.065201 0.832573
6.855 -0.0657085 0.840557
6.86 -0.0662195 0.848606
6.865 -0.066734 0.856718
6.87 -0.067252 0.864896
6.875 -0.0677736 0.873138
6.88 -0.0682986 0.881446
6.885 -0.0688273 0.889819
6.89 -0.0693595 0.898259
6.895 -0.0698953 0.906765
6.9 -0.0704348 0.915338
6.905 -0.0709779 0.923978
6.91 -0.0715246 0.932686
6.915 -0.0720751 0.941462
6.92 -0.0726292 0.950306
6.925 -0.073187 0.95922
6.93 -0.0737486 0.968202
6.935 -0.0743139 0.977254
6.94 -0.074883 0.986376
6.945 -0.0754559 0.995568
6.95 -0.0760325 1.00483
6.955 -0.0766131 1.01416
6.96 -0.0771974 1.02357
6.965 -0.0777856 1.03305
6.97 -0.0783777 1.0426
6.975 -0.0789737 1.05222
6.98 -0.0795736 1.06191
6.985 -0.0801775 1.07168
6.99 -0.0807853 1.08152
6.995 -0.081397 1.09144
7 -0.0820128 1.10143
7.005 -0.0826326 1.1115
7.01 -0.0832564 1.12164
7.015 -0.0838843 1.13186
7.02 -0.0845162 1.14215
7.025 -0.0851522 1.15252
7.03 -0.0857923 1.16296
7.035 -0.0864366 1.17349
7.04 -0.087085 1.18409
7.045 -0.0877375 1.19477
7.05 -0.0883942 1.20552
7.055 -0.0890551 1.21636
7.06 -0.0897203 1.22727
7.065 -0.0903897 1.23827
7.07 -0.0910633 1.24934
7.075 -0.0917412 1.2605
7.08 -0.0924234 1.27173
7.085 -0.0931099 1.28305
7.09 -0.0938007 1.29445
7.095 -0.0944959 1.30593
7.1 -0.0951954 1.31749
7.105 -0.0958993 1.32913
7.11 -0.0966077 1.34086
7.115 -0.0973204 1.35267
7.12 -0.0980376 1.36457
7.125 -0.0987592 1.37655
7.13 -0.0994853 1.38861
7.135 -0.100216 1.40076
7.14 -0.100951 1.41299
7.145 -0.101691 1.42531
7.15 -0.102435 1.43772
7.155 -0.103184 1.45021
7.16 -0.103937 1.46278
7.165 -0.104695 1.47545
7.17 -0.105458 1.4882
7.175 -0.106225 1.50104
7.18 -0.106997 1.51397
7.185 -0.107773 1.52699
7.19 -0.108554 1.5401
7.195 -0.10934 1.55329
7.2 -0.110131 1.56658
7.205 -0.110926 1.57995
7.21 -0.111726 1.59342
7.215 -0.112531 1.60698
7.22 -0.113341 1.62062
7.225 -0.114156 1.63436
7.23 -0.114975 1.6482
7.235 -0.115799 1.66212
7.24 -0.116628 1.67614
7.245 -0.117462 1.69025
7.25 -0.118301 1.70445
7.255 -0.119145 1.71875
7.26 -0.119994 1.73314
7.265 -0.120847 1.74762
7.27 -0.121706 1.7622
7.275 -0.12257 1.77688
7.28 -0.123438 1.79165
7.285 -0.124312 1.80652
7.29 -0.12519 1.82148
7.295 -0.126074 1.83654
7.3 -0.126963 1.8517
7.305 -0.127857 1.86695
7.31 -0.128756 1.8823
7.315 -0.12966 1.89775
7.32 -0.130569 1.9133
7.325 -0.131483 1.92895
7.33 -0.132403 1.94469
7.335 -0.133327 1.96054
7.34 -0.134257 1.97648
7.345 -0.135192 1.99252
7.35 -0.136132 2.00867
7.355 -0.137078 2.02491
7.36 -0.138029 2.04126
7.365 -0.138985 2.05771
7.37 -0.139946 2.07425
7.375 -0.140913 2.09091
7.38 -0.141884 2.10766
7.385 -0.142862 2.12451
7.39 -0.143844 2.14147
7.395 -0.144832 2.15853
7.4 -0.145825 2.1757
7.405 -0.146824 2.19297
7.41 -0.147828 2.21034
7.415 -0.148837 2.22781
7.42 -0.149852 2.2454
7.425 -0.150873 2.26308
7.43 -0.151898 2.28087
7.435 -0.152929 2.29877
7.44 -0.153966 2.31677
7.445 -0.155008 2.33488
7.45 -0.156056 2.3531
7.455 -0.157109 2.37142
7.46 -0.158168 2.38985
7.465 -0.159232 2.40838
7.47 -0.160301 2.42703
7.475 -0.161377 2.44578
7.48 -0.162457 2.46464
7.485 -0.163544 2.4836
7.49 -0.164636 2.50268
7.495 -0.165733 2.52186
7.5 -0.166837 2.54116
7.505 -0.167945 2.56056
7.51 -0.16906 2.58007
7.515 -0.17018 2.59969
7.52 -0.171306 2.61942
7.525 -0.172437 2.63927
7.53 -0.173574 2.65922
7.535 -0.174717 2.67928
7.54 -0.175865 2.69945
7.545 -0.177019 2.71974
7.55 -0.178179 2.74013
7.555 -0.179344 2.76064
7.56 -0.180516 2.78126
7.565 -0.181693 2.80199
7.57 -0.182875 2.82284
7.575 -0.184064 2.84379
7.58 -0.185258 2.86486
7.585 -0.186458 2.88604
7.59 -0.187663 2.90733
7.595 -0.188875 2.92874
7.6 -0.190092 2.95026
7.605 -0.191315 2.97189
7.61 -0.192544 2.99364
7.615 -0.193778 3.0155
7.62 -0.195019 3.03747
7.625 -0.196265 3.05956
7.63 -0.197517 3.08176
7.635 -0.198775 3.10408
7.64 -0.200039 3.12651
7.645 -0.201308 3.14905
7.65 -0.202583 3.17171
7.655 -0.203864 3.19448
7.66 -0.205151 3.21737
7.665 -0.206444 3.24038
7.67 -0.207743 3.2635
7.675 -0.209047 3.28673
7.68 -0.210357 3.31008
7.685 -0.211674 3.33355
7.69 -0.212996 3.35713
7.695 -0.214323 3.38083
7.7 -0.215657 3.40464
7.705 -0.216997 3.42857
7.71 -0.218342 3.45261
7.715 -0.219693 3.47677
7.72 -0.22105 3.50105
7.725 -0.222413 3.52544
7.73 -0.223782 3.54995
7.735 -0.225157 3.57457
7.74 -0.226537 3.59931
7.745 -0.227924 3.62416
7.75 -0.229316 3.64914
7.755 -0.230714 3.67422
7.76 -0.232118 3.69943
7.765 -0.233527 3.72475
7.77 -0.234943 3.75019
7.775 -0.236364 3.77574
7.78 -0.237791 3.80141
7.785 -0.239224 3.82719
7.79 -0.240663 3.85309
7.795 -0.242108 3.87911
7.8 -0.243558 3.90525
7.805 -0.245014 3.93149
7.81 -0.246476 3.95786
7.815 -0.247944 3.98434
7.82 -0.249418 4.01094
7.825 -0.250897 4.03765
7.83 -0.252382 4.06448
7.835 -0.253873 4.09142
7.84 -0.25537 4.11848
7.845 -0.256872 4.14566
7.85 -0.25838 4.17295
7.855 -0.259894 4.20035
7.86 -0.261414 4.22787
7.865 -0.262939 4.25551
7.87 -0.26447 4.28326
7.875 -0.266006 4.31112
7.88 -0.267549 4.3391
7.885 -0.269096 4.36719
7.89 -0.27065 4.3954
7.895 -0.272209 4.42372
7.9 -0.273774 4.45216
7.905 -0.275344 4.48071
7.91 -0.27692 4.50937
7.915 -0.278502 4.53814
7.92 -0.280089 4.56703
7.925 -0.281682 4.59603
7.93 -0.28328 4.62515
7.935 -0.284884 4.65437
7.94 -0.286493 4.68371
7.945 -0.288108 4.71316
7.95 -0.289728 4.74272
7.955 -0.291354 4.7724
7.96 -0.292985 4.80218
7.965 -0.294621 4.83208
7.97 -0.296263 4.86208
7.975 -0.29791 4.8922
7.98 -0.299563 4.92242
7.985 -0.301221 4.95276
7.99 -0.302884 4.9832
7.995 -0.304553 5.01376
8 -0.306226 5.04442
8.005 -0.307905 5.07519
8.01 -0.30959 5.10606
8.015 -0.311279 5.13705
8.02 -0.312974 5.16814
8.025 -0.314674 5.19934
8.03 -0.316378 5.23065
8.035 -0.318089 5.26206
8.04 -0.319804 5.29358
8.045 -0.321524 5.3252
8.05 -0.323249 5.35693
8.055 -0.324979 5.38876
8.06 -0.326714 5.42069
8.065 -0.328454 5.45273
8.07 -0.330199 5.48487
8.075 -0.331949 5.51712
8.08 -0.333704 5.54946
8.085 -0.335463 5.58191
8.09 -0.337228 5.61446
8.095 -0.338997 5.6471
8.1 -0.340771 5.67985
8.105 -0.342549 5.7127
8.11 -0.344332 5.74565
8.115 -0.34612 5.77869
8.12 -0.347913 5.81183
8.125 -0.34971 5.84507
8.13 -0.351511 5.87841
8.135 -0.353317 5.91184
8.14 -0.355128 5.94537
8.145 -0.356942 5.97899
8.15 -0.358762 6.01271
8.155 -0.360585 6.04652
8.16 -0.362413 6.08042
8.165 -0.364245 6.11442
8.17 -0.366082 6.1485
8.175 -0.367922 6.18268
8.18 -0.369767 6.21695
8.185 -0.371616 6.25131
8.19 -0.373469 6.28575
8.195 -0.375326 6.32029
8.2 -0.377187 6.35491
8.205 -0.379051 6.38962
8.21 -0.38092 6.42441
8.215 -0.382793 6.45929
8.22 -0.384669 6.49425
8.225 -0.386549 6.5293
8.23 -0.388433 6.56443
8.235 -0.390321 6.59964
8.24 -0.392212 6.63493
8.245 -0.394107 6.67031
8.25 -0.396005 6.70576
8.255 -0.397907 6.74129
8.26 -0.399812 6.7769
8.265 -0.40172 6.81259
8.27 -0.403632 6.84835
8.275 -0.405547 6.88419
8.28 -0.407465 6.9201
8.285 -0.409387 6.95609
8.29 -0.411312 6.99214
8.295 -0.413239 7.02827
8.3 -0.41517 7.06447
8.305 -0.417103 7.10074
8.31 -0.41904 7.13708
8.315 -0.420979 7.17349
8.32 -0.422921 7.20996
8.325 -0.424866 7.2465
8.33 -0.426814 7.2831
8.335 -0.428764 7.31977
8.34 -0.430716 7.3565
8.345 -0.432672 7.39329
8.35 -0.434629 7.43014
8.355 -0.436589 7.46705
8.36 -0.438551 7.50402
8.365 -0.440516 7.54105
8.37 -0.442482 7.57813
8.375 -0.444451 7.61527
8.38 -0.446422 7.65246
8.385 -0.448395 7.6897
8.39 -0.450369 7.727
8.395 -0.452346 7.76435
8.4 -0.454324 7.80174
8.405 -0.456304 7.83919
8.41 -0.458286 7.87668
8.415 -0.460269 7.91421
8.42 -0.462254 7.95179
8.425 -0.46424 7.98942
8.43 -0.466227 8.02708
8.435 -0.468216 8.06479
8.44 -0.470206 8.10254
8.445 -0.472197 8.14032
8.45 -0.47419 8.17814
8.455 -0.476183 8.216
8.46 -0.478177 8.25389
8.465 -0.480172 8.29181
8.47 -0.482168 8.32977
8.475 -0.484164 8.36775
8.48 -0.486161 8.40577
8.485 -0.488159 8.44381
8.49 -0.490157 8.48187
8.495 -0.492156 8.51997
8.5 -0.494155 8.55808
8.505 -0.496154 8.59622
8.51 -0.498153 8.63437
8.515 -0.500152 8.67255
8.52 -0.502151 8.71074
8.525 -0.50415 8.74895
8.53 -0.506149 8.78718
8.535 -0.508148 8.82541
8.54 -0.510146 8.86366
8.545 -0.512144 8.90192
8.55 -0.514141 8.94018
8.555 -0.516137 8.97846
8.56 -0.518133 9.01673
8.565 -0.520128 9.05501
8.57 -0.522123 9.0933
8.575 -0.524116 9.13158
8.58 -0.526108 9.16986
8.585 -0.528099 9.20814
8.59 -0.530089 9.24642
8.595 -0.532077 9.28468
8.6 -0.534064 9.32295
8.605 -0.536049 9.3612
8.61 -0.538033 9.39944
8.615 -0.540015 9.43766
8.62 -0.541996 9.47587
8.625 -0.543974 9.51407
8.63 -0.54595 9.55225
8.635 -0.547924 9.59041
8.64 -0.549896 9.62854
8.645 -0.551866 9.66665
8.65 -0.553833 9.70474
8.655 -0.555798 9.7428
8.66 -0.55776 9.78083
8.665 -0.559719 9.81883
8.67 -0.561676 9.8568
8.675 -0.56363 9.89473
8.68 -0.56558 9.93263
8.685 -0.567528 9.97049
8.69 -0.569472 10.0083
8.695 -0.571413 10.0461
8.7 -0.57335 10.0838
8.705 -0.575284 10.1215
8.71 -0.577215 10.1591
8.715 -0.579141 10.1967
8.72 -0.581064 10.2343
8.725 -0.582982 10.2718
8.73 -0.584897 10.3092
8.735 -0.586807 10.3466
8.74 -0.588713 10.3839
8.745 -0.590615 10.4211
8.75 -0.592512 10.4583
8.755 -0.594404 10.4954
8.76 -0.596292 10.5325
8.765 -0.598175 10.5695
8.77 -0.600052 10.6064
8.775 -0.601925 10.6432
8.78 -0.603792 10.68
8.785 -0.605654 10.7167
8.79 -0.607511 10.7533
8.795 -0.609362 10.7898
8.8 -0.611207 10.8262
8.805 -0.613046 10.8626
8.81 -0.61488 10.8988
8.815 -0.616707 10.935
8.82 -0.618529 10.9711
8.825 -0.620343 11.0071
8.83 -0.622152 11.0429
8.835 -0.623954 11.0787
8.84 -0.625749 11.1144
8.845 -0.627538 11.15
8.85 -0.629319 11.1854
8.855 -0.631094 11.2208
8.86 -0.632861 11.256
8.865 -0.634621 11.2912
8.87 -0.636374 11.3262
8.875 -0.638119 11.3611
8.88 -0.639856 11.3959
8.885 -0.641586 11.4305
8.89 -0.643307 11.4651
8.895 -0.645021 11.4995
8.9 -0.646726 11.5337
8.905 -0.648423 11.5679
8.91 -0.650112 11.6019
8.915 -0.651792 11.6358
8.92 -0.653463 11.6695
8.925 -0.655126 11.7031
8.93 -0.656779 11.7365
8.935 -0.658423 11.7698
8.94 -0.660059 11.803
8.945 -0.661684 11.836
8.95 -0.6633 11.8688
8.955 -0.664907 11.9015
8.96 -0.666504 11.934
8.965 -0.66809 11.9664
8.97 -0.669667 11.9986
8.975 -0.671233 12.0306
8.98 -0.67279 12.0625
8.985 -0.674335 12.0942
8.99 -0.67587 12.1257
8.995 -0.677395 12.157
9 -0.678908 12.1882
9.005 -0.68041 12.2192
9.01 -0.681902 12.25
9.015 -0.683381 12.2806
9.02 -0.68485 12.311
9.025 -0.686307 12.3412
9.03 -0.687752 12.3712
9.035 -0.689185 12.4011
9.04 -0.690606 12.4307
9.045 -0.692015 12.4601
9.05 -0.693412 12.4894
9.055 -0.694796 12.5184
9.06 -0.696167 12.5472
9.065 -0.697526 12.5758
9.07 -0.698872 12.6041
9.075 -0.700205 12.6323
9.08 -0.701525 12.6602
9.085 -0.702831 12.688
9.09 -0.704124 12.7154
9.095 -0.705404 12.7427
9.1 -0.706669 12.7697
9.105 -0.707921 12.7965
9.11 -0.709158 12.8231
9.115 -0.710382 12.8494
9.12 -0.711591 12.8754
9.125 -0.712785 12.9013
9.13 -0.713965 12.9268
9.135 -0.71513 12.9522
9.14 -0.71628 12.9772
9.145 -0.717415 13.002
9.15 -0.718535 13.0266
9.155 -0.719639 13.0509
9.16 -0.720728 13.0749
9.165 -0.721801 13.0986
9.17 -0.722858 13.1221
9.175 -0.723899 13.1453
9.18 -0.724924 13.1683
9.185 -0.725933 13.1909
9.19 -0.726925 13.2133
9.195 -0.727901 13.2354
9.2 -0.72886 13.2572
9.205 -0.729802 13.2787
9.21 -0.730727 13.2999
9.215 -0.731635 13.3208
9.22 -0.732525 13.3415
9.225 -0.733398 13.3618
9.23 -0.734253 13.3818
9.235 -0.73509 13.4015
9.24 -0.73591 13.4209
9.245 -0.736711 13.44
9.25 -0.737494 13.4588
9.255 -0.738258 13.4772
9.26 -0.739004 13.4953
9.265 -0.739731 13.5131
9.27 -0.74044 13.5306
9.275 -0.741129 13.5478
9.28 -0.741799 13.5646
9.285 -0.74245 13.5811
9.29 -0.743081 13.5972
9.295 -0.743692 13.613
9.3 -0.744284 13.6284
9.305 -0.744856 13.6435
9.31 -0.745407 13.6583
9.315 -0.745939 13.6727
9.32 -0.74645 13.6867
9.325 -0.74694 13.7004
9.33 -0.747409 13.7138
9.335 -0.747858 13.7267
9.34 -0.748286 13.7393
9.345 -0.748692 13.7515
9.35 -0.749077 13.7634
9.355 -0.749441 13.7748
9.36 -0.749783 13.7859
9.365 -0.750103 13.7966
9.37 -0.750401 13.807
9.375 -0.750678 13.8169
9.38 -0.750931 13.8265
9.385 -0.751163 13.8356
9.39 -0.751372 13.8444
9.395 -0.751558 13.8527
9.4 -0.751721 13.8607
9.405 -0.751862 13.8682
9.41 -0.751979 13.8754
9.415 -0.752073 13.8821
9.42 -0.752143 13.8885
9.425 -0.75219 13.8944
9.43 -0.752213 13.8998
9.435 -0.752212 13.9049
9.44 -0.752187 13.9096
9.445 -0.752138 13.9138
9.45 -0.752064 13.9176
9.455 -0.751966 13.9209
9.46 -0.751844 13.9238
9.465 -0.751696 13.9263
9.47 -0.751524 13.9283
9.475 -0.751326 13.9299
9.48 -0.751103 13.9311
9.485 -0.750855 13.9318
9.49 -0.750582 13.932
9.495 -0.750282 13.9318
9.5 -0.749957 13.9311
9.505 -0.749606 13.93
9.51 -0.749229 13.9284
9.515 -0.748825 13.9263
9.52 -0.748396 13.9238
9.525 -0.747939 13.9208
9.53 -0.747456 13.9173
9.535 -0.746946 13.9134
9.54 -0.746409 13.909
9.545 -0.745845 13.904
9.55 -0.745254 13.8986
9.555 -0.744636 13.8928
9.56 -0.74399 13.8864
9.565 -0.743316 13.8795
9.57 -0.742614 13.8721
9.575 -0.741885 13.8643
9.58 -0.741127 13.8559
9.585 -0.740342 13.8471
9.59 -0.739528 13.8377
9.595 -0.738685 13.8278
9.6 -0.737814 13.8174
9.605 -0.736914 13.8065
9.61 -0.735986 13.7951
9.615 -0.735028 13.7831
9.62 -0.734041 13.7707
9.625 -0.733025 13.7577
9.63 -0.73198 13.7442
9.635 -0.730905 13.7301
9.64 -0.7298 13.7155
9.645 -0.728666 13.7004
9.65 -0.727501 13.6848
9.655 -0.726307 13.6686
9.66 -0.725083 13.6519
9.665 -0.723828 13.6346
9.67 -0.722543 13.6168
9.675 -0.721227 13.5984
9.68 -0.719881 13.5795
9.685 -0.718504 13.56
9.69 -0.717096 13.54
9.695 -0.715657 13.5194
9.7 -0.714187 13.4983
9.705 -0.712686 13.4766
9.71 -0.711153 13.4543
9.715 -0.709589 13.4315
9.72 -0.707994 13.4081
9.725 -0.706367 13.3841
9.73 -0.704707 13.3595
9.735 -0.703017 13.3344
9.74 -0.701294 13.3087
9.745 -0.699538 13.2824
9.75 -0.697751 13.2556
9.755 -0.695932 13.2281
9.76 -0.694079 13.2001
9.765 -0.692195 13.1714
9.77 -0.690277 13.1422
9.775 -0.688327 13.1124
9.78 -0.686345 13.082
9.785 -0.684329 13.051
9.79 -0.68228 13.0194
9.795 -0.680198 12.9872
9.8 -0.678082 12.9544
9.805 -0.675934 12.921
9.81 -0.673752 12.887
9.815 -0.671536 12.8524
9.82 -0.669287 12.8171
9.825 -0.667004 12.7813
9.83 -0.664687 12.7448
9.835 -0.662337 12.7077
9.84 -0.659952 12.67
9.845 -0.657533 12.6317
9.85 -0.655081 12.5928
9.855 -0.652594 12.5532
9.86 -0.650072 12.5131
9.865 -0.647517 12.4722
9.87 -0.644927 12.4308
9.875 -0.642302 12.3887
9.88 -0.639643 12.346
9.885 -0.636949 12.3027
9.89 -0.63422 12.2588
9.895 -0.631456 12.2142
9.9 -0.628658 12.1689
9.905 -0.625824 12.123
9.91 -0.622956 12.0765
9.915 -0.620052 12.0294
9.92 -0.617113 11.9816
9.925 -0.614139 11.9331
9.93 -0.61113 11.884
9.935 -0.608085 11.8343
9.94 -0.605005 11.7839
9.945 -0.60189 11.7329
9.95 -0.598738 11.6812
9.955 -0.595552 11.6289
9.96 -0.59233 11.5759
9.965 -0.589072 11.5222
9.97 -0.585778 11.4679
9.975 -0.582448 11.413
9.98 -0.579083 11.3574
9.985 -0.575682 11.3011
9.99 -0.572245 11.2442
9.995 -0.568772 11.1866
10 -0.565263 11.1283
10.005 -0.561718 11.0694
10.01 -0.558137 11.0098
10.015 -0.55452 10.9496
10.02 -0.550866 10.8887
10.025 -0.547177 10.8271
10.03 -0.543451 10.7649
10.035 -0.53969 10.702
10.04 -0.535892 10.6384
10.045 -0.532057 10.5742
10.05 -0.528187 10.5092
10.055 -0.52428 10.4437
10.06 -0.520337 10.3774
10.065 -0.516357 10.3105
10.07 -0.512341 10.2429
10.075 -0.508289 10.1746
10.08 -0.5042 10.1057
10.085 -0.500075 10.0361
10.09 -0.495914 9.96579
10.095 -0.491716 9.89483
10.1 -0.487482 9.8232
10.105 -0.483212 9.75089
10.11 -0.478905 9.67791
10.115 -0.474562 9.60426
10.12 -0.470182 9.52993
10.125 -0.465766 9.45493
10.13 -0.461314 9.37925
10.135 -0.456825 9.30289
10.14 -0.4523 9.22587
10.145 -0.447739 9.14816
10.15 -0.443141 9.06979
10.155 -0.438507 8.99073
10.16 -0.433837 8.91101
10.165 -0.42913 8.8306
10.17 -0.424388 8.74953
10.175 -0.419609 8.66778
10.18 -0.414794 8.58536
10.185 -0.409943 8.50226
10.19 -0.405056 8.41849
10.195 -0.400132 8.33404
10.2 -0.395173 8.24893
10.205 -0.390178 8.16314
10.21 -0.385147 8.07668
10.215 -0.38008 7.98955
10.22 -0.374977 7.90176
10.225 -0.369838 7.81329
10.23 -0.364664 7.72415
10.235 -0.359453 7.63434
10.24 -0.354208 7.54387
10.245 -0.348926 7.45273
10.25 -0.34361 7.36092
10.255 -0.338257 7.26845
10.26 -0.33287 7.17531
10.265 -0.327447 7.08152
10.27 -0.321988 6.98705
10.275 -0.316495 6.89193
10.28 -0.310966 6.79615
10.285 -0.305403 6.69971
10.29 -0.299804 6.60261
10.295 -0.294171 6.50485
10.3 -0.288503 6.40644
10.305 -0.2828 6.30737
10.31 -0.277062 6.20765
10.315 -0.27129 6.10728
10.32 -0.265484 6.00626
10.325 -0.259643 5.90459
10.33 -0.253768 5.80227
10.335 -0.247859 5.69931
10.34 -0.241916 5.5957
10.345 -0.235938 5.49145
10.35 -0.229927 5.38656
10.355 -0.223883 5.28103
10.36 -0.217804 5.17486
10.365 -0.211692 5.06806
10.37 -0.205547 4.96062
10.375 -0.199369 4.85255
10.38 -0.193157 4.74385
10.385 -0.186912 4.63452
10.39 -0.180635 4.52457
10.395 -0.174324 4.41399
10.4 -0.167981 4.30279
10.405 -0.161606 4.19097
10.41 -0.155198 4.07853
10.415 -0.148758 3.96547
10.42 -0.142285 3.8518
10.425 -0.135781 3.73752
10.43 -0.129245 3.62264
10.435 -0.122678 3.50714
10.44 -0.116078 3.39104
10.445 -0.109448 3.27434
10.45 -0.102786 3.15704
10.455 -0.0960932 3.03915
10.46 -0.0893694 2.92066
10.465 -0.082615 2.80158
10.47 -0.07583 2.68191
10.475 -0.0690145 2.56165
10.48 -0.0621689 2.44082
10.485 -0.0552932 2.3194
10.49 -0.0483876 2.19741
10.495 -0.0414523 2.07484
10.5 -0.0344875 1.9517
10.505 -0.0274933 1.82799
10.51 -0.0204699 1.70372
10.515 -0.0134176 1.57888
10.52 -0.00633652 1.45349
10.525 0.000773177 1.32754
10.53 0.00791128 1.20104
10.535 0.0150776 1.07399
10.54 0.0222719 0.946392
10.545 0.029494 0.818254
10.55 0.0367437 0.689577
10.555 0.0440208 0.560364
10.56 0.0513251 0.430619
10.565 0.0586563 0.300347
10.57 0.0660144 0.169549
10.575 0.0733989 0.0382309
10.58 0.0808098 -0.0936047
10.585 0.0882467 -0.225954
10.59 0.0957096 -0.358813
10.595 0.103198 -0.492177
10.6 0.110712 -0.626044
10.605 0.118251 -0.760408
10.61 0.125815 -0.895266
10.615 0.133404 -1.03061
10.62 0.141017 -1.16645
10.625 0.148655 -1.30276
10.63 0.156316 -1.43956
10.635 0.164001 -1.57682
10.64 0.17171 -1.71456
10.645 0.179442 -1.85276
10.65 0.187197 -1.99142
10.655 0.194974 -2.13054
10.66 0.202775 -2.27011
10.665 0.210597 -2.41012
10.67 0.218441 -2.55058
10.675 0.226307 -2.69148
10.68 0.234195 -2.8328
10.685 0.242103 -2.97456
10.69 0.250032 -3.11674
10.695 0.257982 -3.25934
10.7 0.265953 -3.40236
10.705 0.273943 -3.54578
10.71 0.281953 -3.68961
10.715 0.289982 -3.83384
10.72 0.298031 -3.97846
10.725 0.306099 -4.12347
10.73 0.314185 -4.26887
10.735 0.322289 -4.41464
10.74 0.330412 -4.56079
10.745 0.338552 -4.70731
10.75 0.346709 -4.85419
10.755 0.354884 -5.00143
10.76 0.363075 -5.14902
10.765 0.371283 -5.29696
10.77 0.379507 -5.44525
10.775 0.387747 -5.59386
10.78 0.396002 -5.74281
10.785 0.404273 -5.89209
10.79 0.412558 -6.04168
10.795 0.420858 -6.19159
10.8 0.429172 -6.34181
10.805 0.4375 -6.49233
10.81 0.445842 -6.64315
10.815 0.454197 -6.79426
10.82 0.462565 -6.94565
10.825 0.470945 -7.09732
10.83 0.479338 -7.24927
10.835 0.487742 -7.40148
10.84 0.496158 -7.55395
10.845 0.504585 -7.70668
10.85 0.513024 -7.85966
10.855 0.521472 -8.01288
10.86 0.529931 -8.16634
10.865 0.538399 -8.32003
10.87 0.546877 -8.47394
10.875 0.555364 -8.62807
10.88 0.56386 -8.78241
10.885 0.572364 -8.93696
10.89 0.580876 -9.0917
10.895 0.589396 -9.24664
10.9 0.597922 -9.40176
10.905 0.606456 -9.55706
10.91 0.614996 -9.71253
10.915 0.623543 -9.86817
10.92 0.632095 -10.024
10.925 0.640652 -10.1799
10.93 0.649215 -10.336
10.935 0.657782 -10.4922
10.94 0.666353 -10.6486
10.945 0.674928 -10.8051
10.95 0.683506 -10.9617
10.955 0.692088 -11.1184
10.96 0.700672 -11.2753
10.965 0.709258 -11.4322
10.97 0.717847 -11.5892
10.975 0.726436 -11.7463
10.98 0.735027 -11.9034
10.985 0.743618 -12.0607
10.99 0.75221 -12.218
10.995 0.760801 -12.3753
11 0.769392 -12.5327
11.005 0.777982 -12.6902
11.01 0.786571 -12.8476
11.015 0.795157 -13.0051
11.02 0.803742 -13.1626
11.025 0.812324 -13.3202
11.03 0.820902 -13.4777
11.035 0.829478 -13.6352
11.04 0.838049 -13.7927
11.045 0.846616 -13.9502
11.05 0.855178 -14.1077
11.055 0.863735 -14.2651
11.06 0.872287 -14.4224
11.065 0.880832 -14.5798
11.07 0.889371 -14.737
11.075 0.897903 -14.8942
11.08 0.906428 -15.0514
11.085 0.914945 -15.2084
11.09 0.923454 -15.3654
11.095 0.931954 -15.5222
11.1 0.940445 -15.679
11.105 0.948927 -15.8356
11.11 0.957398 -15.9921
11.115 0.965859 -16.1485
11.12 0.97431 -16.3048
11.125 0.982748 -16.4609
11.13 0.991176 -16.6168
11.135 0.999591 -16.7726
11.14 1.00799 -16.9282
11.145 1.01638 -17.0837
11.15 1.02476 -17.2389
11.155 1.03312 -17.394
11.16 1.04147 -17.5488
11.165 1.0498 -17.7035
11.17 1.05812 -17.8579
11.175 1.06642 -18.0121
11.18 1.0747 -18.1661
11.185 1.08297 -18.3198
11.19 1.09122 -18.4733
11.195 1.09945 -18.6265
11.2 1.10767 -18.7794
11.205 1.11586 -18.9321
11.21 1.12404 -19.0844
11.215 1.1322 -19.2365
11.22 1.14034 -19.3883
11.225 1.14845 -19.5398
11.23 1.15655 -19.6909
11.235 1.16462 -19.8417
11.24 1.17268 -19.9922
11.245 1.18071 -20.1423
11.25 1.18872 -20.2921
11.255 1.1967 -20.4415
11.26 1.20466 -20.5906
11.265 1.2126 -20.7392
11.27 1.22051 -20.8875
11.275 1.2284 -21.0354
11.28 1.23626 -21.1829
11.285 1.24409 -21.3299
11.29 1.2519 -21.4766
11.295 1.25968 -21.6228
11.3 1.26743 -21.7685
11.305 1.27516 -21.9139
11.31 1.28286 -22.0587
11.315 1.29052 -22.2031
11.32 1.29816 -22.347
11.325 1.30577 -22.4905
11.33 1.31335 -22.6334
11.335 1.3209 -22.7758
11.34 1.32841 -22.9178
11.345 1.3359 -23.0592
11.35 1.34335 -23.2001
11.355 1.35077 -23.3404
11.36 1.35815 -23.4802
11.365 1.3655 -23.6194
11.37 1.37282 -23.7581
11.375 1.3801 -23.8962
11.38 1.38735 -24.0338
11.385 1.39456 -24.1707
11.39 1.40174 -24.307
11.395 1.40888 -24.4428
11.4 1.41598 -24.5779
11.405 1.42304 -24.7124
11.41 1.43007 -24.8463
11.415 1.43705 -24.9795
11.42 1.444 -25.1121
11.425 1.45091 -25.244
11.43 1.45778 -25.3752
11.435 1.46461 -25.5058
11.44 1.4714 -25.6356
11.445 1.47814 -25.7648
11.45 1.48485 -25.8933
11.455 1.49151 -26.0211
11.46 1.49813 -26.1481
11.465 1.5047 -26.2744
11.47 1.51123 -26.4
11.475 1.51772 -26.5249
11.48 1.52416 -26.6489
11.485 1.53056 -26.7722
11.49 1.53691 -26.8948
11.495 1.54322 -27.0165
11.5 1.54948 -27.1375
11.505 1.55569 -27.2577
11.51 1.56185 -27.377
11.515 1.56797 -27.4956
11.52 1.57404 -27.6133
11.525 1.58006 -27.7302
11.53 1.58603 -27.8462
11.535 1.59195 -27.9614
11.54 1.59782 -28.0757
11.545 1.60363 -28.1892
11.55 1.6094 -28.3018
11.555 1.61512 -28.4135
11.56 1.62078 -28.5243
11.565 1.62639 -28.6342
11.57 1.63195 -28.7432
11.575 1.63745 -28.8512
11.58 1.64291 -28.9584
11.585 1.6483 -29.0646
11.59 1.65364 -29.1699
11.595 1.65893 -29.2742
11.6 1.66416 -29.3775
11.605 1.66933 -29.4799
11.61 1.67445 -29.5813
11.615 1.67951 -29.6817
11.62 1.68451 -29.7812
11.625 1.68946 -29.8796
11.63 1.69434 -29.977
11.635 1.69917 -30.0734
11.64 1.70394 -30.1688
11.645 1.70865 -30.2631
11.65 1.7133 -30.3564
11.655 1.71789 -30.4486
11.66 1.72241 -30.5398
11.665 1.72688 -30.6299
11.67 1.73128 -30.719
11.675 1.73563 -30.8069
11.68 1.7399 -30.8938
11.685 1.74412 -30.9796
11.69 1.74827 -31.0642
11.695 1.75236 -31.1478
11.7 1.75639 -31.2302
11.705 1.76035 -31.3115
11.71 1.76424 -31.3917
11.715 1.76807 -31.4707
11.72 1.77184 -31.5486
11.725 1.77553 -31.6253
11.73 1.77916 -31.7008
11.735 1.78273 -31.7752
11.74 1.78622 -31.8484
11.745 1.78965 -31.9204
11.75 1.79301 -31.9912
11.755 1.7963 -32.0608
11.76 1.79953 -32.1292
11.765 1.80268 -32.1963
11.77 1.80576 -32.2623
11.775 1.80878 -32.327
11.78 1.81172 -32.3905
11.785 1.81459 -32.4527
11.79 1.8174 -32.5136
11.795 1.82013 -32.5734
11.8 1.82278 -32.6318
11.805 1.82537 -32.689
11.81 1.82788 -32.7449
11.815 1.83032 -32.7995
11.82 1.83269 -32.8528
11.825 1.83498 -32.9048
11.83 1.8372 -32.9555
11.835 1.83935 -33.0049
11.84 1.84142 -33.0529
11.845 1.84341 -33.0997
11.85 1.84533 -33.1451
11.855 1.84718 -33.1892
11.86 1.84895 -33.2319
11.865 1.85064 -33.2733
11.87 1.85226 -33.3133
11.875 1.8538 -33.3519
11.88 1.85526 -33.3892
11.885 1.85664 -33.4251
11.89 1.85795 -33.4596
11.895 1.85918 -33.4928
11.9 1.86033 -33.5245
11.905 1.8614 -33.5549
11.91 1.8624 -33.5838
11.915 1.86331 -33.6113
11.92 1.86415 -33.6374
11.925 1.8649 -33.6621
11.93 1.86557 -33.6854
11.935 1.86617 -33.7073
11.94 1.86668 -33.7277
11.945 1.86712 -33.7466
11.95 1.86747 -33.7641
11.955 1.86774 -33.7802
11.96 1.86793 -33.7948
11.965 1.86804 -33.8079
11.97 1.86806 -33.8196
11.975 1.86801 -33.8298
11.98 1.86787 -33.8385
11.985 1.86765 -33.8458
11.99 1.86734 -33.8515
11.995 1.86696 -33.8558
12 1.86648 -33.8586
12.005 1.86593 -33.8599
12.01 1.86529 -33.8597
12.015 1.86457 -33.8579
12.02 1.86376 -33.8547
12.025 1.86287 -33.8499
12.03 1.8619 -33.8437
12.035 1.86084 -33.8359
12.04 1.85969 -33.8265
12.045 1.85846 -33.8157
12.05 1.85715 -33.8033
12.055 1.85575 -33.7894
12.06 1.85426 -33.7739
12.065 1.85269 -33.7569
12.07 1.85103 -33.7383
12.075 1.84929 -33.7182
12.08 1.84746 -33.6965
12.085 1.84554 -33.6733
12.09 1.84354 -33.6485
12.095 1.84145 -33.6222
12.1 1.83928 -33.5943
12.105 1.83701 -33.5648
12.11 1.83466 -33.5337
12.115 1.83223 -33.5011
12.12 1.8297 -33.4669
12.125 1.82709 -33.4311
12.13 1.8244 -33.3938
12.135 1.82161 -33.3548
12.14 1.81874 -33.3143
12.145 1.81578 -33.2722
12.15 1.81273 -33.2285
12.155 1.80959 -33.1832
12.16 1.80637 -33.1363
12.165 1.80306 -33.0878
12.17 1.79966 -33.0377
12.175 1.79617 -32.986
12.18 1.7926 -32.9327
12.185 1.78893 -32.8778
12.19 1.78518 -32.8213
12.195 1.78134 -32.7632
12.2 1.77741 -32.7036
12.205 1.7734 -32.6422
12.21 1.76929 -32.5793
12.215 1.7651 -32.5148
12.22 1.76082 -32.4487
12.225 1.75645 -32.381
12.23 1.75199 -32.3116
12.235 1.74745 -32.2407
12.24 1.74282 -32.1681
12.245 1.73809 -32.0939
12.25 1.73328 -32.0182
12.255 1.72839 -31.9408
12.26 1.7234 -31.8618
12.265 1.71833 -31.7812
12.27 1.71317 -31.6989
12.275 1.70792 -31.6151
12.28 1.70258 -31.5297
12.285 1.69716 -31.4426
12.29 1.69164 -31.354
12.295 1.68604 -31.2637
12.3 1.68036 -31.1718
12.305 1.67458 -31.0784
12.31 1.66872 -30.9833
12.315 1.66277 -30.8866
12.32 1.65673 -30.7883
12.325 1.65061 -30.6884
12.33 1.6444 -30.587
12.335 1.6381 -30.4839
12.34 1.63172 -30.3792
12.345 1.62524 -30.2729
12.35 1.61869 -30.1651
12.355 1.61204 -30.0556
12.36 1.60531 -29.9446
12.365 1.5985 -29.8319
12.37 1.5916 -29.7177
12.375 1.58461 -29.6019
12.38 1.57754 -29.4846
12.385 1.57038 -29.3656
12.39 1.56314 -29.2451
12.395 1.55581 -29.123
12.4 1.5484 -28.9993
12.405 1.5409 -28.8741
12.41 1.53332 -28.7473
12.415 1.52565 -28.619
12.42 1.5179 -28.4891
12.425 1.51007 -28.3576
12.43 1.50216 -28.2246
12.435 1.49416 -28.0901
12.44 1.48607 -27.954
12.445 1.47791 -27.8163
12.45 1.46966 -27.6772
12.455 1.46133 -27.5365
12.46 1.45292 -27.3942
12.465 1.44443 -27.2505
12.47 1.43585 -27.1052
12.475 1.42719 -26.9585
12.48 1.41846 -26.8102
12.485 1.40964 -26.6604
12.49 1.40074 -26.5091
12.495 1.39176 -26.3563
12.5 1.38271 -26.2021
12.505 1.37357 -26.0463
12.51 1.36436 -25.8891
12.515 1.35506 -25.7304
12.52 1.34569 -25.5702
12.525 1.33624 -25.4086
12.53 1.32671 -25.2455
12.535 1.3171 -25.0809
12.54 1.30742 -24.9149
12.545 1.29766 -24.7475
12.55 1.28783 -24.5786
12.555 1.27791 -24.4083
12.56 1.26793 -24.2366
12.565 1.25787 -24.0635
12.57 1.24773 -23.8889
12.575 1.23752 -23.713
12.58 1.22723 -23.5357
12.585 1.21687 -23.3569
12.59 1.20644 -23.1768
12.595 1.19594 -22.9953
12.6 1.18536 -22.8125
12.605 1.17471 -22.6283
12.61 1.16399 -22.4427
12.615 1.1532 -22.2558
12.62 1.14234 -22.0675
12.625 1.13141 -21.8779
12.63 1.12041 -21.687
12.635 1.10934 -21.4948
12.64 1.0982 -21.3013
12.645 1.08699 -21.1064
12.65 1.07572 -20.9103
12.655 1.06438 -20.7129
12.66 1.05297 -20.5142
12.665 1.04149 -20.3142
12.67 1.02995 -20.113
12.675 1.01834 -19.9106
12.68 1.00667 -19.7068
12.685 0.994937 -19.5019
12.69 0.983138 -19.2957
12.695 0.971276 -19.0884
12.7 0.959351 -18.8798
12.705 0.947364 -18.67
12.71 0.935315 -18.459
12.715 0.923205 -18.2469
12.72 0.911035 -18.0335
12.725 0.898804 -17.8191
12.73 0.886515 -17.6034
12.735 0.874166 -17.3867
12.74 0.861759 -17.1688
12.745 0.849295 -16.9497
12.75 0.836773 -16.7296
12.755 0.824195 -16.5084
12.76 0.811562 -16.2861
12.765 0.798872 -16.0627
12.77 0.786129 -15.8382
12.775 0.773331 -15.6127
12.78 0.760479 -15.3861
12.785 0.747575 -15.1585
12.79 0.734618 -14.9298
12.795 0.72161 -14.7002
12.8 0.708551 -14.4695
12.805 0.695442 -14.2379
12.81 0.682283 -14.0052
12.815 0.669074 -13.7716
12.82 0.655818 -13.5371
12.825 0.642514 -13.3016
12.83 0.629162 -13.0651
12.835 0.615764 -12.8277
12.84 0.602321 -12.5894
12.845 0.588832 -12.3502
12.85 0.575299 -12.1102
12.855 0.561723 -11.8692
12.86 0.548103 -11.6274
12.865 0.534441 -11.3847
12.87 0.520738 -11.1412
12.875 0.506993 -10.8968
12.88 0.493208 -10.6516
12.885 0.479384 -10.4057
12.89 0.465521 -10.1589
12.895 0.45162 -9.91137
12.9 0.437682 -9.66306
12.905 0.423707 -9.41399
12.91 0.409696 -9.16418
12.915 0.39565 -8.91365
12.92 0.38157 -8.6624
12.925 0.367455 -8.41045
12.93 0.353308 -8.15781
12.935 0.339129 -7.90449
12.94 0.324919 -7.65051
12.945 0.310678 -7.39589
12.95 0.296407 -7.14063
12.955 0.282106 -6.88474
12.96 0.267778 -6.62825
12.965 0.253422 -6.37116
12.97 0.239039 -6.11349
12.975 0.22463 -5.85526
12.98 0.210196 -5.59647
12.985 0.195738 -5.33714
12.99 0.181256 -5.07729
12.995 0.166751 -4.81693
13 0.152224 -4.55607
13.005 0.137675 -4.29472
13.01 0.123107 -4.03291
13.015 0.108518 -3.77065
13.02 0.0939112 -3.50794
13.025 0.0792861 -3.24482
13.03 0.0646439 -2.98128
13.035 0.0499852 -2.71734
13.04 0.0353111 -2.45302
13.045 0.0206222 -2.18834
13.05 0.00591952 -1.92331
13.055 -0.00879624 -1.65794
13.06 -0.0235242 -1.39224
13.065 -0.0382635 -1.12624
13.07 -0.0530133 -0.859951
13.075 -0.0677728 -0.593382
13.08 -0.0825411 -0.326552
13.085 -0.0973174 -0.0594761
13.09 -0.112101 0.207831
13.095 -0.126891 0.475355
13.1 -0.141686 0.743079
13.105 -0.156485 1.01099
13.11 -0.171289 1.27907
13.115 -0.186095 1.5473
13.12 -0.200903 1.81567
13.125 -0.215712 2.08417
13.13 -0.230521 2.35277
13.135 -0.24533 2.62146
13.14 -0.260137 2.89023
13.145 -0.274942 3.15906
13.15 -0.289744 3.42794
13.155 -0.304541 3.69684
13.16 -0.319333 3.96576
13.165 -0.33412 4.23468
13.17 -0.348899 4.50357
13.175 -0.363671 4.77243
13.18 -0.378434 5.04124
13.185 -0.393188 5.30998
13.19 -0.407931 5.57864
13.195 -0.422663 5.8472
13.2 -0.437383 6.11565
13.205 -0.45209 6.38396
13.21 -0.466783 6.65213
13.215 -0.481461 6.92013
13.22 -0.496123 7.18795
13.225 -0.510768 7.45558
13.23 -0.525396 7.72299
13.235 -0.540006 7.99017
13.24 -0.554596 8.25711
13.245 -0.569166 8.52379
13.25 -0.583714 8.79018
13.255 -0.598241 9.05629
13.26 -0.612745 9.32208
13.265 -0.627224 9.58755
13.27 -0.641679 9.85267
13.275 -0.656108 10.1174
13.28 -0.670511 10.3818
13.285 -0.684886 10.6458
13.29 -0.699232 10.9094
13.295 -0.71355 11.1725
13.3 -0.727837 11.4352
13.305 -0.742092 11.6975
13.31 -0.756316 11.9593
13.315 -0.770507 12.2206
13.32 -0.784663 12.4813
13.325 -0.798785 12.7416
13.33 -0.812872 13.0013
13.335 -0.826921 13.2604
13.34 -0.840933 13.519
13.345 -0.854907 13.777
13.35 -0.868841 14.0344
13.355 -0.882736 14.2911
13.36 -0.896588 14.5472
13.365 -0.910399 14.8026
13.37 -0.924167 15.0574
13.375 -0.937891 15.3115
13.38 -0.95157 15.5649
13.385 -0.965204 15.8175
13.39 -0.978791 16.0694
13.395 -0.99233 16.3206
13.4 -1.00582 16.5709
13.405 -1.01926 16.8205
13.41 -1.03266 17.0693
13.415 -1.046 17.3173
13.42 -1.05928 17.5644
13.425 -1.07252 17.8106
13.43 -1.0857 18.056
13.435 -1.09883 18.3005
13.44 -1.1119 18.5441
13.445 -1.12492 18.7868
13.45 -1.13788 19.0285
13.455 -1.15078 19.2693
13.46 -1.16362 19.5091
13.465 -1.1764 19.7479
13.47 -1.18912 19.9858
13.475 -1.20178 20.2226
13.48 -1.21437 20.4583
13.485 -1.22691 20.693
13.49 -1.23937 20.9267
13.495 -1.25178 21.1593
13.5 -1.26411 21.3907
13.505 -1.27638 21.6211
13.51 -1.28859 21.8503
13.515 -1.30072 22.0784
13.52 -1.31276 22.3048
