0 0 0
0.08 6.27604e-86 0
0.16 1.91514e-80 -2.0033e-86
0.24 4.55518e-76 -2.99369e-81
0.32 2.5016e-72 -5.05971e-77
0.4 4.36284e-69 -1.92736e-73
0.48 3.28293e-66 -2.64578e-70
0.56 1.24134e-63 -1.62134e-67
0.64 2.67782e-61 -5.22382e-65
0.72 3.60507e-59 -9.88401e-63
0.8 3.25065e-57 -8.81029e-61
0.76 4.53447e-58 -1.51329e-61
0.8 5.04235e-57 -1.87885e-60
0.78 1.57211e-57 -5.77423e-61
0.8 5.28052e-57 -2.12073e-60
0.82 1.72161e-56 -7.51781e-60
0.84 5.4561e-56 -2.57769e-59
0.86 1.68303e-55 -8.56485e-59
0.88 5.05937e-55 -2.76242e-58
0.9 1.48386e-54 -8.66181e-58
0.92 4.25053e-54 -2.64413e-57
0.94 1.19038e-53 -7.86816e-57
0.96 3.26234e-53 -2.28503e-56
0.98 8.75703e-53 -6.48357e-56
1 2.30424e-52 -1.79921e-55
1.02 5.94817e-52 -4.88768e-55
1.04 1.50745e-51 -1.30095e-54
1.06 3.75326e-51 -3.39557e-54
1.08 9.18684e-51 -8.69746e-54
1.1 2.212e-50 -2.18783e-53
1.12 5.24227e-50 -5.40842e-53
1.14 1.22352e-49 -1.31474e-52
1.16 2.8138e-49 -3.14474e-52
1.18 6.3794e-49 -7.40543e-52
1.2 1.42652e-48 -1.71779e-51
1.22 3.14765e-48 -3.92701e-51
1.24 6.8563e-48 -8.85194e-51
1.26 1.47492e-47 -1.96831e-50
1.28 3.13465e-47 -4.31935e-50
1.3 6.58442e-47 -9.35813e-50
1.32 1.36743e-46 -2.00251e-49
1.34 2.80868e-46 -4.23387e-49
1.36 5.70753e-46 -8.84771e-49
1.38 1.14783e-45 -1.8281e-48
1.4 2.28519e-45 -3.73581e-48
1.42 4.50509e-45 -7.55296e-48
1.44 8.79712e-45 -1.51121e-47
1.46 1.70195e-44 -2.99316e-47
1.48 3.26311e-44 -5.8701e-47
1.5 6.20153e-44 -1.14021e-46
1.52 1.16856e-43 -2.19406e-46
1.54 2.18364e-43 -4.18354e-46
1.56 4.04748e-43 -7.90614e-46
1.58 7.44303e-43 -1.48116e-45
1.6 1.3582e-42 -2.75137e-45
1.62 2.45985e-42 -5.06857e-45
1.64 4.42245e-42 -9.26178e-45
1.66 7.89413e-42 -1.67901e-44
1.68 1.39929e-41 -3.02021e-44
1.7 2.46345e-41 -5.39159e-44
1.72 4.30804e-41 -9.55344e-44
1.74 7.48488e-41 -1.68047e-43
1.76 1.29218e-40 -2.93491e-43
1.78 2.21694e-40 -5.08989e-43
1.8 3.78041e-40 -8.76655e-43
1.82 6.4082e-40 -1.49972e-42
1.84 1.07994e-39 -2.54863e-42
1.86 1.80963e-39 -4.30292e-42
1.88 3.01545e-39 -7.21821e-42
1.9 4.99737e-39 -1.20323e-41
1.92 8.23769e-39 -1.99325e-41
1.94 1.3508e-38 -3.28179e-41
1.96 2.20368e-38 -5.3707e-41
1.98 3.57699e-38 -8.73688e-41
2 5.77755e-38 -1.41293e-40
2.02 9.28689e-38 -2.27171e-40
2.04 1.48572e-37 -3.63184e-40
2.06 2.36583e-37 -5.7806e-40
2.08 3.75015e-37 -9.16137e-40
2.1 5.91794e-37 -1.44561e-39
2.12 9.2979e-37 -2.27119e-39
2.14 1.45454e-36 -3.55296e-39
2.16 2.26585e-36 -5.53469e-39
2.18 3.51505e-36 -8.58604e-39
2.2 5.43075e-36 -1.32654e-38
2.22 8.35696e-36 -2.04131e-38
2.24 1.28094e-35 -3.12888e-38
2.26 1.95581e-35 -4.77736e-38
2.28 2.97493e-35 -7.26671e-38
2.3 4.50822e-35 -1.1012e-37
2.32 6.80674e-35 -1.66265e-37
2.34 1.02401e-34 -2.50131e-37
2.36 1.53508e-34 -3.74967e-37
2.38 2.2932e-34 -5.60149e-37
2.4 3.414e-34 -8.3392e-37
2.42 5.06545e-34 -1.23731e-36
2.44 7.49084e-34 -1.82975e-36
2.46 1.10414e-33 -2.69703e-36
2.48 1.62227e-33 -3.96262e-36
2.5 2.37599e-33 -5.80372e-36
2.52 3.46909e-33 -8.47378e-36
2.54 5.04958e-33 -1.23343e-35
2.56 7.32797e-33 -1.78996e-35
2.58 1.06028e-32 -2.58989e-35
2.6 1.52963e-32 -3.73635e-35
2.62 2.2004e-32 -5.37479e-35
2.64 3.15632e-32 -7.70979e-35
2.66 4.51489e-32 -1.10283e-34
2.68 6.44045e-32 -1.57318e-34
2.7 9.16233e-32 -2.23803e-34
2.72 1.29997e-31 -3.17537e-34
2.74 1.83956e-31 -4.49341e-34
2.76 2.59638e-31 -6.34204e-34
2.78 3.65518e-31 -8.92831e-34
2.8 5.13277e-31 -1.25375e-33
2.82 7.18974e-31 -1.7562e-33
2.84 1.00464e-30 -2.45397e-33
2.86 1.4004e-30 -3.42069e-33
2.88 1.94742e-30 -4.75686e-33
2.9 2.70174e-30 -6.5994e-33
2.92 3.73955e-30 -9.13439e-33
2.94 5.16415e-30 -1.26142e-32
2.96 7.11538e-30 -1.73804e-32
2.98 9.78202e-30 -2.3894e-32
3 1.34185e-29 -3.27766e-32
3.02 1.83669e-29 -4.48639e-32
3.04 2.50864e-29 -6.12772e-32
3.06 3.41918e-29 -8.35186e-32
3.08 4.65051e-29 -1.13596e-31
3.1 6.31225e-29 -1.54186e-31
3.12 8.55039e-29 -2.08856e-31
3.14 1.15589e-28 -2.82343e-31
3.16 1.5595e-28 -3.80932e-31
3.18 2.09994e-28 -5.12943e-31
3.2 2.82222e-28 -6.89369e-31
3.22 3.7857e-28 -9.24714e-31
3.24 5.06856e-28 -1.23807e-30
3.26 6.77355e-28 -1.65454e-30
3.28 9.03548e-28 -2.20705e-30
3.3 1.20309e-27 -2.93873e-30
3.32 1.59908e-27 -3.90599e-30
3.34 2.12165e-27 -5.18244e-30
3.36 2.81008e-27 -6.86403e-30
3.38 3.71548e-27 -9.0756e-30
3.4 4.90423e-27 -1.19793e-29
3.42 6.46244e-27 -1.57855e-29
3.44 8.50159e-27 -2.07664e-29
3.46 1.11658e-26 -2.72742e-29
3.48 1.46412e-26 -3.57633e-29
3.5 1.91675e-26 -4.68195e-29
3.52 2.50534e-26 -6.11967e-29
3.54 3.26955e-26 -7.98636e-29
3.56 4.26027e-26 -1.04064e-28
3.58 5.54272e-26 -1.35389e-28
3.6 7.20032e-26 -1.75878e-28
3.62 9.33967e-26 -2.28135e-28
3.64 1.20968e-25 -2.95482e-28
3.66 1.5645e-25 -3.82152e-28
3.68 2.02047e-25 -4.93531e-28
3.7 2.60562e-25 -6.36462e-28
3.72 3.3555e-25 -8.19631e-28
3.74 4.31517e-25 -1.05404e-27
3.76 5.54165e-25 -1.35363e-27
3.78 7.10704e-25 -1.736e-27
3.8 9.10232e-25 -2.22338e-27
3.82 1.16422e-24 -2.84379e-27
3.84 1.48713e-24 -3.63253e-27
3.86 1.89711e-24 -4.63398e-27
3.88 2.417e-24 -5.90389e-27
3.9 3.07544e-24 -7.51222e-27
3.92 3.90831e-24 -9.54662e-27
3.94 4.96052e-24 -1.21168e-26
3.96 6.28824e-24 -1.536e-26
3.98 7.96159e-24 -1.94474e-26
4 1.0068e-23 -2.45926e-26
4.02 1.27165e-23 -3.1062e-26
4.04 1.60427e-23 -3.91867e-26
4.06 2.02152e-23 -4.93786e-26
4.08 2.54433e-23 -6.2149e-26
4.1 3.19867e-23 -7.81322e-26
4.12 4.01672e-23 -9.81142e-26
4.14 5.03829e-23 -1.23068e-25
4.16 6.31264e-23 -1.54196e-25
4.18 7.90058e-23 -1.92983e-25
4.2 9.87715e-23 -2.41264e-25
4.22 1.23348e-22 -3.01297e-25
4.24 1.53876e-22 -3.75864e-25
4.26 1.91754e-22 -4.68388e-25
4.28 2.38706e-22 -5.83074e-25
4.3 2.96844e-22 -7.25085e-25
4.32 3.68761e-22 -9.00753e-25
4.34 4.57633e-22 -1.11784e-24
4.36 5.67347e-22 -1.38583e-24
4.38 7.0266e-22 -1.71635e-24
4.4 8.69379e-22 -2.12359e-24
4.42 1.07459e-21 -2.62486e-24
4.44 1.32695e-21 -3.24128e-24
4.46 1.63699e-21 -3.9986e-24
4.48 2.01753e-21 -4.92813e-24
4.5 2.48417e-21 -6.06796e-24
4.52 3.05586e-21 -7.46439e-24
4.54 3.75559e-21 -9.18381e-24
4.56 4.61128e-21 -1.13112e-23
4.58 5.65674e-21 -1.39411e-23
4.6 6.93289e-21 -1.71903e-23
4.62 8.48928e-21 -2.12025e-23
4.64 1.03858e-20 -2.61542e-23
4.66 1.26946e-20 -3.22625e-23
4.68 1.55031e-20 -3.9794e-23
4.7 1.89165e-20 -4.90751e-23
4.72 2.30613e-20 -6.05061e-23
4.74 2.80902e-20 -7.45764e-23
4.76 3.41866e-20 -9.18846e-23
4.78 4.1571e-20 -1.13161e-22
4.8 5.0508e-20 -1.39298e-22
4.82 6.13153e-20 -1.71382e-22
4.84 7.43737e-20 -2.10734e-22
4.86 9.01393e-20 -2.58964e-22
4.88 1.09158e-19 -3.18024e-22
4.9 1.32083e-19 -3.90286e-22
4.92 1.59696e-19 -4.78623e-22
4.94 1.92927e-19 -5.86516e-22
4.96 2.32891e-19 -7.18174e-22
4.98 2.80913e-19 -8.78684e-22
5 3.38574e-19 -1.07419e-21
5.02 4.07757e-19 -1.31208e-21
5.04 4.90703e-19 -1.6013e-21
5.06 5.90073e-19 -1.95256e-21
5.08 7.09032e-19 -2.37877e-21
5.1 8.51338e-19 -2.89542e-21
5.12 1.02145e-18 -3.5211e-21
5.14 1.22464e-18 -4.27809e-21
5.16 1.46719e-18 -5.19305e-21
5.18 1.7565e-18 -6.29789e-21
5.2 2.10135e-18 -7.63071e-21
5.22 2.5121e-18 -9.23703e-21
5.24 3.00101e-18 -1.11711e-20
5.26 3.58255e-18 -1.34976e-20
5.28 4.27378e-18 -1.62935e-20
5.3 5.09485e-18 -1.96502e-20
5.32 6.06946e-18 -2.36767e-20
5.34 7.22556e-18 -2.85019e-20
5.36 8.59602e-18 -3.42791e-20
5.38 1.02195e-17 -4.11895e-20
5.4 1.21415e-17 -4.94482e-20
5.42 1.44153e-17 -5.93091e-20
5.44 1.71036e-17 -7.10727e-20
5.46 2.02799e-17 -8.50936e-20
5.48 2.40304e-17 -1.0179e-19
5.5 2.8456e-17 -1.21656e-19
5.52 3.3675e-17 -1.45273e-19
5.54 3.98257e-17 -1.73323e-19
5.56 4.70699e-17 -2.06613e-19
5.58 5.55967e-17 -2.46088e-19
5.6 6.5627e-17 -2.92857e-19
5.62 7.74185e-17 -3.48223e-19
5.64 9.12723e-17 -4.13715e-19
5.66 1.07539e-16 -4.91121e-19
5.68 1.26627e-16 -5.82536e-19
5.7 1.49014e-16 -6.9041e-19
5.72 1.75252e-16 -8.1761e-19
5.74 2.05986e-16 -9.67481e-19
5.76 2.41967e-16 -1.14393e-18
5.78 2.84064e-16 -1.35152e-18
5.8 3.3329e-16 -1.59555e-18
5.82 3.90818e-16 -1.88222e-18
5.84 4.5801e-16 -2.21873e-18
5.86 5.36445e-16 -2.61345e-18
5.88 6.27951e-16 -3.07615e-18
5.9 7.34649e-16 -3.61812e-18
5.92 8.5899e-16 -4.25253e-18
5.94 1.00381e-15 -4.99461e-18
5.96 1.1724e-15 -5.86204e-18
5.98 1.36853e-15 -6.87533e-18
6 1.5966e-15 -8.05819e-18
6.02 1.86165e-15 -9.4381e-18
6.04 2.16952e-15 -1.10468e-17
6.06 2.52694e-15 -1.29211e-17
6.08 2.94166e-15 -1.51033e-17
6.1 3.42261e-15 -1.76425e-17
6.12 3.98008e-15 -2.05952e-17
6.14 4.62589e-15 -2.40266e-17
6.16 5.37368e-15 -2.80118e-17
6.18 6.23909e-15 -3.26374e-17
6.2 7.24011e-15 -3.8003e-17
6.22 8.3974e-15 -4.42234e-17
6.24 9.73469e-15 -5.14304e-17
6.26 1.12792e-14 -5.97756e-17
6.28 1.30621e-14 -6.94331e-17
6.3 1.51192e-14 -8.06028e-17
6.32 1.74916e-14 -9.35142e-17
6.34 2.02261e-14 -1.0843e-16
6.36 2.33765e-14 -1.25653e-16
6.38 2.70044e-14 -1.45527e-16
6.4 3.118e-14 -1.6845e-16
6.42 3.59837e-14 -1.94873e-16
6.44 4.15075e-14 -2.25314e-16
6.46 4.78561e-14 -2.60367e-16
6.48 5.51494e-14 -3.00709e-16
6.5 6.35241e-14 -3.47111e-16
6.52 7.31359e-14 -4.00459e-16
6.54 8.41624e-14 -4.61758e-16
6.56 9.68062e-14 -5.32159e-16
6.58 1.11298e-13 -6.12971e-16
6.6 1.27899e-13 -7.05687e-16
6.62 1.4691e-13 -8.12008e-16
6.64 1.68669e-13 -9.33869e-16
6.66 1.93563e-13 -1.07347e-15
6.68 2.22031e-13 -1.23332e-15
6.7 2.54571e-13 -1.41627e-15
6.72 2.91749e-13 -1.62555e-15
6.74 3.34209e-13 -1.86483e-15
6.76 3.82679e-13 -2.1383e-15
6.78 4.37986e-13 -2.45068e-15
6.8 5.01068e-13 -2.80734e-15
6.82 5.72985e-13 -3.21439e-15
6.84 6.54942e-13 -3.67871e-15
6.86 7.48299e-13 -4.20813e-15
6.88 8.54597e-13 -4.81149e-15
6.9 9.75581e-13 -5.49883e-15
6.92 1.11322e-12 -6.28146e-15
6.94 1.26975e-12 -7.17223e-15
6.96 1.44767e-12 -8.1856e-15
6.98 1.64984e-12 -9.33797e-15
7 1.87947e-12 -1.06478e-14
7.02 2.14018e-12 -1.2136e-14
7.04 2.43604e-12 -1.38262e-14
7.06 2.77169e-12 -1.57448e-14
7.08 3.15229e-12 -1.79219e-14
7.1 3.58372e-12 -2.03913e-14
7.12 4.07256e-12 -2.31911e-14
7.14 4.62623e-12 -2.6364e-14
7.16 5.25308e-12 -2.99584e-14
7.18 5.96252e-12 -3.40287e-14
7.2 6.76511e-12 -3.86358e-14
7.22 7.67273e-12 -4.38486e-14
7.24 8.69873e-12 -4.97443e-14
7.26 9.85812e-12 -5.64096e-14
7.28 1.11677e-11 -6.39422e-14
7.3 1.26465e-11 -7.24514e-14
7.32 1.43155e-11 -8.20601e-14
7.34 1.61988e-11 -9.29063e-14
7.36 1.83228e-11 -1.05144e-13
7.38 2.07176e-11 -1.18948e-13
7.4 2.34166e-11 -1.34511e-13
7.42 2.64574e-11 -1.52052e-13
7.44 2.9882e-11 -1.71813e-13
7.46 3.37375e-11 -1.94069e-13
7.48 3.80765e-11 -2.19124e-13
7.5 4.29579e-11 -2.4732e-13
7.52 4.84474e-11 -2.79039e-13
7.54 5.46188e-11 -3.14709e-13
7.56 6.15542e-11 -3.54806e-13
7.58 6.93454e-11 -3.99864e-13
7.6 7.80951e-11 -4.50478e-13
7.62 8.79176e-11 -5.07313e-13
7.64 9.89407e-11 -5.71112e-13
7.66 1.11307e-10 -6.42702e-13
7.68 1.25175e-10 -7.23006e-13
7.7 1.40722e-10 -8.13053e-13
7.72 1.58145e-10 -9.13989e-13
7.74 1.77665e-10 -1.02709e-12
7.76 1.99526e-10 -1.15379e-12
7.78 2.24e-10 -1.29566e-12
7.8 2.51391e-10 -1.45447e-12
7.82 2.82036e-10 -1.63218e-12
7.84 3.1631e-10 -1.83098e-12
7.86 3.54632e-10 -2.05328e-12
7.88 3.97464e-10 -2.30179e-12
7.9 4.45321e-10 -2.57951e-12
7.92 4.98777e-10 -2.88976e-12
7.94 5.58465e-10 -3.23624e-12
7.96 6.25093e-10 -3.62306e-12
7.98 6.99443e-10 -4.05477e-12
8 7.82382e-10 -4.53642e-12
8.02 8.74875e-10 -5.07363e-12
8.04 9.77988e-10 -5.67259e-12
8.06 1.09291e-09 -6.34021e-12
8.08 1.22094e-09 -7.08411e-12
8.1 1.36354e-09 -7.91275e-12
8.12 1.52232e-09 -8.83548e-12
8.14 1.69905e-09 -9.86268e-12
8.16 1.89571e-09 -1.10058e-11
8.18 2.11447e-09 -1.22776e-11
8.2 2.35776e-09 -1.3692e-11
8.22 2.62822e-09 -1.52646e-11
8.24 2.92881e-09 -1.70125e-11
8.26 3.26278e-09 -1.89548e-11
8.28 3.63374e-09 -2.11122e-11
8.3 4.04564e-09 -2.35081e-11
8.32 4.50288e-09 -2.61678e-11
8.34 5.01029e-09 -2.91196e-11
8.36 5.57322e-09 -3.23946e-11
8.38 6.19756e-09 -3.60272e-11
8.4 6.8898e-09 -4.0055e-11
8.42 7.6571e-09 -4.452e-11
8.44 8.50735e-09 -4.9468e-11
8.46 9.44927e-09 -5.49496e-11
8.48 1.04924e-08 -6.10209e-11
8.5 1.16473e-08 -6.7743e-11
8.52 1.29257e-08 -7.51839e-11
8.54 1.43402e-08 -8.34179e-11
8.56 1.59049e-08 -9.25269e-11
8.58 1.76354e-08 -1.02601e-10
8.6 1.95486e-08 -1.1374e-10
8.62 2.16633e-08 -1.26052e-10
8.64 2.39999e-08 -1.39657e-10
8.66 2.65812e-08 -1.54687e-10
8.68 2.94319e-08 -1.71287e-10
8.7 3.25792e-08 -1.89614e-10
8.72 3.60532e-08 -2.09845e-10
8.74 3.98865e-08 -2.32169e-10
8.76 4.41154e-08 -2.56798e-10
8.78 4.87793e-08 -2.83961e-10
8.8 5.39217e-08 -3.13911e-10
8.82 5.95899e-08 -3.46926e-10
8.84 6.58363e-08 -3.83309e-10
8.86 7.27179e-08 -4.23394e-10
8.88 8.02973e-08 -4.67544e-10
8.9 8.86432e-08 -5.1616e-10
8.92 9.78304e-08 -5.69679e-10
8.94 1.07941e-07 -6.28581e-10
8.96 1.19066e-07 -6.93389e-10
8.98 1.31303e-07 -7.64678e-10
9 1.44759e-07 -8.43074e-10
9.02 1.59553e-07 -9.29265e-10
9.04 1.75813e-07 -1.024e-09
9.06 1.93681e-07 -1.1281e-09
9.08 2.13309e-07 -1.24247e-09
9.1 2.34867e-07 -1.36808e-09
9.12 2.58537e-07 -1.506e-09
9.14 2.84521e-07 -1.6574e-09
9.16 3.13037e-07 -1.82356e-09
9.18 3.44323e-07 -2.00587e-09
9.2 3.78642e-07 -2.20585e-09
9.22 4.16278e-07 -2.42515e-09
9.24 4.5754e-07 -2.6656e-09
9.26 5.02767e-07 -2.92916e-09
9.28 5.52328e-07 -3.21797e-09
9.3 6.06625e-07 -3.5344e-09
9.32 6.66097e-07 -3.88098e-09
9.34 7.31221e-07 -4.2605e-09
9.36 8.02516e-07 -4.67599e-09
9.38 8.80549e-07 -5.13076e-09
9.4 9.65936e-07 -5.62839e-09
9.42 1.05935e-06 -6.17279e-09
9.44 1.16151e-06 -6.76823e-09
9.46 1.27323e-06 -7.41932e-09
9.48 1.39536e-06 -8.13111e-09
9.5 1.52884e-06 -8.90907e-09
9.52 1.67469e-06 -9.75915e-09
9.54 1.83403e-06 -1.06878e-08
9.56 2.00805e-06 -1.17021e-08
9.58 2.19808e-06 -1.28097e-08
9.6 2.40552e-06 -1.40188e-08
9.62 2.63194e-06 -1.53384e-08
9.64 2.879e-06 -1.67784e-08
9.66 3.14852e-06 -1.83494e-08
9.68 3.44249e-06 -2.00628e-08
9.7 3.76304e-06 -2.19313e-08
9.72 4.11251e-06 -2.39682e-08
9.74 4.49341e-06 -2.61884e-08
9.76 4.90848e-06 -2.86078e-08
9.78 5.36068e-06 -3.12436e-08
9.8 5.85323e-06 -3.41146e-08
9.82 6.3896e-06 -3.72411e-08
9.84 6.97357e-06 -4.0645e-08
9.86 7.60922e-06 -4.43503e-08
9.88 8.30097e-06 -4.83825e-08
9.9 9.05361e-06 -5.27697e-08
9.92 9.87233e-06 -5.75421e-08
9.94 1.07627e-05 -6.27323e-08
9.96 1.17309e-05 -6.83757e-08
9.98 1.27833e-05 -7.45105e-08
10 1.39271e-05 -8.11782e-08
10.02 1.51701e-05 -8.84234e-08
10.04 1.65203e-05 -9.62945e-08
10.06 1.79869e-05 -1.04844e-07
10.08 1.95796e-05 -1.14128e-07
10.1 2.13087e-05 -1.24207e-07
10.12 2.31855e-05 -1.35148e-07
10.14 2.52224e-05 -1.47021e-07
10.16 2.74324e-05 -1.59904e-07
10.18 2.98298e-05 -1.73879e-07
10.2 3.24299e-05 -1.89036e-07
10.22 3.52492e-05 -2.05472e-07
10.24 3.83057e-05 -2.23289e-07
10.26 4.16186e-05 -2.42602e-07
10.28 4.52087e-05 -2.6353e-07
10.3 4.90984e-05 -2.86205e-07
10.32 5.33118e-05 -3.10766e-07
10.34 5.78748e-05 -3.37367e-07
10.36 6.28157e-05 -3.66169e-07
10.38 6.81645e-05 -3.9735e-07
10.4 7.39538e-05 -4.31099e-07
10.42 8.02185e-05 -4.6762e-07
10.44 8.69964e-05 -5.07132e-07
10.46 9.43281e-05 -5.49872e-07
10.48 0.000102257 -5.96096e-07
10.5 0.000110831 -6.46076e-07
10.52 0.000120099 -7.00108e-07
10.54 0.000130117 -7.58508e-07
10.56 0.000140943 -8.21617e-07
10.58 0.000152639 -8.89802e-07
10.6 0.000165274 -9.63456e-07
10.62 0.000178919 -1.043e-06
10.64 0.000193653 -1.1289e-06
10.66 0.00020956 -1.22163e-06
10.68 0.00022673 -1.32172e-06
10.7 0.000245258 -1.42974e-06
10.72 0.000265251 -1.54629e-06
10.74 0.000286817 -1.67201e-06
10.76 0.000310078 -1.80762e-06
10.78 0.000335162 -1.95384e-06
10.8 0.000362205 -2.1115e-06
10.82 0.000391357 -2.28145e-06
10.84 0.000422775 -2.4646e-06
10.86 0.000456629 -2.66196e-06
10.88 0.000493102 -2.87459e-06
10.9 0.000532388 -3.10361e-06
10.92 0.000574697 -3.35026e-06
10.94 0.000620253 -3.61584e-06
10.96 0.000669296 -3.90175e-06
10.98 0.000722083 -4.20948e-06
11 0.00077889 -4.54065e-06
11.02 0.000840011 -4.89697e-06
11.04 0.000905763 -5.28029e-06
11.06 0.000976484 -5.69257e-06
11.08 0.00105253 -6.13593e-06
11.1 0.0011343 -6.61261e-06
11.12 0.0012222 -7.12503e-06
11.14 0.00131667 -7.67578e-06
11.16 0.00141819 -8.26761e-06
11.18 0.00152726 -8.90348e-06
11.2 0.00164443 -9.58653e-06
11.22 0.00177027 -1.03201e-05
11.24 0.0019054 -1.11079e-05
11.26 0.00205048 -1.19537e-05
11.28 0.00220622 -1.28616e-05
11.3 0.00237337 -1.38361e-05
11.32 0.00255273 -1.48817e-05
11.34 0.00274517 -1.60036e-05
11.36 0.0029516 -1.7207e-05
11.38 0.003173 -1.84977e-05
11.4 0.00341041 -1.98818e-05
11.42 0.00366495 -2.13657e-05
11.44 0.00393781 -2.29564e-05
11.46 0.00423025 -2.46613e-05
11.48 0.00454363 -2.64882e-05
11.5 0.00487939 -2.84457e-05
11.52 0.00523907 -3.05425e-05
11.54 0.0056243 -3.27883e-05
11.56 0.00603684 -3.51933e-05
11.58 0.00647853 -3.77683e-05
11.6 0.00695136 -4.05248e-05
11.62 0.00745745 -4.34752e-05
11.64 0.00799904 -4.66326e-05
11.66 0.00857853 -5.00108e-05
11.68 0.00919845 -5.36249e-05
11.7 0.00986153 -5.74905e-05
11.72 0.0105707 -6.16246e-05
11.74 0.0113289 -6.6045e-05
11.76 0.0121395 -7.07707e-05
11.78 0.013006 -7.58221e-05
11.8 0.013932 -8.12207e-05
11.82 0.0149215 -8.69894e-05
11.84 0.0159787 -9.31526e-05
11.86 0.017108 -9.97362e-05
11.88 0.0183142 -0.000106768
11.9 0.0196022 -0.000114276
11.92 0.0209773 -0.000122293
11.94 0.0224453 -0.000130852
11.96 0.0240122 -0.000139986
11.98 0.0256844 -0.000149735
12 0.0274686 -0.000160136
12.02 0.029372 -0.000171233
12.04 0.0314024 -0.00018307
12.06 0.0335677 -0.000195693
12.08 0.0358767 -0.000209154
12.1 0.0383385 -0.000223506
12.12 0.0409627 -0.000238804
12.14 0.0437596 -0.00025511
12.16 0.0467402 -0.000272487
12.18 0.0499161 -0.000291001
12.2 0.0532993 -0.000310725
12.22 0.0569031 -0.000331734
12.24 0.060741 -0.000354109
12.26 0.0648278 -0.000377934
12.28 0.0691789 -0.0004033
12.3 0.0738106 -0.000430302
12.32 0.0787403 -0.000459041
12.34 0.0839864 -0.000489625
12.36 0.0895683 -0.000522167
12.38 0.0955067 -0.000556786
12.4 0.101823 -0.00059361
12.42 0.108541 -0.000632774
12.44 0.115685 -0.000674419
12.46 0.12328 -0.000718697
12.48 0.131353 -0.000765766
12.5 0.139935 -0.000815795
12.52 0.149055 -0.000868963
12.54 0.158745 -0.000925457
12.56 0.169041 -0.000985476
12.58 0.179977 -0.00104923
12.6 0.191592 -0.00111695
12.62 0.203927 -0.00118886
12.64 0.217023 -0.00126521
12.66 0.230927 -0.00134626
12.68 0.245685 -0.0014323
12.7 0.261348 -0.00152361
12.72 0.277969 -0.00162051
12.74 0.295604 -0.00172332
12.76 0.314312 -0.00183238
12.78 0.334155 -0.00194806
12.8 0.355199 -0.00207075
12.82 0.377514 -0.00220084
12.84 0.401172 -0.00233876
12.86 0.426252 -0.00248498
12.88 0.452835 -0.00263995
12.9 0.481007 -0.00280418
12.92 0.510858 -0.00297821
12.94 0.542484 -0.00316259
12.96 0.575986 -0.0033579
12.98 0.61147 -0.00356476
13 0.649048 -0.00378384
13.02 0.688838 -0.00401581
13.04 0.730964 -0.00426139
13.06 0.775557 -0.00452136
13.08 0.822755 -0.00479652
13.1 0.872702 -0.0050877
13.12 0.925552 -0.00539581
13.14 0.981466 -0.00572177
13.16 1.04061 -0.00606659
13.18 1.10317 -0.00643128
13.2 1.16932 -0.00681696
13.22 1.23928 -0.00722476
13.24 1.31323 -0.0076559
13.26 1.39141 -0.00811166
13.28 1.47403 -0.00859336
13.3 1.56135 -0.00910241
13.32 1.65362 -0.0096403
13.34 1.75109 -0.0102086
13.36 1.85407 -0.0108089
13.38 1.96282 -0.0114429
13.4 2.07768 -0.0121125
13.42 2.19896 -0.0128196
13.44 2.327 -0.013566
13.46 2.46217 -0.014354
13.48 2.60484 -0.0151857
13.5 2.7554 -0.0160635
13.52 2.91419 -0.0169892
