0 0 0
0.08 1.73786e-59 -5.62376e-64
0.16 6.69075e-55 -3.59025e-59
0.24 2.21616e-51 -2.23762e-55
0.32 1.80096e-48 -1.69878e-52
0.28 1.65498e-49 -1.97969e-53
0.26 2.53333e-50 -3.47499e-54
0.28 2.42183e-49 -4.04908e-53
0.27 8.14668e-50 -1.28497e-53
0.28 2.51023e-49 -4.49282e-53
0.29 7.4364e-49 -1.49411e-52
0.3 2.12368e-48 -4.74732e-52
0.31 5.86041e-48 -1.44664e-51
0.32 1.56609e-47 -4.24163e-51
0.33 4.06075e-47 -1.20003e-50
0.34 1.02347e-46 -3.2841e-50
0.35 2.51147e-46 -8.71296e-50
0.36 6.00922e-46 -2.24541e-49
0.37 1.40392e-45 -5.6309e-49
0.38 3.20666e-45 -1.37628e-48
0.39 7.16892e-45 -3.28333e-48
0.4 1.57042e-44 -7.65559e-48
0.41 3.37422e-44 -1.74674e-47
0.42 7.11756e-44 -3.90433e-47
0.43 1.47524e-43 -8.5582e-47
0.44 3.0069e-43 -1.8414e-46
0.45 6.0315e-43 -3.89249e-46
0.46 1.19148e-42 -8.09047e-46
0.47 2.31946e-42 -1.65469e-45
0.48 4.45239e-42 -3.33249e-45
0.49 8.43252e-42 -6.61321e-45
0.5 1.57658e-41 -1.29395e-44
0.51 2.9113e-41 -2.49769e-44
0.52 5.31229e-41 -4.75894e-44
0.53 9.5829e-41 -8.95478e-44
0.54 1.70969e-40 -1.66488e-43
0.55 3.01801e-40 -3.05977e-43
0.56 5.27315e-40 -5.5611e-43
0.57 9.12273e-40 -9.9994e-43
0.58 1.56327e-39 -1.77949e-42
0.59 2.65423e-39 -3.1353e-42
0.6 4.46655e-39 -5.47115e-42
0.61 7.45184e-39 -9.45872e-42
0.62 1.23292e-38 -1.6206e-41
0.63 2.02348e-38 -2.75256e-41
0.64 3.29511e-38 -4.63592e-41
0.65 5.32537e-38 -7.74443e-41
0.66 8.5436e-38 -1.28353e-40
0.67 1.36094e-37 -2.11103e-40
0.68 2.15294e-37 -3.44629e-40
0.69 3.38308e-37 -5.58567e-40
0.7 5.28154e-37 -8.98992e-40
0.71 8.19328e-37 -1.43708e-39
0.72 1.26323e-36 -2.2821e-39
0.73 1.936e-36 -3.60079e-39
0.74 2.94983e-36 -5.64608e-39
0.75 4.46919e-36 -8.79945e-39
0.76 6.73384e-36 -1.36331e-38
0.77 1.00917e-35 -2.10007e-38
0.78 1.50449e-35 -3.21688e-38
0.79 2.2315e-35 -4.90076e-38
0.8 3.29341e-35 -7.42641e-38
0.81 4.83713e-35 -1.11954e-37
0.82 7.07087e-35 -1.6792e-37
0.83 1.02885e-34 -2.50621e-37
0.84 1.4903e-34 -3.72256e-37
0.85 2.14924e-34 -5.50328e-37
0.86 3.08624e-34 -8.09854e-37
0.87 4.41315e-34 -1.18643e-36
0.88 6.28472e-34 -1.73052e-36
0.89 8.91417e-34 -2.51333e-36
0.9 1.25943e-33 -3.635e-36
0.91 1.77255e-33 -5.23579e-36
0.92 2.4854e-33 -7.5114e-36
0.93 3.47215e-33 -1.07339e-35
0.94 4.83327e-33 -1.52803e-35
0.95 6.70435e-33 -2.1671e-35
0.96 9.26779e-33 -3.06218e-35
0.97 1.27683e-32 -4.31143e-35
0.98 1.75329e-32 -6.049e-35
0.99 2.39976e-32 -8.45762e-35
1 3.27421e-32 -1.17854e-34
1.01 4.45344e-32 -1.63684e-34
1.02 6.03894e-32 -2.26599e-34
1.03 8.16448e-32 -3.12699e-34
1.04 1.10059e-31 -4.30172e-34
1.05 1.47935e-31 -5.89968e-34
1.06 1.98286e-31 -8.06699e-34
1.07 2.65041e-31 -1.09981e-33
1.08 3.53308e-31 -1.49509e-33
1.09 4.69718e-31 -2.02668e-33
1.1 6.22851e-31 -2.73965e-33
1.11 8.23786e-31 -3.69334e-33
1.12 1.0868e-30 -4.96567e-33
1.13 1.43023e-30 -6.65873e-33
1.14 1.87761e-30 -8.90597e-33
1.15 2.45904e-30 -1.18814e-32
1.16 3.21295e-30 -1.58113e-32
1.17 4.18831e-30 -2.09894e-32
1.18 5.44737e-30 -2.77962e-32
1.19 7.06911e-30 -3.67232e-32
1.2 9.15352e-30 -4.84042e-32
1.21 1.1827e-29 -6.36544e-32
1.22 1.52488e-29 -8.35208e-32
1.23 1.96195e-29 -1.09345e-31
1.24 2.51913e-29 -1.42841e-31
1.25 3.22799e-29 -1.86198e-31
1.26 4.12808e-29 -2.42203e-31
1.27 5.26882e-29 -3.14399e-31
1.28 6.71183e-29 -4.0728e-31
1.29 8.53382e-29 -5.2654e-31
1.3 1.08301e-28 -6.79372e-31
1.31 1.3719e-28 -8.74856e-31
1.32 1.7347e-28 -1.12442e-30
1.33 2.18953e-28 -1.44245e-30
1.34 2.75875e-28 -1.84698e-30
1.35 3.46993e-28 -2.36062e-30
1.36 4.357e-28 -3.01164e-30
1.37 5.46164e-28 -3.83535e-30
1.38 6.83499e-28 -4.87579e-30
1.39 8.5397e-28 -6.18775e-30
1.4 1.06524e-27 -7.83933e-30
1.41 1.32667e-27 -9.91505e-30
1.42 1.64966e-27 -1.25196e-29
1.43 2.04814e-27 -1.57825e-29
1.44 2.53899e-27 -1.98638e-29
1.45 3.14275e-27 -2.49607e-29
1.46 3.88432e-27 -3.13163e-29
1.47 4.79386e-27 -3.92296e-29
1.48 5.90786e-27 -4.90676e-29
1.49 7.27038e-27 -6.12804e-29
1.5 8.93459e-27 -7.64195e-29
1.51 1.09645e-26 -9.51593e-29
1.52 1.34373e-26 -1.18323e-28
1.53 1.64456e-26 -1.46917e-28
1.54 2.01005e-26 -1.82163e-28
1.55 2.45355e-26 -2.25552e-28
1.56 2.99101e-26 -2.78892e-28
1.57 3.64155e-26 -3.44381e-28
1.58 4.42797e-26 -4.24681e-28
1.59 5.37751e-26 -5.23013e-28
1.6 6.52261e-26 -6.43275e-28
1.61 7.90193e-26 -7.90174e-28
1.62 9.56143e-26 -9.69387e-28
1.63 1.15557e-25 -1.18776e-27
1.64 1.39495e-25 -1.45351e-27
1.65 1.68198e-25 -1.77656e-27
1.66 2.02574e-25 -2.16878e-27
1.67 2.43699e-25 -2.64443e-27
1.68 2.92846e-25 -3.22059e-27
1.69 3.51516e-25 -3.91773e-27
1.7 4.2148e-25 -4.76027e-27
1.71 5.04824e-25 -5.77744e-27
1.72 6.04003e-25 -7.00407e-27
1.73 7.21906e-25 -8.48169e-27
1.74 8.61925e-25 -1.02598e-26
1.75 1.02804e-24 -1.23971e-26
1.76 1.22493e-24 -1.49636e-26
1.77 1.45805e-24 -1.80423e-26
1.78 1.73381e-24 -2.17317e-26
1.79 2.05969e-24 -2.61482e-26
1.8 2.44445e-24 -3.14301e-26
1.81 2.89829e-24 -3.77405e-26
1.82 3.43311e-24 -4.52726e-26
1.83 4.0628e-24 -5.42539e-26
1.84 4.80351e-24 -6.49532e-26
1.85 5.67403e-24 -7.7687e-26
1.86 6.69619e-24 -9.28281e-26
1.87 7.89538e-24 -1.10815e-25
1.88 9.30101e-24 -1.32162e-25
1.89 1.09472e-23 -1.57476e-25
1.9 1.28735e-23 -1.87465e-25
1.91 1.51257e-23 -2.22962e-25
1.92 1.77568e-23 -2.64942e-25
1.93 2.08278e-23 -3.14546e-25
1.94 2.44095e-23 -3.73107e-25
1.95 2.85834e-23 -4.42185e-25
1.96 3.34436e-23 -5.236e-25
1.97 3.90984e-23 -6.19474e-25
1.98 4.56726e-23 -7.32283e-25
1.99 5.33097e-23 -8.64909e-25
2 6.21748e-23 -1.02071e-24
2.01 7.24576e-23 -1.20358e-24
2.02 8.43757e-23 -1.41807e-24
2.03 9.81791e-23 -1.66943e-24
2.04 1.14154e-22 -1.96379e-24
2.05 1.32629e-22 -2.30822e-24
2.06 1.53979e-22 -2.71094e-24
2.07 1.78635e-22 -3.18145e-24
2.08 2.07088e-22 -3.73077e-24
2.09 2.39899e-22 -4.37161e-24
2.1 2.77711e-22 -5.11867e-24
2.11 3.21254e-22 -5.98894e-24
2.12 3.71365e-22 -7.00199e-24
2.13 4.28994e-22 -8.18042e-24
2.14 4.95225e-22 -9.55025e-24
2.15 5.71291e-22 -1.11415e-23
2.16 6.58596e-22 -1.29885e-23
2.17 7.58735e-22 -1.51312e-23
2.18 8.7352e-22 -1.76149e-23
2.19 1.00501e-21 -2.04922e-23
2.2 1.15554e-21 -2.38231e-23
2.21 1.32776e-21 -2.76766e-23
2.22 1.52467e-21 -3.21318e-23
2.23 1.74968e-21 -3.72792e-23
2.24 2.00663e-21 -4.32226e-23
2.25 2.29988e-21 -5.00807e-23
2.26 2.63437e-21 -5.79892e-23
2.27 3.01566e-21 -6.71033e-23
2.28 3.45004e-21 -7.76002e-23
2.29 3.94462e-21 -8.96822e-23
2.3 4.50741e-21 -1.0358e-22
2.31 5.14746e-21 -1.19557e-22
2.32 5.87496e-21 -1.37914e-22
2.33 6.70138e-21 -1.58991e-22
2.34 7.63967e-21 -1.83178e-22
2.35 8.70435e-21 -2.10918e-22
2.36 9.91181e-21 -2.42713e-22
2.37 1.12804e-20 -2.79135e-22
2.38 1.28309e-20 -3.20835e-22
2.39 1.45864e-20 -3.68549e-22
2.4 1.65731e-20 -4.23113e-22
2.41 1.88202e-20 -4.85478e-22
2.42 2.13604e-20 -5.56717e-22
2.43 2.42305e-20 -6.38049e-22
2.44 2.74718e-20 -7.30854e-22
2.45 3.11303e-20 -8.36691e-22
2.46 3.52576e-20 -9.57326e-22
2.47 3.99116e-20 -1.09475e-21
2.48 4.51567e-20 -1.25123e-21
2.49 5.10653e-20 -1.4293e-21
2.5 5.77178e-20 -1.63184e-21
2.51 6.52045e-20 -1.86209e-21
2.52 7.36256e-20 -2.12371e-21
2.53 8.30936e-20 -2.42082e-21
2.54 9.37332e-20 -2.75806e-21
2.55 1.05684e-19 -3.14066e-21
2.56 1.19101e-19 -3.5745e-21
2.57 1.34158e-19 -4.0662e-21
2.58 1.51047e-19 -4.62321e-21
2.59 1.69982e-19 -5.25388e-21
2.6 1.91201e-19 -5.96762e-21
2.61 2.14971e-19 -6.77497e-21
2.62 2.41584e-19 -7.68777e-21
2.63 2.71368e-19 -8.7193e-21
2.64 3.04686e-19 -9.88446e-21
2.65 3.41942e-19 -1.11999e-20
2.66 3.83583e-19 -1.26844e-20
2.67 4.30105e-19 -1.43589e-20
2.68 4.82057e-19 -1.62467e-20
2.69 5.4005e-19 -1.83741e-20
2.7 6.04758e-19 -2.07705e-20
2.71 6.76929e-19 -2.34686e-20
2.72 7.5739e-19 -2.6505e-20
2.73 8.47057e-19 -2.99206e-20
2.74 9.46942e-19 -3.3761e-20
2.75 1.05816e-18 -3.80773e-20
2.76 1.18196e-18 -4.29263e-20
2.77 1.3197e-18 -4.83712e-20
2.78 1.47289e-18 -5.44828e-20
2.79 1.6432e-18 -6.13397e-20
2.8 1.83246e-18 -6.90294e-20
2.81 2.0427e-18 -7.76495e-20
2.82 2.27617e-18 -8.73084e-20
2.83 2.53532e-18 -9.81269e-20
2.84 2.82287e-18 -1.10239e-19
2.85 3.14181e-18 -1.23794e-19
2.86 3.49545e-18 -1.38957e-19
2.87 3.8874e-18 -1.55912e-19
2.88 4.32165e-18 -1.74864e-19
2.89 4.8026e-18 -1.96038e-19
2.9 5.33508e-18 -2.19686e-19
2.91 5.92438e-18 -2.46087e-19
2.92 6.57635e-18 -2.75548e-19
2.93 7.29738e-18 -3.08412e-19
2.94 8.0945e-18 -3.45057e-19
2.95 8.97544e-18 -3.85902e-19
2.96 9.94867e-18 -4.31411e-19
2.97 1.10235e-17 -4.82097e-19
2.98 1.22101e-17 -5.38527e-19
2.99 1.35196e-17 -6.01328e-19
3 1.49644e-17 -6.71191e-19
3.01 1.65577e-17 -7.48883e-19
3.02 1.83144e-17 -8.35247e-19
3.03 2.02504e-17 -9.31215e-19
3.04 2.23835e-17 -1.03782e-18
3.05 2.47328e-17 -1.15618e-18
3.06 2.73195e-17 -1.28757e-18
3.07 3.01665e-17 -1.43335e-18
3.08 3.32992e-17 -1.59504e-18
3.09 3.6745e-17 -1.77431e-18
3.1 4.0534e-17 -1.97301e-18
3.11 4.46991e-17 -2.19316e-18
3.12 4.92761e-17 -2.43698e-18
3.13 5.43043e-17 -2.70694e-18
3.14 5.98262e-17 -3.00571e-18
3.15 6.58886e-17 -3.33626e-18
3.16 7.25423e-17 -3.70184e-18
3.17 7.98428e-17 -4.10602e-18
3.18 8.78503e-17 -4.55272e-18
3.19 9.66307e-17 -5.04625e-18
3.2 1.06256e-16 -5.59132e-18
3.21 1.16804e-16 -6.19311e-18
3.22 1.28359e-16 -6.8573e-18
3.23 1.41015e-16 -7.5901e-18
3.24 1.54872e-16 -8.39833e-18
3.25 1.70039e-16 -9.28945e-18
3.26 1.86635e-16 -1.02716e-17
3.27 2.04791e-16 -1.13538e-17
3.28 2.24646e-16 -1.25458e-17
3.29 2.46353e-16 -1.38583e-17
3.3 2.7008e-16 -1.5303e-17
3.31 2.96005e-16 -1.68926e-17
3.32 3.24324e-16 -1.86413e-17
3.33 3.55251e-16 -2.05642e-17
3.34 3.89016e-16 -2.2678e-17
3.35 4.25869e-16 -2.5001e-17
3.36 4.66081e-16 -2.75529e-17
3.37 5.09947e-16 -3.03556e-17
3.38 5.57785e-16 -3.34326e-17
3.39 6.09941e-16 -3.68098e-17
3.4 6.66789e-16 -4.05152e-17
3.41 7.28735e-16 -4.45794e-17
3.42 7.96218e-16 -4.90359e-17
3.43 8.69713e-16 -5.39209e-17
3.44 9.49734e-16 -5.92741e-17
3.45 1.03684e-15 -6.51384e-17
3.46 1.13163e-15 -7.15608e-17
3.47 1.23476e-15 -7.85921e-17
3.48 1.34693e-15 -8.62879e-17
3.49 1.4689e-15 -9.47082e-17
3.5 1.60149e-15 -1.03919e-16
3.51 1.7456e-15 -1.1399e-16
3.52 1.90218e-15 -1.25e-16
3.53 2.07227e-15 -1.37032e-16
3.54 2.25699e-15 -1.50178e-16
3.55 2.45755e-15 -1.64536e-16
3.56 2.67525e-15 -1.80213e-16
3.57 2.9115e-15 -1.97325e-16
3.58 3.16781e-15 -2.15999e-16
3.59 3.44582e-15 -2.36371e-16
3.6 3.7473e-15 -2.5859e-16
3.61 4.07415e-15 -2.82815e-16
3.62 4.42841e-15 -3.0922e-16
3.63 4.81229e-15 -3.37993e-16
3.64 5.22817e-15 -3.69339e-16
3.65 5.67861e-15 -4.03476e-16
3.66 6.16637e-15 -4.40644e-16
3.67 6.69441e-15 -4.811e-16
3.68 7.26592e-15 -5.25123e-16
3.69 7.88436e-15 -5.73014e-16
3.7 8.55339e-15 -6.25098e-16
3.71 9.27702e-15 -6.81729e-16
3.72 1.00595e-14 -7.43284e-16
3.73 1.09054e-14 -8.10175e-16
3.74 1.18197e-14 -8.82845e-16
3.75 1.28077e-14 -9.61771e-16
3.76 1.38751e-14 -1.04747e-15
3.77 1.5028e-14 -1.1405e-15
3.78 1.6273e-14 -1.24145e-15
3.79 1.76172e-14 -1.35098e-15
3.8 1.9068e-14 -1.46979e-15
3.81 2.06337e-14 -1.59862e-15
3.82 2.23229e-14 -1.73828e-15
3.83 2.41451e-14 -1.88965e-15
3.84 2.61102e-14 -2.05366e-15
3.85 2.8229e-14 -2.23132e-15
3.86 3.05131e-14 -2.42373e-15
3.87 3.29748e-14 -2.63205e-15
3.88 3.56273e-14 -2.85755e-15
3.89 3.84848e-14 -3.10157e-15
3.9 4.15625e-14 -3.36558e-15
3.91 4.48768e-14 -3.65113e-15
3.92 4.8445e-14 -3.95991e-15
3.93 5.22858e-14 -4.29373e-15
3.94 5.64192e-14 -4.65453e-15
3.95 6.08665e-14 -5.04439e-15
3.96 6.56507e-14 -5.46555e-15
3.97 7.0796e-14 -5.92042e-15
3.98 7.63288e-14 -6.41158e-15
3.99 8.2277e-14 -6.94179e-15
4 8.86705e-14 -7.51402e-15
4.01 9.55412e-14 -8.13145e-15
4.02 1.02923e-13 -8.7975e-15
4.03 1.10853e-13 -9.51583e-15
4.04 1.1937e-13 -1.02904e-14
4.05 1.28515e-13 -1.11253e-14
4.06 1.38334e-13 -1.20251e-14
4.07 1.48872e-13 -1.29947e-14
4.08 1.60182e-13 -1.40391e-14
4.09 1.72317e-13 -1.5164e-14
4.1 1.85335e-13 -1.63751e-14
4.11 1.99297e-13 -1.7679e-14
4.12 2.14269e-13 -1.90822e-14
4.13 2.30322e-13 -2.05922e-14
4.14 2.47529e-13 -2.22165e-14
4.15 2.65971e-13 -2.39636e-14
4.16 2.85732e-13 -2.58422e-14
4.17 3.06902e-13 -2.78619e-14
4.18 3.29579e-13 -3.00327e-14
4.19 3.53864e-13 -3.23654e-14
4.2 3.79868e-13 -3.48715e-14
4.21 4.07706e-13 -3.75635e-14
4.22 4.37502e-13 -4.04543e-14
4.23 4.69389e-13 -4.35582e-14
4.24 5.03507e-13 -4.689e-14
4.25 5.40006e-13 -5.04657e-14
4.26 5.79045e-13 -5.43024e-14
4.27 6.20793e-13 -5.84183e-14
4.28 6.6543e-13 -6.28328e-14
4.29 7.13147e-13 -6.75665e-14
4.3 7.64149e-13 -7.26415e-14
4.31 8.18652e-13 -7.80812e-14
4.32 8.76886e-13 -8.39107e-14
4.33 9.39096e-13 -9.01567e-14
4.34 1.00554e-12 -9.68475e-14
4.35 1.0765e-12 -1.04013e-13
4.36 1.15226e-12 -1.11686e-13
4.37 1.23314e-12 -1.19901e-13
4.38 1.31947e-12 -1.28694e-13
4.39 1.4116e-12 -1.38103e-13
4.4 1.5099e-12 -1.48171e-13
4.41 1.61477e-12 -1.5894e-13
4.42 1.72663e-12 -1.70459e-13
4.43 1.84592e-12 -1.82775e-13
4.44 1.97313e-12 -1.95943e-13
4.45 2.10874e-12 -2.10018e-13
4.46 2.2533e-12 -2.2506e-13
4.47 2.40736e-12 -2.41132e-13
4.48 2.57153e-12 -2.58302e-13
4.49 2.74644e-12 -2.76641e-13
4.5 2.93277e-12 -2.96224e-13
4.51 3.13122e-12 -3.17134e-13
4.52 3.34256e-12 -3.39454e-13
4.53 3.56757e-12 -3.63277e-13
4.54 3.80712e-12 -3.88698e-13
4.55 4.0621e-12 -4.15819e-13
4.56 4.33346e-12 -4.4475e-13
4.57 4.62221e-12 -4.75605e-13
4.58 4.92942e-12 -5.08506e-13
4.59 5.25621e-12 -5.43582e-13
4.6 5.60378e-12 -5.80972e-13
4.61 5.97339e-12 -6.20819e-13
4.62 6.36638e-12 -6.63279e-13
4.63 6.78417e-12 -7.08515e-13
4.64 7.22826e-12 -7.56698e-13
4.65 7.70023e-12 -8.08014e-13
4.66 8.20175e-12 -8.62655e-13
4.67 8.73459e-12 -9.20827e-13
4.68 9.30064e-12 -9.82748e-13
4.69 9.90186e-12 -1.04865e-12
4.7 1.05403e-11 -1.11877e-12
4.71 1.12183e-11 -1.19337e-12
4.72 1.19381e-11 -1.27273e-12
4.73 1.27022e-11 -1.35713e-12
4.74 1.35131e-11 -1.44687e-12
4.75 1.43737e-11 -1.54228e-12
4.76 1.52869e-11 -1.64371e-12
4.77 1.62556e-11 -1.75151e-12
4.78 1.72833e-11 -1.86606e-12
4.79 1.83732e-11 -1.98777e-12
4.8 1.9529e-11 -2.11706e-12
4.81 2.07545e-11 -2.25439e-12
4.82 2.20538e-11 -2.40022e-12
4.83 2.3431e-11 -2.55506e-12
4.84 2.48906e-11 -2.71945e-12
4.85 2.64375e-11 -2.89394e-12
4.86 2.80764e-11 -3.07912e-12
4.87 2.98128e-11 -3.27561e-12
4.88 3.16521e-11 -3.48408e-12
4.89 3.36002e-11 -3.70523e-12
4.9 3.56632e-11 -3.93978e-12
4.91 3.78475e-11 -4.1885e-12
4.92 4.01602e-11 -4.45222e-12
4.93 4.26082e-11 -4.7318e-12
4.94 4.51993e-11 -5.02814e-12
4.95 4.79414e-11 -5.3422e-12
4.96 5.08429e-11 -5.675e-12
4.97 5.39126e-11 -6.02759e-12
4.98 5.716e-11 -6.40109e-12
4.99 6.05949e-11 -6.79669e-12
5 6.42275e-11 -7.21564e-12
5.01 6.80688e-11 -7.65923e-12
5.02 7.21303e-11 -8.12887e-12
5.03 7.64239e-11 -8.62599e-12
5.04 8.09624e-11 -9.15214e-12
5.05 8.57592e-11 -9.70892e-12
5.06 9.08282e-11 -1.0298e-11
5.07 9.61843e-11 -1.09213e-11
5.08 1.01843e-10 -1.15805e-11
5.09 1.07821e-10 -1.22778e-11
5.1 1.14134e-10 -1.30151e-11
5.11 1.20802e-10 -1.37946e-11
5.12 1.27843e-10 -1.46188e-11
5.13 1.35278e-10 -1.54899e-11
5.14 1.43126e-10 -1.64106e-11
5.15 1.5141e-10 -1.73835e-11
5.16 1.60154e-10 -1.84114e-11
5.17 1.69382e-10 -1.94974e-11
5.18 1.79118e-10 -2.06444e-11
5.19 1.89391e-10 -2.18559e-11
5.2 2.00228e-10 -2.31353e-11
5.21 2.11658e-10 -2.44861e-11
5.22 2.23714e-10 -2.59121e-11
5.23 2.36427e-10 -2.74175e-11
5.24 2.49833e-10 -2.90062e-11
5.25 2.63965e-10 -3.06828e-11
5.26 2.78864e-10 -3.24519e-11
5.27 2.94568e-10 -3.43184e-11
5.28 3.11118e-10 -3.62872e-11
5.29 3.28559e-10 -3.83638e-11
5.3 3.46936e-10 -4.05538e-11
5.31 3.66296e-10 -4.28631e-11
5.32 3.86692e-10 -4.52978e-11
5.33 4.08174e-10 -4.78645e-11
5.34 4.30799e-10 -5.057e-11
5.35 4.54625e-10 -5.34213e-11
5.36 4.79711e-10 -5.6426e-11
5.37 5.06123e-10 -5.9592e-11
5.38 5.33927e-10 -6.29274e-11
5.39 5.63193e-10 -6.64409e-11
5.4 5.93994e-10 -7.01415e-11
5.41 6.26408e-10 -7.40388e-11
5.42 6.60514e-10 -7.81426e-11
5.43 6.96398e-10 -8.24635e-11
5.44 7.34147e-10 -8.70122e-11
5.45 7.73855e-10 -9.18002e-11
5.46 8.15617e-10 -9.68396e-11
5.47 8.59537e-10 -1.02143e-10
5.48 9.05719e-10 -1.07723e-10
5.49 9.54275e-10 -1.13594e-10
5.5 1.00532e-09 -1.1977e-10
5.51 1.05898e-09 -1.26267e-10
5.52 1.11538e-09 -1.33099e-10
5.53 1.17466e-09 -1.40284e-10
5.54 1.23694e-09 -1.47839e-10
5.55 1.30239e-09 -1.55783e-10
5.56 1.37115e-09 -1.64133e-10
5.57 1.44338e-09 -1.7291e-10
5.58 1.51926e-09 -1.82134e-10
5.59 1.59894e-09 -1.91828e-10
5.6 1.68263e-09 -2.02014e-10
5.61 1.7705e-09 -2.12716e-10
5.62 1.86276e-09 -2.23958e-10
5.63 1.95963e-09 -2.35767e-10
5.64 2.0613e-09 -2.48169e-10
5.65 2.16803e-09 -2.61194e-10
5.66 2.28003e-09 -2.7487e-10
5.67 2.39757e-09 -2.8923e-10
5.68 2.5209e-09 -3.04304e-10
5.69 2.6503e-09 -3.20128e-10
5.7 2.78605e-09 -3.36736e-10
5.71 2.92845e-09 -3.54165e-10
5.72 3.07781e-09 -3.72455e-10
5.73 3.23445e-09 -3.91645e-10
5.74 3.39871e-09 -4.11778e-10
5.75 3.57094e-09 -4.32897e-10
5.76 3.75152e-09 -4.55049e-10
5.77 3.94082e-09 -4.78282e-10
5.78 4.13925e-09 -5.02645e-10
5.79 4.34724e-09 -5.28192e-10
5.8 4.56521e-09 -5.54976e-10
5.81 4.79363e-09 -5.83054e-10
5.82 5.03297e-09 -6.12487e-10
5.83 5.28372e-09 -6.43336e-10
5.84 5.54642e-09 -6.75666e-10
5.85 5.8216e-09 -7.09545e-10
5.86 6.10982e-09 -7.45043e-10
5.87 6.41167e-09 -7.82233e-10
5.88 6.72778e-09 -8.21193e-10
5.89 7.05877e-09 -8.62002e-10
5.9 7.40532e-09 -9.04743e-10
5.91 7.76812e-09 -9.49505e-10
5.92 8.1479e-09 -9.96377e-10
5.93 8.54541e-09 -1.04545e-09
5.94 8.96145e-09 -1.09683e-09
5.95 9.39683e-09 -1.15062e-09
5.96 9.85242e-09 -1.20692e-09
5.97 1.03291e-08 -1.26585e-09
5.98 1.08278e-08 -1.32751e-09
5.99 1.13495e-08 -1.39204e-09
6 1.18952e-08 -1.45956e-09
6.01 1.2466e-08 -1.53019e-09
6.02 1.30629e-08 -1.60409e-09
6.03 1.36871e-08 -1.68138e-09
6.04 1.43397e-08 -1.76222e-09
6.05 1.50221e-08 -1.84677e-09
6.06 1.57355e-08 -1.93518e-09
6.07 1.64812e-08 -2.02762e-09
6.08 1.72607e-08 -2.12427e-09
6.09 1.80753e-08 -2.2253e-09
6.1 1.89266e-08 -2.33091e-09
6.11 1.98162e-08 -2.4413e-09
6.12 2.07457e-08 -2.55667e-09
6.13 2.17169e-08 -2.67723e-09
6.14 2.27313e-08 -2.8032e-09
6.15 2.37911e-08 -2.93482e-09
6.16 2.48979e-08 -3.07232e-09
6.17 2.60539e-08 -3.21596e-09
6.18 2.72611e-08 -3.366e-09
6.19 2.85217e-08 -3.5227e-09
6.2 2.98378e-08 -3.68634e-09
6.21 3.12119e-08 -3.85723e-09
6.22 3.26464e-08 -4.03566e-09
6.23 3.41437e-08 -4.22195e-09
6.24 3.57066e-08 -4.41642e-09
6.25 3.73377e-08 -4.61943e-09
6.26 3.90398e-08 -4.83131e-09
6.27 4.08159e-08 -5.05246e-09
6.28 4.26691e-08 -5.28323e-09
6.29 4.46026e-08 -5.52404e-09
6.3 4.66195e-08 -5.7753e-09
6.31 4.87234e-08 -6.03744e-09
6.32 5.09179e-08 -6.31091e-09
6.33 5.32065e-08 -6.59616e-09
6.34 5.55933e-08 -6.89369e-09
6.35 5.80821e-08 -7.20399e-09
6.36 6.06771e-08 -7.52758e-09
6.37 6.33826e-08 -7.865e-09
6.38 6.6203e-08 -8.21682e-09
6.39 6.91431e-08 -8.58362e-09
6.4 7.22076e-08 -8.96599e-09
6.41 7.54016e-08 -9.36457e-09
6.42 7.87301e-08 -9.78001e-09
6.43 8.21987e-08 -1.0213e-08
6.44 8.58129e-08 -1.06642e-08
6.45 8.95785e-08 -1.11344e-08
6.46 9.35014e-08 -1.16243e-08
6.47 9.75881e-08 -1.21347e-08
6.48 1.01845e-07 -1.26664e-08
6.49 1.06279e-07 -1.32203e-08
6.5 1.10896e-07 -1.37972e-08
6.51 1.15705e-07 -1.43981e-08
6.52 1.20712e-07 -1.50239e-08
6.53 1.25925e-07 -1.56755e-08
6.54 1.31353e-07 -1.6354e-08
6.55 1.37004e-07 -1.70605e-08
6.56 1.42886e-07 -1.77959e-08
6.57 1.49008e-07 -1.85615e-08
6.58 1.55381e-07 -1.93584e-08
6.59 1.62012e-07 -2.01879e-08
6.6 1.68913e-07 -2.10511e-08
6.61 1.76094e-07 -2.19495e-08
6.62 1.83566e-07 -2.28843e-08
6.63 1.91339e-07 -2.38569e-08
6.64 1.99425e-07 -2.48688e-08
6.65 2.07837e-07 -2.59215e-08
6.66 2.16586e-07 -2.70166e-08
6.67 2.25686e-07 -2.81557e-08
6.68 2.35149e-07 -2.93403e-08
6.69 2.4499e-07 -3.05724e-08
6.7 2.55223e-07 -3.18536e-08
6.71 2.65862e-07 -3.31859e-08
6.72 2.76924e-07 -3.45711e-08
6.73 2.88423e-07 -3.60112e-08
6.74 3.00376e-07 -3.75083e-08
6.75 3.128e-07 -3.90646e-08
6.76 3.25713e-07 -4.06822e-08
6.77 3.39132e-07 -4.23634e-08
6.78 3.53078e-07 -4.41107e-08
6.79 3.67569e-07 -4.59264e-08
6.8 3.82625e-07 -4.7813e-08
6.81 3.98267e-07 -4.97733e-08
6.82 4.14517e-07 -5.18099e-08
6.83 4.31398e-07 -5.39257e-08
6.84 4.48932e-07 -5.61235e-08
6.85 4.67143e-07 -5.84063e-08
6.86 4.86056e-07 -6.07773e-08
6.87 5.05697e-07 -6.32397e-08
6.88 5.26092e-07 -6.57969e-08
6.89 5.47269e-07 -6.84521e-08
6.9 5.69255e-07 -7.12091e-08
6.91 5.92081e-07 -7.40715e-08
6.92 6.15776e-07 -7.70432e-08
6.93 6.40372e-07 -8.01279e-08
6.94 6.65901e-07 -8.33299e-08
6.95 6.92396e-07 -8.66533e-08
6.96 7.19893e-07 -9.01025e-08
6.97 7.48427e-07 -9.3682e-08
6.98 7.78035e-07 -9.73964e-08
6.99 8.08754e-07 -1.0125e-07
7 8.40626e-07 -1.05249e-07
7.01 8.7369e-07 -1.09398e-07
7.02 9.07988e-07 -1.13702e-07
7.03 9.43564e-07 -1.18166e-07
7.04 9.80464e-07 -1.22797e-07
7.05 1.01873e-06 -1.27599e-07
7.06 1.05842e-06 -1.3258e-07
7.07 1.09957e-06 -1.37745e-07
7.08 1.14225e-06 -1.43102e-07
7.09 1.18649e-06 -1.48655e-07
7.1 1.23236e-06 -1.54413e-07
7.11 1.27991e-06 -1.60382e-07
7.12 1.3292e-06 -1.6657e-07
7.13 1.3803e-06 -1.72985e-07
7.14 1.43325e-06 -1.79633e-07
7.15 1.48813e-06 -1.86524e-07
7.16 1.54501e-06 -1.93665e-07
7.17 1.60395e-06 -2.01065e-07
7.18 1.66501e-06 -2.08734e-07
7.19 1.72829e-06 -2.16679e-07
7.2 1.79384e-06 -2.24911e-07
7.21 1.86175e-06 -2.33439e-07
7.22 1.9321e-06 -2.42274e-07
7.23 2.00496e-06 -2.51425e-07
7.24 2.08043e-06 -2.60904e-07
7.25 2.15859e-06 -2.70721e-07
7.26 2.23954e-06 -2.80888e-07
7.27 2.32336e-06 -2.91417e-07
7.28 2.41015e-06 -3.02319e-07
7.29 2.50002e-06 -3.13608e-07
7.3 2.59306e-06 -3.25296e-07
7.31 2.68938e-06 -3.37396e-07
7.32 2.78909e-06 -3.49922e-07
7.33 2.8923e-06 -3.62888e-07
7.34 2.99912e-06 -3.76309e-07
7.35 3.10968e-06 -3.902e-07
7.36 3.22411e-06 -4.04577e-07
7.37 3.34251e-06 -4.19454e-07
7.38 3.46504e-06 -4.34849e-07
7.39 3.59181e-06 -4.50779e-07
7.4 3.72298e-06 -4.67261e-07
7.41 3.85868e-06 -4.84313e-07
7.42 3.99906e-06 -5.01953e-07
7.43 4.14427e-06 -5.20202e-07
7.44 4.29448e-06 -5.39078e-07
7.45 4.44983e-06 -5.58601e-07
7.46 4.6105e-06 -5.78794e-07
7.47 4.77666e-06 -5.99676e-07
7.48 4.94848e-06 -6.21271e-07
7.49 5.12615e-06 -6.43601e-07
7.5 5.30985e-06 -6.6669e-07
7.51 5.49978e-06 -6.90561e-07
7.52 5.69613e-06 -7.15241e-07
7.53 5.89911e-06 -7.40754e-07
7.54 6.10892e-06 -7.67128e-07
7.55 6.3258e-06 -7.94388e-07
7.56 6.54994e-06 -8.22564e-07
7.57 6.7816e-06 -8.51684e-07
7.58 7.021e-06 -8.81778e-07
7.59 7.26839e-06 -9.12877e-07
7.6 7.52401e-06 -9.45011e-07
7.61 7.78812e-06 -9.78214e-07
7.62 8.061e-06 -1.01252e-06
7.63 8.3429e-06 -1.04796e-06
7.64 8.63412e-06 -1.08457e-06
7.65 8.93494e-06 -1.12239e-06
7.66 9.24566e-06 -1.16146e-06
7.67 9.56658e-06 -1.2018e-06
7.68 9.89802e-06 -1.24348e-06
7.69 1.02403e-05 -1.28651e-06
7.7 1.05938e-05 -1.33095e-06
7.71 1.09587e-05 -1.37684e-06
7.72 1.13356e-05 -1.42422e-06
7.73 1.17246e-05 -1.47314e-06
7.74 1.21263e-05 -1.52365e-06
7.75 1.2541e-05 -1.57579e-06
7.76 1.2969e-05 -1.62961e-06
7.77 1.34108e-05 -1.68517e-06
7.78 1.38668e-05 -1.74251e-06
7.79 1.43375e-05 -1.80169e-06
7.8 1.48232e-05 -1.86277e-06
7.81 1.53244e-05 -1.9258e-06
7.82 1.58416e-05 -1.99084e-06
7.83 1.63752e-05 -2.05795e-06
7.84 1.69258e-05 -2.12719e-06
7.85 1.74939e-05 -2.19863e-06
7.86 1.80799e-05 -2.27233e-06
7.87 1.86845e-05 -2.34835e-06
7.88 1.9308e-05 -2.42677e-06
7.89 1.99512e-05 -2.50766e-06
7.9 2.06146e-05 -2.59109e-06
7.91 2.12988e-05 -2.67714e-06
7.92 2.20043e-05 -2.76587e-06
7.93 2.27319e-05 -2.85738e-06
7.94 2.34821e-05 -2.95173e-06
7.95 2.42557e-05 -3.04902e-06
7.96 2.50532e-05 -3.14933e-06
7.97 2.58754e-05 -3.25274e-06
7.98 2.6723e-05 -3.35935e-06
7.99 2.75968e-05 -3.46925e-06
8 2.84974e-05 -3.58253e-06
8.01 2.94257e-05 -3.69929e-06
8.02 3.03825e-05 -3.81963e-06
8.03 3.13686e-05 -3.94366e-06
8.04 3.23847e-05 -4.07147e-06
8.05 3.34318e-05 -4.20318e-06
8.06 3.45108e-05 -4.33889e-06
8.07 3.56225e-05 -4.47873e-06
8.08 3.67679e-05 -4.6228e-06
8.09 3.79479e-05 -4.77123e-06
8.1 3.91635e-05 -4.92414e-06
8.11 4.04157e-05 -5.08165e-06
8.12 4.17056e-05 -5.2439e-06
8.13 4.30341e-05 -5.41102e-06
8.14 4.44024e-05 -5.58314e-06
8.15 4.58116e-05 -5.76041e-06
8.16 4.72629e-05 -5.94296e-06
8.17 4.87573e-05 -6.13095e-06
8.18 5.02961e-05 -6.32452e-06
8.19 5.18805e-05 -6.52383e-06
8.2 5.35118e-05 -6.72904e-06
8.21 5.51912e-05 -6.9403e-06
8.22 5.69201e-05 -7.1578e-06
8.23 5.86999e-05 -7.38169e-06
8.24 6.05319e-05 -7.61216e-06
8.25 6.24176e-05 -7.84937e-06
8.26 6.43584e-05 -8.09353e-06
8.27 6.63558e-05 -8.3448e-06
8.28 6.84114e-05 -8.6034e-06
8.29 7.05268e-05 -8.86951e-06
8.3 7.27034e-05 -9.14335e-06
8.31 7.49431e-05 -9.42511e-06
8.32 7.72475e-05 -9.71501e-06
8.33 7.96183e-05 -1.00133e-05
8.34 8.20574e-05 -1.03201e-05
8.35 8.45665e-05 -1.06358e-05
8.36 8.71475e-05 -1.09605e-05
8.37 8.98023e-05 -1.12945e-05
8.38 9.25329e-05 -1.1638e-05
8.39 9.53413e-05 -1.19913e-05
8.4 9.82295e-05 -1.23547e-05
8.41 0.0001012 -1.27284e-05
8.42 0.000104254 -1.31126e-05
8.43 0.000107395 -1.35078e-05
8.44 0.000110624 -1.3914e-05
8.45 0.000113944 -1.43317e-05
8.46 0.000117357 -1.47612e-05
8.47 0.000120867 -1.52027e-05
8.48 0.000124474 -1.56565e-05
8.49 0.000128182 -1.6123e-05
8.5 0.000131993 -1.66026e-05
8.51 0.000135911 -1.70954e-05
8.52 0.000139937 -1.7602e-05
8.53 0.000144075 -1.81226e-05
8.54 0.000148327 -1.86576e-05
8.55 0.000152696 -1.92073e-05
8.56 0.000157186 -1.97722e-05
8.57 0.000161799 -2.03526e-05
8.58 0.000166539 -2.09489e-05
8.59 0.000171408 -2.15616e-05
8.6 0.000176411 -2.2191e-05
8.61 0.00018155 -2.28375e-05
8.62 0.000186828 -2.35017e-05
8.63 0.00019225 -2.41839e-05
8.64 0.000197819 -2.48846e-05
8.65 0.000203539 -2.56042e-05
8.66 0.000209413 -2.63433e-05
8.67 0.000215445 -2.71022e-05
8.68 0.000221639 -2.78816e-05
8.69 0.000228 -2.86819e-05
8.7 0.00023453 -2.95036e-05
8.71 0.000241236 -3.03472e-05
8.72 0.00024812 -3.12134e-05
8.73 0.000255187 -3.21026e-05
8.74 0.000262442 -3.30155e-05
8.75 0.000269889 -3.39525e-05
8.76 0.000277533 -3.49143e-05
8.77 0.000285379 -3.59015e-05
8.78 0.000293432 -3.69147e-05
8.79 0.000301696 -3.79546e-05
8.8 0.000310178 -3.90217e-05
8.81 0.000318881 -4.01168e-05
8.82 0.000327812 -4.12405e-05
8.83 0.000336975 -4.23935e-05
8.84 0.000346377 -4.35766e-05
8.85 0.000356024 -4.47903e-05
8.86 0.00036592 -4.60355e-05
8.87 0.000376072 -4.73129e-05
8.88 0.000386487 -4.86233e-05
8.89 0.000397169 -4.99675e-05
8.9 0.000408126 -5.13462e-05
8.91 0.000419365 -5.27603e-05
8.92 0.000430891 -5.42106e-05
8.93 0.000442711 -5.56979e-05
8.94 0.000454833 -5.72232e-05
8.95 0.000467264 -5.87873e-05
8.96 0.00048001 -6.03911e-05
8.97 0.000493079 -6.20355e-05
8.98 0.000506478 -6.37216e-05
8.99 0.000520216 -6.54501e-05
9 0.0005343 -6.72223e-05
9.01 0.000548738 -6.9039e-05
9.02 0.000563537 -7.09012e-05
9.03 0.000578708 -7.281e-05
9.04 0.000594257 -7.47666e-05
9.05 0.000610194 -7.67719e-05
9.06 0.000626527 -7.88271e-05
9.07 0.000643265 -8.09333e-05
9.08 0.000660419 -8.30917e-05
9.09 0.000677996 -8.53034e-05
9.1 0.000696007 -8.75698e-05
9.11 0.000714461 -8.98919e-05
9.12 0.000733369 -9.2271e-05
9.13 0.00075274 -9.47085e-05
9.14 0.000772585 -9.72057e-05
9.15 0.000792915 -9.97638e-05
9.16 0.00081374 -0.000102384
9.17 0.000835071 -0.000105068
9.18 0.00085692 -0.000107818
9.19 0.000879298 -0.000110633
9.2 0.000902216 -0.000113517
9.21 0.000925687 -0.000116471
9.22 0.000949723 -0.000119495
9.23 0.000974336 -0.000122592
9.24 0.000999538 -0.000125763
9.25 0.00102534 -0.000129011
9.26 0.00105176 -0.000132335
9.27 0.00107881 -0.000135739
9.28 0.00110651 -0.000139223
9.29 0.00113485 -0.000142791
9.3 0.00116387 -0.000146442
9.31 0.00119358 -0.00015018
9.32 0.00122398 -0.000154006
9.33 0.0012551 -0.000157921
9.34 0.00128695 -0.000161929
9.35 0.00131954 -0.000166031
9.36 0.0013529 -0.000170228
9.37 0.00138703 -0.000174523
9.38 0.00142196 -0.000178918
9.39 0.0014577 -0.000183415
9.4 0.00149426 -0.000188016
9.41 0.00153167 -0.000192723
9.42 0.00156995 -0.000197539
9.43 0.0016091 -0.000202466
9.44 0.00164915 -0.000207506
9.45 0.00169012 -0.000212661
9.46 0.00173203 -0.000217935
9.47 0.00177489 -0.000223328
9.48 0.00181873 -0.000228845
9.49 0.00186356 -0.000234486
9.5 0.00190941 -0.000240256
9.51 0.0019563 -0.000246156
9.52 0.00200425 -0.000252189
9.53 0.00205327 -0.000258358
9.54 0.0021034 -0.000264666
9.55 0.00215465 -0.000271115
9.56 0.00220705 -0.000277709
9.57 0.00226062 -0.000284449
9.58 0.00231538 -0.00029134
9.59 0.00237135 -0.000298384
9.6 0.00242857 -0.000305584
9.61 0.00248706 -0.000312944
9.62 0.00254684 -0.000320466
9.63 0.00260793 -0.000328153
9.64 0.00267037 -0.00033601
9.65 0.00273417 -0.000344039
9.66 0.00279938 -0.000352244
9.67 0.002866 -0.000360628
9.68 0.00293408 -0.000369195
9.69 0.00300364 -0.000377948
9.7 0.00307471 -0.000386891
9.71 0.00314732 -0.000396027
9.72 0.00322149 -0.000405361
9.73 0.00329726 -0.000414896
9.74 0.00337467 -0.000424636
9.75 0.00345373 -0.000434585
9.76 0.00353448 -0.000444747
9.77 0.00361697 -0.000455125
9.78 0.0037012 -0.000465726
9.79 0.00378723 -0.000476551
9.8 0.00387509 -0.000487606
9.81 0.0039648 -0.000498896
9.82 0.00405641 -0.000510423
9.83 0.00414995 -0.000522194
9.84 0.00424545 -0.000534212
9.85 0.00434296 -0.000546482
9.86 0.00444251 -0.000559009
9.87 0.00454414 -0.000571797
9.88 0.00464789 -0.000584852
9.89 0.00475379 -0.000598179
9.9 0.00486189 -0.000611781
9.91 0.00497222 -0.000625665
9.92 0.00508484 -0.000639836
9.93 0.00519977 -0.000654299
9.94 0.00531706 -0.000669059
9.95 0.00543676 -0.000684121
9.96 0.00555891 -0.000699492
9.97 0.00568355 -0.000715176
9.98 0.00581073 -0.00073118
9.99 0.00594049 -0.000747509
10 0.00607289 -0.000764169
10.01 0.00620796 -0.000781165
10.02 0.00634575 -0.000798505
10.03 0.00648632 -0.000816193
10.04 0.00662971 -0.000834237
10.05 0.00677597 -0.000852642
10.06 0.00692515 -0.000871415
10.07 0.00707731 -0.000890562
10.08 0.0072325 -0.00091009
10.09 0.00739076 -0.000930005
10.1 0.00755216 -0.000950315
10.11 0.00771675 -0.000971026
10.12 0.00788458 -0.000992145
10.13 0.00805571 -0.00101368
10.14 0.00823019 -0.00103564
10.15 0.00840809 -0.00105802
10.16 0.00858946 -0.00108085
10.17 0.00877436 -0.00110411
10.18 0.00896286 -0.00112783
10.19 0.009155 -0.00115201
10.2 0.00935086 -0.00117666
10.21 0.0095505 -0.00120178
10.22 0.00975398 -0.00122738
10.23 0.00996136 -0.00125348
10.24 0.0101727 -0.00128008
10.25 0.0103881 -0.00130718
10.26 0.0106076 -0.0013348
10.27 0.0108313 -0.00136295
10.28 0.0110592 -0.00139162
10.29 0.0112914 -0.00142085
10.3 0.011528 -0.00145062
10.31 0.011769 -0.00148095
10.32 0.0120146 -0.00151185
10.33 0.0122648 -0.00154333
10.34 0.0125196 -0.0015754
10.35 0.0127792 -0.00160807
10.36 0.0130436 -0.00164134
10.37 0.013313 -0.00167523
10.38 0.0135873 -0.00170975
10.39 0.0138666 -0.00174491
10.4 0.0141511 -0.00178071
10.41 0.0144409 -0.00181717
10.42 0.0147359 -0.00185429
10.43 0.0150363 -0.0018921
10.44 0.0153422 -0.00193059
10.45 0.0156537 -0.00196978
10.46 0.0159708 -0.00200969
10.47 0.0162936 -0.00205031
10.48 0.0166223 -0.00209167
10.49 0.0169568 -0.00213377
10.5 0.0172974 -0.00217663
10.51 0.0176441 -0.00222025
10.52 0.0179969 -0.00226465
10.53 0.0183561 -0.00230985
10.54 0.0187216 -0.00235584
10.55 0.0190936 -0.00240265
10.56 0.0194721 -0.00245029
10.57 0.0198574 -0.00249876
10.58 0.0202494 -0.00254809
10.59 0.0206483 -0.00259829
10.6 0.0210541 -0.00264936
10.61 0.021467 -0.00270132
10.62 0.0218871 -0.00275418
10.63 0.0223145 -0.00280796
10.64 0.0227493 -0.00286267
10.65 0.0231916 -0.00291833
10.66 0.0236415 -0.00297494
10.67 0.0240991 -0.00303253
10.68 0.0245645 -0.0030911
10.69 0.0250379 -0.00315067
10.7 0.0255194 -0.00321125
10.71 0.026009 -0.00327286
10.72 0.0265069 -0.00333552
10.73 0.0270132 -0.00339923
10.74 0.027528 -0.00346402
10.75 0.0280515 -0.00352989
10.76 0.0285838 -0.00359687
10.77 0.0291249 -0.00366497
10.78 0.0296751 -0.0037342
10.79 0.0302344 -0.00380458
10.8 0.0308029 -0.00387612
10.81 0.0313809 -0.00394885
10.82 0.0319683 -0.00402277
10.83 0.0325655 -0.00409791
10.84 0.0331724 -0.00417428
10.85 0.0337892 -0.0042519
10.86 0.034416 -0.00433078
10.87 0.035053 -0.00441094
10.88 0.0357004 -0.0044924
10.89 0.0363582 -0.00457518
10.9 0.0370266 -0.00465929
10.91 0.0377057 -0.00474475
10.92 0.0383957 -0.00483157
10.93 0.0390967 -0.00491979
10.94 0.0398089 -0.00500941
10.95 0.0405324 -0.00510045
10.96 0.0412673 -0.00519293
10.97 0.0420138 -0.00528687
10.98 0.0427721 -0.00538229
10.99 0.0435423 -0.0054792
11 0.0443245 -0.00557763
11.01 0.0451189 -0.0056776
11.02 0.0459256 -0.00577912
11.03 0.0467449 -0.00588221
11.04 0.0475768 -0.0059869
11.05 0.0484216 -0.0060932
11.06 0.0492793 -0.00620114
11.07 0.0501502 -0.00631073
11.08 0.0510344 -0.00642199
11.09 0.051932 -0.00653494
11.1 0.0528433 -0.00664961
11.11 0.0537683 -0.00676602
11.12 0.0547073 -0.00688418
11.13 0.0556604 -0.00700412
11.14 0.0566278 -0.00712585
11.15 0.0576097 -0.00724941
11.16 0.0586062 -0.00737481
11.17 0.0596175 -0.00750207
11.18 0.0606438 -0.00763121
11.19 0.0616852 -0.00776226
11.2 0.062742 -0.00789524
11.21 0.0638142 -0.00803017
11.22 0.0649022 -0.00816707
11.23 0.066006 -0.00830597
11.24 0.0671258 -0.00844689
11.25 0.0682618 -0.00858984
11.26 0.0694142 -0.00873486
11.27 0.0705833 -0.00888197
11.28 0.071769 -0.00903118
11.29 0.0729718 -0.00918253
11.3 0.0741916 -0.00933603
11.31 0.0754288 -0.00949172
11.32 0.0766835 -0.00964961
11.33 0.0779559 -0.00980972
11.34 0.0792462 -0.00997209
11.35 0.0805546 -0.0101367
11.36 0.0818812 -0.0103037
11.37 0.0832263 -0.0104729
11.38 0.08459 -0.0106445
11.39 0.0859726 -0.0108185
11.4 0.0873743 -0.0109949
11.41 0.0887952 -0.0111737
11.42 0.0902355 -0.011355
11.43 0.0916955 -0.0115387
11.44 0.0931753 -0.0117249
11.45 0.0946751 -0.0119136
11.46 0.0961952 -0.0121049
11.47 0.0977357 -0.0122988
11.48 0.0992969 -0.0124952
11.49 0.100879 -0.0126943
11.5 0.102482 -0.012896
11.51 0.104106 -0.0131004
11.52 0.105752 -0.0133075
11.53 0.107419 -0.0135173
11.54 0.109109 -0.0137299
11.55 0.11082 -0.0139452
11.56 0.112553 -0.0141634
11.57 0.114309 -0.0143843
11.58 0.116088 -0.0146082
11.59 0.11789 -0.0148349
11.6 0.119714 -0.0150645
11.61 0.121562 -0.0152971
11.62 0.123434 -0.0155326
11.63 0.125329 -0.0157711
11.64 0.127248 -0.0160126
11.65 0.129192 -0.0162571
11.66 0.131159 -0.0165047
11.67 0.133152 -0.0167554
11.68 0.135169 -0.0170092
11.69 0.137211 -0.0172662
11.7 0.139278 -0.0175263
11.71 0.14137 -0.0177896
11.72 0.143489 -0.0180562
11.73 0.145632 -0.018326
11.74 0.147802 -0.018599
11.75 0.149999 -0.0188754
11.76 0.152221 -0.0191551
11.77 0.154471 -0.0194381
11.78 0.156747 -0.0197246
11.79 0.15905 -0.0200144
11.8 0.161381 -0.0203077
11.81 0.163739 -0.0206044
11.82 0.166124 -0.0209046
11.83 0.168538 -0.0212083
11.84 0.170979 -0.0215155
11.85 0.173449 -0.0218264
11.86 0.175948 -0.0221408
11.87 0.178475 -0.0224588
11.88 0.181031 -0.0227804
11.89 0.183616 -0.0231057
11.9 0.186231 -0.0234347
11.91 0.188875 -0.0237674
11.92 0.191548 -0.0241039
11.93 0.194252 -0.0244441
11.94 0.196986 -0.0247881
11.95 0.19975 -0.0251359
11.96 0.202544 -0.0254876
11.97 0.20537 -0.0258431
11.98 0.208226 -0.0262025
11.99 0.211113 -0.0265658
12 0.214031 -0.0269331
12.01 0.216981 -0.0273043
12.02 0.219963 -0.0276794
12.03 0.222976 -0.0280586
12.04 0.226021 -0.0284418
12.05 0.229099 -0.0288291
12.06 0.232208 -0.0292204
12.07 0.235351 -0.0296159
12.08 0.238526 -0.0300154
12.09 0.241734 -0.0304191
12.1 0.244975 -0.0308269
12.11 0.248249 -0.0312389
12.12 0.251557 -0.0316552
12.13 0.254898 -0.0320756
12.14 0.258273 -0.0325003
12.15 0.261682 -0.0329292
12.16 0.265124 -0.0333625
12.17 0.268601 -0.0338
12.18 0.272113 -0.0342419
12.19 0.275658 -0.0346881
12.2 0.279239 -0.0351386
12.21 0.282854 -0.0355935
12.22 0.286504 -0.0360529
12.23 0.290189 -0.0365166
12.24 0.29391 -0.0369847
12.25 0.297665 -0.0374573
12.26 0.301456 -0.0379344
12.27 0.305283 -0.0384159
12.28 0.309145 -0.038902
12.29 0.313044 -0.0393925
12.3 0.316978 -0.0398876
12.31 0.320948 -0.0403872
12.32 0.324954 -0.0408913
12.33 0.328997 -0.0414
12.34 0.333076 -0.0419133
12.35 0.337191 -0.0424311
12.36 0.341343 -0.0429536
12.37 0.345531 -0.0434806
12.38 0.349756 -0.0440123
12.39 0.354018 -0.0445486
12.4 0.358317 -0.0450896
12.41 0.362652 -0.0456352
12.42 0.367025 -0.0461854
12.43 0.371435 -0.0467403
12.44 0.375882 -0.0472999
12.45 0.380365 -0.0478641
12.46 0.384887 -0.048433
12.47 0.389445 -0.0490066
12.48 0.39404 -0.0495849
12.49 0.398673 -0.0501679
12.5 0.403344 -0.0507556
12.51 0.408051 -0.051348
12.52 0.412796 -0.0519451
12.53 0.417578 -0.0525469
12.54 0.422398 -0.0531533
12.55 0.427255 -0.0537645
12.56 0.432149 -0.0543804
12.57 0.437081 -0.055001
12.58 0.44205 -0.0556263
12.59 0.447056 -0.0562563
12.6 0.452099 -0.0568909
12.61 0.45718 -0.0575303
12.62 0.462298 -0.0581743
12.63 0.467453 -0.058823
12.64 0.472645 -0.0594763
12.65 0.477874 -0.0601343
12.66 0.48314 -0.060797
12.67 0.488442 -0.0614642
12.68 0.493782 -0.0621361
12.69 0.499158 -0.0628126
12.7 0.504571 -0.0634938
12.71 0.51002 -0.0641795
12.72 0.515505 -0.0648697
12.73 0.521027 -0.0655645
12.74 0.526584 -0.0662639
12.75 0.532178 -0.0669678
12.76 0.537807 -0.0676761
12.77 0.543472 -0.068389
12.78 0.549172 -0.0691063
12.79 0.554908 -0.0698281
12.8 0.560679 -0.0705543
12.81 0.566485 -0.0712848
12.82 0.572325 -0.0720198
12.83 0.5782 -0.0727591
12.84 0.584109 -0.0735027
12.85 0.590052 -0.0742505
12.86 0.596029 -0.0750027
12.87 0.60204 -0.0757591
12.88 0.608084 -0.0765196
12.89 0.614161 -0.0772844
12.9 0.620271 -0.0780532
12.91 0.626414 -0.0788262
12.92 0.632589 -0.0796032
12.93 0.638796 -0.0803843
12.94 0.645034 -0.0811693
12.95 0.651304 -0.0819583
12.96 0.657605 -0.0827512
12.97 0.663936 -0.0835479
12.98 0.670298 -0.0843485
12.99 0.67669 -0.0851528
13 0.683112 -0.0859609
13.01 0.689563 -0.0867726
13.02 0.696042 -0.087588
13.03 0.70255 -0.088407
13.04 0.709087 -0.0892295
13.05 0.715651 -0.0900555
13.06 0.722242 -0.0908849
13.07 0.72886 -0.0917177
13.08 0.735504 -0.0925538
13.09 0.742174 -0.0933931
13.1 0.74887 -0.0942357
13.11 0.75559 -0.0950814
13.12 0.762335 -0.0959301
13.13 0.769104 -0.0967819
13.14 0.775897 -0.0976367
13.15 0.782712 -0.0984943
13.16 0.78955 -0.0993547
13.17 0.796409 -0.100218
13.18 0.80329 -0.101084
13.19 0.810191 -0.101952
13.2 0.817113 -0.102823
13.21 0.824054 -0.103697
13.22 0.831014 -0.104573
13.23 0.837993 -0.105451
13.24 0.844989 -0.106331
13.25 0.852002 -0.107214
13.26 0.859031 -0.108098
13.27 0.866076 -0.108985
13.28 0.873136 -0.109873
13.29 0.880211 -0.110763
13.3 0.887299 -0.111655
13.31 0.8944 -0.112549
13.32 0.901514 -0.113444
13.33 0.908638 -0.114341
13.34 0.915774 -0.115238
13.35 0.922919 -0.116138
13.36 0.930074 -0.117038
13.37 0.937237 -0.117939
13.38 0.944407 -0.118842
13.39 0.951585 -0.119745
13.4 0.958768 -0.120649
13.41 0.965956 -0.121553
13.42 0.973149 -0.122458
13.43 0.980345 -0.123364
13.44 0.987544 -0.12427
13.45 0.994744 -0.125176
13.46 1.00194 -0.126082
13.47 1.00915 -0.126988
13.48 1.01635 -0.127894
13.49 1.02354 -0.1288
13.5 1.03074 -0.129705
13.51 1.03793 -0.13061
13.52 1.04511 -0.131513
