0 0 0
0.08 4.44771e-67 -1.13164e-72
0.16 3.45466e-62 -2.15241e-67
0.24 2.22121e-58 -4.41461e-63
0.32 3.41437e-55 -1.67561e-59
0.4 1.78117e-52 -1.73911e-56
0.48 2.84932e-50 -4.43301e-54
0.44 4.65271e-51 -5.77202e-55
0.42 1.01983e-51 -1.2346e-55
0.41 4.33858e-52 -4.81946e-56
0.42 1.03246e-51 -1.29073e-55
0.43 2.40667e-51 -3.35399e-55
0.44 5.50171e-51 -8.47846e-55
0.45 1.23457e-50 -2.08937e-54
0.46 2.72157e-50 -5.02838e-54
0.47 5.89858e-50 -1.18364e-53
0.48 1.25778e-49 -2.72882e-53
0.49 2.64049e-49 -6.16883e-53
0.5 5.46081e-49 -1.36888e-52
0.51 1.11322e-48 -2.98455e-52
0.52 2.23819e-48 -6.39904e-52
0.53 4.44052e-48 -1.35026e-51
0.54 8.69775e-48 -2.8061e-51
0.55 1.68275e-47 -5.74725e-51
0.56 3.21711e-47 -1.1608e-50
0.57 6.08031e-47 -2.31336e-50
0.58 1.13651e-46 -4.55148e-50
0.59 2.10172e-46 -8.84503e-50
0.6 3.84665e-46 -1.69859e-49
0.61 6.97023e-46 -3.22484e-49
0.62 1.25086e-45 -6.05538e-49
0.63 2.22383e-45 -1.125e-48
0.64 3.91789e-45 -2.06874e-48
0.65 6.84204e-45 -3.76661e-48
0.66 1.18472e-44 -6.79245e-48
0.67 2.03448e-44 -1.21359e-47
0.68 3.46583e-44 -2.14888e-47
0.69 5.85838e-44 -3.77201e-47
0.7 9.8279e-44 -6.5655e-47
0.71 1.63663e-43 -1.13346e-46
0.72 2.70605e-43 -1.94132e-46
0.73 4.44327e-43 -3.29943e-46
0.74 7.24657e-43 -5.5658e-46
0.75 1.1741e-42 -9.32084e-46
0.76 1.89014e-42 -1.54992e-45
0.77 3.02393e-42 -2.55961e-45
0.78 4.80852e-42 -4.19883e-45
0.79 7.60111e-42 -6.84309e-45
0.8 1.19463e-41 -1.1082e-44
0.81 1.867e-41 -1.7836e-44
0.82 2.90181e-41 -2.85338e-44
0.83 4.48607e-41 -4.53803e-44
0.84 6.89904e-41 -7.17607e-44
0.85 1.05558e-40 -1.12844e-43
0.86 1.60705e-40 -1.76481e-43
0.87 2.43471e-40 -2.74539e-43
0.88 3.6711e-40 -4.24864e-43
0.89 5.50965e-40 -6.54168e-43
0.9 8.23139e-40 -1.00224e-42
0.91 1.2243e-39 -1.52808e-42
0.92 1.81306e-39 -2.31879e-42
0.93 2.67353e-39 -3.50235e-42
0.94 3.92597e-39 -5.26607e-42
0.95 5.74164e-39 -7.88289e-42
0.96 8.3635e-39 -1.17489e-41
0.97 1.2135e-38 -1.74365e-41
0.98 1.75399e-38 -2.57699e-41
0.99 2.5257e-38 -3.79309e-41
1 3.62358e-38 -5.56081e-41
1.01 5.17996e-38 -8.12048e-41
1.02 7.37868e-38 -1.1813e-40
1.03 1.04743e-37 -1.71199e-40
1.04 1.48181e-37 -2.47196e-40
1.05 2.08935e-37 -3.5564e-40
1.06 2.93635e-37 -5.09844e-40
1.07 4.11347e-37 -7.28371e-40
1.08 5.74434e-37 -1.03701e-39
1.09 7.99701e-37 -1.4715e-39
1.1 1.10993e-36 -2.08115e-39
1.11 1.53591e-36 -2.9339e-39
1.12 2.11917e-36 -4.12296e-39
1.13 2.9155e-36 -5.77589e-39
1.14 3.99975e-36 -8.06675e-39
1.15 5.472e-36 -1.12324e-38
1.16 7.46573e-36 -1.55941e-38
1.17 1.01586e-35 -2.15868e-38
1.18 1.37863e-35 -2.97971e-38
1.19 1.8661e-35 -4.10148e-38
1.2 2.5195e-35 -5.63e-38
1.21 3.39316e-35 -7.7072e-38
1.22 4.5585e-35 -1.05226e-37
1.23 6.10922e-35 -1.43289e-37
1.24 8.16792e-35 -1.94615e-37
1.25 1.08947e-34 -2.63654e-37
1.26 1.44983e-34 -3.56291e-37
1.27 1.92499e-34 -4.80292e-37
1.28 2.55015e-34 -6.45881e-37
1.29 3.3709e-34 -8.66485e-37
1.3 4.44612e-34 -1.15971e-36
1.31 5.85177e-34 -1.54856e-36
1.32 7.68562e-34 -2.06309e-36
1.33 1.00732e-33 -2.7424e-36
1.34 1.31756e-33 -3.63732e-36
1.35 1.71988e-33 -4.81376e-36
1.36 2.24059e-33 -6.35701e-36
1.37 2.91325e-33 -8.37722e-36
1.38 3.78056e-33 -1.10164e-35
1.39 4.89676e-33 -1.44572e-35
1.4 6.33065e-33 -1.89342e-35
1.41 8.16932e-33 -2.47479e-35
1.42 1.05228e-32 -3.22829e-35
1.43 1.35301e-32 -4.203e-35
1.44 1.73659e-32 -5.4615e-35
1.45 2.22504e-32 -7.08339e-35
1.46 2.84597e-32 -9.16975e-35
1.47 3.634e-32 -1.18487e-34
1.48 4.63246e-32 -1.52825e-34
1.49 5.89549e-32 -1.9676e-34
1.5 7.49065e-32 -2.52876e-34
1.51 9.50211e-32 -3.24427e-34
1.52 1.20346e-31 -4.15504e-34
1.53 1.52181e-31 -5.31241e-34
1.54 1.9214e-31 -6.78072e-34
1.55 2.4222e-31 -8.64044e-34
1.56 3.04894e-31 -1.09921e-33
1.57 3.83213e-31 -1.39611e-33
1.58 4.80942e-31 -1.77037e-33
1.59 6.02719e-31 -2.24139e-33
1.6 7.54248e-31 -2.83328e-33
1.61 9.42535e-31 -3.57593e-33
1.62 1.17618e-30 -4.50634e-33
1.63 1.46572e-30 -5.67025e-33
1.64 1.82403e-30 -7.12411e-33
1.65 2.26689e-30 -8.93753e-33
1.66 2.81351e-30 -1.11962e-32
1.67 3.48734e-30 -1.40053e-32
1.68 4.31694e-30 -1.74943e-32
1.69 5.33701e-30 -2.18216e-32
1.7 6.58975e-30 -2.71813e-32
1.71 8.12632e-30 -3.38107e-32
1.72 1.00087e-29 -4.19994e-32
1.73 1.23121e-29 -5.21009e-32
1.74 1.51272e-29 -6.45455e-32
1.75 1.85636e-29 -7.98568e-32
1.76 2.27537e-29 -9.86709e-32
1.77 2.78568e-29 -1.2176e-31
1.78 3.40649e-29 -1.50058e-31
1.79 4.16088e-29 -1.84699e-31
1.8 5.07658e-29 -2.27052e-31
1.81 6.18684e-29 -2.78769e-31
1.82 7.53156e-29 -3.41845e-31
1.83 9.15849e-29 -4.18681e-31
1.84 1.11248e-28 -5.12169e-31
1.85 1.34987e-28 -6.25783e-31
1.86 1.63618e-28 -7.63696e-31
1.87 1.98114e-28 -9.30909e-31
1.88 2.39632e-28 -1.13342e-30
1.89 2.89553e-28 -1.37839e-30
1.9 3.49518e-28 -1.6744e-30
1.91 4.21475e-28 -2.03168e-30
1.92 5.0774e-28 -2.46245e-30
1.93 6.11057e-28 -2.98123e-30
1.94 7.34679e-28 -3.60535e-30
1.95 8.82456e-28 -4.35537e-30
1.96 1.05894e-27 -5.25575e-30
1.97 1.26952e-27 -6.33548e-30
1.98 1.52054e-27 -7.62893e-30
1.99 1.81951e-27 -9.17679e-30
2 2.17526e-27 -1.10272e-29
2.01 2.59819e-27 -1.3237e-29
2.02 3.10055e-27 -1.58734e-29
2.03 3.69673e-27 -1.90155e-29
2.04 4.40365e-27 -2.27566e-29
2.05 5.24116e-27 -2.72065e-29
2.06 6.23254e-27 -3.24944e-29
2.07 7.40506e-27 -3.87717e-29
2.08 8.79068e-27 -4.62166e-29
2.09 1.04268e-26 -5.50376e-29
2.1 1.2357e-26 -6.54793e-29
2.11 1.46325e-26 -7.78276e-29
2.12 1.73128e-26 -9.24171e-29
2.13 2.04673e-26 -1.09638e-28
2.14 2.41772e-26 -1.29947e-28
2.15 2.85368e-26 -1.53876e-28
2.16 3.36558e-26 -1.82043e-28
2.17 3.9662e-26 -2.15169e-28
2.18 4.67038e-26 -2.54093e-28
2.19 5.49536e-26 -2.99789e-28
2.2 6.46112e-26 -3.53386e-28
2.21 7.59087e-26 -4.16196e-28
2.22 8.91148e-26 -4.89737e-28
2.23 1.04541e-25 -5.75767e-28
2.24 1.22547e-25 -6.76322e-28
2.25 1.43549e-25 -7.93752e-28
2.26 1.68029e-25 -9.3077e-28
2.27 1.96543e-25 -1.09051e-27
2.28 2.29733e-25 -1.27658e-27
2.29 2.68337e-25 -1.49314e-27
2.3 3.1321e-25 -1.74497e-27
2.31 3.65334e-25 -2.03758e-27
2.32 4.25839e-25 -2.37728e-27
2.33 4.96027e-25 -2.77134e-27
2.34 5.77393e-25 -3.22807e-27
2.35 6.71655e-25 -3.75701e-27
2.36 7.80788e-25 -4.36908e-27
2.37 9.07055e-25 -5.07678e-27
2.38 1.05305e-24 -5.89438e-27
2.39 1.22176e-24 -6.8382e-27
2.4 1.41658e-24 -7.92687e-27
2.41 1.64142e-24 -9.18163e-27
2.42 1.90075e-24 -1.06283e-26
2.43 2.19966e-24 -1.22963e-26
2.44 2.544e-24 -1.42183e-26
2.45 2.94043e-24 -1.64314e-26
2.46 3.39655e-24 -1.89781e-26
2.47 3.92104e-24 -2.19069e-26
2.48 4.5238e-24 -2.52729e-26
2.49 5.21609e-24 -2.91392e-26
2.5 6.01076e-24 -3.35774e-26
2.51 6.92242e-24 -3.86691e-26
2.52 7.96769e-24 -4.45072e-26
2.53 9.16548e-24 -5.11973e-26
2.54 1.05373e-23 -5.88593e-26
2.55 1.21075e-23 -6.76296e-26
2.56 1.39038e-23 -7.76629e-26
2.57 1.59576e-23 -8.91347e-26
2.58 1.83046e-23 -1.02244e-25
2.59 2.09852e-23 -1.17217e-25
2.6 2.40451e-23 -1.34308e-25
2.61 2.75362e-23 -1.53808e-25
2.62 3.15171e-23 -1.76043e-25
2.63 3.60541e-23 -2.01385e-25
2.64 4.12223e-23 -2.30253e-25
2.65 4.71063e-23 -2.63119e-25
2.66 5.38019e-23 -3.00518e-25
2.67 6.14172e-23 -3.43054e-25
2.68 7.00742e-23 -3.91409e-25
2.69 7.99102e-23 -4.46349e-25
2.7 9.10805e-23 -5.08742e-25
2.71 1.0376e-22 -5.79563e-25
2.72 1.18144e-22 -6.5991e-25
2.73 1.34456e-22 -7.51022e-25
2.74 1.52944e-22 -8.54289e-25
2.75 1.73889e-22 -9.71278e-25
2.76 1.97605e-22 -1.10375e-24
2.77 2.24447e-22 -1.25368e-24
2.78 2.54812e-22 -1.42329e-24
2.79 2.89148e-22 -1.61507e-24
2.8 3.27953e-22 -1.83183e-24
2.81 3.71792e-22 -2.07669e-24
2.82 4.21293e-22 -2.35319e-24
2.83 4.77164e-22 -2.66526e-24
2.84 5.40193e-22 -3.01732e-24
2.85 6.11269e-22 -3.41432e-24
2.86 6.91381e-22 -3.8618e-24
2.87 7.81639e-22 -4.36594e-24
2.88 8.83283e-22 -4.93369e-24
2.89 9.97699e-22 -5.57278e-24
2.9 1.12644e-21 -6.29187e-24
2.91 1.27123e-21 -7.10061e-24
2.92 1.434e-21 -8.00982e-24
2.93 1.61692e-21 -9.03152e-24
2.94 1.82238e-21 -1.01792e-23
2.95 2.05307e-21 -1.14677e-23
2.96 2.31198e-21 -1.29139e-23
2.97 2.60245e-21 -1.45363e-23
2.98 2.92817e-21 -1.63557e-23
2.99 3.29329e-21 -1.83951e-23
3 3.7024e-21 -2.06802e-23
3.01 4.16063e-21 -2.32397e-23
3.02 4.67365e-21 -2.61053e-23
3.03 5.24781e-21 -2.93123e-23
3.04 5.89012e-21 -3.29e-23
3.05 6.6084e-21 -3.69121e-23
3.06 7.41133e-21 -4.13969e-23
3.07 8.30853e-21 -4.64084e-23
3.08 9.31068e-21 -5.2006e-23
3.09 1.04296e-20 -5.82561e-23
3.1 1.16786e-20 -6.52321e-23
3.11 1.3072e-20 -7.30153e-23
3.12 1.46261e-20 -8.16958e-23
3.13 1.63587e-20 -9.13737e-23
3.14 1.82897e-20 -1.02159e-22
3.15 2.04409e-20 -1.14175e-22
3.16 2.28367e-20 -1.27557e-22
3.17 2.55038e-20 -1.42455e-22
3.18 2.84719e-20 -1.59033e-22
3.19 3.17738e-20 -1.77476e-22
3.2 3.54457e-20 -1.97987e-22
3.21 3.95277e-20 -2.20787e-22
3.22 4.4064e-20 -2.46125e-22
3.23 4.91034e-20 -2.74274e-22
3.24 5.46998e-20 -3.05533e-22
3.25 6.09125e-20 -3.40235e-22
3.26 6.78072e-20 -3.78746e-22
3.27 7.5456e-20 -4.21469e-22
3.28 8.39386e-20 -4.6885e-22
3.29 9.33428e-20 -5.21378e-22
3.3 1.03765e-19 -5.79594e-22
3.31 1.15312e-19 -6.44092e-22
3.32 1.28101e-19 -7.15525e-22
3.33 1.42261e-19 -7.94616e-22
3.34 1.57933e-19 -8.82155e-22
3.35 1.75274e-19 -9.79014e-22
3.36 1.94455e-19 -1.08615e-21
3.37 2.15664e-19 -1.20462e-21
3.38 2.39109e-19 -1.33558e-21
3.39 2.65018e-19 -1.48029e-21
3.4 2.93639e-19 -1.64016e-21
3.41 3.25249e-19 -1.81672e-21
3.42 3.60146e-19 -2.01164e-21
3.43 3.98663e-19 -2.22678e-21
3.44 4.41161e-19 -2.46416e-21
3.45 4.88037e-19 -2.726e-21
3.46 5.39728e-19 -3.01472e-21
3.47 5.9671e-19 -3.333e-21
3.48 6.59507e-19 -3.68376e-21
3.49 7.28691e-19 -4.0702e-21
3.5 8.04891e-19 -4.49582e-21
3.51 8.88792e-19 -4.96446e-21
3.52 9.81146e-19 -5.48032e-21
3.53 1.08278e-18 -6.04799e-21
3.54 1.19458e-18 -6.67249e-21
3.55 1.31755e-18 -7.35933e-21
3.56 1.45275e-18 -8.1145e-21
3.57 1.60136e-18 -8.94458e-21
3.58 1.76466e-18 -9.85674e-21
3.59 1.94406e-18 -1.08588e-20
3.6 2.1411e-18 -1.19594e-20
3.61 2.35743e-18 -1.31677e-20
3.62 2.5949e-18 -1.44941e-20
3.63 2.85549e-18 -1.59497e-20
3.64 3.14138e-18 -1.75466e-20
3.65 3.45493e-18 -1.9298e-20
3.66 3.79875e-18 -2.12184e-20
3.67 4.17563e-18 -2.33235e-20
3.68 4.58867e-18 -2.56306e-20
3.69 5.0412e-18 -2.81583e-20
3.7 5.53688e-18 -3.0927e-20
3.71 6.07968e-18 -3.39588e-20
3.72 6.67392e-18 -3.7278e-20
3.73 7.32431e-18 -4.09109e-20
3.74 8.03598e-18 -4.4886e-20
3.75 8.8145e-18 -4.92345e-20
3.76 9.66594e-18 -5.39904e-20
3.77 1.05969e-17 -5.91904e-20
3.78 1.16146e-17 -6.48746e-20
3.79 1.27267e-17 -7.10866e-20
3.8 1.39418e-17 -7.78737e-20
3.81 1.52691e-17 -8.52873e-20
3.82 1.67185e-17 -9.33834e-20
3.83 1.8301e-17 -1.02223e-19
3.84 2.00283e-17 -1.11871e-19
3.85 2.19132e-17 -1.22399e-19
3.86 2.39697e-17 -1.33886e-19
3.87 2.62128e-17 -1.46415e-19
3.88 2.86588e-17 -1.60077e-19
3.89 3.13255e-17 -1.74973e-19
3.9 3.42322e-17 -1.91209e-19
3.91 3.73997e-17 -2.08901e-19
3.92 4.08506e-17 -2.28176e-19
3.93 4.46094e-17 -2.49172e-19
3.94 4.87027e-17 -2.72035e-19
3.95 5.31591e-17 -2.96927e-19
3.96 5.80098e-17 -3.24021e-19
3.97 6.32886e-17 -3.53507e-19
3.98 6.90319e-17 -3.85587e-19
3.99 7.52792e-17 -4.20482e-19
4 8.20733e-17 -4.58431e-19
4.01 8.94603e-17 -4.99692e-19
4.02 9.74903e-17 -5.44545e-19
4.03 1.06217e-16 -5.9329e-19
4.04 1.157e-16 -6.46256e-19
4.05 1.26001e-16 -7.03795e-19
4.06 1.37189e-16 -7.66287e-19
4.07 1.49338e-16 -8.34147e-19
4.08 1.62527e-16 -9.07817e-19
4.09 1.76843e-16 -9.8778e-19
4.1 1.92379e-16 -1.07456e-18
4.11 2.09234e-16 -1.1687e-18
4.12 2.27517e-16 -1.27088e-18
4.13 2.47346e-16 -1.38215e-18
4.14 2.68846e-16 -1.50336e-18
4.15 2.92153e-16 -1.63536e-18
4.16 3.17414e-16 -1.77909e-18
4.17 3.44788e-16 -1.93558e-18
4.18 3.74446e-16 -2.10594e-18
4.19 4.0657e-16 -2.29137e-18
4.2 4.4136e-16 -2.49318e-18
4.21 4.79029e-16 -2.71281e-18
4.22 5.19807e-16 -2.9518e-18
4.23 5.63942e-16 -3.21182e-18
4.24 6.11702e-16 -3.49471e-18
4.25 6.63374e-16 -3.80245e-18
4.26 7.19268e-16 -4.13719e-18
4.27 7.79716e-16 -4.50125e-18
4.28 8.45078e-16 -4.89718e-18
4.29 9.15739e-16 -5.32772e-18
4.3 9.92114e-16 -5.79584e-18
4.31 1.07465e-15 -6.30477e-18
4.32 1.16383e-15 -6.85802e-18
4.33 1.26016e-15 -7.45937e-18
4.34 1.36421e-15 -8.11294e-18
4.35 1.47656e-15 -8.82318e-18
4.36 1.59787e-15 -9.5949e-18
4.37 1.72881e-15 -1.04333e-17
4.38 1.87013e-15 -1.13441e-17
4.39 2.02263e-15 -1.23334e-17
4.4 2.18715e-15 -1.34078e-17
4.41 2.36461e-15 -1.45744e-17
4.42 2.55601e-15 -1.58411e-17
4.43 2.76238e-15 -1.72162e-17
4.44 2.98487e-15 -1.87087e-17
4.45 3.22469e-15 -2.03284e-17
4.46 3.48314e-15 -2.20861e-17
4.47 3.76163e-15 -2.39929e-17
4.48 4.06166e-15 -2.60615e-17
4.49 4.38483e-15 -2.8305e-17
4.5 4.73286e-15 -3.07379e-17
4.51 5.10762e-15 -3.33758e-17
4.52 5.51107e-15 -3.62354e-17
4.53 5.94534e-15 -3.93349e-17
4.54 6.41271e-15 -4.26938e-17
4.55 6.91561e-15 -4.63333e-17
4.56 7.45665e-15 -5.0276e-17
4.57 8.03862e-15 -5.45464e-17
4.58 8.66452e-15 -5.9171e-17
4.59 9.33755e-15 -6.41783e-17
4.6 1.00611e-14 -6.95989e-17
4.61 1.0839e-14 -7.54659e-17
4.62 1.16749e-14 -8.18149e-17
4.63 1.25732e-14 -8.86841e-17
4.64 1.35384e-14 -9.61149e-17
4.65 1.45752e-14 -1.04152e-16
4.66 1.56888e-14 -1.12842e-16
4.67 1.68846e-14 -1.22237e-16
4.68 1.81687e-14 -1.32393e-16
4.69 1.95471e-14 -1.43368e-16
4.7 2.10266e-14 -1.55226e-16
4.71 2.26145e-14 -1.68037e-16
4.72 2.43183e-14 -1.81873e-16
4.73 2.61462e-14 -1.96814e-16
4.74 2.8107e-14 -2.12945e-16
4.75 3.02099e-14 -2.30358e-16
4.76 3.2465e-14 -2.4915e-16
4.77 3.48828e-14 -2.69426e-16
4.78 3.74748e-14 -2.913e-16
4.79 4.0253e-14 -3.14892e-16
4.8 4.32303e-14 -3.40332e-16
4.81 4.64205e-14 -3.6776e-16
4.82 4.98384e-14 -3.97326e-16
4.83 5.34995e-14 -4.29188e-16
4.84 5.74207e-14 -4.63519e-16
4.85 6.16198e-14 -5.00502e-16
4.86 6.61157e-14 -5.40335e-16
4.87 7.09287e-14 -5.83227e-16
4.88 7.60805e-14 -6.29406e-16
4.89 8.1594e-14 -6.79111e-16
4.9 8.74938e-14 -7.32603e-16
4.91 9.3806e-14 -7.90158e-16
4.92 1.00558e-13 -8.52072e-16
4.93 1.07781e-13 -9.18662e-16
4.94 1.15504e-13 -9.90266e-16
4.95 1.23763e-13 -1.06725e-15
4.96 1.32593e-13 -1.14999e-15
4.97 1.42031e-13 -1.23891e-15
4.98 1.52119e-13 -1.33445e-15
4.99 1.629e-13 -1.43709e-15
5 1.74419e-13 -1.54731e-15
5.01 1.86725e-13 -1.66568e-15
5.02 1.9987e-13 -1.79275e-15
5.03 2.1391e-13 -1.92915e-15
5.04 2.28903e-13 -2.07553e-15
5.05 2.44912e-13 -2.23258e-15
5.06 2.62003e-13 -2.40106e-15
5.07 2.80247e-13 -2.58177e-15
5.08 2.99718e-13 -2.77554e-15
5.09 3.20496e-13 -2.98328e-15
5.1 3.42667e-13 -3.20596e-15
5.11 3.6632e-13 -3.44461e-15
5.12 3.91551e-13 -3.70033e-15
5.13 4.18461e-13 -3.97427e-15
5.14 4.47158e-13 -4.26769e-15
5.15 4.77757e-13 -4.5819e-15
5.16 5.10379e-13 -4.91833e-15
5.17 5.45153e-13 -5.27846e-15
5.18 5.82217e-13 -5.66391e-15
5.19 6.21716e-13 -6.07637e-15
5.2 6.63803e-13 -6.51765e-15
5.21 7.08644e-13 -6.98967e-15
5.22 7.56411e-13 -7.4945e-15
5.23 8.07289e-13 -8.03431e-15
5.24 8.61473e-13 -8.61141e-15
5.25 9.19171e-13 -9.22827e-15
5.26 9.80602e-13 -9.88751e-15
5.27 1.046e-12 -1.05919e-14
5.28 1.11561e-12 -1.13445e-14
5.29 1.1897e-12 -1.21483e-14
5.3 1.26854e-12 -1.30067e-14
5.31 1.35242e-12 -1.39232e-14
5.32 1.44166e-12 -1.49017e-14
5.33 1.5366e-12 -1.59461e-14
5.34 1.63757e-12 -1.70607e-14
5.35 1.74495e-12 -1.825e-14
5.36 1.85913e-12 -1.95187e-14
5.37 1.98052e-12 -2.0872e-14
5.38 2.10958e-12 -2.23151e-14
5.39 2.24675e-12 -2.3854e-14
5.4 2.39254e-12 -2.54945e-14
5.41 2.54746e-12 -2.72431e-14
5.42 2.71208e-12 -2.91067e-14
5.43 2.88696e-12 -3.10925e-14
5.44 3.07274e-12 -3.3208e-14
5.45 3.27006e-12 -3.54615e-14
5.46 3.47961e-12 -3.78615e-14
5.47 3.70214e-12 -4.04172e-14
5.48 3.9384e-12 -4.31382e-14
5.49 4.18923e-12 -4.60347e-14
5.5 4.45547e-12 -4.91175e-14
5.51 4.73806e-12 -5.23981e-14
5.52 5.03795e-12 -5.58886e-14
5.53 5.35617e-12 -5.9602e-14
5.54 5.6938e-12 -6.35517e-14
5.55 6.05197e-12 -6.77522e-14
5.56 6.43189e-12 -7.22187e-14
5.57 6.83484e-12 -7.69673e-14
5.58 7.26215e-12 -8.2015e-14
5.59 7.71526e-12 -8.73799e-14
5.6 8.19566e-12 -9.3081e-14
5.61 8.70493e-12 -9.91385e-14
5.62 9.24475e-12 -1.05574e-13
5.63 9.81688e-12 -1.12409e-13
5.64 1.04232e-11 -1.19668e-13
5.65 1.10656e-11 -1.27377e-13
5.66 1.17463e-11 -1.35561e-13
5.67 1.24674e-11 -1.44249e-13
5.68 1.32312e-11 -1.53471e-13
5.69 1.40402e-11 -1.63257e-13
5.7 1.48969e-11 -1.73641e-13
5.71 1.5804e-11 -1.84658e-13
5.72 1.67645e-11 -1.96345e-13
5.73 1.77812e-11 -2.08741e-13
5.74 1.88575e-11 -2.21886e-13
5.75 1.99967e-11 -2.35824e-13
5.76 2.12023e-11 -2.50602e-13
5.77 2.24779e-11 -2.66267e-13
5.78 2.38277e-11 -2.8287e-13
5.79 2.52556e-11 -3.00465e-13
5.8 2.67661e-11 -3.19108e-13
5.81 2.83638e-11 -3.38861e-13
5.82 3.00535e-11 -3.59784e-13
5.83 3.18403e-11 -3.81946e-13
5.84 3.37295e-11 -4.05417e-13
5.85 3.57269e-11 -4.30269e-13
5.86 3.78384e-11 -4.56581e-13
5.87 4.00703e-11 -4.84435e-13
5.88 4.24292e-11 -5.13918e-13
5.89 4.4922e-11 -5.45121e-13
5.9 4.75561e-11 -5.78139e-13
5.91 5.03392e-11 -6.13074e-13
5.92 5.32794e-11 -6.50032e-13
5.93 5.63852e-11 -6.89126e-13
5.94 5.96656e-11 -7.30473e-13
5.95 6.313e-11 -7.74198e-13
5.96 6.67885e-11 -8.20431e-13
5.97 7.06514e-11 -8.69311e-13
5.98 7.47298e-11 -9.20983e-13
5.99 7.90352e-11 -9.75599e-13
6 8.35797e-11 -1.03332e-12
6.01 8.83763e-11 -1.09431e-12
6.02 9.34383e-11 -1.15876e-12
6.03 9.87798e-11 -1.22684e-12
6.04 1.04416e-10 -1.29876e-12
6.05 1.10362e-10 -1.37472e-12
6.06 1.16634e-10 -1.45494e-12
6.07 1.2325e-10 -1.53965e-12
6.08 1.30228e-10 -1.62908e-12
6.09 1.37587e-10 -1.7235e-12
6.1 1.45347e-10 -1.82316e-12
6.11 1.53529e-10 -1.92835e-12
6.12 1.62154e-10 -2.03936e-12
6.13 1.71247e-10 -2.15649e-12
6.14 1.80831e-10 -2.28008e-12
6.15 1.90932e-10 -2.41046e-12
6.16 2.01577e-10 -2.54798e-12
6.17 2.12794e-10 -2.69303e-12
6.18 2.24612e-10 -2.846e-12
6.19 2.37063e-10 -3.0073e-12
6.2 2.5018e-10 -3.17737e-12
6.21 2.63995e-10 -3.35666e-12
6.22 2.78546e-10 -3.54565e-12
6.23 2.9387e-10 -3.74484e-12
6.24 3.10006e-10 -3.95477e-12
6.25 3.26996e-10 -4.17599e-12
6.26 3.44883e-10 -4.40907e-12
6.27 3.63712e-10 -4.65462e-12
6.28 3.83533e-10 -4.9133e-12
6.29 4.04393e-10 -5.18576e-12
6.3 4.26348e-10 -5.47271e-12
6.31 4.4945e-10 -5.77489e-12
6.32 4.73758e-10 -6.09308e-12
6.33 4.99333e-10 -6.42808e-12
6.34 5.26238e-10 -6.78075e-12
6.35 5.54539e-10 -7.15197e-12
6.36 5.84306e-10 -7.54269e-12
6.37 6.15612e-10 -7.95388e-12
6.38 6.48534e-10 -8.38658e-12
6.39 6.83152e-10 -8.84185e-12
6.4 7.1955e-10 -9.32083e-12
6.41 7.57815e-10 -9.8247e-12
6.42 7.9804e-10 -1.03547e-11
6.43 8.40321e-10 -1.09121e-11
6.44 8.84759e-10 -1.14983e-11
6.45 9.31461e-10 -1.21148e-11
6.46 9.80536e-10 -1.27629e-11
6.47 1.0321e-09 -1.34443e-11
6.48 1.08628e-09 -1.41605e-11
6.49 1.14319e-09 -1.49134e-11
6.5 1.20298e-09 -1.57047e-11
6.51 1.26577e-09 -1.65363e-11
6.52 1.33172e-09 -1.74101e-11
6.53 1.40098e-09 -1.83282e-11
6.54 1.47371e-09 -1.92927e-11
6.55 1.55007e-09 -2.0306e-11
6.56 1.63024e-09 -2.13703e-11
6.57 1.7144e-09 -2.24881e-11
6.58 1.80275e-09 -2.3662e-11
6.59 1.89547e-09 -2.48947e-11
6.6 1.99279e-09 -2.6189e-11
6.61 2.09492e-09 -2.75479e-11
6.62 2.20208e-09 -2.89744e-11
6.63 2.31452e-09 -3.04718e-11
6.64 2.43248e-09 -3.20434e-11
6.65 2.55623e-09 -3.36927e-11
6.66 2.68604e-09 -3.54236e-11
6.67 2.82219e-09 -3.72397e-11
6.68 2.96498e-09 -3.91452e-11
6.69 3.11473e-09 -4.11441e-11
6.7 3.27175e-09 -4.32411e-11
6.71 3.43639e-09 -4.54405e-11
6.72 3.60899e-09 -4.77473e-11
6.73 3.78994e-09 -5.01664e-11
6.74 3.97962e-09 -5.27032e-11
6.75 4.17843e-09 -5.53629e-11
6.76 4.38679e-09 -5.81515e-11
6.77 4.60515e-09 -6.10748e-11
6.78 4.83397e-09 -6.41391e-11
6.79 5.07372e-09 -6.73508e-11
6.8 5.3249e-09 -7.07169e-11
6.81 5.58805e-09 -7.42444e-11
6.82 5.86371e-09 -7.79406e-11
6.83 6.15244e-09 -8.18134e-11
6.84 6.45484e-09 -8.58708e-11
6.85 6.77155e-09 -9.01213e-11
6.86 7.10319e-09 -9.45735e-11
6.87 7.45045e-09 -9.92368e-11
6.88 7.81404e-09 -1.04121e-10
6.89 8.19469e-09 -1.09235e-10
6.9 8.59316e-09 -1.1459e-10
6.91 9.01027e-09 -1.20198e-10
6.92 9.44685e-09 -1.26068e-10
6.93 9.90375e-09 -1.32214e-10
6.94 1.03819e-08 -1.38647e-10
6.95 1.08823e-08 -1.4538e-10
6.96 1.14058e-08 -1.52426e-10
6.97 1.19535e-08 -1.59801e-10
6.98 1.25265e-08 -1.67518e-10
6.99 1.3126e-08 -1.75592e-10
7 1.3753e-08 -1.84039e-10
7.01 1.44088e-08 -1.92876e-10
7.02 1.50946e-08 -2.0212e-10
7.03 1.58118e-08 -2.11789e-10
7.04 1.65618e-08 -2.21902e-10
7.05 1.73459e-08 -2.32478e-10
7.06 1.81657e-08 -2.43537e-10
7.07 1.90228e-08 -2.55101e-10
7.08 1.99187e-08 -2.67191e-10
7.09 2.08551e-08 -2.79831e-10
7.1 2.18339e-08 -2.93045e-10
7.11 2.28567e-08 -3.06857e-10
7.12 2.39257e-08 -3.21293e-10
7.13 2.50426e-08 -3.3638e-10
7.14 2.62096e-08 -3.52147e-10
7.15 2.74289e-08 -3.68623e-10
7.16 2.87026e-08 -3.85838e-10
7.17 3.00332e-08 -4.03824e-10
7.18 3.1423e-08 -4.22613e-10
7.19 3.28746e-08 -4.42241e-10
7.2 3.43906e-08 -4.62744e-10
7.21 3.59737e-08 -4.84157e-10
7.22 3.76269e-08 -5.06521e-10
7.23 3.93529e-08 -5.29875e-10
7.24 4.11551e-08 -5.54261e-10
7.25 4.30364e-08 -5.79724e-10
7.26 4.50003e-08 -6.06308e-10
7.27 4.70503e-08 -6.34061e-10
7.28 4.919e-08 -6.63032e-10
7.29 5.1423e-08 -6.93272e-10
7.3 5.37534e-08 -7.24834e-10
7.31 5.61852e-08 -7.57774e-10
7.32 5.87226e-08 -7.92148e-10
7.33 6.137e-08 -8.28017e-10
7.34 6.41319e-08 -8.65444e-10
7.35 6.70132e-08 -9.04491e-10
7.36 7.00187e-08 -9.45228e-10
7.37 7.31536e-08 -9.87723e-10
7.38 7.64231e-08 -1.03205e-09
7.39 7.9833e-08 -1.07828e-09
7.4 8.33888e-08 -1.1265e-09
7.41 8.70966e-08 -1.17678e-09
7.42 9.09626e-08 -1.22922e-09
7.43 9.49932e-08 -1.2839e-09
7.44 9.91953e-08 -1.3409e-09
7.45 1.03576e-07 -1.40033e-09
7.46 1.08142e-07 -1.46229e-09
7.47 1.12901e-07 -1.52687e-09
7.48 1.17861e-07 -1.59418e-09
7.49 1.2303e-07 -1.66434e-09
7.5 1.28416e-07 -1.73746e-09
7.51 1.34029e-07 -1.81366e-09
7.52 1.39877e-07 -1.89305e-09
7.53 1.45969e-07 -1.97578e-09
7.54 1.52317e-07 -2.06197e-09
7.55 1.58928e-07 -2.15176e-09
7.56 1.65816e-07 -2.2453e-09
7.57 1.72989e-07 -2.34273e-09
7.58 1.8046e-07 -2.44422e-09
7.59 1.8824e-07 -2.54991e-09
7.6 1.96342e-07 -2.65999e-09
7.61 2.04778e-07 -2.77461e-09
7.62 2.13562e-07 -2.89397e-09
7.63 2.22707e-07 -3.01824e-09
7.64 2.32228e-07 -3.14763e-09
7.65 2.42138e-07 -3.28232e-09
7.66 2.52454e-07 -3.42254e-09
7.67 2.63192e-07 -3.56849e-09
7.68 2.74367e-07 -3.72041e-09
7.69 2.85996e-07 -3.87851e-09
7.7 2.98099e-07 -4.04305e-09
7.71 3.10692e-07 -4.21428e-09
7.72 3.23794e-07 -4.39245e-09
7.73 3.37427e-07 -4.57783e-09
7.74 3.51609e-07 -4.7707e-09
7.75 3.66363e-07 -4.97135e-09
7.76 3.81709e-07 -5.18008e-09
7.77 3.97672e-07 -5.3972e-09
7.78 4.14274e-07 -5.62303e-09
7.79 4.3154e-07 -5.85791e-09
7.8 4.49495e-07 -6.10218e-09
7.81 4.68166e-07 -6.3562e-09
7.82 4.8758e-07 -6.62034e-09
7.83 5.07765e-07 -6.89498e-09
7.84 5.28751e-07 -7.18053e-09
7.85 5.50567e-07 -7.4774e-09
7.86 5.73245e-07 -7.78601e-09
7.87 5.96817e-07 -8.10682e-09
7.88 6.21318e-07 -8.44027e-09
7.89 6.46782e-07 -8.78685e-09
7.9 6.73245e-07 -9.14704e-09
7.91 7.00745e-07 -9.52136e-09
7.92 7.2932e-07 -9.91034e-09
7.93 7.59011e-07 -1.03145e-08
7.94 7.89859e-07 -1.07345e-08
7.95 8.21907e-07 -1.11708e-08
7.96 8.552e-07 -1.16241e-08
7.97 8.89783e-07 -1.20949e-08
7.98 9.25706e-07 -1.2584e-08
7.99 9.63016e-07 -1.30921e-08
8 1.00177e-06 -1.36197e-08
8.01 1.04201e-06 -1.41677e-08
8.02 1.08379e-06 -1.47368e-08
8.03 1.12719e-06 -1.53277e-08
8.04 1.17224e-06 -1.59413e-08
8.05 1.21902e-06 -1.65784e-08
8.06 1.26758e-06 -1.72398e-08
8.07 1.31799e-06 -1.79265e-08
8.08 1.37033e-06 -1.86393e-08
8.09 1.42465e-06 -1.93792e-08
8.1 1.48103e-06 -2.01472e-08
8.11 1.53954e-06 -2.09443e-08
8.12 1.60026e-06 -2.17715e-08
8.13 1.66328e-06 -2.263e-08
8.14 1.72867e-06 -2.35208e-08
8.15 1.79651e-06 -2.44451e-08
8.16 1.86691e-06 -2.54042e-08
8.17 1.93994e-06 -2.63992e-08
8.18 2.0157e-06 -2.74315e-08
8.19 2.09429e-06 -2.85023e-08
8.2 2.17581e-06 -2.96131e-08
8.21 2.26036e-06 -3.07653e-08
8.22 2.34806e-06 -3.19603e-08
8.23 2.439e-06 -3.31996e-08
8.24 2.53332e-06 -3.44848e-08
8.25 2.63111e-06 -3.58176e-08
8.26 2.73252e-06 -3.71996e-08
8.27 2.83766e-06 -3.86325e-08
8.28 2.94667e-06 -4.01182e-08
8.29 3.05968e-06 -4.16584e-08
8.3 3.17683e-06 -4.32551e-08
8.31 3.29827e-06 -4.49103e-08
8.32 3.42414e-06 -4.66259e-08
8.33 3.55461e-06 -4.84041e-08
8.34 3.68982e-06 -5.02471e-08
8.35 3.82994e-06 -5.21571e-08
8.36 3.97514e-06 -5.41365e-08
8.37 4.12561e-06 -5.61875e-08
8.38 4.28151e-06 -5.83127e-08
8.39 4.44304e-06 -6.05147e-08
8.4 4.61039e-06 -6.27961e-08
8.41 4.78376e-06 -6.51595e-08
8.42 4.96335e-06 -6.76079e-08
8.43 5.14939e-06 -7.0144e-08
8.44 5.34207e-06 -7.2771e-08
8.45 5.54165e-06 -7.54919e-08
8.46 5.74834e-06 -7.83098e-08
8.47 5.96239e-06 -8.12282e-08
8.48 6.18404e-06 -8.42503e-08
8.49 6.41357e-06 -8.73797e-08
8.5 6.65122e-06 -9.062e-08
8.51 6.89727e-06 -9.3975e-08
8.52 7.15202e-06 -9.74484e-08
8.53 7.41574e-06 -1.01044e-07
8.54 7.68874e-06 -1.04767e-07
8.55 7.97133e-06 -1.0862e-07
8.56 8.26383e-06 -1.12609e-07
8.57 8.56657e-06 -1.16737e-07
8.58 8.87988e-06 -1.21009e-07
8.59 9.20413e-06 -1.25431e-07
8.6 9.53968e-06 -1.30007e-07
8.61 9.88689e-06 -1.34741e-07
8.62 1.02461e-05 -1.39641e-07
8.63 1.06179e-05 -1.4471e-07
8.64 1.10024e-05 -1.49954e-07
8.65 1.14003e-05 -1.5538e-07
8.66 1.18119e-05 -1.60993e-07
8.67 1.22376e-05 -1.66799e-07
8.68 1.2678e-05 -1.72805e-07
8.69 1.31334e-05 -1.79017e-07
8.7 1.36045e-05 -1.85441e-07
8.71 1.40917e-05 -1.92085e-07
8.72 1.45955e-05 -1.98957e-07
8.73 1.51164e-05 -2.06062e-07
8.74 1.56551e-05 -2.13409e-07
8.75 1.62121e-05 -2.21006e-07
8.76 1.6788e-05 -2.2886e-07
8.77 1.73834e-05 -2.36981e-07
8.78 1.79988e-05 -2.45375e-07
8.79 1.86351e-05 -2.54053e-07
8.8 1.92927e-05 -2.63024e-07
8.81 1.99725e-05 -2.72296e-07
8.82 2.06751e-05 -2.81879e-07
8.83 2.14012e-05 -2.91783e-07
8.84 2.21516e-05 -3.02019e-07
8.85 2.29271e-05 -3.12596e-07
8.86 2.37284e-05 -3.23527e-07
8.87 2.45564e-05 -3.34821e-07
8.88 2.54119e-05 -3.4649e-07
8.89 2.62957e-05 -3.58547e-07
8.9 2.72089e-05 -3.71003e-07
8.91 2.81522e-05 -3.83871e-07
8.92 2.91266e-05 -3.97163e-07
8.93 3.01332e-05 -4.10894e-07
8.94 3.11728e-05 -4.25076e-07
8.95 3.22466e-05 -4.39724e-07
8.96 3.33556e-05 -4.54852e-07
8.97 3.45009e-05 -4.70476e-07
8.98 3.56836e-05 -4.8661e-07
8.99 3.69048e-05 -5.0327e-07
9 3.81659e-05 -5.20473e-07
9.01 3.94679e-05 -5.38235e-07
9.02 4.08122e-05 -5.56573e-07
9.03 4.22e-05 -5.75506e-07
9.04 4.36327e-05 -5.95051e-07
9.05 4.51116e-05 -6.15227e-07
9.06 4.66383e-05 -6.36054e-07
9.07 4.8214e-05 -6.57551e-07
9.08 4.98404e-05 -6.79739e-07
9.09 5.15189e-05 -7.02638e-07
9.1 5.32512e-05 -7.26271e-07
9.11 5.50388e-05 -7.50659e-07
9.12 5.68835e-05 -7.75826e-07
9.13 5.87869e-05 -8.01794e-07
9.14 6.07509e-05 -8.28588e-07
9.15 6.27772e-05 -8.56233e-07
9.16 6.48677e-05 -8.84754e-07
9.17 6.70244e-05 -9.14178e-07
9.18 6.92492e-05 -9.44532e-07
9.19 7.15441e-05 -9.75842e-07
9.2 7.39113e-05 -1.00814e-06
9.21 7.6353e-05 -1.04145e-06
9.22 7.88712e-05 -1.07581e-06
9.23 8.14683e-05 -1.11124e-06
9.24 8.41466e-05 -1.14778e-06
9.25 8.69085e-05 -1.18547e-06
9.26 8.97564e-05 -1.22432e-06
9.27 9.2693e-05 -1.26439e-06
9.28 9.57208e-05 -1.3057e-06
9.29 9.88425e-05 -1.34829e-06
9.3 0.000102061 -1.3922e-06
9.31 0.000105379 -1.43747e-06
9.32 0.000108799 -1.48413e-06
9.33 0.000112324 -1.53223e-06
9.34 0.000115958 -1.58182e-06
9.35 0.000119704 -1.63292e-06
9.36 0.000123564 -1.68559e-06
9.37 0.000127542 -1.73987e-06
9.38 0.000131642 -1.79581e-06
9.39 0.000135867 -1.85345e-06
9.4 0.00014022 -1.91285e-06
9.41 0.000144706 -1.97405e-06
9.42 0.000149327 -2.03711e-06
9.43 0.000154089 -2.10209e-06
9.44 0.000158995 -2.16902e-06
9.45 0.000164048 -2.23798e-06
9.46 0.000169254 -2.30901e-06
9.47 0.000174617 -2.38218e-06
9.48 0.000180141 -2.45755e-06
9.49 0.00018583 -2.53518e-06
9.5 0.000191689 -2.61513e-06
9.51 0.000197724 -2.69747e-06
9.52 0.000203938 -2.78226e-06
9.53 0.000210338 -2.86959e-06
9.54 0.000216928 -2.9595e-06
9.55 0.000223713 -3.05209e-06
9.56 0.0002307 -3.14742e-06
9.57 0.000237893 -3.24557e-06
9.58 0.000245298 -3.34661e-06
9.59 0.000252922 -3.45064e-06
9.6 0.00026077 -3.55773e-06
9.61 0.000268849 -3.66796e-06
9.62 0.000277164 -3.78143e-06
9.63 0.000285723 -3.89822e-06
9.64 0.000294532 -4.01842e-06
9.65 0.000303598 -4.14213e-06
9.66 0.000312929 -4.26944e-06
9.67 0.00032253 -4.40046e-06
9.68 0.00033241 -4.53528e-06
9.69 0.000342577 -4.674e-06
9.7 0.000353038 -4.81674e-06
9.71 0.000363801 -4.96361e-06
9.72 0.000374874 -5.11471e-06
9.73 0.000386266 -5.27015e-06
9.74 0.000397985 -5.43007e-06
9.75 0.000410041 -5.59457e-06
9.76 0.000422442 -5.76379e-06
9.77 0.000435197 -5.93784e-06
9.78 0.000448316 -6.11686e-06
9.79 0.00046181 -6.30098e-06
9.8 0.000475686 -6.49034e-06
9.81 0.000489957 -6.68507e-06
9.82 0.000504633 -6.88533e-06
9.83 0.000519724 -7.09125e-06
9.84 0.000535241 -7.303e-06
9.85 0.000551196 -7.52071e-06
9.86 0.0005676 -7.74455e-06
9.87 0.000584465 -7.97469e-06
9.88 0.000601803 -8.21128e-06
9.89 0.000619627 -8.4545e-06
9.9 0.000637949 -8.70452e-06
9.91 0.000656783 -8.96152e-06
9.92 0.000676142 -9.22569e-06
9.93 0.000696039 -9.4972e-06
9.94 0.000716489 -9.77625e-06
9.95 0.000737506 -1.0063e-05
9.96 0.000759104 -1.03578e-05
9.97 0.000781299 -1.06606e-05
9.98 0.000804107 -1.09719e-05
9.99 0.000827542 -1.12917e-05
10 0.000851622 -1.16203e-05
10.01 0.000876362 -1.19579e-05
10.02 0.000901781 -1.23047e-05
10.03 0.000927894 -1.26611e-05
10.04 0.00095472 -1.30271e-05
10.05 0.000982278 -1.34032e-05
10.06 0.00101058 -1.37894e-05
10.07 0.00103966 -1.41862e-05
10.08 0.00106952 -1.45937e-05
10.09 0.0011002 -1.50123e-05
10.1 0.0011317 -1.54422e-05
10.11 0.00116405 -1.58836e-05
10.12 0.00119727 -1.6337e-05
10.13 0.00123139 -1.68025e-05
10.14 0.00126642 -1.72806e-05
10.15 0.00130239 -1.77714e-05
10.16 0.00133932 -1.82754e-05
10.17 0.00137724 -1.87928e-05
10.18 0.00141616 -1.9324e-05
10.19 0.00145613 -1.98693e-05
10.2 0.00149715 -2.04291e-05
10.21 0.00153926 -2.10038e-05
10.22 0.00158249 -2.15937e-05
10.23 0.00162686 -2.21991e-05
10.24 0.0016724 -2.28206e-05
10.25 0.00171913 -2.34584e-05
10.26 0.0017671 -2.41129e-05
10.27 0.00181632 -2.47846e-05
10.28 0.00186684 -2.5474e-05
10.29 0.00191867 -2.61813e-05
10.3 0.00197186 -2.69071e-05
10.31 0.00202643 -2.76518e-05
10.32 0.00208243 -2.84159e-05
10.33 0.00213987 -2.91999e-05
10.34 0.00219881 -3.00041e-05
10.35 0.00225927 -3.08292e-05
10.36 0.00232129 -3.16755e-05
10.37 0.00238491 -3.25437e-05
10.38 0.00245017 -3.34343e-05
10.39 0.00251711 -3.43477e-05
10.4 0.00258576 -3.52846e-05
10.41 0.00265617 -3.62454e-05
10.42 0.00272839 -3.72308e-05
10.43 0.00280244 -3.82414e-05
10.44 0.00287838 -3.92777e-05
10.45 0.00295625 -4.03403e-05
10.46 0.00303609 -4.14299e-05
10.47 0.00311796 -4.25471e-05
10.48 0.0032019 -4.36926e-05
10.49 0.00328796 -4.4867e-05
10.5 0.00337619 -4.6071e-05
10.51 0.00346664 -4.73053e-05
10.52 0.00355936 -4.85706e-05
10.53 0.00365441 -4.98676e-05
10.54 0.00375183 -5.11971e-05
10.55 0.00385169 -5.25597e-05
10.56 0.00395403 -5.39564e-05
10.57 0.00405893 -5.53878e-05
10.58 0.00416643 -5.68549e-05
10.59 0.0042766 -5.83583e-05
10.6 0.0043895 -5.98989e-05
10.61 0.00450518 -6.14776e-05
10.62 0.00462373 -6.30953e-05
10.63 0.00474519 -6.47528e-05
10.64 0.00486964 -6.6451e-05
10.65 0.00499714 -6.8191e-05
10.66 0.00512777 -6.99736e-05
10.67 0.00526159 -7.17997e-05
10.68 0.00539867 -7.36705e-05
10.69 0.0055391 -7.55868e-05
10.7 0.00568295 -7.75498e-05
10.71 0.00583029 -7.95604e-05
10.72 0.0059812 -8.16198e-05
10.73 0.00613576 -8.3729e-05
10.74 0.00629405 -8.58891e-05
10.75 0.00645616 -8.81014e-05
10.76 0.00662217 -9.03668e-05
10.77 0.00679217 -9.26867e-05
10.78 0.00696624 -9.50622e-05
10.79 0.00714449 -9.74946e-05
10.8 0.00732699 -9.99851e-05
10.81 0.00751384 -0.000102535
10.82 0.00770515 -0.000105146
10.83 0.007901 -0.000107818
10.84 0.00810149 -0.000110554
10.85 0.00830673 -0.000113355
10.86 0.00851683 -0.000116222
10.87 0.00873188 -0.000119157
10.88 0.00895199 -0.000122161
10.89 0.00917728 -0.000125235
10.9 0.00940786 -0.000128382
10.91 0.00964384 -0.000131602
10.92 0.00988533 -0.000134897
10.93 0.0101325 -0.00013827
10.94 0.0103854 -0.000141721
10.95 0.0106441 -0.000145252
10.96 0.0109089 -0.000148865
10.97 0.0111798 -0.000152562
10.98 0.011457 -0.000156345
10.99 0.0117406 -0.000160215
11 0.0120307 -0.000164174
11.01 0.0123274 -0.000168224
11.02 0.012631 -0.000172366
11.03 0.0129416 -0.000176604
11.04 0.0132592 -0.000180939
11.05 0.0135841 -0.000185373
11.06 0.0139165 -0.000189908
11.07 0.0142563 -0.000194546
11.08 0.0146039 -0.000199289
11.09 0.0149594 -0.00020414
11.1 0.0153229 -0.000209101
11.11 0.0156946 -0.000214173
11.12 0.0160747 -0.00021936
11.13 0.0164633 -0.000224664
11.14 0.0168607 -0.000230086
11.15 0.017267 -0.000235631
11.16 0.0176823 -0.000241299
11.17 0.018107 -0.000247094
11.18 0.0185411 -0.000253018
11.19 0.0189848 -0.000259074
11.2 0.0194384 -0.000265264
11.21 0.0199021 -0.000271591
11.22 0.020376 -0.000278059
11.23 0.0208604 -0.000284669
11.24 0.0213555 -0.000291425
11.25 0.0218615 -0.000298329
11.26 0.0223785 -0.000305385
11.27 0.0229069 -0.000312596
11.28 0.0234469 -0.000319965
11.29 0.0239986 -0.000327494
11.3 0.0245624 -0.000335188
11.31 0.0251384 -0.000343048
11.32 0.0257269 -0.00035108
11.33 0.0263282 -0.000359285
11.34 0.0269425 -0.000367668
11.35 0.0275701 -0.000376232
11.36 0.0282112 -0.000384981
11.37 0.028866 -0.000393917
11.38 0.0295349 -0.000403046
11.39 0.0302182 -0.00041237
11.4 0.030916 -0.000421893
11.41 0.0316288 -0.000431619
11.42 0.0323567 -0.000441553
11.43 0.0331001 -0.000451698
11.44 0.0338593 -0.000462058
11.45 0.0346345 -0.000472638
11.46 0.0354262 -0.000483441
11.47 0.0362345 -0.000494472
11.48 0.0370599 -0.000505735
11.49 0.0379026 -0.000517235
11.5 0.038763 -0.000528976
11.51 0.0396414 -0.000540963
11.52 0.0405381 -0.000553201
11.53 0.0414536 -0.000565693
11.54 0.0423881 -0.000578446
11.55 0.043342 -0.000591464
11.56 0.0443156 -0.000604751
11.57 0.0453095 -0.000618313
11.58 0.0463238 -0.000632156
11.59 0.0473591 -0.000646283
11.6 0.0484156 -0.000660702
11.61 0.0494939 -0.000675416
11.62 0.0505942 -0.000690432
11.63 0.051717 -0.000705755
11.64 0.0528628 -0.00072139
11.65 0.0540319 -0.000737344
11.66 0.0552247 -0.000753622
11.67 0.0564418 -0.000770231
11.68 0.0576835 -0.000787176
11.69 0.0589503 -0.000804463
11.7 0.0602426 -0.000822099
11.71 0.0615609 -0.00084009
11.72 0.0629058 -0.000858442
11.73 0.0642775 -0.000877162
11.74 0.0656768 -0.000896257
11.75 0.0671039 -0.000915732
11.76 0.0685595 -0.000935596
11.77 0.0700441 -0.000955855
11.78 0.0715581 -0.000976517
11.79 0.0731021 -0.000997587
11.8 0.0746766 -0.00101907
11.81 0.0762822 -0.00104098
11.82 0.0779194 -0.00106333
11.83 0.0795888 -0.00108611
11.84 0.0812909 -0.00110934
11.85 0.0830263 -0.00113302
11.86 0.0847956 -0.00115716
11.87 0.0865993 -0.00118178
11.88 0.0884382 -0.00120687
11.89 0.0903127 -0.00123245
11.9 0.0922236 -0.00125853
11.91 0.0941713 -0.00128511
11.92 0.0961567 -0.0013122
11.93 0.0981802 -0.00133982
11.94 0.100243 -0.00136796
11.95 0.102345 -0.00139665
11.96 0.104487 -0.00142588
11.97 0.10667 -0.00145567
11.98 0.108895 -0.00148603
11.99 0.111162 -0.00151697
12 0.113472 -0.00154849
12.01 0.115825 -0.00158061
12.02 0.118223 -0.00161334
12.03 0.120667 -0.00164668
12.04 0.123156 -0.00168065
12.05 0.125692 -0.00171526
12.06 0.128276 -0.00175052
12.07 0.130908 -0.00178643
12.08 0.133589 -0.00182302
12.09 0.13632 -0.00186029
12.1 0.139101 -0.00189825
12.11 0.141935 -0.00193691
12.12 0.14482 -0.00197629
12.13 0.147759 -0.0020164
12.14 0.150752 -0.00205724
12.15 0.1538 -0.00209884
12.16 0.156904 -0.00214119
12.17 0.160065 -0.00218433
12.18 0.163283 -0.00222825
12.19 0.16656 -0.00227297
12.2 0.169897 -0.0023185
12.21 0.173294 -0.00236486
12.22 0.176753 -0.00241206
12.23 0.180274 -0.00246012
12.24 0.183859 -0.00250903
12.25 0.187508 -0.00255883
12.26 0.191223 -0.00260953
12.27 0.195004 -0.00266113
12.28 0.198853 -0.00271365
12.29 0.20277 -0.00276711
12.3 0.206757 -0.00282151
12.31 0.210815 -0.00287689
12.32 0.214944 -0.00293325
12.33 0.219147 -0.0029906
12.34 0.223424 -0.00304896
12.35 0.227776 -0.00310835
12.36 0.232204 -0.00316878
12.37 0.23671 -0.00323027
12.38 0.241295 -0.00329284
12.39 0.24596 -0.0033565
12.4 0.250705 -0.00342126
12.41 0.255534 -0.00348715
12.42 0.260445 -0.00355418
12.43 0.265442 -0.00362236
12.44 0.270525 -0.00369173
12.45 0.275695 -0.00376228
12.46 0.280954 -0.00383405
12.47 0.286303 -0.00390705
12.48 0.291744 -0.00398129
12.49 0.297277 -0.0040568
12.5 0.302904 -0.00413359
12.51 0.308627 -0.00421168
12.52 0.314446 -0.0042911
12.53 0.320364 -0.00437186
12.54 0.326382 -0.00445398
12.55 0.3325 -0.00453748
12.56 0.338722 -0.00462238
12.57 0.345047 -0.0047087
12.58 0.351478 -0.00479646
12.59 0.358016 -0.00488568
12.6 0.364663 -0.00497638
12.61 0.37142 -0.00506859
12.62 0.378288 -0.00516232
12.63 0.38527 -0.0052576
12.64 0.392367 -0.00535445
12.65 0.39958 -0.00545288
12.66 0.406911 -0.00555293
12.67 0.414363 -0.00565462
12.68 0.421935 -0.00575796
12.69 0.429631 -0.00586298
12.7 0.437452 -0.0059697
12.71 0.445399 -0.00607815
12.72 0.453474 -0.00618835
12.73 0.46168 -0.00630033
12.74 0.470017 -0.0064141
12.75 0.478488 -0.0065297
12.76 0.487094 -0.00664715
12.77 0.495838 -0.00676647
12.78 0.50472 -0.00688769
12.79 0.513744 -0.00701083
12.8 0.52291 -0.00713591
12.81 0.532221 -0.00726298
12.82 0.541679 -0.00739204
12.83 0.551285 -0.00752314
12.84 0.561042 -0.00765628
12.85 0.570951 -0.00779151
12.86 0.581015 -0.00792885
12.87 0.591236 -0.00806832
12.88 0.601614 -0.00820996
12.89 0.612154 -0.00835379
12.9 0.622856 -0.00849984
12.91 0.633723 -0.00864813
12.92 0.644757 -0.0087987
12.93 0.65596 -0.00895158
12.94 0.667334 -0.0091068
12.95 0.678881 -0.00926438
12.96 0.690604 -0.00942435
12.97 0.702504 -0.00958675
12.98 0.714584 -0.00975161
12.99 0.726847 -0.00991895
13 0.739294 -0.0100888
13.01 0.751927 -0.0102612
13.02 0.76475 -0.0104362
13.03 0.777764 -0.0106138
13.04 0.790971 -0.010794
13.05 0.804375 -0.0109769
13.06 0.817976 -0.0111626
13.07 0.831779 -0.0113509
13.08 0.845785 -0.011542
13.09 0.859997 -0.011736
13.1 0.874416 -0.0119328
13.11 0.889046 -0.0121324
13.12 0.90389 -0.012335
13.13 0.918948 -0.0125405
13.14 0.934225 -0.012749
13.15 0.949723 -0.0129604
13.16 0.965443 -0.013175
13.17 0.98139 -0.0133926
13.18 0.997565 -0.0136133
13.19 1.01397 -0.0138372
13.2 1.03061 -0.0140643
13.21 1.04749 -0.0142946
13.22 1.0646 -0.0145281
13.23 1.08196 -0.014765
13.24 1.09956 -0.0150052
13.25 1.11741 -0.0152488
13.26 1.13551 -0.0154957
13.27 1.15386 -0.0157462
13.28 1.17246 -0.0160001
13.29 1.19133 -0.0162575
13.3 1.21045 -0.0165185
13.31 1.22984 -0.0167831
13.32 1.2495 -0.0170514
13.33 1.26943 -0.0173233
13.34 1.28962 -0.0175989
13.35 1.3101 -0.0178783
13.36 1.33085 -0.0181615
13.37 1.35189 -0.0184486
13.38 1.3732 -0.0187395
13.39 1.39481 -0.0190343
13.4 1.41671 -0.0193331
13.41 1.43889 -0.0196359
13.42 1.46138 -0.0199428
13.43 1.48417 -0.0202537
13.44 1.50725 -0.0205688
13.45 1.53065 -0.020888
13.46 1.55435 -0.0212115
13.47 1.57836 -0.0215392
13.48 1.60269 -0.0218712
13.49 1.62734 -0.0222075
13.5 1.6523 -0.0225482
13.51 1.67759 -0.0228934
13.52 1.70319 -0.0232426
