0 0 0
0.08 1.31364e-70 -2.22731e-76
0.16 1.31736e-65 -6.1802e-71
0.24 1.07987e-61 -1.77398e-66
0.32 2.09961e-58 -8.81169e-63
0.4 1.36675e-55 -1.15958e-59
0.48 3.98212e-53 -3.55636e-57
0.44 4.18063e-54 -5.33561e-58
0.48 9.8182e-53 -1.51044e-56
0.46 2.23916e-53 -3.39949e-57
0.45 9.8217e-54 -1.39035e-57
0.46 2.26269e-53 -3.52674e-57
0.47 5.11934e-53 -8.73028e-57
0.48 1.1385e-52 -2.11265e-56
0.49 2.49056e-52 -5.00475e-56
0.5 5.36285e-52 -1.16206e-55
0.51 1.13737e-51 -2.64751e-55
0.52 2.37721e-51 -5.92431e-55
0.53 4.89931e-51 -1.30321e-54
0.54 9.96168e-51 -2.82042e-54
0.55 1.99928e-50 -6.00982e-54
0.56 3.96244e-50 -1.26169e-53
0.57 7.75873e-50 -2.6113e-53
0.58 1.50155e-49 -5.33127e-53
0.59 2.87333e-49 -1.07426e-52
0.6 5.43864e-49 -2.13753e-52
0.61 1.01862e-48 -4.20188e-52
0.62 1.88841e-48 -8.16396e-52
0.63 3.46648e-48 -1.56842e-51
0.64 6.30262e-48 -2.98058e-51
0.65 1.13533e-47 -5.60503e-51
0.66 2.02684e-47 -1.04339e-50
0.67 3.58694e-47 -1.92331e-50
0.68 6.29435e-47 -3.51176e-50
0.69 1.09549e-46 -6.35335e-50
0.7 1.89145e-46 -1.13922e-49
0.71 3.2405e-46 -2.02514e-49
0.72 5.51003e-46 -3.56994e-49
0.73 9.30058e-46 -6.24207e-49
0.74 1.55871e-45 -1.08283e-48
0.75 2.59422e-45 -1.86404e-48
0.76 4.28854e-45 -3.18498e-48
0.77 7.04293e-45 -5.4026e-48
0.78 1.14924e-44 -9.09972e-48
0.79 1.8636e-44 -1.52218e-47
0.8 3.00363e-44 -2.52926e-47
0.81 4.81238e-44 -4.1753e-47
0.82 7.66574e-44 -6.84889e-47
0.83 1.2142e-43 -1.1165e-46
0.84 1.91262e-43 -1.80915e-46
0.85 2.99658e-43 -2.91425e-46
0.86 4.67019e-43 -4.66746e-46
0.87 7.24117e-43 -7.43352e-46
0.88 1.11712e-42 -1.17741e-45
0.89 1.71496e-42 -1.85494e-45
0.9 2.62014e-42 -2.90711e-45
0.91 3.9843e-42 -4.53284e-45
0.92 6.03093e-42 -7.03245e-45
0.93 9.0879e-42 -1.08572e-44
0.94 1.36342e-41 -1.66822e-44
0.95 2.0367e-41 -2.55126e-44
0.96 3.02964e-41 -3.88389e-44
0.97 4.48808e-41 -5.88616e-44
0.98 6.62174e-41 -8.88156e-44
0.99 9.73111e-41 -1.33438e-43
1 1.42451e-40 -1.99637e-43
1.01 2.07737e-40 -2.97446e-43
1.02 3.01816e-40 -4.41388e-43
1.03 4.36897e-40 -6.52394e-43
1.04 6.3017e-40 -9.60531e-43
1.05 9.05746e-40 -1.40883e-42
1.06 1.29734e-39 -2.05863e-42
1.07 1.85196e-39 -2.99715e-42
1.08 2.63488e-39 -4.34784e-42
1.09 3.73658e-39 -6.28499e-42
1.1 5.28194e-39 -9.05377e-42
1.11 7.44295e-39 -1.2998e-41
1.12 1.04557e-38 -1.85982e-41
1.13 1.46434e-38 -2.65239e-41
1.14 2.04473e-38 -3.77055e-41
1.15 2.84679e-38 -5.34313e-41
1.16 3.95205e-38 -7.54804e-41
1.17 5.47092e-38 -1.06302e-40
1.18 7.55246e-38 -1.49261e-40
1.19 1.03975e-37 -2.0896e-40
1.2 1.42757e-37 -2.91686e-40
1.21 1.95487e-37 -4.06002e-40
1.22 2.66997e-37 -5.63531e-40
1.23 3.63732e-37 -7.80019e-40
1.24 4.94269e-37 -1.07674e-39
1.25 6.69989e-37 -1.48235e-39
1.26 9.05965e-37 -2.03538e-39
1.27 1.22212e-36 -2.78748e-39
1.28 1.6447e-36 -3.80776e-39
1.29 2.20825e-36 -5.1884e-39
1.3 2.95811e-36 -7.05214e-39
1.31 3.95368e-36 -9.562e-39
1.32 5.27256e-36 -1.2934e-38
1.33 7.01603e-36 -1.74537e-38
1.34 9.31588e-36 -2.34979e-38
1.35 1.23434e-35 -3.15625e-38
1.36 1.63205e-35 -4.22989e-38
1.37 2.15346e-35 -5.65611e-38
1.38 2.83568e-35 -7.54657e-38
1.39 3.72655e-35 -1.00471e-37
1.4 4.88763e-35 -1.33475e-37
1.41 6.398e-35 -1.76946e-37
1.42 8.35902e-35 -2.34089e-37
1.43 1.09004e-34 -3.09049e-37
1.44 1.4188e-34 -4.07189e-37
1.45 1.84332e-34 -5.35422e-37
1.46 2.3905e-34 -7.02651e-37
1.47 3.09456e-34 -9.2032e-37
1.48 3.99891e-34 -1.20311e-36
1.49 5.15853e-34 -1.56981e-36
1.5 6.64299e-34 -2.04445e-36
1.51 8.5401e-34 -2.65769e-36
1.52 1.09606e-33 -3.44858e-36
1.53 1.40439e-33 -4.46679e-36
1.54 1.79652e-33 -5.77534e-36
1.55 2.29444e-33 -7.45414e-36
1.56 2.92569e-33 -9.60427e-36
1.57 3.72477e-33 -1.23534e-35
1.58 4.73474e-33 -1.58626e-35
1.59 6.00935e-33 -2.03347e-35
1.6 7.61555e-33 -2.60245e-35
1.61 9.63667e-33 -3.3252e-35
1.62 1.21762e-32 -4.24182e-35
1.63 1.53625e-32 -5.40249e-35
1.64 1.93548e-32 -6.86992e-35
1.65 2.43498e-32 -8.72232e-35
1.66 3.05909e-32 -1.10572e-34
1.67 3.83784e-32 -1.39957e-34
1.68 4.80822e-32 -1.76884e-34
1.69 6.0158e-32 -2.23222e-34
1.7 7.51657e-32 -2.81284e-34
1.71 9.37931e-32 -3.53933e-34
1.72 1.16883e-31 -4.44703e-34
1.73 1.4547e-31 -5.57956e-34
1.74 1.80816e-31 -6.99064e-34
1.75 2.24467e-31 -8.74636e-34
1.76 2.78306e-31 -1.09279e-33
1.77 3.44633e-31 -1.36349e-33
1.78 4.26245e-31 -1.69895e-33
1.79 5.26546e-31 -2.11411e-33
1.8 6.49672e-31 -2.62723e-33
1.81 8.0064e-31 -3.2606e-33
1.82 9.85537e-31 -4.0414e-33
1.83 1.21173e-30 -5.00274e-33
1.84 1.48813e-30 -6.18486e-33
1.85 1.82551e-30 -7.63666e-33
1.86 2.23687e-30 -9.41746e-33
1.87 2.73788e-30 -1.15991e-32
1.88 3.34744e-30 -1.42687e-32
1.89 4.08826e-30 -1.75314e-32
1.9 4.98768e-30 -2.15141e-32
1.91 6.0785e-30 -2.63702e-32
1.92 7.40009e-30 -3.22841e-32
1.93 8.99965e-30 -3.94779e-32
1.94 1.09337e-29 -4.82188e-32
1.95 1.32698e-29 -5.8827e-32
1.96 1.60887e-29 -7.16873e-32
1.97 1.94871e-29 -8.726e-32
1.98 2.35798e-29 -1.06097e-31
1.99 2.85042e-29 -1.28856e-31
2 3.44236e-29 -1.56324e-31
2.01 4.15322e-29 -1.89441e-31
2.02 5.00612e-29 -2.29324e-31
2.03 6.02849e-29 -2.77304e-31
2.04 7.25287e-29 -3.34965e-31
2.05 8.71785e-29 -4.04188e-31
2.06 1.04692e-28 -4.87202e-31
2.07 1.25609e-28 -5.86653e-31
2.08 1.5057e-28 -7.05674e-31
2.09 1.80331e-28 -8.47969e-31
2.1 2.15785e-28 -1.01792e-30
2.11 2.57983e-28 -1.22069e-30
2.12 3.08166e-28 -1.46238e-30
2.13 3.67796e-28 -1.75018e-30
2.14 4.38592e-28 -2.09254e-30
2.15 5.22575e-28 -2.49941e-30
2.16 6.22121e-28 -2.98247e-30
2.17 7.40018e-28 -3.55543e-30
2.18 8.79536e-28 -4.23438e-30
2.19 1.04451e-27 -5.03814e-30
2.2 1.23943e-27 -5.98877e-30
2.21 1.46956e-27 -7.11203e-30
2.22 1.74104e-27 -8.43802e-30
2.23 2.06106e-27 -1.00019e-29
2.24 2.438e-27 -1.18446e-29
2.25 2.88167e-27 -1.40138e-29
2.26 3.40348e-27 -1.6565e-29
2.27 4.01674e-27 -1.95629e-29
2.28 4.73695e-27 -2.30823e-29
2.29 5.58214e-27 -2.72102e-29
2.3 6.5733e-27 -3.20476e-29
2.31 7.7348e-27 -3.77112e-29
2.32 9.09494e-27 -4.43363e-29
2.33 1.06866e-26 -5.20792e-29
2.34 1.25478e-26 -6.11249e-29
2.35 1.47228e-26 -7.16984e-29
2.36 1.72628e-26 -8.40493e-29
2.37 2.02268e-26 -9.84652e-29
2.38 2.36835e-26 -1.15279e-28
2.39 2.7712e-26 -1.34877e-28
2.4 3.24038e-26 -1.57703e-28
2.41 3.78644e-26 -1.84271e-28
2.42 4.42158e-26 -2.15173e-28
2.43 5.15985e-26 -2.51095e-28
2.44 6.01743e-26 -2.92823e-28
2.45 7.01298e-26 -3.41265e-28
2.46 8.16797e-26 -3.97465e-28
2.47 9.50709e-26 -4.62625e-28
2.48 1.10587e-25 -5.38127e-28
2.49 1.28555e-25 -6.25557e-28
2.5 1.49349e-25 -7.26739e-28
2.51 1.73398e-25 -8.43763e-28
2.52 2.01196e-25 -9.79029e-28
2.53 2.33308e-25 -1.13529e-27
2.54 2.70382e-25 -1.31569e-27
2.55 3.13158e-25 -1.52384e-27
2.56 3.62486e-25 -1.76386e-27
2.57 4.19334e-25 -2.04049e-27
2.58 4.84814e-25 -2.35911e-27
2.59 5.60191e-25 -2.7259e-27
2.6 6.46913e-25 -3.14789e-27
2.61 7.46631e-25 -3.63312e-27
2.62 8.61229e-25 -4.19076e-27
2.63 9.92854e-25 -4.83125e-27
2.64 1.14395e-24 -5.5665e-27
2.65 1.31731e-24 -6.41007e-27
2.66 1.51611e-24 -7.3774e-27
2.67 1.74394e-24 -8.48604e-27
2.68 2.00492e-24 -9.75596e-27
2.69 2.3037e-24 -1.12099e-26
2.7 2.64559e-24 -1.28735e-26
2.71 3.0366e-24 -1.47762e-26
2.72 3.48355e-24 -1.6951e-26
2.73 3.99419e-24 -1.94358e-26
2.74 4.57729e-24 -2.22732e-26
2.75 5.2428e-24 -2.55116e-26
2.76 6.00198e-24 -2.92057e-26
2.77 6.86758e-24 -3.34178e-26
2.78 7.85403e-24 -3.82179e-26
2.79 8.97766e-24 -4.36854e-26
2.8 1.02569e-23 -4.99102e-26
2.81 1.17126e-23 -5.69937e-26
2.82 1.33683e-23 -6.50504e-26
2.83 1.52506e-23 -7.42097e-26
2.84 1.73895e-23 -8.46174e-26
2.85 1.98187e-23 -9.64382e-26
2.86 2.25765e-23 -1.09858e-25
2.87 2.57058e-23 -1.25085e-25
2.88 2.9255e-23 -1.42355e-25
2.89 3.32786e-23 -1.61934e-25
2.9 3.78379e-23 -1.8412e-25
2.91 4.3002e-23 -2.09248e-25
2.92 4.88483e-23 -2.37697e-25
2.93 5.54641e-23 -2.69889e-25
2.94 6.29474e-23 -3.06303e-25
2.95 7.14081e-23 -3.47473e-25
2.96 8.09697e-23 -3.94e-25
2.97 9.17709e-23 -4.46559e-25
2.98 1.03967e-22 -5.05905e-25
2.99 1.17732e-22 -5.72886e-25
3 1.33261e-22 -6.48453e-25
3.01 1.50774e-22 -7.3367e-25
3.02 1.70515e-22 -8.29728e-25
3.03 1.92758e-22 -9.37962e-25
3.04 2.1781e-22 -1.05987e-24
3.05 2.46014e-22 -1.19711e-24
3.06 2.77753e-22 -1.35155e-24
3.07 3.13457e-22 -1.52529e-24
3.08 3.53605e-22 -1.72065e-24
3.09 3.98731e-22 -1.94023e-24
3.1 4.49432e-22 -2.18694e-24
3.11 5.06375e-22 -2.46403e-24
3.12 5.70302e-22 -2.7751e-24
3.13 6.42043e-22 -3.1242e-24
3.14 7.22522e-22 -3.5158e-24
3.15 8.12767e-22 -3.95494e-24
3.16 9.13925e-22 -4.44718e-24
3.17 1.02727e-21 -4.99873e-24
3.18 1.15423e-21 -5.61651e-24
3.19 1.29638e-21 -6.3082e-24
3.2 1.45548e-21 -7.08238e-24
3.21 1.63348e-21 -7.94854e-24
3.22 1.83256e-21 -8.91727e-24
3.23 2.05513e-21 -1.00003e-23
3.24 2.30387e-21 -1.12107e-23
3.25 2.58177e-21 -1.25629e-23
3.26 2.89211e-21 -1.40731e-23
3.27 3.23858e-21 -1.5759e-23
3.28 3.62523e-21 -1.76405e-23
3.29 4.05658e-21 -1.97394e-23
3.3 4.53763e-21 -2.20802e-23
3.31 5.07391e-21 -2.46897e-23
3.32 5.67155e-21 -2.75979e-23
3.33 6.33736e-21 -3.08377e-23
3.34 7.07885e-21 -3.44458e-23
3.35 7.90434e-21 -3.84627e-23
3.36 8.82304e-21 -4.29331e-23
3.37 9.84514e-21 -4.79066e-23
3.38 1.09819e-20 -5.34381e-23
3.39 1.22457e-20 -5.95879e-23
3.4 1.36504e-20 -6.64231e-23
3.41 1.52111e-20 -7.40175e-23
3.42 1.69446e-20 -8.24527e-23
3.43 1.88694e-20 -9.18188e-23
3.44 2.10059e-20 -1.02215e-22
3.45 2.33767e-20 -1.13751e-22
3.46 2.60065e-20 -1.26548e-22
3.47 2.89229e-20 -1.40739e-22
3.48 3.2156e-20 -1.56472e-22
3.49 3.5739e-20 -1.73907e-22
3.5 3.97087e-20 -1.93223e-22
3.51 4.41054e-20 -2.14618e-22
3.52 4.89736e-20 -2.38306e-22
3.53 5.43621e-20 -2.64527e-22
3.54 6.03247e-20 -2.93541e-22
3.55 6.69208e-20 -3.25638e-22
3.56 7.42153e-20 -3.61133e-22
3.57 8.22799e-20 -4.00376e-22
3.58 9.11933e-20 -4.43748e-22
3.59 1.01042e-19 -4.91671e-22
3.6 1.1192e-19 -5.44606e-22
3.61 1.23933e-19 -6.03061e-22
3.62 1.37195e-19 -6.67593e-22
3.63 1.51831e-19 -7.38813e-22
3.64 1.6798e-19 -8.17392e-22
3.65 1.85792e-19 -9.04065e-22
3.66 2.05433e-19 -9.9964e-22
3.67 2.27085e-19 -1.105e-21
3.68 2.50948e-19 -1.22112e-21
3.69 2.7724e-19 -1.34906e-21
3.7 3.062e-19 -1.48998e-21
3.71 3.38091e-19 -1.64516e-21
3.72 3.73198e-19 -1.81599e-21
3.73 4.11836e-19 -2.004e-21
3.74 4.5435e-19 -2.21088e-21
3.75 5.01115e-19 -2.43843e-21
3.76 5.52542e-19 -2.68868e-21
3.77 6.09082e-19 -2.9638e-21
3.78 6.71226e-19 -3.2662e-21
3.79 7.39512e-19 -3.59848e-21
3.8 8.14528e-19 -3.96351e-21
3.81 8.96916e-19 -4.36441e-21
3.82 9.87376e-19 -4.80459e-21
3.83 1.08667e-18 -5.28778e-21
3.84 1.19565e-18 -5.81805e-21
3.85 1.31521e-18 -6.39983e-21
3.86 1.44635e-18 -7.03797e-21
3.87 1.59016e-18 -7.73775e-21
3.88 1.74782e-18 -8.50494e-21
3.89 1.92063e-18 -9.34583e-21
3.9 2.10999e-18 -1.02673e-20
3.91 2.31744e-18 -1.12767e-20
3.92 2.54465e-18 -1.23823e-20
3.93 2.79344e-18 -1.35929e-20
3.94 3.0658e-18 -1.49182e-20
3.95 3.36389e-18 -1.63687e-20
3.96 3.69005e-18 -1.79559e-20
3.97 4.04686e-18 -1.96921e-20
3.98 4.4371e-18 -2.1591e-20
3.99 4.8638e-18 -2.36673e-20
4 5.33025e-18 -2.59371e-20
4.01 5.84005e-18 -2.84178e-20
4.02 6.39709e-18 -3.11284e-20
4.03 7.00562e-18 -3.40895e-20
4.04 7.67023e-18 -3.73235e-20
4.05 8.39594e-18 -4.08548e-20
4.06 9.18817e-18 -4.47098e-20
4.07 1.00528e-17 -4.89173e-20
4.08 1.09964e-17 -5.35085e-20
4.09 1.20257e-17 -5.85172e-20
4.1 1.31484e-17 -6.39802e-20
4.11 1.43726e-17 -6.99374e-20
4.12 1.57073e-17 -7.64321e-20
4.13 1.71621e-17 -8.35113e-20
4.14 1.87475e-17 -9.12258e-20
4.15 2.04748e-17 -9.96308e-20
4.16 2.23563e-17 -1.08786e-19
4.17 2.44054e-17 -1.18757e-19
4.18 2.66364e-17 -1.29613e-19
4.19 2.90651e-17 -1.41431e-19
4.2 3.17083e-17 -1.54305e-19
4.21 3.45845e-17 -1.68377e-19
4.22 3.77135e-17 -1.8376e-19
4.23 4.11169e-17 -2.00574e-19
4.24 4.48179e-17 -2.18948e-19
4.25 4.88417e-17 -2.39025e-19
4.26 5.32155e-17 -2.6096e-19
4.27 5.7969e-17 -2.84921e-19
4.28 6.31339e-17 -3.11093e-19
4.29 6.87448e-17 -3.39676e-19
4.3 7.48389e-17 -3.7089e-19
4.31 8.14565e-17 -4.04974e-19
4.32 8.86411e-17 -4.42186e-19
4.33 9.64399e-17 -4.82811e-19
4.34 1.04904e-16 -5.27157e-19
4.35 1.14087e-16 -5.7556e-19
4.36 1.2405e-16 -6.28384e-19
4.37 1.34856e-16 -6.8603e-19
4.38 1.46573e-16 -7.48928e-19
4.39 1.59278e-16 -8.17551e-19
4.4 1.7305e-16 -8.92411e-19
4.41 1.87976e-16 -9.74064e-19
4.42 2.04149e-16 -1.06312e-18
4.43 2.21671e-16 -1.16023e-18
4.44 2.4065e-16 -1.26611e-18
4.45 2.61203e-16 -1.38155e-18
4.46 2.83458e-16 -1.50738e-18
4.47 3.07551e-16 -1.64453e-18
4.48 3.33628e-16 -1.79398e-18
4.49 3.61848e-16 -1.95682e-18
4.5 3.9238e-16 -2.13423e-18
4.51 4.2541e-16 -2.32748e-18
4.52 4.61133e-16 -2.53794e-18
4.53 4.99764e-16 -2.76711e-18
4.54 5.4153e-16 -3.01663e-18
4.55 5.8668e-16 -3.28824e-18
4.56 6.35477e-16 -3.58387e-18
4.57 6.88206e-16 -3.90557e-18
4.58 7.45176e-16 -4.25558e-18
4.59 8.06716e-16 -4.63634e-18
4.6 8.7318e-16 -5.05047e-18
4.61 9.44951e-16 -5.50081e-18
4.62 1.02244e-15 -5.99043e-18
4.63 1.10608e-15 -6.52268e-18
4.64 1.19636e-15 -7.10115e-18
4.65 1.29377e-15 -7.72974e-18
4.66 1.39887e-15 -8.41266e-18
4.67 1.51225e-15 -9.15447e-18
4.68 1.63452e-15 -9.96009e-18
4.69 1.76638e-15 -1.08348e-17
4.7 1.90854e-15 -1.17845e-17
4.71 2.06179e-15 -1.28152e-17
4.72 2.22697e-15 -1.39336e-17
4.73 2.40496e-15 -1.51471e-17
4.74 2.59674e-15 -1.64635e-17
4.75 2.80334e-15 -1.7891e-17
4.76 3.02586e-15 -1.94389e-17
4.77 3.2655e-15 -2.1117e-17
4.78 3.52352e-15 -2.29357e-17
4.79 3.8013e-15 -2.49065e-17
4.8 4.1003e-15 -2.70418e-17
4.81 4.42208e-15 -2.93546e-17
4.82 4.76832e-15 -3.18593e-17
4.83 5.14084e-15 -3.45712e-17
4.84 5.54155e-15 -3.75069e-17
4.85 5.97251e-15 -4.06841e-17
4.86 6.43595e-15 -4.41221e-17
4.87 6.93423e-15 -4.78414e-17
4.88 7.46988e-15 -5.18642e-17
4.89 8.04561e-15 -5.62144e-17
4.9 8.66434e-15 -6.09176e-17
4.91 9.32916e-15 -6.60014e-17
4.92 1.00434e-14 -7.14955e-17
4.93 1.08106e-14 -7.74318e-17
4.94 1.16346e-14 -8.38444e-17
4.95 1.25194e-14 -9.07702e-17
4.96 1.34694e-14 -9.82487e-17
4.97 1.44892e-14 -1.06322e-16
4.98 1.55839e-14 -1.15036e-16
4.99 1.67586e-14 -1.2444e-16
5 1.80191e-14 -1.34586e-16
5.01 1.93715e-14 -1.45529e-16
5.02 2.08221e-14 -1.57332e-16
5.03 2.2378e-14 -1.70058e-16
5.04 2.40465e-14 -1.83776e-16
5.05 2.58355e-14 -1.98562e-16
5.06 2.77534e-14 -2.14494e-16
5.07 2.98091e-14 -2.31659e-16
5.08 3.20124e-14 -2.50148e-16
5.09 3.43734e-14 -2.70058e-16
5.1 3.6903e-14 -2.91496e-16
5.11 3.9613e-14 -3.14573e-16
5.12 4.25156e-14 -3.39409e-16
5.13 4.56243e-14 -3.66134e-16
5.14 4.89531e-14 -3.94886e-16
5.15 5.2517e-14 -4.25811e-16
5.16 5.63323e-14 -4.59069e-16
5.17 6.04159e-14 -4.94826e-16
5.18 6.47863e-14 -5.33264e-16
5.19 6.94627e-14 -5.74576e-16
5.2 7.44661e-14 -6.18968e-16
5.21 7.98184e-14 -6.6666e-16
5.22 8.55432e-14 -7.17887e-16
5.23 9.16657e-14 -7.72902e-16
5.24 9.82124e-14 -8.31972e-16
5.25 1.05212e-13 -8.95384e-16
5.26 1.12694e-13 -9.63445e-16
5.27 1.20692e-13 -1.03648e-15
5.28 1.29239e-13 -1.11484e-15
5.29 1.38372e-13 -1.1989e-15
5.3 1.48131e-13 -1.28905e-15
5.31 1.58555e-13 -1.38572e-15
5.32 1.6969e-13 -1.48936e-15
5.33 1.81581e-13 -1.60045e-15
5.34 1.9428e-13 -1.71951e-15
5.35 2.07838e-13 -1.84708e-15
5.36 2.22312e-13 -1.98374e-15
5.37 2.37762e-13 -2.13013e-15
5.38 2.54251e-13 -2.2869e-15
5.39 2.71848e-13 -2.45476e-15
5.4 2.90623e-13 -2.63446e-15
5.41 3.10653e-13 -2.8268e-15
5.42 3.3202e-13 -3.03263e-15
5.43 3.5481e-13 -3.25287e-15
5.44 3.79113e-13 -3.48848e-15
5.45 4.05028e-13 -3.74049e-15
5.46 4.32657e-13 -4.00999e-15
5.47 4.6211e-13 -4.29815e-15
5.48 4.93504e-13 -4.6062e-15
5.49 5.26962e-13 -4.93547e-15
5.5 5.62616e-13 -5.28736e-15
5.51 6.00604e-13 -5.66335e-15
5.52 6.41075e-13 -6.06503e-15
5.53 6.84185e-13 -6.49408e-15
5.54 7.301e-13 -6.95229e-15
5.55 7.78997e-13 -7.44157e-15
5.56 8.31063e-13 -7.96393e-15
5.57 8.86497e-13 -8.52152e-15
5.58 9.45509e-13 -9.11662e-15
5.59 1.00832e-12 -9.75164e-15
5.6 1.07517e-12 -1.04292e-14
5.61 1.14631e-12 -1.11519e-14
5.62 1.22201e-12 -1.19228e-14
5.63 1.30254e-12 -1.27449e-14
5.64 1.3882e-12 -1.36214e-14
5.65 1.47932e-12 -1.45558e-14
5.66 1.57622e-12 -1.55519e-14
5.67 1.67926e-12 -1.66134e-14
5.68 1.78882e-12 -1.77446e-14
5.69 1.9053e-12 -1.89497e-14
5.7 2.02911e-12 -2.02335e-14
5.71 2.16071e-12 -2.16009e-14
5.72 2.30056e-12 -2.3057e-14
5.73 2.44917e-12 -2.46075e-14
5.74 2.60706e-12 -2.62581e-14
5.75 2.7748e-12 -2.80152e-14
5.76 2.95299e-12 -2.98852e-14
5.77 3.14224e-12 -3.18752e-14
5.78 3.34322e-12 -3.39925e-14
5.79 3.55663e-12 -3.62449e-14
5.8 3.78322e-12 -3.86408e-14
5.81 4.02378e-12 -4.11889e-14
5.82 4.27913e-12 -4.38985e-14
5.83 4.55015e-12 -4.67794e-14
5.84 4.83777e-12 -4.98419e-14
5.85 5.14297e-12 -5.30972e-14
5.86 5.4668e-12 -5.65568e-14
5.87 5.81035e-12 -6.02331e-14
5.88 6.17477e-12 -6.4139e-14
5.89 6.56129e-12 -6.82884e-14
5.9 6.97122e-12 -7.26957e-14
5.91 7.4059e-12 -7.73766e-14
5.92 7.8668e-12 -8.23471e-14
5.93 8.35543e-12 -8.76245e-14
5.94 8.87341e-12 -9.32271e-14
5.95 9.42244e-12 -9.9174e-14
5.96 1.00043e-11 -1.05486e-13
5.97 1.06209e-11 -1.12183e-13
5.98 1.12743e-11 -1.1929e-13
5.99 1.19665e-11 -1.26829e-13
6 1.26998e-11 -1.34827e-13
6.01 1.34766e-11 -1.43309e-13
6.02 1.42992e-11 -1.52304e-13
6.03 1.51705e-11 -1.61843e-13
6.04 1.6093e-11 -1.71955e-13
6.05 1.70698e-11 -1.82675e-13
6.06 1.81039e-11 -1.94038e-13
6.07 1.91985e-11 -2.0608e-13
6.08 2.03571e-11 -2.18841e-13
6.09 2.15833e-11 -2.32362e-13
6.1 2.28809e-11 -2.46686e-13
6.11 2.42539e-11 -2.61859e-13
6.12 2.57066e-11 -2.7793e-13
6.13 2.72433e-11 -2.94949e-13
6.14 2.88688e-11 -3.12971e-13
6.15 3.0588e-11 -3.32051e-13
6.16 3.24062e-11 -3.5225e-13
6.17 3.43288e-11 -3.73631e-13
6.18 3.63617e-11 -3.9626e-13
6.19 3.85109e-11 -4.20207e-13
6.2 4.07828e-11 -4.45547e-13
6.21 4.31843e-11 -4.72356e-13
6.22 4.57224e-11 -5.00716e-13
6.23 4.84046e-11 -5.30714e-13
6.24 5.12389e-11 -5.62442e-13
6.25 5.42336e-11 -5.95993e-13
6.26 5.73973e-11 -6.3147e-13
6.27 6.07394e-11 -6.68978e-13
6.28 6.42694e-11 -7.0863e-13
6.29 6.79977e-11 -7.50542e-13
6.3 7.1935e-11 -7.94839e-13
6.31 7.60924e-11 -8.41651e-13
6.32 8.0482e-11 -8.91116e-13
6.33 8.51163e-11 -9.43377e-13
6.34 9.00083e-11 -9.98588e-13
6.35 9.51719e-11 -1.05691e-12
6.36 1.00622e-10 -1.1185e-12
6.37 1.06373e-10 -1.18355e-12
6.38 1.12441e-10 -1.25224e-12
6.39 1.18845e-10 -1.32477e-12
6.4 1.256e-10 -1.40133e-12
6.41 1.32726e-10 -1.48216e-12
6.42 1.40243e-10 -1.56746e-12
6.43 1.4817e-10 -1.6575e-12
6.44 1.56531e-10 -1.75251e-12
6.45 1.65347e-10 -1.85276e-12
6.46 1.74643e-10 -1.95853e-12
6.47 1.84443e-10 -2.07011e-12
6.48 1.94774e-10 -2.1878e-12
6.49 2.05665e-10 -2.31194e-12
6.5 2.17143e-10 -2.44285e-12
6.51 2.2924e-10 -2.5809e-12
6.52 2.41987e-10 -2.72645e-12
6.53 2.55419e-10 -2.8799e-12
6.54 2.69571e-10 -3.04167e-12
6.55 2.84479e-10 -3.21218e-12
6.56 3.00184e-10 -3.39188e-12
6.57 3.16726e-10 -3.58126e-12
6.58 3.34148e-10 -3.78082e-12
6.59 3.52495e-10 -3.99108e-12
6.6 3.71814e-10 -4.2126e-12
6.61 3.92156e-10 -4.44594e-12
6.62 4.13572e-10 -4.69172e-12
6.63 4.36117e-10 -4.95059e-12
6.64 4.59848e-10 -5.22319e-12
6.65 4.84825e-10 -5.51025e-12
6.66 5.11112e-10 -5.81248e-12
6.67 5.38775e-10 -6.13068e-12
6.68 5.67882e-10 -6.46563e-12
6.69 5.98508e-10 -6.8182e-12
6.7 6.30727e-10 -7.18927e-12
6.71 6.6462e-10 -7.57978e-12
6.72 7.00271e-10 -7.99071e-12
6.73 7.37768e-10 -8.42308e-12
6.74 7.77201e-10 -8.87796e-12
6.75 8.18669e-10 -9.35649e-12
6.76 8.62272e-10 -9.85984e-12
6.77 9.08115e-10 -1.03893e-11
6.78 9.5631e-10 -1.0946e-11
6.79 1.00697e-09 -1.15315e-11
6.8 1.06023e-09 -1.21472e-11
6.81 1.1162e-09 -1.27944e-11
6.82 1.17502e-09 -1.34749e-11
6.83 1.23683e-09 -1.41902e-11
6.84 1.30178e-09 -1.4942e-11
6.85 1.37001e-09 -1.57322e-11
6.86 1.4417e-09 -1.65626e-11
6.87 1.51701e-09 -1.74352e-11
6.88 1.59611e-09 -1.8352e-11
6.89 1.67919e-09 -1.93152e-11
6.9 1.76644e-09 -2.03271e-11
6.91 1.85807e-09 -2.139e-11
6.92 1.95428e-09 -2.25064e-11
6.93 2.05529e-09 -2.36789e-11
6.94 2.16134e-09 -2.49102e-11
6.95 2.27266e-09 -2.62031e-11
6.96 2.38952e-09 -2.75606e-11
6.97 2.51217e-09 -2.89857e-11
6.98 2.64089e-09 -3.04818e-11
6.99 2.77597e-09 -3.20522e-11
7 2.91771e-09 -3.37005e-11
7.01 3.06643e-09 -3.54303e-11
7.02 3.22247e-09 -3.72456e-11
7.03 3.38615e-09 -3.91504e-11
7.04 3.55786e-09 -4.1149e-11
7.05 3.73795e-09 -4.32457e-11
7.06 3.92684e-09 -4.54453e-11
7.07 4.12493e-09 -4.77525e-11
7.08 4.33265e-09 -5.01724e-11
7.09 4.55046e-09 -5.27104e-11
7.1 4.77882e-09 -5.53719e-11
7.11 5.01823e-09 -5.81628e-11
7.12 5.26921e-09 -6.1089e-11
7.13 5.53227e-09 -6.41569e-11
7.14 5.808e-09 -6.7373e-11
7.15 6.09698e-09 -7.07443e-11
7.16 6.39981e-09 -7.4278e-11
7.17 6.71714e-09 -7.79814e-11
7.18 7.04963e-09 -8.18626e-11
7.19 7.39799e-09 -8.59296e-11
7.2 7.76293e-09 -9.01911e-11
7.21 8.14523e-09 -9.46559e-11
7.22 8.54566e-09 -9.93334e-11
7.23 8.96507e-09 -1.04233e-10
7.24 9.4043e-09 -1.09366e-10
7.25 9.86428e-09 -1.14741e-10
7.26 1.03459e-08 -1.20371e-10
7.27 1.08502e-08 -1.26267e-10
7.28 1.13782e-08 -1.3244e-10
7.29 1.1931e-08 -1.38904e-10
7.3 1.25096e-08 -1.45671e-10
7.31 1.31153e-08 -1.52756e-10
7.32 1.37492e-08 -1.60172e-10
7.33 1.44126e-08 -1.67934e-10
7.34 1.51068e-08 -1.76059e-10
7.35 1.58333e-08 -1.84561e-10
7.36 1.65934e-08 -1.93459e-10
7.37 1.73886e-08 -2.02769e-10
7.38 1.82206e-08 -2.1251e-10
7.39 1.90909e-08 -2.22701e-10
7.4 2.00012e-08 -2.33363e-10
7.41 2.09534e-08 -2.44515e-10
7.42 2.19492e-08 -2.5618e-10
7.43 2.29905e-08 -2.6838e-10
7.44 2.40795e-08 -2.8114e-10
7.45 2.52181e-08 -2.94482e-10
7.46 2.64086e-08 -3.08434e-10
7.47 2.76531e-08 -3.23022e-10
7.48 2.89541e-08 -3.38273e-10
7.49 3.03141e-08 -3.54217e-10
7.5 3.17356e-08 -3.70883e-10
7.51 3.32212e-08 -3.88303e-10
7.52 3.47738e-08 -4.06511e-10
7.53 3.63963e-08 -4.2554e-10
7.54 3.80916e-08 -4.45425e-10
7.55 3.98629e-08 -4.66203e-10
7.56 4.17135e-08 -4.87914e-10
7.57 4.36468e-08 -5.10597e-10
7.58 4.56664e-08 -5.34295e-10
7.59 4.77759e-08 -5.59049e-10
7.6 4.99791e-08 -5.84907e-10
7.61 5.22802e-08 -6.11914e-10
7.62 5.46832e-08 -6.40121e-10
7.63 5.71925e-08 -6.69578e-10
7.64 5.98126e-08 -7.00338e-10
7.65 6.25483e-08 -7.32456e-10
7.66 6.54043e-08 -7.65991e-10
7.67 6.83858e-08 -8.01002e-10
7.68 7.1498e-08 -8.37551e-10
7.69 7.47466e-08 -8.75704e-10
7.7 7.81371e-08 -9.15527e-10
7.71 8.16757e-08 -9.57091e-10
7.72 8.53683e-08 -1.00047e-09
7.73 8.92216e-08 -1.04574e-09
7.74 9.32422e-08 -1.09297e-09
7.75 9.74371e-08 -1.14226e-09
7.76 1.01813e-07 -1.19368e-09
7.77 1.06379e-07 -1.24733e-09
7.78 1.11141e-07 -1.3033e-09
7.79 1.16109e-07 -1.36168e-09
7.8 1.2129e-07 -1.42257e-09
7.81 1.26693e-07 -1.48608e-09
7.82 1.32328e-07 -1.55232e-09
7.83 1.38204e-07 -1.62139e-09
7.84 1.4433e-07 -1.69342e-09
7.85 1.50718e-07 -1.76852e-09
7.86 1.57378e-07 -1.84682e-09
7.87 1.6432e-07 -1.92845e-09
7.88 1.71557e-07 -2.01355e-09
7.89 1.79101e-07 -2.10225e-09
7.9 1.86963e-07 -2.19471e-09
7.91 1.95158e-07 -2.29108e-09
7.92 2.03697e-07 -2.39151e-09
7.93 2.12596e-07 -2.49618e-09
7.94 2.21868e-07 -2.60524e-09
7.95 2.31529e-07 -2.71888e-09
7.96 2.41594e-07 -2.83729e-09
7.97 2.5208e-07 -2.96064e-09
7.98 2.63004e-07 -3.08915e-09
7.99 2.74382e-07 -3.22301e-09
8 2.86233e-07 -3.36245e-09
8.01 2.98577e-07 -3.50768e-09
8.02 3.11432e-07 -3.65894e-09
8.03 3.24818e-07 -3.81646e-09
8.04 3.38758e-07 -3.98049e-09
8.05 3.53272e-07 -4.15129e-09
8.06 3.68384e-07 -4.32913e-09
8.07 3.84117e-07 -4.51429e-09
8.08 4.00495e-07 -4.70705e-09
8.09 4.17544e-07 -4.90772e-09
8.1 4.35291e-07 -5.1166e-09
8.11 4.53762e-07 -5.33401e-09
8.12 4.72986e-07 -5.5603e-09
8.13 4.92992e-07 -5.7958e-09
8.14 5.13811e-07 -6.04087e-09
8.15 5.35474e-07 -6.2959e-09
8.16 5.58015e-07 -6.56126e-09
8.17 5.81467e-07 -6.83736e-09
8.18 6.05865e-07 -7.12461e-09
8.19 6.31247e-07 -7.42344e-09
8.2 6.57649e-07 -7.73431e-09
8.21 6.85112e-07 -8.05767e-09
8.22 7.13676e-07 -8.394e-09
8.23 7.43383e-07 -8.74381e-09
8.24 7.74278e-07 -9.10761e-09
8.25 8.06406e-07 -9.48594e-09
8.26 8.39813e-07 -9.87934e-09
8.27 8.74548e-07 -1.02884e-08
8.28 9.10663e-07 -1.07137e-08
8.29 9.4821e-07 -1.11559e-08
8.3 9.87242e-07 -1.16156e-08
8.31 1.02782e-06 -1.20935e-08
8.32 1.06999e-06 -1.25902e-08
8.33 1.11383e-06 -1.31065e-08
8.34 1.15939e-06 -1.36431e-08
8.35 1.20673e-06 -1.42008e-08
8.36 1.25594e-06 -1.47804e-08
8.37 1.30706e-06 -1.53827e-08
8.38 1.36019e-06 -1.60084e-08
8.39 1.41539e-06 -1.66587e-08
8.4 1.47273e-06 -1.73342e-08
8.41 1.53231e-06 -1.8036e-08
8.42 1.59419e-06 -1.87651e-08
8.43 1.65848e-06 -1.95224e-08
8.44 1.72525e-06 -2.03091e-08
8.45 1.7946e-06 -2.11261e-08
8.46 1.86662e-06 -2.19746e-08
8.47 1.94142e-06 -2.28559e-08
8.48 2.01909e-06 -2.3771e-08
8.49 2.09974e-06 -2.47212e-08
8.5 2.18348e-06 -2.57079e-08
8.51 2.27042e-06 -2.67323e-08
8.52 2.36069e-06 -2.77959e-08
8.53 2.45439e-06 -2.89e-08
8.54 2.55166e-06 -3.00461e-08
8.55 2.65263e-06 -3.12358e-08
8.56 2.75742e-06 -3.24707e-08
8.57 2.86619e-06 -3.37524e-08
8.58 2.97906e-06 -3.50825e-08
8.59 3.0962e-06 -3.64629e-08
8.6 3.21776e-06 -3.78953e-08
8.61 3.34388e-06 -3.93817e-08
8.62 3.47475e-06 -4.09239e-08
8.63 3.61053e-06 -4.2524e-08
8.64 3.75139e-06 -4.41841e-08
8.65 3.89751e-06 -4.59062e-08
8.66 4.04909e-06 -4.76926e-08
8.67 4.20632e-06 -4.95457e-08
8.68 4.3694e-06 -5.14677e-08
8.69 4.53854e-06 -5.34611e-08
8.7 4.71395e-06 -5.55285e-08
8.71 4.89586e-06 -5.76724e-08
8.72 5.08449e-06 -5.98957e-08
8.73 5.28008e-06 -6.2201e-08
8.74 5.48288e-06 -6.45913e-08
8.75 5.69314e-06 -6.70696e-08
8.76 5.91113e-06 -6.9639e-08
8.77 6.1371e-06 -7.23026e-08
8.78 6.37136e-06 -7.50637e-08
8.79 6.61417e-06 -7.79258e-08
8.8 6.86585e-06 -8.08924e-08
8.81 7.1267e-06 -8.39671e-08
8.82 7.39703e-06 -8.71537e-08
8.83 7.67719e-06 -9.04561e-08
8.84 7.9675e-06 -9.38783e-08
8.85 8.26832e-06 -9.74244e-08
8.86 8.58002e-06 -1.01099e-07
8.87 8.90297e-06 -1.04906e-07
8.88 9.23755e-06 -1.0885e-07
8.89 9.58416e-06 -1.12936e-07
8.9 9.94323e-06 -1.17169e-07
8.91 1.03152e-05 -1.21553e-07
8.92 1.07004e-05 -1.26095e-07
8.93 1.10995e-05 -1.30799e-07
8.94 1.15127e-05 -1.35671e-07
8.95 1.19407e-05 -1.40716e-07
8.96 1.23839e-05 -1.45941e-07
8.97 1.28429e-05 -1.51352e-07
8.98 1.33181e-05 -1.56955e-07
8.99 1.38101e-05 -1.62755e-07
9 1.43196e-05 -1.68761e-07
9.01 1.4847e-05 -1.74979e-07
9.02 1.5393e-05 -1.81416e-07
9.03 1.59582e-05 -1.8808e-07
9.04 1.65432e-05 -1.94978e-07
9.05 1.71488e-05 -2.02117e-07
9.06 1.77756e-05 -2.09506e-07
9.07 1.84242e-05 -2.17154e-07
9.08 1.90955e-05 -2.25069e-07
9.09 1.97902e-05 -2.33259e-07
9.1 2.05091e-05 -2.41735e-07
9.11 2.12529e-05 -2.50505e-07
9.12 2.20225e-05 -2.59579e-07
9.13 2.28188e-05 -2.68967e-07
9.14 2.36425e-05 -2.78679e-07
9.15 2.44947e-05 -2.88727e-07
9.16 2.53763e-05 -2.99121e-07
9.17 2.62881e-05 -3.09873e-07
9.18 2.72313e-05 -3.20994e-07
9.19 2.82069e-05 -3.32496e-07
9.2 2.92158e-05 -3.44392e-07
9.21 3.02592e-05 -3.56695e-07
9.22 3.13382e-05 -3.69417e-07
9.23 3.2454e-05 -3.82573e-07
9.24 3.36077e-05 -3.96177e-07
9.25 3.48006e-05 -4.10243e-07
9.26 3.6034e-05 -4.24785e-07
9.27 3.73091e-05 -4.3982e-07
9.28 3.86273e-05 -4.55364e-07
9.29 3.999e-05 -4.71432e-07
9.3 4.13986e-05 -4.88041e-07
9.31 4.28545e-05 -5.05209e-07
9.32 4.43594e-05 -5.22954e-07
9.33 4.59147e-05 -5.41293e-07
9.34 4.75221e-05 -5.60247e-07
9.35 4.91833e-05 -5.79835e-07
9.36 5.08998e-05 -6.00076e-07
9.37 5.26736e-05 -6.20991e-07
9.38 5.45063e-05 -6.42603e-07
9.39 5.64e-05 -6.64932e-07
9.4 5.83564e-05 -6.88001e-07
9.41 6.03775e-05 -7.11835e-07
9.42 6.24655e-05 -7.36456e-07
9.43 6.46224e-05 -7.6189e-07
9.44 6.68504e-05 -7.88162e-07
9.45 6.91516e-05 -8.15299e-07
9.46 7.15285e-05 -8.43327e-07
9.47 7.39832e-05 -8.72273e-07
9.48 7.65184e-05 -9.02168e-07
9.49 7.91364e-05 -9.3304e-07
9.5 8.18398e-05 -9.6492e-07
9.51 8.46313e-05 -9.97838e-07
9.52 8.75137e-05 -1.03183e-06
9.53 9.04896e-05 -1.06692e-06
9.54 9.35621e-05 -1.10315e-06
9.55 9.6734e-05 -1.14056e-06
9.56 0.000100008 -1.17917e-06
9.57 0.000103389 -1.21903e-06
9.58 0.000106878 -1.26018e-06
9.59 0.000110479 -1.30264e-06
9.6 0.000114196 -1.34648e-06
9.61 0.000118032 -1.39172e-06
9.62 0.000121991 -1.4384e-06
9.63 0.000126077 -1.48658e-06
9.64 0.000130293 -1.5363e-06
9.65 0.000134643 -1.5876e-06
9.66 0.000139132 -1.64054e-06
9.67 0.000143763 -1.69515e-06
9.68 0.000148541 -1.7515e-06
9.69 0.000153471 -1.80963e-06
9.7 0.000158556 -1.8696e-06
9.71 0.000163802 -1.93146e-06
9.72 0.000169213 -1.99528e-06
9.73 0.000174794 -2.0611e-06
9.74 0.000180551 -2.12898e-06
9.75 0.000186488 -2.199e-06
9.76 0.000192611 -2.27121e-06
9.77 0.000198926 -2.34568e-06
9.78 0.000205437 -2.42247e-06
9.79 0.000212152 -2.50165e-06
9.8 0.000219075 -2.5833e-06
9.81 0.000226214 -2.66749e-06
9.82 0.000233574 -2.75428e-06
9.83 0.000241162 -2.84377e-06
9.84 0.000248984 -2.93602e-06
9.85 0.000257048 -3.03112e-06
9.86 0.00026536 -3.12914e-06
9.87 0.000273929 -3.23019e-06
9.88 0.00028276 -3.33434e-06
9.89 0.000291862 -3.44168e-06
9.9 0.000301243 -3.55232e-06
9.91 0.000310911 -3.66633e-06
9.92 0.000320874 -3.78382e-06
9.93 0.00033114 -3.9049e-06
9.94 0.000341719 -4.02966e-06
9.95 0.000352619 -4.15821e-06
9.96 0.00036385 -4.29065e-06
9.97 0.000375421 -4.42711e-06
9.98 0.000387342 -4.5677e-06
9.99 0.000399622 -4.71253e-06
10 0.000412273 -4.86172e-06
10.01 0.000425304 -5.0154e-06
10.02 0.000438727 -5.1737e-06
10.03 0.000452552 -5.33675e-06
10.04 0.000466792 -5.50468e-06
10.05 0.000481457 -5.67763e-06
10.06 0.00049656 -5.85575e-06
10.07 0.000512113 -6.03917e-06
10.08 0.000528128 -6.22805e-06
10.09 0.00054462 -6.42254e-06
10.1 0.0005616 -6.6228e-06
10.11 0.000579084 -6.82899e-06
10.12 0.000597084 -7.04128e-06
10.13 0.000615616 -7.25983e-06
10.14 0.000634693 -7.48483e-06
10.15 0.000654333 -7.71644e-06
10.16 0.000674549 -7.95486e-06
10.17 0.000695358 -8.20027e-06
10.18 0.000716776 -8.45287e-06
10.19 0.00073882 -8.71285e-06
10.2 0.000761508 -8.98042e-06
10.21 0.000784857 -9.25579e-06
10.22 0.000808886 -9.53917e-06
10.23 0.000833612 -9.83079e-06
10.24 0.000859055 -1.01309e-05
10.25 0.000885236 -1.04396e-05
10.26 0.000912173 -1.07573e-05
10.27 0.000939887 -1.10842e-05
10.28 0.0009684 -1.14204e-05
10.29 0.000997734 -1.17664e-05
10.3 0.00102791 -1.21223e-05
10.31 0.00105895 -1.24884e-05
10.32 0.00109088 -1.28649e-05
10.33 0.00112372 -1.32523e-05
10.34 0.0011575 -1.36507e-05
10.35 0.00119225 -1.40604e-05
10.36 0.00122798 -1.44818e-05
10.37 0.00126472 -1.49152e-05
10.38 0.00130251 -1.53608e-05
10.39 0.00134137 -1.58191e-05
10.4 0.00138133 -1.62904e-05
10.41 0.00142241 -1.67749e-05
10.42 0.00146465 -1.72731e-05
10.43 0.00150808 -1.77853e-05
10.44 0.00155273 -1.83118e-05
10.45 0.00159863 -1.88532e-05
10.46 0.00164582 -1.94097e-05
10.47 0.00169432 -1.99817e-05
10.48 0.00174418 -2.05698e-05
10.49 0.00179543 -2.11742e-05
10.5 0.0018481 -2.17954e-05
10.51 0.00190223 -2.24338e-05
10.52 0.00195787 -2.309e-05
10.53 0.00201505 -2.37643e-05
10.54 0.0020738 -2.44573e-05
10.55 0.00213418 -2.51693e-05
10.56 0.00219622 -2.5901e-05
10.57 0.00225996 -2.66528e-05
10.58 0.00232546 -2.74253e-05
10.59 0.00239275 -2.82189e-05
10.6 0.00246188 -2.90342e-05
10.61 0.00253291 -2.98718e-05
10.62 0.00260586 -3.07323e-05
10.63 0.00268081 -3.16162e-05
10.64 0.00275779 -3.25241e-05
10.65 0.00283687 -3.34567e-05
10.66 0.00291808 -3.44146e-05
10.67 0.0030015 -3.53983e-05
10.68 0.00308716 -3.64087e-05
10.69 0.00317514 -3.74463e-05
10.7 0.00326549 -3.85118e-05
10.71 0.00335826 -3.9606e-05
10.72 0.00345353 -4.07295e-05
10.73 0.00355134 -4.18832e-05
10.74 0.00365178 -4.30677e-05
10.75 0.00375489 -4.42838e-05
10.76 0.00386076 -4.55324e-05
10.77 0.00396944 -4.68142e-05
10.78 0.00408101 -4.813e-05
10.79 0.00419554 -4.94808e-05
10.8 0.00431311 -5.08674e-05
10.81 0.00443378 -5.22906e-05
10.82 0.00455765 -5.37514e-05
10.83 0.00468477 -5.52507e-05
10.84 0.00481524 -5.67895e-05
10.85 0.00494914 -5.83687e-05
10.86 0.00508655 -5.99893e-05
10.87 0.00522756 -6.16524e-05
10.88 0.00537226 -6.33589e-05
10.89 0.00552073 -6.511e-05
10.9 0.00567307 -6.69067e-05
10.91 0.00582938 -6.87502e-05
10.92 0.00598974 -7.06415e-05
10.93 0.00615427 -7.25819e-05
10.94 0.00632305 -7.45725e-05
10.95 0.00649619 -7.66145e-05
10.96 0.0066738 -7.87093e-05
10.97 0.00685599 -8.0858e-05
10.98 0.00704286 -8.30619e-05
10.99 0.00723453 -8.53225e-05
11 0.00743112 -8.7641e-05
11.01 0.00763273 -9.00188e-05
11.02 0.00783949 -9.24573e-05
11.03 0.00805153 -9.49581e-05
11.04 0.00826897 -9.75225e-05
11.05 0.00849193 -0.000100152
11.06 0.00872055 -0.000102849
11.07 0.00895497 -0.000105613
11.08 0.00919531 -0.000108448
11.09 0.00944173 -0.000111354
11.1 0.00969435 -0.000114333
11.11 0.00995333 -0.000117388
11.12 0.0102188 -0.000120519
11.13 0.010491 -0.000123729
11.14 0.0107699 -0.000127019
11.15 0.0110559 -0.000130391
11.16 0.011349 -0.000133848
11.17 0.0116493 -0.000137391
11.18 0.0119572 -0.000141021
11.19 0.0122727 -0.000144742
11.2 0.012596 -0.000148556
11.21 0.0129273 -0.000152463
11.22 0.0132669 -0.000156468
11.23 0.0136147 -0.000160571
11.24 0.0139712 -0.000164775
11.25 0.0143364 -0.000169082
11.26 0.0147106 -0.000173495
11.27 0.0150939 -0.000178016
11.28 0.0154867 -0.000182648
11.29 0.015889 -0.000187393
11.3 0.0163011 -0.000192254
11.31 0.0167233 -0.000197233
11.32 0.0171557 -0.000202333
11.33 0.0175986 -0.000207556
11.34 0.0180522 -0.000212906
11.35 0.0185168 -0.000218386
11.36 0.0189927 -0.000223998
11.37 0.0194799 -0.000229745
11.38 0.0199789 -0.00023563
11.39 0.0204899 -0.000241656
11.4 0.0210131 -0.000247827
11.41 0.0215489 -0.000254146
11.42 0.0220974 -0.000260616
11.43 0.0226591 -0.000267239
11.44 0.0232341 -0.000274021
11.45 0.0238227 -0.000280964
11.46 0.0244254 -0.000288071
11.47 0.0250423 -0.000295347
11.48 0.0256738 -0.000302795
11.49 0.0263202 -0.000310419
11.5 0.0269819 -0.000318222
11.51 0.0276591 -0.00032621
11.52 0.0283522 -0.000334384
11.53 0.0290615 -0.00034275
11.54 0.0297875 -0.000351312
11.55 0.0305304 -0.000360075
11.56 0.0312907 -0.000369041
11.57 0.0320687 -0.000378216
11.58 0.0328647 -0.000387605
11.59 0.0336792 -0.000397212
11.6 0.0345126 -0.000407041
11.61 0.0353653 -0.000417097
11.62 0.0362376 -0.000427385
11.63 0.0371301 -0.000437911
11.64 0.0380431 -0.000448679
11.65 0.038977 -0.000459694
11.66 0.0399324 -0.000470961
11.67 0.0409096 -0.000482486
11.68 0.0419091 -0.000494275
11.69 0.0429315 -0.000506333
11.7 0.0439771 -0.000518665
11.71 0.0450465 -0.000531277
11.72 0.0461401 -0.000544176
11.73 0.0472585 -0.000557366
11.74 0.0484022 -0.000570855
11.75 0.0495717 -0.000584648
11.76 0.0507676 -0.000598752
11.77 0.0519904 -0.000613174
11.78 0.0532406 -0.000627919
11.79 0.0545188 -0.000642994
11.8 0.0558256 -0.000658407
11.81 0.0571616 -0.000674164
11.82 0.0585274 -0.000690272
11.83 0.0599236 -0.000706739
11.84 0.0613508 -0.000723571
11.85 0.0628097 -0.000740777
11.86 0.0643008 -0.000758364
11.87 0.0658249 -0.000776339
11.88 0.0673827 -0.000794711
11.89 0.0689747 -0.000813487
11.9 0.0706017 -0.000832677
11.91 0.0722644 -0.000852287
11.92 0.0739636 -0.000872326
11.93 0.0756998 -0.000892804
11.94 0.077474 -0.000913729
11.95 0.0792868 -0.000935109
11.96 0.0811391 -0.000956955
11.97 0.0830316 -0.000979275
11.98 0.084965 -0.00100208
11.99 0.0869403 -0.00102537
12 0.0889583 -0.00104917
12.01 0.0910197 -0.00107349
12.02 0.0931255 -0.00109832
12.03 0.0952765 -0.00112369
12.04 0.0974736 -0.0011496
12.05 0.0997177 -0.00117607
12.06 0.10201 -0.0012031
12.07 0.104351 -0.00123071
12.08 0.106741 -0.00125891
12.09 0.109183 -0.00128771
12.1 0.111676 -0.00131711
12.11 0.114222 -0.00134714
12.12 0.116822 -0.0013778
12.13 0.119477 -0.00140911
12.14 0.122188 -0.00144108
12.15 0.124955 -0.00147372
12.16 0.127781 -0.00150705
12.17 0.130666 -0.00154107
12.18 0.133611 -0.00157581
12.19 0.136617 -0.00161127
12.2 0.139686 -0.00164746
12.21 0.142819 -0.00168441
12.22 0.146017 -0.00172213
12.23 0.149281 -0.00176062
12.24 0.152613 -0.00179992
12.25 0.156013 -0.00184002
12.26 0.159483 -0.00188095
12.27 0.163025 -0.00192272
12.28 0.166639 -0.00196535
12.29 0.170327 -0.00200885
12.3 0.174091 -0.00205324
12.31 0.177932 -0.00209853
12.32 0.18185 -0.00214475
12.33 0.185849 -0.00219191
12.34 0.189928 -0.00224002
12.35 0.19409 -0.00228911
12.36 0.198337 -0.00233919
12.37 0.202668 -0.00239028
12.38 0.207087 -0.0024424
12.39 0.211595 -0.00249556
12.4 0.216194 -0.0025498
12.41 0.220884 -0.00260512
12.42 0.225668 -0.00266154
12.43 0.230548 -0.00271909
12.44 0.235525 -0.00277779
12.45 0.2406 -0.00283765
12.46 0.245777 -0.0028987
12.47 0.251055 -0.00296096
12.48 0.256439 -0.00302445
12.49 0.261928 -0.00308919
12.5 0.267525 -0.0031552
12.51 0.273232 -0.00322251
12.52 0.279051 -0.00329114
12.53 0.284985 -0.00336112
12.54 0.291033 -0.00343246
12.55 0.2972 -0.00350519
12.56 0.303487 -0.00357934
12.57 0.309896 -0.00365493
12.58 0.316429 -0.00373198
12.59 0.323089 -0.00381052
12.6 0.329877 -0.00389058
12.61 0.336796 -0.00397219
12.62 0.343848 -0.00405536
12.63 0.351035 -0.00414013
12.64 0.35836 -0.00422652
12.65 0.365826 -0.00431456
12.66 0.373433 -0.00440429
12.67 0.381186 -0.00449572
12.68 0.389085 -0.00458889
12.69 0.397135 -0.00468383
12.7 0.405337 -0.00478056
12.71 0.413694 -0.00487913
12.72 0.422209 -0.00497955
12.73 0.430884 -0.00508186
12.74 0.439722 -0.0051861
12.75 0.448725 -0.00529229
12.76 0.457897 -0.00540046
12.77 0.467241 -0.00551066
12.78 0.476758 -0.0056229
12.79 0.486452 -0.00573724
12.8 0.496327 -0.0058537
12.81 0.506384 -0.00597231
12.82 0.516627 -0.00609312
12.83 0.527059 -0.00621616
12.84 0.537683 -0.00634146
12.85 0.548503 -0.00646906
12.86 0.55952 -0.00659901
12.87 0.57074 -0.00673133
12.88 0.582164 -0.00686607
12.89 0.593796 -0.00700326
12.9 0.60564 -0.00714295
12.91 0.617699 -0.00728518
12.92 0.629977 -0.00742998
12.93 0.642476 -0.0075774
12.94 0.655201 -0.00772747
12.95 0.668155 -0.00788025
12.96 0.681342 -0.00803578
12.97 0.694765 -0.00819409
12.98 0.708428 -0.00835524
12.99 0.722335 -0.00851926
13 0.73649 -0.0086862
13.01 0.750897 -0.00885611
13.02 0.765559 -0.00902904
13.03 0.780481 -0.00920503
13.04 0.795666 -0.00938413
13.05 0.81112 -0.00956639
13.06 0.826845 -0.00975185
13.07 0.842846 -0.00994057
13.08 0.859128 -0.0101326
13.09 0.875694 -0.010328
13.1 0.892549 -0.0105268
13.11 0.909698 -0.010729
13.12 0.927144 -0.0109348
13.13 0.944893 -0.0111441
13.14 0.962949 -0.0113571
13.15 0.981317 -0.0115737
13.16 1 -0.0117941
13.17 1.01901 -0.0120182
13.18 1.03834 -0.0122462
13.19 1.058 -0.0124781
13.2 1.078 -0.012714
13.21 1.09834 -0.0129538
13.22 1.11902 -0.0131978
13.23 1.14005 -0.0134459
13.24 1.16145 -0.0136982
13.25 1.1832 -0.0139547
13.26 1.20532 -0.0142156
13.27 1.22781 -0.0144808
13.28 1.25068 -0.0147506
13.29 1.27393 -0.0150248
13.3 1.29757 -0.0153036
13.31 1.3216 -0.015587
13.32 1.34604 -0.0158752
13.33 1.37088 -0.0161682
13.34 1.39613 -0.016466
13.35 1.42179 -0.0167687
13.36 1.44788 -0.0170764
13.37 1.4744 -0.0173892
13.38 1.50136 -0.0177071
13.39 1.52875 -0.0180302
13.4 1.5566 -0.0183586
13.41 1.5849 -0.0186923
13.42 1.61365 -0.0190315
13.43 1.64288 -0.0193762
13.44 1.67258 -0.0197264
13.45 1.70275 -0.0200823
13.46 1.73342 -0.020444
13.47 1.76457 -0.0208114
13.48 1.79623 -0.0211848
13.49 1.82839 -0.0215641
13.5 1.86107 -0.0219495
13.51 1.89426 -0.022341
13.52 1.92795 -0.0227384
