0 -0 -0
0.08 -9.05795e-29 4.57431e-32
0.16 -9.03696e-26 8.70712e-29
0.12 -1.42802e-26 1.15396e-29
0.1 -2.36458e-27 1.6781e-30
0.09 -5.75491e-28 3.61174e-31
0.085 -2.38681e-28 1.35979e-31
0.09 -5.95166e-28 3.79976e-31
0.095 -1.41269e-27 1.00463e-30
0.1 -3.20796e-27 2.5273e-30
0.105 -6.99925e-27 6.07861e-30
0.11 -1.47274e-26 1.40363e-29
0.115 -2.99809e-26 3.12295e-29
0.12 -5.92149e-26 6.71598e-29
0.125 -1.1375e-25 1.39987e-28
0.13 -2.12988e-25 2.83506e-28
0.135 -3.8947e-25 5.59078e-28
0.14 -6.96722e-25 1.07562e-27
0.145 -1.22118e-24 2.02241e-27
0.15 -2.10005e-24 3.72206e-27
0.155 -3.54779e-24 6.71439e-27
0.16 -5.89454e-24 1.18875e-26
0.165 -9.64168e-24 2.06794e-26
0.17 -1.55407e-23 3.53837e-26
0.175 -2.47043e-23 5.96074e-26
0.18 -3.87613e-23 9.89489e-26
0.185 -6.00701e-23 1.61989e-25
0.19 -9.20107e-23 2.61725e-25
0.195 -1.39381e-22 4.17626e-25
0.2 -2.08927e-22 6.58544e-25
0.205 -3.10055e-22 1.02681e-24
0.21 -4.55769e-22 1.58396e-24
0.215 -6.6391e-22 2.41859e-24
0.22 -9.58762e-22 3.65718e-24
0.225 -1.37315e-21 5.47885e-24
0.23 -1.95116e-21 8.13518e-24
0.235 -2.75156e-21 1.1977e-23
0.24 -3.85226e-21 1.74898e-23
0.245 -5.35589e-21 2.5341e-23
0.25 -7.39692e-21 3.64422e-23
0.255 -1.01505e-20 5.20301e-23
0.26 -1.38435e-20 7.37725e-23
0.265 -1.87687e-20 1.03906e-22
0.27 -2.53014e-20 1.45412e-22
0.275 -3.39209e-20 2.02243e-22
0.28 -4.52366e-20 2.79615e-22
0.285 -6.00196e-20 3.8437e-22
0.29 -7.92418e-20 5.25449e-22
0.295 -1.04123e-19 7.14469e-22
0.3 -1.36188e-19 9.66467e-22
0.305 -1.77336e-19 1.30082e-21
0.31 -2.29924e-19 1.74237e-21
0.315 -2.96866e-19 2.32288e-21
0.32 -3.81753e-19 3.08277e-21
0.325 -4.88995e-19 4.07328e-21
0.33 -6.23991e-19 5.35911e-21
0.335 -7.93329e-19 7.02172e-21
0.34 -1.00503e-18 9.16324e-21
0.345 -1.26881e-18 1.19113e-20
0.35 -1.59643e-18 1.54251e-20
0.355 -2.00209e-18 1.99019e-20
0.36 -2.50285e-18 2.55864e-20
0.365 -3.11919e-18 3.27802e-20
0.37 -3.87562e-18 4.18546e-20
0.375 -4.80141e-18 5.32653e-20
0.38 -5.93141e-18 6.75698e-20
0.385 -7.30703e-18 8.54485e-20
0.39 -8.97734e-18 1.07729e-19
0.395 -1.10004e-17 1.35418e-19
0.4 -1.34448e-17 1.69731e-19
0.405 -1.63912e-17 2.1214e-19
0.41 -1.99344e-17 2.64417e-19
0.415 -2.41857e-17 3.28692e-19
0.42 -2.92754e-17 4.07523e-19
0.425 -3.53557e-17 5.03968e-19
0.43 -4.26039e-17 6.21683e-19
0.435 -5.12269e-17 7.65024e-19
0.44 -6.14645e-17 9.39172e-19
0.445 -7.35952e-17 1.15028e-18
0.45 -8.79417e-17 1.40562e-18
0.455 -1.04877e-16 1.71383e-18
0.46 -1.2483e-16 2.08506e-18
0.465 -1.48298e-16 2.5313e-18
0.47 -1.75852e-16 3.06663e-18
0.475 -2.08145e-16 3.70759e-18
0.48 -2.45931e-16 4.47355e-18
0.485 -2.9007e-16 5.38717e-18
0.49 -3.41547e-16 6.47494e-18
0.495 -4.01487e-16 7.76772e-18
0.5 -4.71172e-16 9.30144e-18
0.505 -5.52064e-16 1.11179e-17
0.51 -6.45825e-16 1.32655e-17
0.515 -7.54343e-16 1.58006e-17
0.52 -8.79761e-16 1.8788e-17
0.525 -1.02451e-15 2.2303e-17
0.53 -1.19133e-15 2.64321e-17
0.535 -1.38333e-15 3.12754e-17
0.54 -1.60402e-15 3.69477e-17
0.545 -1.85735e-15 4.35812e-17
0.55 -2.14778e-15 5.13274e-17
0.555 -2.48032e-15 6.03601e-17
0.56 -2.86062e-15 7.08783e-17
0.565 -3.29499e-15 8.31094e-17
0.57 -3.79053e-15 9.73132e-17
0.575 -4.3552e-15 1.13786e-16
0.58 -4.9979e-15 1.32865e-16
0.585 -5.72858e-15 1.54935e-16
0.59 -6.55836e-15 1.80432e-16
0.595 -7.49966e-15 2.09852e-16
0.6 -8.5663e-15 2.43757e-16
0.605 -9.7737e-15 2.82785e-16
0.61 -1.1139e-14 3.27655e-16
0.615 -1.26813e-14 3.79184e-16
0.62 -1.44218e-14 4.38291e-16
0.625 -1.63839e-14 5.06015e-16
0.63 -1.85938e-14 5.83528e-16
0.635 -2.10804e-14 6.72146e-16
0.64 -2.38756e-14 7.73353e-16
0.645 -2.70149e-14 8.88816e-16
0.65 -3.05373e-14 1.02041e-15
0.655 -3.4486e-14 1.17022e-15
0.66 -3.89087e-14 1.34062e-15
0.665 -4.38579e-14 1.53423e-15
0.67 -4.93916e-14 1.754e-15
0.675 -5.55736e-14 2.00322e-15
0.68 -6.24739e-14 2.28559e-15
0.685 -7.01697e-14 2.6052e-15
0.69 -7.87457e-14 2.96664e-15
0.695 -8.82949e-14 3.37501e-15
0.7 -9.89194e-14 3.83598e-15
0.705 -1.10731e-13 4.35588e-15
0.71 -1.23852e-13 4.94173e-15
0.715 -1.38417e-13 5.60134e-15
0.72 -1.54573e-13 6.34335e-15
0.725 -1.7248e-13 7.17738e-15
0.73 -1.92313e-13 8.11405e-15
0.735 -2.14264e-13 9.16514e-15
0.74 -2.38543e-13 1.03437e-14
0.745 -2.65376e-13 1.16641e-14
0.75 -2.95012e-13 1.31424e-14
0.755 -3.27723e-13 1.4796e-14
0.76 -3.63801e-13 1.66445e-14
0.765 -4.03569e-13 1.87091e-14
0.77 -4.47375e-13 2.10135e-14
0.775 -4.95596e-13 2.35837e-14
0.78 -5.48646e-13 2.64482e-14
0.785 -6.0697e-13 2.96385e-14
0.79 -6.71053e-13 3.31892e-14
0.795 -7.4142e-13 3.71381e-14
0.8 -8.1864e-13 4.1527e-14
0.805 -9.03332e-13 4.64016e-14
0.81 -9.96161e-13 5.1812e-14
0.815 -1.09785e-12 5.78132e-14
0.82 -1.20918e-12 6.44653e-14
0.825 -1.33101e-12 7.18342e-14
0.83 -1.46423e-12 7.99918e-14
0.835 -1.60983e-12 8.90171e-14
0.84 -1.76889e-12 9.8996e-14
0.845 -1.94254e-12 1.10023e-13
0.85 -2.13203e-12 1.22199e-13
0.855 -2.33868e-12 1.35638e-13
0.86 -2.56395e-12 1.50461e-13
0.865 -2.80937e-12 1.66802e-13
0.87 -3.0766e-12 1.84804e-13
0.875 -3.36746e-12 2.04626e-13
0.88 -3.68385e-12 2.26439e-13
0.885 -4.02785e-12 2.5043e-13
0.89 -4.40169e-12 2.76802e-13
0.895 -4.80776e-12 3.05774e-13
0.9 -5.24862e-12 3.37587e-13
0.905 -5.72704e-12 3.72501e-13
0.91 -6.24595e-12 4.10796e-13
0.915 -6.80854e-12 4.52778e-13
0.92 -7.4182e-12 4.98779e-13
0.925 -8.07856e-12 5.49157e-13
0.93 -8.79351e-12 6.04301e-13
0.935 -9.56724e-12 6.64632e-13
0.94 -1.04042e-11 7.30604e-13
0.945 -1.13091e-11 8.0271e-13
0.95 -1.22872e-11 8.81481e-13
0.955 -1.33438e-11 9.67492e-13
0.96 -1.44848e-11 1.06136e-12
0.965 -1.57164e-11 1.16377e-12
0.97 -1.70452e-11 1.27542e-12
0.975 -1.84784e-11 1.39711e-12
0.98 -2.00235e-11 1.52968e-12
0.985 -2.16886e-11 1.67403e-12
0.99 -2.34823e-11 1.83113e-12
0.995 -2.54136e-11 2.00204e-12
1 -2.74925e-11 2.1879e-12
1.005 -2.97293e-11 2.38991e-12
1.01 -3.21351e-11 2.6094e-12
1.015 -3.47217e-11 2.84776e-12
1.02 -3.75015e-11 3.10652e-12
1.025 -4.0488e-11 3.38729e-12
1.03 -4.36953e-11 3.69184e-12
1.035 -4.71384e-11 4.02202e-12
1.04 -5.08335e-11 4.37987e-12
1.045 -5.47975e-11 4.76753e-12
1.05 -5.90484e-11 5.18733e-12
1.055 -6.36055e-11 5.64174e-12
1.06 -6.8489e-11 6.13343e-12
1.065 -7.37206e-11 6.66526e-12
1.07 -7.93231e-11 7.24027e-12
1.075 -8.53208e-11 7.86173e-12
1.08 -9.17394e-11 8.53315e-12
1.085 -9.86063e-11 9.25827e-12
1.09 -1.0595e-10 1.00411e-11
1.095 -1.13802e-10 1.08859e-11
1.1 -1.22193e-10 1.17973e-11
1.105 -1.31159e-10 1.27801e-11
1.11 -1.40735e-10 1.38395e-11
1.115 -1.5096e-10 1.49812e-11
1.12 -1.61874e-10 1.62112e-11
1.125 -1.73521e-10 1.75356e-11
1.13 -1.85945e-10 1.89614e-11
1.135 -1.99195e-10 2.04957e-11
1.14 -2.1332e-10 2.21462e-11
1.145 -2.28375e-10 2.39212e-11
1.15 -2.44415e-10 2.58294e-11
1.155 -2.61501e-10 2.78802e-11
1.16 -2.79694e-10 3.00833e-11
1.165 -2.99062e-10 3.24495e-11
1.17 -3.19673e-10 3.49898e-11
1.175 -3.41603e-10 3.77164e-11
1.18 -3.64927e-10 4.06418e-11
1.185 -3.89729e-10 4.37797e-11
1.19 -4.16094e-10 4.71443e-11
1.195 -4.44113e-10 5.07511e-11
1.2 -4.73881e-10 5.46161e-11
1.205 -5.055e-10 5.87566e-11
1.21 -5.39075e-10 6.31909e-11
1.215 -5.74718e-10 6.79385e-11
1.22 -6.12546e-10 7.30199e-11
1.225 -6.52683e-10 7.84571e-11
1.23 -6.95257e-10 8.42732e-11
1.235 -7.40406e-10 9.04927e-11
1.24 -7.88273e-10 9.71419e-11
1.245 -8.39008e-10 1.04248e-10
1.25 -8.9277e-10 1.11841e-10
1.255 -9.49725e-10 1.19952e-10
1.26 -1.01005e-09 1.28613e-10
1.265 -1.07392e-09 1.37859e-10
1.27 -1.14154e-09 1.47726e-10
1.275 -1.2131e-09 1.58255e-10
1.28 -1.28882e-09 1.69486e-10
1.285 -1.36891e-09 1.81463e-10
1.29 -1.45362e-09 1.94232e-10
1.295 -1.54319e-09 2.07841e-10
1.3 -1.63787e-09 2.22343e-10
1.305 -1.73793e-09 2.37791e-10
1.31 -1.84365e-09 2.54243e-10
1.315 -1.95532e-09 2.7176e-10
1.32 -2.07327e-09 2.90406e-10
1.325 -2.1978e-09 3.10248e-10
1.33 -2.32926e-09 3.31359e-10
1.335 -2.468e-09 3.53813e-10
1.34 -2.61439e-09 3.77691e-10
1.345 -2.76882e-09 4.03076e-10
1.35 -2.9317e-09 4.30056e-10
1.355 -3.10345e-09 4.58725e-10
1.36 -3.28451e-09 4.89182e-10
1.365 -3.47536e-09 5.2153e-10
1.37 -3.67646e-09 5.55878e-10
1.375 -3.88834e-09 5.92342e-10
1.38 -4.11151e-09 6.31042e-10
1.385 -4.34654e-09 6.72106e-10
1.39 -4.59401e-09 7.15669e-10
1.395 -4.85451e-09 7.61871e-10
1.4 -5.12867e-09 8.10863e-10
1.405 -5.41717e-09 8.62799e-10
1.41 -5.72067e-09 9.17846e-10
1.415 -6.0399e-09 9.76175e-10
1.42 -6.37561e-09 1.03797e-09
1.425 -6.72858e-09 1.10342e-09
1.43 -7.09963e-09 1.17273e-09
1.435 -7.48959e-09 1.24611e-09
1.44 -7.89936e-09 1.32378e-09
1.445 -8.32986e-09 1.40597e-09
1.45 -8.78205e-09 1.49293e-09
1.455 -9.25694e-09 1.58492e-09
1.46 -9.75556e-09 1.68221e-09
1.465 -1.0279e-08 1.78507e-09
1.47 -1.08284e-08 1.89382e-09
1.475 -1.1405e-08 2.00875e-09
1.48 -1.20099e-08 2.1302e-09
1.485 -1.26445e-08 2.25851e-09
1.49 -1.331e-08 2.39404e-09
1.495 -1.40079e-08 2.53717e-09
1.5 -1.47396e-08 2.68829e-09
1.505 -1.55067e-08 2.84782e-09
1.51 -1.63105e-08 3.01619e-09
1.515 -1.71529e-08 3.19386e-09
1.52 -1.80355e-08 3.3813e-09
1.525 -1.896e-08 3.57902e-09
1.53 -1.99282e-08 3.78754e-09
1.535 -2.09421e-08 4.0074e-09
1.54 -2.20037e-08 4.23918e-09
1.545 -2.31149e-08 4.48347e-09
1.55 -2.42779e-08 4.74091e-09
1.555 -2.54949e-08 5.01215e-09
1.56 -2.67682e-08 5.29788e-09
1.565 -2.81001e-08 5.59881e-09
1.57 -2.94933e-08 5.91571e-09
1.575 -3.09501e-08 6.24934e-09
1.58 -3.24734e-08 6.60054e-09
1.585 -3.40658e-08 6.97016e-09
1.59 -3.57302e-08 7.3591e-09
1.595 -3.74696e-08 7.76829e-09
1.6 -3.92871e-08 8.19871e-09
1.605 -4.11859e-08 8.65139e-09
1.61 -4.31693e-08 9.1274e-09
1.615 -4.52407e-08 9.62783e-09
1.62 -4.74038e-08 1.01539e-08
1.625 -4.96622e-08 1.07067e-08
1.63 -5.20198e-08 1.12877e-08
1.635 -5.44805e-08 1.1898e-08
1.64 -5.70484e-08 1.25391e-08
1.645 -5.97278e-08 1.32125e-08
1.65 -6.25232e-08 1.39195e-08
1.655 -6.54391e-08 1.46619e-08
1.66 -6.84802e-08 1.54412e-08
1.665 -7.16515e-08 1.62591e-08
1.67 -7.49581e-08 1.71174e-08
1.675 -7.84051e-08 1.8018e-08
1.68 -8.1998e-08 1.89627e-08
1.685 -8.57425e-08 1.99536e-08
1.69 -8.96444e-08 2.09928e-08
1.695 -9.37097e-08 2.20824e-08
1.7 -9.79446e-08 2.32248e-08
1.705 -1.02356e-07 2.44222e-08
1.71 -1.06949e-07 2.56772e-08
1.715 -1.11733e-07 2.69923e-08
1.72 -1.16713e-07 2.83701e-08
1.725 -1.21897e-07 2.98135e-08
1.73 -1.27294e-07 3.13253e-08
1.735 -1.32909e-07 3.29086e-08
1.74 -1.38753e-07 3.45664e-08
1.745 -1.44832e-07 3.6302e-08
1.75 -1.51157e-07 3.81187e-08
1.755 -1.57735e-07 4.00202e-08
1.76 -1.64576e-07 4.201e-08
1.765 -1.7169e-07 4.40919e-08
1.77 -1.79087e-07 4.627e-08
1.775 -1.86776e-07 4.85482e-08
1.78 -1.94768e-07 5.09309e-08
1.785 -2.03075e-07 5.34224e-08
1.79 -2.11706e-07 5.60275e-08
1.795 -2.20674e-07 5.87508e-08
1.8 -2.29992e-07 6.15973e-08
1.805 -2.3967e-07 6.45722e-08
1.81 -2.49721e-07 6.76808e-08
1.815 -2.6016e-07 7.09287e-08
1.82 -2.70999e-07 7.43217e-08
1.825 -2.82252e-07 7.78656e-08
1.83 -2.93934e-07 8.15669e-08
1.835 -3.06059e-07 8.54318e-08
1.84 -3.18643e-07 8.94671e-08
1.845 -3.31701e-07 9.36798e-08
1.85 -3.45249e-07 9.80769e-08
1.855 -3.59305e-07 1.02666e-07
1.86 -3.73885e-07 1.07455e-07
1.865 -3.89007e-07 1.12451e-07
1.87 -4.04689e-07 1.17664e-07
1.875 -4.20951e-07 1.23101e-07
1.88 -4.3781e-07 1.28772e-07
1.885 -4.55288e-07 1.34686e-07
1.89 -4.73405e-07 1.40852e-07
1.895 -4.92182e-07 1.47281e-07
1.9 -5.1164e-07 1.53983e-07
1.905 -5.31803e-07 1.60967e-07
1.91 -5.52692e-07 1.68247e-07
1.915 -5.74332e-07 1.75832e-07
1.92 -5.96747e-07 1.83735e-07
1.925 -6.19962e-07 1.91968e-07
1.93 -6.44002e-07 2.00543e-07
1.935 -6.68895e-07 2.09475e-07
1.94 -6.94668e-07 2.18776e-07
1.945 -7.21347e-07 2.28461e-07
1.95 -7.48964e-07 2.38543e-07
1.955 -7.77546e-07 2.4904e-07
1.96 -8.07124e-07 2.59964e-07
1.965 -8.3773e-07 2.71334e-07
1.97 -8.69395e-07 2.83166e-07
1.975 -9.02154e-07 2.95476e-07
1.98 -9.36038e-07 3.08283e-07
1.985 -9.71085e-07 3.21606e-07
1.99 -1.00733e-06 3.35463e-07
1.995 -1.04481e-06 3.49873e-07
2 -1.08356e-06 3.64859e-07
2.005 -1.12362e-06 3.80439e-07
2.01 -1.16503e-06 3.96637e-07
2.015 -1.20783e-06 4.13475e-07
2.02 -1.25206e-06 4.30976e-07
2.025 -1.29777e-06 4.49164e-07
2.03 -1.34501e-06 4.68063e-07
2.035 -1.3938e-06 4.877e-07
2.04 -1.44421e-06 5.08101e-07
2.045 -1.49628e-06 5.29293e-07
2.05 -1.55006e-06 5.51304e-07
2.055 -1.6056e-06 5.74164e-07
2.06 -1.66295e-06 5.97903e-07
2.065 -1.72216e-06 6.22551e-07
2.07 -1.78329e-06 6.4814e-07
2.075 -1.8464e-06 6.74704e-07
2.08 -1.91153e-06 7.02277e-07
2.085 -1.97876e-06 7.30894e-07
2.09 -2.04813e-06 7.60591e-07
2.095 -2.11971e-06 7.91406e-07
2.1 -2.19357e-06 8.23376e-07
2.105 -2.26976e-06 8.56543e-07
2.11 -2.34835e-06 8.90946e-07
2.115 -2.42942e-06 9.26629e-07
2.12 -2.51303e-06 9.63635e-07
2.125 -2.59924e-06 1.00201e-06
2.13 -2.68814e-06 1.0418e-06
2.135 -2.7798e-06 1.08305e-06
2.14 -2.8743e-06 1.12581e-06
2.145 -2.9717e-06 1.17013e-06
2.15 -3.0721e-06 1.21607e-06
2.155 -3.17557e-06 1.26368e-06
2.16 -3.2822e-06 1.31301e-06
2.165 -3.39207e-06 1.36412e-06
2.17 -3.50528e-06 1.41707e-06
2.175 -3.6219e-06 1.47192e-06
2.18 -3.74204e-06 1.52874e-06
2.185 -3.86578e-06 1.58758e-06
2.19 -3.99322e-06 1.64851e-06
2.195 -4.12446e-06 1.71161e-06
2.2 -4.25961e-06 1.77694e-06
2.205 -4.39876e-06 1.84457e-06
2.21 -4.54201e-06 1.91458e-06
2.215 -4.68948e-06 1.98704e-06
2.22 -4.84128e-06 2.06204e-06
2.225 -4.99751e-06 2.13965e-06
2.23 -5.1583e-06 2.21996e-06
2.235 -5.32375e-06 2.30306e-06
2.24 -5.49399e-06 2.38902e-06
2.245 -5.66915e-06 2.47795e-06
2.25 -5.84934e-06 2.56993e-06
2.255 -6.03469e-06 2.66506e-06
2.26 -6.22534e-06 2.76345e-06
2.265 -6.42141e-06 2.86518e-06
2.27 -6.62305e-06 2.97037e-06
2.275 -6.83039e-06 3.07912e-06
2.28 -7.04358e-06 3.19154e-06
2.285 -7.26275e-06 3.30775e-06
2.29 -7.48806e-06 3.42786e-06
2.295 -7.71966e-06 3.55199e-06
2.3 -7.9577e-06 3.68027e-06
2.305 -8.20234e-06 3.81281e-06
2.31 -8.45374e-06 3.94975e-06
2.315 -8.71206e-06 4.09123e-06
2.32 -8.97747e-06 4.23738e-06
2.325 -9.25014e-06 4.38833e-06
2.33 -9.53024e-06 4.54424e-06
2.335 -9.81795e-06 4.70525e-06
2.34 -1.01135e-05 4.87151e-06
2.345 -1.04169e-05 5.04318e-06
2.35 -1.07286e-05 5.22042e-06
2.355 -1.10486e-05 5.4034e-06
2.36 -1.13771e-05 5.59228e-06
2.365 -1.17144e-05 5.78723e-06
2.37 -1.20607e-05 5.98844e-06
2.375 -1.24161e-05 6.19608e-06
2.38 -1.27809e-05 6.41035e-06
2.385 -1.31553e-05 6.63143e-06
2.39 -1.35394e-05 6.85952e-06
2.395 -1.39336e-05 7.09482e-06
2.4 -1.43381e-05 7.33755e-06
2.405 -1.4753e-05 7.5879e-06
2.41 -1.51787e-05 7.84611e-06
2.415 -1.56153e-05 8.11239e-06
2.42 -1.60631e-05 8.38698e-06
2.425 -1.65224e-05 8.6701e-06
2.43 -1.69934e-05 8.96201e-06
2.435 -1.74763e-05 9.26293e-06
2.44 -1.79715e-05 9.57314e-06
2.445 -1.84792e-05 9.89288e-06
2.45 -1.89996e-05 1.02224e-05
2.455 -1.95331e-05 1.05621e-05
2.46 -2.00799e-05 1.0912e-05
2.465 -2.06403e-05 1.12726e-05
2.47 -2.12146e-05 1.16442e-05
2.475 -2.18031e-05 1.2027e-05
2.48 -2.24061e-05 1.24213e-05
2.485 -2.30238e-05 1.28275e-05
2.49 -2.36567e-05 1.32458e-05
2.495 -2.43051e-05 1.36767e-05
2.5 -2.49692e-05 1.41204e-05
2.505 -2.56493e-05 1.45773e-05
2.51 -2.63459e-05 1.50477e-05
2.515 -2.70592e-05 1.55321e-05
2.52 -2.77896e-05 1.60307e-05
2.525 -2.85374e-05 1.6544e-05
2.53 -2.93031e-05 1.70723e-05
2.535 -3.00869e-05 1.76161e-05
2.54 -3.08892e-05 1.81757e-05
2.545 -3.17104e-05 1.87516e-05
2.55 -3.25508e-05 1.93442e-05
2.555 -3.34109e-05 1.99539e-05
2.56 -3.42911e-05 2.05812e-05
2.565 -3.51916e-05 2.12266e-05
2.57 -3.6113e-05 2.18904e-05
2.575 -3.70557e-05 2.25732e-05
2.58 -3.802e-05 2.32755e-05
2.585 -3.90063e-05 2.39978e-05
2.59 -4.00152e-05 2.47405e-05
2.595 -4.1047e-05 2.55043e-05
2.6 -4.21021e-05 2.62895e-05
2.605 -4.31811e-05 2.70969e-05
2.61 -4.42842e-05 2.79268e-05
2.615 -4.54122e-05 2.878e-05
2.62 -4.65652e-05 2.9657e-05
2.625 -4.7744e-05 3.05584e-05
2.63 -4.89488e-05 3.14847e-05
2.635 -5.01802e-05 3.24367e-05
2.64 -5.14387e-05 3.34149e-05
2.645 -5.27248e-05 3.442e-05
2.65 -5.4039e-05 3.54527e-05
2.655 -5.53818e-05 3.65136e-05
2.66 -5.67537e-05 3.76035e-05
2.665 -5.81552e-05 3.8723e-05
2.67 -5.95868e-05 3.98728e-05
2.675 -6.10492e-05 4.10538e-05
2.68 -6.25427e-05 4.22666e-05
2.685 -6.40681e-05 4.3512e-05
2.69 -6.56257e-05 4.47908e-05
2.695 -6.72163e-05 4.61038e-05
2.7 -6.88404e-05 4.74519e-05
2.705 -7.04984e-05 4.88358e-05
2.71 -7.21911e-05 5.02564e-05
2.715 -7.3919e-05 5.17146e-05
2.72 -7.56827e-05 5.32112e-05
2.725 -7.74829e-05 5.47472e-05
2.73 -7.932e-05 5.63235e-05
2.735 -8.11948e-05 5.79411e-05
2.74 -8.31078e-05 5.96008e-05
2.745 -8.50597e-05 6.13037e-05
2.75 -8.70511e-05 6.30508e-05
2.755 -8.90827e-05 6.4843e-05
2.76 -9.11552e-05 6.66816e-05
2.765 -9.32691e-05 6.85674e-05
2.77 -9.54251e-05 7.05016e-05
2.775 -9.7624e-05 7.24852e-05
2.78 -9.98663e-05 7.45195e-05
2.785 -0.000102153 7.66056e-05
2.79 -0.000104484 7.87445e-05
2.795 -0.000106861 8.09376e-05
2.8 -0.000109284 8.3186e-05
2.805 -0.000111755 8.5491e-05
2.81 -0.000114273 8.78538e-05
2.815 -0.000116839 9.02758e-05
2.82 -0.000119454 9.27582e-05
2.825 -0.00012212 9.53023e-05
2.83 -0.000124836 9.79096e-05
2.835 -0.000127603 0.000100581
2.84 -0.000130423 0.000103319
2.845 -0.000133295 0.000106124
2.85 -0.000136221 0.000108998
2.855 -0.000139202 0.000111942
2.86 -0.000142238 0.000114958
2.865 -0.00014533 0.000118048
2.87 -0.000148478 0.000121212
2.875 -0.000151684 0.000124453
2.88 -0.000154949 0.000127773
2.885 -0.000158273 0.000131172
2.89 -0.000161657 0.000134652
2.895 -0.000165102 0.000138216
2.9 -0.000168608 0.000141865
2.905 -0.000172177 0.000145601
2.91 -0.00017581 0.000149426
2.915 -0.000179506 0.000153341
2.92 -0.000183268 0.000157348
2.925 -0.000187095 0.00016145
2.93 -0.000190989 0.000165648
2.935 -0.000194951 0.000169944
2.94 -0.000198982 0.00017434
2.945 -0.000203081 0.000178839
2.95 -0.000207251 0.000183442
2.955 -0.000211492 0.000188152
2.96 -0.000215805 0.00019297
2.965 -0.000220191 0.000197899
2.97 -0.00022465 0.000202941
2.975 -0.000229184 0.000208099
2.98 -0.000233794 0.000213374
2.985 -0.00023848 0.00021877
2.99 -0.000243244 0.000224287
2.995 -0.000248085 0.00022993
3 -0.000253006 0.0002357
3.005 -0.000258007 0.000241599
3.01 -0.000263088 0.000247631
3.015 -0.000268252 0.000253798
3.02 -0.000273498 0.000260103
3.025 -0.000278828 0.000266548
3.03 -0.000284243 0.000273135
3.035 -0.000289743 0.000279869
3.04 -0.000295329 0.000286751
3.045 -0.000301003 0.000293784
3.05 -0.000306765 0.000300972
3.055 -0.000312616 0.000308316
3.06 -0.000318557 0.000315821
3.065 -0.000324589 0.000323489
3.07 -0.000330712 0.000331324
3.075 -0.000336929 0.000339327
3.08 -0.000343239 0.000347504
3.085 -0.000349644 0.000355856
3.09 -0.000356145 0.000364387
3.095 -0.000362741 0.000373101
3.1 -0.000369435 0.000382
3.105 -0.000376227 0.000391088
3.11 -0.000383118 0.000400369
3.115 -0.00039011 0.000409847
3.12 -0.000397201 0.000419524
3.125 -0.000404395 0.000429404
3.13 -0.000411691 0.000439491
3.135 -0.00041909 0.00044979
3.14 -0.000426594 0.000460302
3.145 -0.000434203 0.000471033
3.15 -0.000441918 0.000481987
3.155 -0.000449739 0.000493166
3.16 -0.000457668 0.000504576
3.165 -0.000465706 0.00051622
3.17 -0.000473853 0.000528103
3.175 -0.000482109 0.000540228
3.18 -0.000490477 0.0005526
3.185 -0.000498956 0.000565224
3.19 -0.000507548 0.000578102
3.195 -0.000516253 0.000591241
3.2 -0.000525071 0.000604644
3.205 -0.000534004 0.000618317
3.21 -0.000543053 0.000632262
3.215 -0.000552218 0.000646486
3.22 -0.000561499 0.000660993
3.225 -0.000570898 0.000675788
3.23 -0.000580415 0.000690875
3.235 -0.00059005 0.00070626
3.24 -0.000599805 0.000721948
3.245 -0.000609681 0.000737943
3.25 -0.000619676 0.00075425
3.255 -0.000629793 0.000770876
3.26 -0.000640032 0.000787825
3.265 -0.000650393 0.000805102
3.27 -0.000660877 0.000822713
3.275 -0.000671484 0.000840663
3.28 -0.000682215 0.000858958
3.285 -0.000693071 0.000877603
3.29 -0.000704051 0.000896605
3.295 -0.000715157 0.000915968
3.3 -0.000726388 0.000935699
3.305 -0.000737745 0.000955804
3.31 -0.000749229 0.000976287
3.315 -0.000760839 0.000997157
3.32 -0.000772577 0.00101842
3.325 -0.000784442 0.00104008
3.33 -0.000796434 0.00106214
3.335 -0.000808554 0.00108461
3.34 -0.000820802 0.0011075
3.345 -0.000833179 0.00113081
3.35 -0.000845684 0.00115456
3.355 -0.000858317 0.00117873
3.36 -0.000871078 0.00120336
3.365 -0.000883969 0.00122843
3.37 -0.000896988 0.00125396
3.375 -0.000910135 0.00127995
3.38 -0.000923411 0.00130641
3.385 -0.000936816 0.00133335
3.39 -0.000950349 0.00136077
3.395 -0.00096401 0.00138869
3.4 -0.000977799 0.00141711
3.405 -0.000991716 0.00144603
3.41 -0.00100576 0.00147547
3.415 -0.00101993 0.00150543
3.42 -0.00103423 0.00153592
3.425 -0.00104866 0.00156694
3.43 -0.00106321 0.00159851
3.435 -0.00107788 0.00163064
3.44 -0.00109269 0.00166332
3.445 -0.00110761 0.00169658
3.45 -0.00112266 0.00173041
3.455 -0.00113784 0.00176483
3.46 -0.00115313 0.00179984
3.465 -0.00116855 0.00183545
3.47 -0.00118409 0.00187168
3.475 -0.00119975 0.00190852
3.48 -0.00121553 0.00194599
3.485 -0.00123143 0.0019841
3.49 -0.00124744 0.00202285
3.495 -0.00126357 0.00206226
3.5 -0.00127982 0.00210234
3.505 -0.00129618 0.00214308
3.51 -0.00131265 0.00218451
3.515 -0.00132924 0.00222663
3.52 -0.00134593 0.00226945
3.525 -0.00136274 0.00231297
3.53 -0.00137965 0.00235722
3.535 -0.00139667 0.0024022
3.54 -0.00141379 0.00244792
3.545 -0.00143101 0.00249439
3.55 -0.00144834 0.00254161
3.555 -0.00146576 0.00258961
3.56 -0.00148329 0.00263838
3.565 -0.00150091 0.00268794
3.57 -0.00151862 0.0027383
3.575 -0.00153642 0.00278948
3.58 -0.00155432 0.00284147
3.585 -0.0015723 0.00289429
3.59 -0.00159037 0.00294796
3.595 -0.00160852 0.00300247
3.6 -0.00162675 0.00305785
3.605 -0.00164506 0.00311411
3.61 -0.00166344 0.00317125
3.615 -0.0016819 0.00322928
3.62 -0.00170043 0.00328823
3.625 -0.00171903 0.00334809
3.63 -0.00173769 0.00340888
3.635 -0.00175641 0.00347062
3.64 -0.00177519 0.00353331
3.645 -0.00179403 0.00359696
3.65 -0.00181292 0.00366159
3.655 -0.00183186 0.00372721
3.66 -0.00185085 0.00379383
3.665 -0.00186988 0.00386147
3.67 -0.00188895 0.00393013
3.675 -0.00190806 0.00399982
3.68 -0.0019272 0.00407057
3.685 -0.00194636 0.00414238
3.69 -0.00196555 0.00421526
3.695 -0.00198477 0.00428923
3.7 -0.002004 0.0043643
3.705 -0.00202324 0.00444049
3.71 -0.00204249 0.0045178
3.715 -0.00206174 0.00459624
3.72 -0.002081 0.00467585
3.725 -0.00210025 0.00475661
3.73 -0.00211949 0.00483856
3.735 -0.00213872 0.0049217
3.74 -0.00215793 0.00500604
3.745 -0.00217711 0.0050916
3.75 -0.00219627 0.0051784
3.755 -0.00221539 0.00526644
3.76 -0.00223448 0.00535574
3.765 -0.00225352 0.00544632
3.77 -0.00227251 0.00553819
3.775 -0.00229145 0.00563136
3.78 -0.00231032 0.00572585
3.785 -0.00232913 0.00582167
3.79 -0.00234787 0.00591883
3.795 -0.00236653 0.00601736
3.8 -0.00238511 0.00611726
3.805 -0.0024036 0.00621855
3.81 -0.00242199 0.00632125
3.815 -0.00244028 0.00642537
3.82 -0.00245846 0.00653092
3.825 -0.00247653 0.00663792
3.83 -0.00249447 0.00674639
3.835 -0.00251228 0.00685634
3.84 -0.00252996 0.00696779
3.845 -0.00254749 0.00708074
3.85 -0.00256488 0.00719523
3.855 -0.00258211 0.00731125
3.86 -0.00259917 0.00742884
3.865 -0.00261606 0.007548
3.87 -0.00263277 0.00766875
3.875 -0.0026493 0.00779111
3.88 -0.00266562 0.00791509
3.885 -0.00268175 0.00804071
3.89 -0.00269766 0.00816799
3.895 -0.00271336 0.00829694
3.9 -0.00272882 0.00842758
3.905 -0.00274405 0.00855992
3.91 -0.00275903 0.00869399
3.915 -0.00277376 0.00882979
3.92 -0.00278823 0.00896735
3.925 -0.00280243 0.00910668
3.93 -0.00281634 0.0092478
3.935 -0.00282997 0.00939073
3.94 -0.00284329 0.00953549
3.945 -0.00285631 0.00968208
3.95 -0.002869 0.00983054
3.955 -0.00288137 0.00998087
3.96 -0.0028934 0.0101331
3.965 -0.00290509 0.0102872
3.97 -0.00291641 0.0104433
3.975 -0.00292737 0.0106013
3.98 -0.00293795 0.0107613
3.985 -0.00294813 0.0109233
3.99 -0.00295792 0.0110872
3.995 -0.0029673 0.0112532
4 -0.00297625 0.0114213
4.005 -0.00298477 0.0115913
4.01 -0.00299285 0.0117635
4.015 -0.00300047 0.0119378
4.02 -0.00300762 0.0121141
4.025 -0.00301429 0.0122926
4.03 -0.00302048 0.0124733
4.035 -0.00302616 0.0126561
4.04 -0.00303133 0.0128411
4.045 -0.00303597 0.0130283
4.05 -0.00304007 0.0132178
4.055 -0.00304362 0.0134095
4.06 -0.0030466 0.0136035
4.065 -0.00304901 0.0137997
4.07 -0.00305083 0.0139983
4.075 -0.00305204 0.0141991
4.08 -0.00305264 0.0144024
4.085 -0.00305261 0.0146079
4.09 -0.00305194 0.0148159
4.095 -0.00305061 0.0150263
4.1 -0.00304862 0.0152391
4.105 -0.00304593 0.0154544
4.11 -0.00304256 0.0156721
4.115 -0.00303846 0.0158923
4.12 -0.00303365 0.016115
4.125 -0.00302809 0.0163402
4.13 -0.00302177 0.016568
4.135 -0.00301469 0.0167983
4.14 -0.00300682 0.0170313
4.145 -0.00299815 0.0172668
4.15 -0.00298867 0.017505
4.155 -0.00297836 0.0177459
4.16 -0.0029672 0.0179894
4.165 -0.00295518 0.0182356
4.17 -0.00294228 0.0184845
4.175 -0.0029285 0.0187362
4.18 -0.0029138 0.0189906
4.185 -0.00289818 0.0192478
4.19 -0.00288161 0.0195078
4.195 -0.00286409 0.0197706
4.2 -0.0028456 0.0200363
4.205 -0.00282611 0.0203048
4.21 -0.00280562 0.0205763
4.215 -0.00278411 0.0208506
4.22 -0.00276155 0.0211279
4.225 -0.00273793 0.0214082
4.23 -0.00271324 0.0216914
4.235 -0.00268745 0.0219776
4.24 -0.00266055 0.0222668
4.245 -0.00263253 0.0225591
4.25 -0.00260335 0.0228545
4.255 -0.00257302 0.023153
4.26 -0.00254149 0.0234546
4.265 -0.00250877 0.0237593
4.27 -0.00247482 0.0240672
4.275 -0.00243964 0.0243782
4.28 -0.0024032 0.0246925
4.285 -0.00236548 0.02501
4.29 -0.00232647 0.0253308
4.295 -0.00228614 0.0256548
4.3 -0.00224448 0.0259822
4.305 -0.00220147 0.0263129
4.31 -0.00215708 0.0266469
4.315 -0.0021113 0.0269843
4.32 -0.0020641 0.0273251
4.325 -0.00201547 0.0276694
4.33 -0.00196539 0.0280171
4.335 -0.00191384 0.0283682
4.34 -0.00186079 0.0287229
4.345 -0.00180623 0.0290811
4.35 -0.00175014 0.0294428
4.355 -0.00169248 0.0298081
4.36 -0.00163325 0.030177
4.365 -0.00157243 0.0305495
4.37 -0.00150998 0.0309257
4.375 -0.0014459 0.0313055
4.38 -0.00138015 0.031689
4.385 -0.00131272 0.0320763
4.39 -0.00124358 0.0324673
4.395 -0.00117271 0.0328621
4.4 -0.0011001 0.0332607
4.405 -0.00102572 0.0336631
4.41 -0.000949538 0.0340693
4.415 -0.000871543 0.0344795
4.42 -0.00079171 0.0348935
4.425 -0.000710016 0.0353115
4.43 -0.000626438 0.0357334
4.435 -0.000540953 0.0361594
4.44 -0.000453538 0.0365893
4.445 -0.000364169 0.0370232
4.45 -0.000272825 0.0374613
4.455 -0.00017948 0.0379034
4.46 -8.41121e-05 0.0383496
4.465 1.3303e-05 0.0388
4.47 0.000112789 0.0392546
4.475 0.00021437 0.0397133
4.48 0.000318069 0.0401763
4.485 0.000423912 0.0406436
4.49 0.000531922 0.0411151
4.495 0.000642123 0.041591
4.5 0.000754541 0.0420711
4.505 0.000869199 0.0425557
4.51 0.000986124 0.0430446
4.515 0.00110534 0.043538
4.52 0.00122687 0.0440358
4.525 0.00135074 0.0445382
4.53 0.00147698 0.045045
4.535 0.00160561 0.0455564
4.54 0.00173665 0.0460723
4.545 0.00187014 0.0465928
4.55 0.00200609 0.047118
4.555 0.00214454 0.0476478
4.56 0.00228551 0.0481823
4.565 0.00242903 0.0487216
4.57 0.00257512 0.0492656
4.575 0.00272381 0.0498143
4.58 0.00287512 0.0503679
4.585 0.00302908 0.0509263
4.59 0.00318573 0.0514896
4.595 0.00334507 0.0520578
4.6 0.00350715 0.0526309
4.605 0.00367199 0.053209
4.61 0.00383962 0.053792
4.615 0.00401006 0.0543801
4.62 0.00418334 0.0549733
4.625 0.00435948 0.0555716
4.63 0.00453853 0.0561749
4.635 0.0047205 0.0567834
4.64 0.00490541 0.0573972
4.645 0.00509331 0.0580161
4.65 0.00528422 0.0586403
4.655 0.00547816 0.0592697
4.66 0.00567517 0.0599045
4.665 0.00587527 0.0605446
4.67 0.00607849 0.0611901
4.675 0.00628485 0.061841
4.68 0.0064944 0.0624974
4.685 0.00670715 0.0631592
4.69 0.00692314 0.0638266
4.695 0.0071424 0.0644995
4.7 0.00736495 0.065178
4.705 0.00759082 0.0658621
4.71 0.00782004 0.0665519
4.715 0.00805265 0.0672473
4.72 0.00828867 0.0679485
4.725 0.00852813 0.0686554
4.73 0.00877106 0.0693681
4.735 0.0090175 0.0700867
4.74 0.00926746 0.0708111
4.745 0.00952099 0.0715414
4.75 0.00977811 0.0722776
4.755 0.0100388 0.0730198
4.76 0.0103032 0.073768
4.765 0.0105713 0.0745223
4.77 0.0108431 0.0752826
4.775 0.0111186 0.0760491
4.78 0.0113979 0.0768216
4.785 0.0116811 0.0776004
4.79 0.011968 0.0783854
4.795 0.0122588 0.0791767
4.8 0.0125536 0.0799743
4.805 0.0128522 0.0807782
4.81 0.0131548 0.0815885
4.815 0.0134614 0.0824052
4.82 0.0137721 0.0832284
4.825 0.0140868 0.084058
4.83 0.0144056 0.0848942
4.835 0.0147285 0.0857369
4.84 0.0150555 0.0865863
4.845 0.0153868 0.0874423
4.85 0.0157222 0.088305
4.855 0.016062 0.0891744
4.86 0.016406 0.0900506
4.865 0.0167543 0.0909336
4.87 0.0171069 0.0918234
4.875 0.017464 0.0927202
4.88 0.0178255 0.0936238
4.885 0.0181914 0.0945344
4.89 0.0185618 0.0954521
4.895 0.0189367 0.0963767
4.9 0.0193161 0.0973085
4.905 0.0197002 0.0982474
4.91 0.0200888 0.0991935
4.915 0.0204821 0.100147
4.92 0.0208801 0.101107
4.925 0.0212828 0.102075
4.93 0.0216902 0.10305
4.935 0.0221025 0.104033
4.94 0.0225195 0.105023
4.945 0.0229414 0.106021
4.95 0.0233682 0.107026
4.955 0.0237999 0.108038
4.96 0.0242366 0.109058
4.965 0.0246782 0.110086
4.97 0.0251249 0.111122
4.975 0.0255767 0.112165
4.98 0.0260335 0.113216
4.985 0.0264955 0.114275
4.99 0.0269626 0.115341
4.995 0.0274349 0.116416
5 0.0279125 0.117499
5.005 0.0283953 0.118589
5.01 0.0288835 0.119688
5.015 0.029377 0.120794
5.02 0.0298758 0.121909
5.025 0.0303801 0.123032
5.03 0.0308898 0.124164
5.035 0.031405 0.125303
5.04 0.0319258 0.126451
5.045 0.032452 0.127607
5.05 0.0329839 0.128772
5.055 0.0335214 0.129945
5.06 0.0340646 0.131127
5.065 0.0346135 0.132317
5.07 0.0351681 0.133516
5.075 0.0357285 0.134723
5.08 0.0362947 0.13594
5.085 0.0368668 0.137165
5.09 0.0374447 0.138398
5.095 0.0380286 0.139641
5.1 0.0386184 0.140892
5.105 0.0392142 0.142153
5.11 0.0398161 0.143422
5.115 0.040424 0.144701
5.12 0.041038 0.145988
5.125 0.0416582 0.147285
5.13 0.0422846 0.148591
5.135 0.0429172 0.149906
5.14 0.043556 0.15123
5.145 0.0442012 0.152564
5.15 0.0448527 0.153907
5.155 0.0455105 0.15526
5.16 0.0461748 0.156622
5.165 0.0468455 0.157994
5.17 0.0475227 0.159375
5.175 0.0482064 0.160766
5.18 0.0488967 0.162166
5.185 0.0495936 0.163577
5.19 0.0502971 0.164997
5.195 0.0510073 0.166427
5.2 0.0517243 0.167866
5.205 0.0524479 0.169316
5.21 0.0531784 0.170776
5.215 0.0539157 0.172246
5.22 0.0546599 0.173726
5.225 0.055411 0.175216
5.23 0.056169 0.176716
5.235 0.0569341 0.178227
5.24 0.0577061 0.179748
5.245 0.0584852 0.181279
5.25 0.0592714 0.182821
5.255 0.0600648 0.184373
5.26 0.0608654 0.185935
5.265 0.0616731 0.187509
5.27 0.0624882 0.189093
5.275 0.0633105 0.190687
5.28 0.0641402 0.192292
5.285 0.0649772 0.193908
5.29 0.0658217 0.195535
5.295 0.0666736 0.197173
5.3 0.067533 0.198822
5.305 0.0684 0.200482
5.31 0.0692745 0.202152
5.315 0.0701567 0.203834
5.32 0.0710465 0.205527
5.325 0.071944 0.207232
5.33 0.0728492 0.208947
5.335 0.0737622 0.210674
5.34 0.074683 0.212412
5.345 0.0756117 0.214162
5.35 0.0765483 0.215923
5.355 0.0774928 0.217696
5.36 0.0784452 0.21948
5.365 0.0794057 0.221276
5.37 0.0803742 0.223083
5.375 0.0813508 0.224903
5.38 0.0823356 0.226734
5.385 0.0833285 0.228577
5.39 0.0843296 0.230431
5.395 0.085339 0.232298
5.4 0.0863567 0.234177
5.405 0.0873827 0.236068
5.41 0.088417 0.237971
5.415 0.0894598 0.239886
5.42 0.090511 0.241813
5.425 0.0915707 0.243753
5.43 0.0926389 0.245705
5.435 0.0937156 0.247669
5.44 0.094801 0.249646
5.445 0.095895 0.251635
5.45 0.0969978 0.253637
5.455 0.0981092 0.255651
5.46 0.0992294 0.257679
5.465 0.100358 0.259718
5.47 0.101496 0.261771
5.475 0.102643 0.263836
5.48 0.103798 0.265914
5.485 0.104963 0.268005
5.49 0.106137 0.270109
5.495 0.107319 0.272226
5.5 0.108511 0.274356
5.505 0.109712 0.276499
5.51 0.110922 0.278655
5.515 0.112141 0.280825
5.52 0.113369 0.283008
5.525 0.114607 0.285204
5.53 0.115853 0.287413
5.535 0.11711 0.289636
5.54 0.118375 0.291872
5.545 0.11965 0.294122
5.55 0.120935 0.296385
5.555 0.122229 0.298662
5.56 0.123532 0.300953
5.565 0.124845 0.303257
5.57 0.126168 0.305575
5.575 0.1275 0.307907
5.58 0.128842 0.310252
5.585 0.130194 0.312612
5.59 0.131555 0.314986
5.595 0.132926 0.317373
5.6 0.134307 0.319775
5.605 0.135698 0.32219
5.61 0.137099 0.32462
5.615 0.13851 0.327064
5.62 0.13993 0.329522
5.625 0.141361 0.331994
5.63 0.142802 0.334481
5.635 0.144252 0.336982
5.64 0.145713 0.339498
5.645 0.147184 0.342027
5.65 0.148665 0.344572
5.655 0.150157 0.347131
5.66 0.151658 0.349704
5.665 0.15317 0.352292
5.67 0.154692 0.354895
5.675 0.156225 0.357513
5.68 0.157768 0.360145
5.685 0.159321 0.362792
5.69 0.160885 0.365453
5.695 0.162459 0.36813
5.7 0.164044 0.370822
5.705 0.165639 0.373528
5.71 0.167245 0.376249
5.715 0.168861 0.378986
5.72 0.170488 0.381737
5.725 0.172126 0.384504
5.73 0.173774 0.387286
5.735 0.175434 0.390083
5.74 0.177103 0.392895
5.745 0.178784 0.395722
5.75 0.180476 0.398564
5.755 0.182178 0.401422
5.76 0.183891 0.404296
5.765 0.185615 0.407184
5.77 0.18735 0.410088
5.775 0.189096 0.413007
5.78 0.190853 0.415942
5.785 0.192621 0.418893
5.79 0.1944 0.421858
5.795 0.19619 0.42484
5.8 0.197991 0.427837
5.805 0.199804 0.430849
5.81 0.201627 0.433878
5.815 0.203462 0.436921
5.82 0.205307 0.439981
5.825 0.207164 0.443056
5.83 0.209032 0.446147
5.835 0.210912 0.449254
5.84 0.212803 0.452377
5.845 0.214705 0.455515
5.85 0.216618 0.458669
5.855 0.218543 0.461839
5.86 0.220479 0.465025
5.865 0.222426 0.468227
5.87 0.224385 0.471444
5.875 0.226356 0.474678
5.88 0.228337 0.477928
5.885 0.230331 0.481193
5.89 0.232335 0.484475
5.895 0.234352 0.487772
5.9 0.236379 0.491086
5.905 0.238419 0.494415
5.91 0.24047 0.497761
5.915 0.242532 0.501122
5.92 0.244606 0.5045
5.925 0.246692 0.507894
5.93 0.248789 0.511304
5.935 0.250898 0.514729
5.94 0.253018 0.518171
5.945 0.255151 0.521629
5.95 0.257295 0.525104
5.955 0.25945 0.528594
5.96 0.261617 0.5321
5.965 0.263796 0.535623
5.97 0.265987 0.539161
5.975 0.26819 0.542716
5.98 0.270404 0.546287
5.985 0.27263 0.549874
5.99 0.274867 0.553477
5.995 0.277117 0.557096
6 0.279378 0.560732
6.005 0.281651 0.564383
6.01 0.283936 0.568051
6.015 0.286232 0.571734
6.02 0.28854 0.575434
6.025 0.290861 0.57915
6.03 0.293193 0.582881
6.035 0.295536 0.586629
6.04 0.297892 0.590393
6.045 0.300259 0.594173
6.05 0.302638 0.597969
6.055 0.305029 0.601781
6.06 0.307432 0.605609
6.065 0.309846 0.609453
6.07 0.312273 0.613313
6.075 0.314711 0.617188
6.08 0.317161 0.62108
6.085 0.319622 0.624987
6.09 0.322096 0.628911
6.095 0.324581 0.63285
6.1 0.327078 0.636805
6.105 0.329587 0.640776
6.11 0.332107 0.644762
6.115 0.334639 0.648765
6.12 0.337183 0.652783
6.125 0.339739 0.656816
6.13 0.342306 0.660865
6.135 0.344886 0.66493
6.14 0.347476 0.66901
6.145 0.350079 0.673106
6.15 0.352693 0.677218
6.155 0.355319 0.681344
6.16 0.357956 0.685486
6.165 0.360605 0.689644
6.17 0.363265 0.693817
6.175 0.365938 0.698005
6.18 0.368621 0.702208
6.185 0.371316 0.706426
6.19 0.374023 0.71066
6.195 0.376741 0.714908
6.2 0.379471 0.719172
6.205 0.382212 0.723451
6.21 0.384965 0.727744
6.215 0.387728 0.732052
6.22 0.390504 0.736375
6.225 0.39329 0.740713
6.23 0.396088 0.745066
6.235 0.398897 0.749433
6.24 0.401718 0.753814
6.245 0.404549 0.75821
6.25 0.407392 0.762621
6.255 0.410246 0.767046
6.26 0.413111 0.771485
6.265 0.415987 0.775938
6.27 0.418874 0.780405
6.275 0.421772 0.784887
6.28 0.424682 0.789382
6.285 0.427602 0.793891
6.29 0.430533 0.798414
6.295 0.433474 0.802951
6.3 0.436427 0.807502
6.305 0.43939 0.812066
6.31 0.442364 0.816643
6.315 0.445349 0.821234
6.32 0.448344 0.825838
6.325 0.45135 0.830456
6.33 0.454367 0.835086
6.335 0.457394 0.83973
6.34 0.460431 0.844386
6.345 0.463479 0.849055
6.35 0.466537 0.853737
6.355 0.469605 0.858432
6.36 0.472684 0.863139
6.365 0.475772 0.867859
6.37 0.478871 0.872591
6.375 0.48198 0.877335
6.38 0.485099 0.882091
6.385 0.488227 0.886859
6.39 0.491366 0.891639
6.395 0.494514 0.896431
6.4 0.497673 0.901234
6.405 0.50084 0.906049
6.41 0.504018 0.910875
6.415 0.507205 0.915713
6.42 0.510401 0.920562
6.425 0.513607 0.925422
6.43 0.516822 0.930292
6.435 0.520046 0.935174
6.44 0.52328 0.940066
6.445 0.526522 0.944969
6.45 0.529774 0.949882
6.455 0.533035 0.954805
6.46 0.536304 0.959738
6.465 0.539583 0.964681
6.47 0.54287 0.969635
6.475 0.546165 0.974597
6.48 0.549469 0.97957
6.485 0.552782 0.984551
6.49 0.556103 0.989542
6.495 0.559432 0.994542
6.5 0.56277 0.999551
6.505 0.566116 1.00457
6.51 0.569469 1.00959
6.515 0.572831 1.01463
6.52 0.5762 1.01967
6.525 0.579578 1.02472
6.53 0.582963 1.02978
6.535 0.586355 1.03485
6.54 0.589755 1.03992
6.545 0.593162 1.04501
6.55 0.596577 1.0501
6.555 0.599998 1.05519
6.56 0.603427 1.06029
6.565 0.606863 1.0654
6.57 0.610305 1.07052
6.575 0.613754 1.07564
6.58 0.61721 1.08077
6.585 0.620673 1.08591
6.59 0.624141 1.09105
6.595 0.627617 1.0962
6.6 0.631098 1.10135
6.605 0.634585 1.10651
6.61 0.638078 1.11167
6.615 0.641578 1.11683
6.62 0.645082 1.12201
6.625 0.648593 1.12718
6.63 0.652109 1.13236
6.635 0.65563 1.13755
6.64 0.659156 1.14274
6.645 0.662688 1.14793
6.65 0.666225 1.15312
6.655 0.669766 1.15832
6.66 0.673312 1.16352
6.665 0.676863 1.16873
6.67 0.680418 1.17393
6.675 0.683977 1.17914
6.68 0.687541 1.18435
6.685 0.691109 1.18957
6.69 0.69468 1.19478
6.695 0.698255 1.2
6.7 0.701834 1.20521
6.705 0.705417 1.21043
6.71 0.709003 1.21565
6.715 0.712592 1.22087
6.72 0.716184 1.22609
6.725 0.719778 1.23131
6.73 0.723376 1.23653
6.735 0.726976 1.24174
6.74 0.730579 1.24696
6.745 0.734184 1.25218
6.75 0.737791 1.25739
6.755 0.7414 1.26261
6.76 0.745011 1.26782
6.765 0.748624 1.27303
6.77 0.752238 1.27824
6.775 0.755854 1.28344
6.78 0.75947 1.28864
6.785 0.763088 1.29384
6.79 0.766706 1.29904
6.795 0.770326 1.30423
6.8 0.773945 1.30942
6.805 0.777565 1.3146
6.81 0.781186 1.31978
6.815 0.784806 1.32495
6.82 0.788426 1.33012
6.825 0.792046 1.33528
6.83 0.795665 1.34044
6.835 0.799283 1.34559
6.84 0.802901 1.35074
6.845 0.806518 1.35588
6.85 0.810133 1.36101
6.855 0.813747 1.36613
6.86 0.817359 1.37125
6.865 0.820969 1.37636
6.87 0.824578 1.38146
6.875 0.828184 1.38656
6.88 0.831788 1.39164
6.885 0.835389 1.39672
6.89 0.838988 1.40178
6.895 0.842584 1.40684
6.9 0.846176 1.41189
6.905 0.849765 1.41692
6.91 0.853351 1.42195
6.915 0.856933 1.42697
6.92 0.860511 1.43197
6.925 0.864084 1.43696
6.93 0.867654 1.44194
6.935 0.871219 1.44691
6.94 0.874779 1.45187
6.945 0.878334 1.45681
6.95 0.881884 1.46174
6.955 0.885428 1.46666
6.96 0.888967 1.47156
6.965 0.8925 1.47645
6.97 0.896027 1.48132
6.975 0.899548 1.48618
6.98 0.903062 1.49103
6.985 0.90657 1.49585
6.99 0.910071 1.50067
6.995 0.913564 1.50546
7 0.917051 1.51024
7.005 0.920529 1.51501
7.01 0.924 1.51975
7.015 0.927463 1.52448
7.02 0.930917 1.52919
7.025 0.934363 1.53388
7.03 0.937801 1.53855
7.035 0.941229 1.5432
7.04 0.944648 1.54784
7.045 0.948058 1.55245
7.05 0.951458 1.55704
7.055 0.954849 1.56162
7.06 0.958229 1.56617
7.065 0.961599 1.5707
7.07 0.964958 1.57521
7.075 0.968306 1.57969
7.08 0.971643 1.58416
7.085 0.974969 1.5886
7.09 0.978283 1.59302
7.095 0.981586 1.59741
7.1 0.984876 1.60178
7.105 0.988155 1.60612
7.11 0.99142 1.61045
7.115 0.994673 1.61474
7.12 0.997912 1.61901
7.125 1.00114 1.62325
7.13 1.00435 1.62747
7.135 1.00755 1.63166
7.14 1.01074 1.63582
7.145 1.01391 1.63996
7.15 1.01706 1.64407
7.155 1.0202 1.64815
7.16 1.02333 1.6522
7.165 1.02644 1.65622
7.17 1.02953 1.66021
7.175 1.03261 1.66417
7.18 1.03568 1.6681
7.185 1.03872 1.672
7.19 1.04175 1.67587
7.195 1.04476 1.67971
7.2 1.04776 1.68351
7.205 1.05074 1.68728
7.21 1.0537 1.69102
7.215 1.05664 1.69473
7.22 1.05956 1.6984
7.225 1.06247 1.70204
7.23 1.06536 1.70564
7.235 1.06822 1.70921
7.24 1.07107 1.71274
7.245 1.0739 1.71624
7.25 1.07671 1.7197
7.255 1.0795 1.72312
7.26 1.08226 1.72651
7.265 1.08501 1.72986
7.27 1.08773 1.73317
7.275 1.09044 1.73644
7.28 1.09312 1.73968
7.285 1.09578 1.74287
7.29 1.09842 1.74603
7.295 1.10104 1.74914
7.3 1.10363 1.75221
7.305 1.1062 1.75525
7.31 1.10875 1.75824
7.315 1.11127 1.76119
7.32 1.11377 1.76409
7.325 1.11624 1.76696
7.33 1.11869 1.76978
7.335 1.12112 1.77255
7.34 1.12352 1.77528
7.345 1.1259 1.77797
7.35 1.12825 1.78062
7.355 1.13057 1.78321
7.36 1.13287 1.78576
7.365 1.13514 1.78827
7.37 1.13738 1.79073
7.375 1.1396 1.79314
7.38 1.14179 1.7955
7.385 1.14395 1.79782
7.39 1.14608 1.80008
7.395 1.14819 1.8023
7.4 1.15027 1.80447
7.405 1.15231 1.80659
7.41 1.15433 1.80866
7.415 1.15632 1.81067
7.42 1.15828 1.81264
7.425 1.16021 1.81455
7.43 1.16211 1.81641
7.435 1.16398 1.81822
7.44 1.16582 1.81998
7.445 1.16762 1.82168
7.45 1.1694 1.82333
7.455 1.17114 1.82492
7.46 1.17285 1.82646
7.465 1.17453 1.82795
7.47 1.17618 1.82938
7.475 1.17779 1.83075
7.48 1.17937 1.83207
7.485 1.18091 1.83332
7.49 1.18243 1.83453
7.495 1.1839 1.83567
7.5 1.18535 1.83675
7.505 1.18675 1.83778
7.51 1.18813 1.83875
7.515 1.18947 1.83965
7.52 1.19077 1.8405
7.525 1.19203 1.84129
7.53 1.19326 1.84201
7.535 1.19446 1.84267
7.54 1.19561 1.84328
7.545 1.19673 1.84382
7.55 1.19781 1.84429
7.555 1.19886 1.84471
7.56 1.19986 1.84505
7.565 1.20083 1.84534
7.57 1.20176 1.84556
7.575 1.20265 1.84572
7.58 1.2035 1.84581
7.585 1.20431 1.84583
7.59 1.20508 1.84579
7.595 1.20581 1.84568
7.6 1.2065 1.84551
7.605 1.20715 1.84526
7.61 1.20775 1.84495
7.615 1.20832 1.84457
7.62 1.20885 1.84413
7.625 1.20933 1.84361
7.63 1.20977 1.84302
7.635 1.21017 1.84236
7.64 1.21052 1.84163
7.645 1.21084 1.84084
7.65 1.21111 1.83997
7.655 1.21133 1.83902
7.66 1.21151 1.83801
7.665 1.21165 1.83692
7.67 1.21174 1.83576
7.675 1.21179 1.83453
7.68 1.2118 1.83322
7.685 1.21175 1.83184
7.69 1.21167 1.83038
7.695 1.21153 1.82885
7.7 1.21135 1.82725
7.705 1.21113 1.82556
7.71 1.21085 1.8238
7.715 1.21053 1.82197
7.72 1.21016 1.82006
7.725 1.20975 1.81807
7.73 1.20929 1.816
7.735 1.20877 1.81385
7.74 1.20822 1.81163
7.745 1.20761 1.80932
7.75 1.20695 1.80694
7.755 1.20624 1.80448
7.76 1.20549 1.80194
7.765 1.20468 1.79931
7.77 1.20383 1.79661
7.775 1.20292 1.79382
7.78 1.20196 1.79096
7.785 1.20096 1.78801
7.79 1.1999 1.78498
7.795 1.19879 1.78186
7.8 1.19763 1.77867
7.805 1.19641 1.77539
7.81 1.19515 1.77202
7.815 1.19383 1.76857
7.82 1.19246 1.76504
7.825 1.19104 1.76142
7.83 1.18956 1.75772
7.835 1.18803 1.75393
7.84 1.18645 1.75006
7.845 1.18481 1.7461
7.85 1.18312 1.74205
7.855 1.18138 1.73792
7.86 1.17958 1.7337
7.865 1.17772 1.72939
7.87 1.17581 1.725
7.875 1.17385 1.72052
7.88 1.17183 1.71594
7.885 1.16975 1.71128
7.89 1.16762 1.70654
7.895 1.16544 1.7017
7.9 1.16319 1.69677
7.905 1.16089 1.69175
7.91 1.15853 1.68664
7.915 1.15612 1.68145
7.92 1.15365 1.67616
7.925 1.15112 1.67078
7.93 1.14853 1.66531
7.935 1.14589 1.65974
7.94 1.14319 1.65409
7.945 1.14042 1.64834
7.95 1.13761 1.64251
7.955 1.13473 1.63658
7.96 1.13179 1.63055
7.965 1.12879 1.62443
7.97 1.12574 1.61822
7.975 1.12263 1.61192
7.98 1.11945 1.60552
7.985 1.11622 1.59903
7.99 1.11292 1.59245
7.995 1.10957 1.58577
8 1.10616 1.57899
8.005 1.10268 1.57212
8.01 1.09915 1.56516
8.015 1.09555 1.5581
8.02 1.09189 1.55095
8.025 1.08817 1.54369
8.03 1.08439 1.53635
8.035 1.08055 1.52891
8.04 1.07665 1.52137
8.045 1.07269 1.51373
8.05 1.06866 1.506
8.055 1.06457 1.49817
8.06 1.06042 1.49025
8.065 1.05621 1.48223
8.07 1.05193 1.47411
8.075 1.04759 1.46589
8.08 1.04319 1.45757
8.085 1.03873 1.44916
8.09 1.0342 1.44065
8.095 1.02961 1.43205
8.1 1.02495 1.42334
8.105 1.02024 1.41454
8.11 1.01546 1.40564
8.115 1.01061 1.39664
8.12 1.00571 1.38754
8.125 1.00073 1.37834
8.13 0.995698 1.36904
8.135 0.990598 1.35965
8.14 0.985434 1.35016
8.145 0.980206 1.34056
8.15 0.974914 1.33087
8.155 0.969557 1.32108
8.16 0.964136 1.3112
8.165 0.95865 1.30121
8.17 0.953099 1.29112
8.175 0.947484 1.28093
8.18 0.941804 1.27065
8.185 0.936059 1.26026
8.19 0.93025 1.24978
8.195 0.924375 1.2392
8.2 0.918435 1.22851
8.205 0.912431 1.21773
8.21 0.906361 1.20685
8.215 0.900226 1.19587
8.22 0.894026 1.18479
8.225 0.887761 1.17361
8.23 0.88143 1.16233
8.235 0.875034 1.15095
8.24 0.868573 1.13948
8.245 0.862046 1.1279
8.25 0.855455 1.11623
8.255 0.848797 1.10445
8.26 0.842075 1.09258
8.265 0.835287 1.08061
8.27 0.828434 1.06853
8.275 0.821515 1.05636
8.28 0.814531 1.0441
8.285 0.807481 1.03173
8.29 0.800367 1.01926
8.295 0.793187 1.0067
8.3 0.785941 0.994037
8.305 0.778631 0.981277
8.31 0.771255 0.968418
8.315 0.763814 0.955462
8.32 0.756307 0.942408
8.325 0.748736 0.929256
8.33 0.7411 0.916007
8.335 0.733398 0.90266
8.34 0.725632 0.889216
8.345 0.7178 0.875676
8.35 0.709904 0.862038
8.355 0.701943 0.848304
8.36 0.693918 0.834473
8.365 0.685827 0.820547
8.37 0.677672 0.806524
8.375 0.669453 0.792405
8.38 0.661169 0.778191
8.385 0.652821 0.763881
8.39 0.644409 0.749476
8.395 0.635933 0.734976
8.4 0.627393 0.720382
8.405 0.618789 0.705693
8.41 0.610121 0.69091
8.415 0.601389 0.676034
8.42 0.592594 0.661063
8.425 0.583736 0.645999
8.43 0.574814 0.630843
8.435 0.56583 0.615593
8.44 0.556782 0.600251
8.445 0.547672 0.584817
8.45 0.538499 0.569291
8.455 0.529263 0.553674
8.46 0.519965 0.537965
8.465 0.510605 0.522166
8.47 0.501183 0.506276
8.475 0.491699 0.490297
8.48 0.482153 0.474227
8.485 0.472546 0.458068
8.49 0.462878 0.44182
8.495 0.453148 0.425483
8.5 0.443358 0.409058
8.505 0.433507 0.392546
8.51 0.423596 0.375946
8.515 0.413624 0.359258
8.52 0.403592 0.342485
8.525 0.393501 0.325625
8.53 0.383349 0.308679
8.535 0.373139 0.291648
8.54 0.362869 0.274532
8.545 0.35254 0.257332
8.55 0.342153 0.240048
8.555 0.331708 0.22268
8.56 0.321204 0.20523
8.565 0.310642 0.187697
8.57 0.300023 0.170082
8.575 0.289346 0.152385
8.58 0.278613 0.134608
8.585 0.267822 0.11675
8.59 0.256975 0.0988122
8.595 0.246072 0.0807949
8.6 0.235113 0.0626987
8.605 0.224098 0.0445243
8.61 0.213028 0.026272
8.615 0.201903 0.00794261
8.62 0.190723 -0.0104635
8.625 0.179489 -0.0289456
8.63 0.168201 -0.0475032
8.635 0.156859 -0.0661357
8.64 0.145464 -0.0848424
8.645 0.134016 -0.103623
8.65 0.122515 -0.122476
8.655 0.110961 -0.141402
8.66 0.0993557 -0.1604
8.665 0.0876986 -0.179469
8.67 0.0759902 -0.198608
8.675 0.0642309 -0.217818
8.68 0.052421 -0.237096
8.685 0.040561 -0.256443
8.69 0.0286511 -0.275858
8.695 0.0166919 -0.29534
8.7 0.00468366 -0.314889
8.705 -0.00737321 -0.334503
8.71 -0.0194783 -0.354183
8.715 -0.0316312 -0.373927
8.72 -0.0438315 -0.393735
8.725 -0.0560787 -0.413605
8.73 -0.0683726 -0.433538
8.735 -0.0807125 -0.453532
8.74 -0.0930982 -0.473587
8.745 -0.105529 -0.493702
8.75 -0.118005 -0.513876
8.755 -0.130525 -0.534109
8.76 -0.143089 -0.554399
8.765 -0.155697 -0.574746
8.77 -0.168347 -0.595149
8.775 -0.18104 -0.615607
8.78 -0.193775 -0.63612
8.785 -0.206552 -0.656687
8.79 -0.21937 -0.677306
8.795 -0.232229 -0.697977
8.8 -0.245127 -0.7187
8.805 -0.258066 -0.739472
8.81 -0.271043 -0.760295
8.815 -0.28406 -0.781166
8.82 -0.297114 -0.802084
8.825 -0.310206 -0.82305
8.83 -0.323335 -0.844061
8.835 -0.336501 -0.865118
8.84 -0.349702 -0.886219
8.845 -0.36294 -0.907363
8.85 -0.376212 -0.928549
8.855 -0.389519 -0.949778
8.86 -0.402859 -0.971046
8.865 -0.416233 -0.992355
8.87 -0.42964 -1.0137
8.875 -0.443079 -1.03509
8.88 -0.45655 -1.05651
8.885 -0.470052 -1.07797
8.89 -0.483584 -1.09946
8.895 -0.497147 -1.12098
8.9 -0.510739 -1.14254
8.905 -0.524359 -1.16414
8.91 -0.538008 -1.18576
8.915 -0.551684 -1.20741
8.92 -0.565388 -1.22909
8.925 -0.579117 -1.2508
8.93 -0.592873 -1.27254
8.935 -0.606654 -1.2943
8.94 -0.620459 -1.31609
8.945 -0.634288 -1.3379
8.95 -0.648141 -1.35973
8.955 -0.662016 -1.38159
8.96 -0.675914 -1.40346
8.965 -0.689832 -1.42536
8.97 -0.703772 -1.44728
8.975 -0.717732 -1.46921
8.98 -0.731711 -1.49116
8.985 -0.745709 -1.51312
8.99 -0.759725 -1.5351
8.995 -0.773758 -1.55709
9 -0.787809 -1.5791
9.005 -0.801875 -1.60111
9.01 -0.815957 -1.62314
9.015 -0.830054 -1.64517
9.02 -0.844165 -1.66722
9.025 -0.858289 -1.68927
9.03 -0.872426 -1.71132
9.035 -0.886576 -1.73338
9.04 -0.900736 -1.75544
9.045 -0.914907 -1.7775
9.05 -0.929088 -1.79957
9.055 -0.943278 -1.82163
9.06 -0.957477 -1.84369
9.065 -0.971683 -1.86576
9.07 -0.985897 -1.88781
9.075 -1.00012 -1.90986
9.08 -1.01434 -1.93191
9.085 -1.02857 -1.95395
9.09 -1.04281 -1.97598
9.095 -1.05704 -1.998
9.1 -1.07129 -2.02
9.105 -1.08553 -2.042
9.11 -1.09977 -2.06398
9.115 -1.11402 -2.08595
9.12 -1.12826 -2.10791
9.125 -1.1425 -2.12984
9.13 -1.15674 -2.15176
9.135 -1.17098 -2.17366
9.14 -1.18521 -2.19554
9.145 -1.19944 -2.21739
9.15 -1.21367 -2.23922
9.155 -1.22789 -2.26103
9.16 -1.2421 -2.28281
9.165 -1.25631 -2.30457
9.17 -1.27051 -2.3263
9.175 -1.28469 -2.34799
9.18 -1.29887 -2.36966
9.185 -1.31304 -2.3913
9.19 -1.3272 -2.4129
9.195 -1.34134 -2.43446
9.2 -1.35548 -2.45599
9.205 -1.3696 -2.47749
9.21 -1.3837 -2.49894
9.215 -1.39779 -2.52036
9.22 -1.41186 -2.54173
9.225 -1.42592 -2.56307
9.23 -1.43996 -2.58436
9.235 -1.45397 -2.6056
9.24 -1.46797 -2.6268
9.245 -1.48195 -2.64795
9.25 -1.49591 -2.66905
9.255 -1.50985 -2.6901
9.26 -1.52376 -2.7111
9.265 -1.53765 -2.73204
9.27 -1.55152 -2.75294
9.275 -1.56536 -2.77377
9.28 -1.57918 -2.79455
9.285 -1.59296 -2.81528
9.29 -1.60672 -2.83594
9.295 -1.62045 -2.85654
9.3 -1.63416 -2.87708
9.305 -1.64783 -2.89756
9.31 -1.66147 -2.91797
9.315 -1.67508 -2.93831
9.32 -1.68865 -2.95859
9.325 -1.70219 -2.9788
9.33 -1.7157 -2.99894
9.335 -1.72917 -3.01901
9.34 -1.74261 -3.039
9.345 -1.75601 -3.05892
9.35 -1.76937 -3.07877
9.355 -1.78269 -3.09853
9.36 -1.79597 -3.11822
9.365 -1.80921 -3.13783
9.37 -1.82241 -3.15736
9.375 -1.83557 -3.17681
9.38 -1.84868 -3.19617
9.385 -1.86175 -3.21545
9.39 -1.87477 -3.23464
9.395 -1.88775 -3.25375
9.4 -1.90069 -3.27276
9.405 -1.91357 -3.29169
9.41 -1.92641 -3.31052
9.415 -1.93919 -3.32926
9.42 -1.95193 -3.3479
9.425 -1.96462 -3.36645
9.43 -1.97725 -3.38491
9.435 -1.98983 -3.40326
9.44 -2.00236 -3.42152
9.445 -2.01483 -3.43967
9.45 -2.02725 -3.45772
9.455 -2.03961 -3.47567
9.46 -2.05191 -3.49351
9.465 -2.06416 -3.51124
9.47 -2.07634 -3.52887
9.475 -2.08847 -3.54639
9.48 -2.10053 -3.56379
9.485 -2.11254 -3.58109
9.49 -2.12448 -3.59827
9.495 -2.13636 -3.61534
9.5 -2.14817 -3.63229
9.505 -2.15992 -3.64912
9.51 -2.17161 -3.66584
9.515 -2.18322 -3.68243
9.52 -2.19477 -3.69891
9.525 -2.20625 -3.71526
9.53 -2.21766 -3.73149
9.535 -2.229 -3.74759
9.54 -2.24027 -3.76357
9.545 -2.25147 -3.77942
9.55 -2.2626 -3.79514
9.555 -2.27365 -3.81073
9.56 -2.28462 -3.82618
9.565 -2.29552 -3.84151
9.57 -2.30635 -3.8567
9.575 -2.3171 -3.87175
9.58 -2.32777 -3.88667
9.585 -2.33836 -3.90145
9.59 -2.34887 -3.91609
9.595 -2.3593 -3.93059
9.6 -2.36965 -3.94495
9.605 -2.37991 -3.95916
9.61 -2.3901 -3.97323
9.615 -2.4002 -3.98716
9.62 -2.41021 -4.00093
9.625 -2.42014 -4.01456
9.63 -2.42999 -4.02804
9.635 -2.43974 -4.04137
9.64 -2.44941 -4.05455
9.645 -2.45899 -4.06757
9.65 -2.46848 -4.08044
9.655 -2.47788 -4.09315
9.66 -2.48718 -4.10571
9.665 -2.4964 -4.11811
9.67 -2.50552 -4.13035
9.675 -2.51455 -4.14242
9.68 -2.52348 -4.15434
9.685 -2.53232 -4.1661
9.69 -2.54106 -4.17769
9.695 -2.54971 -4.18911
9.7 -2.55825 -4.20037
9.705 -2.5667 -4.21146
9.71 -2.57505 -4.22238
9.715 -2.5833 -4.23314
9.72 -2.59145 -4.24372
9.725 -2.59949 -4.25413
9.73 -2.60744 -4.26436
9.735 -2.61528 -4.27442
9.74 -2.62301 -4.28431
9.745 -2.63064 -4.29402
9.75 -2.63817 -4.30355
9.755 -2.64559 -4.31291
9.76 -2.6529 -4.32208
9.765 -2.6601 -4.33107
9.77 -2.6672 -4.33988
9.775 -2.67419 -4.34851
9.78 -2.68106 -4.35695
9.785 -2.68783 -4.36521
9.79 -2.69448 -4.37329
9.795 -2.70102 -4.38117
9.8 -2.70745 -4.38887
9.805 -2.71377 -4.39637
9.81 -2.71997 -4.40369
9.815 -2.72606 -4.41082
9.82 -2.73203 -4.41775
9.825 -2.73788 -4.42449
9.83 -2.74362 -4.43104
9.835 -2.74923 -4.43739
9.84 -2.75473 -4.44354
9.845 -2.76012 -4.4495
9.85 -2.76538 -4.45526
9.855 -2.77052 -4.46082
9.86 -2.77554 -4.46618
9.865 -2.78043 -4.47134
9.87 -2.78521 -4.4763
9.875 -2.78986 -4.48105
9.88 -2.79439 -4.48561
9.885 -2.79879 -4.48995
9.89 -2.80307 -4.4941
9.895 -2.80723 -4.49803
9.9 -2.81126 -4.50176
9.905 -2.81516 -4.50529
9.91 -2.81893 -4.5086
9.915 -2.82257 -4.51171
9.92 -2.82609 -4.5146
9.925 -2.82948 -4.51728
9.93 -2.83274 -4.51976
9.935 -2.83586 -4.52202
9.94 -2.83886 -4.52406
9.945 -2.84173 -4.5259
9.95 -2.84446 -4.52751
9.955 -2.84706 -4.52892
9.96 -2.84953 -4.5301
9.965 -2.85186 -4.53107
9.97 -2.85406 -4.53183
9.975 -2.85613 -4.53236
9.98 -2.85806 -4.53268
9.985 -2.85985 -4.53277
9.99 -2.86151 -4.53265
9.995 -2.86303 -4.53231
10 -2.86442 -4.53174
10.005 -2.86567 -4.53095
10.01 -2.86678 -4.52994
10.015 -2.86775 -4.52871
10.02 -2.86858 -4.52725
10.025 -2.86927 -4.52557
10.03 -2.86983 -4.52367
10.035 -2.87024 -4.52154
10.04 -2.87051 -4.51918
10.045 -2.87065 -4.5166
10.05 -2.87064 -4.51379
10.055 -2.87048 -4.51076
10.06 -2.87019 -4.50749
10.065 -2.86975 -4.504
10.07 -2.86918 -4.50028
10.075 -2.86845 -4.49633
10.08 -2.86759 -4.49215
10.085 -2.86658 -4.48775
10.09 -2.86542 -4.48311
10.095 -2.86412 -4.47824
10.1 -2.86268 -4.47314
10.105 -2.86109 -4.46781
10.11 -2.85935 -4.46225
10.115 -2.85747 -4.45645
10.12 -2.85545 -4.45043
10.125 -2.85327 -4.44417
10.13 -2.85095 -4.43768
10.135 -2.84848 -4.43095
10.14 -2.84587 -4.424
10.145 -2.84311 -4.41681
10.15 -2.8402 -4.40938
10.155 -2.83714 -4.40173
10.16 -2.83393 -4.39384
10.165 -2.83058 -4.38571
10.17 -2.82708 -4.37735
10.175 -2.82342 -4.36876
10.18 -2.81962 -4.35993
10.185 -2.81567 -4.35087
10.19 -2.81157 -4.34157
10.195 -2.80733 -4.33204
10.2 -2.80293 -4.32227
10.205 -2.79838 -4.31227
10.21 -2.79368 -4.30203
10.215 -2.78883 -4.29156
10.22 -2.78384 -4.28085
10.225 -2.77869 -4.26991
10.23 -2.77339 -4.25873
10.235 -2.76794 -4.24732
10.24 -2.76234 -4.23568
10.245 -2.75659 -4.22379
10.25 -2.75069 -4.21168
10.255 -2.74464 -4.19933
10.26 -2.73844 -4.18674
10.265 -2.73209 -4.17393
10.27 -2.72559 -4.16087
10.275 -2.71893 -4.14759
10.28 -2.71213 -4.13407
10.285 -2.70517 -4.12031
10.29 -2.69807 -4.10633
10.295 -2.69081 -4.09211
10.3 -2.68341 -4.07765
10.305 -2.67585 -4.06297
10.31 -2.66814 -4.04805
10.315 -2.66029 -4.0329
10.32 -2.65228 -4.01752
10.325 -2.64412 -4.00191
10.33 -2.63582 -3.98606
10.335 -2.62736 -3.96999
10.34 -2.61875 -3.95368
10.345 -2.61 -3.93715
10.35 -2.60109 -3.92039
10.355 -2.59203 -3.90339
10.36 -2.58283 -3.88617
10.365 -2.57348 -3.86872
10.37 -2.56398 -3.85105
10.375 -2.55433 -3.83314
10.38 -2.54453 -3.81501
10.385 -2.53458 -3.79666
10.39 -2.52449 -3.77807
10.395 -2.51424 -3.75927
10.4 -2.50385 -3.74024
10.405 -2.49332 -3.72098
10.41 -2.48263 -3.7015
10.415 -2.4718 -3.6818
10.42 -2.46083 -3.66188
10.425 -2.44971 -3.64173
10.43 -2.43844 -3.62137
10.435 -2.42702 -3.60079
10.44 -2.41547 -3.57998
10.445 -2.40376 -3.55896
10.45 -2.39192 -3.53772
10.455 -2.37993 -3.51626
10.46 -2.36779 -3.49459
10.465 -2.35552 -3.4727
10.47 -2.3431 -3.4506
10.475 -2.33053 -3.42828
10.48 -2.31783 -3.40575
10.485 -2.30498 -3.38301
10.49 -2.292 -3.36006
10.495 -2.27887 -3.3369
10.5 -2.2656 -3.31352
10.505 -2.2522 -3.28994
10.51 -2.23865 -3.26615
10.515 -2.22497 -3.24216
10.52 -2.21115 -3.21796
10.525 -2.19719 -3.19355
10.53 -2.18309 -3.16895
10.535 -2.16886 -3.14413
10.54 -2.15449 -3.11912
10.545 -2.13998 -3.09391
10.55 -2.12534 -3.0685
10.555 -2.11057 -3.04289
10.56 -2.09566 -3.01708
10.565 -2.08062 -2.99107
10.57 -2.06545 -2.96488
10.575 -2.05015 -2.93848
10.58 -2.03471 -2.9119
10.585 -2.01915 -2.88512
10.59 -2.00345 -2.85815
10.595 -1.98763 -2.831
10.6 -1.97167 -2.80365
10.605 -1.95559 -2.77612
10.61 -1.93938 -2.74841
10.615 -1.92305 -2.72051
10.62 -1.90659 -2.69243
10.625 -1.89 -2.66417
10.63 -1.8733 -2.63572
10.635 -1.85646 -2.6071
10.64 -1.83951 -2.5783
10.645 -1.82243 -2.54933
10.65 -1.80523 -2.52018
10.655 -1.78791 -2.49085
10.66 -1.77048 -2.46136
10.665 -1.75292 -2.43169
10.67 -1.73524 -2.40186
10.675 -1.71745 -2.37186
10.68 -1.69954 -2.34169
10.685 -1.68152 -2.31136
10.69 -1.66338 -2.28087
10.695 -1.64513 -2.25021
10.7 -1.62677 -2.2194
10.705 -1.60829 -2.18842
10.71 -1.58971 -2.15729
10.715 -1.57101 -2.12601
10.72 -1.5522 -2.09457
10.725 -1.53329 -2.06298
10.73 -1.51427 -2.03124
10.735 -1.49514 -1.99935
10.74 -1.47591 -1.96731
10.745 -1.45657 -1.93513
10.75 -1.43713 -1.90281
10.755 -1.41759 -1.87034
10.76 -1.39794 -1.83774
10.765 -1.3782 -1.80499
10.77 -1.35835 -1.77211
10.775 -1.33841 -1.73909
10.78 -1.31837 -1.70594
10.785 -1.29824 -1.67266
10.79 -1.27801 -1.63925
10.795 -1.25768 -1.60571
10.8 -1.23726 -1.57205
10.805 -1.21675 -1.53826
10.81 -1.19615 -1.50435
10.815 -1.17546 -1.47032
10.82 -1.15468 -1.43617
10.825 -1.13382 -1.40191
10.83 -1.11287 -1.36753
10.835 -1.09183 -1.33303
10.84 -1.07071 -1.29843
10.845 -1.0495 -1.26372
10.85 -1.02821 -1.2289
10.855 -1.00685 -1.19398
10.86 -0.9854 -1.15895
10.865 -0.963875 -1.12382
10.87 -0.942273 -1.08859
10.875 -0.920595 -1.05327
10.88 -0.898843 -1.01785
10.885 -0.877017 -0.98234
10.89 -0.85512 -0.946738
10.895 -0.833151 -0.911047
10.9 -0.811112 -0.87527
10.905 -0.789006 -0.839407
10.91 -0.766832 -0.803463
10.915 -0.744592 -0.767437
10.92 -0.722287 -0.731334
10.925 -0.69992 -0.695155
10.93 -0.67749 -0.658901
10.935 -0.654999 -0.622576
10.94 -0.63245 -0.586181
10.945 -0.609842 -0.549718
10.95 -0.587177 -0.51319
10.955 -0.564457 -0.476599
10.96 -0.541682 -0.439947
10.965 -0.518855 -0.403236
10.97 -0.495977 -0.366469
10.975 -0.473048 -0.329647
10.98 -0.450071 -0.292773
10.985 -0.427046 -0.25585
10.99 -0.403975 -0.218878
10.995 -0.38086 -0.181862
11 -0.357702 -0.144802
11.005 -0.334502 -0.107702
11.01 -0.311261 -0.0705632
11.015 -0.287982 -0.0333882
11.02 -0.264664 0.00382072
11.025 -0.241311 0.0410612
11.03 -0.217923 0.078331
11.035 -0.194502 0.115628
11.04 -0.171049 0.152949
11.045 -0.147565 0.190293
11.05 -0.124053 0.227656
11.055 -0.100513 0.265037
11.06 -0.0769468 0.302434
11.065 -0.0533562 0.339843
11.07 -0.0297424 0.377262
11.075 -0.00610705 0.41469
11.08 0.0175485 0.452123
11.085 0.0412227 0.48956
11.09 0.0649142 0.526997
11.095 0.0886213 0.564434
11.1 0.112343 0.601866
11.105 0.136077 0.639292
11.11 0.159822 0.676709
11.115 0.183577 0.714115
11.12 0.20734 0.751507
11.125 0.231109 0.788883
11.13 0.254884 0.826241
11.135 0.278663 0.863578
11.14 0.302443 0.900892
11.145 0.326224 0.93818
11.15 0.350004 0.975439
11.155 0.373781 1.01267
11.16 0.397555 1.04986
11.165 0.421322 1.08702
11.17 0.445083 1.12415
11.175 0.468835 1.16123
11.18 0.492576 1.19827
11.185 0.516306 1.23526
11.19 0.540022 1.2722
11.195 0.563723 1.3091
11.2 0.587407 1.34594
11.205 0.611074 1.38272
11.21 0.634721 1.41945
11.215 0.658346 1.45612
11.22 0.681949 1.49272
11.225 0.705527 1.52926
11.23 0.729079 1.56573
11.235 0.752603 1.60213
11.24 0.776099 1.63846
11.245 0.799563 1.67471
11.25 0.822996 1.71089
11.255 0.846394 1.74698
11.26 0.869757 1.78299
11.265 0.893082 1.81892
11.27 0.916369 1.85476
11.275 0.939616 1.89051
11.28 0.962821 1.92616
11.285 0.985982 1.96172
11.29 1.0091 1.99718
11.295 1.03217 2.03254
11.3 1.05519 2.0678
11.305 1.07816 2.10296
11.31 1.10108 2.138
11.315 1.12395 2.17294
11.32 1.14676 2.20776
11.325 1.16952 2.24247
11.33 1.19221 2.27706
11.335 1.21485 2.31153
11.34 1.23743 2.34587
11.345 1.25995 2.3801
11.35 1.2824 2.41419
11.355 1.30478 2.44816
11.36 1.3271 2.48199
11.365 1.34935 2.51569
11.37 1.37153 2.54925
11.375 1.39364 2.58267
11.38 1.41567 2.61594
11.385 1.43763 2.64908
11.39 1.45951 2.68206
11.395 1.48131 2.7149
11.4 1.50303 2.74759
11.405 1.52467 2.78012
11.41 1.54623 2.81249
11.415 1.5677 2.84471
11.42 1.58909 2.87676
11.425 1.61039 2.90865
11.43 1.6316 2.94038
11.435 1.65272 2.97193
11.44 1.67374 3.00332
11.445 1.69468 3.03453
11.45 1.71551 3.06556
11.455 1.73625 3.09642
11.46 1.75689 3.1271
11.465 1.77744 3.15759
11.47 1.79788 3.1879
11.475 1.81821 3.21803
11.48 1.83844 3.24796
11.485 1.85857 3.2777
11.49 1.87859 3.30725
11.495 1.89849 3.3366
11.5 1.91829 3.36575
11.505 1.93798 3.3947
11.51 1.95755 3.42345
11.515 1.97701 3.45199
11.52 1.99635 3.48033
11.525 2.01557 3.50846
11.53 2.03467 3.53637
11.535 2.05365 3.56407
11.54 2.07251 3.59155
11.545 2.09125 3.61882
11.55 2.10986 3.64586
11.555 2.12834 3.67268
11.56 2.14669 3.69928
11.565 2.16492 3.72565
11.57 2.18301 3.75179
11.575 2.20097 3.7777
11.58 2.2188 3.80338
11.585 2.23649 3.82882
11.59 2.25404 3.85402
11.595 2.27146 3.87898
11.6 2.28874 3.9037
11.605 2.30587 3.92818
11.61 2.32287 3.95242
11.615 2.33972 3.9764
11.62 2.35642 4.00014
11.625 2.37298 4.02362
11.63 2.38939 4.04685
11.635 2.40566 4.06983
11.64 2.42177 4.09255
11.645 2.43773 4.11501
11.65 2.45354 4.13721
11.655 2.46919 4.15914
11.66 2.48469 4.18081
11.665 2.50003 4.20222
11.67 2.51522 4.22335
11.675 2.53024 4.24422
11.68 2.54511 4.26481
11.685 2.55981 4.28513
11.69 2.57435 4.30517
11.695 2.58872 4.32494
11.7 2.60293 4.34443
11.705 2.61698 4.36363
11.71 2.63085 4.38256
11.715 2.64456 4.4012
11.72 2.6581 4.41955
11.725 2.67146 4.43762
11.73 2.68465 4.4554
11.735 2.69767 4.47289
11.74 2.71052 4.49008
11.745 2.72319 4.50698
11.75 2.73568 4.52359
11.755 2.74799 4.5399
11.76 2.76013 4.55591
11.765 2.77208 4.57162
11.77 2.78386 4.58703
11.775 2.79545 4.60213
11.78 2.80686 4.61693
11.785 2.81808 4.63143
11.79 2.82912 4.64562
11.795 2.83997 4.6595
11.8 2.85064 4.67307
11.805 2.86112 4.68633
11.81 2.8714 4.69928
11.815 2.8815 4.71191
11.82 2.89141 4.72423
11.825 2.90112 4.73623
11.83 2.91064 4.74792
11.835 2.91997 4.75929
11.84 2.9291 4.77033
11.845 2.93804 4.78106
11.85 2.94678 4.79146
11.855 2.95532 4.80154
11.86 2.96367 4.81129
11.865 2.97181 4.82072
11.87 2.97976 4.82983
11.875 2.9875 4.8386
11.88 2.99504 4.84705
11.885 3.00239 4.85516
11.89 3.00952 4.86295
11.895 3.01646 4.87041
11.9 3.02319 4.87753
11.905 3.02971 4.88432
11.91 3.03603 4.89077
11.915 3.04214 4.89689
11.92 3.04805 4.90267
11.925 3.05374 4.90812
11.93 3.05923 4.91323
11.935 3.06451 4.918
11.94 3.06958 4.92243
11.945 3.07443 4.92652
11.95 3.07908 4.93027
11.955 3.08352 4.93368
11.96 3.08774 4.93675
11.965 3.09175 4.93948
11.97 3.09555 4.94186
11.975 3.09913 4.9439
11.98 3.1025 4.94559
11.985 3.10565 4.94694
11.99 3.10859 4.94795
11.995 3.11131 4.94861
12 3.11382 4.94892
12.005 3.11611 4.94889
12.01 3.11818 4.94851
12.015 3.12004 4.94778
12.02 3.12167 4.9467
12.025 3.12309 4.94528
12.03 3.12429 4.94351
12.035 3.12527 4.94139
12.04 3.12604 4.93892
12.045 3.12658 4.9361
12.05 3.1269 4.93294
12.055 3.127 4.92942
12.06 3.12689 4.92555
12.065 3.12655 4.92134
12.07 3.12599 4.91677
12.075 3.12521 4.91186
12.08 3.12421 4.90659
12.085 3.12298 4.90098
12.09 3.12154 4.89501
12.095 3.11987 4.8887
12.1 3.11798 4.88204
12.105 3.11587 4.87502
12.11 3.11354 4.86766
12.115 3.11099 4.85995
12.12 3.10821 4.85188
12.125 3.10521 4.84347
12.13 3.10199 4.83471
12.135 3.09855 4.8256
12.14 3.09488 4.81615
12.145 3.09099 4.80634
12.15 3.08688 4.79619
12.155 3.08255 4.78569
12.16 3.07799 4.77485
12.165 3.07322 4.76365
12.17 3.06822 4.75211
12.175 3.063 4.74023
12.18 3.05756 4.728
12.185 3.05189 4.71542
12.19 3.04601 4.70251
12.195 3.0399 4.68924
12.2 3.03358 4.67564
12.205 3.02703 4.66169
12.21 3.02026 4.6474
12.215 3.01327 4.63277
12.22 3.00606 4.6178
12.225 2.99863 4.60249
12.23 2.99099 4.58685
12.235 2.98312 4.57086
12.24 2.97504 4.55454
12.245 2.96673 4.53788
12.25 2.95821 4.52088
12.255 2.94947 4.50355
12.26 2.94052 4.48589
12.265 2.93134 4.46789
12.27 2.92195 4.44956
12.275 2.91235 4.4309
12.28 2.90253 4.41191
12.285 2.89249 4.3926
12.29 2.88224 4.37295
12.295 2.87178 4.35298
12.3 2.8611 4.33268
12.305 2.85021 4.31206
12.31 2.83911 4.29111
12.315 2.8278 4.26985
12.32 2.81627 4.24826
12.325 2.80454 4.22635
12.33 2.7926 4.20413
12.335 2.78044 4.18159
12.34 2.76808 4.15873
12.345 2.75551 4.13556
12.35 2.74274 4.11208
12.355 2.72976 4.08828
12.36 2.71657 4.06418
12.365 2.70318 4.03976
12.37 2.68958 4.01504
12.375 2.67578 3.99002
12.38 2.66178 3.96469
12.385 2.64758 3.93906
12.39 2.63318 3.91313
12.395 2.61857 3.8869
12.4 2.60377 3.86037
12.405 2.58877 3.83354
12.41 2.57358 3.80642
12.415 2.55819 3.77901
12.42 2.5426 3.75131
12.425 2.52682 3.72332
12.43 2.51084 3.69505
12.435 2.49468 3.66648
12.44 2.47832 3.63764
12.445 2.46177 3.60851
12.45 2.44503 3.5791
12.455 2.42811 3.54942
12.46 2.41099 3.51946
12.465 2.3937 3.48923
12.47 2.37621 3.45872
12.475 2.35855 3.42795
12.48 2.3407 3.3969
12.485 2.32267 3.36559
12.49 2.30446 3.33402
12.495 2.28607 3.30219
12.5 2.2675 3.2701
12.505 2.24876 3.23775
12.51 2.22984 3.20514
12.515 2.21075 3.17228
12.52 2.19148 3.13917
12.525 2.17204 3.10582
12.53 2.15244 3.07221
12.535 2.13266 3.03837
12.54 2.11271 3.00428
12.545 2.0926 2.96995
12.55 2.07233 2.93539
12.555 2.05189 2.90059
12.56 2.03129 2.86556
12.565 2.01053 2.8303
12.57 1.98961 2.79481
12.575 1.96853 2.7591
12.58 1.94729 2.72316
12.585 1.9259 2.68701
12.59 1.90436 2.65064
12.595 1.88266 2.61405
12.6 1.86082 2.57725
12.605 1.83882 2.54024
12.61 1.81668 2.50303
12.615 1.79439 2.46561
12.62 1.77195 2.42799
12.625 1.74938 2.39017
12.63 1.72666 2.35215
12.635 1.7038 2.31394
12.64 1.68081 2.27554
12.645 1.65767 2.23695
12.65 1.63441 2.19818
12.655 1.61101 2.15922
12.66 1.58747 2.12009
12.665 1.56381 2.08077
12.67 1.54002 2.04128
12.675 1.5161 2.00162
12.68 1.49206 1.96179
12.685 1.4679 1.9218
12.69 1.44361 1.88164
12.695 1.41921 1.84133
12.7 1.39468 1.80085
12.705 1.37004 1.76023
12.71 1.34529 1.71945
12.715 1.32042 1.67852
12.72 1.29544 1.63745
12.725 1.27036 1.59624
12.73 1.24516 1.55488
12.735 1.21986 1.51339
12.74 1.19446 1.47177
12.745 1.16896 1.43002
12.75 1.14335 1.38814
12.755 1.11765 1.34614
12.76 1.09185 1.30402
12.765 1.06596 1.26177
12.77 1.03997 1.21942
12.775 1.0139 1.17695
12.78 0.987735 1.13438
12.785 0.961485 1.0917
12.79 0.93515 1.04892
12.795 0.908733 1.00604
12.8 0.882235 0.963065
12.805 0.855658 0.919998
12.81 0.829005 0.876842
12.815 0.802277 0.833601
12.82 0.775476 0.790277
12.825 0.748604 0.746874
12.83 0.721664 0.703395
12.835 0.694657 0.659844
12.84 0.667585 0.616223
12.845 0.64045 0.572537
12.85 0.613255 0.528788
12.855 0.586002 0.484979
12.86 0.558691 0.441114
12.865 0.531327 0.397197
12.87 0.503909 0.35323
12.875 0.476442 0.309218
12.88 0.448926 0.265163
12.885 0.421364 0.221068
12.89 0.393758 0.176938
12.895 0.36611 0.132775
12.9 0.338422 0.0885835
12.905 0.310696 0.044366
12.91 0.282935 0.000126264
12.915 0.25514 -0.0441324
12.92 0.227314 -0.0884064
12.925 0.199459 -0.132692
12.93 0.171576 -0.176987
12.935 0.143668 -0.221287
12.94 0.115738 -0.265589
12.945 0.0877866 -0.309888
12.95 0.0598169 -0.354183
12.955 0.0318308 -0.398469
12.96 0.0038305 -0.442743
12.965 -0.0241818 -0.487002
12.97 -0.052204 -0.531241
12.975 -0.080234 -0.575458
12.98 -0.108269 -0.619649
12.985 -0.136308 -0.663811
12.99 -0.164348 -0.70794
12.995 -0.192387 -0.752033
13 -0.220423 -0.796086
13.005 -0.248453 -0.840095
13.01 -0.276476 -0.884058
13.015 -0.304488 -0.927971
13.02 -0.332489 -0.97183
13.025 -0.360476 -1.01563
13.03 -0.388446 -1.05937
13.035 -0.416398 -1.10305
13.04 -0.444329 -1.14666
13.045 -0.472236 -1.1902
13.05 -0.500119 -1.23366
13.055 -0.527974 -1.27705
13.06 -0.5558 -1.32035
13.065 -0.583593 -1.36357
13.07 -0.611353 -1.4067
13.075 -0.639077 -1.44974
13.08 -0.666762 -1.49269
13.085 -0.694406 -1.53553
13.09 -0.722007 -1.57828
13.095 -0.749564 -1.62091
13.1 -0.777073 -1.66344
13.105 -0.804532 -1.70586
13.11 -0.83194 -1.74816
13.115 -0.859294 -1.79034
13.12 -0.886592 -1.8324
13.125 -0.913832 -1.87433
13.13 -0.941011 -1.91613
13.135 -0.968128 -1.9578
13.14 -0.99518 -1.99933
13.145 -1.02216 -2.04073
13.15 -1.04908 -2.08198
13.155 -1.07592 -2.12308
13.16 -1.10269 -2.16403
13.165 -1.12939 -2.20483
13.17 -1.15601 -2.24548
13.175 -1.18254 -2.28596
13.18 -1.209 -2.32628
13.185 -1.23537 -2.36644
13.19 -1.26165 -2.40642
13.195 -1.28785 -2.44623
13.2 -1.31395 -2.48587
13.205 -1.33996 -2.52532
13.21 -1.36588 -2.5646
13.215 -1.3917 -2.60368
13.22 -1.41742 -2.64258
13.225 -1.44303 -2.68128
13.23 -1.46855 -2.71979
13.235 -1.49396 -2.7581
13.24 -1.51926 -2.7962
13.245 -1.54445 -2.8341
13.25 -1.56953 -2.8718
13.255 -1.59449 -2.90928
13.26 -1.61934 -2.94654
13.265 -1.64407 -2.98359
13.27 -1.66868 -3.02041
13.275 -1.69317 -3.05701
13.28 -1.71753 -3.09339
13.285 -1.74177 -3.12953
13.29 -1.76588 -3.16544
13.295 -1.78986 -3.20111
13.3 -1.8137 -3.23655
13.305 -1.83741 -3.27174
13.31 -1.86099 -3.30668
13.315 -1.88442 -3.34138
13.32 -1.90772 -3.37582
13.325 -1.93087 -3.41001
13.33 -1.95388 -3.44395
13.335 -1.97674 -3.47762
13.34 -1.99946 -3.51103
13.345 -2.02202 -3.54417
13.35 -2.04443 -3.57704
13.355 -2.06669 -3.60965
13.36 -2.08879 -3.64197
13.365 -2.11074 -3.67402
13.37 -2.13252 -3.70579
13.375 -2.15415 -3.73728
13.38 -2.17561 -3.76848
13.385 -2.1969 -3.79939
13.39 -2.21803 -3.83002
13.395 -2.23899 -3.86034
13.4 -2.25978 -3.89037
13.405 -2.28039 -3.92011
13.41 -2.30083 -3.94954
13.415 -2.3211 -3.97866
13.42 -2.34119 -4.00748
13.425 -2.36109 -4.03599
13.43 -2.38082 -4.06419
13.435 -2.40036 -4.09208
13.44 -2.41972 -4.11964
13.445 -2.43889 -4.14689
13.45 -2.45788 -4.17382
13.455 -2.47667 -4.20042
13.46 -2.49528 -4.22669
13.465 -2.51369 -4.25264
13.47 -2.5319 -4.27825
13.475 -2.54992 -4.30354
13.48 -2.56774 -4.32848
13.485 -2.58536 -4.35309
13.49 -2.60278 -4.37736
13.495 -2.62 -4.40128
13.5 -2.63702 -4.42486
13.505 -2.65383 -4.44809
13.51 -2.67043 -4.47098
13.515 -2.68682 -4.49351
13.52 -2.70297 -4.51565
