0 0 0
0.08 1.04919e-103 -2.42897e-108
0.16 9.37294e-98 -2.90917e-102
0.24 6.29282e-93 -3.02632e-97
0.32 9.59188e-89 -7.50613e-93
0.4 4.44758e-85 -5.51048e-89
0.48 8.68996e-82 -1.63927e-85
0.56 8.22515e-79 -2.26011e-82
0.64 4.30542e-76 -1.65889e-79
0.72 1.36057e-73 -7.11015e-77
0.8 2.78849e-71 -1.92166e-74
0.88 3.92127e-69 -3.47947e-72
0.96 3.96199e-67 -4.43559e-70
1.04 2.98818e-65 -4.14799e-68
1.12 1.73711e-63 -2.94541e-66
1.2 7.99825e-62 -1.32675e-64
1.16 1.38598e-62 -2.53728e-65
1.14 5.0177e-63 -9.05018e-66
1.16 1.4216e-62 -2.72154e-65
1.18 3.95631e-62 -8.02262e-65
1.2 1.08229e-61 -2.32021e-64
1.22 2.91199e-61 -6.58815e-64
1.24 7.71009e-61 -1.83788e-63
1.26 2.0099e-60 -5.04034e-63
1.28 5.16113e-60 -1.35972e-62
1.3 1.30609e-59 -3.61022e-62
1.32 3.25874e-59 -9.43929e-62
1.34 8.01975e-59 -2.43155e-61
1.36 1.94752e-58 -6.17412e-61
1.38 4.66851e-58 -1.546e-60
1.4 1.10513e-57 -3.8192e-60
1.42 2.58428e-57 -9.31197e-60
1.44 5.97181e-57 -2.24175e-59
1.46 1.36412e-56 -5.33054e-59
1.48 3.08119e-56 -1.25241e-58
1.5 6.88384e-56 -2.90844e-58
1.52 1.52165e-55 -6.67813e-58
1.54 3.32885e-55 -1.51658e-57
1.56 7.20912e-55 -3.40736e-57
1.58 1.54593e-54 -7.576e-57
1.6 3.28343e-54 -1.66744e-56
1.62 6.90868e-54 -3.63379e-56
1.64 1.44043e-53 -7.84299e-56
1.66 2.97659e-53 -1.67695e-55
1.68 6.09766e-53 -3.55285e-55
1.7 1.23856e-52 -7.46017e-55
1.72 2.49496e-52 -1.55285e-54
1.74 4.98527e-52 -3.20488e-54
1.76 9.88262e-52 -6.55966e-54
1.78 1.94398e-51 -1.33175e-53
1.8 3.79508e-51 -2.68235e-53
1.82 7.35418e-51 -5.36093e-53
1.84 1.41482e-50 -1.06334e-52
1.86 2.70265e-50 -2.09354e-52
1.88 5.12703e-50 -4.09207e-52
1.9 9.66035e-50 -7.94186e-52
1.92 1.80814e-49 -1.53069e-51
1.94 3.36237e-49 -2.93021e-51
1.96 6.21281e-49 -5.57213e-51
1.98 1.14082e-48 -1.05272e-50
2 2.08204e-48 -1.97622e-50
2.02 3.77706e-48 -3.68671e-50
2.04 6.81184e-48 -6.83569e-50
2.06 1.22144e-47 -1.25984e-49
2.08 2.17781e-47 -2.3083e-49
2.1 3.86155e-47 -4.20495e-49
2.12 6.80988e-47 -7.61672e-49
2.14 1.19453e-46 -1.37203e-48
2.16 2.0844e-46 -2.45803e-48
2.18 3.61852e-46 -4.38014e-48
2.2 6.2501e-46 -7.76439e-48
2.22 1.07421e-45 -1.36926e-47
2.24 1.8373e-45 -2.4025e-47
2.26 3.12746e-45 -4.19451e-47
2.28 5.29863e-45 -7.28744e-47
2.3 8.93574e-45 -1.26003e-46
2.32 1.50013e-44 -2.1684e-46
2.34 2.50721e-44 -3.71434e-46
2.36 4.17206e-44 -6.33346e-46
2.38 6.91257e-44 -1.07511e-45
2.4 1.14048e-43 -1.81697e-45
2.42 1.87383e-43 -3.05743e-45
2.44 3.06615e-43 -5.12285e-45
2.46 4.99696e-43 -8.54754e-45
2.48 8.11144e-43 -1.42028e-44
2.5 1.31158e-42 -2.35039e-44
2.52 2.11265e-42 -3.87403e-44
2.54 3.39016e-42 -6.36022e-44
2.56 5.41998e-42 -1.04014e-43
2.58 8.63348e-42 -1.69453e-43
2.6 1.37028e-41 -2.75023e-43
2.62 2.16717e-41 -4.44705e-43
2.64 3.41554e-41 -7.16448e-43
2.66 5.36453e-41 -1.15008e-42
2.68 8.39716e-41 -1.83961e-42
2.7 1.31004e-40 -2.93224e-42
2.72 2.03707e-40 -4.65767e-42
2.74 3.15733e-40 -7.37319e-42
2.76 4.87806e-40 -1.16327e-41
2.78 7.5129e-40 -1.82919e-41
2.8 1.15351e-39 -2.86692e-41
2.82 1.76565e-39 -4.47885e-41
2.84 2.69451e-39 -6.97479e-41
2.86 4.0998e-39 -1.08274e-40
2.88 6.21973e-39 -1.6756e-40
2.9 9.40861e-39 -2.5851e-40
2.92 1.41919e-38 -3.9762e-40
2.94 2.13468e-38 -6.09756e-40
2.96 3.20199e-38 -9.32307e-40
2.98 4.78981e-38 -1.42132e-39
3 7.14566e-38 -2.16057e-39
3.02 1.06318e-37 -3.27495e-39
3.04 1.57772e-37 -4.95013e-39
3.06 2.3352e-37 -7.46133e-39
3.08 3.4475e-37 -1.12155e-38
3.1 5.07673e-37 -1.68127e-38
3.12 7.45725e-37 -2.51354e-38
3.14 1.0927e-36 -3.74781e-38
3.16 1.59722e-36 -5.57347e-38
3.18 2.32907e-36 -8.26687e-38
3.2 3.38818e-36 -1.22303e-37
3.22 4.91735e-36 -1.8048e-37
3.24 7.12012e-36 -2.65658e-37
3.26 1.0286e-35 -3.90063e-37
3.28 1.4826e-35 -5.71314e-37
3.3 2.1322e-35 -8.34748e-37
3.32 3.05965e-35 -1.21671e-36
3.34 4.38092e-35 -1.76921e-36
3.36 6.25921e-35 -2.56652e-36
3.38 8.92372e-35 -3.71445e-36
3.4 1.26956e-34 -5.36337e-36
3.42 1.80242e-34 -7.72654e-36
3.44 2.55365e-34 -1.11057e-35
3.46 3.61061e-34 -1.5927e-35
3.48 5.09473e-34 -2.27905e-35
3.5 7.17456e-34 -3.25401e-35
3.52 1.00835e-33 -4.63593e-35
3.54 1.41442e-33 -6.59051e-35
3.56 1.98019e-33 -9.34918e-35
3.58 2.76697e-33 -1.32346e-34
3.6 3.85906e-33 -1.86955e-34
3.62 5.37211e-33 -2.63551e-34
3.64 7.46456e-33 -3.70767e-34
3.66 1.0353e-32 -5.20541e-34
3.68 1.43332e-32 -7.2935e-34
3.7 1.9808e-32 -1.01989e-33
3.72 2.73254e-32 -1.42335e-33
3.74 3.76295e-32 -1.98255e-33
3.76 5.17291e-32 -2.7561e-33
3.78 7.09893e-32 -3.82416e-33
3.8 9.72548e-32 -5.29608e-33
3.82 1.33014e-31 -7.32078e-33
3.84 1.81616e-31 -1.01007e-32
3.86 2.47569e-31 -1.39107e-32
3.88 3.36919e-31 -1.9123e-32
3.9 4.57773e-31 -2.62409e-32
3.92 6.2098e-31 -3.59438e-32
3.94 8.41035e-31 -4.91476e-32
3.96 1.13728e-30 -6.70842e-32
3.98 1.53547e-30 -9.14081e-32
4 2.06989e-30 -1.24338e-31
4.02 2.78603e-30 -1.68843e-31
4.04 3.74428e-30 -2.28892e-31
4.06 5.02456e-30 -3.09782e-31
4.08 6.73259e-30 -4.18565e-31
4.1 9.00796e-30 -5.64625e-31
4.12 1.20348e-29 -7.60421e-31
4.14 1.60554e-29 -1.02247e-30
4.16 2.13886e-29 -1.37265e-30
4.18 2.8453e-29 -1.83986e-30
4.2 3.77975e-29 -2.46226e-30
4.22 5.01411e-29 -3.29013e-30
4.24 6.6424e-29 -4.38965e-30
4.26 8.78745e-29 -5.84776e-30
4.28 1.16095e-28 -7.77856e-30
4.3 1.53172e-28 -1.03315e-29
4.32 2.01822e-28 -1.37023e-29
4.34 2.65574e-28 -1.81463e-29
4.36 3.49008e-28 -2.39971e-29
4.38 4.5806e-28 -3.16891e-29
4.4 6.00417e-28 -4.17876e-29
4.42 7.86017e-28 -5.50271e-29
4.44 1.02769e-27 -7.2361e-29
4.46 1.342e-27 -9.50247e-29
4.48 1.75027e-27 -1.24617e-28
4.5 2.27994e-27 -1.63205e-28
4.52 2.96629e-27 -2.13458e-28
4.54 3.85462e-27 -2.78815e-28
4.56 5.00299e-27 -3.63706e-28
4.58 6.48581e-27 -4.73831e-28
4.6 8.39824e-27 -6.16506e-28
4.62 1.08619e-26 -8.01124e-28
4.64 1.40322e-26 -1.03972e-27
4.66 1.81069e-26 -1.34768e-27
4.68 2.33385e-26 -1.74471e-27
4.7 3.00478e-26 -2.25593e-27
4.72 3.86427e-26 -2.91341e-27
4.74 4.96413e-26 -3.75799e-27
4.76 6.37004e-26 -4.84163e-27
4.78 8.16523e-26 -6.23038e-27
4.8 1.04551e-25 -8.00811e-27
4.82 1.33728e-25 -1.02811e-26
4.84 1.70866e-25 -1.31842e-26
4.86 2.18088e-25 -1.68878e-26
4.88 2.78071e-25 -2.16073e-26
4.9 3.54185e-25 -2.76149e-26
4.92 4.50671e-25 -3.52538e-26
4.94 5.72858e-25 -4.49563e-26
4.96 7.27438e-25 -5.72668e-26
4.98 9.22805e-25 -7.28697e-26
5 1.16948e-24 -9.26247e-26
5.02 1.48063e-24 -1.17611e-25
5.04 1.87274e-24 -1.4918e-25
5.06 2.3664e-24 -1.89026e-25
5.08 2.98731e-24 -2.39268e-25
5.1 3.76753e-24 -3.02555e-25
5.12 4.74704e-24 -3.82194e-25
5.14 5.9756e-24 -4.82311e-25
5.16 7.5151e-24 -6.08046e-25
5.18 9.44249e-24 -7.65804e-25
5.2 1.18533e-23 -9.63548e-25
5.22 1.48661e-23 -1.21118e-24
5.24 1.86279e-23 -1.52098e-24
5.26 2.33205e-23 -1.90821e-24
5.28 2.91694e-23 -2.39175e-24
5.3 3.64531e-23 -2.99501e-24
5.32 4.55155e-23 -3.74695e-24
5.34 5.67815e-23 -4.68334e-24
5.36 7.07748e-23 -5.8484e-24
5.38 8.81412e-23 -7.29665e-24
5.4 1.09676e-22 -9.09536e-24
5.42 1.36356e-22 -1.13274e-23
5.44 1.69385e-22 -1.40946e-23
5.46 2.10239e-22 -1.75225e-23
5.48 2.60731e-22 -2.17651e-23
5.5 3.23085e-22 -2.70116e-23
5.52 4.00025e-22 -3.3494e-23
5.54 4.94888e-22 -4.1497e-23
5.56 6.11755e-22 -5.13687e-23
5.58 7.55619e-22 -6.35358e-23
5.6 9.32577e-22 -7.85195e-23
5.62 1.15007e-21 -9.69571e-23
5.64 1.41719e-21 -1.19626e-22
5.66 1.74499e-21 -1.47476e-22
5.68 2.14697e-21 -1.81664e-22
5.7 2.63952e-21 -2.23599e-22
5.72 3.24262e-21 -2.74995e-22
5.74 3.98053e-21 -3.37941e-22
5.76 4.8827e-21 -4.14972e-22
5.78 5.9849e-21 -5.09167e-22
5.8 7.3305e-21 -6.24264e-22
5.82 8.97206e-21 -7.64796e-22
5.84 1.09732e-20 -9.36257e-22
5.86 1.34111e-20 -1.1453e-21
5.88 1.63788e-20 -1.39997e-21
5.9 1.99889e-20 -1.71001e-21
5.92 2.43775e-20 -2.08718e-21
5.94 2.97087e-20 -2.54569e-21
5.96 3.61805e-20 -3.10267e-21
5.98 4.40316e-20 -3.77882e-21
6 5.35495e-20 -4.59903e-21
6.02 6.50801e-20 -5.59332e-21
6.04 7.90398e-20 -6.79779e-21
6.06 9.5929e-20 -8.25589e-21
6.08 1.16349e-19 -1.00198e-20
6.1 1.41021e-19 -1.21522e-20
6.12 1.70812e-19 -1.47285e-20
6.14 2.0676e-19 -1.78387e-20
6.16 2.5011e-19 -2.15913e-20
6.18 3.02352e-19 -2.61158e-20
6.2 3.6527e-19 -3.15675e-20
6.22 4.40997e-19 -3.81321e-20
6.24 5.32085e-19 -4.60317e-20
6.26 6.4158e-19 -5.55317e-20
6.28 7.73119e-19 -6.69491e-20
6.3 9.31045e-19 -8.06623e-20
6.32 1.12053e-18 -9.71225e-20
6.34 1.34775e-18 -1.16868e-19
6.36 1.62005e-18 -1.40539e-19
6.38 1.94617e-18 -1.68899e-19
6.4 2.33652e-18 -2.02857e-19
6.42 2.80348e-18 -2.43492e-19
6.44 3.36174e-18 -2.92087e-19
6.46 4.02876e-18 -3.50169e-19
6.48 4.82528e-18 -4.19547e-19
6.5 5.77586e-18 -5.02369e-19
6.52 6.90967e-18 -6.01182e-19
6.54 8.26124e-18 -7.19006e-19
6.56 9.87147e-18 -8.59416e-19
6.58 1.17888e-17 -1.02664e-18
6.6 1.40704e-17 -1.2257e-18
6.62 1.67841e-17 -1.46251e-18
6.64 2.00099e-17 -1.74407e-18
6.66 2.38423e-17 -2.07864e-18
6.68 2.83928e-17 -2.476e-18
6.7 3.3793e-17 -2.94766e-18
6.72 4.01982e-17 -3.50721e-18
6.74 4.77912e-17 -4.17065e-18
6.76 5.67874e-17 -4.95684e-18
6.78 6.74405e-17 -5.88801e-18
6.8 8.00488e-17 -6.99028e-18
6.82 9.49635e-17 -8.2944e-18
6.84 1.12597e-16 -9.83651e-18
6.86 1.33434e-16 -1.16591e-17
6.88 1.58044e-16 -1.3812e-17
6.9 1.87094e-16 -1.63537e-17
6.92 2.21369e-16 -1.93531e-17
6.94 2.61788e-16 -2.28905e-17
6.96 3.09426e-16 -2.70603e-17
6.98 3.65546e-16 -3.19733e-17
7 4.31625e-16 -3.77588e-17
7.02 5.0939e-16 -4.45683e-17
7.04 6.00862e-16 -5.25791e-17
7.06 7.08406e-16 -6.19985e-17
7.08 8.34781e-16 -7.30685e-17
7.1 9.83214e-16 -8.6072e-17
7.12 1.15747e-15 -1.01339e-16
7.14 1.36194e-15 -1.19256e-16
7.16 1.60174e-15 -1.40271e-16
7.18 1.88286e-15 -1.64908e-16
7.2 2.21225e-15 -1.93779e-16
7.22 2.59802e-15 -2.27594e-16
7.24 3.04959e-15 -2.67181e-16
7.26 3.57796e-15 -3.13504e-16
7.28 4.19589e-15 -3.67683e-16
7.3 4.91822e-15 -4.31022e-16
7.32 5.76222e-15 -5.05034e-16
7.34 6.74791e-15 -5.91478e-16
7.36 7.89856e-15 -6.92395e-16
7.38 9.24116e-15 -8.10156e-16
7.4 1.0807e-14 -9.4751e-16
7.42 1.26325e-14 -1.10764e-15
7.44 1.47596e-14 -1.29425e-15
7.46 1.72371e-14 -1.51161e-15
7.48 2.01214e-14 -1.76468e-15
7.5 2.34779e-14 -2.05919e-15
7.52 2.73822e-14 -2.40178e-15
7.54 3.19216e-14 -2.80013e-15
7.56 3.71973e-14 -3.2631e-15
7.58 4.33259e-14 -3.80096e-15
7.6 5.04423e-14 -4.42553e-15
7.62 5.87022e-14 -5.1505e-15
7.64 6.82852e-14 -5.99164e-15
7.66 7.93987e-14 -6.96715e-15
7.68 9.22815e-14 -8.09802e-15
7.7 1.07209e-13 -9.40843e-15
7.72 1.24499e-13 -1.09263e-14
7.74 1.44517e-13 -1.26836e-14
7.76 1.67682e-13 -1.47175e-14
7.78 1.94481e-13 -1.70703e-14
7.8 2.25469e-13 -1.97911e-14
7.82 2.61287e-13 -2.29361e-14
7.84 3.02672e-13 -2.65699e-14
7.86 3.50468e-13 -3.07668e-14
7.88 4.05647e-13 -3.56122e-14
7.9 4.69324e-13 -4.1204e-14
7.92 5.4278e-13 -4.76546e-14
7.94 6.27481e-13 -5.50929e-14
7.96 7.2511e-13 -6.36669e-14
7.98 8.37599e-13 -7.3546e-14
8 9.67157e-13 -8.49245e-14
8.02 1.11632e-12 -9.80249e-14
8.04 1.28798e-12 -1.13102e-13
8.06 1.48546e-12 -1.30447e-13
8.08 1.71255e-12 -1.50394e-13
8.1 1.97361e-12 -1.73324e-13
8.12 2.27359e-12 -1.99673e-13
8.14 2.61817e-12 -2.2994e-13
8.16 3.01382e-12 -2.64695e-13
8.18 3.46796e-12 -3.04587e-13
8.2 3.98903e-12 -3.5036e-13
8.22 4.58667e-12 -4.0286e-13
8.24 5.27189e-12 -4.63054e-13
8.26 6.05723e-12 -5.32044e-13
8.28 6.95699e-12 -6.11088e-13
8.3 7.98747e-12 -7.01616e-13
8.32 9.16724e-12 -8.0526e-13
8.34 1.05174e-11 -9.23878e-13
8.36 1.20621e-11 -1.05958e-12
8.38 1.38287e-11 -1.21479e-12
8.4 1.58482e-11 -1.39222e-12
8.42 1.81563e-11 -1.595e-12
8.44 2.0793e-11 -1.82666e-12
8.46 2.38043e-11 -2.09123e-12
8.48 2.7242e-11 -2.39327e-12
8.5 3.11653e-11 -2.73797e-12
8.52 3.56411e-11 -3.13122e-12
8.54 4.07455e-11 -3.57971e-12
8.56 4.65648e-11 -4.09102e-12
8.58 5.31969e-11 -4.67375e-12
8.6 6.07527e-11 -5.33764e-12
8.62 6.93579e-11 -6.09376e-12
8.64 7.91551e-11 -6.95461e-12
8.66 9.03056e-11 -7.93438e-12
8.68 1.02992e-10 -9.04912e-12
8.7 1.17421e-10 -1.0317e-11
8.72 1.33827e-10 -1.17586e-11
8.74 1.52475e-10 -1.33972e-11
8.76 1.73663e-10 -1.5259e-11
8.78 1.97731e-10 -1.73738e-11
8.8 2.25059e-10 -1.97753e-11
8.82 2.56081e-10 -2.25013e-11
8.84 2.91284e-10 -2.55947e-11
8.86 3.31219e-10 -2.91039e-11
8.88 3.76507e-10 -3.30836e-11
8.9 4.2785e-10 -3.75953e-11
8.92 4.86038e-10 -4.27086e-11
8.94 5.51964e-10 -4.85019e-11
8.96 6.26633e-10 -5.50635e-11
8.98 7.11178e-10 -6.2493e-11
9 8.06875e-10 -7.09026e-11
9.02 9.15162e-10 -8.04185e-11
9.04 1.03766e-09 -9.11831e-11
9.06 1.17618e-09 -1.03356e-10
9.08 1.33279e-09 -1.17119e-10
9.1 1.50978e-09 -1.32672e-10
9.12 1.70975e-09 -1.50245e-10
9.14 1.93561e-09 -1.70094e-10
9.16 2.19064e-09 -1.92506e-10
9.18 2.47852e-09 -2.17805e-10
9.2 2.80338e-09 -2.46354e-10
9.22 3.16987e-09 -2.78561e-10
9.24 3.58319e-09 -3.14884e-10
9.26 4.0492e-09 -3.55838e-10
9.28 4.57446e-09 -4.01998e-10
9.3 5.16632e-09 -4.54011e-10
9.32 5.83303e-09 -5.12603e-10
9.34 6.58384e-09 -5.78586e-10
9.36 7.42913e-09 -6.52872e-10
9.38 8.38049e-09 -7.3648e-10
9.4 9.45094e-09 -8.30553e-10
9.42 1.0655e-08 -9.36373e-10
9.44 1.20091e-08 -1.05537e-09
9.46 1.35313e-08 -1.18915e-09
9.48 1.52421e-08 -1.3395e-09
9.5 1.71644e-08 -1.50843e-09
9.52 1.93235e-08 -1.69819e-09
9.54 2.17482e-08 -1.91128e-09
9.56 2.44702e-08 -2.1505e-09
9.58 2.75251e-08 -2.41898e-09
9.6 3.09528e-08 -2.72022e-09
9.62 3.47977e-08 -3.05812e-09
9.64 3.91093e-08 -3.43705e-09
9.66 4.3943e-08 -3.86186e-09
9.68 4.93606e-08 -4.33798e-09
9.7 5.54309e-08 -4.87147e-09
9.72 6.22307e-08 -5.46907e-09
9.74 6.98457e-08 -6.13832e-09
9.76 7.83713e-08 -6.88759e-09
9.78 8.79138e-08 -7.72624e-09
9.8 9.85917e-08 -8.66468e-09
9.82 1.10537e-07 -9.71449e-09
9.84 1.23896e-07 -1.08886e-08
9.86 1.38834e-07 -1.22014e-08
9.88 1.55531e-07 -1.36688e-08
9.9 1.74189e-07 -1.53086e-08
9.92 1.95036e-07 -1.71407e-08
9.94 2.1832e-07 -1.91871e-08
9.96 2.44319e-07 -2.14721e-08
9.98 2.73344e-07 -2.4023e-08
10 3.05738e-07 -2.687e-08
10.02 3.41883e-07 -3.00466e-08
10.04 3.82203e-07 -3.35902e-08
10.06 4.27169e-07 -3.75421e-08
10.08 4.77302e-07 -4.19482e-08
10.1 5.33184e-07 -4.68595e-08
10.12 5.95458e-07 -5.23325e-08
10.14 6.64838e-07 -5.84301e-08
10.16 7.42114e-07 -6.52217e-08
10.18 8.28165e-07 -7.27844e-08
10.2 9.23964e-07 -8.12039e-08
10.22 1.03059e-06 -9.05747e-08
10.24 1.14923e-06 -1.01002e-07
10.26 1.28122e-06 -1.12602e-07
10.28 1.42801e-06 -1.25503e-07
10.3 1.59123e-06 -1.39848e-07
10.32 1.77267e-06 -1.55794e-07
10.34 1.97432e-06 -1.73517e-07
10.36 2.19838e-06 -1.93209e-07
10.38 2.44727e-06 -2.15083e-07
10.4 2.72368e-06 -2.39376e-07
10.42 3.03059e-06 -2.6635e-07
10.44 3.37127e-06 -2.96292e-07
10.46 3.74936e-06 -3.29521e-07
10.48 4.16886e-06 -3.6639e-07
10.5 4.6342e-06 -4.07287e-07
10.52 5.15027e-06 -4.52643e-07
10.54 5.72246e-06 -5.02932e-07
10.56 6.35673e-06 -5.58677e-07
10.58 7.05966e-06 -6.20455e-07
10.6 7.83849e-06 -6.88905e-07
10.62 8.70123e-06 -7.64729e-07
10.64 9.65669e-06 -8.48703e-07
10.66 1.07146e-05 -9.41681e-07
10.68 1.18857e-05 -1.0446e-06
10.7 1.31818e-05 -1.15851e-06
10.72 1.46158e-05 -1.28455e-06
10.74 1.62022e-05 -1.42398e-06
10.76 1.79567e-05 -1.57818e-06
10.78 1.98968e-05 -1.74868e-06
10.8 2.20414e-05 -1.93717e-06
10.82 2.44118e-05 -2.1455e-06
10.84 2.7031e-05 -2.3757e-06
10.86 2.99246e-05 -2.63001e-06
10.88 3.31207e-05 -2.9109e-06
10.9 3.66499e-05 -3.22108e-06
10.92 4.05463e-05 -3.56353e-06
10.94 4.48471e-05 -3.94152e-06
10.96 4.95932e-05 -4.35865e-06
10.98 5.48296e-05 -4.81887e-06
11 6.06058e-05 -5.32652e-06
11.02 6.69759e-05 -5.88638e-06
11.04 7.39996e-05 -6.50368e-06
11.06 8.17422e-05 -7.18417e-06
11.08 9.02756e-05 -7.93415e-06
11.1 9.96785e-05 -8.76055e-06
11.12 0.000110037 -9.67097e-06
11.14 0.000121447 -1.06737e-05
11.16 0.000134011 -1.1778e-05
11.18 0.000147844 -1.29937e-05
11.2 0.00016307 -1.43319e-05
11.22 0.000179827 -1.58046e-05
11.24 0.000198264 -1.7425e-05
11.26 0.000218545 -1.92075e-05
11.28 0.000240852 -2.1168e-05
11.3 0.00026538 -2.33238e-05
11.32 0.000292346 -2.56937e-05
11.34 0.000321985 -2.82987e-05
11.36 0.000354557 -3.11614e-05
11.38 0.000390344 -3.43066e-05
11.4 0.000429655 -3.77616e-05
11.42 0.000472829 -4.15561e-05
11.44 0.000520236 -4.57227e-05
11.46 0.000572281 -5.02968e-05
11.48 0.000629405 -5.53174e-05
11.5 0.000692093 -6.08269e-05
11.52 0.000760872 -6.68718e-05
11.54 0.000836319 -7.35027e-05
11.56 0.000919065 -8.07751e-05
11.58 0.0010098 -8.87494e-05
11.6 0.00110927 -9.74917e-05
11.62 0.0012183 -0.000107074
11.64 0.00133778 -0.000117575
11.66 0.00146869 -0.000129081
11.68 0.0016121 -0.000141685
11.7 0.00176917 -0.000155489
11.72 0.00194116 -0.000170605
11.74 0.00212946 -0.000187155
11.76 0.00233558 -0.00020527
11.78 0.00256115 -0.000225096
11.8 0.00280798 -0.000246789
11.82 0.003078 -0.00027052
11.84 0.00337334 -0.000296478
11.86 0.00369633 -0.000324864
11.88 0.00404946 -0.000355901
11.9 0.0044355 -0.000389829
11.92 0.00485743 -0.000426912
11.94 0.00531849 -0.000467434
11.96 0.00582222 -0.000511706
11.98 0.00637248 -0.000560067
12 0.00697344 -0.000612885
12.02 0.00762966 -0.000670559
12.04 0.00834609 -0.000733525
12.06 0.0091281 -0.000802255
12.08 0.00998155 -0.000877263
12.1 0.0109128 -0.000959109
12.12 0.0119287 -0.0010484
12.14 0.0130369 -0.00114579
12.16 0.0142454 -0.00125201
12.18 0.0155631 -0.00136782
12.2 0.0169996 -0.00149407
12.22 0.0185654 -0.00163168
12.24 0.0202717 -0.00178165
12.26 0.0221309 -0.00194506
12.28 0.0241563 -0.00212306
12.3 0.0263624 -0.00231695
12.32 0.0287648 -0.0025281
12.34 0.0313806 -0.002758
12.36 0.0342282 -0.00300827
12.38 0.0373277 -0.00328067
12.4 0.0407006 -0.00357712
12.42 0.0443706 -0.00389966
12.44 0.048363 -0.00425055
12.46 0.0527055 -0.00463221
12.48 0.0574279 -0.00504725
12.5 0.0625626 -0.00549853
12.52 0.0681446 -0.00598912
12.54 0.0742118 -0.00652237
12.56 0.0808054 -0.00710186
12.58 0.0879697 -0.00773152
12.6 0.0957528 -0.00841557
12.62 0.104207 -0.00915858
12.64 0.113388 -0.00996549
12.66 0.123357 -0.0108417
12.68 0.13418 -0.0117929
12.7 0.145928 -0.0128254
12.72 0.158677 -0.0139459
12.74 0.172512 -0.0151618
12.76 0.187522 -0.016481
12.78 0.203803 -0.017912
12.8 0.221462 -0.0194639
12.82 0.24061 -0.0211469
12.84 0.261371 -0.0229715
12.86 0.283876 -0.0249495
12.88 0.308268 -0.0270933
12.9 0.334702 -0.0294165
12.92 0.363342 -0.0319336
12.94 0.394369 -0.0346605
12.96 0.427976 -0.0376142
12.98 0.464371 -0.0408129
13 0.503779 -0.0442764
13.02 0.546444 -0.0480262
13.04 0.592626 -0.0520851
13.06 0.642608 -0.0564779
13.08 0.696694 -0.0612315
13.1 0.755212 -0.0663745
13.12 0.818514 -0.071938
13.14 0.886981 -0.0779554
13.16 0.961022 -0.0844628
13.18 1.04108 -0.091499
13.2 1.12763 -0.0991056
13.22 1.22118 -0.107328
13.24 1.32228 -0.116214
13.26 1.43154 -0.125816
13.28 1.54957 -0.13619
13.3 1.67708 -0.147396
13.32 1.8148 -0.1595
13.34 1.96352 -0.172571
13.36 2.1241 -0.186684
13.38 2.29746 -0.201921
13.4 2.48459 -0.218367
13.42 2.68655 -0.236117
13.44 2.90447 -0.25527
13.46 3.1396 -0.275935
13.48 3.39324 -0.298227
13.5 3.66682 -0.322271
13.52 3.9617 -0.348188
