0 0 0
0.08 7.60788e-92 0
0.16 3.40898e-86 -2.17195e-92
0.24 1.17408e-81 -5.5088e-87
0.32 9.27208e-78 -1.43144e-82
0.4 2.28804e-74 -7.93184e-79
0.48 2.41261e-71 -1.55116e-75
0.56 1.26079e-68 -1.32758e-72
0.64 3.71334e-66 -5.88357e-70
0.72 6.73959e-64 -1.50893e-67
0.8 8.09245e-62 -2.43913e-65
0.88 6.7996e-60 -2.65409e-63
0.96 4.18463e-58 -1.60031e-61
0.92 6.58301e-59 -2.8241e-62
0.9 2.18357e-59 -9.23338e-63
0.92 6.82694e-59 -3.11246e-62
0.94 2.08271e-58 -1.01934e-61
0.96 6.20673e-58 -3.2485e-61
0.98 1.80861e-57 -1.00873e-60
1 5.15785e-57 -3.0558e-60
1.02 1.44078e-56 -9.04105e-60
1.04 3.94528e-56 -2.6152e-59
1.06 1.05983e-55 -7.40283e-59
1.08 2.79497e-55 -2.0525e-58
1.1 7.24096e-55 -5.57856e-58
1.12 1.84403e-54 -1.48747e-57
1.14 4.61905e-54 -3.89382e-57
1.16 1.13867e-53 -1.00138e-56
1.18 2.76403e-53 -2.53163e-56
1.2 6.6101e-53 -6.29554e-56
1.22 1.55813e-52 -1.54081e-55
1.24 3.62191e-52 -3.71343e-55
1.26 8.30612e-52 -8.81732e-55
1.28 1.88005e-51 -2.06366e-54
1.3 4.20174e-51 -4.76296e-54
1.32 9.2756e-51 -1.08453e-53
1.34 2.02334e-50 -2.43728e-53
1.36 4.36276e-50 -5.40806e-53
1.38 9.3018e-50 -1.18524e-52
1.4 1.96166e-49 -2.5666e-52
1.42 4.09325e-49 -5.49332e-52
1.44 8.45328e-49 -1.16246e-51
1.46 1.7283e-48 -2.43289e-51
1.48 3.49921e-48 -5.0372e-51
1.5 7.01759e-48 -1.03205e-50
1.52 1.39439e-47 -2.093e-50
1.54 2.74574e-47 -4.20249e-50
1.56 5.35944e-47 -8.35633e-50
1.58 1.03719e-46 -1.64587e-49
1.6 1.99052e-46 -3.21175e-49
1.62 3.7891e-46 -6.21077e-49
1.64 7.15573e-46 -1.1904e-48
1.66 1.34092e-45 -2.26186e-48
1.68 2.4938e-45 -4.26131e-48
1.7 4.60372e-45 -7.96159e-48
1.72 8.4376e-45 -1.47539e-47
1.74 1.53555e-44 -2.71228e-47
1.76 2.77532e-44 -4.94701e-47
1.78 4.98233e-44 -8.95356e-47
1.8 8.88564e-44 -1.60824e-46
1.82 1.5745e-43 -2.86722e-46
1.84 2.77242e-43 -5.07433e-46
1.86 4.85169e-43 -8.91561e-46
1.88 8.43921e-43 -1.55533e-45
1.9 1.45929e-42 -2.69424e-45
1.92 2.50879e-42 -4.63477e-45
1.94 4.28868e-42 -7.91881e-45
1.96 7.29068e-42 -1.34546e-44
1.98 1.23267e-41 -2.27442e-44
2 2.07303e-41 -3.82476e-44
2.02 3.46811e-41 -6.39854e-44
2.04 5.77232e-41 -1.06497e-43
2.06 9.55922e-41 -1.76363e-43
2.08 1.57525e-40 -2.90626e-43
2.1 2.5833e-40 -4.76605e-43
2.12 4.21635e-40 -7.77892e-43
2.14 6.8497e-40 -1.26373e-42
2.16 1.10769e-39 -2.04363e-42
2.18 1.78325e-39 -3.29e-42
2.2 2.85819e-39 -5.2732e-42
2.22 4.56127e-39 -8.41529e-42
2.24 7.24823e-39 -1.33726e-41
2.26 1.14699e-38 -2.11614e-41
2.28 1.80761e-38 -3.33494e-41
2.3 2.83723e-38 -5.23452e-41
2.32 4.43567e-38 -8.18356e-41
2.34 6.90762e-38 -1.27442e-40
2.36 1.0716e-37 -1.97704e-40
2.38 1.65613e-37 -3.05547e-40
2.4 2.55004e-37 -4.70468e-40
2.42 3.91213e-37 -7.21767e-40
2.44 5.98026e-37 -1.10333e-39
2.46 9.10945e-37 -1.68064e-39
2.48 1.38278e-36 -2.55116e-39
2.5 2.09184e-36 -3.85934e-39
2.52 3.15386e-36 -5.81869e-39
2.54 4.7393e-36 -8.74375e-39
2.56 7.09854e-36 -1.30964e-38
2.58 1.05981e-35 -1.95529e-38
2.6 1.57729e-35 -2.91001e-38
2.62 2.34014e-35 -4.31742e-38
2.64 3.46129e-35 -6.38588e-38
2.66 5.10411e-35 -9.4168e-38
2.68 7.50427e-35 -1.3845e-37
2.7 1.10007e-34 -2.02957e-37
2.72 1.60797e-34 -2.96661e-37
2.74 2.34367e-34 -4.32393e-37
2.76 3.40638e-34 -6.28458e-37
2.78 4.93727e-34 -9.10899e-37
2.8 7.13666e-34 -1.31667e-36
2.82 1.02881e-33 -1.89809e-36
2.84 1.47917e-33 -2.72899e-36
2.86 2.12113e-33 -3.91337e-36
2.88 3.03386e-33 -5.59731e-36
2.9 4.32831e-33 -7.98548e-36
2.92 6.15956e-33 -1.1364e-35
2.94 8.7439e-33 -1.6132e-35
2.96 1.23823e-32 -2.28446e-35
2.98 1.74923e-32 -3.22724e-35
3 2.46526e-32 -4.54826e-35
3.02 3.46624e-32 -6.39501e-35
3.04 4.86237e-32 -8.97081e-35
3.06 6.80528e-32 -1.25554e-34
3.08 9.50308e-32 -1.75326e-34
3.1 1.32408e-31 -2.44286e-34
3.12 1.84083e-31 -3.39623e-34
3.14 2.5537e-31 -4.71142e-34
3.16 3.53505e-31 -6.52196e-34
3.18 4.88318e-31 -9.0092e-34
3.2 6.7314e-31 -1.2419e-33
3.22 9.26003e-31 -1.70842e-33
3.24 1.27127e-30 -2.34541e-33
3.26 1.74176e-30 -3.21344e-33
3.28 2.38165e-30 -4.39401e-33
3.3 3.25025e-30 -5.99653e-33
3.32 4.42706e-30 -8.16768e-33
3.34 6.01845e-30 -1.11037e-32
3.36 8.16646e-30 -1.50667e-32
3.38 1.10605e-29 -2.04059e-32
3.4 1.49525e-29 -2.75865e-32
3.42 2.01773e-29 -3.72259e-32
3.44 2.71788e-29 -5.01434e-32
3.46 3.6545e-29 -6.74235e-32
3.48 4.90528e-29 -9.04996e-32
3.5 6.57273e-29 -1.21263e-31
3.52 8.79192e-29 -1.62206e-31
3.54 1.17405e-28 -2.16605e-31
3.56 1.56517e-28 -2.88765e-31
3.58 2.08314e-28 -3.84328e-31
3.6 2.768e-28 -5.10681e-31
3.62 3.67208e-28 -6.77477e-31
3.64 4.86366e-28 -8.97319e-31
3.66 6.43176e-28 -1.18662e-30
3.68 8.49215e-28 -1.56675e-30
3.7 1.11953e-27 -2.06547e-30
3.72 1.47364e-27 -2.71878e-30
3.74 1.93682e-27 -3.57333e-30
3.76 2.5418e-27 -4.68948e-30
3.78 3.33083e-27 -6.14519e-30
3.8 4.35842e-27 -8.04105e-30
3.82 5.69482e-27 -1.05066e-29
3.84 7.43037e-27 -1.37086e-29
3.86 9.68116e-27 -1.78612e-29
3.88 1.25962e-26 -2.32392e-29
3.9 1.63662e-26 -3.01948e-29
3.92 2.12356e-26 -3.91786e-29
3.94 2.75166e-26 -5.07666e-29
3.96 3.56076e-26 -6.56941e-29
3.98 4.60168e-26 -8.48984e-29
4 5.9391e-26 -1.09573e-28
4.02 7.65529e-26 -1.41236e-28
4.04 9.85473e-26 -1.81814e-28
4.06 1.267e-25 -2.33754e-28
4.08 1.62691e-25 -3.00155e-28
4.1 2.08645e-25 -3.84938e-28
4.12 2.6725e-25 -4.93061e-28
4.14 3.41898e-25 -6.30783e-28
4.16 4.3687e-25 -8.06001e-28
4.18 5.57556e-25 -1.02866e-27
4.2 7.10739e-25 -1.31127e-27
4.22 9.04945e-25 -1.66957e-27
4.24 1.15088e-24 -2.12331e-27
4.26 1.46197e-24 -2.69725e-27
4.28 1.85503e-24 -3.42243e-27
4.3 2.35112e-24 -4.33768e-27
4.32 2.97654e-24 -5.49155e-27
4.34 3.76416e-24 -6.94467e-27
4.36 4.75498e-24 -8.77267e-27
4.38 6.00007e-24 -1.10698e-26
4.4 7.56303e-24 -1.39534e-26
4.42 9.52297e-24 -1.75693e-26
4.44 1.19781e-23 -2.2099e-26
4.46 1.50505e-23 -2.77673e-26
4.48 1.88913e-23 -3.48533e-26
4.5 2.36878e-23 -4.37026e-26
4.52 2.96718e-23 -5.47428e-26
4.54 3.71299e-23 -6.85027e-26
4.56 4.64161e-23 -8.56352e-26
4.58 5.79671e-23 -1.06946e-25
4.6 7.23214e-23 -1.33429e-25
4.62 9.01419e-23 -1.66307e-25
4.64 1.12245e-22 -2.07115e-25
4.66 1.39633e-22 -2.58168e-25
4.68 1.73539e-22 -3.22154e-25
4.7 2.15473e-22 -4.02285e-25
4.72 2.67291e-22 -5.0257e-25
4.74 3.31261e-22 -6.28013e-25
4.76 4.10163e-22 -7.84844e-25
4.78 5.07395e-22 -9.80815e-25
4.8 6.27106e-22 -1.22556e-24
4.82 7.74364e-22 -1.53105e-24
4.84 9.55349e-22 -1.91213e-24
4.86 1.17759e-21 -2.38716e-24
4.88 1.45025e-21 -2.97893e-24
4.9 1.7845e-21 -3.71555e-24
4.92 2.19388e-21 -4.63179e-24
4.94 2.69485e-21 -5.77049e-24
4.96 3.30742e-21 -7.18449e-24
4.98 4.05579e-21 -8.93881e-24
5 4.96932e-21 -1.11134e-23
5.02 6.08356e-21 -1.38065e-23
5.04 7.44149e-21 -1.71385e-23
5.06 9.09507e-21 -2.1257e-23
5.08 1.1107e-20 -2.63429e-23
5.1 1.35532e-20 -3.26171e-23
5.12 1.65247e-20 -4.03496e-23
5.14 2.01318e-20 -4.98697e-23
5.16 2.45068e-20 -6.1579e-23
5.18 2.98093e-20 -7.59661e-23
5.2 3.62308e-20 -9.36257e-23
5.22 4.40017e-20 -1.1528e-22
5.24 5.33982e-20 -1.41805e-22
5.26 6.47521e-20 -1.74265e-22
5.28 7.84607e-20 -2.13946e-22
5.3 9.50001e-20 -2.62406e-22
5.32 1.1494e-19 -3.21527e-22
5.34 1.38963e-19 -3.93583e-22
5.36 1.67883e-19 -4.81316e-22
5.38 2.02674e-19 -5.88031e-22
5.4 2.44497e-19 -7.17708e-22
5.42 2.94739e-19 -8.75132e-22
5.44 3.5505e-19 -1.06606e-21
5.46 4.27399e-19 -1.29739e-21
5.48 5.14129e-19 -1.5774e-21
5.5 6.18025e-19 -1.91604e-21
5.52 7.424e-19 -2.32517e-21
5.54 8.91189e-19 -2.81903e-21
5.56 1.06906e-18 -3.4146e-21
5.58 1.28157e-18 -4.13217e-21
5.6 1.53527e-18 -4.99597e-21
5.62 1.83796e-18 -6.03486e-21
5.64 2.19887e-18 -7.28321e-21
5.66 2.62889e-18 -8.78196e-21
5.68 3.14094e-18 -1.05798e-20
5.7 3.75026e-18 -1.27344e-20
5.72 4.47489e-18 -1.53146e-20
5.74 5.33607e-18 -1.84018e-20
5.76 6.3589e-18 -2.20925e-20
5.78 7.57295e-18 -2.6501e-20
5.8 9.01309e-18 -3.17628e-20
5.82 1.07203e-17 -3.80379e-20
5.84 1.2743e-17 -4.55154e-20
5.86 1.51378e-17 -5.44187e-20
5.88 1.79717e-17 -6.50116e-20
5.9 2.13229e-17 -7.76049e-20
5.92 2.52836e-17 -9.25649e-20
5.94 2.99619e-17 -1.10323e-19
5.96 3.54844e-17 -1.31387e-19
5.98 4.19997e-17 -1.56354e-19
6 4.96816e-17 -1.85924e-19
6.02 5.87339e-17 -2.20923e-19
6.04 6.93948e-17 -2.62317e-19
6.06 8.1943e-17 -3.11238e-19
6.08 9.6704e-17 -3.69017e-19
6.1 1.14058e-16 -4.37209e-19
6.12 1.3445e-16 -5.17636e-19
6.14 1.58397e-16 -6.12429e-19
6.16 1.86503e-16 -7.24078e-19
6.18 2.19473e-16 -8.55493e-19
6.2 2.58127e-16 -1.01007e-18
6.22 3.03421e-16 -1.19178e-18
6.24 3.56465e-16 -1.40524e-18
6.26 4.18552e-16 -1.65583e-18
6.28 4.91185e-16 -1.94984e-18
6.3 5.7611e-16 -2.29457e-18
6.32 6.75353e-16 -2.69851e-18
6.34 7.91268e-16 -3.17156e-18
6.36 9.26584e-16 -3.72517e-18
6.38 1.08447e-15 -4.37271e-18
6.4 1.26858e-15 -5.12963e-18
6.42 1.48318e-15 -6.01389e-18
6.44 1.73317e-15 -7.04632e-18
6.46 2.02425e-15 -8.25104e-18
6.48 2.36301e-15 -9.65597e-18
6.5 2.75704e-15 -1.12935e-17
6.52 3.21514e-15 -1.32009e-17
6.54 3.74746e-15 -1.54217e-17
6.56 4.36572e-15 -1.80056e-17
6.58 5.08343e-15 -2.10106e-17
6.6 5.9162e-15 -2.45032e-17
6.62 6.88198e-15 -2.85604e-17
6.64 8.00149e-15 -3.32709e-17
6.66 9.29856e-15 -3.8737e-17
6.68 1.08006e-14 -4.50766e-17
6.7 1.25393e-14 -5.24254e-17
6.72 1.45509e-14 -6.09395e-17
6.74 1.6877e-14 -7.07987e-17
6.76 1.95658e-14 -8.22096e-17
6.78 2.26722e-14 -9.54097e-17
6.8 2.62594e-14 -1.10672e-16
6.82 3.04e-14 -1.28309e-16
6.84 3.51771e-14 -1.48681e-16
6.86 4.06861e-14 -1.72201e-16
6.88 4.70362e-14 -1.9934e-16
6.9 5.43525e-14 -2.30641e-16
6.92 6.27783e-14 -2.66726e-16
6.94 7.24774e-14 -3.08304e-16
6.96 8.36374e-14 -3.5619e-16
6.98 9.64726e-14 -4.11314e-16
7 1.11228e-13 -4.7474e-16
7.02 1.28184e-13 -5.47686e-16
7.04 1.47659e-13 -6.3154e-16
7.06 1.70018e-13 -7.27891e-16
7.08 1.95678e-13 -8.38549e-16
7.1 2.25113e-13 -9.65582e-16
7.12 2.58865e-13 -1.11135e-15
7.14 2.97549e-13 -1.27853e-15
7.16 3.41868e-13 -1.4702e-15
7.18 3.92622e-13 -1.68984e-15
7.2 4.5072e-13 -1.94141e-15
7.22 5.17198e-13 -2.22945e-15
7.24 5.93233e-13 -2.5591e-15
7.26 6.80163e-13 -2.93619e-15
7.28 7.7951e-13 -3.36738e-15
7.3 8.93e-13 -3.86022e-15
7.32 1.02259e-12 -4.42328e-15
7.34 1.17052e-12 -5.06631e-15
7.36 1.3393e-12 -5.80034e-15
7.38 1.5318e-12 -6.63792e-15
7.4 1.75127e-12 -7.59326e-15
7.42 2.00138e-12 -8.68246e-15
7.44 2.2863e-12 -9.92379e-15
7.46 2.61075e-12 -1.13379e-14
7.48 2.98008e-12 -1.29483e-14
7.5 3.40032e-12 -1.47813e-14
7.52 3.87831e-12 -1.6867e-14
7.54 4.42179e-12 -1.92393e-14
7.56 5.03948e-12 -2.19364e-14
7.58 5.74126e-12 -2.50017e-14
7.6 6.53827e-12 -2.84841e-14
7.62 7.44309e-12 -3.24388e-14
7.64 8.46994e-12 -3.69281e-14
7.66 9.63482e-12 -4.20224e-14
7.68 1.09558e-11 -4.78011e-14
7.7 1.24533e-11 -5.43534e-14
7.72 1.41502e-11 -6.17804e-14
7.74 1.60724e-11 -7.01956e-14
7.76 1.8249e-11 -7.97269e-14
7.78 2.07129e-11 -9.05184e-14
7.8 2.35008e-11 -1.02732e-13
7.82 2.66544e-11 -1.16551e-13
7.84 3.02202e-11 -1.3218e-13
7.86 3.42508e-11 -1.49849e-13
7.88 3.88052e-11 -1.69818e-13
7.9 4.39496e-11 -1.92378e-13
7.92 4.97584e-11 -2.17857e-13
7.94 5.63151e-11 -2.46622e-13
7.96 6.37136e-11 -2.79085e-13
7.98 7.20589e-11 -3.15709e-13
8 8.14691e-11 -3.57012e-13
8.02 9.20763e-11 -4.03577e-13
8.04 1.04029e-10 -4.56056e-13
8.06 1.17493e-10 -5.1518e-13
8.08 1.32654e-10 -5.81767e-13
8.1 1.49722e-10 -6.56733e-13
8.12 1.68928e-10 -7.41106e-13
8.14 1.90534e-10 -8.36033e-13
8.16 2.14831e-10 -9.42799e-13
8.18 2.42147e-10 -1.06284e-12
8.2 2.72845e-10 -1.19776e-12
8.22 3.07334e-10 -1.34936e-12
8.24 3.46069e-10 -1.51965e-12
8.26 3.89559e-10 -1.71085e-12
8.28 4.38371e-10 -1.92548e-12
8.3 4.9314e-10 -2.16632e-12
8.32 5.54573e-10 -2.43649e-12
8.34 6.23459e-10 -2.73946e-12
8.36 7.00677e-10 -3.07911e-12
8.38 7.8721e-10 -3.45976e-12
8.4 8.84149e-10 -3.88623e-12
8.42 9.92712e-10 -4.36387e-12
8.44 1.11426e-09 -4.89866e-12
8.46 1.25029e-09 -5.49725e-12
8.48 1.4025e-09 -6.16706e-12
8.5 1.57275e-09 -6.9163e-12
8.52 1.76312e-09 -7.75417e-12
8.54 1.97593e-09 -8.69083e-12
8.56 2.21374e-09 -9.73764e-12
8.58 2.47943e-09 -1.09072e-11
8.6 2.77616e-09 -1.22135e-11
8.62 3.10746e-09 -1.3672e-11
8.64 3.47726e-09 -1.53002e-11
8.66 3.8899e-09 -1.7117e-11
8.68 4.35021e-09 -1.91438e-11
8.7 4.86355e-09 -2.14043e-11
8.72 5.43586e-09 -2.39245e-11
8.74 6.07373e-09 -2.67335e-11
8.76 6.78446e-09 -2.98636e-11
8.78 7.57615e-09 -3.33503e-11
8.8 8.45776e-09 -3.72332e-11
8.82 9.43923e-09 -4.15561e-11
8.84 1.05316e-08 -4.63675e-11
8.86 1.17469e-08 -5.1721e-11
8.88 1.30988e-08 -5.7676e-11
8.9 1.46021e-08 -6.42983e-11
8.92 1.62734e-08 -7.16606e-11
8.94 1.81307e-08 -7.98431e-11
8.96 2.01945e-08 -8.89349e-11
8.98 2.24868e-08 -9.90341e-11
9 2.50323e-08 -1.10249e-10
9.02 2.78583e-08 -1.227e-10
9.04 3.09947e-08 -1.36519e-10
9.06 3.44747e-08 -1.51853e-10
9.08 3.8335e-08 -1.68862e-10
9.1 4.26158e-08 -1.87725e-10
9.12 4.73618e-08 -2.08639e-10
9.14 5.26221e-08 -2.31818e-10
9.16 5.84509e-08 -2.57504e-10
9.18 6.49078e-08 -2.85958e-10
9.2 7.20588e-08 -3.17471e-10
9.22 7.99762e-08 -3.52363e-10
9.24 8.87399e-08 -3.90985e-10
9.26 9.8438e-08 -4.33725e-10
9.28 1.09167e-07 -4.8101e-10
9.3 1.21034e-07 -5.3331e-10
9.32 1.34155e-07 -5.91141e-10
9.34 1.48661e-07 -6.55072e-10
9.36 1.64692e-07 -7.25728e-10
9.38 1.82405e-07 -8.03796e-10
9.4 2.0197e-07 -8.90033e-10
9.42 2.23577e-07 -9.85269e-10
9.44 2.47432e-07 -1.09042e-09
9.46 2.73763e-07 -1.20648e-09
9.48 3.02819e-07 -1.33455e-09
9.5 3.34875e-07 -1.47584e-09
9.52 3.7023e-07 -1.63169e-09
9.54 4.09216e-07 -1.80354e-09
9.56 4.52194e-07 -1.99298e-09
9.58 4.99561e-07 -2.20178e-09
9.6 5.51754e-07 -2.43185e-09
9.62 6.09249e-07 -2.68529e-09
9.64 6.72569e-07 -2.96442e-09
9.66 7.42289e-07 -3.27176e-09
9.68 8.19036e-07 -3.61008e-09
9.7 9.03498e-07 -3.98241e-09
9.72 9.96428e-07 -4.39208e-09
9.74 1.09865e-06 -4.84272e-09
9.76 1.21107e-06 -5.3383e-09
9.78 1.33467e-06 -5.8832e-09
9.8 1.47054e-06 -6.48216e-09
9.82 1.61985e-06 -7.14039e-09
9.84 1.7839e-06 -7.8636e-09
9.86 1.9641e-06 -8.65802e-09
9.88 2.16199e-06 -9.53044e-09
9.9 2.37927e-06 -1.04883e-08
9.92 2.61776e-06 -1.15397e-08
9.94 2.8795e-06 -1.26936e-08
9.96 3.16666e-06 -1.39596e-08
9.98 3.48166e-06 -1.53484e-08
10 3.82712e-06 -1.68714e-08
10.02 4.20588e-06 -1.85412e-08
10.04 4.62107e-06 -2.03717e-08
10.06 5.0761e-06 -2.23778e-08
10.08 5.57466e-06 -2.45758e-08
10.1 6.1208e-06 -2.69837e-08
10.12 6.71893e-06 -2.96207e-08
10.14 7.37386e-06 -3.25082e-08
10.16 8.09081e-06 -3.56691e-08
10.18 8.87549e-06 -3.91286e-08
10.2 9.7341e-06 -4.29142e-08
10.22 1.06734e-05 -4.70555e-08
10.24 1.17008e-05 -5.15851e-08
10.26 1.28242e-05 -5.65382e-08
10.28 1.40524e-05 -6.19533e-08
10.3 1.53949e-05 -6.78723e-08
10.32 1.6862e-05 -7.43405e-08
10.34 1.84649e-05 -8.14074e-08
10.36 2.02157e-05 -8.91269e-08
10.38 2.21278e-05 -9.75573e-08
10.4 2.42155e-05 -1.06762e-07
10.42 2.64946e-05 -1.1681e-07
10.44 2.8982e-05 -1.27777e-07
10.46 3.16961e-05 -1.39744e-07
10.48 3.4657e-05 -1.52799e-07
10.5 3.78866e-05 -1.67038e-07
10.52 4.14084e-05 -1.82566e-07
10.54 4.52481e-05 -1.99495e-07
10.56 4.94334e-05 -2.17949e-07
10.58 5.39947e-05 -2.3806e-07
10.6 5.89645e-05 -2.59972e-07
10.62 6.43785e-05 -2.83843e-07
10.64 7.0275e-05 -3.09841e-07
10.66 7.66959e-05 -3.38151e-07
10.68 8.36862e-05 -3.68973e-07
10.7 9.1295e-05 -4.02521e-07
10.72 9.95753e-05 -4.39029e-07
10.74 0.000108585 -4.78752e-07
10.76 0.000118385 -5.21964e-07
10.78 0.000129044 -5.6896e-07
10.8 0.000140634 -6.20064e-07
10.82 0.000153235 -6.75622e-07
10.84 0.000166931 -7.36011e-07
10.86 0.000181815 -8.01637e-07
10.88 0.000197987 -8.72942e-07
10.9 0.000215555 -9.50402e-07
10.92 0.000234636 -1.03453e-06
10.94 0.000255355 -1.12588e-06
10.96 0.000277849 -1.22506e-06
10.98 0.000302265 -1.33272e-06
11 0.000328764 -1.44956e-06
11.02 0.000357515 -1.57633e-06
11.04 0.000388706 -1.71385e-06
11.06 0.000422537 -1.86302e-06
11.08 0.000459223 -2.02478e-06
11.1 0.000498999 -2.20016e-06
11.12 0.000542117 -2.39027e-06
11.14 0.000588848 -2.59632e-06
11.16 0.000639486 -2.81959e-06
11.18 0.000694347 -3.06149e-06
11.2 0.000753772 -3.3235e-06
11.22 0.000818129 -3.60726e-06
11.24 0.000887813 -3.91452e-06
11.26 0.000963253 -4.24715e-06
11.28 0.00104491 -4.60719e-06
11.3 0.00113328 -4.99681e-06
11.32 0.00122889 -5.41839e-06
11.34 0.00133232 -5.87444e-06
11.36 0.00144419 -6.3677e-06
11.38 0.00156517 -6.90112e-06
11.4 0.00169597 -7.47784e-06
11.42 0.00183736 -8.10129e-06
11.44 0.00199018 -8.77511e-06
11.46 0.00215532 -9.50325e-06
11.48 0.00233374 -1.02899e-05
11.5 0.00252647 -1.11397e-05
11.52 0.00273463 -1.20576e-05
11.54 0.00295941 -1.30487e-05
11.56 0.00320209 -1.41187e-05
11.58 0.00346405 -1.52737e-05
11.6 0.00374678 -1.65204e-05
11.62 0.00405186 -1.78655e-05
11.64 0.00438101 -1.93168e-05
11.66 0.00473606 -2.08823e-05
11.68 0.00511899 -2.25708e-05
11.7 0.0055319 -2.43914e-05
11.72 0.00597708 -2.63543e-05
11.74 0.00645696 -2.84702e-05
11.76 0.00697415 -3.07506e-05
11.78 0.00753146 -3.3208e-05
11.8 0.0081319 -3.58555e-05
11.82 0.0087787 -3.87074e-05
11.84 0.00947531 -4.17789e-05
11.86 0.0102255 -4.50864e-05
11.88 0.0110331 -4.86475e-05
11.9 0.0119025 -5.24809e-05
11.92 0.0128382 -5.66068e-05
11.94 0.0138452 -6.10466e-05
11.96 0.0149285 -6.58236e-05
11.98 0.016094 -7.09624e-05
12 0.0173475 -7.64895e-05
12.02 0.0186955 -8.24333e-05
12.04 0.0201449 -8.8824e-05
12.06 0.0217031 -9.56943e-05
12.08 0.0233779 -0.000103079
12.1 0.0251777 -0.000111015
12.12 0.0271117 -0.000119542
12.14 0.0291893 -0.000128703
12.16 0.031421 -0.000138543
12.18 0.0338178 -0.000149111
12.2 0.0363915 -0.000160459
12.22 0.0391546 -0.000172643
12.24 0.0421207 -0.000185721
12.26 0.0453041 -0.000199757
12.28 0.0487202 -0.00021482
12.3 0.0523855 -0.000230981
12.32 0.0563174 -0.000248318
12.34 0.0605348 -0.000266913
12.36 0.0650575 -0.000286855
12.38 0.0699069 -0.000308238
12.4 0.0751059 -0.000331161
12.42 0.0806787 -0.000355733
12.44 0.0866513 -0.000382068
12.46 0.0930513 -0.000410287
12.48 0.0999082 -0.000440521
12.5 0.107254 -0.000472909
12.52 0.115121 -0.000507598
12.54 0.123546 -0.000544746
12.56 0.132567 -0.000584522
12.58 0.142224 -0.000627105
12.6 0.152562 -0.000672685
12.62 0.163625 -0.000721467
12.64 0.175464 -0.000773666
12.66 0.18813 -0.000829514
12.68 0.201679 -0.000889257
12.7 0.216172 -0.000953157
12.72 0.23167 -0.00102149
12.74 0.248241 -0.00109456
12.76 0.265957 -0.00117268
12.78 0.284894 -0.00125617
12.8 0.305134 -0.00134542
12.82 0.326762 -0.00144078
12.84 0.34987 -0.00154267
12.86 0.374556 -0.00165152
12.88 0.400924 -0.00176778
12.9 0.429084 -0.00189195
12.92 0.459154 -0.00202453
12.94 0.491257 -0.00216608
12.96 0.525527 -0.00231719
12.98 0.562104 -0.00247847
13 0.601139 -0.00265058
13.02 0.642789 -0.00283423
13.04 0.687224 -0.00303015
13.06 0.734623 -0.00323915
13.08 0.785176 -0.00346205
13.1 0.839086 -0.00369975
13.12 0.896566 -0.0039532
13.14 0.957845 -0.00422339
13.16 1.02316 -0.0045114
13.18 1.09278 -0.00481835
13.2 1.16696 -0.00514545
13.22 1.246 -0.00549395
13.24 1.3302 -0.00586522
13.26 1.41989 -0.00626069
13.28 1.51541 -0.00668186
13.3 1.61713 -0.00713034
13.32 1.72542 -0.00760785
13.34 1.84071 -0.00811618
13.36 1.96342 -0.00865725
13.38 2.09402 -0.00923309
13.4 2.23299 -0.00984584
13.42 2.38084 -0.0104978
13.44 2.53814 -0.0111913
13.46 2.70544 -0.011929
13.48 2.88337 -0.0127135
13.5 3.07257 -0.0135478
13.52 3.27363 -0.0144343
