0 0 0
0.08 2.71793e-51 -1.00455e-55
0.16 3.8665e-47 -8.11645e-52
0.12 3.71129e-48 -1.02604e-52
0.1 3.46626e-49 -1.75124e-53
0.12 2.18799e-47 -1.16829e-51
0.11 3.59418e-48 -2.07978e-52
0.105 1.17306e-48 -6.5747e-53
0.11 3.74565e-48 -2.31614e-52
0.115 1.13602e-47 -7.70751e-52
0.12 3.28721e-47 -2.435e-51
0.125 9.10985e-47 -7.33497e-51
0.13 2.42602e-46 -2.11479e-50
0.135 6.22692e-46 -5.85554e-50
0.14 1.54456e-45 -1.5617e-49
0.145 3.71126e-45 -4.0227e-49
0.15 8.65681e-45 -1.00316e-48
0.155 1.96405e-44 -2.42711e-48
0.16 4.34181e-44 -5.70848e-48
0.165 9.36697e-44 -1.30747e-47
0.17 1.97502e-43 -2.92091e-47
0.175 4.0753e-43 -6.37406e-47
0.18 8.23936e-43 -1.36052e-46
0.185 1.63402e-42 -2.84393e-46
0.19 3.18196e-42 -5.82836e-46
0.195 6.08999e-42 -1.1723e-45
0.2 1.14658e-41 -2.31637e-45
0.205 2.12524e-41 -4.50033e-45
0.21 3.88112e-41 -8.60402e-45
0.215 6.98797e-41 -1.61999e-44
0.22 1.24129e-40 -3.00596e-44
0.225 2.17666e-40 -5.5005e-44
0.23 3.77003e-40 -9.93202e-44
0.235 6.45311e-40 -1.77068e-43
0.24 1.09214e-39 -3.11848e-43
0.245 1.82841e-39 -5.42834e-43
0.25 3.02934e-39 -9.3437e-43
0.255 4.96911e-39 -1.59108e-42
0.26 8.073e-39 -2.68146e-42
0.265 1.29949e-38 -4.47431e-42
0.27 2.07323e-38 -7.39468e-42
0.275 3.27943e-38 -1.21089e-41
0.28 5.14467e-38 -1.96531e-41
0.285 8.00671e-38 -3.16249e-41
0.29 1.23654e-37 -5.047e-41
0.295 1.89554e-37 -7.99034e-41
0.3 2.88495e-37 -1.25529e-40
0.305 4.3604e-37 -1.95739e-40
0.31 6.54629e-37 -3.03023e-40
0.315 9.76425e-37 -4.6584e-40
0.32 1.44726e-36 -7.11307e-40
0.325 2.13207e-36 -1.07902e-39
0.33 3.12237e-36 -1.62644e-39
0.335 4.54648e-36 -2.43651e-39
0.34 6.58334e-36 -3.62826e-39
0.345 9.48129e-36 -5.37164e-39
0.35 1.35833e-35 -7.90797e-39
0.355 1.93611e-35 -1.15782e-38
0.36 2.74598e-35 -1.68618e-38
0.365 3.87587e-35 -2.44297e-38
0.37 5.44506e-35 -3.52162e-38
0.375 7.61468e-35 -5.05169e-38
0.38 1.06016e-34 -7.21204e-38
0.385 1.46963e-34 -1.02485e-37
0.39 2.02867e-34 -1.44976e-37
0.395 2.78888e-34 -2.0418e-37
0.4 3.81863e-34 -2.86328e-37
0.405 5.20821e-34 -3.99844e-37
0.41 7.0764e-34 -5.56085e-37
0.415 9.57901e-34 -7.70296e-37
0.42 1.29197e-33 -1.06287e-36
0.425 1.73637e-33 -1.46101e-36
0.43 2.32557e-33 -2.00082e-36
0.435 3.10418e-33 -2.73017e-36
0.44 4.1298e-33 -3.71218e-36
0.445 5.47655e-33 -5.02995e-36
0.45 7.23959e-33 -6.79244e-36
0.455 9.54068e-33 -9.14215e-36
0.46 1.25352e-32 -1.22649e-35
0.465 1.6421e-32 -1.64021e-35
0.47 2.14493e-32 -2.1867e-35
0.475 2.7938e-32 -2.90642e-35
0.48 3.62889e-32 -3.85155e-35
0.485 4.7008e-32 -5.08917e-35
0.49 6.07317e-32 -6.70532e-35
0.495 7.82577e-32 -8.81004e-35
0.5 1.00584e-31 -1.15437e-34
0.505 1.28957e-31 -1.50851e-34
0.51 1.64929e-31 -1.96611e-34
0.515 2.10427e-31 -2.55592e-34
0.52 2.67844e-31 -3.31426e-34
0.525 3.4014e-31 -4.28695e-34
0.53 4.30971e-31 -5.53161e-34
0.535 5.44842e-31 -7.12061e-34
0.54 6.87295e-31 -9.14458e-34
0.545 8.65135e-31 -1.17169e-33
0.55 1.0867e-30 -1.49788e-33
0.555 1.36219e-30 -1.91064e-33
0.56 1.70405e-30 -2.43183e-33
0.565 2.12745e-30 -3.08857e-33
0.57 2.65085e-30 -3.91444e-33
0.575 3.29667e-30 -4.9509e-33
0.58 4.09207e-30 -6.24908e-33
0.585 5.06994e-30 -7.87193e-33
0.59 6.27e-30 -9.8968e-33
0.595 7.74019e-30 -1.24185e-32
0.6 9.53824e-30 -1.55533e-32
0.605 1.17335e-29 -1.9443e-32
0.61 1.44095e-29 -2.4261e-32
0.615 1.76659e-29 -3.02183e-32
0.62 2.16224e-29 -3.75716e-32
0.625 2.6422e-29 -4.66327e-32
0.63 3.22353e-29 -5.77797e-32
0.635 3.92655e-29 -7.14702e-32
0.64 4.77548e-29 -8.82575e-32
0.645 5.79909e-29 -1.08809e-31
0.65 7.0315e-29 -1.3393e-31
0.655 8.5132e-29 -1.64589e-31
0.66 1.02921e-28 -2.0195e-31
0.665 1.24248e-28 -2.4741e-31
0.67 1.49783e-28 -3.02643e-31
0.675 1.80313e-28 -3.69652e-31
0.68 2.16769e-28 -4.50834e-31
0.685 2.60242e-28 -5.49046e-31
0.69 3.12017e-28 -6.67697e-31
0.695 3.73601e-28 -8.10843e-31
0.7 4.46761e-28 -9.8331e-31
0.705 5.33564e-28 -1.19083e-30
0.71 6.3643e-28 -1.44019e-30
0.715 7.58185e-28 -1.73945e-30
0.72 9.02127e-28 -2.09813e-30
0.725 1.0721e-27 -2.5275e-30
0.73 1.27258e-27 -3.04085e-30
0.735 1.50878e-27 -3.65385e-30
0.74 1.78674e-27 -4.38496e-30
0.745 2.11349e-27 -5.25591e-30
0.75 2.49717e-27 -6.29223e-30
0.755 2.94722e-27 -7.52389e-30
0.76 3.47457e-27 -8.98604e-30
0.765 4.09183e-27 -1.07199e-29
0.77 4.81359e-27 -1.27735e-29
0.775 5.65668e-27 -1.52034e-29
0.78 6.64051e-27 -1.80752e-29
0.785 7.78742e-27 -2.14658e-29
0.79 9.12313e-27 -2.54646e-29
0.795 1.06772e-26 -3.01759e-29
0.8 1.24837e-26 -3.57207e-29
0.805 1.45815e-26 -4.22401e-29
0.81 1.70153e-26 -4.98975e-29
0.815 1.98364e-26 -5.88826e-29
0.82 2.31034e-26 -6.94155e-29
0.825 2.68835e-26 -8.17507e-29
0.83 3.12532e-26 -9.61829e-29
0.835 3.63002e-26 -1.13053e-28
0.84 4.21242e-26 -1.32753e-28
0.845 4.88393e-26 -1.55738e-28
0.85 5.65751e-26 -1.8253e-28
0.855 6.54794e-26 -2.13733e-28
0.86 7.57202e-26 -2.50039e-28
0.865 8.74884e-26 -2.92248e-28
0.87 1.01001e-25 -3.41274e-28
0.875 1.16504e-25 -3.98171e-28
0.88 1.34276e-25 -4.64146e-28
0.885 1.54635e-25 -5.40583e-28
0.89 1.77937e-25 -6.29067e-28
0.895 2.04589e-25 -7.31414e-28
0.9 2.35049e-25 -8.49699e-28
0.905 2.69835e-25 -9.86293e-28
0.91 3.09532e-25 -1.14391e-27
0.915 3.54801e-25 -1.32563e-27
0.92 4.06385e-25 -1.53499e-27
0.925 4.65124e-25 -1.776e-27
0.93 5.31963e-25 -2.05324e-27
0.935 6.07965e-25 -2.37191e-27
0.94 6.94328e-25 -2.73793e-27
0.945 7.92397e-25 -3.15804e-27
0.95 9.03681e-25 -3.63985e-27
0.955 1.02988e-24 -4.19206e-27
0.96 1.17289e-24 -4.82447e-27
0.965 1.33486e-24 -5.54825e-27
0.97 1.51816e-24 -6.376e-27
0.975 1.72549e-24 -7.322e-27
0.98 1.95983e-24 -8.40242e-27
0.985 2.22455e-24 -9.63551e-27
0.99 2.5234e-24 -1.10419e-26
0.995 2.86056e-24 -1.26449e-26
1 3.24071e-24 -1.44707e-26
1.005 3.66907e-24 -1.65491e-26
1.01 4.15148e-24 -1.89134e-26
1.015 4.69443e-24 -2.16011e-26
1.02 5.30515e-24 -2.46548e-26
1.025 5.99171e-24 -2.81219e-26
1.03 6.76308e-24 -3.20561e-26
1.035 7.62923e-24 -3.65174e-26
1.04 8.60128e-24 -4.15736e-26
1.045 9.69154e-24 -4.73003e-26
1.05 1.09137e-23 -5.37828e-26
1.055 1.2283e-23 -6.11164e-26
1.06 1.38164e-23 -6.94081e-26
1.065 1.55324e-23 -7.87774e-26
1.07 1.74519e-23 -8.93585e-26
1.075 1.95979e-23 -1.01301e-25
1.08 2.19958e-23 -1.14773e-25
1.085 2.46739e-23 -1.29962e-25
1.09 2.76632e-23 -1.47076e-25
1.095 3.09983e-23 -1.66351e-25
1.1 3.47173e-23 -1.88045e-25
1.105 3.88623e-23 -2.1245e-25
1.11 4.34798e-23 -2.39891e-25
1.115 4.86211e-23 -2.70728e-25
1.12 5.43429e-23 -3.05364e-25
1.125 6.07077e-23 -3.44246e-25
1.13 6.77842e-23 -3.87872e-25
1.135 7.56484e-23 -4.36798e-25
1.14 8.43839e-23 -4.91637e-25
1.145 9.40825e-23 -5.53075e-25
1.15 1.04846e-22 -6.21872e-25
1.155 1.16785e-22 -6.9887e-25
1.16 1.30022e-22 -7.85006e-25
1.165 1.44692e-22 -8.81317e-25
1.17 1.60942e-22 -9.88953e-25
1.175 1.78936e-22 -1.10919e-24
1.18 1.98851e-22 -1.24344e-24
1.185 2.20882e-22 -1.39326e-24
1.19 2.45244e-22 -1.56039e-24
1.195 2.72173e-22 -1.74674e-24
1.2 3.01926e-22 -1.95442e-24
1.205 3.34785e-22 -2.18577e-24
1.21 3.71059e-22 -2.44337e-24
1.215 4.11087e-22 -2.73007e-24
1.22 4.5524e-22 -3.04903e-24
1.225 5.03921e-22 -3.40371e-24
1.23 5.57575e-22 -3.79794e-24
1.235 6.16685e-22 -4.23595e-24
1.24 6.8178e-22 -4.72239e-24
1.245 7.53438e-22 -5.26239e-24
1.25 8.32289e-22 -5.86159e-24
1.255 9.19023e-22 -6.52621e-24
1.26 1.01439e-21 -7.26308e-24
1.265 1.11921e-21 -8.07972e-24
1.27 1.23438e-21 -8.9844e-24
1.275 1.36086e-21 -9.98621e-24
1.28 1.49973e-21 -1.10951e-23
1.285 1.65214e-21 -1.23221e-23
1.29 1.81933e-21 -1.36793e-23
1.295 2.00269e-21 -1.51797e-23
1.3 2.20371e-21 -1.68379e-23
1.305 2.42399e-21 -1.86699e-23
1.31 2.66531e-21 -2.0693e-23
1.315 2.92958e-21 -2.29264e-23
1.32 3.21889e-21 -2.53909e-23
1.325 3.53548e-21 -2.81094e-23
1.33 3.88183e-21 -3.11071e-23
1.335 4.26058e-21 -3.44114e-23
1.34 4.67464e-21 -3.80523e-23
1.345 5.12714e-21 -4.20626e-23
1.35 5.62149e-21 -4.64783e-23
1.355 6.16138e-21 -5.13386e-23
1.36 6.75079e-21 -5.66864e-23
1.365 7.39408e-21 -6.25684e-23
1.37 8.09593e-21 -6.90358e-23
1.375 8.86143e-21 -7.61444e-23
1.38 9.69607e-21 -8.39551e-23
1.385 1.06058e-20 -9.25343e-23
1.39 1.15971e-20 -1.01954e-22
1.395 1.2677e-20 -1.12294e-22
1.4 1.38529e-20 -1.2364e-22
1.405 1.5133e-20 -1.36085e-22
1.41 1.65261e-20 -1.49732e-22
1.415 1.80417e-20 -1.64692e-22
1.42 1.96902e-20 -1.81086e-22
1.425 2.14825e-20 -1.99045e-22
1.43 2.34308e-20 -2.18712e-22
1.435 2.55479e-20 -2.40244e-22
1.44 2.78477e-20 -2.63809e-22
1.445 3.03454e-20 -2.89591e-22
1.45 3.3057e-20 -3.17791e-22
1.455 3.60002e-20 -3.48625e-22
1.46 3.91938e-20 -3.8233e-22
1.465 4.26581e-20 -4.1916e-22
1.47 4.6415e-20 -4.59394e-22
1.475 5.0488e-20 -5.03334e-22
1.48 5.49025e-20 -5.51305e-22
1.485 5.96858e-20 -6.03663e-22
1.49 6.48673e-20 -6.60792e-22
1.495 7.04787e-20 -7.23108e-22
1.5 7.65538e-20 -7.91063e-22
1.505 8.31293e-20 -8.65144e-22
1.51 9.02445e-20 -9.45882e-22
1.515 9.79416e-20 -1.03385e-21
1.52 1.06266e-19 -1.12967e-21
1.525 1.15267e-19 -1.234e-21
1.53 1.24996e-19 -1.34759e-21
1.535 1.35509e-19 -1.47121e-21
1.54 1.46868e-19 -1.6057e-21
1.545 1.59136e-19 -1.752e-21
1.55 1.72384e-19 -1.91108e-21
1.555 1.86685e-19 -2.08403e-21
1.56 2.02121e-19 -2.272e-21
1.565 2.18775e-19 -2.47623e-21
1.57 2.36741e-19 -2.69808e-21
1.575 2.56117e-19 -2.93901e-21
1.58 2.77009e-19 -3.20058e-21
1.585 2.99529e-19 -3.48449e-21
1.59 3.23798e-19 -3.79256e-21
1.595 3.49946e-19 -4.12678e-21
1.6 3.78112e-19 -4.48926e-21
1.605 4.08445e-19 -4.8823e-21
1.61 4.41103e-19 -5.30836e-21
1.615 4.76256e-19 -5.7701e-21
1.62 5.14086e-19 -6.27039e-21
1.625 5.54788e-19 -6.81231e-21
1.63 5.98569e-19 -7.39918e-21
1.635 6.45652e-19 -8.03457e-21
1.64 6.96273e-19 -8.72232e-21
1.645 7.50688e-19 -9.46658e-21
1.65 8.09167e-19 -1.02718e-20
1.655 8.71998e-19 -1.11427e-20
1.66 9.39493e-19 -1.20846e-20
1.665 1.01198e-18 -1.31028e-20
1.67 1.08981e-18 -1.42034e-20
1.675 1.17336e-18 -1.53927e-20
1.68 1.26303e-18 -1.66776e-20
1.685 1.35926e-18 -1.80654e-20
1.69 1.46248e-18 -1.95641e-20
1.695 1.5732e-18 -2.11821e-20
1.7 1.69193e-18 -2.29286e-20
1.705 1.81922e-18 -2.48132e-20
1.71 1.95567e-18 -2.68466e-20
1.715 2.10189e-18 -2.904e-20
1.72 2.25856e-18 -3.14053e-20
1.725 2.42639e-18 -3.39556e-20
1.73 2.60614e-18 -3.67046e-20
1.735 2.79861e-18 -3.96674e-20
1.74 3.00467e-18 -4.28596e-20
1.745 3.22523e-18 -4.62985e-20
1.75 3.46126e-18 -5.00023e-20
1.755 3.7138e-18 -5.39905e-20
1.76 3.98394e-18 -5.8284e-20
1.765 4.27287e-18 -6.29053e-20
1.77 4.58182e-18 -6.78784e-20
1.775 4.91211e-18 -7.32289e-20
1.78 5.26517e-18 -7.89843e-20
1.785 5.64247e-18 -8.51739e-20
1.79 6.04561e-18 -9.18292e-20
1.795 6.47627e-18 -9.89837e-20
1.8 6.93626e-18 -1.06673e-19
1.805 7.42746e-18 -1.14937e-19
1.81 7.95191e-18 -1.23814e-19
1.815 8.51175e-18 -1.3335e-19
1.82 9.10926e-18 -1.43591e-19
1.825 9.74685e-18 -1.54588e-19
1.83 1.04271e-17 -1.66392e-19
1.835 1.11527e-17 -1.79062e-19
1.84 1.19266e-17 -1.92659e-19
1.845 1.27517e-17 -2.07246e-19
1.85 1.36315e-17 -2.22894e-19
1.855 1.45692e-17 -2.39677e-19
1.86 1.55686e-17 -2.57672e-19
1.865 1.66335e-17 -2.76965e-19
1.87 1.7768e-17 -2.97645e-19
1.875 1.89765e-17 -3.19807e-19
1.88 2.02635e-17 -3.43554e-19
1.885 2.16339e-17 -3.68994e-19
1.89 2.30929e-17 -3.96242e-19
1.895 2.46459e-17 -4.25423e-19
1.9 2.62988e-17 -4.56667e-19
1.905 2.80576e-17 -4.90114e-19
1.91 2.99287e-17 -5.25913e-19
1.915 3.19192e-17 -5.64223e-19
1.92 3.40361e-17 -6.05213e-19
1.925 3.62872e-17 -6.49062e-19
1.93 3.86806e-17 -6.95962e-19
1.935 4.12249e-17 -7.46115e-19
1.94 4.39291e-17 -7.9974e-19
1.945 4.68028e-17 -8.57064e-19
1.95 4.98562e-17 -9.18335e-19
1.955 5.30999e-17 -9.83811e-19
1.96 5.65453e-17 -1.05377e-18
1.965 6.02044e-17 -1.12851e-18
1.97 6.40897e-17 -1.20833e-18
1.975 6.82146e-17 -1.29358e-18
1.98 7.25933e-17 -1.38461e-18
1.985 7.72405e-17 -1.48178e-18
1.99 8.21721e-17 -1.5855e-18
1.995 8.74046e-17 -1.6962e-18
2 9.29555e-17 -1.81431e-18
2.005 9.88432e-17 -1.94033e-18
2.01 1.05087e-16 -2.07475e-18
2.015 1.11708e-16 -2.21811e-18
2.02 1.18728e-16 -2.37099e-18
2.025 1.2617e-16 -2.53398e-18
2.03 1.34057e-16 -2.70774e-18
2.035 1.42415e-16 -2.89294e-18
2.04 1.51271e-16 -3.0903e-18
2.045 1.60653e-16 -3.30059e-18
2.05 1.70592e-16 -3.52462e-18
2.055 1.81118e-16 -3.76326e-18
2.06 1.92265e-16 -4.01741e-18
2.065 2.04067e-16 -4.28804e-18
2.07 2.16562e-16 -4.57619e-18
2.075 2.29788e-16 -4.88293e-18
2.08 2.43785e-16 -5.20941e-18
2.085 2.58598e-16 -5.55686e-18
2.09 2.74271e-16 -5.92657e-18
2.095 2.90851e-16 -6.31989e-18
2.1 3.08389e-16 -6.73829e-18
2.105 3.26938e-16 -7.18329e-18
2.11 3.46553e-16 -7.65651e-18
2.115 3.67292e-16 -8.15967e-18
2.12 3.89218e-16 -8.69458e-18
2.125 4.12394e-16 -9.26318e-18
2.13 4.36889e-16 -9.86748e-18
2.135 4.62774e-16 -1.05096e-17
2.14 4.90125e-16 -1.1192e-17
2.145 5.19021e-16 -1.19168e-17
2.15 5.49544e-16 -1.26867e-17
2.155 5.81783e-16 -1.35044e-17
2.16 6.15829e-16 -1.43727e-17
2.165 6.51779e-16 -1.52947e-17
2.17 6.89735e-16 -1.62734e-17
2.175 7.29803e-16 -1.73123e-17
2.18 7.72094e-16 -1.84149e-17
2.185 8.16728e-16 -1.95849e-17
2.19 8.63828e-16 -2.08264e-17
2.195 9.13523e-16 -2.21434e-17
2.2 9.65949e-16 -2.35403e-17
2.205 1.02125e-15 -2.5022e-17
2.21 1.07958e-15 -2.65932e-17
2.215 1.14109e-15 -2.82591e-17
2.22 1.20595e-15 -3.00253e-17
2.225 1.27433e-15 -3.18975e-17
2.23 1.34642e-15 -3.38818e-17
2.235 1.4224e-15 -3.59846e-17
2.24 1.50248e-15 -3.82128e-17
2.245 1.58687e-15 -4.05735e-17
2.25 1.67579e-15 -4.30743e-17
2.255 1.76947e-15 -4.57232e-17
2.26 1.86816e-15 -4.85284e-17
2.265 1.9721e-15 -5.1499e-17
2.27 2.08157e-15 -5.46442e-17
2.275 2.19685e-15 -5.79738e-17
2.28 2.31822e-15 -6.14984e-17
2.285 2.44601e-15 -6.52287e-17
2.29 2.58052e-15 -6.91763e-17
2.295 2.72211e-15 -7.33534e-17
2.3 2.87111e-15 -7.77727e-17
2.305 3.02791e-15 -8.24477e-17
2.31 3.19289e-15 -8.73926e-17
2.315 3.36646e-15 -9.26224e-17
2.32 3.54905e-15 -9.81527e-17
2.325 3.7411e-15 -1.04e-16
2.33 3.94308e-15 -1.10182e-16
2.335 4.15547e-15 -1.16717e-16
2.34 4.3788e-15 -1.23624e-16
2.345 4.6136e-15 -1.30924e-16
2.35 4.86043e-15 -1.38637e-16
2.355 5.11988e-15 -1.46788e-16
2.36 5.39256e-15 -1.55398e-16
2.365 5.67911e-15 -1.64493e-16
2.37 5.98021e-15 -1.74099e-16
2.375 6.29657e-15 -1.84245e-16
2.38 6.62892e-15 -1.94958e-16
2.385 6.97803e-15 -2.06269e-16
2.39 7.3447e-15 -2.1821e-16
2.395 7.72979e-15 -2.30816e-16
2.4 8.13417e-15 -2.4412e-16
2.405 8.55876e-15 -2.58161e-16
2.41 9.00452e-15 -2.72978e-16
2.415 9.47247e-15 -2.88611e-16
2.42 9.96365e-15 -3.05104e-16
2.425 1.04792e-14 -3.22502e-16
2.43 1.10202e-14 -3.40853e-16
2.435 1.15879e-14 -3.60206e-16
2.44 1.21835e-14 -3.80615e-16
2.445 1.28084e-14 -4.02134e-16
2.45 1.34639e-14 -4.24821e-16
2.455 1.41514e-14 -4.48738e-16
2.46 1.48725e-14 -4.73947e-16
2.465 1.56287e-14 -5.00516e-16
2.47 1.64216e-14 -5.28516e-16
2.475 1.7253e-14 -5.58019e-16
2.48 1.81246e-14 -5.89104e-16
2.485 1.90382e-14 -6.21851e-16
2.49 1.99959e-14 -6.56347e-16
2.495 2.09996e-14 -6.9268e-16
2.5 2.20514e-14 -7.30944e-16
2.505 2.31535e-14 -7.71237e-16
2.51 2.43083e-14 -8.13663e-16
2.515 2.55181e-14 -8.5833e-16
2.52 2.67854e-14 -9.05351e-16
2.525 2.81128e-14 -9.54846e-16
2.53 2.95031e-14 -1.00694e-15
2.535 3.09591e-14 -1.06176e-15
2.54 3.24837e-14 -1.11945e-15
2.545 3.408e-14 -1.18014e-15
2.55 3.57513e-14 -1.244e-15
2.555 3.75009e-14 -1.31117e-15
2.56 3.93323e-14 -1.38182e-15
2.565 4.12491e-14 -1.45613e-15
2.57 4.32552e-14 -1.53427e-15
2.575 4.53545e-14 -1.61645e-15
2.58 4.75511e-14 -1.70284e-15
2.585 4.98493e-14 -1.79367e-15
2.59 5.22537e-14 -1.88915e-15
2.595 5.47688e-14 -1.98951e-15
2.6 5.73996e-14 -2.09498e-15
2.605 6.01511e-14 -2.20583e-15
2.61 6.30286e-14 -2.3223e-15
2.615 6.60376e-14 -2.44468e-15
2.62 6.91838e-14 -2.57325e-15
2.625 7.24732e-14 -2.7083e-15
2.63 7.5912e-14 -2.85016e-15
2.635 7.95067e-14 -2.99915e-15
2.64 8.3264e-14 -3.15562e-15
2.645 8.71909e-14 -3.31993e-15
2.65 9.12947e-14 -3.49244e-15
2.655 9.5583e-14 -3.67356e-15
2.66 1.00064e-13 -3.86369e-15
2.665 1.04745e-13 -4.06326e-15
2.67 1.09636e-13 -4.27273e-15
2.675 1.14744e-13 -4.49256e-15
2.68 1.2008e-13 -4.72325e-15
2.685 1.25653e-13 -4.9653e-15
2.69 1.31474e-13 -5.21926e-15
2.695 1.37551e-13 -5.48568e-15
2.7 1.43897e-13 -5.76515e-15
2.705 1.50523e-13 -6.05828e-15
2.71 1.5744e-13 -6.36572e-15
2.715 1.64661e-13 -6.68812e-15
2.72 1.72198e-13 -7.02619e-15
2.725 1.80064e-13 -7.38066e-15
2.73 1.88274e-13 -7.75228e-15
2.735 1.96841e-13 -8.14186e-15
2.74 2.05781e-13 -8.55022e-15
2.745 2.15108e-13 -8.97823e-15
2.75 2.24839e-13 -9.4268e-15
2.755 2.34991e-13 -9.89686e-15
2.76 2.4558e-13 -1.03894e-14
2.765 2.56626e-13 -1.09055e-14
2.77 2.68145e-13 -1.14461e-14
2.775 2.80159e-13 -1.20125e-14
2.78 2.92686e-13 -1.26058e-14
2.785 3.05749e-13 -1.32271e-14
2.79 3.19368e-13 -1.38778e-14
2.795 3.33567e-13 -1.45593e-14
2.8 3.48368e-13 -1.52728e-14
2.805 3.63797e-13 -1.60199e-14
2.81 3.79879e-13 -1.6802e-14
2.815 3.96639e-13 -1.76207e-14
2.82 4.14105e-13 -1.84777e-14
2.825 4.32306e-13 -1.93747e-14
2.83 4.51271e-13 -2.03134e-14
2.835 4.71031e-13 -2.12957e-14
2.84 4.91617e-13 -2.23236e-14
2.845 5.13061e-13 -2.33991e-14
2.85 5.354e-13 -2.45242e-14
2.855 5.58667e-13 -2.57013e-14
2.86 5.82899e-13 -2.69324e-14
2.865 6.08135e-13 -2.82201e-14
2.87 6.34415e-13 -2.95669e-14
2.875 6.61779e-13 -3.09753e-14
2.88 6.9027e-13 -3.24479e-14
2.885 7.19932e-13 -3.39877e-14
2.89 7.50811e-13 -3.55976e-14
2.895 7.82955e-13 -3.72805e-14
2.9 8.16413e-13 -3.90397e-14
2.905 8.51236e-13 -4.08785e-14
2.91 8.87478e-13 -4.28003e-14
2.915 9.25193e-13 -4.48086e-14
2.92 9.64438e-13 -4.69073e-14
2.925 1.00527e-12 -4.91002e-14
2.93 1.04776e-12 -5.13914e-14
2.935 1.09196e-12 -5.3785e-14
2.94 1.13794e-12 -5.62854e-14
2.945 1.18577e-12 -5.88972e-14
2.95 1.23551e-12 -6.16252e-14
2.955 1.28725e-12 -6.44742e-14
2.96 1.34106e-12 -6.74494e-14
2.965 1.39702e-12 -7.05562e-14
2.97 1.4552e-12 -7.38e-14
2.975 1.5157e-12 -7.71868e-14
2.98 1.5786e-12 -8.07224e-14
2.985 1.644e-12 -8.44132e-14
2.99 1.71197e-12 -8.82656e-14
2.995 1.78263e-12 -9.22864e-14
3 1.85608e-12 -9.64827e-14
3.005 1.93241e-12 -1.00862e-13
3.01 2.01175e-12 -1.05431e-13
3.015 2.09419e-12 -1.10199e-13
3.02 2.17985e-12 -1.15173e-13
3.025 2.26886e-12 -1.20362e-13
3.03 2.36134e-12 -1.25775e-13
3.035 2.45742e-12 -1.31421e-13
3.04 2.55722e-12 -1.3731e-13
3.045 2.6609e-12 -1.43451e-13
3.05 2.76859e-12 -1.49856e-13
3.055 2.88044e-12 -1.56534e-13
3.06 2.99661e-12 -1.63497e-13
3.065 3.11724e-12 -1.70757e-13
3.07 3.24251e-12 -1.78325e-13
3.075 3.37258e-12 -1.86214e-13
3.08 3.50764e-12 -1.94438e-13
3.085 3.64785e-12 -2.03009e-13
3.09 3.79342e-12 -2.11941e-13
3.095 3.94453e-12 -2.2125e-13
3.1 4.10138e-12 -2.3095e-13
3.105 4.26418e-12 -2.41057e-13
3.11 4.43316e-12 -2.51588e-13
3.115 4.60852e-12 -2.62558e-13
3.12 4.7905e-12 -2.73986e-13
3.125 4.97934e-12 -2.8589e-13
3.13 5.17528e-12 -2.98289e-13
3.135 5.37858e-12 -3.11203e-13
3.14 5.5895e-12 -3.24651e-13
3.145 5.80832e-12 -3.38655e-13
3.15 6.03531e-12 -3.53238e-13
3.155 6.27076e-12 -3.6842e-13
3.16 6.51497e-12 -3.84227e-13
3.165 6.76826e-12 -4.00683e-13
3.17 7.03095e-12 -4.17812e-13
3.175 7.30336e-12 -4.35642e-13
3.18 7.58585e-12 -4.54199e-13
3.185 7.87876e-12 -4.73513e-13
3.19 8.18245e-12 -4.93611e-13
3.195 8.49732e-12 -5.14526e-13
3.2 8.82375e-12 -5.36287e-13
3.205 9.16213e-12 -5.58929e-13
3.21 9.5129e-12 -5.82484e-13
3.215 9.87648e-12 -6.06988e-13
3.22 1.02533e-11 -6.32478e-13
3.225 1.06439e-11 -6.58991e-13
3.23 1.10486e-11 -6.86566e-13
3.235 1.1468e-11 -7.15244e-13
3.24 1.19026e-11 -7.45067e-13
3.245 1.2353e-11 -7.76078e-13
3.25 1.28195e-11 -8.08322e-13
3.255 1.33029e-11 -8.41847e-13
3.26 1.38037e-11 -8.767e-13
3.265 1.43224e-11 -9.12932e-13
3.27 1.48597e-11 -9.50595e-13
3.275 1.54163e-11 -9.89742e-13
3.28 1.59927e-11 -1.03043e-12
3.285 1.65897e-11 -1.07271e-12
3.29 1.7208e-11 -1.11666e-12
3.295 1.78482e-11 -1.16232e-12
3.3 1.85112e-11 -1.20976e-12
3.305 1.91976e-11 -1.25906e-12
3.31 1.99083e-11 -1.31027e-12
3.315 2.0644e-11 -1.36347e-12
3.32 2.14057e-11 -1.41873e-12
3.325 2.21943e-11 -1.47614e-12
3.33 2.30105e-11 -1.53576e-12
3.335 2.38553e-11 -1.59768e-12
3.34 2.47297e-11 -1.66198e-12
3.345 2.56346e-11 -1.72875e-12
3.35 2.65711e-11 -1.79809e-12
3.355 2.75403e-11 -1.87007e-12
3.36 2.85431e-11 -1.94481e-12
3.365 2.95808e-11 -2.0224e-12
3.37 3.06544e-11 -2.10295e-12
3.375 3.17652e-11 -2.18655e-12
3.38 3.29143e-11 -2.27333e-12
3.385 3.41031e-11 -2.36339e-12
3.39 3.53327e-11 -2.45686e-12
3.395 3.66047e-11 -2.55385e-12
3.4 3.79203e-11 -2.6545e-12
3.405 3.9281e-11 -2.75893e-12
3.41 4.06882e-11 -2.86728e-12
3.415 4.21434e-11 -2.97969e-12
3.42 4.36483e-11 -3.0963e-12
3.425 4.52043e-11 -3.21726e-12
3.43 4.68133e-11 -3.34273e-12
3.435 4.84768e-11 -3.47287e-12
3.44 5.01966e-11 -3.60784e-12
3.445 5.19746e-11 -3.7478e-12
3.45 5.38126e-11 -3.89295e-12
3.455 5.57125e-11 -4.04346e-12
3.46 5.76764e-11 -4.19951e-12
3.465 5.97062e-11 -4.3613e-12
3.47 6.18041e-11 -4.52904e-12
3.475 6.39722e-11 -4.70292e-12
3.48 6.62128e-11 -4.88317e-12
3.485 6.85282e-11 -5.07e-12
3.49 7.09207e-11 -5.26364e-12
3.495 7.33928e-11 -5.46433e-12
3.5 7.59469e-11 -5.67231e-12
3.505 7.85858e-11 -5.88784e-12
3.51 8.13119e-11 -6.11116e-12
3.515 8.41282e-11 -6.34256e-12
3.52 8.70374e-11 -6.5823e-12
3.525 9.00424e-11 -6.83068e-12
3.53 9.31463e-11 -7.08798e-12
3.535 9.6352e-11 -7.35452e-12
3.54 9.96629e-11 -7.6306e-12
3.545 1.03082e-10 -7.91655e-12
3.55 1.06613e-10 -8.2127e-12
3.555 1.10259e-10 -8.5194e-12
3.56 1.14024e-10 -8.83701e-12
3.565 1.17911e-10 -9.1659e-12
3.57 1.21925e-10 -9.50643e-12
3.575 1.26068e-10 -9.85902e-12
3.58 1.30346e-10 -1.0224e-11
3.585 1.34762e-10 -1.06019e-11
3.59 1.3932e-10 -1.09931e-11
3.595 1.44025e-10 -1.13981e-11
3.6 1.48882e-10 -1.18172e-11
3.605 1.53894e-10 -1.2251e-11
3.61 1.59067e-10 -1.26999e-11
3.615 1.64406e-10 -1.31645e-11
3.62 1.69915e-10 -1.36453e-11
3.625 1.756e-10 -1.41427e-11
3.63 1.81466e-10 -1.46575e-11
3.635 1.87518e-10 -1.519e-11
3.64 1.93763e-10 -1.5741e-11
3.645 2.00205e-10 -1.63109e-11
3.65 2.06852e-10 -1.69005e-11
3.655 2.13708e-10 -1.75104e-11
3.66 2.20781e-10 -1.81412e-11
3.665 2.28077e-10 -1.87936e-11
3.67 2.35602e-10 -1.94683e-11
3.675 2.43363e-10 -2.0166e-11
3.68 2.51368e-10 -2.08875e-11
3.685 2.59623e-10 -2.16336e-11
3.69 2.68136e-10 -2.2405e-11
3.695 2.76915e-10 -2.32025e-11
3.7 2.85967e-10 -2.4027e-11
3.705 2.95301e-10 -2.48794e-11
3.71 3.04925e-10 -2.57605e-11
3.715 3.14847e-10 -2.66713e-11
3.72 3.25077e-10 -2.76127e-11
3.725 3.35622e-10 -2.85856e-11
3.73 3.46493e-10 -2.95911e-11
3.735 3.57699e-10 -3.06303e-11
3.74 3.6925e-10 -3.17041e-11
3.745 3.81156e-10 -3.28136e-11
3.75 3.93427e-10 -3.39601e-11
3.755 4.06073e-10 -3.51446e-11
3.76 4.19107e-10 -3.63683e-11
3.765 4.32538e-10 -3.76325e-11
3.77 4.46378e-10 -3.89385e-11
3.775 4.6064e-10 -4.02875e-11
3.78 4.75335e-10 -4.16809e-11
3.785 4.90476e-10 -4.312e-11
3.79 5.06076e-10 -4.46063e-11
3.795 5.22147e-10 -4.61413e-11
3.8 5.38704e-10 -4.77264e-11
3.805 5.5576e-10 -4.93632e-11
3.81 5.73329e-10 -5.10533e-11
3.815 5.91427e-10 -5.27983e-11
3.82 6.10068e-10 -5.46e-11
3.825 6.29267e-10 -5.64599e-11
3.83 6.49041e-10 -5.83801e-11
3.835 6.69406e-10 -6.03622e-11
3.84 6.90378e-10 -6.24081e-11
3.845 7.11975e-10 -6.45199e-11
3.85 7.34214e-10 -6.66995e-11
3.855 7.57113e-10 -6.89489e-11
3.86 7.80691e-10 -7.12703e-11
3.865 8.04968e-10 -7.36658e-11
3.87 8.29961e-10 -7.61378e-11
3.875 8.55693e-10 -7.86884e-11
3.88 8.82182e-10 -8.13201e-11
3.885 9.09451e-10 -8.40352e-11
3.89 9.37521e-10 -8.68363e-11
3.895 9.66415e-10 -8.9726e-11
3.9 9.96155e-10 -9.27069e-11
3.905 1.02676e-09 -9.57816e-11
3.91 1.05827e-09 -9.89531e-11
3.915 1.09069e-09 -1.02224e-10
3.92 1.12405e-09 -1.05598e-10
3.925 1.15839e-09 -1.09077e-10
3.93 1.19372e-09 -1.12665e-10
3.935 1.23008e-09 -1.16364e-10
3.94 1.26748e-09 -1.20179e-10
3.945 1.30597e-09 -1.24112e-10
3.95 1.34557e-09 -1.28168e-10
3.955 1.38631e-09 -1.32348e-10
3.96 1.42822e-09 -1.36659e-10
3.965 1.47134e-09 -1.41102e-10
3.97 1.51569e-09 -1.45682e-10
3.975 1.56131e-09 -1.50403e-10
3.98 1.60823e-09 -1.55269e-10
3.985 1.6565e-09 -1.60284e-10
3.99 1.70614e-09 -1.65452e-10
3.995 1.75719e-09 -1.70778e-10
4 1.8097e-09 -1.76267e-10
4.005 1.86369e-09 -1.81923e-10
4.01 1.91921e-09 -1.87751e-10
4.015 1.97631e-09 -1.93755e-10
4.02 2.03502e-09 -1.99942e-10
4.025 2.09538e-09 -2.06315e-10
4.03 2.15744e-09 -2.12881e-10
4.035 2.22125e-09 -2.19645e-10
4.04 2.28685e-09 -2.26612e-10
4.045 2.35429e-09 -2.33788e-10
4.05 2.42362e-09 -2.4118e-10
4.055 2.49489e-09 -2.48792e-10
4.06 2.56815e-09 -2.56633e-10
4.065 2.64344e-09 -2.64707e-10
4.07 2.72084e-09 -2.73021e-10
4.075 2.80038e-09 -2.81583e-10
4.08 2.88213e-09 -2.90399e-10
4.085 2.96615e-09 -2.99476e-10
4.09 3.05249e-09 -3.08822e-10
4.095 3.14122e-09 -3.18443e-10
4.1 3.2324e-09 -3.28348e-10
4.105 3.32608e-09 -3.38545e-10
4.11 3.42235e-09 -3.49041e-10
4.115 3.52126e-09 -3.59845e-10
4.12 3.62288e-09 -3.70966e-10
4.125 3.72728e-09 -3.82412e-10
4.13 3.83454e-09 -3.94191e-10
4.135 3.94473e-09 -4.06314e-10
4.14 4.05792e-09 -4.1879e-10
4.145 4.17419e-09 -4.31627e-10
4.15 4.29362e-09 -4.44837e-10
4.155 4.4163e-09 -4.5843e-10
4.16 4.5423e-09 -4.72415e-10
4.165 4.67172e-09 -4.86803e-10
4.17 4.80463e-09 -5.01606e-10
4.175 4.94112e-09 -5.16834e-10
4.18 5.0813e-09 -5.325e-10
4.185 5.22525e-09 -5.48614e-10
4.19 5.37306e-09 -5.6519e-10
4.195 5.52484e-09 -5.82239e-10
4.2 5.68069e-09 -5.99774e-10
4.205 5.84071e-09 -6.17808e-10
4.21 6.005e-09 -6.36354e-10
4.215 6.17368e-09 -6.55427e-10
4.22 6.34685e-09 -6.7504e-10
4.225 6.52463e-09 -6.95207e-10
4.23 6.70713e-09 -7.15944e-10
4.235 6.89446e-09 -7.37266e-10
4.24 7.08677e-09 -7.59187e-10
4.245 7.28415e-09 -7.81724e-10
4.25 7.48675e-09 -8.04894e-10
4.255 7.69469e-09 -8.28712e-10
4.26 7.90811e-09 -8.53196e-10
4.265 8.12714e-09 -8.78363e-10
4.27 8.35193e-09 -9.04231e-10
4.275 8.5826e-09 -9.30819e-10
4.28 8.81932e-09 -9.58146e-10
4.285 9.06223e-09 -9.8623e-10
4.29 9.31147e-09 -1.01509e-09
4.295 9.56722e-09 -1.04475e-09
4.3 9.82962e-09 -1.07523e-09
4.305 1.00989e-08 -1.10655e-09
4.31 1.03751e-08 -1.13872e-09
4.315 1.06584e-08 -1.17179e-09
4.32 1.09492e-08 -1.20575e-09
4.325 1.12474e-08 -1.24065e-09
4.33 1.15533e-08 -1.2765e-09
4.335 1.18671e-08 -1.31333e-09
4.34 1.2189e-08 -1.35116e-09
4.345 1.25192e-08 -1.39002e-09
4.35 1.28578e-08 -1.42994e-09
4.355 1.32051e-08 -1.47094e-09
4.36 1.35613e-08 -1.51304e-09
4.365 1.39267e-08 -1.55629e-09
4.37 1.43013e-08 -1.6007e-09
4.375 1.46855e-08 -1.64631e-09
4.38 1.50794e-08 -1.69314e-09
4.385 1.54834e-08 -1.74123e-09
4.39 1.58976e-08 -1.79061e-09
4.395 1.63224e-08 -1.84131e-09
4.4 1.67579e-08 -1.89336e-09
4.405 1.72043e-08 -1.9468e-09
4.41 1.76621e-08 -2.00167e-09
4.415 1.81314e-08 -2.05799e-09
4.42 1.86125e-08 -2.11581e-09
4.425 1.91057e-08 -2.17516e-09
4.43 1.96113e-08 -2.23608e-09
4.435 2.01295e-08 -2.29861e-09
4.44 2.06607e-08 -2.36279e-09
4.445 2.12052e-08 -2.42866e-09
4.45 2.17633e-08 -2.49626e-09
4.455 2.23353e-08 -2.56563e-09
4.46 2.29215e-08 -2.63682e-09
4.465 2.35223e-08 -2.70988e-09
4.47 2.4138e-08 -2.78484e-09
4.475 2.4769e-08 -2.86176e-09
4.48 2.54156e-08 -2.94068e-09
4.485 2.60781e-08 -3.02165e-09
4.49 2.67571e-08 -3.10473e-09
4.495 2.74527e-08 -3.18996e-09
4.5 2.81655e-08 -3.27739e-09
4.505 2.88958e-08 -3.36708e-09
4.51 2.9644e-08 -3.45908e-09
4.515 3.04106e-08 -3.55346e-09
4.52 3.1196e-08 -3.65025e-09
4.525 3.20005e-08 -3.74954e-09
4.53 3.28247e-08 -3.85137e-09
4.535 3.36689e-08 -3.9558e-09
4.54 3.45338e-08 -4.06291e-09
4.545 3.54196e-08 -4.17274e-09
4.55 3.6327e-08 -4.28537e-09
4.555 3.72563e-08 -4.40087e-09
4.56 3.82082e-08 -4.5193e-09
4.565 3.91831e-08 -4.64073e-09
4.57 4.01815e-08 -4.76523e-09
4.575 4.1204e-08 -4.89288e-09
4.58 4.22511e-08 -5.02375e-09
4.585 4.33234e-08 -5.15792e-09
4.59 4.44214e-08 -5.29546e-09
4.595 4.55458e-08 -5.43646e-09
4.6 4.66971e-08 -5.58099e-09
4.605 4.7876e-08 -5.72914e-09
4.61 4.9083e-08 -5.88099e-09
4.615 5.03188e-08 -6.03663e-09
4.62 5.1584e-08 -6.19615e-09
4.625 5.28793e-08 -6.35964e-09
4.63 5.42054e-08 -6.52719e-09
4.635 5.5563e-08 -6.6989e-09
4.64 5.69527e-08 -6.87486e-09
4.645 5.83753e-08 -7.05516e-09
4.65 5.98315e-08 -7.23992e-09
4.655 6.13221e-08 -7.42924e-09
4.66 6.28478e-08 -7.62321e-09
4.665 6.44094e-08 -7.82195e-09
4.67 6.60077e-08 -8.02557e-09
4.675 6.76435e-08 -8.23417e-09
4.68 6.93177e-08 -8.44787e-09
4.685 7.1031e-08 -8.6668e-09
4.69 7.27844e-08 -8.89106e-09
4.695 7.45788e-08 -9.12078e-09
4.7 7.64149e-08 -9.35609e-09
4.705 7.82938e-08 -9.59711e-09
4.71 8.02164e-08 -9.84397e-09
4.715 8.21836e-08 -1.00968e-08
4.72 8.41964e-08 -1.03557e-08
4.725 8.62559e-08 -1.06209e-08
4.73 8.8363e-08 -1.08925e-08
4.735 9.05187e-08 -1.11706e-08
4.74 9.27241e-08 -1.14554e-08
4.745 9.49804e-08 -1.1747e-08
4.75 9.72886e-08 -1.20456e-08
4.755 9.96497e-08 -1.23514e-08
4.76 1.02065e-07 -1.26644e-08
4.765 1.04536e-07 -1.29849e-08
4.77 1.07063e-07 -1.3313e-08
4.775 1.09648e-07 -1.36489e-08
4.78 1.12292e-07 -1.39928e-08
4.785 1.14996e-07 -1.43448e-08
4.79 1.17762e-07 -1.47052e-08
4.795 1.20591e-07 -1.5074e-08
4.8 1.23483e-07 -1.54516e-08
4.805 1.26442e-07 -1.5838e-08
4.81 1.29467e-07 -1.62336e-08
4.815 1.32561e-07 -1.66384e-08
4.82 1.35725e-07 -1.70527e-08
4.825 1.3896e-07 -1.74767e-08
4.83 1.42267e-07 -1.79106e-08
4.835 1.4565e-07 -1.83547e-08
4.84 1.49108e-07 -1.88091e-08
4.845 1.52644e-07 -1.9274e-08
4.85 1.56259e-07 -1.97498e-08
4.855 1.59955e-07 -2.02366e-08
4.86 1.63733e-07 -2.07346e-08
4.865 1.67596e-07 -2.12442e-08
4.87 1.71545e-07 -2.17656e-08
4.875 1.75581e-07 -2.22989e-08
4.88 1.79708e-07 -2.28446e-08
4.885 1.83926e-07 -2.34028e-08
4.89 1.88238e-07 -2.39738e-08
4.895 1.92645e-07 -2.45578e-08
4.9 1.97149e-07 -2.51553e-08
4.905 2.01753e-07 -2.57664e-08
4.91 2.06458e-07 -2.63914e-08
4.915 2.11268e-07 -2.70307e-08
4.92 2.16182e-07 -2.76846e-08
4.925 2.21205e-07 -2.83532e-08
4.93 2.26338e-07 -2.90371e-08
4.935 2.31584e-07 -2.97364e-08
4.94 2.36944e-07 -3.04516e-08
4.945 2.42422e-07 -3.11829e-08
4.95 2.48019e-07 -3.19307e-08
4.955 2.53738e-07 -3.26953e-08
4.96 2.59581e-07 -3.34771e-08
4.965 2.65552e-07 -3.42765e-08
4.97 2.71652e-07 -3.50938e-08
4.975 2.77884e-07 -3.59293e-08
4.98 2.84251e-07 -3.67836e-08
4.985 2.90757e-07 -3.76569e-08
4.99 2.97402e-07 -3.85497e-08
4.995 3.04191e-07 -3.94623e-08
5 3.11126e-07 -4.03953e-08
5.005 3.18211e-07 -4.13489e-08
5.01 3.25447e-07 -4.23236e-08
5.015 3.32839e-07 -4.33199e-08
5.02 3.4039e-07 -4.43383e-08
5.025 3.48102e-07 -4.5379e-08
5.03 3.55979e-07 -4.64427e-08
5.035 3.64024e-07 -4.75298e-08
5.04 3.7224e-07 -4.86408e-08
5.045 3.80632e-07 -4.97761e-08
5.05 3.89202e-07 -5.09363e-08
5.055 3.97954e-07 -5.21219e-08
5.06 4.06892e-07 -5.33334e-08
5.065 4.16019e-07 -5.45712e-08
5.07 4.25339e-07 -5.5836e-08
5.075 4.34857e-07 -5.71284e-08
5.08 4.44575e-07 -5.84487e-08
5.085 4.54498e-07 -5.97977e-08
5.09 4.64629e-07 -6.11759e-08
5.095 4.74974e-07 -6.25839e-08
5.1 4.85536e-07 -6.40223e-08
5.105 4.9632e-07 -6.54916e-08
5.11 5.07329e-07 -6.69926e-08
5.115 5.18569e-07 -6.85259e-08
5.12 5.30043e-07 -7.0092e-08
5.125 5.41757e-07 -7.16917e-08
5.13 5.53715e-07 -7.33257e-08
5.135 5.65922e-07 -7.49946e-08
5.14 5.78383e-07 -7.6699e-08
5.145 5.91102e-07 -7.84398e-08
5.15 6.04085e-07 -8.02176e-08
5.155 6.17337e-07 -8.20333e-08
5.16 6.30862e-07 -8.38874e-08
5.165 6.44668e-07 -8.57808e-08
5.17 6.58757e-07 -8.77142e-08
5.175 6.73138e-07 -8.96885e-08
5.18 6.87814e-07 -9.17045e-08
5.185 7.02791e-07 -9.37629e-08
5.19 7.18076e-07 -9.58646e-08
5.195 7.33674e-07 -9.80105e-08
5.2 7.49592e-07 -1.00201e-07
5.205 7.65835e-07 -1.02438e-07
5.21 7.82409e-07 -1.04722e-07
5.215 7.99322e-07 -1.07053e-07
5.22 8.16579e-07 -1.09433e-07
5.225 8.34187e-07 -1.11862e-07
5.23 8.52153e-07 -1.14342e-07
5.235 8.70483e-07 -1.16874e-07
5.24 8.89185e-07 -1.19458e-07
5.245 9.08265e-07 -1.22095e-07
5.25 9.27731e-07 -1.24787e-07
5.255 9.4759e-07 -1.27535e-07
5.26 9.67849e-07 -1.30339e-07
5.265 9.88517e-07 -1.33202e-07
5.27 1.0096e-06 -1.36123e-07
5.275 1.03111e-06 -1.39104e-07
5.28 1.05304e-06 -1.42146e-07
5.285 1.07542e-06 -1.4525e-07
5.29 1.09825e-06 -1.48418e-07
5.295 1.12153e-06 -1.51651e-07
5.3 1.14527e-06 -1.54949e-07
5.305 1.16949e-06 -1.58315e-07
5.31 1.1942e-06 -1.61749e-07
5.315 1.21939e-06 -1.65253e-07
5.32 1.24508e-06 -1.68828e-07
5.325 1.27128e-06 -1.72475e-07
5.33 1.29801e-06 -1.76196e-07
5.335 1.32526e-06 -1.79993e-07
5.34 1.35305e-06 -1.83866e-07
5.345 1.38138e-06 -1.87817e-07
5.35 1.41028e-06 -1.91847e-07
5.355 1.43975e-06 -1.95958e-07
5.36 1.46979e-06 -2.00152e-07
5.365 1.50042e-06 -2.0443e-07
5.37 1.53166e-06 -2.08793e-07
5.375 1.56351e-06 -2.13244e-07
5.38 1.59598e-06 -2.17783e-07
5.385 1.62908e-06 -2.22413e-07
5.39 1.66283e-06 -2.27135e-07
5.395 1.69724e-06 -2.3195e-07
5.4 1.73232e-06 -2.36862e-07
5.405 1.76808e-06 -2.4187e-07
5.41 1.80454e-06 -2.46978e-07
5.415 1.8417e-06 -2.52186e-07
5.42 1.87958e-06 -2.57498e-07
5.425 1.9182e-06 -2.62914e-07
5.43 1.95756e-06 -2.68436e-07
5.435 1.99768e-06 -2.74067e-07
5.44 2.03857e-06 -2.79809e-07
5.445 2.08025e-06 -2.85663e-07
5.45 2.12274e-06 -2.91631e-07
5.455 2.16603e-06 -2.97717e-07
5.46 2.21016e-06 -3.03921e-07
5.465 2.25514e-06 -3.10246e-07
5.47 2.30097e-06 -3.16694e-07
5.475 2.34768e-06 -3.23267e-07
5.48 2.39528e-06 -3.29968e-07
5.485 2.44379e-06 -3.36799e-07
5.49 2.49322e-06 -3.43762e-07
5.495 2.5436e-06 -3.5086e-07
5.5 2.59493e-06 -3.58095e-07
5.505 2.64723e-06 -3.65469e-07
5.51 2.70052e-06 -3.72985e-07
5.515 2.75482e-06 -3.80646e-07
5.52 2.81015e-06 -3.88454e-07
5.525 2.86652e-06 -3.96411e-07
5.53 2.92396e-06 -4.04521e-07
5.535 2.98247e-06 -4.12786e-07
5.54 3.04209e-06 -4.21209e-07
5.545 3.10282e-06 -4.29793e-07
5.55 3.1647e-06 -4.3854e-07
5.555 3.22773e-06 -4.47454e-07
5.56 3.29194e-06 -4.56536e-07
5.565 3.35735e-06 -4.65792e-07
5.57 3.42399e-06 -4.75222e-07
5.575 3.49186e-06 -4.84831e-07
5.58 3.561e-06 -4.94622e-07
5.585 3.63143e-06 -5.04597e-07
5.59 3.70316e-06 -5.1476e-07
5.595 3.77622e-06 -5.25115e-07
5.6 3.85064e-06 -5.35664e-07
5.605 3.92643e-06 -5.46411e-07
5.61 4.00363e-06 -5.57359e-07
5.615 4.08224e-06 -5.68513e-07
5.62 4.16231e-06 -5.79875e-07
5.625 4.24386e-06 -5.91449e-07
5.63 4.3269e-06 -6.03239e-07
5.635 4.41147e-06 -6.15249e-07
5.64 4.49758e-06 -6.27482e-07
5.645 4.58528e-06 -6.39942e-07
5.65 4.67458e-06 -6.52633e-07
5.655 4.76552e-06 -6.65559e-07
5.66 4.85811e-06 -6.78724e-07
5.665 4.95239e-06 -6.92133e-07
5.67 5.04839e-06 -7.05789e-07
5.675 5.14613e-06 -7.19696e-07
5.68 5.24565e-06 -7.3386e-07
5.685 5.34698e-06 -7.48283e-07
5.69 5.45014e-06 -7.62972e-07
5.695 5.55517e-06 -7.77929e-07
5.7 5.66209e-06 -7.9316e-07
5.705 5.77095e-06 -8.0867e-07
5.71 5.88177e-06 -8.24463e-07
5.715 5.99459e-06 -8.40544e-07
5.72 6.10943e-06 -8.56917e-07
5.725 6.22634e-06 -8.73589e-07
5.73 6.34535e-06 -8.90563e-07
5.735 6.46648e-06 -9.07845e-07
5.74 6.58979e-06 -9.2544e-07
5.745 6.7153e-06 -9.43353e-07
5.75 6.84305e-06 -9.6159e-07
5.755 6.97308e-06 -9.80155e-07
5.76 7.10543e-06 -9.99056e-07
5.765 7.24013e-06 -1.0183e-06
5.77 7.37723e-06 -1.03788e-06
5.775 7.51675e-06 -1.05782e-06
5.78 7.65876e-06 -1.07811e-06
5.785 7.80327e-06 -1.09877e-06
5.79 7.95034e-06 -1.1198e-06
5.795 8.10001e-06 -1.1412e-06
5.8 8.25231e-06 -1.16299e-06
5.805 8.4073e-06 -1.18516e-06
5.81 8.56502e-06 -1.20773e-06
5.815 8.72551e-06 -1.2307e-06
5.82 8.88881e-06 -1.25407e-06
5.825 9.05498e-06 -1.27786e-06
5.83 9.22406e-06 -1.30207e-06
5.835 9.39609e-06 -1.32671e-06
5.84 9.57113e-06 -1.35178e-06
5.845 9.74922e-06 -1.37729e-06
5.85 9.93042e-06 -1.40326e-06
5.855 1.01148e-05 -1.42968e-06
5.86 1.03023e-05 -1.45656e-06
5.865 1.04931e-05 -1.48392e-06
5.87 1.06872e-05 -1.51175e-06
5.875 1.08847e-05 -1.54007e-06
5.88 1.10856e-05 -1.56889e-06
5.885 1.129e-05 -1.5982e-06
5.89 1.14979e-05 -1.62803e-06
5.895 1.17094e-05 -1.65838e-06
5.9 1.19245e-05 -1.68925e-06
5.905 1.21433e-05 -1.72066e-06
5.91 1.23659e-05 -1.75262e-06
5.915 1.25922e-05 -1.78513e-06
5.92 1.28225e-05 -1.8182e-06
5.925 1.30567e-05 -1.85184e-06
5.93 1.32949e-05 -1.88606e-06
5.935 1.35372e-05 -1.92087e-06
5.94 1.37836e-05 -1.95628e-06
5.945 1.40342e-05 -1.99229e-06
5.95 1.4289e-05 -2.02893e-06
5.955 1.45482e-05 -2.06619e-06
5.96 1.48118e-05 -2.10409e-06
5.965 1.50798e-05 -2.14263e-06
5.97 1.53524e-05 -2.18184e-06
5.975 1.56296e-05 -2.22171e-06
5.98 1.59115e-05 -2.26226e-06
5.985 1.61981e-05 -2.3035e-06
5.99 1.64895e-05 -2.34544e-06
5.995 1.67859e-05 -2.3881e-06
6 1.70872e-05 -2.43147e-06
6.005 1.73936e-05 -2.47558e-06
6.01 1.77051e-05 -2.52043e-06
6.015 1.80218e-05 -2.56604e-06
6.02 1.83439e-05 -2.61242e-06
6.025 1.86713e-05 -2.65958e-06
6.03 1.90041e-05 -2.70753e-06
6.035 1.93425e-05 -2.75628e-06
6.04 1.96865e-05 -2.80585e-06
6.045 2.00363e-05 -2.85626e-06
6.05 2.03918e-05 -2.9075e-06
6.055 2.07533e-05 -2.9596e-06
6.06 2.11207e-05 -3.01257e-06
6.065 2.14942e-05 -3.06642e-06
6.07 2.18739e-05 -3.12117e-06
6.075 2.22598e-05 -3.17683e-06
6.08 2.26521e-05 -3.23341e-06
6.085 2.30508e-05 -3.29093e-06
6.09 2.34561e-05 -3.3494e-06
6.095 2.38681e-05 -3.40883e-06
6.1 2.42868e-05 -3.46925e-06
6.105 2.47123e-05 -3.53066e-06
6.11 2.51449e-05 -3.59309e-06
6.115 2.55844e-05 -3.65654e-06
6.12 2.60312e-05 -3.72103e-06
6.125 2.64852e-05 -3.78658e-06
6.13 2.69466e-05 -3.85321e-06
6.135 2.74156e-05 -3.92092e-06
6.14 2.78921e-05 -3.98975e-06
6.145 2.83764e-05 -4.05969e-06
6.15 2.88685e-05 -4.13078e-06
6.155 2.93685e-05 -4.20302e-06
6.16 2.98767e-05 -4.27643e-06
6.165 3.0393e-05 -4.35104e-06
6.17 3.09177e-05 -4.42686e-06
6.175 3.14508e-05 -4.50391e-06
6.18 3.19924e-05 -4.5822e-06
6.185 3.25428e-05 -4.66176e-06
6.19 3.3102e-05 -4.7426e-06
6.195 3.36702e-05 -4.82475e-06
6.2 3.42474e-05 -4.90821e-06
6.205 3.48339e-05 -4.99302e-06
6.21 3.54297e-05 -5.07919e-06
6.215 3.60351e-05 -5.16674e-06
6.22 3.665e-05 -5.25569e-06
6.225 3.72748e-05 -5.34607e-06
6.23 3.79094e-05 -5.43789e-06
6.235 3.85542e-05 -5.53117e-06
6.24 3.92091e-05 -5.62594e-06
6.245 3.98745e-05 -5.72222e-06
6.25 4.05503e-05 -5.82003e-06
6.255 4.12368e-05 -5.91939e-06
6.26 4.19341e-05 -6.02033e-06
6.265 4.26424e-05 -6.12286e-06
6.27 4.33619e-05 -6.22702e-06
6.275 4.40926e-05 -6.33282e-06
6.28 4.48348e-05 -6.44029e-06
6.285 4.55887e-05 -6.54945e-06
6.29 4.63543e-05 -6.66033e-06
6.295 4.71319e-05 -6.77295e-06
6.3 4.79217e-05 -6.88734e-06
6.305 4.87237e-05 -7.00352e-06
6.31 4.95383e-05 -7.12152e-06
6.315 5.03655e-05 -7.24137e-06
6.32 5.12056e-05 -7.36309e-06
6.325 5.20588e-05 -7.4867e-06
6.33 5.29251e-05 -7.61225e-06
6.335 5.38049e-05 -7.73974e-06
6.34 5.46982e-05 -7.86921e-06
6.345 5.56054e-05 -8.0007e-06
6.35 5.65265e-05 -8.13422e-06
6.355 5.74619e-05 -8.26981e-06
6.36 5.84116e-05 -8.40749e-06
6.365 5.93759e-05 -8.5473e-06
6.37 6.03551e-05 -8.68927e-06
6.375 6.13492e-05 -8.83342e-06
6.38 6.23586e-05 -8.97979e-06
6.385 6.33834e-05 -9.12841e-06
6.39 6.44238e-05 -9.2793e-06
6.395 6.54801e-05 -9.43251e-06
6.4 6.65526e-05 -9.58807e-06
6.405 6.76413e-05 -9.746e-06
6.41 6.87466e-05 -9.90634e-06
6.415 6.98687e-05 -1.00691e-05
6.42 7.10077e-05 -1.02344e-05
6.425 7.21641e-05 -1.04022e-05
6.43 7.33379e-05 -1.05725e-05
6.435 7.45295e-05 -1.07454e-05
6.44 7.5739e-05 -1.0921e-05
6.445 7.69668e-05 -1.10991e-05
6.45 7.8213e-05 -1.128e-05
6.455 7.9478e-05 -1.14636e-05
6.46 8.0762e-05 -1.165e-05
6.465 8.20652e-05 -1.18392e-05
6.47 8.33879e-05 -1.20312e-05
6.475 8.47305e-05 -1.22261e-05
6.48 8.60931e-05 -1.2424e-05
6.485 8.7476e-05 -1.26248e-05
6.49 8.88796e-05 -1.28286e-05
6.495 9.0304e-05 -1.30354e-05
6.5 9.17496e-05 -1.32454e-05
6.505 9.32167e-05 -1.34585e-05
6.51 9.47055e-05 -1.36747e-05
6.515 9.62164e-05 -1.38942e-05
6.52 9.77497e-05 -1.41169e-05
6.525 9.93056e-05 -1.43429e-05
6.53 0.000100885 -1.45723e-05
6.535 0.000102487 -1.4805e-05
6.54 0.000104112 -1.50412e-05
6.545 0.000105762 -1.52809e-05
6.55 0.000107436 -1.55241e-05
6.555 0.000109134 -1.57709e-05
6.56 0.000110858 -1.60213e-05
6.565 0.000112606 -1.62754e-05
6.57 0.00011438 -1.65333e-05
6.575 0.00011618 -1.67949e-05
6.58 0.000118007 -1.70603e-05
6.585 0.000119859 -1.73296e-05
6.59 0.000121739 -1.76028e-05
6.595 0.000123646 -1.78801e-05
6.6 0.000125581 -1.81613e-05
6.605 0.000127544 -1.84467e-05
6.61 0.000129535 -1.87362e-05
6.615 0.000131555 -1.90298e-05
6.62 0.000133604 -1.93278e-05
6.625 0.000135683 -1.963e-05
6.63 0.000137791 -1.99366e-05
6.635 0.00013993 -2.02477e-05
6.64 0.0001421 -2.05632e-05
6.645 0.000144301 -2.08832e-05
6.65 0.000146533 -2.12079e-05
6.655 0.000148798 -2.15372e-05
6.66 0.000151094 -2.18713e-05
6.665 0.000153424 -2.22101e-05
6.67 0.000155786 -2.25538e-05
6.675 0.000158183 -2.29023e-05
6.68 0.000160613 -2.32559e-05
6.685 0.000163078 -2.36145e-05
6.69 0.000165578 -2.39782e-05
6.695 0.000168113 -2.4347e-05
6.7 0.000170685 -2.47211e-05
6.705 0.000173292 -2.51005e-05
6.71 0.000175937 -2.54853e-05
6.715 0.000178618 -2.58755e-05
6.72 0.000181338 -2.62712e-05
6.725 0.000184095 -2.66725e-05
6.73 0.000186892 -2.70795e-05
6.735 0.000189728 -2.74922e-05
6.74 0.000192603 -2.79106e-05
6.745 0.000195519 -2.8335e-05
6.75 0.000198475 -2.87653e-05
6.755 0.000201473 -2.92016e-05
6.76 0.000204513 -2.9644e-05
6.765 0.000207594 -3.00926e-05
6.77 0.000210719 -3.05475e-05
6.775 0.000213887 -3.10087e-05
6.78 0.0002171 -3.14763e-05
6.785 0.000220356 -3.19504e-05
6.79 0.000223658 -3.24311e-05
6.795 0.000227005 -3.29184e-05
6.8 0.000230399 -3.34125e-05
6.805 0.000233839 -3.39134e-05
6.81 0.000237327 -3.44213e-05
6.815 0.000240863 -3.49361e-05
6.82 0.000244447 -3.5458e-05
6.825 0.000248081 -3.59871e-05
6.83 0.000251764 -3.65235e-05
6.835 0.000255498 -3.70672e-05
6.84 0.000259283 -3.76184e-05
6.845 0.00026312 -3.81771e-05
6.85 0.000267008 -3.87435e-05
6.855 0.00027095 -3.93176e-05
6.86 0.000274946 -3.98995e-05
6.865 0.000278995 -4.04894e-05
6.87 0.0002831 -4.10872e-05
6.875 0.00028726 -4.16932e-05
6.88 0.000291477 -4.23074e-05
6.885 0.00029575 -4.29299e-05
6.89 0.000300082 -4.35609e-05
6.895 0.000304471 -4.42003e-05
6.9 0.00030892 -4.48484e-05
6.905 0.000313429 -4.55053e-05
6.91 0.000317998 -4.61709e-05
6.915 0.000322629 -4.68455e-05
6.92 0.000327321 -4.75292e-05
6.925 0.000332077 -4.82221e-05
6.93 0.000336896 -4.89242e-05
6.935 0.000341779 -4.96357e-05
6.94 0.000346728 -5.03567e-05
6.945 0.000351742 -5.10874e-05
6.95 0.000356823 -5.18278e-05
6.955 0.000361971 -5.2578e-05
6.96 0.000367188 -5.33382e-05
6.965 0.000372474 -5.41085e-05
6.97 0.00037783 -5.4889e-05
6.975 0.000383257 -5.56799e-05
6.98 0.000388755 -5.64812e-05
6.985 0.000394326 -5.7293e-05
6.99 0.00039997 -5.81156e-05
6.995 0.000405688 -5.89491e-05
7 0.000411482 -5.97934e-05
7.005 0.000417351 -6.06489e-05
7.01 0.000423298 -6.15156e-05
7.015 0.000429322 -6.23937e-05
7.02 0.000435425 -6.32833e-05
7.025 0.000441608 -6.41845e-05
7.03 0.000447871 -6.50974e-05
7.035 0.000454215 -6.60223e-05
7.04 0.000460643 -6.69592e-05
7.045 0.000467153 -6.79083e-05
7.05 0.000473748 -6.88697e-05
7.055 0.000480429 -6.98436e-05
7.06 0.000487196 -7.08301e-05
7.065 0.00049405 -7.18294e-05
7.07 0.000500993 -7.28416e-05
7.075 0.000508025 -7.38669e-05
7.08 0.000515148 -7.49054e-05
7.085 0.000522362 -7.59572e-05
7.09 0.000529669 -7.70226e-05
7.095 0.00053707 -7.81016e-05
7.1 0.000544566 -7.91945e-05
7.105 0.000552157 -8.03014e-05
7.11 0.000559845 -8.14224e-05
7.115 0.000567631 -8.25578e-05
7.12 0.000575517 -8.37076e-05
7.125 0.000583503 -8.48721e-05
7.13 0.00059159 -8.60514e-05
7.135 0.00059978 -8.72458e-05
7.14 0.000608074 -8.84552e-05
7.145 0.000616473 -8.968e-05
7.15 0.000624978 -9.09203e-05
7.155 0.00063359 -9.21763e-05
7.16 0.000642311 -9.34482e-05
7.165 0.000651142 -9.4736e-05
7.17 0.000660084 -9.60402e-05
7.175 0.000669138 -9.73607e-05
7.18 0.000678306 -9.86978e-05
7.185 0.000687589 -0.000100052
7.19 0.000696988 -0.000101422
7.195 0.000706504 -0.00010281
7.2 0.00071614 -0.000104216
7.205 0.000725895 -0.000105639
7.21 0.000735772 -0.000107079
7.215 0.000745771 -0.000108538
7.22 0.000755895 -0.000110015
7.225 0.000766144 -0.00011151
7.23 0.000776521 -0.000113023
7.235 0.000787025 -0.000114555
7.24 0.00079766 -0.000116107
7.245 0.000808425 -0.000117677
7.25 0.000819324 -0.000119267
7.255 0.000830356 -0.000120876
7.26 0.000841524 -0.000122506
7.265 0.000852829 -0.000124155
7.27 0.000864273 -0.000125824
7.275 0.000875857 -0.000127514
7.28 0.000887582 -0.000129225
7.285 0.000899451 -0.000130956
7.29 0.000911464 -0.000132709
7.295 0.000923624 -0.000134483
7.3 0.000935932 -0.000136279
7.305 0.000948389 -0.000138096
7.31 0.000960997 -0.000139936
7.315 0.000973758 -0.000141797
7.32 0.000986674 -0.000143682
7.325 0.000999745 -0.000145589
7.33 0.00101297 -0.000147519
7.335 0.00102636 -0.000149473
7.34 0.00103991 -0.00015145
7.345 0.00105363 -0.000153451
7.35 0.0010675 -0.000155476
7.355 0.00108155 -0.000157525
7.36 0.00109576 -0.000159599
7.365 0.00111014 -0.000161697
7.37 0.0011247 -0.000163821
7.375 0.00113942 -0.00016597
7.38 0.00115433 -0.000168145
7.385 0.00116941 -0.000170345
7.39 0.00118467 -0.000172572
7.395 0.00120011 -0.000174825
7.4 0.00121573 -0.000177105
7.405 0.00123154 -0.000179412
7.41 0.00124753 -0.000181746
7.415 0.00126372 -0.000184108
7.42 0.00128009 -0.000186498
7.425 0.00129666 -0.000188915
7.43 0.00131342 -0.000191362
7.435 0.00133038 -0.000193837
7.44 0.00134754 -0.000196341
7.445 0.0013649 -0.000198874
7.45 0.00138246 -0.000201437
7.455 0.00140023 -0.00020403
7.46 0.0014182 -0.000206654
7.465 0.00143639 -0.000209307
7.47 0.00145478 -0.000211992
7.475 0.00147339 -0.000214708
7.48 0.00149221 -0.000217456
7.485 0.00151126 -0.000220235
7.49 0.00153052 -0.000223047
7.495 0.00155001 -0.000225891
7.5 0.00156972 -0.000228768
7.505 0.00158966 -0.000231678
7.51 0.00160982 -0.000234621
7.515 0.00163022 -0.000237599
7.52 0.00165086 -0.000240611
7.525 0.00167173 -0.000243657
7.53 0.00169284 -0.000246738
7.535 0.00171419 -0.000249854
7.54 0.00173578 -0.000253006
7.545 0.00175762 -0.000256194
7.55 0.00177971 -0.000259419
7.555 0.00180205 -0.00026268
7.56 0.00182465 -0.000265978
7.565 0.0018475 -0.000269313
7.57 0.0018706 -0.000272687
7.575 0.00189398 -0.000276098
7.58 0.00191761 -0.000279548
7.585 0.00194151 -0.000283037
7.59 0.00196568 -0.000286565
7.595 0.00199012 -0.000290134
7.6 0.00201484 -0.000293742
7.605 0.00203984 -0.00029739
7.61 0.00206511 -0.00030108
7.615 0.00209067 -0.000304811
7.62 0.00211651 -0.000308583
7.625 0.00214264 -0.000312398
7.63 0.00216906 -0.000316256
7.635 0.00219578 -0.000320156
7.64 0.00222279 -0.000324099
7.645 0.00225011 -0.000328087
7.65 0.00227772 -0.000332118
7.655 0.00230564 -0.000336195
7.66 0.00233387 -0.000340316
7.665 0.00236242 -0.000344483
7.67 0.00239127 -0.000348696
7.675 0.00242045 -0.000352955
7.68 0.00244994 -0.000357261
7.685 0.00247976 -0.000361614
7.69 0.00250991 -0.000366016
7.695 0.00254038 -0.000370465
7.7 0.00257119 -0.000374963
7.705 0.00260234 -0.00037951
7.71 0.00263382 -0.000384107
7.715 0.00266565 -0.000388754
7.72 0.00269782 -0.000393451
7.725 0.00273035 -0.0003982
7.73 0.00276322 -0.000403
7.735 0.00279645 -0.000407852
7.74 0.00283004 -0.000412756
7.745 0.002864 -0.000417713
7.75 0.00289832 -0.000422724
7.755 0.00293301 -0.000427789
7.76 0.00296807 -0.000432909
7.765 0.00300351 -0.000438083
7.77 0.00303933 -0.000443313
7.775 0.00307553 -0.000448599
7.78 0.00311212 -0.000453941
7.785 0.0031491 -0.000459341
7.79 0.00318648 -0.000464798
7.795 0.00322425 -0.000470314
7.8 0.00326242 -0.000475888
7.805 0.003301 -0.000481521
7.81 0.00333999 -0.000487214
7.815 0.0033794 -0.000492967
7.82 0.00341921 -0.000498781
7.825 0.00345945 -0.000504657
7.83 0.00350012 -0.000510594
7.835 0.00354121 -0.000516595
7.84 0.00358273 -0.000522658
7.845 0.00362469 -0.000528785
7.85 0.00366709 -0.000534976
7.855 0.00370994 -0.000541232
7.86 0.00375323 -0.000547554
7.865 0.00379697 -0.000553941
7.87 0.00384117 -0.000560395
7.875 0.00388583 -0.000566917
7.88 0.00393096 -0.000573506
7.885 0.00397655 -0.000580164
7.89 0.00402262 -0.00058689
7.895 0.00406916 -0.000593687
7.9 0.00411618 -0.000600554
7.905 0.00416369 -0.000607491
7.91 0.00421169 -0.0006145
7.915 0.00426018 -0.000621582
7.92 0.00430918 -0.000628736
7.925 0.00435867 -0.000635963
7.93 0.00440867 -0.000643265
7.935 0.00445919 -0.000650642
7.94 0.00451022 -0.000658094
7.945 0.00456177 -0.000665622
7.95 0.00461384 -0.000673226
7.955 0.00466645 -0.000680908
7.96 0.00471959 -0.000688669
7.965 0.00477327 -0.000696508
7.97 0.00482749 -0.000704426
7.975 0.00488226 -0.000712425
7.98 0.00493759 -0.000720504
7.985 0.00499347 -0.000728665
7.99 0.00504992 -0.000736908
7.995 0.00510693 -0.000745235
8 0.00516452 -0.000753644
8.005 0.00522269 -0.000762139
8.01 0.00528143 -0.000770718
8.015 0.00534077 -0.000779383
8.02 0.0054007 -0.000788135
8.025 0.00546122 -0.000796974
8.03 0.00552235 -0.000805901
8.035 0.00558408 -0.000814916
8.04 0.00564643 -0.000824022
8.045 0.0057094 -0.000833217
8.05 0.00577299 -0.000842504
8.055 0.00583721 -0.000851883
8.06 0.00590206 -0.000861354
8.065 0.00596755 -0.000870918
8.07 0.00603369 -0.000880577
8.075 0.00610047 -0.00089033
8.08 0.00616791 -0.00090018
8.085 0.00623601 -0.000910125
8.09 0.00630478 -0.000920168
8.095 0.00637422 -0.00093031
8.1 0.00644434 -0.00094055
8.105 0.00651513 -0.00095089
8.11 0.00658662 -0.00096133
8.115 0.0066588 -0.000971872
8.12 0.00673169 -0.000982516
8.125 0.00680527 -0.000993263
8.13 0.00687957 -0.00100411
8.135 0.00695459 -0.00101507
8.14 0.00703032 -0.00102613
8.145 0.00710679 -0.0010373
8.15 0.00718399 -0.00104857
8.155 0.00726194 -0.00105996
8.16 0.00734063 -0.00107145
8.165 0.00742007 -0.00108305
8.17 0.00750027 -0.00109477
8.175 0.00758123 -0.00110659
8.18 0.00766297 -0.00111853
8.185 0.00774548 -0.00113058
8.19 0.00782878 -0.00114275
8.195 0.00791286 -0.00115503
8.2 0.00799775 -0.00116742
8.205 0.00808343 -0.00117994
8.21 0.00816992 -0.00119257
8.215 0.00825723 -0.00120532
8.22 0.00834536 -0.00121819
8.225 0.00843431 -0.00123118
8.23 0.0085241 -0.0012443
8.235 0.00861473 -0.00125754
8.24 0.00870621 -0.0012709
8.245 0.00879854 -0.00128438
8.25 0.00889173 -0.00129799
8.255 0.00898579 -0.00131173
8.26 0.00908072 -0.0013256
8.265 0.00917654 -0.00133959
8.27 0.00927324 -0.00135371
8.275 0.00937083 -0.00136797
8.28 0.00946933 -0.00138235
8.285 0.00956873 -0.00139687
8.29 0.00966905 -0.00141153
8.295 0.00977029 -0.00142631
8.3 0.00987246 -0.00144123
8.305 0.00997557 -0.00145629
8.31 0.0100796 -0.00147149
8.315 0.0101846 -0.00148683
8.32 0.0102906 -0.0015023
8.325 0.0103975 -0.00151792
8.33 0.0105054 -0.00153368
8.335 0.0106143 -0.00154958
8.34 0.0107241 -0.00156563
8.345 0.010835 -0.00158182
8.35 0.0109468 -0.00159815
8.355 0.0110597 -0.00161464
8.36 0.0111736 -0.00163127
8.365 0.0112885 -0.00164805
8.37 0.0114044 -0.00166499
8.375 0.0115214 -0.00168207
8.38 0.0116394 -0.00169931
8.385 0.0117584 -0.0017167
8.39 0.0118786 -0.00173425
8.395 0.0119998 -0.00175195
8.4 0.0121221 -0.00176981
8.405 0.0122454 -0.00178783
8.41 0.0123699 -0.00180601
8.415 0.0124954 -0.00182435
8.42 0.0126221 -0.00184285
8.425 0.0127499 -0.00186151
8.43 0.0128788 -0.00188034
8.435 0.0130088 -0.00189934
8.44 0.01314 -0.0019185
8.445 0.0132724 -0.00193783
8.45 0.0134058 -0.00195732
8.455 0.0135405 -0.00197699
8.46 0.0136763 -0.00199683
8.465 0.0138133 -0.00201684
8.47 0.0139515 -0.00203703
8.475 0.0140909 -0.00205739
8.48 0.0142315 -0.00207793
8.485 0.0143733 -0.00209864
8.49 0.0145164 -0.00211954
8.495 0.0146607 -0.00214061
8.5 0.0148062 -0.00216187
8.505 0.014953 -0.0021833
8.51 0.015101 -0.00220492
8.515 0.0152503 -0.00222673
8.52 0.0154008 -0.00224872
8.525 0.0155527 -0.0022709
8.53 0.0157058 -0.00229327
8.535 0.0158603 -0.00231583
8.54 0.016016 -0.00233858
8.545 0.0161731 -0.00236153
8.55 0.0163315 -0.00238467
8.555 0.0164913 -0.002408
8.56 0.0166523 -0.00243153
8.565 0.0168148 -0.00245526
8.57 0.0169786 -0.00247918
8.575 0.0171438 -0.00250331
8.58 0.0173104 -0.00252764
8.585 0.0174783 -0.00255218
8.59 0.0176477 -0.00257691
8.595 0.0178184 -0.00260186
8.6 0.0179906 -0.00262701
8.605 0.0181642 -0.00265237
8.61 0.0183393 -0.00267794
8.615 0.0185158 -0.00270372
8.62 0.0186938 -0.00272972
8.625 0.0188732 -0.00275593
8.63 0.0190541 -0.00278235
8.635 0.0192365 -0.00280899
8.64 0.0194204 -0.00283585
8.645 0.0196058 -0.00286293
8.65 0.0197927 -0.00289024
8.655 0.0199811 -0.00291776
8.66 0.0201711 -0.00294551
8.665 0.0203626 -0.00297348
8.67 0.0205557 -0.00300168
8.675 0.0207503 -0.00303011
8.68 0.0209465 -0.00305877
8.685 0.0211443 -0.00308766
8.69 0.0213437 -0.00311679
8.695 0.0215447 -0.00314615
8.7 0.0217472 -0.00317574
8.705 0.0219515 -0.00320557
8.71 0.0221573 -0.00323564
8.715 0.0223648 -0.00326595
8.72 0.022574 -0.0032965
8.725 0.0227848 -0.00332729
8.73 0.0229973 -0.00335833
8.735 0.0232114 -0.00338962
8.74 0.0234273 -0.00342115
8.745 0.0236449 -0.00345293
8.75 0.0238642 -0.00348496
8.755 0.0240852 -0.00351725
8.76 0.0243079 -0.00354979
8.765 0.0245324 -0.00358258
8.77 0.0247587 -0.00361563
8.775 0.0249867 -0.00364894
8.78 0.0252165 -0.0036825
8.785 0.0254481 -0.00371633
8.79 0.0256815 -0.00375042
8.795 0.0259167 -0.00378478
8.8 0.0261537 -0.0038194
8.805 0.0263926 -0.00385429
8.81 0.0266333 -0.00388945
8.815 0.0268758 -0.00392488
8.82 0.0271202 -0.00396058
8.825 0.0273665 -0.00399656
8.83 0.0276147 -0.00403281
8.835 0.0278647 -0.00406934
8.84 0.0281167 -0.00410614
8.845 0.0283706 -0.00414323
8.85 0.0286264 -0.0041806
8.855 0.0288842 -0.00421825
8.86 0.0291439 -0.00425618
8.865 0.0294055 -0.00429441
8.87 0.0296692 -0.00433292
8.875 0.0299348 -0.00437172
8.88 0.0302024 -0.00441081
8.885 0.030472 -0.0044502
8.89 0.0307437 -0.00448988
8.895 0.0310174 -0.00452985
8.9 0.0312931 -0.00457013
8.905 0.0315708 -0.0046107
8.91 0.0318506 -0.00465158
8.915 0.0321325 -0.00469275
8.92 0.0324165 -0.00473424
8.925 0.0327026 -0.00477602
8.93 0.0329908 -0.00481812
8.935 0.0332811 -0.00486053
8.94 0.0335735 -0.00490324
8.945 0.0338681 -0.00494627
8.95 0.0341648 -0.00498961
8.955 0.0344637 -0.00503327
8.96 0.0347647 -0.00507725
8.965 0.035068 -0.00512155
8.97 0.0353734 -0.00516617
8.975 0.0356811 -0.00521111
8.98 0.035991 -0.00525637
8.985 0.0363031 -0.00530196
8.99 0.0366174 -0.00534788
8.995 0.036934 -0.00539413
9 0.0372529 -0.00544071
9.005 0.0375741 -0.00548763
9.01 0.0378975 -0.00553487
9.015 0.0382232 -0.00558246
9.02 0.0385513 -0.00563038
9.025 0.0388817 -0.00567864
9.03 0.0392144 -0.00572724
9.035 0.0395495 -0.00577619
9.04 0.0398869 -0.00582548
9.045 0.0402267 -0.00587512
9.05 0.0405689 -0.0059251
9.055 0.0409135 -0.00597544
9.06 0.0412605 -0.00602612
9.065 0.0416099 -0.00607716
9.07 0.0419617 -0.00612856
9.075 0.042316 -0.00618031
9.08 0.0426727 -0.00623242
9.085 0.0430319 -0.00628489
9.09 0.0433936 -0.00633773
9.095 0.0437578 -0.00639092
9.1 0.0441244 -0.00644448
9.105 0.0444936 -0.00649841
9.11 0.0448653 -0.00655271
9.115 0.0452396 -0.00660738
9.12 0.0456164 -0.00666242
9.125 0.0459957 -0.00671783
9.13 0.0463776 -0.00677362
9.135 0.0467621 -0.00682979
9.14 0.0471492 -0.00688634
9.145 0.0475389 -0.00694326
9.15 0.0479313 -0.00700057
9.155 0.0483262 -0.00705827
9.16 0.0487238 -0.00711635
9.165 0.0491241 -0.00717482
9.17 0.049527 -0.00723367
9.175 0.0499326 -0.00729292
9.18 0.0503409 -0.00735256
9.185 0.0507519 -0.0074126
9.19 0.0511656 -0.00747303
9.195 0.051582 -0.00753386
9.2 0.0520012 -0.00759509
9.205 0.0524231 -0.00765673
9.21 0.0528477 -0.00771876
9.215 0.0532752 -0.0077812
9.22 0.0537054 -0.00784405
9.225 0.0541384 -0.0079073
9.23 0.0545743 -0.00797097
9.235 0.0550129 -0.00803504
9.24 0.0554544 -0.00809953
9.245 0.0558987 -0.00816444
9.25 0.0563459 -0.00822976
9.255 0.0567959 -0.0082955
9.26 0.0572488 -0.00836166
9.265 0.0577046 -0.00842824
9.27 0.0581633 -0.00849525
9.275 0.0586249 -0.00856268
9.28 0.0590895 -0.00863054
9.285 0.0595569 -0.00869882
9.29 0.0600273 -0.00876754
9.295 0.0605007 -0.00883669
9.3 0.060977 -0.00890627
9.305 0.0614564 -0.00897629
9.31 0.0619387 -0.00904675
9.315 0.062424 -0.00911764
9.32 0.0629123 -0.00918897
9.325 0.0634037 -0.00926075
9.33 0.0638981 -0.00933297
9.335 0.0643955 -0.00940563
9.34 0.064896 -0.00947875
9.345 0.0653996 -0.00955231
9.35 0.0659062 -0.00962632
9.355 0.0664159 -0.00970078
9.36 0.0669288 -0.00977569
9.365 0.0674447 -0.00985106
9.37 0.0679638 -0.00992689
9.375 0.068486 -0.0100032
9.38 0.0690114 -0.0100799
9.385 0.0695399 -0.0101571
9.39 0.0700716 -0.0102348
9.395 0.0706065 -0.0103129
9.4 0.0711446 -0.0103915
9.405 0.0716858 -0.0104706
9.41 0.0722303 -0.0105501
9.415 0.072778 -0.0106301
9.42 0.073329 -0.0107106
9.425 0.0738832 -0.0107916
9.43 0.0744406 -0.010873
9.435 0.0750013 -0.0109549
9.44 0.0755653 -0.0110373
9.445 0.0761325 -0.0111202
9.45 0.0767031 -0.0112035
9.455 0.077277 -0.0112873
9.46 0.0778541 -0.0113717
9.465 0.0784346 -0.0114565
9.47 0.0790185 -0.0115417
9.475 0.0796057 -0.0116275
9.48 0.0801962 -0.0117138
9.485 0.0807902 -0.0118005
9.49 0.0813875 -0.0118878
9.495 0.0819881 -0.0119755
9.5 0.0825922 -0.0120638
9.505 0.0831997 -0.0121525
9.51 0.0838106 -0.0122418
9.515 0.0844249 -0.0123315
9.52 0.0850427 -0.0124218
9.525 0.0856639 -0.0125125
9.53 0.0862886 -0.0126037
9.535 0.0869167 -0.0126955
9.54 0.0875483 -0.0127878
9.545 0.0881833 -0.0128805
9.55 0.0888219 -0.0129738
9.555 0.089464 -0.0130676
9.56 0.0901096 -0.0131619
9.565 0.0907586 -0.0132567
9.57 0.0914113 -0.0133521
9.575 0.0920674 -0.0134479
9.58 0.0927271 -0.0135443
9.585 0.0933904 -0.0136412
9.59 0.0940572 -0.0137386
9.595 0.0947276 -0.0138365
9.6 0.0954015 -0.013935
9.605 0.096079 -0.0140339
9.61 0.0967602 -0.0141334
9.615 0.0974449 -0.0142335
9.62 0.0981333 -0.014334
9.625 0.0988252 -0.0144351
9.63 0.0995208 -0.0145367
9.635 0.10022 -0.0146389
9.64 0.100923 -0.0147415
9.645 0.101629 -0.0148447
9.65 0.10234 -0.0149485
9.655 0.103053 -0.0150527
9.66 0.103771 -0.0151576
9.665 0.104492 -0.0152629
9.67 0.105217 -0.0153688
9.675 0.105945 -0.0154752
9.68 0.106678 -0.0155822
9.685 0.107414 -0.0156897
9.69 0.108153 -0.0157977
9.695 0.108897 -0.0159063
9.7 0.109644 -0.0160155
9.705 0.110395 -0.0161252
9.71 0.111149 -0.0162354
9.715 0.111908 -0.0163462
9.72 0.11267 -0.0164575
9.725 0.113435 -0.0165693
9.73 0.114205 -0.0166818
9.735 0.114978 -0.0167947
9.74 0.115755 -0.0169083
9.745 0.116536 -0.0170223
9.75 0.117321 -0.0171369
9.755 0.118109 -0.0172521
9.76 0.118902 -0.0173679
9.765 0.119698 -0.0174841
9.77 0.120498 -0.017601
9.775 0.121301 -0.0177184
9.78 0.122109 -0.0178363
9.785 0.12292 -0.0179548
9.79 0.123735 -0.0180739
9.795 0.124554 -0.0181935
9.8 0.125377 -0.0183137
9.805 0.126203 -0.0184345
9.81 0.127034 -0.0185558
9.815 0.127868 -0.0186776
9.82 0.128706 -0.0188001
9.825 0.129548 -0.018923
9.83 0.130394 -0.0190466
9.835 0.131243 -0.0191707
9.84 0.132097 -0.0192954
9.845 0.132954 -0.0194206
9.85 0.133815 -0.0195464
9.855 0.13468 -0.0196728
9.86 0.135549 -0.0197997
9.865 0.136422 -0.0199272
9.87 0.137298 -0.0200553
9.875 0.138179 -0.0201839
9.88 0.139063 -0.0203131
9.885 0.139952 -0.0204428
9.89 0.140844 -0.0205731
9.895 0.14174 -0.020704
9.9 0.142639 -0.0208355
9.905 0.143543 -0.0209675
9.91 0.144451 -0.0211001
9.915 0.145362 -0.0212332
9.92 0.146278 -0.0213669
9.925 0.147197 -0.0215012
9.93 0.14812 -0.0216361
9.935 0.149047 -0.0217715
9.94 0.149978 -0.0219074
9.945 0.150912 -0.022044
9.95 0.151851 -0.0221811
9.955 0.152794 -0.0223188
9.96 0.15374 -0.022457
9.965 0.15469 -0.0225958
9.97 0.155644 -0.0227352
9.975 0.156602 -0.0228751
9.98 0.157564 -0.0230156
9.985 0.158529 -0.0231567
9.99 0.159499 -0.0232983
9.995 0.160472 -0.0234405
10 0.16145 -0.0235833
10.005 0.162431 -0.0237266
10.01 0.163416 -0.0238705
10.015 0.164404 -0.0240149
10.02 0.165397 -0.0241599
10.025 0.166393 -0.0243055
10.03 0.167394 -0.0244516
10.035 0.168398 -0.0245983
10.04 0.169406 -0.0247455
10.045 0.170417 -0.0248933
10.05 0.171433 -0.0250416
10.055 0.172452 -0.0251906
10.06 0.173476 -0.02534
10.065 0.174503 -0.02549
10.07 0.175533 -0.0256406
10.075 0.176568 -0.0257917
10.08 0.177606 -0.0259434
10.085 0.178648 -0.0260957
10.09 0.179694 -0.0262484
10.095 0.180744 -0.0264018
10.1 0.181797 -0.0265557
10.105 0.182854 -0.0267101
10.11 0.183915 -0.0268651
10.115 0.18498 -0.0270206
10.12 0.186048 -0.0271766
10.125 0.18712 -0.0273333
10.13 0.188196 -0.0274904
10.135 0.189276 -0.0276481
10.14 0.190359 -0.0278063
10.145 0.191446 -0.0279651
10.15 0.192536 -0.0281244
10.155 0.19363 -0.0282842
10.16 0.194728 -0.0284446
10.165 0.19583 -0.0286055
10.17 0.196935 -0.0287669
10.175 0.198044 -0.0289289
10.18 0.199156 -0.0290914
10.185 0.200272 -0.0292544
10.19 0.201391 -0.029418
10.195 0.202515 -0.029582
10.2 0.203641 -0.0297466
10.205 0.204771 -0.0299117
10.21 0.205905 -0.0300774
10.215 0.207043 -0.0302435
10.22 0.208183 -0.0304101
10.225 0.209328 -0.0305773
10.23 0.210476 -0.030745
10.235 0.211627 -0.0309132
10.24 0.212782 -0.0310819
10.245 0.21394 -0.031251
10.25 0.215101 -0.0314207
10.255 0.216267 -0.0315909
10.26 0.217435 -0.0317616
10.265 0.218607 -0.0319328
10.27 0.219782 -0.0321045
10.275 0.220961 -0.0322767
10.28 0.222143 -0.0324493
10.285 0.223328 -0.0326225
10.29 0.224516 -0.0327961
10.295 0.225708 -0.0329702
10.3 0.226903 -0.0331448
10.305 0.228102 -0.0333198
10.31 0.229303 -0.0334954
10.315 0.230508 -0.0336714
10.32 0.231716 -0.0338478
10.325 0.232928 -0.0340248
10.33 0.234142 -0.0342022
10.335 0.235359 -0.03438
10.34 0.23658 -0.0345584
10.345 0.237804 -0.0347371
10.35 0.239031 -0.0349163
10.355 0.240261 -0.035096
10.36 0.241494 -0.0352761
10.365 0.24273 -0.0354567
10.37 0.243969 -0.0356377
10.375 0.245211 -0.0358191
10.38 0.246456 -0.036001
10.385 0.247704 -0.0361833
10.39 0.248954 -0.036366
10.395 0.250208 -0.0365491
10.4 0.251465 -0.0367327
10.405 0.252724 -0.0369166
10.41 0.253986 -0.037101
10.415 0.255251 -0.0372858
10.42 0.256519 -0.037471
10.425 0.25779 -0.0376566
10.43 0.259063 -0.0378426
10.435 0.260339 -0.038029
10.44 0.261617 -0.0382158
10.445 0.262899 -0.038403
10.45 0.264183 -0.0385905
10.455 0.265469 -0.0387785
10.46 0.266758 -0.0389668
10.465 0.26805 -0.0391554
10.47 0.269344 -0.0393445
10.475 0.27064 -0.0395339
10.48 0.271939 -0.0397237
10.485 0.273241 -0.0399138
10.49 0.274545 -0.0401043
10.495 0.275851 -0.0402951
10.5 0.27716 -0.0404862
10.505 0.27847 -0.0406777
10.51 0.279784 -0.0408695
10.515 0.281099 -0.0410617
10.52 0.282417 -0.0412542
10.525 0.283736 -0.041447
10.53 0.285058 -0.0416401
10.535 0.286382 -0.0418335
10.54 0.287709 -0.0420272
10.545 0.289037 -0.0422213
10.55 0.290367 -0.0424156
10.555 0.291699 -0.0426102
10.56 0.293034 -0.0428051
10.565 0.29437 -0.0430003
10.57 0.295708 -0.0431957
10.575 0.297048 -0.0433915
10.58 0.298389 -0.0435875
10.585 0.299733 -0.0437837
10.59 0.301078 -0.0439802
10.595 0.302425 -0.044177
10.6 0.303773 -0.044374
10.605 0.305124 -0.0445712
10.61 0.306475 -0.0447687
10.615 0.307829 -0.0449664
10.62 0.309184 -0.0451643
10.625 0.31054 -0.0453625
10.63 0.311898 -0.0455608
10.635 0.313257 -0.0457594
10.64 0.314618 -0.0459581
10.645 0.31598 -0.0461571
10.65 0.317343 -0.0463562
10.655 0.318707 -0.0465556
10.66 0.320073 -0.0467551
10.665 0.32144 -0.0469547
10.67 0.322808 -0.0471546
10.675 0.324177 -0.0473546
10.68 0.325547 -0.0475547
10.685 0.326918 -0.047755
10.69 0.32829 -0.0479554
10.695 0.329663 -0.048156
10.7 0.331037 -0.0483567
10.705 0.332412 -0.0485575
10.71 0.333787 -0.0487584
10.715 0.335163 -0.0489594
10.72 0.33654 -0.0491606
10.725 0.337918 -0.0493618
10.73 0.339296 -0.0495631
10.735 0.340674 -0.0497645
10.74 0.342053 -0.049966
10.745 0.343433 -0.0501675
10.75 0.344813 -0.0503691
10.755 0.346193 -0.0505708
10.76 0.347574 -0.0507724
10.765 0.348955 -0.0509742
10.77 0.350336 -0.0511759
10.775 0.351718 -0.0513777
10.78 0.353099 -0.0515795
10.785 0.354481 -0.0517814
10.79 0.355862 -0.0519832
10.795 0.357244 -0.052185
10.8 0.358625 -0.0523868
10.805 0.360006 -0.0525886
10.81 0.361388 -0.0527903
10.815 0.362768 -0.052992
10.82 0.364149 -0.0531937
10.825 0.365529 -0.0533954
10.83 0.366909 -0.0535969
10.835 0.368288 -0.0537984
10.84 0.369667 -0.0539999
10.845 0.371046 -0.0542012
10.85 0.372423 -0.0544025
10.855 0.3738 -0.0546036
10.86 0.375177 -0.0548047
10.865 0.376552 -0.0550056
10.87 0.377927 -0.0552064
10.875 0.379301 -0.0554071
10.88 0.380674 -0.0556077
10.885 0.382045 -0.0558081
10.89 0.383416 -0.0560083
10.895 0.384786 -0.0562084
10.9 0.386154 -0.0564083
10.905 0.387522 -0.056608
10.91 0.388887 -0.0568076
10.915 0.390252 -0.0570069
10.92 0.391615 -0.057206
10.925 0.392977 -0.0574049
10.93 0.394337 -0.0576036
10.935 0.395695 -0.0578021
10.94 0.397052 -0.0580003
10.945 0.398407 -0.0581983
10.95 0.399761 -0.058396
10.955 0.401112 -0.0585934
10.96 0.402462 -0.0587905
10.965 0.403809 -0.0589874
10.97 0.405155 -0.059184
10.975 0.406498 -0.0593802
10.98 0.40784 -0.0595762
10.985 0.409179 -0.0597718
10.99 0.410516 -0.059967
10.995 0.41185 -0.060162
11 0.413182 -0.0603566
11.005 0.414511 -0.0605508
11.01 0.415838 -0.0607446
11.015 0.417163 -0.0609381
11.02 0.418484 -0.0611311
11.025 0.419803 -0.0613238
11.03 0.421119 -0.061516
11.035 0.422432 -0.0617078
11.04 0.423742 -0.0618992
11.045 0.425049 -0.0620902
11.05 0.426353 -0.0622807
11.055 0.427654 -0.0624707
11.06 0.428952 -0.0626602
11.065 0.430246 -0.0628493
11.07 0.431537 -0.0630379
11.075 0.432824 -0.063226
11.08 0.434108 -0.0634135
11.085 0.435389 -0.0636005
11.09 0.436665 -0.063787
11.095 0.437938 -0.063973
11.1 0.439207 -0.0641584
11.105 0.440472 -0.0643432
11.11 0.441734 -0.0645274
11.115 0.442991 -0.0647111
11.12 0.444244 -0.0648942
11.125 0.445493 -0.0650766
11.13 0.446737 -0.0652584
11.135 0.447978 -0.0654396
11.14 0.449214 -0.0656202
11.145 0.450445 -0.0658
11.15 0.451672 -0.0659793
11.155 0.452894 -0.0661578
11.16 0.454112 -0.0663357
11.165 0.455324 -0.0665128
11.17 0.456532 -0.0666893
11.175 0.457735 -0.066865
11.18 0.458933 -0.06704
11.185 0.460126 -0.0672143
11.19 0.461314 -0.0673878
11.195 0.462496 -0.0675605
11.2 0.463673 -0.0677324
11.205 0.464845 -0.0679036
11.21 0.466011 -0.068074
11.215 0.467172 -0.0682435
11.22 0.468327 -0.0684122
11.225 0.469476 -0.0685801
11.23 0.470619 -0.0687472
11.235 0.471757 -0.0689133
11.24 0.472888 -0.0690786
11.245 0.474014 -0.069243
11.25 0.475133 -0.0694066
11.255 0.476246 -0.0695692
11.26 0.477353 -0.0697309
11.265 0.478454 -0.0698916
11.27 0.479548 -0.0700515
11.275 0.480635 -0.0702103
11.28 0.481716 -0.0703682
11.285 0.48279 -0.0705251
11.29 0.483857 -0.070681
11.295 0.484918 -0.070836
11.3 0.485971 -0.0709899
11.305 0.487018 -0.0711427
11.31 0.488057 -0.0712946
11.315 0.489089 -0.0714453
11.32 0.490114 -0.071595
11.325 0.491131 -0.0717437
11.33 0.492141 -0.0718912
11.335 0.493144 -0.0720376
11.34 0.494138 -0.0721829
11.345 0.495125 -0.0723271
11.35 0.496105 -0.0724702
11.355 0.497076 -0.0726121
11.36 0.498039 -0.0727528
11.365 0.498994 -0.0728923
11.37 0.499941 -0.0730307
11.375 0.50088 -0.0731678
11.38 0.501811 -0.0733038
11.385 0.502733 -0.0734384
11.39 0.503646 -0.0735719
11.395 0.504551 -0.0737041
11.4 0.505447 -0.073835
11.405 0.506335 -0.0739647
11.41 0.507213 -0.074093
11.415 0.508083 -0.07422
11.42 0.508944 -0.0743458
11.425 0.509795 -0.0744701
11.43 0.510637 -0.0745932
11.435 0.51147 -0.0747149
11.44 0.512294 -0.0748352
11.445 0.513108 -0.0749541
11.45 0.513912 -0.0750716
11.455 0.514707 -0.0751877
11.46 0.515492 -0.0753024
11.465 0.516267 -0.0754156
11.47 0.517032 -0.0755274
11.475 0.517787 -0.0756377
11.48 0.518532 -0.0757465
11.485 0.519267 -0.0758539
11.49 0.519991 -0.0759597
11.495 0.520705 -0.076064
11.5 0.521409 -0.0761668
11.505 0.522102 -0.0762681
11.51 0.522784 -0.0763678
11.515 0.523456 -0.0764659
11.52 0.524117 -0.0765624
11.525 0.524766 -0.0766573
11.53 0.525405 -0.0767506
11.535 0.526033 -0.0768423
11.54 0.526649 -0.0769324
11.545 0.527254 -0.0770208
11.55 0.527848 -0.0771075
11.555 0.52843 -0.0771925
11.56 0.529001 -0.0772759
11.565 0.52956 -0.0773575
11.57 0.530107 -0.0774375
11.575 0.530642 -0.0775157
11.58 0.531165 -0.0775921
11.585 0.531676 -0.0776668
11.59 0.532176 -0.0777397
11.595 0.532662 -0.0778108
11.6 0.533137 -0.0778802
11.605 0.533599 -0.0779477
11.61 0.534049 -0.0780134
11.615 0.534486 -0.0780772
11.62 0.53491 -0.0781392
11.625 0.535321 -0.0781993
11.63 0.53572 -0.0782575
11.635 0.536106 -0.0783139
11.64 0.536478 -0.0783683
11.645 0.536838 -0.0784208
11.65 0.537184 -0.0784714
11.655 0.537517 -0.07852
11.66 0.537836 -0.0785667
11.665 0.538142 -0.0786114
11.67 0.538434 -0.0786541
11.675 0.538713 -0.0786948
11.68 0.538977 -0.0787334
11.685 0.539228 -0.0787701
11.69 0.539465 -0.0788047
11.695 0.539688 -0.0788372
11.7 0.539896 -0.0788677
11.705 0.540091 -0.0788961
11.71 0.54027 -0.0789224
11.715 0.540436 -0.0789466
11.72 0.540587 -0.0789687
11.725 0.540723 -0.0789886
11.73 0.540845 -0.0790064
11.735 0.540952 -0.079022
11.74 0.541044 -0.0790354
11.745 0.541121 -0.0790467
11.75 0.541183 -0.0790557
11.755 0.541229 -0.0790625
11.76 0.541261 -0.0790671
11.765 0.541277 -0.0790695
11.77 0.541277 -0.0790696
11.775 0.541262 -0.0790674
11.78 0.541232 -0.079063
11.785 0.541186 -0.0790562
11.79 0.541124 -0.0790472
11.795 0.541046 -0.0790358
11.8 0.540952 -0.0790221
11.805 0.540842 -0.0790061
11.81 0.540716 -0.0789876
11.815 0.540573 -0.0789669
11.82 0.540415 -0.0789437
11.825 0.54024 -0.0789181
11.83 0.540048 -0.0788901
11.835 0.53984 -0.0788597
11.84 0.539615 -0.0788269
11.845 0.539373 -0.0787916
11.85 0.539115 -0.0787539
11.855 0.538839 -0.0787136
11.86 0.538547 -0.0786709
11.865 0.538238 -0.0786257
11.87 0.537911 -0.078578
11.875 0.537567 -0.0785278
11.88 0.537205 -0.078475
11.885 0.536827 -0.0784197
11.89 0.53643 -0.0783618
11.895 0.536016 -0.0783013
11.9 0.535585 -0.0782383
11.905 0.535135 -0.0781726
11.91 0.534668 -0.0781044
11.915 0.534183 -0.0780335
11.92 0.533679 -0.07796
11.925 0.533158 -0.0778838
11.93 0.532618 -0.077805
11.935 0.53206 -0.0777235
11.94 0.531484 -0.0776394
11.945 0.53089 -0.0775525
11.95 0.530276 -0.077463
11.955 0.529645 -0.0773707
11.96 0.528994 -0.0772757
11.965 0.528325 -0.0771779
11.97 0.527637 -0.0770775
11.975 0.52693 -0.0769742
11.98 0.526204 -0.0768682
11.985 0.525459 -0.0767594
11.99 0.524695 -0.0766478
11.995 0.523912 -0.0765334
12 0.52311 -0.0764161
12.005 0.522288 -0.0762961
12.01 0.521446 -0.0761732
12.015 0.520585 -0.0760474
12.02 0.519705 -0.0759188
12.025 0.518805 -0.0757874
12.03 0.517885 -0.075653
12.035 0.516945 -0.0755157
12.04 0.515986 -0.0753756
12.045 0.515006 -0.0752325
12.05 0.514007 -0.0750865
12.055 0.512987 -0.0749376
12.06 0.511948 -0.0747857
12.065 0.510888 -0.0746309
12.07 0.509807 -0.0744731
12.075 0.508707 -0.0743124
12.08 0.507586 -0.0741486
12.085 0.506444 -0.0739819
12.09 0.505282 -0.0738121
12.095 0.5041 -0.0736394
12.1 0.502896 -0.0734636
12.105 0.501672 -0.0732848
12.11 0.500427 -0.0731029
12.115 0.499161 -0.0729181
12.12 0.497875 -0.0727301
12.125 0.496567 -0.0725391
12.13 0.495238 -0.072345
12.135 0.493888 -0.0721478
12.14 0.492517 -0.0719475
12.145 0.491124 -0.0717441
12.15 0.489711 -0.0715376
12.155 0.488276 -0.071328
12.16 0.486819 -0.0711152
12.165 0.485341 -0.0708993
12.17 0.483842 -0.0706803
12.175 0.482321 -0.0704581
12.18 0.480778 -0.0702328
12.185 0.479214 -0.0700043
12.19 0.477627 -0.0697726
12.195 0.476019 -0.0695377
12.2 0.47439 -0.0692996
12.205 0.472738 -0.0690583
12.21 0.471064 -0.0688139
12.215 0.469369 -0.0685662
12.22 0.467651 -0.0683153
12.225 0.465911 -0.0680611
12.23 0.464149 -0.0678038
12.235 0.462365 -0.0675431
12.24 0.460559 -0.0672793
12.245 0.45873 -0.0670122
12.25 0.456879 -0.0667418
12.255 0.455006 -0.0664681
12.26 0.45311 -0.0661912
12.265 0.451192 -0.065911
12.27 0.449251 -0.0656275
12.275 0.447288 -0.0653408
12.28 0.445302 -0.0650507
12.285 0.443293 -0.0647573
12.29 0.441262 -0.0644606
12.295 0.439209 -0.0641606
12.3 0.437132 -0.0638573
12.305 0.435033 -0.0635507
12.31 0.432911 -0.0632407
12.315 0.430766 -0.0629274
12.32 0.428598 -0.0626108
12.325 0.426408 -0.0622908
12.33 0.424194 -0.0619675
12.335 0.421958 -0.0616408
12.34 0.419699 -0.0613108
12.345 0.417416 -0.0609774
12.35 0.415111 -0.0606406
12.355 0.412783 -0.0603005
12.36 0.410431 -0.059957
12.365 0.408057 -0.0596101
12.37 0.405659 -0.0592599
12.375 0.403238 -0.0589063
12.38 0.400794 -0.0585493
12.385 0.398327 -0.0581889
12.39 0.395836 -0.0578251
12.395 0.393323 -0.0574579
12.4 0.390786 -0.0570874
12.405 0.388226 -0.0567134
12.41 0.385643 -0.0563361
12.415 0.383036 -0.0559553
12.42 0.380406 -0.0555711
12.425 0.377753 -0.0551836
12.43 0.375077 -0.0547926
12.435 0.372377 -0.0543983
12.44 0.369654 -0.0540005
12.445 0.366907 -0.0535993
12.45 0.364138 -0.0531947
12.455 0.361344 -0.0527867
12.46 0.358528 -0.0523753
12.465 0.355688 -0.0519605
12.47 0.352825 -0.0515422
12.475 0.349938 -0.0511206
12.48 0.347029 -0.0506955
12.485 0.344095 -0.050267
12.49 0.341139 -0.0498352
12.495 0.338159 -0.0493999
12.5 0.335156 -0.0489612
12.505 0.332129 -0.0485191
12.51 0.329079 -0.0480735
12.515 0.326006 -0.0476246
12.52 0.322909 -0.0471723
12.525 0.31979 -0.0467166
12.53 0.316646 -0.0462574
12.535 0.31348 -0.0457949
12.54 0.31029 -0.045329
12.545 0.307078 -0.0448597
12.55 0.303841 -0.044387
12.555 0.300582 -0.0439109
12.56 0.2973 -0.0434314
12.565 0.293994 -0.0429485
12.57 0.290665 -0.0424622
12.575 0.287313 -0.0419726
12.58 0.283938 -0.0414796
12.585 0.28054 -0.0409832
12.59 0.277119 -0.0404835
12.595 0.273675 -0.0399804
12.6 0.270208 -0.0394739
12.605 0.266718 -0.0389641
12.61 0.263205 -0.0384509
12.615 0.259669 -0.0379344
12.62 0.25611 -0.0374145
12.625 0.252528 -0.0368914
12.63 0.248924 -0.0363648
12.635 0.245297 -0.035835
12.64 0.241647 -0.0353018
12.645 0.237974 -0.0347654
12.65 0.234279 -0.0342256
12.655 0.230561 -0.0336825
12.66 0.226821 -0.0331361
12.665 0.223058 -0.0325865
12.67 0.219273 -0.0320335
12.675 0.215465 -0.0314773
12.68 0.211635 -0.0309178
12.685 0.207783 -0.0303551
12.69 0.203908 -0.0297891
12.695 0.200011 -0.0292199
12.7 0.196092 -0.0286474
12.705 0.192151 -0.0280717
12.71 0.188188 -0.0274928
12.715 0.184203 -0.0269107
12.72 0.180196 -0.0263254
12.725 0.176167 -0.0257368
12.73 0.172116 -0.0251451
12.735 0.168044 -0.0245503
12.74 0.16395 -0.0239522
12.745 0.159834 -0.023351
12.75 0.155697 -0.0227467
12.755 0.151539 -0.0221392
12.76 0.147359 -0.0215286
12.765 0.143157 -0.0209149
12.77 0.138935 -0.0202981
12.775 0.134691 -0.0196782
12.78 0.130426 -0.0190552
12.785 0.126141 -0.0184292
12.79 0.121834 -0.0178001
12.795 0.117506 -0.0171679
12.8 0.113158 -0.0165327
12.805 0.108789 -0.0158945
12.81 0.104399 -0.0152533
12.815 0.0999891 -0.0146091
12.82 0.0955586 -0.0139618
12.825 0.0911077 -0.0133117
12.83 0.0866365 -0.0126585
12.835 0.0821452 -0.0120025
12.84 0.0776338 -0.0113435
12.845 0.0731024 -0.0106815
12.85 0.0685512 -0.0100167
12.855 0.0639802 -0.009349
12.86 0.0593896 -0.00867841
12.865 0.0547793 -0.00800496
12.87 0.0501496 -0.00732867
12.875 0.0455005 -0.00664954
12.88 0.0408322 -0.00596761
12.885 0.0361447 -0.00528287
12.89 0.0314381 -0.00459535
12.895 0.0267126 -0.00390507
12.9 0.0219683 -0.00321203
12.905 0.0172052 -0.00251626
12.91 0.0124236 -0.00181777
12.915 0.00762344 -0.00111658
12.92 0.00280492 -0.000412709
12.925 -0.00203186 0.000293832
12.93 -0.00688678 0.00100302
12.935 -0.0117597 0.00171485
12.94 -0.0166505 0.00242928
12.945 -0.0215591 0.00314632
12.95 -0.0264854 0.00386593
12.955 -0.0314292 0.0045881
12.96 -0.0363903 0.00531281
12.965 -0.0413688 0.00604004
12.97 -0.0463643 0.00676978
12.975 -0.0513769 0.007502
12.98 -0.0564063 0.00823669
12.985 -0.0614525 0.00897381
12.99 -0.0665152 0.00971337
12.995 -0.0715945 0.0104553
13 -0.07669 0.0111997
13.005 -0.0818017 0.0119464
13.01 -0.0869295 0.0126954
13.015 -0.0920731 0.0134468
13.02 -0.0972325 0.0142005
13.025 -0.102407 0.0149564
13.03 -0.107598 0.0157146
13.035 -0.112804 0.016475
13.04 -0.118025 0.0172377
13.045 -0.12326 0.0180025
13.05 -0.128511 0.0187696
13.055 -0.133777 0.0195387
13.06 -0.139057 0.02031
13.065 -0.144351 0.0210834
13.07 -0.14966 0.0218589
13.075 -0.154982 0.0226364
13.08 -0.160319 0.0234159
13.085 -0.165669 0.0241975
13.09 -0.171033 0.024981
13.095 -0.17641 0.0257665
13.1 -0.1818 0.0265539
13.105 -0.187204 0.0273432
13.11 -0.19262 0.0281344
13.115 -0.198049 0.0289275
13.12 -0.203491 0.0297224
13.125 -0.208945 0.0305191
13.13 -0.214411 0.0313176
13.135 -0.219889 0.0321179
13.14 -0.22538 0.0329198
13.145 -0.230881 0.0337235
13.15 -0.236394 0.0345289
13.155 -0.241919 0.0353359
13.16 -0.247454 0.0361445
13.165 -0.253001 0.0369547
13.17 -0.258558 0.0377665
13.175 -0.264126 0.0385798
13.18 -0.269704 0.0393947
13.185 -0.275292 0.040211
13.19 -0.280891 0.0410288
13.195 -0.286499 0.041848
13.2 -0.292116 0.0426686
13.205 -0.297743 0.0434906
13.21 -0.303379 0.0443139
13.215 -0.309025 0.0451385
13.22 -0.314679 0.0459644
13.225 -0.320341 0.0467916
13.23 -0.326012 0.04762
13.235 -0.331691 0.0484496
13.24 -0.337378 0.0492803
13.245 -0.343073 0.0501122
13.25 -0.348775 0.0509452
13.255 -0.354485 0.0517792
13.26 -0.360202 0.0526143
13.265 -0.365925 0.0534504
13.27 -0.371656 0.0542875
13.275 -0.377392 0.0551255
13.28 -0.383136 0.0559645
13.285 -0.388885 0.0568043
13.29 -0.39464 0.057645
13.295 -0.400401 0.0584865
13.3 -0.406167 0.0593288
13.305 -0.411938 0.0601718
13.31 -0.417714 0.0610156
13.315 -0.423495 0.0618601
13.32 -0.42928 0.0627052
13.325 -0.43507 0.0635509
13.33 -0.440863 0.0643972
13.335 -0.446661 0.0652441
13.34 -0.452462 0.0660915
13.345 -0.458266 0.0669394
13.35 -0.464074 0.0677878
13.355 -0.469884 0.0686365
13.36 -0.475697 0.0694857
13.365 -0.481512 0.0703352
13.37 -0.48733 0.071185
13.375 -0.493149 0.0720351
13.38 -0.49897 0.0728854
13.385 -0.504793 0.073736
13.39 -0.510617 0.0745867
13.395 -0.516442 0.0754376
13.4 -0.522267 0.0762885
13.405 -0.528093 0.0771396
13.41 -0.533919 0.0779907
13.415 -0.539745 0.0788417
13.42 -0.545571 0.0796927
13.425 -0.551396 0.0805437
13.43 -0.557221 0.0813945
13.435 -0.563044 0.0822452
13.44 -0.568866 0.0830957
13.445 -0.574687 0.083946
13.45 -0.580506 0.084796
13.455 -0.586323 0.0856457
13.46 -0.592137 0.0864951
13.465 -0.597949 0.0873441
13.47 -0.603758 0.0881927
13.475 -0.609564 0.0890408
13.48 -0.615367 0.0898885
13.485 -0.621166 0.0907356
13.49 -0.626961 0.0915821
13.495 -0.632752 0.0924281
13.5 -0.638539 0.0932734
13.505 -0.644321 0.094118
13.51 -0.650098 0.0949619
13.515 -0.65587 0.0958051
13.52 -0.661625 0.0966458
