0 0 0
0.08 1.13412e-100 0
0.16 8.60063e-95 -2.45363e-101
0.24 4.92645e-90 -1.38546e-95
0.32 6.41992e-86 -6.60564e-91
0.4 2.56054e-82 -6.20661e-87
0.48 4.31589e-79 -1.99259e-83
0.56 3.54227e-76 -2.72302e-80
0.64 1.61446e-73 -1.88857e-77
0.72 4.46266e-71 -7.43427e-75
0.8 8.03557e-69 -1.81188e-72
0.88 9.97135e-67 -2.92202e-70
0.96 8.92859e-65 -3.28831e-68
1.04 5.99281e-63 -2.69612e-66
1.12 3.11284e-61 -1.33823e-64
1.08 5.17106e-62 -2.60239e-65
1.12 4.13425e-61 -2.21681e-64
1.1 1.49529e-61 -7.94811e-65
1.12 4.24118e-61 -2.37439e-64
1.14 1.18097e-60 -6.94559e-64
1.16 3.23046e-60 -1.99114e-63
1.18 8.68619e-60 -5.59832e-63
1.2 2.2971e-59 -1.54486e-62
1.22 5.97797e-59 -4.18679e-62
1.24 1.5317e-58 -1.11508e-61
1.26 3.86595e-58 -2.92026e-61
1.28 9.61619e-58 -7.52428e-61
1.3 2.35836e-57 -1.90837e-60
1.32 5.70512e-57 -4.76684e-60
1.34 1.36189e-56 -1.17319e-59
1.36 3.20932e-56 -2.84624e-59
1.38 7.46862e-56 -6.80954e-59
1.4 1.71703e-55 -1.60724e-58
1.42 3.90102e-55 -3.74389e-58
1.44 8.76153e-55 -8.60993e-58
1.46 1.94591e-54 -1.9555e-57
1.48 4.27499e-54 -4.3877e-57
1.5 9.29279e-54 -9.72905e-57
1.52 1.99929e-53 -2.13247e-56
1.54 4.25833e-53 -4.62164e-56
1.56 8.98152e-53 -9.90652e-56
1.58 1.87635e-52 -2.10071e-55
1.6 3.88362e-52 -4.40792e-55
1.62 7.96558e-52 -9.1542e-55
1.64 1.61939e-51 -1.88199e-54
1.66 3.26386e-51 -3.83097e-54
1.68 6.52299e-51 -7.72285e-54
1.7 1.29296e-50 -1.54205e-53
1.72 2.54229e-50 -3.0503e-53
1.74 4.95966e-50 -5.97825e-53
1.76 9.60155e-50 -1.16106e-52
1.78 1.84488e-49 -2.23481e-52
1.8 3.51888e-49 -4.26364e-52
1.82 6.66377e-49 -8.06778e-52
1.84 1.25309e-48 -1.51671e-51
1.86 2.34023e-48 -2.83236e-51
1.88 4.34122e-48 -5.25402e-51
1.9 8.0002e-48 -9.68231e-51
1.92 1.46483e-47 -1.77282e-50
1.94 2.6652e-47 -3.22557e-50
1.96 4.81927e-47 -5.83254e-50
1.98 8.66158e-47 -1.04827e-49
2 1.5475e-46 -1.87287e-49
2.02 2.74873e-46 -3.32666e-49
2.04 4.85457e-46 -5.87527e-49
2.06 8.5258e-46 -1.03184e-48
2.08 1.48913e-45 -1.80222e-48
2.1 2.58693e-45 -3.13085e-48
2.12 4.47034e-45 -5.41025e-48
2.14 7.68491e-45 -9.30071e-48
2.16 1.31439e-44 -1.59074e-47
2.18 2.23683e-44 -2.70714e-47
2.2 3.78799e-44 -4.58444e-47
2.22 6.38393e-44 -7.72618e-47
2.24 1.0708e-43 -1.29594e-46
2.26 1.78774e-43 -2.16362e-46
2.28 2.97107e-43 -3.59575e-46
2.3 4.91549e-43 -5.949e-46
2.32 8.09658e-43 -9.79893e-46
2.34 1.32785e-42 -1.60704e-45
2.36 2.1684e-42 -2.62432e-45
2.38 3.5262e-42 -4.26759e-45
2.4 5.71055e-42 -6.91122e-45
2.42 9.21052e-42 -1.11471e-44
2.44 1.47963e-41 -1.79073e-44
2.46 2.36764e-41 -2.86545e-44
2.48 3.77394e-41 -4.56743e-44
2.5 5.99268e-41 -7.25267e-44
2.52 9.48021e-41 -1.14735e-43
2.54 1.49421e-40 -1.80838e-43
2.56 2.34654e-40 -2.83991e-43
2.58 3.67189e-40 -4.44392e-43
2.6 5.7256e-40 -6.92944e-43
2.62 8.89705e-40 -1.07677e-42
2.64 1.3778e-39 -1.66749e-42
2.66 2.12649e-39 -2.5736e-42
2.68 3.27116e-39 -3.95894e-42
2.7 5.01557e-39 -6.07012e-42
2.72 7.66549e-39 -9.2772e-42
2.74 1.16784e-38 -1.41338e-41
2.76 1.77364e-38 -2.14655e-41
2.78 2.6854e-38 -3.25002e-41
2.8 4.05353e-38 -4.9058e-41
2.82 6.10038e-38 -7.38301e-41
2.84 9.1537e-38 -1.10783e-40
2.86 1.36953e-37 -1.65748e-40
2.88 2.04315e-37 -2.47273e-40
2.9 3.03946e-37 -3.67852e-40
2.92 4.509e-37 -5.45704e-40
2.94 6.67064e-37 -8.07317e-40
2.96 9.84178e-37 -1.19111e-39
2.98 1.44815e-36 -1.75264e-39
3 2.12523e-36 -2.57208e-39
3.02 3.11075e-36 -3.7648e-39
3.04 4.54155e-36 -5.49643e-39
3.06 6.61361e-36 -8.00416e-39
3.08 9.60691e-36 -1.16268e-38
3.1 1.39205e-35 -1.68473e-38
3.12 2.01215e-35 -2.43522e-38
3.14 2.90149e-35 -3.51154e-38
3.16 4.17394e-35 -5.05154e-38
3.18 5.99033e-35 -7.24983e-38
3.2 8.57722e-35 -1.03806e-37
3.22 1.22531e-34 -1.48294e-37
3.24 1.74648e-34 -2.11369e-37
3.26 2.48376e-34 -3.00599e-37
3.28 3.5245e-34 -4.26555e-37
3.3 4.99044e-34 -6.0397e-37
3.32 7.0509e-34 -8.53338e-37
3.34 9.94092e-34 -1.2031e-36
3.36 1.39861e-33 -1.69267e-36
3.38 1.96365e-33 -2.37652e-36
3.4 2.75133e-33 -3.32981e-36
3.42 3.84717e-33 -4.65606e-36
3.44 5.36873e-33 -6.49753e-36
3.46 7.47726e-33 -9.04939e-36
3.48 1.03936e-32 -1.25789e-35
3.5 1.44195e-32 -1.74512e-35
3.52 1.99666e-32 -2.41647e-35
3.54 2.75957e-32 -3.33979e-35
3.56 3.80688e-32 -4.6073e-35
3.58 5.242e-32 -6.34416e-35
3.6 7.20501e-32 -8.7199e-35
3.62 9.88531e-32 -1.19637e-34
3.64 1.35386e-31 -1.63852e-34
3.66 1.85094e-31 -2.24011e-34
3.68 2.52614e-31 -3.05728e-34
3.7 3.44172e-31 -4.16536e-34
3.72 4.68118e-31 -5.66542e-34
3.74 6.35632e-31 -7.69276e-34
3.76 8.61655e-31 -1.04282e-33
3.78 1.16613e-30 -1.41132e-33
3.8 1.57564e-30 -1.90692e-33
3.82 2.12552e-30 -2.57242e-33
3.84 2.86276e-30 -3.46467e-33
3.86 3.84965e-30 -4.65905e-33
3.88 5.1687e-30 -6.25544e-33
3.9 6.92903e-30 -8.38589e-33
3.92 9.27475e-30 -1.12248e-32
3.94 1.23959e-29 -1.50022e-32
3.96 1.65427e-29 -2.00208e-32
3.98 2.20441e-29 -2.6679e-32
4 2.93322e-29 -3.54994e-32
4.02 3.89735e-29 -4.71679e-32
4.04 5.17098e-29 -6.2582e-32
4.06 6.85112e-29 -8.2916e-32
4.08 9.06444e-29 -1.09703e-31
4.1 1.19762e-28 -1.44942e-31
4.12 1.58015e-28 -1.91239e-31
4.14 2.08204e-28 -2.5198e-31
4.16 2.73964e-28 -3.31567e-31
4.18 3.60015e-28 -4.3571e-31
4.2 4.72469e-28 -5.71808e-31
4.22 6.19239e-28 -7.49436e-31
4.24 8.10551e-28 -9.80974e-31
4.26 1.05961e-27 -1.2824e-30
4.28 1.38344e-27 -1.67431e-30
4.3 1.80396e-27 -2.18325e-30
4.32 2.34938e-27 -2.84335e-30
4.34 3.05593e-27 -3.69845e-30
4.36 3.9701e-27 -4.80483e-30
4.38 5.1515e-27 -6.23463e-30
4.4 6.67643e-27 -8.08018e-30
4.42 8.64247e-27 -1.04596e-29
4.44 1.11743e-26 -1.35237e-29
4.46 1.44309e-26 -1.74651e-29
4.48 1.8615e-26 -2.2529e-29
4.5 2.39848e-26 -2.90277e-29
4.52 3.08684e-26 -3.73587e-29
4.54 3.96829e-26 -4.80264e-29
4.56 5.09572e-26 -6.16712e-29
4.58 6.53623e-26 -7.9105e-29
4.6 8.37474e-26 -1.01356e-28
4.62 1.07187e-25 -1.29724e-28
4.64 1.37039e-25 -1.65852e-28
4.66 1.75017e-25 -2.11815e-28
4.68 2.23283e-25 -2.70229e-28
4.7 2.8456e-25 -3.4439e-28
4.72 3.62275e-25 -4.38445e-28
4.74 4.60736e-25 -5.57609e-28
4.76 5.85357e-25 -7.08431e-28
4.78 7.42928e-25 -8.99132e-28
4.8 9.41962e-25 -1.14012e-27
4.82 1.19312e-24 -1.4469e-27
4.84 1.50975e-24 -1.83872e-27
4.86 1.90851e-24 -2.33872e-27
4.88 2.41024e-24 -2.97633e-27
4.9 3.04092e-24 -3.78896e-27
4.92 3.83293e-24 -4.82409e-27
4.94 4.8266e-24 -6.14194e-27
4.96 6.07211e-24 -7.81874e-27
4.98 7.63184e-24 -9.95093e-27
5 9.58327e-24 -1.26604e-26
5.02 1.20225e-23 -1.61009e-26
5.04 1.50688e-23 -2.04663e-26
5.06 1.88697e-23 -2.60007e-26
5.08 2.36079e-23 -3.30114e-26
5.1 2.95093e-23 -4.1884e-26
5.12 3.6853e-23 -5.31026e-26
5.14 4.59836e-23 -6.72742e-26
5.16 5.7326e-23 -8.51583e-26
5.18 7.14037e-23 -1.07705e-25
5.2 8.88615e-23 -1.361e-25
5.22 1.10493e-22 -1.71825e-25
5.24 1.37272e-22 -2.16723e-25
5.26 1.70397e-22 -2.73089e-25
5.28 2.11338e-22 -3.43779e-25
5.3 2.61897e-22 -4.32336e-25
5.32 3.24282e-22 -5.43157e-25
5.34 4.01197e-22 -6.81686e-25
5.36 4.9595e-22 -8.54667e-25
5.38 6.12583e-22 -1.07043e-24
5.4 7.56035e-22 -1.33927e-24
5.42 9.32333e-22 -1.67388e-24
5.44 1.14883e-21 -2.0899e-24
5.46 1.41448e-21 -2.60658e-24
5.48 1.74019e-21 -3.2476e-24
5.5 2.13924e-21 -4.04204e-24
5.52 2.62777e-21 -5.02559e-24
5.54 3.22538e-21 -6.24199e-24
5.56 3.95588e-21 -7.74481e-24
5.58 4.84816e-21 -9.59957e-24
5.6 5.93723e-21 -1.18864e-23
5.62 7.26551e-21 -1.4703e-23
5.64 8.88435e-21 -1.81688e-23
5.66 1.08559e-20 -2.24291e-23
5.68 1.32552e-20 -2.76608e-23
5.7 1.61731e-20 -3.40794e-23
5.72 1.9719e-20 -4.19463e-23
5.74 2.40251e-20 -5.15794e-23
5.76 2.92506e-20 -6.33639e-23
5.78 3.55876e-20 -7.77669e-23
5.8 4.32668e-20 -9.53541e-23
5.82 5.25664e-20 -1.1681e-22
5.84 6.38205e-20 -1.42961e-22
5.86 7.74305e-20 -1.74807e-22
5.88 9.38786e-20 -2.13554e-22
5.9 1.13743e-19 -2.60655e-22
5.92 1.37717e-19 -3.17864e-22
5.94 1.66633e-19 -3.87288e-22
5.96 2.01485e-19 -4.71466e-22
5.98 2.43465e-19 -5.73447e-22
6 2.93997e-19 -6.96894e-22
6.02 3.54784e-19 -8.46203e-22
6.04 4.27862e-19 -1.02664e-21
6.06 5.15657e-19 -1.24454e-21
6.08 6.21068e-19 -1.50745e-21
6.1 7.47549e-19 -1.82442e-21
6.12 8.99216e-19 -2.20628e-21
6.14 1.08097e-18 -2.66595e-21
6.16 1.29865e-18 -3.21888e-21
6.18 1.55918e-18 -3.88348e-21
6.2 1.87083e-18 -4.6817e-21
6.22 2.24339e-18 -5.63972e-21
6.24 2.68848e-18 -6.78867e-21
6.26 3.21993e-18 -8.16561e-21
6.28 3.85409e-18 -9.81462e-21
6.3 4.61039e-18 -1.1788e-20
6.32 5.51179e-18 -1.4148e-20
6.34 6.58551e-18 -1.69684e-20
6.36 7.86376e-18 -2.03366e-20
6.38 9.38459e-18 -2.43563e-20
6.4 1.1193e-17 -2.91502e-20
6.42 1.33422e-17 -3.48638e-20
6.44 1.58949e-17 -4.1669e-20
6.46 1.8925e-17 -4.97689e-20
6.48 2.25201e-17 -5.94036e-20
6.5 2.67828e-17 -7.08566e-20
6.52 3.18345e-17 -8.44623e-20
6.54 3.78178e-17 -1.00615e-19
6.56 4.49007e-17 -1.1978e-19
6.58 5.32806e-17 -1.42505e-19
6.6 6.31897e-17 -1.69433e-19
6.62 7.49006e-17 -2.01325e-19
6.64 8.87336e-17 -2.3907e-19
6.66 1.05065e-16 -2.83718e-19
6.68 1.24334e-16 -3.36498e-19
6.7 1.47059e-16 -3.98855e-19
6.72 1.73845e-16 -4.72485e-19
6.74 2.05402e-16 -5.59375e-19
6.76 2.42559e-16 -6.61853e-19
6.78 2.86287e-16 -7.82648e-19
6.8 3.37724e-16 -9.24952e-19
6.82 3.98196e-16 -1.0925e-18
6.84 4.69254e-16 -1.28967e-18
6.86 5.5271e-16 -1.52155e-18
6.88 6.50678e-16 -1.79412e-18
6.9 7.65622e-16 -2.11435e-18
6.92 9.00419e-16 -2.49035e-18
6.94 1.05842e-15 -2.93161e-18
6.96 1.24353e-15 -3.44918e-18
6.98 1.46028e-15 -4.05593e-18
7 1.71398e-15 -4.76686e-18
7.02 2.01076e-15 -5.59943e-18
7.04 2.35779e-15 -6.57394e-18
7.06 2.76337e-15 -7.71401e-18
7.08 3.23715e-15 -9.0471e-18
7.1 3.79035e-15 -1.06051e-17
7.12 4.43598e-15 -1.2425e-17
7.14 5.18911e-15 -1.45498e-17
7.16 6.06725e-15 -1.70293e-17
7.18 7.09067e-15 -1.99215e-17
7.2 8.28286e-15 -2.32932e-17
7.22 9.671e-15 -2.72221e-17
7.24 1.12866e-14 -3.1798e-17
7.26 1.3166e-14 -3.71251e-17
7.28 1.53514e-14 -4.33236e-17
7.3 1.78913e-14 -5.05326e-17
7.32 2.08421e-14 -5.89131e-17
7.34 2.42687e-14 -6.86507e-17
7.36 2.82459e-14 -7.99602e-17
7.38 3.28603e-14 -9.30892e-17
7.4 3.82117e-14 -1.08323e-16
7.42 4.44149e-14 -1.25992e-16
7.44 5.16026e-14 -1.46476e-16
7.46 5.99273e-14 -1.70212e-16
7.48 6.95648e-14 -1.97704e-16
7.5 8.07173e-14 -2.29534e-16
7.52 9.36176e-14 -2.66369e-16
7.54 1.08533e-13 -3.08977e-16
7.56 1.25772e-13 -3.58241e-16
7.58 1.45687e-13 -4.15178e-16
7.6 1.68684e-13 -4.80954e-16
7.62 1.9523e-13 -5.56909e-16
7.64 2.25859e-13 -6.44579e-16
7.66 2.61186e-13 -7.45731e-16
7.68 3.01913e-13 -8.62387e-16
7.7 3.48847e-13 -9.96869e-16
7.72 4.02913e-13 -1.15184e-15
7.74 4.65169e-13 -1.33033e-15
7.76 5.36828e-13 -1.53585e-15
7.78 6.19276e-13 -1.77239e-15
7.8 7.14101e-13 -2.0445e-15
7.82 8.23117e-13 -2.35743e-15
7.84 9.484e-13 -2.71715e-15
7.86 1.09232e-12 -3.13048e-15
7.88 1.25758e-12 -3.60524e-15
7.9 1.44729e-12 -4.15033e-15
7.92 1.66496e-12 -4.77593e-15
7.94 1.91463e-12 -5.49365e-15
7.96 2.20089e-12 -6.31673e-15
7.98 2.52897e-12 -7.26028e-15
8 2.90486e-12 -8.34151e-15
8.02 3.33534e-12 -9.58004e-15
8.04 3.82818e-12 -1.09982e-14
8.06 4.39218e-12 -1.26215e-14
8.08 5.03738e-12 -1.44788e-14
8.1 5.77521e-12 -1.66031e-14
8.12 6.61866e-12 -1.90319e-14
8.14 7.58248e-12 -2.18077e-14
8.16 8.68347e-12 -2.49791e-14
8.18 9.94068e-12 -2.8601e-14
8.2 1.13758e-11 -3.2736e-14
8.22 1.30133e-11 -3.74549e-14
8.24 1.48812e-11 -4.28384e-14
8.26 1.70111e-11 -4.89778e-14
8.28 1.94388e-11 -5.59767e-14
8.3 2.22052e-11 -6.39526e-14
8.32 2.53562e-11 -7.30387e-14
8.34 2.89441e-11 -8.33858e-14
8.36 3.30282e-11 -9.51649e-14
8.38 3.76753e-11 -1.08569e-13
8.4 4.29614e-11 -1.23818e-13
8.42 4.89721e-11 -1.4116e-13
8.44 5.58045e-11 -1.60873e-13
8.46 6.35683e-11 -1.83277e-13
8.48 7.23874e-11 -2.08727e-13
8.5 8.24021e-11 -2.3763e-13
8.52 9.37704e-11 -2.70443e-13
8.54 1.06671e-10 -3.07682e-13
8.56 1.21306e-10 -3.49929e-13
8.58 1.37902e-10 -3.97843e-13
8.6 1.56717e-10 -4.52166e-13
8.62 1.7804e-10 -5.13734e-13
8.64 2.02198e-10 -5.8349e-13
8.66 2.29557e-10 -6.62499e-13
8.68 2.60534e-10 -7.51957e-13
8.7 2.95594e-10 -8.53215e-13
8.72 3.35263e-10 -9.67792e-13
8.74 3.80133e-10 -1.0974e-12
8.76 4.30869e-10 -1.24396e-12
8.78 4.88221e-10 -1.40963e-12
8.8 5.5303e-10 -1.59686e-12
8.82 6.26244e-10 -1.80838e-12
8.84 7.08925e-10 -2.04726e-12
8.86 8.0227e-10 -2.31697e-12
8.88 9.07622e-10 -2.62138e-12
8.9 1.02649e-09 -2.96485e-12
8.92 1.16056e-09 -3.35227e-12
8.94 1.31173e-09 -3.78914e-12
8.96 1.48214e-09 -4.28162e-12
8.98 1.67418e-09 -4.8366e-12
9 1.89052e-09 -5.46185e-12
9.02 2.13416e-09 -6.16603e-12
9.04 2.40847e-09 -6.95889e-12
9.06 2.71722e-09 -7.8513e-12
9.08 3.06463e-09 -8.85548e-12
9.1 3.45541e-09 -9.9851e-12
9.12 3.89487e-09 -1.12554e-11
9.14 4.38891e-09 -1.26836e-11
9.16 4.94416e-09 -1.42887e-11
9.18 5.56801e-09 -1.60922e-11
9.2 6.26873e-09 -1.8118e-11
9.22 7.05558e-09 -2.03928e-11
9.24 7.93887e-09 -2.29465e-11
9.26 8.93016e-09 -2.58125e-11
9.28 1.00423e-08 -2.90281e-11
9.3 1.12897e-08 -3.26348e-11
9.32 1.26885e-08 -3.66791e-11
9.34 1.42564e-08 -4.12127e-11
9.36 1.60136e-08 -4.62935e-11
9.38 1.79823e-08 -5.1986e-11
9.4 2.01872e-08 -5.83619e-11
9.42 2.26562e-08 -6.55013e-11
9.44 2.54201e-08 -7.34934e-11
9.46 2.85131e-08 -8.24377e-11
9.48 3.19736e-08 -9.24447e-11
9.5 3.58442e-08 -1.03638e-10
9.52 4.01723e-08 -1.16154e-10
9.54 4.50106e-08 -1.30146e-10
9.56 5.04179e-08 -1.45783e-10
9.58 5.64594e-08 -1.63255e-10
9.6 6.32076e-08 -1.82771e-10
9.62 7.07433e-08 -2.04565e-10
9.64 7.91562e-08 -2.28896e-10
9.66 8.85457e-08 -2.56051e-10
9.68 9.90226e-08 -2.86352e-10
9.7 1.1071e-07 -3.20153e-10
9.72 1.23743e-07 -3.57849e-10
9.74 1.38275e-07 -3.99877e-10
9.76 1.54472e-07 -4.46724e-10
9.78 1.72522e-07 -4.98928e-10
9.8 1.9263e-07 -5.57087e-10
9.82 2.15025e-07 -6.21863e-10
9.84 2.39963e-07 -6.93991e-10
9.86 2.67723e-07 -7.74285e-10
9.88 2.98618e-07 -8.63646e-10
9.9 3.32993e-07 -9.63073e-10
9.92 3.71231e-07 -1.07367e-09
9.94 4.13753e-07 -1.19667e-09
9.96 4.6103e-07 -1.33341e-09
9.98 5.13578e-07 -1.48541e-09
10 5.71973e-07 -1.65432e-09
10.02 6.36847e-07 -1.84197e-09
10.04 7.08902e-07 -2.05039e-09
10.06 7.88914e-07 -2.28183e-09
10.08 8.77738e-07 -2.53876e-09
10.1 9.76322e-07 -2.82392e-09
10.12 1.08571e-06 -3.14034e-09
10.14 1.20706e-06 -3.49136e-09
10.16 1.34164e-06 -3.88067e-09
10.18 1.49087e-06 -4.31233e-09
10.2 1.65629e-06 -4.79084e-09
10.22 1.83963e-06 -5.32116e-09
10.24 2.04276e-06 -5.90877e-09
10.26 2.26778e-06 -6.55968e-09
10.28 2.51699e-06 -7.28055e-09
10.3 2.79291e-06 -8.07872e-09
10.32 3.09835e-06 -8.96226e-09
10.34 3.43637e-06 -9.94008e-09
10.36 3.81037e-06 -1.1022e-08
10.38 4.22409e-06 -1.22188e-08
10.4 4.68163e-06 -1.35423e-08
10.42 5.18752e-06 -1.50057e-08
10.44 5.74673e-06 -1.66234e-08
10.46 6.36476e-06 -1.84112e-08
10.48 7.04762e-06 -2.03866e-08
10.5 7.80194e-06 -2.25687e-08
10.52 8.63503e-06 -2.49787e-08
10.54 9.55488e-06 -2.76396e-08
10.56 1.05703e-05 -3.05771e-08
10.58 1.1691e-05 -3.38191e-08
10.6 1.29276e-05 -3.73963e-08
10.62 1.42918e-05 -4.13426e-08
10.64 1.57963e-05 -4.56951e-08
10.66 1.74554e-05 -5.04945e-08
10.68 1.92844e-05 -5.57855e-08
10.7 2.13003e-05 -6.16172e-08
10.72 2.35217e-05 -6.80434e-08
10.74 2.5969e-05 -7.51232e-08
10.76 2.86647e-05 -8.29214e-08
10.78 3.16332e-05 -9.1509e-08
10.8 3.49015e-05 -1.00964e-07
10.82 3.84991e-05 -1.11371e-07
10.84 4.24584e-05 -1.22825e-07
10.86 4.68146e-05 -1.35427e-07
10.88 5.16067e-05 -1.4929e-07
10.9 5.6877e-05 -1.64537e-07
10.92 6.26721e-05 -1.81301e-07
10.94 6.9043e-05 -1.99732e-07
10.96 7.60452e-05 -2.19989e-07
10.98 8.37399e-05 -2.42248e-07
11 9.21936e-05 -2.66704e-07
11.02 0.000101479 -2.93567e-07
11.04 0.000111677 -3.23068e-07
11.06 0.000122873 -3.55458e-07
11.08 0.000135164 -3.91014e-07
11.1 0.000148653 -4.30037e-07
11.12 0.000163455 -4.72857e-07
11.14 0.000179693 -5.19833e-07
11.16 0.000197503 -5.71357e-07
11.18 0.000217034 -6.27859e-07
11.2 0.000238448 -6.89808e-07
11.22 0.000261921 -7.57714e-07
11.24 0.000287646 -8.32135e-07
11.26 0.000315834 -9.1368e-07
11.28 0.000346713 -1.00301e-06
11.3 0.000380535 -1.10086e-06
11.32 0.000417573 -1.20801e-06
11.34 0.000458123 -1.32532e-06
11.36 0.000502511 -1.45373e-06
11.38 0.00055109 -1.59426e-06
11.4 0.000604245 -1.74804e-06
11.42 0.000662396 -1.91627e-06
11.44 0.000726 -2.10027e-06
11.46 0.000795554 -2.30149e-06
11.48 0.000871602 -2.52149e-06
11.5 0.000954732 -2.76198e-06
11.52 0.00104559 -3.02482e-06
11.54 0.00114486 -3.31203e-06
11.56 0.00125333 -3.62581e-06
11.58 0.0013718 -3.96855e-06
11.6 0.00150118 -4.34284e-06
11.62 0.00164245 -4.75153e-06
11.64 0.00179667 -5.19768e-06
11.66 0.001965 -5.68464e-06
11.68 0.00214868 -6.21604e-06
11.7 0.00234909 -6.79583e-06
11.72 0.00256771 -7.42829e-06
11.74 0.00280615 -8.11807e-06
11.76 0.00306615 -8.87025e-06
11.78 0.00334961 -9.69029e-06
11.8 0.00365859 -1.05842e-05
11.82 0.00399534 -1.15584e-05
11.84 0.00436226 -1.26199e-05
11.86 0.004762 -1.37763e-05
11.88 0.00519741 -1.50359e-05
11.9 0.00567159 -1.64077e-05
11.92 0.0061879 -1.79014e-05
11.94 0.00674997 -1.95274e-05
11.96 0.00736175 -2.12973e-05
11.98 0.00802752 -2.32234e-05
12 0.00875191 -2.5319e-05
12.02 0.00953994 -2.75988e-05
12.04 0.010397 -3.00784e-05
12.06 0.0113291 -3.27748e-05
12.08 0.0123425 -3.57067e-05
12.1 0.0134442 -3.88938e-05
12.12 0.0146416 -4.23578e-05
12.14 0.0159428 -4.61222e-05
12.16 0.0173566 -5.02121e-05
12.18 0.0188924 -5.46552e-05
12.2 0.0205604 -5.94808e-05
12.22 0.0223718 -6.47212e-05
12.24 0.0243385 -7.04109e-05
12.26 0.0264735 -7.65873e-05
12.28 0.0287908 -8.32911e-05
12.3 0.0313054 -9.05659e-05
12.32 0.0340338 -9.8459e-05
12.34 0.0369935 -0.000107022
12.36 0.0402038 -0.000116309
12.38 0.043685 -0.00012638
12.4 0.0474596 -0.0001373
12.42 0.0515516 -0.000149138
12.44 0.0559867 -0.000161969
12.46 0.0607931 -0.000175873
12.48 0.066001 -0.00019094
12.5 0.0716429 -0.000207262
12.52 0.0777539 -0.000224941
12.54 0.084372 -0.000244087
12.56 0.091538 -0.000264818
12.58 0.0992961 -0.000287262
12.6 0.107694 -0.000311556
12.62 0.116782 -0.000337849
12.64 0.126617 -0.0003663
12.66 0.137256 -0.00039708
12.68 0.148766 -0.000430377
12.7 0.161214 -0.000466389
12.72 0.174674 -0.00050533
12.74 0.189228 -0.000547434
12.76 0.204961 -0.000592949
12.78 0.221966 -0.000642144
12.8 0.240343 -0.000695308
12.82 0.260199 -0.000752751
12.84 0.281649 -0.000814807
12.86 0.304819 -0.000881838
12.88 0.329843 -0.00095423
12.9 0.356863 -0.0010324
12.92 0.386035 -0.00111679
12.94 0.417525 -0.00120789
12.96 0.451512 -0.00130622
12.98 0.488188 -0.00141232
13 0.527759 -0.0015268
13.02 0.570449 -0.0016503
13.04 0.616494 -0.00178351
13.06 0.666151 -0.00192717
13.08 0.719696 -0.00208207
13.1 0.777423 -0.00224907
13.12 0.839649 -0.00242909
13.14 0.906715 -0.00262312
13.16 0.978987 -0.0028322
13.18 1.05686 -0.00305747
13.2 1.14074 -0.00330015
13.22 1.2311 -0.00356155
13.24 1.3284 -0.00384306
13.26 1.43318 -0.00414618
13.28 1.54599 -0.00447254
13.3 1.66743 -0.00482385
13.32 1.79813 -0.00520196
13.34 1.93878 -0.00560886
13.36 2.09011 -0.00604667
13.38 2.25292 -0.00651768
13.4 2.42805 -0.00702431
13.42 2.61639 -0.0075692
13.44 2.81893 -0.00815513
13.46 3.03669 -0.00878511
13.48 3.27078 -0.00946234
13.5 3.5224 -0.0101903
13.52 3.79267 -0.0109722
