0 -0 -0
0.08 -3.47046e-36 1.54415e-40
0.16 -6.47313e-33 4.99489e-37
0.12 -9.72027e-34 6.53105e-38
0.1 -1.45409e-34 8.8356e-39
0.09 -3.03706e-35 1.66884e-39
0.085 -1.09568e-35 5.51428e-40
0.09 -3.24065e-35 1.82473e-39
0.095 -9.04123e-35 5.65618e-39
0.1 -2.39357e-34 1.65377e-38
0.105 -6.04356e-34 4.58724e-38
0.11 -1.46174e-33 1.21309e-37
0.115 -3.39961e-33 3.07153e-37
0.12 -7.62802e-33 7.47401e-37
0.125 -1.6561e-32 1.75351e-36
0.13 -3.48793e-32 3.97804e-36
0.135 -7.14254e-32 8.74874e-36
0.14 -1.42503e-31 1.8695e-35
0.145 -2.77508e-31 3.88945e-35
0.15 -5.28344e-31 7.8928e-35
0.155 -9.84899e-31 1.56482e-34
0.16 -1.80004e-30 3.03555e-34
0.165 -3.22933e-30 5.76943e-34
0.17 -5.69333e-30 1.07568e-33
0.175 -9.87373e-30 1.96961e-33
0.18 -1.68601e-29 3.54537e-33
0.185 -2.83707e-29 6.27973e-33
0.19 -4.70815e-29 1.09545e-32
0.195 -7.71109e-29 1.88347e-32
0.2 -1.24725e-28 3.1942e-32
0.205 -1.99358e-28 5.34687e-32
0.21 -3.15067e-28 8.83982e-32
0.215 -4.92598e-28 1.44427e-31
0.22 -7.62286e-28 2.3332e-31
0.225 -1.1681e-27 3.72886e-31
0.23 -1.77322e-27 5.89829e-31
0.235 -2.66776e-27 9.23835e-31
0.24 -3.97916e-27 1.43339e-30
0.245 -5.88646e-27 2.20395e-30
0.25 -8.63929e-27 3.35944e-30
0.255 -1.25834e-26 5.07822e-30
0.26 -1.81948e-26 7.61509e-30
0.265 -2.6124e-26 1.13316e-29
0.27 -3.72558e-26 1.67372e-29
0.275 -5.27857e-26 2.45455e-29
0.28 -7.43205e-26 3.57493e-29
0.285 -1.04008e-25 5.17223e-29
0.29 -1.44706e-25 7.43536e-29
0.295 -2.00194e-25 1.06227e-28
0.3 -2.75449e-25 1.50859e-28
0.305 -3.76998e-25 2.13005e-28
0.31 -5.13354e-25 2.99074e-28
0.315 -6.95579e-25 4.17649e-28
0.32 -9.37984e-25 5.80184e-28
0.325 -1.25901e-24 8.01881e-28
0.33 -1.68231e-24 1.10284e-27
0.335 -2.23814e-24 1.50951e-27
0.34 -2.96503e-24 2.05658e-27
0.345 -3.91187e-24 2.78931e-27
0.35 -5.1405e-24 3.76658e-27
0.355 -6.72884e-24 5.06467e-27
0.36 -8.77478e-24 6.78203e-27
0.365 -1.14009e-23 9.04528e-27
0.37 -1.47602e-23 1.20167e-26
0.375 -1.9043e-23 1.59037e-26
0.38 -2.44857e-23 2.09701e-26
0.385 -3.13803e-23 2.75508e-26
0.39 -4.00875e-23 3.60697e-26
0.395 -5.10508e-23 4.70612e-26
0.4 -6.48146e-23 6.11975e-26
0.405 -8.20449e-23 7.93211e-26
0.41 -1.03555e-22 1.02486e-25
0.415 -1.30335e-22 1.32006e-25
0.42 -1.63589e-22 1.69515e-25
0.425 -2.04773e-22 2.1704e-25
0.43 -2.55653e-22 2.77089e-25
0.435 -3.18353e-22 3.52755e-25
0.44 -3.95436e-22 4.47849e-25
0.445 -4.89978e-22 5.67048e-25
0.45 -6.05666e-22 7.16086e-25
0.455 -7.46913e-22 9.0197e-25
0.46 -9.18984e-22 1.13325e-24
0.465 -1.12816e-21 1.42033e-24
0.47 -1.3819e-21 1.77584e-24
0.475 -1.68906e-21 2.21511e-24
0.48 -2.06016e-21 2.75666e-24
0.485 -2.5076e-21 3.42284e-24
0.49 -3.04605e-21 4.24061e-24
0.495 -3.6928e-21 5.24235e-24
0.5 -4.46818e-21 6.46694e-24
0.505 -5.39608e-21 7.96097e-24
0.51 -6.50452e-21 9.78014e-24
0.515 -7.82633e-21 1.19909e-23
0.52 -9.39985e-21 1.46726e-23
0.525 -1.12699e-20 1.79194e-23
0.53 -1.34886e-20 2.18432e-23
0.535 -1.61169e-20 2.65768e-23
0.54 -1.92252e-20 3.22774e-23
0.545 -2.28956e-20 3.91306e-23
0.55 -2.72231e-20 4.73556e-23
0.555 -3.23176e-20 5.72107e-23
0.56 -3.83062e-20 6.89997e-23
0.565 -4.53356e-20 8.30796e-23
0.57 -5.3575e-20 9.98692e-23
0.575 -6.32191e-20 1.19859e-22
0.58 -7.44919e-20 1.43623e-22
0.585 -8.76506e-20 1.71832e-22
0.59 -1.0299e-19 2.05268e-22
0.595 -1.20849e-19 2.44842e-22
0.6 -1.41614e-19 2.91616e-22
0.605 -1.65728e-19 3.46822e-22
0.61 -1.93695e-19 4.11891e-22
0.615 -2.26092e-19 4.88482e-22
0.62 -2.63576e-19 5.78516e-22
0.625 -3.06893e-19 6.84213e-22
0.63 -3.56894e-19 8.08141e-22
0.635 -4.14544e-19 9.5326e-22
0.64 -4.80937e-19 1.12298e-21
0.645 -5.57315e-19 1.32124e-21
0.65 -6.45083e-19 1.55254e-21
0.655 -7.45831e-19 1.82208e-21
0.66 -8.61357e-19 2.13582e-21
0.665 -9.93689e-19 2.50057e-21
0.67 -1.14512e-18 2.92416e-21
0.675 -1.31822e-18 3.41553e-21
0.68 -1.51591e-18 3.98489e-21
0.685 -1.74144e-18 4.64391e-21
0.69 -1.9985e-18 5.4059e-21
0.695 -2.2912e-18 6.28601e-21
0.7 -2.62419e-18 7.3015e-21
0.705 -3.00264e-18 8.472e-21
0.71 -3.43238e-18 9.8198e-21
0.715 -3.91992e-18 1.13702e-20
0.72 -4.47253e-18 1.3152e-20
0.725 -5.09836e-18 1.51976e-20
0.73 -5.80648e-18 1.7544e-20
0.735 -6.60704e-18 2.02327e-20
0.74 -7.51134e-18 2.3311e-20
0.745 -8.53198e-18 2.68319e-20
0.75 -9.68298e-18 3.08556e-20
0.755 -1.09799e-17 3.54496e-20
0.76 -1.24402e-17 4.06903e-20
0.765 -1.4083e-17 4.66635e-20
0.77 -1.59298e-17 5.34657e-20
0.775 -1.80042e-17 6.12054e-20
0.78 -2.03327e-17 7.00045e-20
0.785 -2.29442e-17 7.99999e-20
0.79 -2.58712e-17 9.13447e-20
0.795 -2.91492e-17 1.04211e-19
0.8 -3.28178e-17 1.18791e-19
0.805 -3.69206e-17 1.35301e-19
0.81 -4.15057e-17 1.5398e-19
0.815 -4.66263e-17 1.75099e-19
0.82 -5.23409e-17 1.98957e-19
0.825 -5.87143e-17 2.2589e-19
0.83 -6.58176e-17 2.56272e-19
0.835 -7.3729e-17 2.90519e-19
0.84 -8.2535e-17 3.29096e-19
0.845 -9.23301e-17 3.72519e-19
0.85 -1.03219e-16 4.21363e-19
0.855 -1.15315e-16 4.76265e-19
0.86 -1.28745e-16 5.37936e-19
0.865 -1.43646e-16 6.07162e-19
0.87 -1.6017e-16 6.84817e-19
0.875 -1.78481e-16 7.7187e-19
0.88 -1.98762e-16 8.69394e-19
0.885 -2.21211e-16 9.78578e-19
0.89 -2.46045e-16 1.10074e-18
0.895 -2.73502e-16 1.23733e-18
0.9 -3.03842e-16 1.38996e-18
0.905 -3.37349e-16 1.56041e-18
0.91 -3.74332e-16 1.75064e-18
0.915 -4.1513e-16 1.96282e-18
0.92 -4.60111e-16 2.19934e-18
0.925 -5.09678e-16 2.46284e-18
0.93 -5.6427e-16 2.75622e-18
0.935 -6.24364e-16 3.08268e-18
0.94 -6.90481e-16 3.44573e-18
0.945 -7.63185e-16 3.84927e-18
0.95 -8.43093e-16 4.29753e-18
0.955 -9.30875e-16 4.79522e-18
0.96 -1.02726e-15 5.34747e-18
0.965 -1.13303e-15 5.95992e-18
0.97 -1.24905e-15 6.63879e-18
0.975 -1.37626e-15 7.39086e-18
0.98 -1.51565e-15 8.22359e-18
0.985 -1.66834e-15 9.14516e-18
0.99 -1.83549e-15 1.01645e-17
0.995 -2.01842e-15 1.12914e-17
1 -2.21849e-15 1.25366e-17
1.005 -2.43724e-15 1.39119e-17
1.01 -2.67628e-15 1.543e-17
1.015 -2.93739e-15 1.7105e-17
1.02 -3.22248e-15 1.89521e-17
1.025 -3.53361e-15 2.09881e-17
1.03 -3.87302e-15 2.32313e-17
1.035 -4.24311e-15 2.57014e-17
1.04 -4.64649e-15 2.84204e-17
1.045 -5.08597e-15 3.14117e-17
1.05 -5.56457e-15 3.47011e-17
1.055 -6.08556e-15 3.83169e-17
1.06 -6.65247e-15 4.22894e-17
1.065 -7.26909e-15 4.6652e-17
1.07 -7.93952e-15 5.14408e-17
1.075 -8.66814e-15 5.66953e-17
1.08 -9.45972e-15 6.2458e-17
1.085 -1.03193e-14 6.87756e-17
1.09 -1.12525e-14 7.56985e-17
1.095 -1.22651e-14 8.32814e-17
1.1 -1.33634e-14 9.15838e-17
1.105 -1.45544e-14 1.0067e-16
1.11 -1.58453e-14 1.10611e-16
1.115 -1.7244e-14 1.21481e-16
1.12 -1.87588e-14 1.33363e-16
1.125 -2.0399e-14 1.46346e-16
1.13 -2.21742e-14 1.60526e-16
1.135 -2.40948e-14 1.76008e-16
1.14 -2.6172e-14 1.92905e-16
1.145 -2.84179e-14 2.11338e-16
1.15 -3.08451e-14 2.3144e-16
1.155 -3.34675e-14 2.53353e-16
1.16 -3.62998e-14 2.77232e-16
1.165 -3.93578e-14 3.03243e-16
1.17 -4.26583e-14 3.31567e-16
1.175 -4.62194e-14 3.62397e-16
1.18 -5.00604e-14 3.95942e-16
1.185 -5.42018e-14 4.3243e-16
1.19 -5.86659e-14 4.72104e-16
1.195 -6.34761e-14 5.15227e-16
1.2 -6.86576e-14 5.62082e-16
1.205 -7.42373e-14 6.12974e-16
1.21 -8.02439e-14 6.68233e-16
1.215 -8.67081e-14 7.28211e-16
1.22 -9.36626e-14 7.93291e-16
1.225 -1.01142e-13 8.63881e-16
1.23 -1.09184e-13 9.40425e-16
1.235 -1.17828e-13 1.02339e-15
1.24 -1.27116e-13 1.1133e-15
1.245 -1.37094e-13 1.21069e-15
1.25 -1.47809e-13 1.31615e-15
1.255 -1.59313e-13 1.43033e-15
1.26 -1.71659e-13 1.55388e-15
1.265 -1.84906e-13 1.68755e-15
1.27 -1.99116e-13 1.83212e-15
1.275 -2.14354e-13 1.98842e-15
1.28 -2.30689e-13 2.15736e-15
1.285 -2.48197e-13 2.3399e-15
1.29 -2.66956e-13 2.53708e-15
1.295 -2.8705e-13 2.75001e-15
1.3 -3.08568e-13 2.97988e-15
1.305 -3.31604e-13 3.22795e-15
1.31 -3.5626e-13 3.4956e-15
1.315 -3.82641e-13 3.78428e-15
1.32 -4.10862e-13 4.09556e-15
1.325 -4.41042e-13 4.4311e-15
1.33 -4.7331e-13 4.7927e-15
1.335 -5.078e-13 5.18226e-15
1.34 -5.44657e-13 5.60184e-15
1.345 -5.84032e-13 6.05362e-15
1.35 -6.26087e-13 6.53993e-15
1.355 -6.70993e-13 7.06327e-15
1.36 -7.18932e-13 7.6263e-15
1.365 -7.70096e-13 8.23187e-15
1.37 -8.24687e-13 8.88303e-15
1.375 -8.82921e-13 9.583e-15
1.38 -9.45028e-13 1.03353e-14
1.385 -1.01125e-12 1.11435e-14
1.39 -1.08183e-12 1.20116e-14
1.395 -1.15706e-12 1.29439e-14
1.4 -1.23721e-12 1.39447e-14
1.405 -1.32259e-12 1.50189e-14
1.41 -1.41352e-12 1.61715e-14
1.415 -1.51033e-12 1.7408e-14
1.42 -1.61338e-12 1.87341e-14
1.425 -1.72305e-12 2.0156e-14
1.43 -1.83974e-12 2.16801e-14
1.435 -1.96387e-12 2.33135e-14
1.44 -2.09589e-12 2.50636e-14
1.445 -2.23625e-12 2.69382e-14
1.45 -2.38547e-12 2.89457e-14
1.455 -2.54407e-12 3.10951e-14
1.46 -2.71259e-12 3.33957e-14
1.465 -2.89162e-12 3.58577e-14
1.47 -3.08177e-12 3.84918e-14
1.475 -3.28369e-12 4.13093e-14
1.48 -3.49807e-12 4.43224e-14
1.485 -3.72562e-12 4.75438e-14
1.49 -3.96711e-12 5.09871e-14
1.495 -4.22333e-12 5.46669e-14
1.5 -4.49513e-12 5.85984e-14
1.505 -4.7834e-12 6.2798e-14
1.51 -5.08906e-12 6.72829e-14
1.515 -5.41312e-12 7.20715e-14
1.52 -5.7566e-12 7.71832e-14
1.525 -6.1206e-12 8.26387e-14
1.53 -6.50626e-12 8.84597e-14
1.535 -6.91479e-12 9.46695e-14
1.54 -7.34748e-12 1.01293e-13
1.545 -7.80565e-12 1.08355e-13
1.55 -8.29071e-12 1.15884e-13
1.555 -8.80414e-12 1.23909e-13
1.56 -9.3475e-12 1.32461e-13
1.565 -9.92243e-12 1.41573e-13
1.57 -1.05306e-11 1.51279e-13
1.575 -1.11739e-11 1.61616e-13
1.58 -1.18542e-11 1.72623e-13
1.585 -1.25735e-11 1.8434e-13
1.59 -1.33339e-11 1.96811e-13
1.595 -1.41375e-11 2.10083e-13
1.6 -1.49867e-11 2.24203e-13
1.605 -1.5884e-11 2.39222e-13
1.61 -1.68318e-11 2.55196e-13
1.615 -1.78328e-11 2.72181e-13
1.62 -1.88898e-11 2.90238e-13
1.625 -2.00059e-11 3.09431e-13
1.63 -2.11839e-11 3.29827e-13
1.635 -2.24273e-11 3.51498e-13
1.64 -2.37394e-11 3.74519e-13
1.645 -2.51236e-11 3.9897e-13
1.65 -2.65839e-11 4.24934e-13
1.655 -2.8124e-11 4.525e-13
1.66 -2.97482e-11 4.81762e-13
1.665 -3.14605e-11 5.12818e-13
1.67 -3.32657e-11 5.45773e-13
1.675 -3.51683e-11 5.80736e-13
1.68 -3.71733e-11 6.17822e-13
1.685 -3.92859e-11 6.57154e-13
1.69 -4.15114e-11 6.9886e-13
1.695 -4.38556e-11 7.43076e-13
1.7 -4.63244e-11 7.89945e-13
1.705 -4.8924e-11 8.39616e-13
1.71 -5.16608e-11 8.9225e-13
1.715 -5.45417e-11 9.48012e-13
1.72 -5.75738e-11 1.00708e-12
1.725 -6.07645e-11 1.06963e-12
1.73 -6.41216e-11 1.13588e-12
1.735 -6.76531e-11 1.20601e-12
1.74 -7.13677e-11 1.28024e-12
1.745 -7.52743e-11 1.35881e-12
1.75 -7.9382e-11 1.44196e-12
1.755 -8.37006e-11 1.52992e-12
1.76 -8.82403e-11 1.62298e-12
1.765 -9.30116e-11 1.7214e-12
1.77 -9.80257e-11 1.82548e-12
1.775 -1.03294e-10 1.93553e-12
1.78 -1.08829e-10 2.05187e-12
1.785 -1.14643e-10 2.17484e-12
1.79 -1.20749e-10 2.3048e-12
1.795 -1.27161e-10 2.44212e-12
1.8 -1.33893e-10 2.58721e-12
1.805 -1.40961e-10 2.74046e-12
1.81 -1.4838e-10 2.90233e-12
1.815 -1.56165e-10 3.07326e-12
1.82 -1.64336e-10 3.25373e-12
1.825 -1.72908e-10 3.44426e-12
1.83 -1.81901e-10 3.64537e-12
1.835 -1.91335e-10 3.85761e-12
1.84 -2.01228e-10 4.08156e-12
1.845 -2.11602e-10 4.31785e-12
1.85 -2.2248e-10 4.56711e-12
1.855 -2.33884e-10 4.83002e-12
1.86 -2.45837e-10 5.10727e-12
1.865 -2.58365e-10 5.39962e-12
1.87 -2.71494e-10 5.70784e-12
1.875 -2.8525e-10 6.03274e-12
1.88 -2.99662e-10 6.37518e-12
1.885 -3.14759e-10 6.73605e-12
1.89 -3.30571e-10 7.11629e-12
1.895 -3.4713e-10 7.51689e-12
1.9 -3.64469e-10 7.93887e-12
1.905 -3.82623e-10 8.38332e-12
1.91 -4.01628e-10 8.85135e-12
1.915 -4.2152e-10 9.34417e-12
1.92 -4.42339e-10 9.86301e-12
1.925 -4.64125e-10 1.04092e-11
1.93 -4.8692e-10 1.0984e-11
1.935 -5.10767e-10 1.15889e-11
1.94 -5.35714e-10 1.22255e-11
1.945 -5.61806e-10 1.28952e-11
1.95 -5.89093e-10 1.35996e-11
1.955 -6.17627e-10 1.43406e-11
1.96 -6.4746e-10 1.51198e-11
1.965 -6.78648e-10 1.59392e-11
1.97 -7.11249e-10 1.68008e-11
1.975 -7.45323e-10 1.77064e-11
1.98 -7.80932e-10 1.86584e-11
1.985 -8.1814e-10 1.96589e-11
1.99 -8.57016e-10 2.07103e-11
1.995 -8.97628e-10 2.18149e-11
2 -9.4005e-10 2.29755e-11
2.005 -9.84357e-10 2.41946e-11
2.01 -1.03063e-09 2.54751e-11
2.015 -1.07894e-09 2.68198e-11
2.02 -1.12939e-09 2.82318e-11
2.025 -1.18205e-09 2.97143e-11
2.03 -1.23702e-09 3.12706e-11
2.035 -1.2944e-09 3.29043e-11
2.04 -1.35428e-09 3.46188e-11
2.045 -1.41676e-09 3.64181e-11
2.05 -1.48195e-09 3.8306e-11
2.055 -1.54996e-09 4.02868e-11
2.06 -1.6209e-09 4.23647e-11
2.065 -1.6949e-09 4.45442e-11
2.07 -1.77208e-09 4.683e-11
2.075 -1.85255e-09 4.9227e-11
2.08 -1.93646e-09 5.17404e-11
2.085 -2.02395e-09 5.43754e-11
2.09 -2.11515e-09 5.71377e-11
2.095 -2.21021e-09 6.00331e-11
2.1 -2.30929e-09 6.30676e-11
2.105 -2.41255e-09 6.62475e-11
2.11 -2.52014e-09 6.95794e-11
2.115 -2.63225e-09 7.30703e-11
2.12 -2.74904e-09 7.67272e-11
2.125 -2.8707e-09 8.05576e-11
2.13 -2.99743e-09 8.45693e-11
2.135 -3.12941e-09 8.87705e-11
2.14 -3.26685e-09 9.31695e-11
2.145 -3.40996e-09 9.77753e-11
2.15 -3.55897e-09 1.02597e-10
2.155 -3.7141e-09 1.07644e-10
2.16 -3.87558e-09 1.12926e-10
2.165 -4.04366e-09 1.18455e-10
2.17 -4.21859e-09 1.24239e-10
2.175 -4.40063e-09 1.30292e-10
2.18 -4.59005e-09 1.36624e-10
2.185 -4.78714e-09 1.43248e-10
2.19 -4.99217e-09 1.50177e-10
2.195 -5.20546e-09 1.57423e-10
2.2 -5.42731e-09 1.65001e-10
2.205 -5.65805e-09 1.72924e-10
2.21 -5.898e-09 1.81208e-10
2.215 -6.14752e-09 1.89869e-10
2.22 -6.40695e-09 1.98922e-10
2.225 -6.67667e-09 2.08384e-10
2.23 -6.95706e-09 2.18272e-10
2.235 -7.24851e-09 2.28606e-10
2.24 -7.55143e-09 2.39403e-10
2.245 -7.86625e-09 2.50684e-10
2.25 -8.19339e-09 2.62469e-10
2.255 -8.53332e-09 2.74779e-10
2.26 -8.8865e-09 2.87636e-10
2.265 -9.25341e-09 3.01063e-10
2.27 -9.63455e-09 3.15085e-10
2.275 -1.00304e-08 3.29726e-10
2.28 -1.04416e-08 3.45011e-10
2.285 -1.08686e-08 3.60969e-10
2.29 -1.1312e-08 3.77626e-10
2.295 -1.17724e-08 3.95011e-10
2.3 -1.22504e-08 4.13155e-10
2.305 -1.27466e-08 4.32089e-10
2.31 -1.32617e-08 4.51846e-10
2.315 -1.37964e-08 4.72458e-10
2.32 -1.43513e-08 4.93962e-10
2.325 -1.49272e-08 5.16394e-10
2.33 -1.55247e-08 5.39791e-10
2.335 -1.61448e-08 5.64193e-10
2.34 -1.67881e-08 5.8964e-10
2.345 -1.74554e-08 6.16176e-10
2.35 -1.81477e-08 6.43842e-10
2.355 -1.88658e-08 6.72687e-10
2.36 -1.96105e-08 7.02756e-10
2.365 -2.03829e-08 7.34098e-10
2.37 -2.11838e-08 7.66765e-10
2.375 -2.20143e-08 8.0081e-10
2.38 -2.28753e-08 8.36288e-10
2.385 -2.3768e-08 8.73254e-10
2.39 -2.46934e-08 9.1177e-10
2.395 -2.56526e-08 9.51894e-10
2.4 -2.66468e-08 9.93693e-10
2.405 -2.76771e-08 1.03723e-09
2.41 -2.87449e-08 1.08257e-09
2.415 -2.98514e-08 1.1298e-09
2.42 -3.09978e-08 1.17897e-09
2.425 -3.21856e-08 1.23017e-09
2.43 -3.34161e-08 1.28348e-09
2.435 -3.46908e-08 1.33898e-09
2.44 -3.60111e-08 1.39675e-09
2.445 -3.73786e-08 1.45689e-09
2.45 -3.87948e-08 1.51947e-09
2.455 -4.02614e-08 1.58461e-09
2.46 -4.17801e-08 1.65238e-09
2.465 -4.33525e-08 1.72291e-09
2.47 -4.49805e-08 1.79628e-09
2.475 -4.66659e-08 1.87262e-09
2.48 -4.84105e-08 1.95203e-09
2.485 -5.02164e-08 2.03463e-09
2.49 -5.20855e-08 2.12054e-09
2.495 -5.40199e-08 2.20988e-09
2.5 -5.60217e-08 2.30279e-09
2.505 -5.80931e-08 2.3994e-09
2.51 -6.02364e-08 2.49985e-09
2.515 -6.24539e-08 2.60428e-09
2.52 -6.47481e-08 2.71284e-09
2.525 -6.71213e-08 2.82569e-09
2.53 -6.95762e-08 2.94299e-09
2.535 -7.21153e-08 3.06489e-09
2.54 -7.47413e-08 3.19158e-09
2.545 -7.74571e-08 3.32322e-09
2.55 -8.02655e-08 3.46001e-09
2.555 -8.31694e-08 3.60213e-09
2.56 -8.61719e-08 3.74977e-09
2.565 -8.92762e-08 3.90315e-09
2.57 -9.24853e-08 4.06246e-09
2.575 -9.58027e-08 4.22793e-09
2.58 -9.92317e-08 4.39978e-09
2.585 -1.02776e-07 4.57825e-09
2.59 -1.06439e-07 4.76356e-09
2.595 -1.10224e-07 4.95598e-09
2.6 -1.14136e-07 5.15576e-09
2.605 -1.18178e-07 5.36315e-09
2.61 -1.22354e-07 5.57845e-09
2.615 -1.26668e-07 5.80192e-09
2.62 -1.31126e-07 6.03387e-09
2.625 -1.3573e-07 6.27459e-09
2.63 -1.40486e-07 6.52441e-09
2.635 -1.45399e-07 6.78363e-09
2.64 -1.50472e-07 7.05261e-09
2.645 -1.55712e-07 7.33167e-09
2.65 -1.61122e-07 7.62118e-09
2.655 -1.66709e-07 7.92151e-09
2.66 -1.72478e-07 8.23304e-09
2.665 -1.78434e-07 8.55616e-09
2.67 -1.84583e-07 8.89128e-09
2.675 -1.9093e-07 9.23882e-09
2.68 -1.97482e-07 9.5992e-09
2.685 -2.04245e-07 9.97289e-09
2.69 -2.11226e-07 1.03603e-08
2.695 -2.18429e-07 1.0762e-08
2.7 -2.25864e-07 1.11784e-08
2.705 -2.33535e-07 1.16101e-08
2.71 -2.41451e-07 1.20575e-08
2.715 -2.49618e-07 1.25212e-08
2.72 -2.58044e-07 1.30018e-08
2.725 -2.66737e-07 1.34999e-08
2.73 -2.75705e-07 1.40159e-08
2.735 -2.84955e-07 1.45507e-08
2.74 -2.94496e-07 1.51047e-08
2.745 -3.04337e-07 1.56787e-08
2.75 -3.14486e-07 1.62732e-08
2.755 -3.24952e-07 1.68892e-08
2.76 -3.35744e-07 1.75271e-08
2.765 -3.46873e-07 1.81878e-08
2.77 -3.58347e-07 1.88721e-08
2.775 -3.70177e-07 1.95807e-08
2.78 -3.82373e-07 2.03144e-08
2.785 -3.94945e-07 2.10741e-08
2.79 -4.07905e-07 2.18607e-08
2.795 -4.21264e-07 2.2675e-08
2.8 -4.35032e-07 2.3518e-08
2.805 -4.49222e-07 2.43906e-08
2.81 -4.63846e-07 2.52938e-08
2.815 -4.78916e-07 2.62286e-08
2.82 -4.94444e-07 2.7196e-08
2.825 -5.10445e-07 2.81972e-08
2.83 -5.2693e-07 2.92331e-08
2.835 -5.43915e-07 3.0305e-08
2.84 -5.61412e-07 3.14141e-08
2.845 -5.79436e-07 3.25614e-08
2.85 -5.98003e-07 3.37484e-08
2.855 -6.17127e-07 3.49762e-08
2.86 -6.36824e-07 3.62462e-08
2.865 -6.5711e-07 3.75597e-08
2.87 -6.78001e-07 3.89182e-08
2.875 -6.99514e-07 4.0323e-08
2.88 -7.21666e-07 4.17757e-08
2.885 -7.44476e-07 4.32779e-08
2.89 -7.6796e-07 4.4831e-08
2.895 -7.92139e-07 4.64368e-08
2.9 -8.1703e-07 4.80968e-08
2.905 -8.42654e-07 4.98128e-08
2.91 -8.6903e-07 5.15866e-08
2.915 -8.9618e-07 5.34201e-08
2.92 -9.24123e-07 5.5315e-08
2.925 -9.52883e-07 5.72733e-08
2.93 -9.8248e-07 5.9297e-08
2.935 -1.01294e-06 6.13882e-08
2.94 -1.04428e-06 6.3549e-08
2.945 -1.07653e-06 6.57815e-08
2.95 -1.10971e-06 6.8088e-08
2.955 -1.14385e-06 7.04707e-08
2.96 -1.17898e-06 7.29321e-08
2.965 -1.21511e-06 7.54746e-08
2.97 -1.25228e-06 7.81006e-08
2.975 -1.29051e-06 8.08128e-08
2.98 -1.32984e-06 8.36138e-08
2.985 -1.37028e-06 8.65063e-08
2.99 -1.41188e-06 8.94932e-08
2.995 -1.45466e-06 9.25772e-08
3 -1.49865e-06 9.57614e-08
3.005 -1.54389e-06 9.90489e-08
3.01 -1.59041e-06 1.02443e-07
3.015 -1.63823e-06 1.05946e-07
3.02 -1.68741e-06 1.09562e-07
3.025 -1.73796e-06 1.13295e-07
3.03 -1.78993e-06 1.17147e-07
3.035 -1.84336e-06 1.21123e-07
3.04 -1.89827e-06 1.25226e-07
3.045 -1.95472e-06 1.29459e-07
3.05 -2.01274e-06 1.33828e-07
3.055 -2.07236e-06 1.38335e-07
3.06 -2.13364e-06 1.42986e-07
3.065 -2.19662e-06 1.47783e-07
3.07 -2.26133e-06 1.52732e-07
3.075 -2.32782e-06 1.57837e-07
3.08 -2.39615e-06 1.63103e-07
3.085 -2.46634e-06 1.68534e-07
3.09 -2.53847e-06 1.74135e-07
3.095 -2.61256e-06 1.79911e-07
3.1 -2.68868e-06 1.85868e-07
3.105 -2.76686e-06 1.9201e-07
3.11 -2.84718e-06 1.98343e-07
3.115 -2.92967e-06 2.04873e-07
3.12 -3.0144e-06 2.11605e-07
3.125 -3.10142e-06 2.18545e-07
3.13 -3.19078e-06 2.25699e-07
3.135 -3.28256e-06 2.33073e-07
3.14 -3.3768e-06 2.40674e-07
3.145 -3.47357e-06 2.48508e-07
3.15 -3.57293e-06 2.56582e-07
3.155 -3.67494e-06 2.64902e-07
3.16 -3.77968e-06 2.73476e-07
3.165 -3.88721e-06 2.8231e-07
3.17 -3.99759e-06 2.91413e-07
3.175 -4.11091e-06 3.00791e-07
3.18 -4.22722e-06 3.10454e-07
3.185 -4.34661e-06 3.20407e-07
3.19 -4.46915e-06 3.30661e-07
3.195 -4.59491e-06 3.41223e-07
3.2 -4.72398e-06 3.52102e-07
3.205 -4.85644e-06 3.63306e-07
3.21 -4.99236e-06 3.74845e-07
3.215 -5.13184e-06 3.86729e-07
3.22 -5.27496e-06 3.98966e-07
3.225 -5.4218e-06 4.11566e-07
3.23 -5.57246e-06 4.2454e-07
3.235 -5.72703e-06 4.37898e-07
3.24 -5.8856e-06 4.51651e-07
3.245 -6.04827e-06 4.65808e-07
3.25 -6.21514e-06 4.80382e-07
3.255 -6.38631e-06 4.95384e-07
3.26 -6.56187e-06 5.10826e-07
3.265 -6.74194e-06 5.26718e-07
3.27 -6.92662e-06 5.43075e-07
3.275 -7.11603e-06 5.59908e-07
3.28 -7.31026e-06 5.7723e-07
3.285 -7.50945e-06 5.95055e-07
3.29 -7.71369e-06 6.13396e-07
3.295 -7.92312e-06 6.32266e-07
3.3 -8.13786e-06 6.51681e-07
3.305 -8.35802e-06 6.71654e-07
3.31 -8.58374e-06 6.92201e-07
3.315 -8.81515e-06 7.13337e-07
3.32 -9.05238e-06 7.35078e-07
3.325 -9.29556e-06 7.5744e-07
3.33 -9.54483e-06 7.80438e-07
3.335 -9.80034e-06 8.04091e-07
3.34 -1.00622e-05 8.28415e-07
3.345 -1.03306e-05 8.53428e-07
3.35 -1.06057e-05 8.79148e-07
3.355 -1.08876e-05 9.05594e-07
3.36 -1.11765e-05 9.32784e-07
3.365 -1.14726e-05 9.60738e-07
3.37 -1.17759e-05 9.89477e-07
3.375 -1.20868e-05 1.01902e-06
3.38 -1.24052e-05 1.04939e-06
3.385 -1.27315e-05 1.0806e-06
3.39 -1.30658e-05 1.11269e-06
3.395 -1.34083e-05 1.14566e-06
3.4 -1.37592e-05 1.17955e-06
3.405 -1.41186e-05 1.21437e-06
3.41 -1.44867e-05 1.25016e-06
3.415 -1.48638e-05 1.28693e-06
3.42 -1.525e-05 1.32472e-06
3.425 -1.56456e-05 1.36354e-06
3.43 -1.60507e-05 1.40342e-06
3.435 -1.64656e-05 1.4444e-06
3.44 -1.68905e-05 1.48649e-06
3.445 -1.73256e-05 1.52973e-06
3.45 -1.77711e-05 1.57414e-06
3.455 -1.82273e-05 1.61975e-06
3.46 -1.86944e-05 1.66661e-06
3.465 -1.91727e-05 1.71472e-06
3.47 -1.96623e-05 1.76414e-06
3.475 -2.01636e-05 1.81488e-06
3.48 -2.06768e-05 1.86698e-06
3.485 -2.12021e-05 1.92049e-06
3.49 -2.17398e-05 1.97542e-06
3.495 -2.22903e-05 2.03182e-06
3.5 -2.28537e-05 2.08972e-06
3.505 -2.34303e-05 2.14916e-06
3.51 -2.40205e-05 2.21017e-06
3.515 -2.46245e-05 2.27281e-06
3.52 -2.52426e-05 2.33709e-06
3.525 -2.58752e-05 2.40308e-06
3.53 -2.65225e-05 2.4708e-06
3.535 -2.71849e-05 2.5403e-06
3.54 -2.78627e-05 2.61162e-06
3.545 -2.85562e-05 2.6848e-06
3.55 -2.92657e-05 2.7599e-06
3.555 -2.99916e-05 2.83696e-06
3.56 -3.07342e-05 2.91602e-06
3.565 -3.1494e-05 2.99713e-06
3.57 -3.22712e-05 3.08034e-06
3.575 -3.30662e-05 3.16571e-06
3.58 -3.38794e-05 3.25327e-06
3.585 -3.47112e-05 3.34309e-06
3.59 -3.5562e-05 3.43523e-06
3.595 -3.64322e-05 3.52972e-06
3.6 -3.73221e-05 3.62663e-06
3.605 -3.82322e-05 3.72602e-06
3.61 -3.9163e-05 3.82794e-06
3.615 -4.01148e-05 3.93246e-06
3.62 -4.10881e-05 4.03963e-06
3.625 -4.20833e-05 4.14952e-06
3.63 -4.31008e-05 4.26219e-06
3.635 -4.41413e-05 4.3777e-06
3.64 -4.5205e-05 4.49612e-06
3.645 -4.62926e-05 4.61752e-06
3.65 -4.74044e-05 4.74197e-06
3.655 -4.8541e-05 4.86953e-06
3.66 -4.9703e-05 5.00029e-06
3.665 -5.08907e-05 5.1343e-06
3.67 -5.21048e-05 5.27165e-06
3.675 -5.33457e-05 5.41241e-06
3.68 -5.46141e-05 5.55667e-06
3.685 -5.59104e-05 5.70449e-06
3.69 -5.72353e-05 5.85597e-06
3.695 -5.85893e-05 6.01118e-06
3.7 -5.9973e-05 6.17021e-06
3.705 -6.1387e-05 6.33314e-06
3.71 -6.2832e-05 6.50007e-06
3.715 -6.43085e-05 6.67108e-06
3.72 -6.58171e-05 6.84626e-06
3.725 -6.73586e-05 7.02572e-06
3.73 -6.89335e-05 7.20953e-06
3.735 -7.05426e-05 7.3978e-06
3.74 -7.21864e-05 7.59064e-06
3.745 -7.38658e-05 7.78813e-06
3.75 -7.55814e-05 7.99038e-06
3.755 -7.73339e-05 8.19751e-06
3.76 -7.9124e-05 8.40961e-06
3.765 -8.09526e-05 8.6268e-06
3.77 -8.28203e-05 8.84918e-06
3.775 -8.47279e-05 9.07687e-06
3.78 -8.66762e-05 9.31e-06
3.785 -8.8666e-05 9.54866e-06
3.79 -9.06981e-05 9.79299e-06
3.795 -9.27733e-05 1.00431e-05
3.8 -9.48925e-05 1.02992e-05
3.805 -9.70565e-05 1.05612e-05
3.81 -9.92661e-05 1.08295e-05
3.815 -0.000101522 1.1104e-05
3.82 -0.000103826 1.1385e-05
3.825 -0.000106178 1.16726e-05
3.83 -0.00010858 1.19669e-05
3.835 -0.000111031 1.22681e-05
3.84 -0.000113534 1.25762e-05
3.845 -0.000116089 1.28915e-05
3.85 -0.000118697 1.32142e-05
3.855 -0.00012136 1.35443e-05
3.86 -0.000124078 1.3882e-05
3.865 -0.000126852 1.42275e-05
3.87 -0.000129683 1.4581e-05
3.875 -0.000132573 1.49425e-05
3.88 -0.000135522 1.53124e-05
3.885 -0.000138532 1.56907e-05
3.89 -0.000141604 1.60776e-05
3.895 -0.000144739 1.64733e-05
3.9 -0.000147937 1.68781e-05
3.905 -0.000151202 1.7292e-05
3.91 -0.000154532 1.77153e-05
3.915 -0.000157931 1.81481e-05
3.92 -0.000161399 1.85908e-05
3.925 -0.000164936 1.90433e-05
3.93 -0.000168546 1.95061e-05
3.935 -0.000172229 1.99792e-05
3.94 -0.000175985 2.04629e-05
3.945 -0.000179818 2.09574e-05
3.95 -0.000183727 2.14629e-05
3.955 -0.000187716 2.19796e-05
3.96 -0.000191784 2.25079e-05
3.965 -0.000195933 2.30478e-05
3.97 -0.000200165 2.35997e-05
3.975 -0.000204482 2.41637e-05
3.98 -0.000208884 2.47402e-05
3.985 -0.000213374 2.53293e-05
3.99 -0.000217953 2.59313e-05
3.995 -0.000222623 2.65466e-05
4 -0.000227385 2.71752e-05
4.005 -0.000232241 2.78176e-05
4.01 -0.000237193 2.8474e-05
4.015 -0.000242242 2.91446e-05
4.02 -0.00024739 2.98297e-05
4.025 -0.000252639 3.05297e-05
4.03 -0.00025799 3.12448e-05
4.035 -0.000263446 3.19753e-05
4.04 -0.000269009 3.27215e-05
4.045 -0.00027468 3.34837e-05
4.05 -0.000280461 3.42622e-05
4.055 -0.000286354 3.50574e-05
4.06 -0.000292361 3.58696e-05
4.065 -0.000298484 3.6699e-05
4.07 -0.000304726 3.75461e-05
4.075 -0.000311087 3.84112e-05
4.08 -0.000317571 3.92945e-05
4.085 -0.00032418 4.01965e-05
4.09 -0.000330915 4.11176e-05
4.095 -0.000337779 4.2058e-05
4.1 -0.000344774 4.30182e-05
4.105 -0.000351903 4.39985e-05
4.11 -0.000359167 4.49993e-05
4.115 -0.000366569 4.6021e-05
4.12 -0.000374112 4.7064e-05
4.125 -0.000381797 4.81287e-05
4.13 -0.000389628 4.92155e-05
4.135 -0.000397606 5.03249e-05
4.14 -0.000405735 5.14571e-05
4.145 -0.000414017 5.26127e-05
4.15 -0.000422454 5.37921e-05
4.155 -0.000431049 5.49958e-05
4.16 -0.000439806 5.62242e-05
4.165 -0.000448725 5.74777e-05
4.17 -0.000457812 5.87568e-05
4.175 -0.000467067 6.0062e-05
4.18 -0.000476494 6.13938e-05
4.185 -0.000486097 6.27526e-05
4.19 -0.000495877 6.4139e-05
4.195 -0.000505838 6.55534e-05
4.2 -0.000515983 6.69964e-05
4.205 -0.000526314 6.84685e-05
4.21 -0.000536836 6.99702e-05
4.215 -0.000547551 7.15021e-05
4.22 -0.000558463 7.30646e-05
4.225 -0.000569574 7.46584e-05
4.23 -0.000580889 7.6284e-05
4.235 -0.00059241 7.7942e-05
4.24 -0.000604141 7.9633e-05
4.245 -0.000616084 8.13575e-05
4.25 -0.000628245 8.31162e-05
4.255 -0.000640626 8.49096e-05
4.26 -0.000653232 8.67384e-05
4.265 -0.000666064 8.86032e-05
4.27 -0.000679129 9.05047e-05
4.275 -0.000692428 9.24435e-05
4.28 -0.000705966 9.44202e-05
4.285 -0.000719747 9.64355e-05
4.29 -0.000733775 9.84901e-05
4.295 -0.000748054 0.000100585
4.3 -0.000762588 0.00010272
4.305 -0.000777381 0.000104897
4.31 -0.000792436 0.000107116
4.315 -0.00080776 0.000109377
4.32 -0.000823354 0.000111682
4.325 -0.000839225 0.000114032
4.33 -0.000855377 0.000116427
4.335 -0.000871813 0.000118867
4.34 -0.000888539 0.000121354
4.345 -0.000905559 0.000123889
4.35 -0.000922877 0.000126472
4.355 -0.0009405 0.000129104
4.36 -0.00095843 0.000131786
4.365 -0.000976674 0.000134519
4.37 -0.000995235 0.000137304
4.375 -0.00101412 0.000140141
4.38 -0.00103333 0.000143031
4.385 -0.00105288 0.000145976
4.39 -0.00107276 0.000148976
4.395 -0.00109299 0.000152032
4.4 -0.00111357 0.000155145
4.405 -0.0011345 0.000158317
4.41 -0.0011558 0.000161547
4.415 -0.00117745 0.000164837
4.42 -0.00119948 0.000168188
4.425 -0.00122189 0.000171602
4.43 -0.00124468 0.000175078
4.435 -0.00126786 0.000178618
4.44 -0.00129143 0.000182224
4.445 -0.00131541 0.000185896
4.45 -0.00133979 0.000189635
4.455 -0.00136459 0.000193442
4.46 -0.0013898 0.000197319
4.465 -0.00141544 0.000201267
4.47 -0.00144151 0.000205286
4.475 -0.00146803 0.000209378
4.48 -0.00149498 0.000213544
4.485 -0.00152239 0.000217786
4.49 -0.00155026 0.000222104
4.495 -0.0015786 0.0002265
4.5 -0.00160741 0.000230975
4.505 -0.0016367 0.000235531
4.51 -0.00166647 0.000240167
4.515 -0.00169674 0.000244887
4.52 -0.00172752 0.000249691
4.525 -0.0017588 0.00025458
4.53 -0.0017906 0.000259556
4.535 -0.00182293 0.000264621
4.54 -0.00185578 0.000269775
4.545 -0.00188918 0.00027502
4.55 -0.00192313 0.000280358
4.555 -0.00195763 0.000285789
4.56 -0.0019927 0.000291316
4.565 -0.00202835 0.00029694
4.57 -0.00206457 0.000302662
4.575 -0.00210138 0.000308484
4.58 -0.0021388 0.000314407
4.585 -0.00217682 0.000320434
4.59 -0.00221545 0.000326565
4.595 -0.00225471 0.000332802
4.6 -0.00229461 0.000339148
4.605 -0.00233515 0.000345602
4.61 -0.00237634 0.000352168
4.615 -0.0024182 0.000358847
4.62 -0.00246072 0.000365641
4.625 -0.00250393 0.00037255
4.63 -0.00254783 0.000379578
4.635 -0.00259243 0.000386726
4.64 -0.00263774 0.000393996
4.645 -0.00268378 0.000401389
4.65 -0.00273054 0.000408907
4.655 -0.00277805 0.000416553
4.66 -0.00282631 0.000424328
4.665 -0.00287533 0.000432234
4.67 -0.00292513 0.000440273
4.675 -0.00297571 0.000448448
4.68 -0.00302709 0.000456759
4.685 -0.00307927 0.000465209
4.69 -0.00313228 0.000473801
4.695 -0.00318611 0.000482536
4.7 -0.00324079 0.000491416
4.705 -0.00329632 0.000500444
4.71 -0.00335271 0.000509621
4.715 -0.00340998 0.00051895
4.72 -0.00346815 0.000528433
4.725 -0.00352721 0.000538073
4.73 -0.00358719 0.000547871
4.735 -0.00364809 0.00055783
4.74 -0.00370994 0.000567952
4.745 -0.00377274 0.000578239
4.75 -0.0038365 0.000588695
4.755 -0.00390124 0.000599321
4.76 -0.00396698 0.00061012
4.765 -0.00403372 0.000621094
4.77 -0.00410148 0.000632246
4.775 -0.00417027 0.000643578
4.78 -0.00424012 0.000655093
4.785 -0.00431102 0.000666793
4.79 -0.004383 0.000678682
4.795 -0.00445608 0.000690761
4.8 -0.00453025 0.000703034
4.805 -0.00460555 0.000715503
4.81 -0.00468199 0.00072817
4.815 -0.00475957 0.00074104
4.82 -0.00483832 0.000754114
4.825 -0.00491825 0.000767395
4.83 -0.00499939 0.000780887
4.835 -0.00508173 0.000794592
4.84 -0.0051653 0.000808513
4.845 -0.00525012 0.000822653
4.85 -0.00533621 0.000837015
4.855 -0.00542357 0.000851603
4.86 -0.00551223 0.000866419
4.865 -0.0056022 0.000881466
4.87 -0.0056935 0.000896748
4.875 -0.00578615 0.000912268
4.88 -0.00588016 0.000928029
4.885 -0.00597556 0.000944034
4.89 -0.00607236 0.000960286
4.895 -0.00617058 0.00097679
4.9 -0.00627024 0.000993548
4.905 -0.00637136 0.00101056
4.91 -0.00647395 0.00102784
4.915 -0.00657803 0.00104538
4.92 -0.00668363 0.00106319
4.925 -0.00679077 0.00108128
4.93 -0.00689946 0.00109963
4.935 -0.00700972 0.00111827
4.94 -0.00712157 0.00113719
4.945 -0.00723504 0.0011564
4.95 -0.00735014 0.00117589
4.955 -0.0074669 0.00119569
4.96 -0.00758533 0.00121578
4.965 -0.00770546 0.00123617
4.97 -0.00782732 0.00125686
4.975 -0.00795091 0.00127787
4.98 -0.00807626 0.00129919
4.985 -0.0082034 0.00132083
4.99 -0.00833235 0.0013428
4.995 -0.00846313 0.00136508
5 -0.00859576 0.0013877
5.005 -0.00873027 0.00141066
5.01 -0.00886667 0.00143395
5.015 -0.009005 0.00145759
5.02 -0.00914528 0.00148158
5.025 -0.00928753 0.00150591
5.03 -0.00943178 0.00153061
5.035 -0.00957804 0.00155566
5.04 -0.00972635 0.00158109
5.045 -0.00987674 0.00160688
5.05 -0.0100292 0.00163305
5.055 -0.0101838 0.0016596
5.06 -0.0103406 0.00168653
5.065 -0.0104995 0.00171386
5.07 -0.0106606 0.00174158
5.075 -0.010824 0.0017697
5.08 -0.0109896 0.00179822
5.085 -0.0111574 0.00182715
5.09 -0.0113276 0.0018565
5.095 -0.0115002 0.00188627
5.1 -0.0116751 0.00191646
5.105 -0.0118524 0.00194708
5.11 -0.0120321 0.00197814
5.115 -0.0122142 0.00200964
5.12 -0.0123989 0.00204159
5.125 -0.0125861 0.00207399
5.13 -0.0127758 0.00210685
5.135 -0.012968 0.00214017
5.14 -0.0131629 0.00217396
5.145 -0.0133604 0.00220822
5.15 -0.0135606 0.00224296
5.155 -0.0137634 0.00227819
5.16 -0.013969 0.00231391
5.165 -0.0141774 0.00235013
5.17 -0.0143885 0.00238686
5.175 -0.0146025 0.00242409
5.18 -0.0148193 0.00246184
5.185 -0.015039 0.00250011
5.19 -0.0152616 0.00253891
5.195 -0.0154872 0.00257824
5.2 -0.0157158 0.00261812
5.205 -0.0159474 0.00265854
5.21 -0.0161821 0.00269951
5.215 -0.0164199 0.00274105
5.22 -0.0166608 0.00278315
5.225 -0.0169048 0.00282583
5.23 -0.0171521 0.00286909
5.235 -0.0174026 0.00291293
5.24 -0.0176564 0.00295737
5.245 -0.0179135 0.00300241
5.25 -0.018174 0.00304805
5.255 -0.0184378 0.00309432
5.26 -0.0187051 0.0031412
5.265 -0.0189759 0.00318871
5.27 -0.0192502 0.00323686
5.275 -0.019528 0.00328565
5.28 -0.0198094 0.0033351
5.285 -0.0200944 0.0033852
5.29 -0.0203831 0.00343597
5.295 -0.0206755 0.00348741
5.3 -0.0209716 0.00353953
5.305 -0.0212716 0.00359234
5.31 -0.0215754 0.00364585
5.315 -0.021883 0.00370006
5.32 -0.0221946 0.00375499
5.325 -0.0225101 0.00381063
5.33 -0.0228297 0.003867
5.335 -0.0231533 0.00392411
5.34 -0.0234809 0.00398197
5.345 -0.0238128 0.00404058
5.35 -0.0241488 0.00409995
5.355 -0.024489 0.00416009
5.36 -0.0248336 0.00422101
5.365 -0.0251824 0.00428271
5.37 -0.0255356 0.00434521
5.375 -0.0258932 0.00440852
5.38 -0.0262553 0.00447263
5.385 -0.0266219 0.00453758
5.39 -0.0269931 0.00460335
5.395 -0.0273689 0.00466996
5.4 -0.0277493 0.00473742
5.405 -0.0281345 0.00480574
5.41 -0.0285244 0.00487493
5.415 -0.0289191 0.00494499
5.42 -0.0293187 0.00501594
5.425 -0.0297232 0.00508779
5.43 -0.0301326 0.00516054
5.435 -0.0305471 0.00523421
5.44 -0.0309666 0.0053088
5.445 -0.0313913 0.00538433
5.45 -0.0318211 0.0054608
5.455 -0.0322562 0.00553823
5.46 -0.0326965 0.00561662
5.465 -0.0331422 0.00569598
5.47 -0.0335933 0.00577634
5.475 -0.0340498 0.00585768
5.48 -0.0345119 0.00594004
5.485 -0.0349795 0.00602341
5.49 -0.0354527 0.00610781
5.495 -0.0359316 0.00619324
5.5 -0.0364163 0.00627973
5.505 -0.0369067 0.00636727
5.51 -0.037403 0.00645588
5.515 -0.0379052 0.00654558
5.52 -0.0384134 0.00663637
5.525 -0.0389276 0.00672826
5.53 -0.0394479 0.00682127
5.535 -0.0399744 0.0069154
5.54 -0.0405071 0.00701067
5.545 -0.0410461 0.00710709
5.55 -0.0415914 0.00720467
5.555 -0.0421432 0.00730343
5.56 -0.0427014 0.00740336
5.565 -0.0432661 0.0075045
5.57 -0.0438375 0.00760684
5.575 -0.0444155 0.00771041
5.58 -0.0450003 0.00781521
5.585 -0.0455918 0.00792125
5.59 -0.0461902 0.00802855
5.595 -0.0467956 0.00813712
5.6 -0.0474079 0.00824698
5.605 -0.0480274 0.00835812
5.61 -0.048654 0.00847058
5.615 -0.0492877 0.00858436
5.62 -0.0499288 0.00869947
5.625 -0.0505772 0.00881593
5.63 -0.0512331 0.00893375
5.635 -0.0518964 0.00905294
5.64 -0.0525673 0.00917352
5.645 -0.0532458 0.0092955
5.65 -0.0539321 0.00941889
5.655 -0.0546261 0.00954371
5.66 -0.055328 0.00966997
5.665 -0.0560379 0.00979769
5.67 -0.0567557 0.00992687
5.675 -0.0574816 0.0100575
5.68 -0.0582157 0.0101897
5.685 -0.0589581 0.0103234
5.69 -0.0597087 0.0104586
5.695 -0.0604678 0.0105953
5.7 -0.0612353 0.0107336
5.705 -0.0620114 0.0108735
5.71 -0.0627961 0.0110149
5.715 -0.0635895 0.011158
5.72 -0.0643917 0.0113026
5.725 -0.0652028 0.0114489
5.73 -0.0660229 0.0115969
5.735 -0.066852 0.0117465
5.74 -0.0676902 0.0118977
5.745 -0.0685376 0.0120507
5.75 -0.0693943 0.0122053
5.755 -0.0702604 0.0123617
5.76 -0.071136 0.0125198
5.765 -0.0720211 0.0126797
5.77 -0.0729158 0.0128414
5.775 -0.0738203 0.0130048
5.78 -0.0747346 0.01317
5.785 -0.0756587 0.0133371
5.79 -0.0765929 0.0135059
5.795 -0.0775371 0.0136767
5.8 -0.0784915 0.0138493
5.805 -0.0794562 0.0140238
5.81 -0.0804312 0.0142001
5.815 -0.0814166 0.0143784
5.82 -0.0824126 0.0145587
5.825 -0.0834192 0.0147408
5.83 -0.0844365 0.014925
5.835 -0.0854646 0.0151111
5.84 -0.0865037 0.0152993
5.845 -0.0875537 0.0154894
5.85 -0.0886148 0.0156817
5.855 -0.0896872 0.0158759
5.86 -0.0907708 0.0160722
5.865 -0.0918658 0.0162707
5.87 -0.0929723 0.0164712
5.875 -0.0940904 0.0166739
5.88 -0.0952201 0.0168787
5.885 -0.0963617 0.0170857
5.89 -0.0975151 0.0172948
5.895 -0.0986805 0.0175062
5.9 -0.099858 0.0177198
5.905 -0.101048 0.0179356
5.91 -0.10225 0.0181537
5.915 -0.103464 0.0183741
5.92 -0.104691 0.0185968
5.925 -0.105931 0.0188217
5.93 -0.107183 0.0190491
5.935 -0.108448 0.0192787
5.94 -0.109726 0.0195108
5.945 -0.111017 0.0197452
5.95 -0.112321 0.0199821
5.955 -0.113638 0.0202214
5.96 -0.114969 0.0204632
5.965 -0.116313 0.0207074
5.97 -0.117671 0.0209541
5.975 -0.119042 0.0212034
5.98 -0.120428 0.0214552
5.985 -0.121827 0.0217095
5.99 -0.12324 0.0219664
5.995 -0.124667 0.0222259
6 -0.126109 0.0224881
6.005 -0.127565 0.0227529
6.01 -0.129035 0.0230203
6.015 -0.13052 0.0232904
6.02 -0.13202 0.0235633
6.025 -0.133534 0.0238388
6.03 -0.135064 0.0241171
6.035 -0.136608 0.0243982
6.04 -0.138168 0.0246821
6.045 -0.139743 0.0249688
6.05 -0.141334 0.0252583
6.055 -0.14294 0.0255507
6.06 -0.144561 0.025846
6.065 -0.146199 0.0261441
6.07 -0.147852 0.0264452
6.075 -0.149521 0.0267493
6.08 -0.151207 0.0270563
6.085 -0.152909 0.0273663
6.09 -0.154627 0.0276793
6.095 -0.156362 0.0279954
6.1 -0.158113 0.0283145
6.105 -0.159881 0.0286367
6.11 -0.161666 0.028962
6.115 -0.163468 0.0292905
6.12 -0.165287 0.0296221
6.125 -0.167124 0.0299569
6.13 -0.168978 0.0302949
6.135 -0.170849 0.0306361
6.14 -0.172738 0.0309806
6.145 -0.174645 0.0313284
6.15 -0.17657 0.0316794
6.155 -0.178513 0.0320338
6.16 -0.180474 0.0323915
6.165 -0.182454 0.0327526
6.17 -0.184452 0.0331171
6.175 -0.186468 0.0334851
6.18 -0.188504 0.0338564
6.185 -0.190558 0.0342313
6.19 -0.192631 0.0346096
6.195 -0.194723 0.0349915
6.2 -0.196835 0.0353769
6.205 -0.198966 0.0357659
6.21 -0.201116 0.0361585
6.215 -0.203286 0.0365547
6.22 -0.205476 0.0369545
6.225 -0.207686 0.0373581
6.23 -0.209917 0.0377653
6.235 -0.212167 0.0381763
6.24 -0.214438 0.038591
6.245 -0.216729 0.0390095
6.25 -0.219041 0.0394318
6.255 -0.221374 0.0398579
6.26 -0.223728 0.0402879
6.265 -0.226102 0.0407218
6.27 -0.228499 0.0411596
6.275 -0.230916 0.0416013
6.28 -0.233355 0.042047
6.285 -0.235816 0.0424966
6.29 -0.238298 0.0429503
6.295 -0.240803 0.0434081
6.3 -0.243329 0.0438699
6.305 -0.245878 0.0443358
6.31 -0.24845 0.0448058
6.315 -0.251044 0.04528
6.32 -0.25366 0.0457584
6.325 -0.2563 0.046241
6.33 -0.258962 0.0467278
6.335 -0.261648 0.0472189
6.34 -0.264357 0.0477142
6.345 -0.267089 0.0482139
6.35 -0.269845 0.048718
6.355 -0.272625 0.0492264
6.36 -0.275428 0.0497392
6.365 -0.278256 0.0502564
6.37 -0.281108 0.0507781
6.375 -0.283984 0.0513043
6.38 -0.286885 0.051835
6.385 -0.289811 0.0523703
6.39 -0.292761 0.0529101
6.395 -0.295737 0.0534545
6.4 -0.298737 0.0540036
6.405 -0.301763 0.0545573
6.41 -0.304814 0.0551157
6.415 -0.307891 0.0556788
6.42 -0.310994 0.0562467
6.425 -0.314122 0.0568193
6.43 -0.317277 0.0573967
6.435 -0.320458 0.057979
6.44 -0.323665 0.0585661
6.445 -0.326899 0.0591581
6.45 -0.33016 0.0597551
6.455 -0.333447 0.0603569
6.46 -0.336761 0.0609638
6.465 -0.340103 0.0615756
6.47 -0.343472 0.0621925
6.475 -0.346869 0.0628145
6.48 -0.350293 0.0634416
6.485 -0.353745 0.0640737
6.49 -0.357225 0.0647111
6.495 -0.360733 0.0653536
6.5 -0.364269 0.0660013
6.505 -0.367834 0.0666543
6.51 -0.371428 0.0673125
6.515 -0.37505 0.0679761
6.52 -0.378702 0.0686449
6.525 -0.382382 0.0693192
6.53 -0.386092 0.0699988
6.535 -0.389831 0.0706838
6.54 -0.3936 0.0713743
6.545 -0.397398 0.0720703
6.55 -0.401227 0.0727718
6.555 -0.405085 0.0734788
6.56 -0.408974 0.0741914
6.565 -0.412893 0.0749096
6.57 -0.416843 0.0756335
6.575 -0.420824 0.076363
6.58 -0.424835 0.0770981
6.585 -0.428878 0.077839
6.59 -0.432951 0.0785857
6.595 -0.437057 0.0793381
6.6 -0.441193 0.0800964
6.605 -0.445362 0.0808604
6.61 -0.449562 0.0816304
6.615 -0.453794 0.0824063
6.62 -0.458059 0.0831881
6.625 -0.462356 0.0839758
6.63 -0.466685 0.0847695
6.635 -0.471048 0.0855693
6.64 -0.475443 0.0863751
6.645 -0.479871 0.087187
6.65 -0.484332 0.088005
6.655 -0.488827 0.0888292
6.66 -0.493355 0.0896595
6.665 -0.497917 0.090496
6.67 -0.502512 0.0913388
6.675 -0.507142 0.0921878
6.68 -0.511806 0.0930431
6.685 -0.516504 0.0939047
6.69 -0.521237 0.0947727
6.695 -0.526004 0.095647
6.7 -0.530806 0.0965278
6.705 -0.535643 0.097415
6.71 -0.540516 0.0983087
6.715 -0.545423 0.0992089
6.72 -0.550366 0.100116
6.725 -0.555345 0.101029
6.73 -0.560359 0.101949
6.735 -0.56541 0.102875
6.74 -0.570496 0.103808
6.745 -0.575619 0.104748
6.75 -0.580778 0.105695
6.755 -0.585974 0.106648
6.76 -0.591206 0.107608
6.765 -0.596476 0.108575
6.77 -0.601782 0.109548
6.775 -0.607126 0.110529
6.78 -0.612507 0.111516
6.785 -0.617925 0.11251
6.79 -0.623381 0.113512
6.795 -0.628875 0.11452
6.8 -0.634407 0.115535
6.805 -0.639978 0.116557
6.81 -0.645586 0.117586
6.815 -0.651233 0.118623
6.82 -0.656918 0.119666
6.825 -0.662643 0.120717
6.83 -0.668406 0.121774
6.835 -0.674208 0.122839
6.84 -0.68005 0.123911
6.845 -0.685931 0.124991
6.85 -0.691851 0.126077
6.855 -0.697811 0.127171
6.86 -0.703811 0.128273
6.865 -0.709851 0.129381
6.87 -0.71593 0.130497
6.875 -0.722051 0.131621
6.88 -0.728211 0.132752
6.885 -0.734412 0.13389
6.89 -0.740654 0.135036
6.895 -0.746937 0.136189
6.9 -0.75326 0.13735
6.905 -0.759625 0.138519
6.91 -0.766031 0.139695
6.915 -0.772478 0.140878
6.92 -0.778967 0.14207
6.925 -0.785498 0.143269
6.93 -0.79207 0.144476
6.935 -0.798684 0.14569
6.94 -0.805341 0.146912
6.945 -0.81204 0.148142
6.95 -0.818781 0.14938
6.955 -0.825564 0.150625
6.96 -0.83239 0.151879
6.965 -0.839259 0.15314
6.97 -0.846171 0.154409
6.975 -0.853125 0.155687
6.98 -0.860123 0.156972
6.985 -0.867164 0.158265
6.99 -0.874249 0.159566
6.995 -0.881377 0.160875
7 -0.888549 0.162192
7.005 -0.895764 0.163517
7.01 -0.903023 0.16485
7.015 -0.910327 0.166191
7.02 -0.917674 0.167541
7.025 -0.925066 0.168898
7.03 -0.932502 0.170264
7.035 -0.939982 0.171638
7.04 -0.947508 0.17302
7.045 -0.955077 0.174411
7.05 -0.962692 0.175809
7.055 -0.970351 0.177216
7.06 -0.978056 0.178631
7.065 -0.985806 0.180055
7.07 -0.9936 0.181487
7.075 -1.00144 0.182927
7.08 -1.00933 0.184375
7.085 -1.01726 0.185832
7.09 -1.02523 0.187298
7.095 -1.03326 0.188771
7.1 -1.04133 0.190254
7.105 -1.04944 0.191744
7.11 -1.0576 0.193243
7.115 -1.06581 0.194751
7.12 -1.07406 0.196267
7.125 -1.08236 0.197792
7.13 -1.0907 0.199325
7.135 -1.0991 0.200867
7.14 -1.10753 0.202417
7.145 -1.11602 0.203976
7.15 -1.12455 0.205543
7.155 -1.13313 0.20712
7.16 -1.14176 0.208704
7.165 -1.15043 0.210298
7.17 -1.15915 0.2119
7.175 -1.16791 0.21351
7.18 -1.17673 0.21513
7.185 -1.18559 0.216758
7.19 -1.1945 0.218395
7.195 -1.20345 0.22004
7.2 -1.21245 0.221695
7.205 -1.22151 0.223358
7.21 -1.2306 0.225029
7.215 -1.23975 0.22671
7.22 -1.24894 0.228399
7.225 -1.25818 0.230097
7.23 -1.26747 0.231804
7.235 -1.27681 0.23352
7.24 -1.28619 0.235244
7.245 -1.29562 0.236978
7.25 -1.3051 0.23872
7.255 -1.31463 0.240471
7.26 -1.32421 0.242231
7.265 -1.33383 0.243999
7.27 -1.3435 0.245777
7.275 -1.35322 0.247563
7.28 -1.36299 0.249358
7.285 -1.37281 0.251162
7.29 -1.38267 0.252975
7.295 -1.39259 0.254797
7.3 -1.40255 0.256628
7.305 -1.41256 0.258467
7.31 -1.42261 0.260316
7.315 -1.43272 0.262173
7.32 -1.44287 0.264039
7.325 -1.45307 0.265914
7.33 -1.46332 0.267798
7.335 -1.47362 0.269691
7.34 -1.48397 0.271593
7.345 -1.49437 0.273504
7.35 -1.50481 0.275423
7.355 -1.5153 0.277351
7.36 -1.52584 0.279289
7.365 -1.53643 0.281235
7.37 -1.54706 0.28319
7.375 -1.55775 0.285154
7.38 -1.56848 0.287126
7.385 -1.57926 0.289108
7.39 -1.59009 0.291099
7.395 -1.60097 0.293098
7.4 -1.61189 0.295106
7.405 -1.62286 0.297123
7.41 -1.63388 0.299149
7.415 -1.64495 0.301183
7.42 -1.65607 0.303227
7.425 -1.66723 0.305279
7.43 -1.67844 0.30734
7.435 -1.6897 0.30941
7.44 -1.70101 0.311488
7.445 -1.71236 0.313576
7.45 -1.72376 0.315672
7.455 -1.73521 0.317776
7.46 -1.74671 0.31989
7.465 -1.75825 0.322012
7.47 -1.76984 0.324143
7.475 -1.78148 0.326283
7.48 -1.79317 0.328431
7.485 -1.8049 0.330588
7.49 -1.81668 0.332753
7.495 -1.8285 0.334927
7.5 -1.84037 0.33711
7.505 -1.85229 0.339301
7.51 -1.86426 0.341501
7.515 -1.87627 0.343709
7.52 -1.88833 0.345926
7.525 -1.90043 0.348151
7.53 -1.91258 0.350385
7.535 -1.92477 0.352627
7.54 -1.93701 0.354878
7.545 -1.9493 0.357137
7.55 -1.96163 0.359404
7.555 -1.97401 0.36168
7.56 -1.98643 0.363964
7.565 -1.9989 0.366256
7.57 -2.01141 0.368557
7.575 -2.02397 0.370866
7.58 -2.03657 0.373183
7.585 -2.04922 0.375508
7.59 -2.06191 0.377842
7.595 -2.07464 0.380183
7.6 -2.08742 0.382533
7.605 -2.10024 0.38489
7.61 -2.11311 0.387256
7.615 -2.12601 0.38963
7.62 -2.13897 0.392011
7.625 -2.15196 0.394401
7.63 -2.165 0.396798
7.635 -2.17808 0.399204
7.64 -2.1912 0.401617
7.645 -2.20436 0.404037
7.65 -2.21757 0.406466
7.655 -2.23082 0.408902
7.66 -2.24411 0.411346
7.665 -2.25744 0.413798
7.67 -2.27081 0.416257
7.675 -2.28423 0.418723
7.68 -2.29768 0.421198
7.685 -2.31117 0.423679
7.69 -2.32471 0.426168
7.695 -2.33828 0.428664
7.7 -2.35189 0.431168
7.705 -2.36555 0.433679
7.71 -2.37924 0.436197
7.715 -2.39297 0.438722
7.72 -2.40674 0.441254
7.725 -2.42055 0.443793
7.73 -2.43439 0.44634
7.735 -2.44827 0.448893
7.74 -2.46219 0.451453
7.745 -2.47615 0.45402
7.75 -2.49015 0.456594
7.755 -2.50418 0.459175
7.76 -2.51825 0.461762
7.765 -2.53235 0.464356
7.77 -2.54649 0.466956
7.775 -2.56066 0.469563
7.78 -2.57487 0.472177
7.785 -2.58911 0.474796
7.79 -2.60339 0.477423
7.795 -2.6177 0.480055
7.8 -2.63205 0.482693
7.805 -2.64643 0.485338
7.81 -2.66084 0.487989
7.815 -2.67528 0.490646
7.82 -2.68976 0.493308
7.825 -2.70427 0.495977
7.83 -2.71881 0.498651
7.835 -2.73338 0.501331
7.84 -2.74798 0.504017
7.845 -2.76261 0.506709
7.85 -2.77727 0.509405
7.855 -2.79196 0.512108
7.86 -2.80668 0.514816
7.865 -2.82143 0.517529
7.87 -2.83621 0.520247
7.875 -2.85101 0.52297
7.88 -2.86585 0.525699
7.885 -2.8807 0.528432
7.89 -2.89559 0.53117
7.895 -2.9105 0.533914
7.9 -2.92544 0.536662
7.905 -2.9404 0.539414
7.91 -2.95539 0.542171
7.915 -2.9704 0.544933
7.92 -2.98544 0.547699
7.925 -3.0005 0.55047
7.93 -3.01558 0.553245
7.935 -3.03069 0.556023
7.94 -3.04582 0.558806
7.945 -3.06097 0.561593
7.95 -3.07614 0.564384
7.955 -3.09133 0.567179
7.96 -3.10654 0.569977
7.965 -3.12177 0.572779
7.97 -3.13702 0.575585
7.975 -3.15228 0.578394
7.98 -3.16757 0.581206
7.985 -3.18287 0.584022
7.99 -3.19819 0.58684
7.995 -3.21353 0.589662
8 -3.22888 0.592487
8.005 -3.24425 0.595314
8.01 -3.25963 0.598144
8.015 -3.27503 0.600977
8.02 -3.29044 0.603813
8.025 -3.30586 0.606651
8.03 -3.3213 0.609491
8.035 -3.33675 0.612333
8.04 -3.35221 0.615178
8.045 -3.36768 0.618024
8.05 -3.38316 0.620873
8.055 -3.39865 0.623723
8.06 -3.41415 0.626575
8.065 -3.42965 0.629428
8.07 -3.44517 0.632283
8.075 -3.46069 0.635139
8.08 -3.47622 0.637997
8.085 -3.49175 0.640855
8.09 -3.50729 0.643715
8.095 -3.52284 0.646575
8.1 -3.53839 0.649437
8.105 -3.55394 0.652299
8.11 -3.56949 0.655161
8.115 -3.58505 0.658024
8.12 -3.6006 0.660887
8.125 -3.61616 0.66375
8.13 -3.63172 0.666613
8.135 -3.64728 0.669476
8.14 -3.66283 0.672339
8.145 -3.67839 0.675201
8.15 -3.69394 0.678063
8.155 -3.70949 0.680925
8.16 -3.72503 0.683785
8.165 -3.74057 0.686645
8.17 -3.7561 0.689504
8.175 -3.77163 0.692362
8.18 -3.78715 0.695218
8.185 -3.80266 0.698073
8.19 -3.81816 0.700926
8.195 -3.83365 0.703778
8.2 -3.84914 0.706628
8.205 -3.86461 0.709476
8.21 -3.88007 0.712322
8.215 -3.89552 0.715165
8.22 -3.91096 0.718006
8.225 -3.92638 0.720845
8.23 -3.94179 0.723681
8.235 -3.95718 0.726514
8.24 -3.97255 0.729344
8.245 -3.98791 0.732171
8.25 -4.00325 0.734995
8.255 -4.01857 0.737816
8.26 -4.03387 0.740633
8.265 -4.04916 0.743446
8.27 -4.06442 0.746255
8.275 -4.07966 0.749061
8.28 -4.09487 0.751862
8.285 -4.11006 0.754659
8.29 -4.12523 0.757451
8.295 -4.14037 0.760239
8.3 -4.15549 0.763022
8.305 -4.17058 0.7658
8.31 -4.18564 0.768573
8.315 -4.20067 0.771341
8.32 -4.21568 0.774103
8.325 -4.23065 0.77686
8.33 -4.24559 0.779611
8.335 -4.2605 0.782356
8.34 -4.27538 0.785095
8.345 -4.29022 0.787828
8.35 -4.30502 0.790554
8.355 -4.31979 0.793274
8.36 -4.33453 0.795987
8.365 -4.34922 0.798693
8.37 -4.36388 0.801392
8.375 -4.3785 0.804084
8.38 -4.39308 0.806769
8.385 -4.40761 0.809446
8.39 -4.42211 0.812115
8.395 -4.43656 0.814776
8.4 -4.45096 0.817429
8.405 -4.46533 0.820074
8.41 -4.47964 0.822711
8.415 -4.49391 0.825338
8.42 -4.50813 0.827957
8.425 -4.5223 0.830567
8.43 -4.53642 0.833168
8.435 -4.55049 0.83576
8.44 -4.56451 0.838342
8.445 -4.57847 0.840914
8.45 -4.59238 0.843476
8.455 -4.60624 0.846028
8.46 -4.62004 0.84857
8.465 -4.63378 0.851102
8.47 -4.64746 0.853623
8.475 -4.66109 0.856133
8.48 -4.67465 0.858632
8.485 -4.68816 0.86112
8.49 -4.7016 0.863597
8.495 -4.71498 0.866062
8.5 -4.72829 0.868515
8.505 -4.74154 0.870956
8.51 -4.75473 0.873385
8.515 -4.76784 0.875802
8.52 -4.78089 0.878207
8.525 -4.79387 0.880598
8.53 -4.80678 0.882977
8.535 -4.81961 0.885342
8.54 -4.83238 0.887695
8.545 -4.84507 0.890033
8.55 -4.85768 0.892358
8.555 -4.87022 0.89467
8.56 -4.88269 0.896967
8.565 -4.89507 0.899249
8.57 -4.90738 0.901518
8.575 -4.9196 0.903771
8.58 -4.93175 0.90601
8.585 -4.94381 0.908234
8.59 -4.95579 0.910442
8.595 -4.96768 0.912635
8.6 -4.97949 0.914812
8.605 -4.99122 0.916973
8.61 -5.00285 0.919118
8.615 -5.01439 0.921247
8.62 -5.02585 0.923359
8.625 -5.03721 0.925455
8.63 -5.04849 0.927533
8.635 -5.05966 0.929595
8.64 -5.07075 0.931639
8.645 -5.08174 0.933665
8.65 -5.09263 0.935674
8.655 -5.10342 0.937665
8.66 -5.11411 0.939637
8.665 -5.12471 0.941592
8.67 -5.1352 0.943527
8.675 -5.14559 0.945444
8.68 -5.15587 0.947342
8.685 -5.16606 0.94922
8.69 -5.17613 0.951079
8.695 -5.1861 0.952919
8.7 -5.19596 0.954738
8.705 -5.20571 0.956538
8.71 -5.21535 0.958317
8.715 -5.22487 0.960075
8.72 -5.23429 0.961813
8.725 -5.24359 0.96353
8.73 -5.25277 0.965226
8.735 -5.26184 0.9669
8.74 -5.27079 0.968553
8.745 -5.27963 0.970184
8.75 -5.28834 0.971793
8.755 -5.29693 0.97338
8.76 -5.3054 0.974944
8.765 -5.31374 0.976486
8.77 -5.32196 0.978004
8.775 -5.33005 0.9795
8.78 -5.33802 0.980972
8.785 -5.34586 0.982421
8.79 -5.35357 0.983846
8.795 -5.36115 0.985247
8.8 -5.36859 0.986624
8.805 -5.37591 0.987976
8.81 -5.38309 0.989304
8.815 -5.39013 0.990607
8.82 -5.39704 0.991884
8.825 -5.40381 0.993137
8.83 -5.41044 0.994364
8.835 -5.41693 0.995565
8.84 -5.42328 0.99674
8.845 -5.42948 0.997889
8.85 -5.43554 0.999012
8.855 -5.44146 1.00011
8.86 -5.44723 1.00118
8.865 -5.45286 1.00222
8.87 -5.45833 1.00323
8.875 -5.46366 1.00422
8.88 -5.46883 1.00518
8.885 -5.47385 1.00611
8.89 -5.47872 1.00702
8.895 -5.48344 1.00789
8.9 -5.488 1.00874
8.905 -5.4924 1.00956
8.91 -5.49664 1.01035
8.915 -5.50073 1.0111
8.92 -5.50465 1.01184
8.925 -5.50841 1.01254
8.93 -5.51201 1.01321
8.935 -5.51545 1.01385
8.94 -5.51872 1.01446
8.945 -5.52182 1.01504
8.95 -5.52476 1.01558
8.955 -5.52752 1.0161
8.96 -5.53012 1.01659
8.965 -5.53255 1.01704
8.97 -5.5348 1.01747
8.975 -5.53688 1.01786
8.98 -5.53879 1.01822
8.985 -5.54051 1.01855
8.99 -5.54207 1.01884
8.995 -5.54344 1.0191
9 -5.54464 1.01933
9.005 -5.54565 1.01953
9.01 -5.54649 1.01969
9.015 -5.54714 1.01982
9.02 -5.5476 1.01992
9.025 -5.54788 1.01998
9.03 -5.54798 1.02
9.035 -5.54789 1.02
9.04 -5.54761 1.01995
9.045 -5.54714 1.01988
9.05 -5.54647 1.01977
9.055 -5.54562 1.01962
9.06 -5.54457 1.01944
9.065 -5.54333 1.01922
9.07 -5.5419 1.01896
9.075 -5.54027 1.01867
9.08 -5.53844 1.01835
9.085 -5.53641 1.01799
9.09 -5.53418 1.01759
9.095 -5.53175 1.01715
9.1 -5.52912 1.01668
9.105 -5.52628 1.01617
9.11 -5.52324 1.01562
9.115 -5.52 1.01503
9.12 -5.51655 1.01441
9.125 -5.51289 1.01374
9.13 -5.50903 1.01304
9.135 -5.50495 1.01231
9.14 -5.50066 1.01153
9.145 -5.49617 1.01071
9.15 -5.49146 1.00986
9.155 -5.48653 1.00896
9.16 -5.48139 1.00803
9.165 -5.47604 1.00705
9.17 -5.47046 1.00604
9.175 -5.46467 1.00499
9.18 -5.45866 1.00389
9.185 -5.45244 1.00276
9.19 -5.44598 1.00158
9.195 -5.43931 1.00037
9.2 -5.43242 0.999111
9.205 -5.4253 0.997813
9.21 -5.41795 0.996474
9.215 -5.41038 0.995093
9.22 -5.40259 0.993671
9.225 -5.39456 0.992207
9.23 -5.38631 0.9907
9.235 -5.37782 0.989152
9.24 -5.36911 0.987561
9.245 -5.36016 0.985927
9.25 -5.35098 0.984251
9.255 -5.34157 0.982532
9.26 -5.33192 0.98077
9.265 -5.32204 0.978965
9.27 -5.31192 0.977116
9.275 -5.30156 0.975223
9.28 -5.29097 0.973287
9.285 -5.28014 0.971307
9.29 -5.26906 0.969283
9.295 -5.25775 0.967215
9.3 -5.24619 0.965102
9.305 -5.23439 0.962944
9.31 -5.22235 0.960742
9.315 -5.21007 0.958496
9.32 -5.19754 0.956204
9.325 -5.18476 0.953867
9.33 -5.17174 0.951484
9.335 -5.15847 0.949056
9.34 -5.14495 0.946583
9.345 -5.13118 0.944064
9.35 -5.11716 0.941499
9.355 -5.10289 0.938888
9.36 -5.08838 0.936231
9.365 -5.0736 0.933527
9.37 -5.05858 0.930777
9.375 -5.0433 0.927981
9.38 -5.02777 0.925137
9.385 -5.01198 0.922247
9.39 -4.99594 0.91931
9.395 -4.97964 0.916326
9.4 -4.96309 0.913294
9.405 -4.94627 0.910216
9.41 -4.9292 0.90709
9.415 -4.91187 0.903916
9.42 -4.89428 0.900694
9.425 -4.87643 0.897425
9.43 -4.85832 0.894108
9.435 -4.83994 0.890742
9.44 -4.82131 0.887329
9.445 -4.80241 0.883867
9.45 -4.78325 0.880357
9.455 -4.76382 0.876798
9.46 -4.74414 0.873191
9.465 -4.72418 0.869535
9.47 -4.70396 0.865831
9.475 -4.68348 0.862077
9.48 -4.66272 0.858275
9.485 -4.64171 0.854423
9.49 -4.62042 0.850523
9.495 -4.59886 0.846573
9.5 -4.57704 0.842574
9.505 -4.55495 0.838525
9.51 -4.53259 0.834427
9.515 -4.50996 0.83028
9.52 -4.48706 0.826082
9.525 -4.46389 0.821835
9.53 -4.44045 0.817539
9.535 -4.41673 0.813192
9.54 -4.39275 0.808796
9.545 -4.36849 0.804349
9.55 -4.34396 0.799853
9.555 -4.31916 0.795306
9.56 -4.29409 0.790709
9.565 -4.26874 0.786062
9.57 -4.24312 0.781365
9.575 -4.21723 0.776618
9.58 -4.19106 0.77182
9.585 -4.16461 0.766971
9.59 -4.1379 0.762073
9.595 -4.1109 0.757124
9.6 -4.08364 0.752124
9.605 -4.0561 0.747074
9.61 -4.02828 0.741973
9.615 -4.00019 0.736821
9.62 -3.97182 0.731619
9.625 -3.94318 0.726366
9.63 -3.91426 0.721063
9.635 -3.88506 0.715709
9.64 -3.85559 0.710304
9.645 -3.82584 0.704848
9.65 -3.79582 0.699342
9.655 -3.76552 0.693785
9.66 -3.73494 0.688177
9.665 -3.70409 0.682518
9.67 -3.67296 0.676809
9.675 -3.64156 0.671048
9.68 -3.60988 0.665237
9.685 -3.57792 0.659376
9.69 -3.54569 0.653463
9.695 -3.51318 0.6475
9.7 -3.4804 0.641486
9.705 -3.44734 0.635422
9.71 -3.41401 0.629307
9.715 -3.38039 0.623141
9.72 -3.34651 0.616925
9.725 -3.31235 0.610658
9.73 -3.27791 0.60434
9.735 -3.2432 0.597972
9.74 -3.20822 0.591554
9.745 -3.17296 0.585085
9.75 -3.13743 0.578566
9.755 -3.10162 0.571996
9.76 -3.06554 0.565376
9.765 -3.02919 0.558706
9.77 -2.99256 0.551986
9.775 -2.95566 0.545216
9.78 -2.91849 0.538396
9.785 -2.88105 0.531526
9.79 -2.84334 0.524606
9.795 -2.80536 0.517636
9.8 -2.7671 0.510616
9.805 -2.72858 0.503547
9.81 -2.68978 0.496428
9.815 -2.65072 0.48926
9.82 -2.61139 0.482042
9.825 -2.57179 0.474776
9.83 -2.53192 0.467459
9.835 -2.49179 0.460094
9.84 -2.45139 0.45268
9.845 -2.41072 0.445217
9.85 -2.36979 0.437705
9.855 -2.3286 0.430145
9.86 -2.28714 0.422536
9.865 -2.24541 0.414878
9.87 -2.20343 0.407173
9.875 -2.16118 0.399419
9.88 -2.11867 0.391617
9.885 -2.0759 0.383767
9.89 -2.03287 0.375869
9.895 -1.98959 0.367924
9.9 -1.94604 0.359931
9.905 -1.90224 0.351891
9.91 -1.85818 0.343804
9.915 -1.81386 0.33567
9.92 -1.76929 0.327489
9.925 -1.72447 0.319261
9.93 -1.67939 0.310986
9.935 -1.63406 0.302665
9.94 -1.58848 0.294298
9.945 -1.54264 0.285885
9.95 -1.49656 0.277426
9.955 -1.45023 0.268922
9.96 -1.40366 0.260371
9.965 -1.35683 0.251776
9.97 -1.30977 0.243135
9.975 -1.26245 0.23445
9.98 -1.2149 0.225719
9.985 -1.1671 0.216945
9.99 -1.11906 0.208126
9.995 -1.07078 0.199262
10 -1.02227 0.190355
10.005 -0.973511 0.181404
10.01 -0.92452 0.17241
10.015 -0.875294 0.163372
10.02 -0.825834 0.154292
10.025 -0.776141 0.145168
10.03 -0.726218 0.136002
10.035 -0.676064 0.126794
10.04 -0.625681 0.117544
10.045 -0.575071 0.108252
10.05 -0.524236 0.0989178
10.055 -0.473175 0.0895427
10.06 -0.421891 0.0801265
10.065 -0.370385 0.0706694
10.07 -0.318659 0.0611718
10.075 -0.266714 0.0516339
10.08 -0.214551 0.0420559
10.085 -0.162173 0.0324382
10.09 -0.109579 0.022781
10.095 -0.0567731 0.0130846
10.1 -0.00375535 0.00334923
10.105 0.0494724 -0.00642476
10.11 0.102908 -0.0162371
10.115 0.156551 -0.0260875
10.12 0.210399 -0.0359757
10.125 0.264451 -0.0459013
10.13 0.318704 -0.055864
10.135 0.373157 -0.0658637
10.14 0.427809 -0.0758998
10.145 0.482658 -0.0859722
10.15 0.537701 -0.0960805
10.155 0.592938 -0.106224
10.16 0.648367 -0.116403
10.165 0.703985 -0.126618
10.17 0.759791 -0.136866
10.175 0.815783 -0.147149
10.18 0.871959 -0.157466
10.185 0.928318 -0.167816
10.19 0.984857 -0.1782
10.195 1.04157 -0.188617
10.2 1.09847 -0.199066
10.205 1.15554 -0.209547
10.21 1.21278 -0.22006
10.215 1.27019 -0.230604
10.22 1.32777 -0.24118
10.225 1.38552 -0.251786
10.23 1.44343 -0.262423
10.235 1.50151 -0.273089
10.24 1.55974 -0.283786
10.245 1.61814 -0.294511
10.25 1.67669 -0.305265
10.255 1.73539 -0.316048
10.26 1.79425 -0.326858
10.265 1.85325 -0.337696
10.27 1.91241 -0.348562
10.275 1.97171 -0.359454
10.28 2.03115 -0.370373
10.285 2.09073 -0.381317
10.29 2.15045 -0.392287
10.295 2.21031 -0.403283
10.3 2.27031 -0.414303
10.305 2.33043 -0.425347
10.31 2.39068 -0.436416
10.315 2.45106 -0.447507
10.32 2.51157 -0.458622
10.325 2.5722 -0.469759
10.33 2.63295 -0.480919
10.335 2.69381 -0.4921
10.34 2.75479 -0.503302
10.345 2.81589 -0.514525
10.35 2.87709 -0.525769
10.355 2.9384 -0.537032
10.36 2.99982 -0.548315
10.365 3.06134 -0.559617
10.37 3.12296 -0.570937
10.375 3.18467 -0.582275
10.38 3.24648 -0.593631
10.385 3.30839 -0.605003
10.39 3.37038 -0.616393
10.395 3.43246 -0.627798
10.4 3.49463 -0.639219
10.405 3.55687 -0.650655
10.41 3.6192 -0.662106
10.415 3.6816 -0.673571
10.42 3.74408 -0.68505
10.425 3.80662 -0.696541
10.43 3.86924 -0.708046
10.435 3.93192 -0.719562
10.44 3.99466 -0.73109
10.445 4.05746 -0.742629
10.45 4.12032 -0.754179
10.455 4.18323 -0.765738
10.46 4.2462 -0.777308
10.465 4.30921 -0.788886
10.47 4.37227 -0.800472
10.475 4.43537 -0.812067
10.48 4.49851 -0.823669
10.485 4.56169 -0.835278
10.49 4.6249 -0.846893
10.495 4.68814 -0.858514
10.5 4.75141 -0.870141
10.505 4.81471 -0.881772
10.51 4.87803 -0.893407
10.515 4.94136 -0.905045
10.52 5.00472 -0.916687
10.525 5.06808 -0.928332
10.53 5.13146 -0.939978
10.535 5.19484 -0.951625
10.54 5.25823 -0.963274
10.545 5.32161 -0.974922
10.55 5.385 -0.98657
10.555 5.44838 -0.998218
10.56 5.51175 -1.00986
10.565 5.5751 -1.02151
10.57 5.63845 -1.03315
10.575 5.70177 -1.04479
10.58 5.76508 -1.05642
10.585 5.82835 -1.06805
10.59 5.8916 -1.07967
10.595 5.95482 -1.09129
10.6 6.01801 -1.10291
10.605 6.08116 -1.11451
10.61 6.14427 -1.12611
10.615 6.20733 -1.1377
10.62 6.27035 -1.14928
10.625 6.33331 -1.16086
10.63 6.39622 -1.17242
10.635 6.45908 -1.18397
10.64 6.52187 -1.19551
10.645 6.5846 -1.20704
10.65 6.64726 -1.21856
10.655 6.70986 -1.23007
10.66 6.77237 -1.24156
10.665 6.83482 -1.25304
10.67 6.89718 -1.2645
10.675 6.95945 -1.27595
10.68 7.02164 -1.28738
10.685 7.08374 -1.29879
10.69 7.14574 -1.31019
10.695 7.20765 -1.32157
10.7 7.26945 -1.33293
10.705 7.33115 -1.34427
10.71 7.39274 -1.3556
10.715 7.45422 -1.3669
10.72 7.51559 -1.37818
10.725 7.57684 -1.38944
10.73 7.63796 -1.40068
10.735 7.69896 -1.41189
10.74 7.75983 -1.42308
10.745 7.82057 -1.43425
10.75 7.88117 -1.44539
10.755 7.94163 -1.45651
10.76 8.00195 -1.4676
10.765 8.06212 -1.47866
10.77 8.12214 -1.48969
10.775 8.18201 -1.5007
10.78 8.24172 -1.51168
10.785 8.30127 -1.52263
10.79 8.36066 -1.53355
10.795 8.41987 -1.54444
10.8 8.47892 -1.55529
10.805 8.53779 -1.56612
10.81 8.59648 -1.57691
10.815 8.65499 -1.58767
10.82 8.71332 -1.59839
10.825 8.77145 -1.60908
10.83 8.8294 -1.61974
10.835 8.88714 -1.63036
10.84 8.94469 -1.64094
10.845 9.00203 -1.65148
10.85 9.05916 -1.66199
10.855 9.11608 -1.67246
10.86 9.17279 -1.68289
10.865 9.22928 -1.69328
10.87 9.28555 -1.70362
10.875 9.34159 -1.71393
10.88 9.3974 -1.7242
10.885 9.45298 -1.73442
10.89 9.50832 -1.7446
10.895 9.56343 -1.75473
10.9 9.61829 -1.76482
10.905 9.6729 -1.77487
10.91 9.72726 -1.78486
10.915 9.78137 -1.79482
10.92 9.83522 -1.80472
10.925 9.8888 -1.81458
10.93 9.94213 -1.82439
10.935 9.99518 -1.83415
10.94 10.048 -1.84385
10.945 10.1005 -1.85351
10.95 10.1527 -1.86312
10.955 10.2046 -1.87267
10.96 10.2563 -1.88218
10.965 10.3076 -1.89163
10.97 10.3587 -1.90102
10.975 10.4095 -1.91036
10.98 10.46 -1.91965
10.985 10.5101 -1.92888
10.99 10.56 -1.93805
10.995 10.6095 -1.94716
11 10.6587 -1.95622
11.005 10.7076 -1.96522
11.01 10.7562 -1.97416
11.015 10.8045 -1.98304
11.02 10.8524 -1.99186
11.025 10.9 -2.00062
11.03 10.9473 -2.00931
11.035 10.9942 -2.01795
11.04 11.0408 -2.02652
11.045 11.087 -2.03502
11.05 11.1329 -2.04347
11.055 11.1784 -2.05184
11.06 11.2235 -2.06016
11.065 11.2683 -2.0684
11.07 11.3128 -2.07658
11.075 11.3568 -2.08469
11.08 11.4005 -2.09273
11.085 11.4438 -2.1007
11.09 11.4868 -2.10861
11.095 11.5293 -2.11644
11.1 11.5715 -2.1242
11.105 11.6133 -2.1319
11.11 11.6547 -2.13952
11.115 11.6957 -2.14706
11.12 11.7362 -2.15454
11.125 11.7764 -2.16193
11.13 11.8162 -2.16926
11.135 11.8556 -2.17651
11.14 11.8945 -2.18368
11.145 11.9331 -2.19078
11.15 11.9712 -2.1978
11.155 12.0089 -2.20474
11.16 12.0462 -2.21161
11.165 12.083 -2.21839
11.17 12.1194 -2.2251
11.175 12.1554 -2.23172
11.18 12.1909 -2.23827
11.185 12.226 -2.24473
11.19 12.2607 -2.25111
11.195 12.2949 -2.25741
11.2 12.3286 -2.26363
11.205 12.3619 -2.26976
11.21 12.3947 -2.27581
11.215 12.4271 -2.28178
11.22 12.459 -2.28766
11.225 12.4904 -2.29345
11.23 12.5214 -2.29916
11.235 12.5519 -2.30477
11.24 12.5819 -2.31031
11.245 12.6114 -2.31575
11.25 12.6405 -2.32111
11.255 12.669 -2.32637
11.26 12.6971 -2.33155
11.265 12.7247 -2.33663
11.27 12.7518 -2.34163
11.275 12.7783 -2.34653
11.28 12.8044 -2.35134
11.285 12.83 -2.35606
11.29 12.8551 -2.36069
11.295 12.8797 -2.36522
11.3 12.9037 -2.36966
11.305 12.9272 -2.374
11.31 12.9503 -2.37825
11.315 12.9728 -2.3824
11.32 12.9947 -2.38646
11.325 13.0162 -2.39042
11.33 13.0371 -2.39428
11.335 13.0575 -2.39804
11.34 13.0773 -2.40171
11.345 13.0967 -2.40528
11.35 13.1154 -2.40875
11.355 13.1337 -2.41212
11.36 13.1514 -2.41539
11.365 13.1685 -2.41856
11.37 13.1851 -2.42163
11.375 13.2011 -2.42459
11.38 13.2166 -2.42746
11.385 13.2315 -2.43022
11.39 13.2459 -2.43288
11.395 13.2597 -2.43544
11.4 13.2729 -2.43789
11.405 13.2856 -2.44024
11.41 13.2977 -2.44248
11.415 13.3093 -2.44462
11.42 13.3202 -2.44666
11.425 13.3306 -2.44858
11.43 13.3404 -2.45041
11.435 13.3496 -2.45212
11.44 13.3583 -2.45373
11.445 13.3663 -2.45523
11.45 13.3738 -2.45663
11.455 13.3807 -2.45791
11.46 13.387 -2.45909
11.465 13.3927 -2.46016
11.47 13.3978 -2.46111
11.475 13.4023 -2.46196
11.48 13.4062 -2.4627
11.485 13.4095 -2.46333
11.49 13.4122 -2.46385
11.495 13.4143 -2.46426
11.5 13.4158 -2.46455
11.505 13.4167 -2.46474
11.51 13.4169 -2.46481
11.515 13.4166 -2.46477
11.52 13.4157 -2.46462
11.525 13.4141 -2.46435
11.53 13.4119 -2.46397
11.535 13.4091 -2.46348
11.54 13.4057 -2.46287
11.545 13.4017 -2.46215
11.55 13.397 -2.46132
11.555 13.3917 -2.46037
11.56 13.3858 -2.4593
11.565 13.3793 -2.45812
11.57 13.3721 -2.45683
11.575 13.3643 -2.45542
11.58 13.3559 -2.45389
11.585 13.3468 -2.45225
11.59 13.3371 -2.45049
11.595 13.3268 -2.44862
11.6 13.3158 -2.44662
11.605 13.3042 -2.44451
11.61 13.292 -2.44229
11.615 13.2791 -2.43994
11.62 13.2656 -2.43748
11.625 13.2514 -2.4349
11.63 13.2366 -2.43221
11.635 13.2212 -2.42939
11.64 13.2051 -2.42646
11.645 13.1884 -2.42341
11.65 13.171 -2.42024
11.655 13.153 -2.41695
11.66 13.1343 -2.41354
11.665 13.115 -2.41001
11.67 13.095 -2.40637
11.675 13.0744 -2.4026
11.68 13.0531 -2.39872
11.685 13.0312 -2.39471
11.69 13.0086 -2.39059
11.695 12.9854 -2.38635
11.7 12.9616 -2.38198
11.705 12.937 -2.3775
11.71 12.9119 -2.3729
11.715 12.886 -2.36818
11.72 12.8596 -2.36333
11.725 12.8324 -2.35837
11.73 12.8046 -2.35329
11.735 12.7762 -2.34809
11.74 12.7471 -2.34276
11.745 12.7174 -2.33732
11.75 12.687 -2.33176
11.755 12.6559 -2.32608
11.76 12.6242 -2.32027
11.765 12.5919 -2.31435
11.77 12.5589 -2.30831
11.775 12.5252 -2.30215
11.78 12.4909 -2.29586
11.785 12.4559 -2.28946
11.79 12.4203 -2.28294
11.795 12.384 -2.2763
11.8 12.3471 -2.26953
11.805 12.3095 -2.26265
11.81 12.2713 -2.25565
11.815 12.2324 -2.24853
11.82 12.1929 -2.24129
11.825 12.1527 -2.23393
11.83 12.1119 -2.22645
11.835 12.0704 -2.21885
11.84 12.0283 -2.21113
11.845 11.9855 -2.2033
11.85 11.9421 -2.19534
11.855 11.898 -2.18727
11.86 11.8533 -2.17908
11.865 11.808 -2.17077
11.87 11.762 -2.16234
11.875 11.7153 -2.1538
11.88 11.6681 -2.14513
11.885 11.6202 -2.13635
11.89 11.5716 -2.12745
11.895 11.5224 -2.11844
11.9 11.4726 -2.10931
11.905 11.4222 -2.10006
11.91 11.3711 -2.09069
11.915 11.3194 -2.08121
11.92 11.267 -2.07162
11.925 11.214 -2.0619
11.93 11.1604 -2.05208
11.935 11.1062 -2.04213
11.94 11.0513 -2.03208
11.945 10.9959 -2.0219
11.95 10.9397 -2.01162
11.955 10.883 -2.00122
11.96 10.8257 -1.9907
11.965 10.7677 -1.98008
11.97 10.7092 -1.96934
11.975 10.65 -1.95849
11.98 10.5902 -1.94752
11.985 10.5298 -1.93644
11.99 10.4688 -1.92526
11.995 10.4072 -1.91396
12 10.345 -1.90255
12.005 10.2822 -1.89103
12.01 10.2187 -1.8794
12.015 10.1547 -1.86766
12.02 10.0901 -1.85581
12.025 10.025 -1.84385
12.03 9.95917 -1.83178
12.035 9.8928 -1.81961
12.04 9.82585 -1.80733
12.045 9.75832 -1.79494
12.05 9.6902 -1.78245
12.055 9.62151 -1.76985
12.06 9.55225 -1.75714
12.065 9.48242 -1.74433
12.07 9.41201 -1.73141
12.075 9.34104 -1.71839
12.08 9.26951 -1.70527
12.085 9.19741 -1.69204
12.09 9.12476 -1.67871
12.095 9.05156 -1.66528
12.1 8.9778 -1.65175
12.105 8.90349 -1.63811
12.11 8.82864 -1.62438
12.115 8.75324 -1.61054
12.12 8.67731 -1.59661
12.125 8.60083 -1.58258
12.13 8.52383 -1.56845
12.135 8.44629 -1.55422
12.14 8.36823 -1.5399
12.145 8.28965 -1.52548
12.15 8.21054 -1.51096
12.155 8.13092 -1.49635
12.16 8.05078 -1.48164
12.165 7.97014 -1.46684
12.17 7.88898 -1.45195
12.175 7.80733 -1.43696
12.18 7.72518 -1.42189
12.185 7.64253 -1.40672
12.19 7.55939 -1.39146
12.195 7.47576 -1.37611
12.2 7.39164 -1.36067
12.205 7.30705 -1.34515
12.21 7.22198 -1.32953
12.215 7.13644 -1.31383
12.22 7.05043 -1.29805
12.225 6.96395 -1.28217
12.23 6.87701 -1.26622
12.235 6.78962 -1.25018
12.24 6.70177 -1.23405
12.245 6.61348 -1.21784
12.25 6.52474 -1.20156
12.255 6.43556 -1.18519
12.26 6.34594 -1.16874
12.265 6.2559 -1.15221
12.27 6.16542 -1.1356
12.275 6.07453 -1.11891
12.28 5.98321 -1.10215
12.285 5.89148 -1.08531
12.29 5.79934 -1.0684
12.295 5.7068 -1.05141
12.3 5.61386 -1.03434
12.305 5.52052 -1.01721
12.31 5.42679 -1
12.315 5.33267 -0.982722
12.32 5.23817 -0.965373
12.325 5.14329 -0.947954
12.33 5.04805 -0.930467
12.335 4.95243 -0.912912
12.34 4.85645 -0.895291
12.345 4.76012 -0.877603
12.35 4.66343 -0.859851
12.355 4.56639 -0.842035
12.36 4.46901 -0.824155
12.365 4.37129 -0.806213
12.37 4.27324 -0.78821
12.375 4.17486 -0.770146
12.38 4.07616 -0.752024
12.385 3.97715 -0.733842
12.39 3.87782 -0.715603
12.395 3.77818 -0.697308
12.4 3.67824 -0.678957
12.405 3.578 -0.660551
12.41 3.47748 -0.642092
12.415 3.37667 -0.62358
12.42 3.27557 -0.605016
12.425 3.17421 -0.586402
12.43 3.07257 -0.567738
12.435 2.97067 -0.549025
12.44 2.86851 -0.530265
12.445 2.7661 -0.511458
12.45 2.66344 -0.492605
12.455 2.56054 -0.473708
12.46 2.4574 -0.454767
12.465 2.35404 -0.435784
12.47 2.25044 -0.416759
12.475 2.14663 -0.397694
12.48 2.04261 -0.378589
12.485 1.93838 -0.359447
12.49 1.83394 -0.340267
12.495 1.72931 -0.32105
12.5 1.62449 -0.301799
12.505 1.51949 -0.282514
12.51 1.41431 -0.263196
12.515 1.30895 -0.243846
12.52 1.20343 -0.224465
12.525 1.09775 -0.205054
12.53 0.991919 -0.185615
12.535 0.885936 -0.166149
12.54 0.779811 -0.146656
12.545 0.673549 -0.127138
12.55 0.567158 -0.107597
12.555 0.460643 -0.0880316
12.56 0.35401 -0.0684449
12.565 0.247265 -0.0488375
12.57 0.140415 -0.0292105
12.575 0.0334665 -0.00956514
12.58 -0.0735753 0.0100975
12.585 -0.180704 0.0297762
12.59 -0.287913 0.0494699
12.595 -0.395195 0.0691774
12.6 -0.502546 0.0888975
12.605 -0.609958 0.108629
12.61 -0.717425 0.128371
12.615 -0.82494 0.148122
12.62 -0.932498 0.167881
12.625 -1.04009 0.187647
12.63 -1.14771 0.207418
12.635 -1.25536 0.227194
12.64 -1.36302 0.246973
12.645 -1.47069 0.266754
12.65 -1.57837 0.286536
12.655 -1.68604 0.306317
12.66 -1.79371 0.326097
12.665 -1.90135 0.345874
12.67 -2.00898 0.365648
12.675 -2.11657 0.385416
12.68 -2.22413 0.405177
12.685 -2.33165 0.424932
12.69 -2.43912 0.444677
12.695 -2.54653 0.464412
12.7 -2.65388 0.484136
12.705 -2.76116 0.503848
12.71 -2.86837 0.523546
12.715 -2.97549 0.543229
12.72 -3.08253 0.562896
12.725 -3.18947 0.582545
12.73 -3.2963 0.602176
12.735 -3.40303 0.621787
12.74 -3.50964 0.641377
12.745 -3.61613 0.660945
12.75 -3.72249 0.680489
12.755 -3.82872 0.700009
12.76 -3.9348 0.719503
12.765 -4.04073 0.738969
12.77 -4.14651 0.758407
12.775 -4.25212 0.777815
12.78 -4.35757 0.797192
12.785 -4.46284 0.816537
12.79 -4.56792 0.835849
12.795 -4.67282 0.855126
12.8 -4.77751 0.874367
12.805 -4.88201 0.89357
12.81 -4.98629 0.912736
12.815 -5.09036 0.931862
12.82 -5.19421 0.950946
12.825 -5.29782 0.969989
12.83 -5.4012 0.988989
12.835 -5.50433 1.00794
12.84 -5.60721 1.02685
12.845 -5.70984 1.04571
12.85 -5.8122 1.06453
12.855 -5.91428 1.08329
12.86 -6.0161 1.102
12.865 -6.11762 1.12066
12.87 -6.21886 1.13927
12.875 -6.31979 1.15783
12.88 -6.42043 1.17632
12.885 -6.52075 1.19476
12.89 -6.62075 1.21314
12.895 -6.72042 1.23147
12.9 -6.81977 1.24973
12.905 -6.91878 1.26793
12.91 -7.01744 1.28606
12.915 -7.11575 1.30414
12.92 -7.2137 1.32214
12.925 -7.31129 1.34008
12.93 -7.4085 1.35795
12.935 -7.50533 1.37575
12.94 -7.60179 1.39349
12.945 -7.69784 1.41115
12.95 -7.7935 1.42873
12.955 -7.88876 1.44624
12.96 -7.9836 1.46368
12.965 -8.07803 1.48104
12.97 -8.17203 1.49832
12.975 -8.2656 1.51553
12.98 -8.35873 1.53265
12.985 -8.45142 1.54969
12.99 -8.54365 1.56665
12.995 -8.63543 1.58353
13 -8.72675 1.60032
13.005 -8.81759 1.61702
13.01 -8.90796 1.63364
13.015 -8.99785 1.65017
13.02 -9.08724 1.6666
13.025 -9.17614 1.68295
13.03 -9.26454 1.69921
13.035 -9.35243 1.71537
13.04 -9.4398 1.73144
13.045 -9.52666 1.74741
13.05 -9.61298 1.76328
13.055 -9.69877 1.77906
13.06 -9.78403 1.79474
13.065 -9.86873 1.81032
13.07 -9.95289 1.8258
13.075 -10.0365 1.84117
13.08 -10.1195 1.85644
13.085 -10.202 1.87161
13.09 -10.2839 1.88667
13.095 -10.3652 1.90162
13.1 -10.4459 1.91647
13.105 -10.526 1.93121
13.11 -10.6055 1.94583
13.115 -10.6844 1.96035
13.12 -10.7627 1.97475
13.125 -10.8404 1.98904
13.13 -10.9174 2.00322
13.135 -10.9939 2.01728
13.14 -11.0697 2.03122
13.145 -11.1448 2.04504
13.15 -11.2193 2.05875
13.155 -11.2932 2.07234
13.16 -11.3663 2.0858
13.165 -11.4389 2.09915
13.17 -11.5107 2.11237
13.175 -11.5819 2.12546
13.18 -11.6524 2.13844
13.185 -11.7222 2.15128
13.19 -11.7913 2.164
13.195 -11.8598 2.17659
13.2 -11.9275 2.18906
13.205 -11.9945 2.20139
13.21 -12.0608 2.21359
13.215 -12.1264 2.22566
13.22 -12.1912 2.2376
13.225 -12.2554 2.2494
13.23 -12.3187 2.26107
13.235 -12.3814 2.2726
13.24 -12.4433 2.284
13.245 -12.5045 2.29526
13.25 -12.5649 2.30638
13.255 -12.6245 2.31736
13.26 -12.6834 2.3282
13.265 -12.7415 2.3389
13.27 -12.7989 2.34946
13.275 -12.8554 2.35987
13.28 -12.9112 2.37014
13.285 -12.9662 2.38027
13.29 -13.0204 2.39025
13.295 -13.0738 2.40008
13.3 -13.1264 2.40977
13.305 -13.1782 2.41931
13.31 -13.2292 2.4287
13.315 -13.2794 2.43795
13.32 -13.3287 2.44704
13.325 -13.3772 2.45598
13.33 -13.4249 2.46476
13.335 -13.4718 2.4734
13.34 -13.5178 2.48188
13.345 -13.563 2.49021
13.35 -13.6074 2.49838
13.355 -13.6509 2.5064
13.36 -13.6935 2.51426
13.365 -13.7353 2.52196
13.37 -13.7763 2.52951
13.375 -13.8163 2.5369
13.38 -13.8555 2.54412
13.385 -13.8939 2.55119
13.39 -13.9313 2.5581
13.395 -13.9679 2.56484
13.4 -14.0036 2.57143
13.405 -14.0384 2.57785
13.41 -14.0723 2.58411
13.415 -14.1053 2.5902
13.42 -14.1375 2.59613
13.425 -14.1687 2.6019
13.43 -14.199 2.6075
13.435 -14.2285 2.61293
13.44 -14.257 2.6182
13.445 -14.2846 2.6233
13.45 -14.3113 2.62823
13.455 -14.3371 2.63299
13.46 -14.3619 2.63759
13.465 -14.3859 2.64201
13.47 -14.4089 2.64627
13.475 -14.431 2.65035
13.48 -14.4521 2.65426
13.485 -14.4723 2.65801
13.49 -14.4916 2.66158
13.495 -14.51 2.66497
13.5 -14.5274 2.6682
13.505 -14.5438 2.67125
13.51 -14.5594 2.67413
13.515 -14.5739 2.67684
13.52 -14.5875 2.67936
