0 -0 -0
0.08 -1.57614e-27 8.33669e-32
0.16 -1.24777e-24 1.26478e-28
0.12 -2.01474e-25 1.72365e-29
0.1 -3.4787e-26 2.60874e-30
0.09 -8.97567e-27 5.92925e-31
0.085 -3.91009e-27 2.34067e-31
0.09 -9.21058e-27 6.17359e-31
0.095 -2.07158e-26 1.54367e-30
0.1 -4.46973e-26 3.68065e-30
0.105 -9.28925e-26 8.4083e-30
0.11 -1.86599e-25 1.84781e-29
0.115 -3.63395e-25 3.92002e-29
0.12 -6.87912e-25 8.05224e-29
0.125 -1.26875e-24 1.60583e-28
0.13 -2.2845e-24 3.11639e-28
0.135 -4.02315e-24 5.89764e-28
0.14 -6.9407e-24 1.09038e-27
0.145 -1.1747e-23 1.97275e-27
0.15 -1.953e-23 3.49785e-27
0.155 -3.19326e-23 6.08616e-27
0.16 -5.14025e-23 1.04046e-26
0.165 -8.15398e-23 1.74951e-26
0.17 -1.27576e-22 2.89639e-26
0.175 -1.97029e-22 4.72535e-26
0.18 -3.00588e-22 7.60348e-26
0.185 -4.53296e-22 1.20759e-25
0.19 -6.76131e-22 1.89436e-25
0.195 -9.98081e-22 2.93712e-25
0.2 -1.45886e-21 4.50352e-25
0.205 -2.11246e-21 6.83277e-25
0.21 -3.03169e-21 1.0263e-24
0.215 -4.31406e-21 1.52685e-24
0.22 -6.0892e-21 2.25086e-24
0.225 -8.5284e-21 3.28938e-24
0.23 -1.18565e-20 4.76715e-24
0.235 -1.63667e-20 6.85391e-24
0.24 -2.24396e-20 9.77912e-24
0.245 -3.05662e-20 1.38509e-23
0.25 -4.13761e-20 1.94808e-23
0.255 -5.56738e-20 2.72147e-23
0.26 -7.44808e-20 3.7773e-23
0.265 -9.90893e-20 5.21016e-23
0.27 -1.31126e-19 7.1435e-23
0.275 -1.72628e-19 9.73777e-23
0.28 -2.26142e-19 1.32004e-22
0.285 -2.94828e-19 1.77982e-22
0.29 -3.82605e-19 2.38732e-22
0.295 -4.94303e-19 3.18617e-22
0.3 -6.35862e-19 4.23177e-22
0.305 -8.14554e-19 5.59423e-22
0.31 -1.03926e-18 7.3619e-22
0.315 -1.32078e-18 9.64571e-22
0.32 -1.67223e-18 1.25844e-21
0.325 -2.10944e-18 1.63509e-21
0.33 -2.65151e-18 2.11601e-21
0.335 -3.32141e-18 2.7278e-21
0.34 -4.14666e-18 3.50327e-21
0.345 -5.16016e-18 4.48283e-21
0.35 -6.40115e-18 5.71598e-21
0.355 -7.91627e-18 7.2633e-21
0.36 -9.76088e-18 9.19866e-21
0.365 -1.20005e-17 1.16118e-20
0.37 -1.47124e-17 1.46118e-20
0.375 -1.79878e-17 1.83301e-20
0.38 -2.19336e-17 2.29259e-20
0.385 -2.66755e-17 2.85903e-20
0.39 -3.23605e-17 3.55528e-20
0.395 -3.91601e-17 4.40884e-20
0.4 -4.72745e-17 5.45257e-20
0.405 -5.69365e-17 6.72562e-20
0.41 -6.84162e-17 8.27458e-20
0.415 -8.20269e-17 1.01548e-19
0.42 -9.81309e-17 1.24317e-19
0.425 -1.17147e-16 1.51827e-19
0.43 -1.39557e-16 1.84993e-19
0.435 -1.65916e-16 2.24889e-19
0.44 -1.96862e-16 2.7278e-19
0.445 -2.33128e-16 3.3015e-19
0.45 -2.75551e-16 3.98734e-19
0.455 -3.25089e-16 4.80562e-19
0.46 -3.82837e-16 5.78004e-19
0.465 -4.50043e-16 6.93816e-19
0.47 -5.28127e-16 8.31209e-19
0.475 -6.18706e-16 9.93907e-19
0.48 -7.23612e-16 1.18623e-18
0.485 -8.44925e-16 1.41317e-18
0.49 -9.85001e-16 1.68051e-18
0.495 -1.1465e-15 1.99491e-18
0.5 -1.33243e-15 2.36405e-18
0.505 -1.54619e-15 2.79676e-18
0.51 -1.7916e-15 3.3032e-18
0.515 -2.07295e-15 3.89501e-18
0.52 -2.39509e-15 4.58555e-18
0.525 -2.76344e-15 5.39007e-18
0.53 -3.18408e-15 6.32603e-18
0.535 -3.66385e-15 7.41336e-18
0.54 -4.21037e-15 8.67476e-18
0.545 -4.83217e-15 1.01361e-17
0.55 -5.53877e-15 1.18267e-17
0.555 -6.3408e-15 1.37801e-17
0.56 -7.25011e-15 1.6034e-17
0.565 -8.27987e-15 1.86315e-17
0.57 -9.44474e-15 2.16211e-17
0.575 -1.0761e-14 2.50578e-17
0.58 -1.22468e-14 2.90035e-17
0.585 -1.39221e-14 3.35285e-17
0.59 -1.58092e-14 3.87115e-17
0.595 -1.79326e-14 4.46414e-17
0.6 -2.03196e-14 5.14181e-17
0.605 -2.30003e-14 5.91541e-17
0.61 -2.60079e-14 6.79753e-17
0.615 -2.93789e-14 7.80231e-17
0.62 -3.31539e-14 8.9456e-17
0.625 -3.73773e-14 1.02451e-16
0.63 -4.2098e-14 1.17207e-16
0.635 -4.737e-14 1.33946e-16
0.64 -5.32523e-14 1.52914e-16
0.645 -5.98101e-14 1.74387e-16
0.65 -6.71146e-14 1.98674e-16
0.655 -7.5244e-14 2.26117e-16
0.66 -8.4284e-14 2.57097e-16
0.665 -9.43284e-14 2.92036e-16
0.67 -1.0548e-13 3.31407e-16
0.675 -1.17851e-13 3.7573e-16
0.68 -1.31563e-13 4.25585e-16
0.685 -1.46752e-13 4.81614e-16
0.69 -1.63562e-13 5.44527e-16
0.695 -1.82153e-13 6.15111e-16
0.7 -2.027e-13 6.94235e-16
0.705 -2.2539e-13 7.82859e-16
0.71 -2.5043e-13 8.82044e-16
0.715 -2.78044e-13 9.9296e-16
0.72 -3.08475e-13 1.1169e-15
0.725 -3.41987e-13 1.25528e-15
0.73 -3.78868e-13 1.40966e-15
0.735 -4.19429e-13 1.58178e-15
0.74 -4.64008e-13 1.77351e-15
0.745 -5.12971e-13 1.98695e-15
0.75 -5.66715e-13 2.22437e-15
0.755 -6.2567e-13 2.48829e-15
0.76 -6.903e-13 2.78145e-15
0.765 -7.61109e-13 3.10687e-15
0.77 -8.38639e-13 3.46784e-15
0.775 -9.23478e-13 3.86798e-15
0.78 -1.01626e-12 4.31125e-15
0.785 -1.11767e-12 4.80196e-15
0.79 -1.22845e-12 5.34484e-15
0.795 -1.34939e-12 5.94506e-15
0.8 -1.48134e-12 6.60823e-15
0.805 -1.62525e-12 7.34052e-15
0.81 -1.78209e-12 8.1486e-15
0.815 -1.95294e-12 9.0398e-15
0.82 -2.13895e-12 1.00221e-14
0.825 -2.34136e-12 1.1104e-14
0.83 -2.56151e-12 1.22951e-14
0.835 -2.80081e-12 1.36056e-14
0.84 -3.06082e-12 1.50466e-14
0.845 -3.34316e-12 1.66302e-14
0.85 -3.64962e-12 1.83695e-14
0.855 -3.98208e-12 2.02788e-14
0.86 -4.34257e-12 2.23735e-14
0.865 -4.73328e-12 2.46704e-14
0.87 -5.15654e-12 2.71877e-14
0.875 -5.61483e-12 2.99451e-14
0.88 -6.11084e-12 3.29637e-14
0.885 -6.6474e-12 3.62668e-14
0.89 -7.22759e-12 3.98792e-14
0.895 -7.85466e-12 4.38278e-14
0.9 -8.5321e-12 4.81419e-14
0.905 -9.26363e-12 5.28529e-14
0.91 -1.00532e-11 5.79947e-14
0.915 -1.09052e-11 6.36041e-14
0.92 -1.18239e-11 6.97206e-14
0.925 -1.28143e-11 7.63869e-14
0.93 -1.38816e-11 8.3649e-14
0.935 -1.50311e-11 9.15564e-14
0.94 -1.62688e-11 1.00163e-13
0.945 -1.76008e-11 1.09525e-13
0.95 -1.90338e-11 1.19705e-13
0.955 -2.05748e-11 1.3077e-13
0.96 -2.22314e-11 1.42792e-13
0.965 -2.40114e-11 1.55846e-13
0.97 -2.59234e-11 1.70016e-13
0.975 -2.79764e-11 1.8539e-13
0.98 -3.01799e-11 2.02064e-13
0.985 -3.25441e-11 2.2014e-13
0.99 -3.50798e-11 2.39729e-13
0.995 -3.77984e-11 2.60946e-13
1 -4.07121e-11 2.83919e-13
1.005 -4.38337e-11 3.08783e-13
1.01 -4.7177e-11 3.35684e-13
1.015 -5.07563e-11 3.64775e-13
1.02 -5.45871e-11 3.96223e-13
1.025 -5.86856e-11 4.30206e-13
1.03 -6.3069e-11 4.66915e-13
1.035 -6.77556e-11 5.06552e-13
1.04 -7.27646e-11 5.49336e-13
1.045 -7.81164e-11 5.95498e-13
1.05 -8.38327e-11 6.45288e-13
1.055 -8.99363e-11 6.9897e-13
1.06 -9.64513e-11 7.56828e-13
1.065 -1.03403e-10 8.19164e-13
1.07 -1.10819e-10 8.86302e-13
1.075 -1.18727e-10 9.58585e-13
1.08 -1.27158e-10 1.03638e-12
1.085 -1.36143e-10 1.12008e-12
1.09 -1.45716e-10 1.2101e-12
1.095 -1.55912e-10 1.30689e-12
1.1 -1.66769e-10 1.41091e-12
1.105 -1.78325e-10 1.52268e-12
1.11 -1.90623e-10 1.64273e-12
1.115 -2.03706e-10 1.77163e-12
1.12 -2.1762e-10 1.90998e-12
1.125 -2.32414e-10 2.05844e-12
1.13 -2.48139e-10 2.2177e-12
1.135 -2.64849e-10 2.38847e-12
1.14 -2.82601e-10 2.57155e-12
1.145 -3.01454e-10 2.76774e-12
1.15 -3.21471e-10 2.97794e-12
1.155 -3.42719e-10 3.20307e-12
1.16 -3.65267e-10 3.44411e-12
1.165 -3.89188e-10 3.70211e-12
1.17 -4.1456e-10 3.97819e-12
1.175 -4.41462e-10 4.27353e-12
1.18 -4.6998e-10 4.58937e-12
1.185 -5.00204e-10 4.92704e-12
1.19 -5.32226e-10 5.28794e-12
1.195 -5.66146e-10 5.67357e-12
1.2 -6.02067e-10 6.0855e-12
1.205 -6.40097e-10 6.52541e-12
1.21 -6.80351e-10 6.99505e-12
1.215 -7.22948e-10 7.4963e-12
1.22 -7.68013e-10 8.03115e-12
1.225 -8.15678e-10 8.60169e-12
1.23 -8.6608e-10 9.21013e-12
1.235 -9.19365e-10 9.85883e-12
1.24 -9.75684e-10 1.05503e-11
1.245 -1.0352e-09 1.1287e-11
1.25 -1.09807e-09 1.20719e-11
1.255 -1.16447e-09 1.29079e-11
1.26 -1.23459e-09 1.3798e-11
1.265 -1.30862e-09 1.47455e-11
1.27 -1.38676e-09 1.57538e-11
1.275 -1.46921e-09 1.68266e-11
1.28 -1.5562e-09 1.79678e-11
1.285 -1.64795e-09 1.91814e-11
1.29 -1.74471e-09 2.04716e-11
1.295 -1.84673e-09 2.18429e-11
1.3 -1.95427e-09 2.33002e-11
1.305 -2.0676e-09 2.48484e-11
1.31 -2.18701e-09 2.64929e-11
1.315 -2.3128e-09 2.82391e-11
1.32 -2.44528e-09 3.00929e-11
1.325 -2.58479e-09 3.20606e-11
1.33 -2.73166e-09 3.41486e-11
1.335 -2.88625e-09 3.63638e-11
1.34 -3.04893e-09 3.87134e-11
1.345 -3.2201e-09 4.12049e-11
1.35 -3.40015e-09 4.38465e-11
1.355 -3.58952e-09 4.66464e-11
1.36 -3.78864e-09 4.96135e-11
1.365 -3.99798e-09 5.27572e-11
1.37 -4.21802e-09 5.60871e-11
1.375 -4.44926e-09 5.96136e-11
1.38 -4.69222e-09 6.33475e-11
1.385 -4.94746e-09 6.73001e-11
1.39 -5.21553e-09 7.14833e-11
1.395 -5.49704e-09 7.59097e-11
1.4 -5.79261e-09 8.05925e-11
1.405 -6.10287e-09 8.55454e-11
1.41 -6.42849e-09 9.0783e-11
1.415 -6.77019e-09 9.63205e-11
1.42 -7.12867e-09 1.02174e-10
1.425 -7.50471e-09 1.0836e-10
1.43 -7.8991e-09 1.14896e-10
1.435 -8.31264e-09 1.21801e-10
1.44 -8.74621e-09 1.29094e-10
1.445 -9.20068e-09 1.36796e-10
1.45 -9.67699e-09 1.44927e-10
1.455 -1.01761e-08 1.5351e-10
1.46 -1.0699e-08 1.62569e-10
1.465 -1.12467e-08 1.72127e-10
1.47 -1.18204e-08 1.82211e-10
1.475 -1.24211e-08 1.92847e-10
1.48 -1.30501e-08 2.04064e-10
1.485 -1.37084e-08 2.15891e-10
1.49 -1.43975e-08 2.2836e-10
1.495 -1.51186e-08 2.41501e-10
1.5 -1.58731e-08 2.5535e-10
1.505 -1.66624e-08 2.69941e-10
1.51 -1.74879e-08 2.85312e-10
1.515 -1.83513e-08 3.01502e-10
1.52 -1.9254e-08 3.1855e-10
1.525 -2.01978e-08 3.365e-10
1.53 -2.11844e-08 3.55396e-10
1.535 -2.22154e-08 3.75284e-10
1.54 -2.32929e-08 3.96213e-10
1.545 -2.44186e-08 4.18233e-10
1.55 -2.55946e-08 4.41397e-10
1.555 -2.68229e-08 4.65762e-10
1.56 -2.81057e-08 4.91383e-10
1.565 -2.94452e-08 5.18323e-10
1.57 -3.08436e-08 5.46643e-10
1.575 -3.23034e-08 5.76411e-10
1.58 -3.38271e-08 6.07694e-10
1.585 -3.54171e-08 6.40564e-10
1.59 -3.70762e-08 6.75097e-10
1.595 -3.8807e-08 7.11371e-10
1.6 -4.06125e-08 7.49467e-10
1.605 -4.24956e-08 7.8947e-10
1.61 -4.44593e-08 8.3147e-10
1.615 -4.65069e-08 8.75559e-10
1.62 -4.86415e-08 9.21834e-10
1.625 -5.08667e-08 9.70395e-10
1.63 -5.31858e-08 1.02135e-09
1.635 -5.56025e-08 1.0748e-09
1.64 -5.81207e-08 1.13087e-09
1.645 -6.07442e-08 1.18968e-09
1.65 -6.3477e-08 1.25134e-09
1.655 -6.63234e-08 1.31599e-09
1.66 -6.92876e-08 1.38377e-09
1.665 -7.23741e-08 1.45481e-09
1.67 -7.55876e-08 1.52925e-09
1.675 -7.89328e-08 1.60726e-09
1.68 -8.24146e-08 1.68899e-09
1.685 -8.60383e-08 1.7746e-09
1.69 -8.9809e-08 1.86428e-09
1.695 -9.37322e-08 1.95818e-09
1.7 -9.78137e-08 2.05651e-09
1.705 -1.02059e-07 2.15945e-09
1.71 -1.06475e-07 2.26722e-09
1.715 -1.11067e-07 2.38e-09
1.72 -1.15841e-07 2.49804e-09
1.725 -1.20805e-07 2.62154e-09
1.73 -1.25966e-07 2.75076e-09
1.735 -1.31329e-07 2.88592e-09
1.74 -1.36904e-07 3.0273e-09
1.745 -1.42697e-07 3.17514e-09
1.75 -1.48716e-07 3.32974e-09
1.755 -1.54969e-07 3.49137e-09
1.76 -1.61465e-07 3.66034e-09
1.765 -1.68212e-07 3.83695e-09
1.77 -1.75219e-07 4.02152e-09
1.775 -1.82495e-07 4.2144e-09
1.78 -1.9005e-07 4.41592e-09
1.785 -1.97894e-07 4.62644e-09
1.79 -2.06036e-07 4.84635e-09
1.795 -2.14487e-07 5.07602e-09
1.8 -2.23258e-07 5.31587e-09
1.805 -2.3236e-07 5.56631e-09
1.81 -2.41804e-07 5.82777e-09
1.815 -2.51602e-07 6.10072e-09
1.82 -2.61766e-07 6.38561e-09
1.825 -2.72308e-07 6.68293e-09
1.83 -2.83242e-07 6.99319e-09
1.835 -2.94581e-07 7.31692e-09
1.84 -3.06339e-07 7.65464e-09
1.845 -3.18529e-07 8.00694e-09
1.85 -3.31166e-07 8.37438e-09
1.855 -3.44265e-07 8.75758e-09
1.86 -3.57842e-07 9.15717e-09
1.865 -3.71913e-07 9.57379e-09
1.87 -3.86494e-07 1.00081e-08
1.875 -4.01601e-07 1.04609e-08
1.88 -4.17253e-07 1.09328e-08
1.885 -4.33467e-07 1.14245e-08
1.89 -4.50261e-07 1.1937e-08
1.895 -4.67655e-07 1.24709e-08
1.9 -4.85669e-07 1.30271e-08
1.905 -5.04322e-07 1.36066e-08
1.91 -5.23634e-07 1.421e-08
1.915 -5.43629e-07 1.48385e-08
1.92 -5.64326e-07 1.5493e-08
1.925 -5.8575e-07 1.61745e-08
1.93 -6.07923e-07 1.68839e-08
1.935 -6.30869e-07 1.76224e-08
1.94 -6.54613e-07 1.83911e-08
1.945 -6.7918e-07 1.91911e-08
1.95 -7.04597e-07 2.00236e-08
1.955 -7.30889e-07 2.08899e-08
1.96 -7.58085e-07 2.17912e-08
1.965 -7.86213e-07 2.27288e-08
1.97 -8.15302e-07 2.37041e-08
1.975 -8.45382e-07 2.47184e-08
1.98 -8.76485e-07 2.57733e-08
1.985 -9.0864e-07 2.68703e-08
1.99 -9.41882e-07 2.80109e-08
1.995 -9.76244e-07 2.91967e-08
2 -1.01176e-06 3.04294e-08
2.005 -1.04846e-06 3.17107e-08
2.01 -1.0864e-06 3.30423e-08
2.015 -1.12559e-06 3.44263e-08
2.02 -1.16609e-06 3.58643e-08
2.025 -1.20792e-06 3.73585e-08
2.03 -1.25114e-06 3.89107e-08
2.035 -1.29578e-06 4.05233e-08
2.04 -1.34189e-06 4.21982e-08
2.045 -1.38951e-06 4.39378e-08
2.05 -1.43868e-06 4.57443e-08
2.055 -1.48945e-06 4.76202e-08
2.06 -1.54187e-06 4.95679e-08
2.065 -1.59599e-06 5.159e-08
2.07 -1.65186e-06 5.36892e-08
2.075 -1.70952e-06 5.58681e-08
2.08 -1.76904e-06 5.81296e-08
2.085 -1.83047e-06 6.04765e-08
2.09 -1.89385e-06 6.29119e-08
2.095 -1.95926e-06 6.54389e-08
2.1 -2.02674e-06 6.80606e-08
2.105 -2.09636e-06 7.07804e-08
2.11 -2.16818e-06 7.36017e-08
2.115 -2.24226e-06 7.65279e-08
2.12 -2.31867e-06 7.95628e-08
2.125 -2.39747e-06 8.271e-08
2.13 -2.47873e-06 8.59734e-08
2.135 -2.56253e-06 8.9357e-08
2.14 -2.64894e-06 9.28649e-08
2.145 -2.73802e-06 9.65014e-08
2.15 -2.82985e-06 1.00271e-07
2.155 -2.92452e-06 1.04178e-07
2.16 -3.02209e-06 1.08226e-07
2.165 -3.12266e-06 1.12422e-07
2.17 -3.22631e-06 1.1677e-07
2.175 -3.33312e-06 1.21274e-07
2.18 -3.44317e-06 1.25941e-07
2.185 -3.55657e-06 1.30775e-07
2.19 -3.67339e-06 1.35782e-07
2.195 -3.79375e-06 1.40969e-07
2.2 -3.91772e-06 1.4634e-07
2.205 -4.04542e-06 1.51902e-07
2.21 -4.17694e-06 1.57661e-07
2.215 -4.31239e-06 1.63624e-07
2.22 -4.45187e-06 1.69798e-07
2.225 -4.5955e-06 1.76188e-07
2.23 -4.74339e-06 1.82804e-07
2.235 -4.89564e-06 1.89651e-07
2.24 -5.05238e-06 1.96737e-07
2.245 -5.21374e-06 2.0407e-07
2.25 -5.37982e-06 2.11658e-07
2.255 -5.55076e-06 2.1951e-07
2.26 -5.72669e-06 2.27633e-07
2.265 -5.90774e-06 2.36036e-07
2.27 -6.09404e-06 2.44729e-07
2.275 -6.28573e-06 2.5372e-07
2.28 -6.48296e-06 2.6302e-07
2.285 -6.68588e-06 2.72637e-07
2.29 -6.89462e-06 2.82583e-07
2.295 -7.10934e-06 2.92866e-07
2.3 -7.3302e-06 3.03499e-07
2.305 -7.55735e-06 3.14492e-07
2.31 -7.79097e-06 3.25856e-07
2.315 -8.03121e-06 3.37603e-07
2.32 -8.27825e-06 3.49744e-07
2.325 -8.53226e-06 3.62293e-07
2.33 -8.79342e-06 3.75262e-07
2.335 -9.06191e-06 3.88663e-07
2.34 -9.33793e-06 4.0251e-07
2.345 -9.62165e-06 4.16818e-07
2.35 -9.91329e-06 4.31599e-07
2.355 -1.0213e-05 4.46869e-07
2.36 -1.05211e-05 4.62643e-07
2.365 -1.08377e-05 4.78936e-07
2.37 -1.1163e-05 4.95763e-07
2.375 -1.14972e-05 5.13142e-07
2.38 -1.18407e-05 5.31088e-07
2.385 -1.21935e-05 5.49619e-07
2.39 -1.2556e-05 5.68753e-07
2.395 -1.29283e-05 5.88507e-07
2.4 -1.33108e-05 6.08901e-07
2.405 -1.37037e-05 6.29953e-07
2.41 -1.41072e-05 6.51683e-07
2.415 -1.45215e-05 6.74112e-07
2.42 -1.49471e-05 6.97259e-07
2.425 -1.5384e-05 7.21148e-07
2.43 -1.58327e-05 7.45798e-07
2.435 -1.62933e-05 7.71234e-07
2.44 -1.67662e-05 7.97477e-07
2.445 -1.72517e-05 8.24552e-07
2.45 -1.77501e-05 8.52484e-07
2.455 -1.82617e-05 8.81296e-07
2.46 -1.87867e-05 9.11016e-07
2.465 -1.93256e-05 9.41668e-07
2.47 -1.98787e-05 9.73281e-07
2.475 -2.04462e-05 1.00588e-06
2.48 -2.10286e-05 1.0395e-06
2.485 -2.16262e-05 1.07416e-06
2.49 -2.22393e-05 1.1099e-06
2.495 -2.28684e-05 1.14675e-06
2.5 -2.35137e-05 1.18474e-06
2.505 -2.41757e-05 1.22389e-06
2.51 -2.48548e-05 1.26425e-06
2.515 -2.55513e-05 1.30585e-06
2.52 -2.62657e-05 1.34873e-06
2.525 -2.69983e-05 1.39291e-06
2.53 -2.77497e-05 1.43844e-06
2.535 -2.85202e-05 1.48536e-06
2.54 -2.93103e-05 1.5337e-06
2.545 -3.01204e-05 1.5835e-06
2.55 -3.09509e-05 1.63481e-06
2.555 -3.18025e-05 1.68766e-06
2.56 -3.26754e-05 1.74211e-06
2.565 -3.35703e-05 1.79818e-06
2.57 -3.44876e-05 1.85594e-06
2.575 -3.54278e-05 1.91542e-06
2.58 -3.63915e-05 1.97667e-06
2.585 -3.73791e-05 2.03975e-06
2.59 -3.83913e-05 2.1047e-06
2.595 -3.94285e-05 2.17157e-06
2.6 -4.04913e-05 2.24041e-06
2.605 -4.15803e-05 2.31128e-06
2.61 -4.2696e-05 2.38424e-06
2.615 -4.38392e-05 2.45934e-06
2.62 -4.50103e-05 2.53664e-06
2.625 -4.621e-05 2.61619e-06
2.63 -4.74389e-05 2.69806e-06
2.635 -4.86977e-05 2.78232e-06
2.64 -4.9987e-05 2.86902e-06
2.645 -5.13075e-05 2.95823e-06
2.65 -5.26599e-05 3.05001e-06
2.655 -5.40448e-05 3.14444e-06
2.66 -5.5463e-05 3.24159e-06
2.665 -5.69152e-05 3.34152e-06
2.67 -5.84021e-05 3.44432e-06
2.675 -5.99245e-05 3.55005e-06
2.68 -6.14831e-05 3.6588e-06
2.685 -6.30787e-05 3.77064e-06
2.69 -6.47121e-05 3.88565e-06
2.695 -6.63842e-05 4.00392e-06
2.7 -6.80957e-05 4.12553e-06
2.705 -6.98474e-05 4.25057e-06
2.71 -7.16403e-05 4.37912e-06
2.715 -7.34752e-05 4.51129e-06
2.72 -7.5353e-05 4.64716e-06
2.725 -7.72746e-05 4.78682e-06
2.73 -7.92408e-05 4.93038e-06
2.735 -8.12528e-05 5.07793e-06
2.74 -8.33113e-05 5.22957e-06
2.745 -8.54174e-05 5.38542e-06
2.75 -8.7572e-05 5.54558e-06
2.755 -8.97763e-05 5.71015e-06
2.76 -9.20311e-05 5.87925e-06
2.765 -9.43375e-05 6.05299e-06
2.77 -9.66967e-05 6.2315e-06
2.775 -9.91097e-05 6.41488e-06
2.78 -0.000101578 6.60327e-06
2.785 -0.000104101 6.79678e-06
2.79 -0.000106682 6.99555e-06
2.795 -0.000109322 7.1997e-06
2.8 -0.000112021 7.40937e-06
2.805 -0.00011478 7.6247e-06
2.81 -0.000117602 7.84583e-06
2.815 -0.000120486 8.0729e-06
2.82 -0.000123435 8.30606e-06
2.825 -0.00012645 8.54544e-06
2.83 -0.000129532 8.79122e-06
2.835 -0.000132683 9.04355e-06
2.84 -0.000135903 9.30257e-06
2.845 -0.000139194 9.56847e-06
2.85 -0.000142558 9.84139e-06
2.855 -0.000145996 1.01215e-05
2.86 -0.000149509 1.0409e-05
2.865 -0.0001531 1.07041e-05
2.87 -0.000156768 1.10069e-05
2.875 -0.000160517 1.13176e-05
2.88 -0.000164348 1.16365e-05
2.885 -0.000168261 1.19636e-05
2.89 -0.00017226 1.22993e-05
2.895 -0.000176344 1.26436e-05
2.9 -0.000180517 1.29969e-05
2.905 -0.00018478 1.33593e-05
2.91 -0.000189134 1.3731e-05
2.915 -0.000193582 1.41123e-05
2.92 -0.000198124 1.45034e-05
2.925 -0.000202764 1.49045e-05
2.93 -0.000207502 1.53158e-05
2.935 -0.000212341 1.57376e-05
2.94 -0.000217282 1.61702e-05
2.945 -0.000222328 1.66137e-05
2.95 -0.000227481 1.70684e-05
2.955 -0.000232742 1.75347e-05
2.96 -0.000238113 1.80127e-05
2.965 -0.000243597 1.85027e-05
2.97 -0.000249196 1.9005e-05
2.975 -0.000254912 1.95199e-05
2.98 -0.000260747 2.00477e-05
2.985 -0.000266703 2.05887e-05
2.99 -0.000272782 2.11431e-05
2.995 -0.000278987 2.17112e-05
3 -0.000285321 2.22935e-05
3.005 -0.000291785 2.28901e-05
3.01 -0.000298382 2.35015e-05
3.015 -0.000305114 2.41279e-05
3.02 -0.000311984 2.47696e-05
3.025 -0.000318994 2.54271e-05
3.03 -0.000326147 2.61007e-05
3.035 -0.000333446 2.67908e-05
3.04 -0.000340892 2.74976e-05
3.045 -0.00034849 2.82216e-05
3.05 -0.000356241 2.89631e-05
3.055 -0.000364148 2.97226e-05
3.06 -0.000372215 3.05004e-05
3.065 -0.000380443 3.12969e-05
3.07 -0.000388836 3.21126e-05
3.075 -0.000397397 3.29478e-05
3.08 -0.000406129 3.3803e-05
3.085 -0.000415034 3.46786e-05
3.09 -0.000424117 3.55751e-05
3.095 -0.000433379 3.64928e-05
3.1 -0.000442824 3.74323e-05
3.105 -0.000452456 3.83941e-05
3.11 -0.000462278 3.93786e-05
3.115 -0.000472292 4.03862e-05
3.12 -0.000482503 4.14175e-05
3.125 -0.000492914 4.2473e-05
3.13 -0.000503527 4.35533e-05
3.135 -0.000514348 4.46587e-05
3.14 -0.000525379 4.57899e-05
3.145 -0.000536624 4.69474e-05
3.15 -0.000548086 4.81317e-05
3.155 -0.00055977 4.93434e-05
3.16 -0.000571679 5.05831e-05
3.165 -0.000583817 5.18514e-05
3.17 -0.000596188 5.31488e-05
3.175 -0.000608796 5.4476e-05
3.18 -0.000621645 5.58336e-05
3.185 -0.000634739 5.72221e-05
3.19 -0.000648081 5.86423e-05
3.195 -0.000661678 6.00948e-05
3.2 -0.000675531 6.15803e-05
3.205 -0.000689647 6.30993e-05
3.21 -0.000704029 6.46527e-05
3.215 -0.000718681 6.6241e-05
3.22 -0.000733609 6.78651e-05
3.225 -0.000748817 6.95256e-05
3.23 -0.000764309 7.12233e-05
3.235 -0.00078009 7.29589e-05
3.24 -0.000796165 7.47331e-05
3.245 -0.000812539 7.65468e-05
3.25 -0.000829216 7.84008e-05
3.255 -0.000846202 8.02957e-05
3.26 -0.000863502 8.22326e-05
3.265 -0.00088112 8.42121e-05
3.27 -0.000899062 8.62351e-05
3.275 -0.000917334 8.83025e-05
3.28 -0.00093594 9.04151e-05
3.285 -0.000954885 9.25739e-05
3.29 -0.000974176 9.47797e-05
3.295 -0.000993819 9.70335e-05
3.3 -0.00101382 9.93361e-05
3.305 -0.00103418 0.000101689
3.31 -0.00105491 0.000104092
3.315 -0.00107601 0.000106547
3.32 -0.00109749 0.000109055
3.325 -0.00111936 0.000111616
3.33 -0.00114162 0.000114233
3.335 -0.00116428 0.000116905
3.34 -0.00118734 0.000119634
3.345 -0.00121081 0.000122422
3.35 -0.0012347 0.000125268
3.355 -0.00125902 0.000128174
3.36 -0.00128376 0.000131142
3.365 -0.00130894 0.000134173
3.37 -0.00133456 0.000137267
3.375 -0.00136064 0.000140426
3.38 -0.00138717 0.000143651
3.385 -0.00141417 0.000146943
3.39 -0.00144163 0.000150304
3.395 -0.00146958 0.000153735
3.4 -0.00149801 0.000157237
3.405 -0.00152694 0.000160811
3.41 -0.00155636 0.000164459
3.415 -0.0015863 0.000168182
3.42 -0.00161675 0.000171982
3.425 -0.00164772 0.000175859
3.43 -0.00167923 0.000179816
3.435 -0.00171128 0.000183853
3.44 -0.00174387 0.000187973
3.445 -0.00177702 0.000192176
3.45 -0.00181074 0.000196465
3.455 -0.00184502 0.00020084
3.46 -0.00187989 0.000205303
3.465 -0.00191535 0.000209856
3.47 -0.00195141 0.000214501
3.475 -0.00198807 0.000219238
3.48 -0.00202535 0.00022407
3.485 -0.00206325 0.000228999
3.49 -0.00210179 0.000234025
3.495 -0.00214097 0.000239152
3.5 -0.00218081 0.000244379
3.505 -0.0022213 0.00024971
3.51 -0.00226247 0.000255146
3.515 -0.00230432 0.000260689
3.52 -0.00234686 0.000266341
3.525 -0.00239011 0.000272103
3.53 -0.00243406 0.000277977
3.535 -0.00247873 0.000283967
3.54 -0.00252414 0.000290072
3.545 -0.00257029 0.000296296
3.55 -0.00261719 0.00030264
3.555 -0.00266485 0.000309106
3.56 -0.00271329 0.000315697
3.565 -0.00276251 0.000322415
3.57 -0.00281253 0.000329261
3.575 -0.00286335 0.000336239
3.58 -0.00291499 0.000343349
3.585 -0.00296746 0.000350594
3.59 -0.00302078 0.000357978
3.595 -0.00307494 0.0003655
3.6 -0.00312997 0.000373165
3.605 -0.00318587 0.000380975
3.61 -0.00324267 0.000388931
3.615 -0.00330036 0.000397037
3.62 -0.00335896 0.000405294
3.625 -0.00341849 0.000413705
3.63 -0.00347896 0.000422274
3.635 -0.00354038 0.000431001
3.64 -0.00360276 0.00043989
3.645 -0.00366612 0.000448944
3.65 -0.00373046 0.000458164
3.655 -0.00379581 0.000467554
3.66 -0.00386217 0.000477117
3.665 -0.00392957 0.000486855
3.67 -0.003998 0.000496771
3.675 -0.0040675 0.000506868
3.68 -0.00413806 0.000517148
3.685 -0.00420971 0.000527615
3.69 -0.00428246 0.000538271
3.695 -0.00435632 0.00054912
3.7 -0.00443131 0.000560164
3.705 -0.00450744 0.000571407
3.71 -0.00458473 0.000582852
3.715 -0.0046632 0.000594501
3.72 -0.00474285 0.000606358
3.725 -0.0048237 0.000618426
3.73 -0.00490578 0.000630708
3.735 -0.00498909 0.000643208
3.74 -0.00507364 0.000655929
3.745 -0.00515947 0.000668875
3.75 -0.00524658 0.000682048
3.755 -0.00533498 0.000695452
3.76 -0.00542471 0.000709091
3.765 -0.00551576 0.000722968
3.77 -0.00560816 0.000737086
3.775 -0.00570193 0.000751451
3.78 -0.00579709 0.000766064
3.785 -0.00589364 0.00078093
3.79 -0.00599161 0.000796052
3.795 -0.00609101 0.000811435
3.8 -0.00619187 0.000827082
3.805 -0.0062942 0.000842997
3.81 -0.00639802 0.000859183
3.815 -0.00650335 0.000875646
3.82 -0.0066102 0.000892389
3.825 -0.0067186 0.000909415
3.83 -0.00682856 0.00092673
3.835 -0.0069401 0.000944337
3.84 -0.00705325 0.000962241
3.845 -0.00716802 0.000980445
3.85 -0.00728443 0.000998955
3.855 -0.0074025 0.00101777
3.86 -0.00752225 0.00103691
3.865 -0.0076437 0.00105636
3.87 -0.00776687 0.00107613
3.875 -0.00789179 0.00109623
3.88 -0.00801846 0.00111666
3.885 -0.00814693 0.00113743
3.89 -0.00827719 0.00115855
3.895 -0.00840928 0.00118
3.9 -0.00854322 0.00120181
3.905 -0.00867903 0.00122397
3.91 -0.00881673 0.0012465
3.915 -0.00895634 0.00126939
3.92 -0.00909789 0.00129265
3.925 -0.00924139 0.00131628
3.93 -0.00938687 0.0013403
3.935 -0.00953436 0.0013647
3.94 -0.00968388 0.0013895
3.945 -0.00983544 0.00141469
3.95 -0.00998907 0.00144028
3.955 -0.0101448 0.00146628
3.96 -0.0103027 0.00149269
3.965 -0.0104627 0.00151952
3.97 -0.0106248 0.00154678
3.975 -0.0107892 0.00157446
3.98 -0.0109558 0.00160258
3.985 -0.0111246 0.00163114
3.99 -0.0112957 0.00166015
3.995 -0.011469 0.00168961
4 -0.0116447 0.00171953
4.005 -0.0118228 0.00174991
4.01 -0.0120032 0.00178076
4.015 -0.012186 0.00181209
4.02 -0.0123712 0.0018439
4.025 -0.0125589 0.0018762
4.03 -0.0127491 0.001909
4.035 -0.0129417 0.00194229
4.04 -0.0131369 0.0019761
4.045 -0.0133347 0.00201042
4.05 -0.013535 0.00204526
4.055 -0.013738 0.00208062
4.06 -0.0139436 0.00211653
4.065 -0.0141518 0.00215297
4.07 -0.0143628 0.00218996
4.075 -0.0145765 0.0022275
4.08 -0.0147929 0.00226561
4.085 -0.0150121 0.00230428
4.09 -0.0152342 0.00234353
4.095 -0.0154591 0.00238336
4.1 -0.0156868 0.00242378
4.105 -0.0159175 0.00246479
4.11 -0.0161511 0.00250641
4.115 -0.0163876 0.00254864
4.12 -0.0166272 0.00259149
4.125 -0.0168698 0.00263497
4.13 -0.0171154 0.00267908
4.135 -0.0173642 0.00272383
4.14 -0.017616 0.00276923
4.145 -0.017871 0.00281528
4.15 -0.0181292 0.002862
4.155 -0.0183906 0.00290939
4.16 -0.0186553 0.00295747
4.165 -0.0189232 0.00300623
4.17 -0.0191945 0.00305568
4.175 -0.0194691 0.00310584
4.18 -0.0197471 0.00315671
4.185 -0.0200285 0.00320831
4.19 -0.0203134 0.00326063
4.195 -0.0206017 0.00331369
4.2 -0.0208936 0.0033675
4.205 -0.021189 0.00342206
4.21 -0.021488 0.00347738
4.215 -0.0217907 0.00353347
4.22 -0.022097 0.00359035
4.225 -0.022407 0.00364801
4.23 -0.0227207 0.00370647
4.235 -0.0230382 0.00376574
4.24 -0.0233595 0.00382583
4.245 -0.0236847 0.00388674
4.25 -0.0240137 0.00394848
4.255 -0.0243466 0.00401107
4.26 -0.0246835 0.00407451
4.265 -0.0250244 0.00413881
4.27 -0.0253693 0.00420399
4.275 -0.0257183 0.00427004
4.28 -0.0260714 0.00433699
4.285 -0.0264286 0.00440483
4.29 -0.02679 0.00447359
4.295 -0.0271557 0.00454326
4.3 -0.0275256 0.00461387
4.305 -0.0278998 0.00468542
4.31 -0.0282783 0.00475791
4.315 -0.0286612 0.00483136
4.32 -0.0290486 0.00490579
4.325 -0.0294404 0.00498119
4.33 -0.0298367 0.00505759
4.335 -0.0302376 0.00513498
4.34 -0.030643 0.00521339
4.345 -0.0310531 0.00529282
4.35 -0.0314678 0.00537327
4.355 -0.0318873 0.00545478
4.36 -0.0323115 0.00553733
4.365 -0.0327405 0.00562095
4.37 -0.0331743 0.00570565
4.375 -0.033613 0.00579143
4.38 -0.0340567 0.0058783
4.385 -0.0345053 0.00596629
4.39 -0.0349589 0.00605539
4.395 -0.0354176 0.00614563
4.4 -0.0358814 0.00623701
4.405 -0.0363503 0.00632954
4.41 -0.0368244 0.00642323
4.415 -0.0373038 0.0065181
4.42 -0.0377884 0.00661415
4.425 -0.0382783 0.00671141
4.43 -0.0387737 0.00680988
4.435 -0.0392744 0.00690956
4.44 -0.0397806 0.00701049
4.445 -0.0402924 0.00711265
4.45 -0.0408096 0.00721608
4.455 -0.0413325 0.00732078
4.46 -0.041861 0.00742675
4.465 -0.0423953 0.00753403
4.47 -0.0429353 0.00764261
4.475 -0.043481 0.0077525
4.48 -0.0440326 0.00786373
4.485 -0.0445901 0.0079763
4.49 -0.0451536 0.00809023
4.495 -0.045723 0.00820553
4.5 -0.0462985 0.00832221
4.505 -0.04688 0.00844028
4.51 -0.0474677 0.00855976
4.515 -0.0480615 0.00868066
4.52 -0.0486616 0.00880299
4.525 -0.049268 0.00892676
4.53 -0.0498807 0.009052
4.535 -0.0504998 0.0091787
4.54 -0.0511254 0.00930689
4.545 -0.0517574 0.00943658
4.55 -0.052396 0.00956778
4.555 -0.0530411 0.0097005
4.56 -0.0536929 0.00983476
4.565 -0.0543514 0.00997057
4.57 -0.0550167 0.010108
4.575 -0.0556887 0.0102469
4.58 -0.0563676 0.0103875
4.585 -0.0570534 0.0105296
4.59 -0.0577461 0.0106734
4.595 -0.0584458 0.0108188
4.6 -0.0591527 0.0109658
4.605 -0.0598666 0.0111145
4.61 -0.0605877 0.0112649
4.615 -0.061316 0.011417
4.62 -0.0620516 0.0115708
4.625 -0.0627945 0.0117263
4.63 -0.0635449 0.0118835
4.635 -0.0643026 0.0120425
4.64 -0.0650679 0.0122032
4.645 -0.0658407 0.0123657
4.65 -0.0666211 0.01253
4.655 -0.0674092 0.0126961
4.66 -0.068205 0.0128641
4.665 -0.0690086 0.0130338
4.67 -0.06982 0.0132054
4.675 -0.0706393 0.0133789
4.68 -0.0714665 0.0135542
4.685 -0.0723017 0.0137314
4.69 -0.073145 0.0139106
4.695 -0.0739964 0.0140916
4.7 -0.074856 0.0142746
4.705 -0.0757238 0.0144596
4.71 -0.0765999 0.0146465
4.715 -0.0774843 0.0148354
4.72 -0.0783771 0.0150262
4.725 -0.0792784 0.0152191
4.73 -0.0801882 0.0154141
4.735 -0.0811066 0.015611
4.74 -0.0820336 0.01581
4.745 -0.0829693 0.0160111
4.75 -0.0839137 0.0162143
4.755 -0.084867 0.0164196
4.76 -0.0858291 0.016627
4.765 -0.0868001 0.0168366
4.77 -0.0877802 0.0170482
4.775 -0.0887692 0.0172621
4.78 -0.0897674 0.0174781
4.785 -0.0907748 0.0176964
4.79 -0.0917914 0.0179168
4.795 -0.0928172 0.0181395
4.8 -0.0938524 0.0183644
4.805 -0.094897 0.0185915
4.81 -0.0959511 0.018821
4.815 -0.0970147 0.0190527
4.82 -0.0980878 0.0192868
4.825 -0.0991707 0.0195231
4.83 -0.100263 0.0197618
4.835 -0.101365 0.0200029
4.84 -0.102478 0.0202463
4.845 -0.1036 0.0204921
4.85 -0.104732 0.0207403
4.855 -0.105873 0.020991
4.86 -0.107026 0.021244
4.865 -0.108188 0.0214995
4.87 -0.10936 0.0217575
4.875 -0.110543 0.022018
4.88 -0.111736 0.0222809
4.885 -0.112939 0.0225464
4.89 -0.114153 0.0228144
4.895 -0.115377 0.023085
4.9 -0.116612 0.0233581
4.905 -0.117857 0.0236338
4.91 -0.119113 0.023912
4.915 -0.12038 0.0241929
4.92 -0.121658 0.0244764
4.925 -0.122946 0.0247626
4.93 -0.124246 0.0250514
4.935 -0.125556 0.0253429
4.94 -0.126877 0.0256371
4.945 -0.12821 0.025934
4.95 -0.129554 0.0262336
4.955 -0.130909 0.026536
4.96 -0.132275 0.0268411
4.965 -0.133653 0.027149
4.97 -0.135042 0.0274596
4.975 -0.136442 0.0277731
4.98 -0.137854 0.0280894
4.985 -0.139278 0.0284086
4.99 -0.140714 0.0287305
4.995 -0.142161 0.0290554
5 -0.14362 0.0293831
5.005 -0.14509 0.0297138
5.01 -0.146573 0.0300473
5.015 -0.148068 0.0303838
5.02 -0.149574 0.0307232
5.025 -0.151093 0.0310656
5.03 -0.152624 0.031411
5.035 -0.154167 0.0317594
5.04 -0.155722 0.0321108
5.045 -0.15729 0.0324652
5.05 -0.15887 0.0328227
5.055 -0.160463 0.0331832
5.06 -0.162068 0.0335468
5.065 -0.163686 0.0339134
5.07 -0.165316 0.0342832
5.075 -0.166959 0.0346561
5.08 -0.168615 0.0350322
5.085 -0.170283 0.0354114
5.09 -0.171965 0.0357938
5.095 -0.173659 0.0361793
5.1 -0.175367 0.0365681
5.105 -0.177087 0.0369601
5.11 -0.178821 0.0373553
5.115 -0.180567 0.0377537
5.12 -0.182327 0.0381554
5.125 -0.1841 0.0385604
5.13 -0.185887 0.0389687
5.135 -0.187687 0.0393802
5.14 -0.1895 0.0397951
5.145 -0.191327 0.0402134
5.15 -0.193168 0.040635
5.155 -0.195022 0.0410599
5.16 -0.19689 0.0414883
5.165 -0.198771 0.04192
5.17 -0.200667 0.0423551
5.175 -0.202576 0.0427937
5.18 -0.204499 0.0432357
5.185 -0.206436 0.0436812
5.19 -0.208387 0.0441301
5.195 -0.210353 0.0445825
5.2 -0.212332 0.0450384
5.205 -0.214325 0.0454978
5.21 -0.216333 0.0459608
5.215 -0.218355 0.0464272
5.22 -0.220391 0.0468973
5.225 -0.222442 0.0473709
5.23 -0.224507 0.047848
5.235 -0.226587 0.0483288
5.24 -0.228681 0.0488132
5.245 -0.23079 0.0493012
5.25 -0.232914 0.0497928
5.255 -0.235052 0.0502881
5.26 -0.237205 0.050787
5.265 -0.239372 0.0512896
5.27 -0.241555 0.0517959
5.275 -0.243752 0.0523059
5.28 -0.245965 0.0528196
5.285 -0.248192 0.053337
5.29 -0.250435 0.0538582
5.295 -0.252692 0.0543831
5.3 -0.254965 0.0549117
5.305 -0.257253 0.0554442
5.31 -0.259556 0.0559804
5.315 -0.261874 0.0565204
5.32 -0.264208 0.0570642
5.325 -0.266557 0.0576119
5.33 -0.268921 0.0581634
5.335 -0.271301 0.0587187
5.34 -0.273696 0.0592779
5.345 -0.276107 0.0598409
5.35 -0.278533 0.0604078
5.355 -0.280976 0.0609786
5.36 -0.283433 0.0615533
5.365 -0.285907 0.0621319
5.37 -0.288396 0.0627144
5.375 -0.290901 0.0633008
5.38 -0.293421 0.0638912
5.385 -0.295958 0.0644855
5.39 -0.29851 0.0650838
5.395 -0.301078 0.0656861
5.4 -0.303663 0.0662923
5.405 -0.306263 0.0669025
5.41 -0.308879 0.0675167
5.415 -0.311512 0.0681349
5.42 -0.31416 0.0687572
5.425 -0.316825 0.0693834
5.43 -0.319505 0.0700137
5.435 -0.322202 0.070648
5.44 -0.324915 0.0712863
5.445 -0.327644 0.0719287
5.45 -0.33039 0.0725752
5.455 -0.333152 0.0732257
5.46 -0.33593 0.0738803
5.465 -0.338725 0.074539
5.47 -0.341535 0.0752018
5.475 -0.344363 0.0758687
5.48 -0.347206 0.0765397
5.485 -0.350067 0.0772148
5.49 -0.352943 0.077894
5.495 -0.355836 0.0785773
5.5 -0.358746 0.0792648
5.505 -0.361672 0.0799564
5.51 -0.364615 0.0806521
5.515 -0.367574 0.0813519
5.52 -0.37055 0.082056
5.525 -0.373542 0.0827641
5.53 -0.376551 0.0834765
5.535 -0.379577 0.0841929
5.54 -0.38262 0.0849136
5.545 -0.385679 0.0856384
5.55 -0.388754 0.0863674
5.555 -0.391847 0.0871006
5.56 -0.394956 0.0878379
5.565 -0.398081 0.0885795
5.57 -0.401224 0.0893252
5.575 -0.404383 0.0900751
5.58 -0.407559 0.0908292
5.585 -0.410751 0.0915875
5.59 -0.413961 0.09235
5.595 -0.417187 0.0931166
5.6 -0.42043 0.0938875
5.605 -0.423689 0.0946626
5.61 -0.426965 0.0954418
5.615 -0.430258 0.0962253
5.62 -0.433568 0.0970129
5.625 -0.436895 0.0978048
5.63 -0.440238 0.0986008
5.635 -0.443598 0.0994011
5.64 -0.446974 0.100206
5.645 -0.450368 0.101014
5.65 -0.453778 0.101827
5.655 -0.457204 0.102644
5.66 -0.460648 0.103465
5.665 -0.464108 0.104291
5.67 -0.467584 0.10512
5.675 -0.471078 0.105954
5.68 -0.474588 0.106792
5.685 -0.478114 0.107634
5.69 -0.481657 0.10848
5.695 -0.485217 0.109331
5.7 -0.488793 0.110185
5.705 -0.492386 0.111044
5.71 -0.495995 0.111907
5.715 -0.499621 0.112774
5.72 -0.503263 0.113645
5.725 -0.506922 0.114521
5.73 -0.510597 0.1154
5.735 -0.514288 0.116284
5.74 -0.517996 0.117172
5.745 -0.52172 0.118063
5.75 -0.52546 0.118959
5.755 -0.529216 0.119859
5.76 -0.532989 0.120763
5.765 -0.536778 0.121672
5.77 -0.540583 0.122584
5.775 -0.544404 0.1235
5.78 -0.548241 0.124421
5.785 -0.552094 0.125345
5.79 -0.555963 0.126273
5.795 -0.559848 0.127206
5.8 -0.563749 0.128142
5.805 -0.567666 0.129083
5.81 -0.571598 0.130027
5.815 -0.575546 0.130976
5.82 -0.57951 0.131928
5.825 -0.583489 0.132884
5.83 -0.587484 0.133845
5.835 -0.591494 0.134809
5.84 -0.59552 0.135777
5.845 -0.599561 0.136749
5.85 -0.603618 0.137725
5.855 -0.60769 0.138705
5.86 -0.611776 0.139688
5.865 -0.615878 0.140676
5.87 -0.619996 0.141667
5.875 -0.624128 0.142662
5.88 -0.628275 0.143661
5.885 -0.632436 0.144663
5.89 -0.636613 0.14567
5.895 -0.640804 0.14668
5.9 -0.64501 0.147694
5.905 -0.64923 0.148711
5.91 -0.653465 0.149732
5.915 -0.657714 0.150757
5.92 -0.661977 0.151786
5.925 -0.666255 0.152818
5.93 -0.670547 0.153854
5.935 -0.674852 0.154893
5.94 -0.679172 0.155936
5.945 -0.683505 0.156982
5.95 -0.687853 0.158032
5.955 -0.692213 0.159085
5.96 -0.696588 0.160142
5.965 -0.700975 0.161202
5.97 -0.705377 0.162266
5.975 -0.709791 0.163333
5.98 -0.714218 0.164404
5.985 -0.718659 0.165478
5.99 -0.723112 0.166555
5.995 -0.727579 0.167635
6 -0.732057 0.168719
6.005 -0.736549 0.169806
6.01 -0.741053 0.170896
6.015 -0.745569 0.171989
6.02 -0.750098 0.173086
6.025 -0.754638 0.174185
6.03 -0.759191 0.175288
6.035 -0.763756 0.176394
6.04 -0.768332 0.177503
6.045 -0.77292 0.178614
6.05 -0.777519 0.179729
6.055 -0.78213 0.180847
6.06 -0.786751 0.181968
6.065 -0.791384 0.183091
6.07 -0.796028 0.184218
6.075 -0.800683 0.185347
6.08 -0.805348 0.186479
6.085 -0.810024 0.187614
6.09 -0.81471 0.188751
6.095 -0.819407 0.189891
6.1 -0.824113 0.191034
6.105 -0.82883 0.192179
6.11 -0.833556 0.193327
6.115 -0.838292 0.194478
6.12 -0.843037 0.195631
6.125 -0.847792 0.196786
6.13 -0.852555 0.197944
6.135 -0.857328 0.199105
6.14 -0.862109 0.200267
6.145 -0.8669 0.201432
6.15 -0.871698 0.202599
6.155 -0.876505 0.203769
6.16 -0.88132 0.20494
6.165 -0.886143 0.206114
6.17 -0.890974 0.20729
6.175 -0.895812 0.208468
6.18 -0.900658 0.209648
6.185 -0.905511 0.21083
6.19 -0.910371 0.212014
6.195 -0.915238 0.213199
6.2 -0.920112 0.214387
6.205 -0.924992 0.215576
6.21 -0.929879 0.216767
6.215 -0.934771 0.21796
6.22 -0.93967 0.219154
6.225 -0.944574 0.22035
6.23 -0.949484 0.221548
6.235 -0.954399 0.222747
6.24 -0.959319 0.223948
6.245 -0.964244 0.22515
6.25 -0.969174 0.226353
6.255 -0.974108 0.227558
6.26 -0.979046 0.228764
6.265 -0.983989 0.229971
6.27 -0.988935 0.231179
6.275 -0.993885 0.232389
6.28 -0.998839 0.233599
6.285 -1.0038 0.23481
6.29 -1.00875 0.236023
6.295 -1.01372 0.237236
6.3 -1.01868 0.23845
6.305 -1.02365 0.239665
6.31 -1.02862 0.240881
6.315 -1.03359 0.242097
6.32 -1.03856 0.243314
6.325 -1.04353 0.244532
6.33 -1.04851 0.24575
6.335 -1.05349 0.246968
6.34 -1.05846 0.248187
6.345 -1.06344 0.249406
6.35 -1.06841 0.250626
6.355 -1.07339 0.251845
6.36 -1.07837 0.253065
6.365 -1.08334 0.254285
6.37 -1.08832 0.255505
6.375 -1.09329 0.256724
6.38 -1.09826 0.257944
6.385 -1.10323 0.259164
6.39 -1.1082 0.260383
6.395 -1.11317 0.261602
6.4 -1.11813 0.262821
6.405 -1.12309 0.264039
6.41 -1.12805 0.265257
6.415 -1.133 0.266474
6.42 -1.13795 0.267691
6.425 -1.1429 0.268907
6.43 -1.14784 0.270122
6.435 -1.15278 0.271336
6.44 -1.15771 0.27255
6.445 -1.16264 0.273762
6.45 -1.16757 0.274974
6.455 -1.17248 0.276184
6.46 -1.1774 0.277393
6.465 -1.1823 0.278601
6.47 -1.1872 0.279808
6.475 -1.19209 0.281013
6.48 -1.19698 0.282217
6.485 -1.20185 0.283419
6.49 -1.20672 0.28462
6.495 -1.21159 0.285819
6.5 -1.21644 0.287016
6.505 -1.22128 0.288211
6.51 -1.22612 0.289405
6.515 -1.23095 0.290596
6.52 -1.23576 0.291786
6.525 -1.24057 0.292973
6.53 -1.24537 0.294158
6.535 -1.25016 0.295341
6.54 -1.25493 0.296522
6.545 -1.2597 0.2977
6.55 -1.26445 0.298876
6.555 -1.26919 0.300049
6.56 -1.27392 0.301219
6.565 -1.27864 0.302387
6.57 -1.28334 0.303551
6.575 -1.28803 0.304713
6.58 -1.29271 0.305872
6.585 -1.29737 0.307028
6.59 -1.30202 0.30818
6.595 -1.30665 0.30933
6.6 -1.31127 0.310476
6.605 -1.31588 0.311618
6.61 -1.32047 0.312758
6.615 -1.32504 0.313893
6.62 -1.3296 0.315025
6.625 -1.33414 0.316153
6.63 -1.33866 0.317278
6.635 -1.34316 0.318398
6.64 -1.34765 0.319514
6.645 -1.35212 0.320627
6.65 -1.35657 0.321735
6.655 -1.36101 0.322839
6.66 -1.36542 0.323938
6.665 -1.36981 0.325033
6.67 -1.37419 0.326124
6.675 -1.37854 0.32721
6.68 -1.38287 0.328291
6.685 -1.38719 0.329368
6.69 -1.39148 0.330439
6.695 -1.39574 0.331506
6.7 -1.39999 0.332567
6.705 -1.40422 0.333624
6.71 -1.40842 0.334675
6.715 -1.4126 0.335721
6.72 -1.41675 0.336761
6.725 -1.42088 0.337796
6.73 -1.42499 0.338825
6.735 -1.42907 0.339849
6.74 -1.43312 0.340866
6.745 -1.43715 0.341878
6.75 -1.44116 0.342884
6.755 -1.44514 0.343884
6.76 -1.44909 0.344877
6.765 -1.45301 0.345865
6.77 -1.45691 0.346845
6.775 -1.46078 0.34782
6.78 -1.46462 0.348788
6.785 -1.46843 0.349749
6.79 -1.47221 0.350703
6.795 -1.47596 0.351651
6.8 -1.47968 0.352592
6.805 -1.48338 0.353525
6.81 -1.48704 0.354452
6.815 -1.49067 0.355371
6.82 -1.49427 0.356283
6.825 -1.49783 0.357187
6.83 -1.50137 0.358084
6.835 -1.50487 0.358973
6.84 -1.50834 0.359855
6.845 -1.51177 0.360729
6.85 -1.51517 0.361595
6.855 -1.51854 0.362452
6.86 -1.52187 0.363302
6.865 -1.52517 0.364143
6.87 -1.52843 0.364976
6.875 -1.53165 0.365801
6.88 -1.53484 0.366617
6.885 -1.53799 0.367424
6.89 -1.5411 0.368223
6.895 -1.54418 0.369013
6.9 -1.54722 0.369794
6.905 -1.55021 0.370566
6.91 -1.55317 0.371328
6.915 -1.55609 0.372082
6.92 -1.55897 0.372826
6.925 -1.56181 0.373561
6.93 -1.56461 0.374286
6.935 -1.56737 0.375001
6.94 -1.57009 0.375707
6.945 -1.57276 0.376403
6.95 -1.57539 0.377089
6.955 -1.57798 0.377765
6.96 -1.58053 0.37843
6.965 -1.58303 0.379086
6.97 -1.58549 0.379731
6.975 -1.5879 0.380365
6.98 -1.59027 0.380989
6.985 -1.59259 0.381602
6.99 -1.59487 0.382205
6.995 -1.5971 0.382797
7 -1.59928 0.383377
7.005 -1.60142 0.383947
7.01 -1.60351 0.384505
7.015 -1.60555 0.385052
7.02 -1.60754 0.385588
7.025 -1.60949 0.386112
7.03 -1.61138 0.386624
7.035 -1.61323 0.387125
7.04 -1.61502 0.387614
7.045 -1.61676 0.388091
7.05 -1.61846 0.388556
7.055 -1.6201 0.389009
7.06 -1.62169 0.389449
7.065 -1.62323 0.389878
7.07 -1.62471 0.390293
7.075 -1.62614 0.390697
7.08 -1.62752 0.391087
7.085 -1.62884 0.391465
7.09 -1.63011 0.39183
7.095 -1.63133 0.392182
7.1 -1.63249 0.392521
7.105 -1.63359 0.392847
7.11 -1.63464 0.39316
7.115 -1.63563 0.393459
7.12 -1.63657 0.393745
7.125 -1.63744 0.394017
7.13 -1.63826 0.394275
7.135 -1.63902 0.39452
7.14 -1.63973 0.394751
7.145 -1.64037 0.394968
7.15 -1.64095 0.395171
7.155 -1.64148 0.395359
7.16 -1.64194 0.395534
7.165 -1.64235 0.395693
7.17 -1.64269 0.395839
7.175 -1.64297 0.39597
7.18 -1.64319 0.396086
7.185 -1.64334 0.396187
7.19 -1.64344 0.396274
7.195 -1.64347 0.396346
7.2 -1.64344 0.396402
7.205 -1.64334 0.396443
7.21 -1.64318 0.39647
7.215 -1.64295 0.39648
7.22 -1.64266 0.396475
7.225 -1.6423 0.396455
7.23 -1.64188 0.396419
7.235 -1.64139 0.396367
7.24 -1.64084 0.3963
7.245 -1.64021 0.396216
7.25 -1.63952 0.396116
7.255 -1.63876 0.396001
7.26 -1.63794 0.395869
7.265 -1.63704 0.39572
7.27 -1.63608 0.395556
7.275 -1.63504 0.395374
7.28 -1.63394 0.395176
7.285 -1.63277 0.394962
7.29 -1.63152 0.39473
7.295 -1.63021 0.394482
7.3 -1.62882 0.394217
7.305 -1.62736 0.393934
7.31 -1.62583 0.393635
7.315 -1.62423 0.393318
7.32 -1.62255 0.392984
7.325 -1.6208 0.392633
7.33 -1.61898 0.392264
7.335 -1.61708 0.391877
7.34 -1.61511 0.391473
7.345 -1.61307 0.391051
7.35 -1.61095 0.390611
7.355 -1.60875 0.390153
7.36 -1.60648 0.389677
7.365 -1.60413 0.389183
7.37 -1.60171 0.38867
7.375 -1.59921 0.38814
7.38 -1.59663 0.387591
7.385 -1.59398 0.387024
7.39 -1.59125 0.386438
7.395 -1.58844 0.385833
7.4 -1.58555 0.38521
7.405 -1.58258 0.384568
7.41 -1.57954 0.383907
7.415 -1.57641 0.383227
7.42 -1.57321 0.382529
7.425 -1.56992 0.381811
7.43 -1.56656 0.381074
7.435 -1.56311 0.380317
7.44 -1.55958 0.379542
7.445 -1.55598 0.378747
7.45 -1.55229 0.377932
7.455 -1.54852 0.377098
7.46 -1.54467 0.376245
7.465 -1.54073 0.375372
7.47 -1.53671 0.374479
7.475 -1.53261 0.373566
7.48 -1.52843 0.372633
7.485 -1.52416 0.371681
7.49 -1.51981 0.370708
7.495 -1.51538 0.369715
7.5 -1.51086 0.368703
7.505 -1.50626 0.36767
7.51 -1.50157 0.366616
7.515 -1.4968 0.365543
7.52 -1.49194 0.364449
7.525 -1.487 0.363334
7.53 -1.48197 0.362199
7.535 -1.47686 0.361043
7.54 -1.47166 0.359867
7.545 -1.46637 0.35867
7.55 -1.461 0.357453
7.555 -1.45554 0.356214
7.56 -1.44999 0.354955
7.565 -1.44435 0.353674
7.57 -1.43863 0.352373
7.575 -1.43282 0.351051
7.58 -1.42693 0.349708
7.585 -1.42094 0.348343
7.59 -1.41487 0.346958
7.595 -1.40871 0.345551
7.6 -1.40246 0.344123
7.605 -1.39612 0.342674
7.61 -1.38969 0.341203
7.615 -1.38317 0.339711
7.62 -1.37657 0.338197
7.625 -1.36987 0.336662
7.63 -1.36308 0.335106
7.635 -1.35621 0.333528
7.64 -1.34924 0.331928
7.645 -1.34219 0.330307
7.65 -1.33504 0.328664
7.655 -1.32781 0.326999
7.66 -1.32048 0.325313
7.665 -1.31307 0.323605
7.67 -1.30556 0.321875
7.675 -1.29796 0.320123
7.68 -1.29028 0.31835
7.685 -1.2825 0.316554
7.69 -1.27463 0.314737
7.695 -1.26666 0.312898
7.7 -1.25861 0.311037
7.705 -1.25047 0.309154
7.71 -1.24223 0.307248
7.715 -1.23391 0.305321
7.72 -1.22549 0.303372
7.725 -1.21698 0.301401
7.73 -1.20838 0.299407
7.735 -1.19968 0.297392
7.74 -1.1909 0.295354
7.745 -1.18202 0.293295
7.75 -1.17306 0.291213
7.755 -1.164 0.289109
7.76 -1.15484 0.286983
7.765 -1.1456 0.284835
7.77 -1.13627 0.282665
7.775 -1.12684 0.280472
7.78 -1.11732 0.278258
7.785 -1.10771 0.276021
7.79 -1.09801 0.273762
7.795 -1.08821 0.271481
7.8 -1.07832 0.269177
7.805 -1.06835 0.266852
7.81 -1.05828 0.264504
7.815 -1.04811 0.262135
7.82 -1.03786 0.259743
7.825 -1.02752 0.257329
7.83 -1.01708 0.254893
7.835 -1.00655 0.252435
7.84 -0.995935 0.249954
7.845 -0.985224 0.247452
7.85 -0.974423 0.244928
7.855 -0.96353 0.242381
7.86 -0.952547 0.239813
7.865 -0.941472 0.237222
7.87 -0.930307 0.23461
7.875 -0.919051 0.231975
7.88 -0.907704 0.229319
7.885 -0.896267 0.226641
7.89 -0.88474 0.223941
7.895 -0.873122 0.221219
7.9 -0.861414 0.218475
7.905 -0.849617 0.21571
7.91 -0.83773 0.212922
7.915 -0.825753 0.210113
7.92 -0.813687 0.207283
7.925 -0.801532 0.204431
7.93 -0.789287 0.201557
7.935 -0.776954 0.198661
7.94 -0.764532 0.195744
7.945 -0.752022 0.192806
7.95 -0.739424 0.189846
7.955 -0.726737 0.186865
7.96 -0.713963 0.183863
7.965 -0.701101 0.180839
7.97 -0.688152 0.177794
7.975 -0.675116 0.174728
7.98 -0.661993 0.171641
7.985 -0.648784 0.168533
7.99 -0.635488 0.165403
7.995 -0.622106 0.162253
8 -0.608639 0.159082
8.005 -0.595086 0.155891
8.01 -0.581448 0.152678
8.015 -0.567725 0.149445
8.02 -0.553918 0.146191
8.025 -0.540026 0.142917
8.03 -0.526051 0.139622
8.035 -0.511991 0.136307
8.04 -0.497849 0.132972
8.045 -0.483624 0.129616
8.05 -0.469316 0.126241
8.055 -0.454926 0.122845
8.06 -0.440454 0.119429
8.065 -0.4259 0.115993
8.07 -0.411265 0.112538
8.075 -0.39655 0.109063
8.08 -0.381754 0.105568
8.085 -0.366879 0.102054
8.09 -0.351924 0.09852
8.095 -0.336889 0.0949669
8.1 -0.321776 0.0913946
8.105 -0.306585 0.0878031
8.11 -0.291316 0.0841925
8.115 -0.275969 0.080563
8.12 -0.260546 0.0769147
8.125 -0.245046 0.0732476
8.13 -0.22947 0.0695618
8.135 -0.213818 0.0658575
8.14 -0.198091 0.0621348
8.145 -0.18229 0.0583938
8.15 -0.166414 0.0546346
8.155 -0.150465 0.0508573
8.16 -0.134442 0.0470621
8.165 -0.118347 0.043249
8.17 -0.10218 0.0394181
8.175 -0.0859408 0.0355697
8.18 -0.0696309 0.0317038
8.185 -0.0532504 0.0278205
8.19 -0.0367998 0.0239199
8.195 -0.0202799 0.0200023
8.2 -0.00369102 0.0160677
8.205 0.0129662 0.0121163
8.21 0.0296911 0.00814815
8.215 0.0464832 0.00416343
8.22 0.0633419 0.000162271
8.225 0.0802666 -0.00385518
8.23 0.0972566 -0.00788879
8.235 0.114311 -0.0119384
8.24 0.131431 -0.0160039
8.245 0.148613 -0.0200851
8.25 0.165859 -0.024182
8.255 0.183166 -0.0282942
8.26 0.200536 -0.0324217
8.265 0.217966 -0.0365643
8.27 0.235457 -0.040722
8.275 0.253007 -0.0448944
8.28 0.270617 -0.0490815
8.285 0.288284 -0.0532831
8.29 0.30601 -0.057499
8.295 0.323792 -0.0617292
8.3 0.34163 -0.0659733
8.305 0.359524 -0.0702313
8.31 0.377473 -0.074503
8.315 0.395476 -0.0787882
8.32 0.413533 -0.0830867
8.325 0.431642 -0.0873984
8.33 0.449803 -0.0917231
8.335 0.468015 -0.0960606
8.34 0.486277 -0.100411
8.345 0.504589 -0.104773
8.35 0.52295 -0.109148
8.355 0.541359 -0.113535
8.36 0.559816 -0.117934
8.365 0.578319 -0.122345
8.37 0.596867 -0.126767
8.375 0.615461 -0.131201
8.38 0.634099 -0.135646
8.385 0.65278 -0.140101
8.39 0.671503 -0.144568
8.395 0.690268 -0.149045
8.4 0.709074 -0.153532
8.405 0.727921 -0.15803
8.41 0.746806 -0.162538
8.415 0.765729 -0.167055
8.42 0.78469 -0.171582
8.425 0.803688 -0.176119
8.43 0.822721 -0.180664
8.435 0.841789 -0.185219
8.44 0.860891 -0.189782
8.445 0.880026 -0.194354
8.45 0.899194 -0.198935
8.455 0.918392 -0.203523
8.46 0.937621 -0.208119
8.465 0.956879 -0.212723
8.47 0.976166 -0.217335
8.475 0.99548 -0.221954
8.48 1.01482 -0.22658
8.485 1.03419 -0.231212
8.49 1.05358 -0.235851
8.495 1.07299 -0.240497
8.5 1.09243 -0.245149
8.505 1.11189 -0.249807
8.51 1.13137 -0.25447
8.515 1.15087 -0.259139
8.52 1.17039 -0.263813
8.525 1.18993 -0.268492
8.53 1.20949 -0.273176
8.535 1.22906 -0.277864
8.54 1.24864 -0.282556
8.545 1.26824 -0.287253
8.55 1.28786 -0.291954
8.555 1.30748 -0.296658
8.56 1.32712 -0.301365
8.565 1.34676 -0.306075
8.57 1.36642 -0.310789
8.575 1.38608 -0.315504
8.58 1.40575 -0.320222
8.585 1.42543 -0.324943
8.59 1.4451 -0.329665
8.595 1.46479 -0.334388
8.6 1.48447 -0.339113
8.605 1.50416 -0.34384
8.61 1.52385 -0.348566
8.615 1.54354 -0.353294
8.62 1.56322 -0.358022
8.625 1.5829 -0.36275
8.63 1.60258 -0.367477
8.635 1.62226 -0.372204
8.64 1.64192 -0.376931
8.645 1.66158 -0.381656
8.65 1.68124 -0.38638
8.655 1.70088 -0.391103
8.66 1.72051 -0.395824
8.665 1.74013 -0.400543
8.67 1.75974 -0.405259
8.675 1.77933 -0.409973
8.68 1.79891 -0.414684
8.685 1.81847 -0.419392
8.69 1.83802 -0.424096
8.695 1.85755 -0.428797
8.7 1.87705 -0.433494
8.705 1.89654 -0.438187
8.71 1.916 -0.442875
8.715 1.93544 -0.447558
8.72 1.95486 -0.452236
8.725 1.97425 -0.456909
8.73 1.99362 -0.461577
8.735 2.01295 -0.466238
8.74 2.03226 -0.470893
8.745 2.05154 -0.475542
8.75 2.07079 -0.480184
8.755 2.09 -0.484819
8.76 2.10918 -0.489447
8.765 2.12833 -0.494067
8.77 2.14743 -0.498679
8.775 2.16651 -0.503283
8.78 2.18554 -0.507879
8.785 2.20453 -0.512466
8.79 2.22349 -0.517044
8.795 2.2424 -0.521612
8.8 2.26126 -0.526171
8.805 2.28009 -0.53072
8.81 2.29886 -0.535259
8.815 2.31759 -0.539787
8.82 2.33628 -0.544305
8.825 2.35491 -0.548811
8.83 2.37349 -0.553307
8.835 2.39202 -0.55779
8.84 2.4105 -0.562262
8.845 2.42892 -0.566721
8.85 2.44729 -0.571168
8.855 2.4656 -0.575602
8.86 2.48385 -0.580023
8.865 2.50204 -0.58443
8.87 2.52018 -0.588824
8.875 2.53825 -0.593204
8.88 2.55625 -0.597569
8.885 2.5742 -0.60192
8.89 2.59208 -0.606256
8.895 2.60989 -0.610577
8.9 2.62763 -0.614882
8.905 2.64531 -0.619171
8.91 2.66291 -0.623445
8.915 2.68044 -0.627702
8.92 2.6979 -0.631942
8.925 2.71529 -0.636165
8.93 2.7326 -0.640371
8.935 2.74983 -0.64456
8.94 2.76699 -0.648731
8.945 2.78407 -0.652883
8.95 2.80106 -0.657017
8.955 2.81798 -0.661132
8.96 2.83481 -0.665228
8.965 2.85156 -0.669305
8.97 2.86822 -0.673362
8.975 2.8848 -0.677399
8.98 2.90129 -0.681416
8.985 2.91769 -0.685412
8.99 2.934 -0.689388
8.995 2.95022 -0.693342
9 2.96634 -0.697275
9.005 2.98237 -0.701186
9.01 2.99831 -0.705075
9.015 3.01415 -0.708942
9.02 3.02989 -0.712786
9.025 3.04553 -0.716607
9.03 3.06108 -0.720405
9.035 3.07652 -0.72418
9.04 3.09186 -0.72793
9.045 3.10709 -0.731657
9.05 3.12222 -0.735359
9.055 3.13725 -0.739036
9.06 3.15217 -0.742688
9.065 3.16697 -0.746315
9.07 3.18167 -0.749917
9.075 3.19626 -0.753492
9.08 3.21074 -0.757042
9.085 3.2251 -0.760565
9.09 3.23935 -0.764061
9.095 3.25348 -0.76753
9.1 3.26749 -0.770972
9.105 3.28139 -0.774387
9.11 3.29516 -0.777773
9.115 3.30882 -0.781131
9.12 3.32235 -0.784461
9.125 3.33577 -0.787762
9.13 3.34905 -0.791034
9.135 3.36222 -0.794277
9.14 3.37525 -0.79749
9.145 3.38816 -0.800673
9.15 3.40094 -0.803826
9.155 3.41359 -0.806949
9.16 3.4261 -0.81004
9.165 3.43849 -0.813101
9.17 3.45074 -0.816131
9.175 3.46286 -0.819129
9.18 3.47484 -0.822095
9.185 3.48669 -0.825029
9.19 3.4984 -0.827931
9.195 3.50996 -0.8308
9.2 3.52139 -0.833636
9.205 3.53268 -0.836439
9.21 3.54382 -0.839209
9.215 3.55483 -0.841945
9.22 3.56568 -0.844646
9.225 3.57639 -0.847314
9.23 3.58696 -0.849947
9.235 3.59737 -0.852545
9.24 3.60764 -0.855109
9.245 3.61776 -0.857637
9.25 3.62773 -0.860129
9.255 3.63754 -0.862586
9.26 3.6472 -0.865006
9.265 3.65671 -0.867391
9.27 3.66606 -0.869738
9.275 3.67526 -0.872049
9.28 3.6843 -0.874323
9.285 3.69318 -0.87656
9.29 3.7019 -0.878759
9.295 3.71046 -0.88092
9.3 3.71886 -0.883043
9.305 3.7271 -0.885128
9.31 3.73518 -0.887174
9.315 3.74309 -0.889182
9.32 3.75083 -0.89115
9.325 3.75841 -0.89308
9.33 3.76583 -0.89497
9.335 3.77307 -0.89682
9.34 3.78015 -0.89863
9.345 3.78705 -0.9004
9.35 3.79379 -0.90213
9.355 3.80035 -0.903819
9.36 3.80674 -0.905467
9.365 3.81296 -0.907075
9.37 3.819 -0.908641
9.375 3.82487 -0.910165
9.38 3.83056 -0.911648
9.385 3.83608 -0.913089
9.39 3.84141 -0.914488
9.395 3.84657 -0.915845
9.4 3.85155 -0.917159
9.405 3.85635 -0.91843
9.41 3.86097 -0.919659
9.415 3.8654 -0.920844
9.42 3.86966 -0.921986
9.425 3.87373 -0.923084
9.43 3.87761 -0.924139
9.435 3.88131 -0.92515
9.44 3.88483 -0.926117
9.445 3.88815 -0.927039
9.45 3.89129 -0.927918
9.455 3.89425 -0.928751
9.46 3.89701 -0.92954
9.465 3.89959 -0.930283
9.47 3.90197 -0.930982
9.475 3.90416 -0.931635
9.48 3.90616 -0.932243
9.485 3.90797 -0.932805
9.49 3.90959 -0.933321
9.495 3.91101 -0.933791
9.5 3.91224 -0.934215
9.505 3.91328 -0.934593
9.51 3.91412 -0.934924
9.515 3.91476 -0.935209
9.52 3.91521 -0.935447
9.525 3.91546 -0.935638
9.53 3.91551 -0.935782
9.535 3.91536 -0.935878
9.54 3.91502 -0.935928
9.545 3.91447 -0.93593
9.55 3.91373 -0.935884
9.555 3.91278 -0.935791
9.56 3.91164 -0.93565
9.565 3.91029 -0.93546
9.57 3.90874 -0.935223
9.575 3.90699 -0.934938
9.58 3.90503 -0.934604
9.585 3.90288 -0.934221
9.59 3.90051 -0.933791
9.595 3.89795 -0.933311
9.6 3.89518 -0.932783
9.605 3.8922 -0.932205
9.61 3.88902 -0.931579
9.615 3.88564 -0.930904
9.62 3.88205 -0.93018
9.625 3.87825 -0.929406
9.63 3.87424 -0.928583
9.635 3.87003 -0.927711
9.64 3.86561 -0.926789
9.645 3.86099 -0.925817
9.65 3.85615 -0.924796
9.655 3.85111 -0.923725
9.66 3.84586 -0.922604
9.665 3.8404 -0.921434
9.67 3.83473 -0.920213
9.675 3.82885 -0.918943
9.68 3.82277 -0.917622
9.685 3.81647 -0.916252
9.69 3.80996 -0.914831
9.695 3.80325 -0.91336
9.7 3.79632 -0.911839
9.705 3.78919 -0.910268
9.71 3.78184 -0.908646
9.715 3.77428 -0.906974
9.72 3.76652 -0.905251
9.725 3.75854 -0.903479
9.73 3.75035 -0.901655
9.735 3.74195 -0.899782
9.74 3.73335 -0.897858
9.745 3.72453 -0.895883
9.75 3.7155 -0.893858
9.755 3.70626 -0.891782
9.76 3.6968 -0.889656
9.765 3.68714 -0.88748
9.77 3.67727 -0.885253
9.775 3.66719 -0.882975
9.78 3.65689 -0.880647
9.785 3.64639 -0.878269
9.79 3.63568 -0.87584
9.795 3.62475 -0.87336
9.8 3.61362 -0.870831
9.805 3.60228 -0.868251
9.81 3.59072 -0.86562
9.815 3.57896 -0.862939
9.82 3.56699 -0.860209
9.825 3.55481 -0.857427
9.83 3.54242 -0.854596
9.835 3.52982 -0.851714
9.84 3.51701 -0.848783
9.845 3.504 -0.845801
9.85 3.49078 -0.84277
9.855 3.47735 -0.839688
9.86 3.46371 -0.836557
9.865 3.44986 -0.833376
9.87 3.43581 -0.830145
9.875 3.42156 -0.826865
9.88 3.4071 -0.823535
9.885 3.39243 -0.820156
9.89 3.37756 -0.816727
9.895 3.36248 -0.813249
9.9 3.3472 -0.809722
9.905 3.33171 -0.806146
9.91 3.31603 -0.802521
9.915 3.30013 -0.798847
9.92 3.28404 -0.795124
9.925 3.26775 -0.791352
9.93 3.25125 -0.787532
9.935 3.23455 -0.783664
9.94 3.21766 -0.779747
9.945 3.20056 -0.775783
9.95 3.18327 -0.77177
9.955 3.16577 -0.767709
9.96 3.14808 -0.763601
9.965 3.13019 -0.759445
9.97 3.11211 -0.755241
9.975 3.09383 -0.750991
9.98 3.07535 -0.746693
9.985 3.05668 -0.742348
9.99 3.03782 -0.737956
9.995 3.01876 -0.733517
10 2.99952 -0.729033
10.005 2.98008 -0.724501
10.01 2.96044 -0.719924
10.015 2.94062 -0.7153
10.02 2.92061 -0.710631
10.025 2.90042 -0.705916
10.03 2.88003 -0.701156
10.035 2.85946 -0.696351
10.04 2.8387 -0.6915
10.045 2.81776 -0.686605
10.05 2.79663 -0.681665
10.055 2.77532 -0.676681
10.06 2.75383 -0.671652
10.065 2.73215 -0.66658
10.07 2.7103 -0.661463
10.075 2.68826 -0.656304
10.08 2.66605 -0.6511
10.085 2.64366 -0.645854
10.09 2.6211 -0.640565
10.095 2.59836 -0.635233
10.1 2.57544 -0.629859
10.105 2.55235 -0.624443
10.11 2.52909 -0.618985
10.115 2.50566 -0.613485
10.12 2.48206 -0.607944
10.125 2.45829 -0.602362
10.13 2.43435 -0.596739
10.135 2.41025 -0.591075
10.14 2.38598 -0.585371
10.145 2.36154 -0.579627
10.15 2.33694 -0.573843
10.155 2.31218 -0.56802
10.16 2.28726 -0.562158
10.165 2.26219 -0.556256
10.17 2.23695 -0.550316
10.175 2.21155 -0.544338
10.18 2.186 -0.538321
10.185 2.1603 -0.532267
10.19 2.13444 -0.526175
10.195 2.10843 -0.520046
10.2 2.08227 -0.513881
10.205 2.05596 -0.507679
10.21 2.0295 -0.50144
10.215 2.0029 -0.495166
10.22 1.97615 -0.488856
10.225 1.94926 -0.482511
10.23 1.92223 -0.476132
10.235 1.89505 -0.469717
10.24 1.86774 -0.463268
10.245 1.84029 -0.456786
10.25 1.8127 -0.45027
10.255 1.78497 -0.443721
10.26 1.75712 -0.437138
10.265 1.72913 -0.430524
10.27 1.70101 -0.423877
10.275 1.67276 -0.417199
10.28 1.64439 -0.410489
10.285 1.61589 -0.403748
10.29 1.58726 -0.396976
10.295 1.55851 -0.390174
10.3 1.52964 -0.383342
10.305 1.50066 -0.376481
10.31 1.47155 -0.36959
10.315 1.44233 -0.362671
10.32 1.41299 -0.355723
10.325 1.38354 -0.348747
10.33 1.35398 -0.341744
10.335 1.32431 -0.334713
10.34 1.29453 -0.327656
10.345 1.26465 -0.320572
10.35 1.23466 -0.313462
10.355 1.20457 -0.306327
10.36 1.17438 -0.299166
10.365 1.14408 -0.29198
10.37 1.1137 -0.28477
10.375 1.08321 -0.277537
10.38 1.05263 -0.270279
10.385 1.02196 -0.262999
10.39 0.991202 -0.255696
10.395 0.960353 -0.24837
10.4 0.929417 -0.241023
10.405 0.898396 -0.233654
10.41 0.867292 -0.226265
10.415 0.836108 -0.218855
10.42 0.804844 -0.211424
10.425 0.773503 -0.203975
10.43 0.742086 -0.196506
10.435 0.710595 -0.189018
10.44 0.679034 -0.181512
10.445 0.647402 -0.173988
10.45 0.615702 -0.166447
10.455 0.583937 -0.158889
10.46 0.552108 -0.151314
10.465 0.520217 -0.143724
10.47 0.488265 -0.136118
10.475 0.456256 -0.128497
10.48 0.424191 -0.120861
10.485 0.392072 -0.113211
10.49 0.3599 -0.105548
10.495 0.327679 -0.097871
10.5 0.295409 -0.0901817
10.505 0.263094 -0.0824802
10.51 0.230734 -0.074767
10.515 0.198333 -0.0670426
10.52 0.165892 -0.0593073
10.525 0.133412 -0.0515619
10.53 0.100898 -0.0438066
10.535 0.068349 -0.0360421
10.54 0.0357688 -0.0282688
10.545 0.00315901 -0.0204871
10.55 -0.0294782 -0.0126977
10.555 -0.0621407 -0.00490103
10.56 -0.0948265 0.00290247
10.565 -0.127533 0.0107123
10.57 -0.160259 0.0185279
10.575 -0.193002 0.0263487
10.58 -0.22576 0.0341744
10.585 -0.25853 0.0420043
10.59 -0.29131 0.049838
10.595 -0.324099 0.0576749
10.6 -0.356895 0.0655146
10.605 -0.389694 0.0733565
10.61 -0.422495 0.0812001
10.615 -0.455295 0.0890449
10.62 -0.488094 0.0968904
10.625 -0.520887 0.104736
10.63 -0.553674 0.112581
10.635 -0.586452 0.120426
10.64 -0.619218 0.128269
10.645 -0.651971 0.13611
10.65 -0.684708 0.143948
10.655 -0.717428 0.151784
10.66 -0.750127 0.159616
10.665 -0.782805 0.167444
10.67 -0.815457 0.175267
10.675 -0.848083 0.183086
10.68 -0.880681 0.190898
10.685 -0.913247 0.198705
10.69 -0.945779 0.206505
10.695 -0.978276 0.214298
10.7 -1.01074 0.222082
10.705 -1.04316 0.229859
10.71 -1.07553 0.237627
10.715 -1.10786 0.245385
10.72 -1.14015 0.253134
10.725 -1.17239 0.260872
10.73 -1.20457 0.268599
10.735 -1.2367 0.276315
10.74 -1.26878 0.284019
10.745 -1.3008 0.29171
10.75 -1.33276 0.299388
10.755 -1.36465 0.307052
10.76 -1.39648 0.314702
10.765 -1.42825 0.322337
10.77 -1.45994 0.329957
10.775 -1.49157 0.337562
10.78 -1.52311 0.34515
10.785 -1.55459 0.352721
10.79 -1.58598 0.360275
10.795 -1.6173 0.36781
10.8 -1.64853 0.375328
10.805 -1.67968 0.382826
10.81 -1.71074 0.390304
10.815 -1.74171 0.397763
10.82 -1.77259 0.405201
10.825 -1.80337 0.412618
10.83 -1.83406 0.420013
10.835 -1.86465 0.427385
10.84 -1.89514 0.434735
10.845 -1.92553 0.442062
10.85 -1.95581 0.449365
10.855 -1.98599 0.456643
10.86 -2.01606 0.463897
10.865 -2.04601 0.471125
10.87 -2.07585 0.478327
10.875 -2.10557 0.485503
10.88 -2.13518 0.492651
10.885 -2.16467 0.499772
10.89 -2.19403 0.506865
10.895 -2.22327 0.513929
10.9 -2.25238 0.520964
10.905 -2.28136 0.52797
10.91 -2.31021 0.534945
10.915 -2.33893 0.54189
10.92 -2.36751 0.548803
10.925 -2.39595 0.555684
10.93 -2.42425 0.562534
10.935 -2.45241 0.56935
10.94 -2.48043 0.576133
10.945 -2.5083 0.582882
10.95 -2.53602 0.589597
10.955 -2.56359 0.596278
10.96 -2.59101 0.602922
10.965 -2.61827 0.609531
10.97 -2.64538 0.616104
10.975 -2.67232 0.622639
10.98 -2.69911 0.629137
10.985 -2.72573 0.635598
10.99 -2.75219 0.64202
10.995 -2.77847 0.648403
11 -2.80459 0.654746
11.005 -2.83054 0.66105
11.01 -2.85632 0.667313
11.015 -2.88191 0.673536
11.02 -2.90733 0.679717
11.025 -2.93258 0.685856
11.03 -2.95764 0.691953
11.035 -2.98251 0.698007
11.04 -3.0072 0.704018
11.045 -3.0317 0.709985
11.05 -3.05602 0.715908
11.055 -3.08014 0.721786
11.06 -3.10407 0.727619
11.065 -3.1278 0.733406
11.07 -3.15133 0.739148
11.075 -3.17467 0.744842
11.08 -3.1978 0.75049
11.085 -3.22074 0.75609
11.09 -3.24346 0.761642
11.095 -3.26598 0.767145
11.1 -3.28829 0.7726
11.105 -3.31039 0.778005
11.11 -3.33228 0.783361
11.115 -3.35396 0.788667
11.12 -3.37541 0.793921
11.125 -3.39666 0.799125
11.13 -3.41768 0.804277
11.135 -3.43848 0.809378
11.14 -3.45905 0.814425
11.145 -3.4794 0.819421
11.15 -3.49953 0.824362
11.155 -3.51943 0.829251
11.16 -3.53909 0.834085
11.165 -3.55853 0.838865
11.17 -3.57773 0.843589
11.175 -3.5967 0.848259
11.18 -3.61543 0.852873
11.185 -3.63392 0.857431
11.19 -3.65217 0.861932
11.195 -3.67018 0.866377
11.2 -3.68795 0.870764
11.205 -3.70547 0.875093
11.21 -3.72275 0.879365
11.215 -3.73978 0.883578
11.22 -3.75656 0.887733
11.225 -3.77309 0.891828
11.23 -3.78937 0.895864
11.235 -3.80539 0.899839
11.24 -3.82116 0.903755
11.245 -3.83667 0.90761
11.25 -3.85192 0.911404
11.255 -3.86692 0.915137
11.26 -3.88165 0.918809
11.265 -3.89612 0.922418
11.27 -3.91033 0.925965
11.275 -3.92427 0.929449
11.28 -3.93795 0.932871
11.285 -3.95135 0.936229
11.29 -3.96449 0.939523
11.295 -3.97736 0.942754
11.3 -3.98996 0.94592
11.305 -4.00229 0.949022
11.31 -4.01434 0.952059
11.315 -4.02611 0.955031
11.32 -4.03761 0.957938
11.325 -4.04884 0.960779
11.33 -4.05978 0.963554
11.335 -4.07044 0.966262
11.34 -4.08083 0.968904
11.345 -4.09093 0.971479
11.35 -4.10075 0.973988
11.355 -4.11028 0.976428
11.36 -4.11953 0.978801
11.365 -4.1285 0.981107
11.37 -4.13717 0.983344
11.375 -4.14556 0.985513
11.38 -4.15366 0.987613
11.385 -4.16147 0.989645
11.39 -4.16899 0.991607
11.395 -4.17622 0.9935
11.4 -4.18316 0.995324
11.405 -4.1898 0.997078
11.41 -4.19614 0.998762
11.415 -4.2022 1.00038
11.42 -4.20795 1.00192
11.425 -4.21341 1.00339
11.43 -4.21858 1.0048
11.435 -4.22344 1.00613
11.44 -4.22801 1.00739
11.445 -4.23227 1.00858
11.45 -4.23624 1.00969
11.455 -4.23991 1.01074
11.46 -4.24327 1.01172
11.465 -4.24634 1.01262
11.47 -4.2491 1.01345
11.475 -4.25155 1.01421
11.48 -4.25371 1.01489
11.485 -4.25556 1.01551
11.49 -4.2571 1.01605
11.495 -4.25834 1.01652
11.5 -4.25928 1.01691
11.505 -4.25991 1.01723
11.51 -4.26023 1.01748
11.515 -4.26024 1.01766
11.52 -4.25995 1.01776
11.525 -4.25936 1.01779
11.53 -4.25845 1.01775
11.535 -4.25724 1.01763
11.54 -4.25571 1.01744
11.545 -4.25388 1.01718
11.55 -4.25175 1.01684
11.555 -4.2493 1.01643
11.56 -4.24654 1.01594
11.565 -4.24348 1.01539
11.57 -4.2401 1.01475
11.575 -4.23642 1.01405
11.58 -4.23243 1.01327
11.585 -4.22812 1.01241
11.59 -4.22351 1.01148
11.595 -4.21859 1.01048
11.6 -4.21336 1.0094
11.605 -4.20782 1.00825
11.61 -4.20197 1.00703
11.615 -4.19581 1.00573
11.62 -4.18935 1.00435
11.625 -4.18257 1.00291
11.63 -4.17548 1.00139
11.635 -4.16809 0.999793
11.64 -4.16039 0.998124
11.645 -4.15238 0.996382
11.65 -4.14406 0.994566
11.655 -4.13544 0.992676
11.66 -4.1265 0.990713
11.665 -4.11727 0.988676
11.67 -4.10772 0.986566
11.675 -4.09787 0.984382
11.68 -4.08771 0.982125
11.685 -4.07725 0.979794
11.69 -4.06648 0.977391
11.695 -4.05541 0.974914
11.7 -4.04403 0.972365
11.705 -4.03235 0.969742
11.71 -4.02037 0.967047
11.715 -4.00809 0.964279
11.72 -3.9955 0.961439
11.725 -3.98262 0.958527
11.73 -3.96943 0.955542
11.735 -3.95594 0.952485
11.74 -3.94216 0.949357
11.745 -3.92808 0.946157
11.75 -3.91369 0.942885
11.755 -3.89902 0.939542
11.76 -3.88404 0.936127
11.765 -3.86877 0.932642
11.77 -3.85321 0.929086
11.775 -3.83736 0.925459
11.78 -3.82121 0.921762
11.785 -3.80477 0.917994
11.79 -3.78804 0.914157
11.795 -3.77102 0.91025
11.8 -3.75371 0.906273
11.805 -3.73611 0.902227
11.81 -3.71823 0.898111
11.815 -3.70006 0.893927
11.82 -3.68161 0.889674
11.825 -3.66287 0.885353
11.83 -3.64385 0.880964
11.835 -3.62455 0.876507
11.84 -3.60497 0.871982
11.845 -3.58512 0.86739
11.85 -3.56498 0.862731
11.855 -3.54457 0.858006
11.86 -3.52388 0.853213
11.865 -3.50292 0.848355
11.87 -3.48169 0.843431
11.875 -3.46018 0.838441
11.88 -3.43841 0.833386
11.885 -3.41637 0.828267
11.89 -3.39406 0.823082
11.895 -3.37149 0.817834
11.9 -3.34865 0.812521
11.905 -3.32555 0.807145
11.91 -3.30219 0.801706
11.915 -3.27857 0.796203
11.92 -3.25469 0.790639
11.925 -3.23056 0.785012
11.93 -3.20617 0.779323
11.935 -3.18152 0.773573
11.94 -3.15663 0.767762
11.945 -3.13149 0.761891
11.95 -3.1061 0.755959
11.955 -3.08046 0.749967
11.96 -3.05457 0.743916
11.965 -3.02845 0.737805
11.97 -3.00208 0.731636
11.975 -2.97547 0.725409
11.98 -2.94863 0.719124
11.985 -2.92155 0.712782
11.99 -2.89424 0.706383
11.995 -2.86669 0.699927
12 -2.83892 0.693415
12.005 -2.81091 0.686848
12.01 -2.78268 0.680225
12.015 -2.75423 0.673548
12.02 -2.72555 0.666816
12.025 -2.69665 0.660031
12.03 -2.66754 0.653192
12.035 -2.63821 0.646301
12.04 -2.60866 0.639357
12.045 -2.5789 0.632361
12.05 -2.54893 0.625314
12.055 -2.51876 0.618216
12.06 -2.48837 0.611068
12.065 -2.45779 0.60387
12.07 -2.427 0.596622
12.075 -2.39601 0.589326
12.08 -2.36483 0.581981
12.085 -2.33345 0.574589
12.09 -2.30188 0.567149
12.095 -2.27012 0.559663
12.1 -2.23817 0.55213
12.105 -2.20603 0.544551
12.11 -2.17371 0.536928
12.115 -2.14121 0.52926
12.12 -2.10853 0.521548
12.125 -2.07568 0.513792
12.13 -2.04265 0.505994
12.135 -2.00945 0.498153
12.14 -1.97608 0.49027
12.145 -1.94254 0.482346
12.15 -1.90884 0.474382
12.155 -1.87498 0.466378
12.16 -1.84096 0.458334
12.165 -1.80678 0.450251
12.17 -1.77244 0.44213
12.175 -1.73796 0.433972
12.18 -1.70332 0.425776
12.185 -1.66854 0.417544
12.19 -1.63362 0.409276
12.195 -1.59855 0.400973
12.2 -1.56335 0.392635
12.205 -1.52801 0.384263
12.21 -1.49253 0.375858
12.215 -1.45692 0.36742
12.22 -1.42119 0.35895
12.225 -1.38533 0.350449
12.23 -1.34935 0.341917
12.235 -1.31325 0.333354
12.24 -1.27702 0.324762
12.245 -1.24069 0.316141
12.25 -1.20424 0.307492
12.255 -1.16769 0.298815
12.26 -1.13102 0.290112
12.265 -1.09426 0.281382
12.27 -1.05739 0.272626
12.275 -1.02043 0.263845
12.28 -0.983366 0.255041
12.285 -0.946213 0.246212
12.29 -0.908971 0.237361
12.295 -0.871642 0.228487
12.3 -0.834229 0.219592
12.305 -0.796735 0.210676
12.31 -0.759163 0.201739
12.315 -0.721516 0.192783
12.32 -0.683797 0.183809
12.325 -0.646008 0.174816
12.33 -0.608153 0.165805
12.335 -0.570234 0.156778
12.34 -0.532255 0.147735
12.345 -0.494218 0.138676
12.35 -0.456126 0.129603
12.355 -0.417983 0.120516
12.36 -0.379791 0.111416
12.365 -0.341553 0.102303
12.37 -0.303273 0.0931779
12.375 -0.264952 0.084042
12.38 -0.226595 0.0748956
12.385 -0.188204 0.0657396
12.39 -0.149782 0.0565746
12.395 -0.111333 0.0474014
12.4 -0.0728584 0.0382206
12.405 -0.0343625 0.029033
12.41 0.00415207 0.0198394
12.415 0.0426822 0.0106403
12.42 0.081225 0.00143664
12.425 0.119777 -0.00777094
12.43 0.158336 -0.0169817
12.435 0.196898 -0.0261949
12.44 0.23546 -0.0354098
12.445 0.27402 -0.0446258
12.45 0.312574 -0.0538419
12.455 0.351119 -0.0630576
12.46 0.389652 -0.0722721
12.465 0.42817 -0.0814847
12.47 0.46667 -0.0906945
12.475 0.505148 -0.0999009
12.48 0.543603 -0.109103
12.485 0.58203 -0.118301
12.49 0.620426 -0.127492
12.495 0.658789 -0.136678
12.5 0.697115 -0.145856
12.505 0.735402 -0.155026
12.51 0.773646 -0.164188
12.515 0.811843 -0.173341
12.52 0.849992 -0.182483
12.525 0.888088 -0.191615
12.53 0.92613 -0.200735
12.535 0.964113 -0.209842
12.54 1.00203 -0.218937
12.545 1.03989 -0.228018
12.55 1.07768 -0.237085
12.555 1.1154 -0.246136
12.56 1.15305 -0.255171
12.565 1.19061 -0.264189
12.57 1.2281 -0.273191
12.575 1.26551 -0.282173
12.58 1.30283 -0.291137
12.585 1.34006 -0.300081
12.59 1.37719 -0.309005
12.595 1.41424 -0.317908
12.6 1.45118 -0.326789
12.605 1.48803 -0.335647
12.61 1.52476 -0.344482
12.615 1.5614 -0.353293
12.62 1.59792 -0.362079
12.625 1.63432 -0.370839
12.63 1.67061 -0.379573
12.635 1.70679 -0.388281
12.64 1.74283 -0.39696
12.645 1.77876 -0.405611
12.65 1.81455 -0.414233
12.655 1.85021 -0.422826
12.66 1.88574 -0.431387
12.665 1.92113 -0.439917
12.67 1.95638 -0.448416
12.675 1.99149 -0.456881
12.68 2.02645 -0.465313
12.685 2.06126 -0.473711
12.69 2.09592 -0.482074
12.695 2.13043 -0.490402
12.7 2.16477 -0.498693
12.705 2.19896 -0.506948
12.71 2.23298 -0.515165
12.715 2.26683 -0.523343
12.72 2.30052 -0.531482
12.725 2.33403 -0.539582
12.73 2.36736 -0.547641
12.735 2.40052 -0.555659
12.74 2.4335 -0.563636
12.745 2.46629 -0.57157
12.75 2.4989 -0.57946
12.755 2.53132 -0.587307
12.76 2.56354 -0.59511
12.765 2.59557 -0.602867
12.77 2.6274 -0.610578
12.775 2.65903 -0.618243
12.78 2.69046 -0.625861
12.785 2.72169 -0.633431
12.79 2.7527 -0.640953
12.795 2.7835 -0.648426
12.8 2.81409 -0.655848
12.805 2.84446 -0.663221
12.81 2.87461 -0.670542
12.815 2.90454 -0.677812
12.82 2.93425 -0.685029
12.825 2.96373 -0.692194
12.83 2.99298 -0.699305
12.835 3.022 -0.706361
12.84 3.05078 -0.713363
12.845 3.07932 -0.72031
12.85 3.10763 -0.727201
12.855 3.13569 -0.734035
12.86 3.16351 -0.740811
12.865 3.19108 -0.74753
12.87 3.2184 -0.754191
12.875 3.24547 -0.760792
12.88 3.27228 -0.767334
12.885 3.29884 -0.773816
12.89 3.32514 -0.780237
12.895 3.35117 -0.786597
12.9 3.37695 -0.792895
12.905 3.40245 -0.799131
12.91 3.42769 -0.805303
12.915 3.45266 -0.811412
12.92 3.47735 -0.817457
12.925 3.50177 -0.823437
12.93 3.52591 -0.829353
12.935 3.54977 -0.835202
12.94 3.57335 -0.840985
12.945 3.59665 -0.846702
12.95 3.61965 -0.852351
12.955 3.64238 -0.857932
12.96 3.66481 -0.863445
12.965 3.68695 -0.86889
12.97 3.70879 -0.874265
12.975 3.73034 -0.87957
12.98 3.75159 -0.884805
12.985 3.77254 -0.889969
12.99 3.79318 -0.895062
12.995 3.81353 -0.900083
13 3.83356 -0.905032
13.005 3.85329 -0.909909
13.01 3.87271 -0.914712
13.015 3.89182 -0.919442
13.02 3.91061 -0.924098
13.025 3.92909 -0.92868
13.03 3.94725 -0.933186
13.035 3.9651 -0.937618
13.04 3.98262 -0.941973
13.045 3.99982 -0.946253
13.05 4.0167 -0.950456
13.055 4.03325 -0.954583
13.06 4.04947 -0.958632
13.065 4.06537 -0.962603
13.07 4.08094 -0.966496
13.075 4.09617 -0.970311
13.08 4.11107 -0.974047
13.085 4.12564 -0.977704
13.09 4.13987 -0.981281
13.095 4.15377 -0.984778
13.1 4.16732 -0.988195
13.105 4.18054 -0.991532
13.11 4.19341 -0.994788
13.115 4.20595 -0.997962
13.12 4.21813 -1.00105
13.125 4.22998 -1.00407
13.13 4.24147 -1.00699
13.135 4.25262 -1.00984
13.14 4.26342 -1.0126
13.145 4.27387 -1.01529
13.15 4.28397 -1.01788
13.155 4.29372 -1.0204
13.16 4.30311 -1.02283
13.165 4.31215 -1.02517
13.17 4.32083 -1.02743
13.175 4.32916 -1.02961
13.18 4.33713 -1.0317
13.185 4.34475 -1.03371
13.19 4.352 -1.03563
13.195 4.35889 -1.03747
13.2 4.36543 -1.03922
13.205 4.3716 -1.04088
13.21 4.37741 -1.04246
13.215 4.38286 -1.04395
13.22 4.38795 -1.04536
13.225 4.39267 -1.04668
13.23 4.39702 -1.04791
13.235 4.40102 -1.04905
13.24 4.40464 -1.05011
13.245 4.4079 -1.05108
13.25 4.41079 -1.05196
13.255 4.41332 -1.05276
13.26 4.41547 -1.05347
13.265 4.41726 -1.05409
13.27 4.41868 -1.05462
13.275 4.41973 -1.05506
13.28 4.42041 -1.05542
13.285 4.42072 -1.05569
13.29 4.42067 -1.05587
13.295 4.42024 -1.05596
13.3 4.41944 -1.05596
13.305 4.41827 -1.05588
13.31 4.41673 -1.0557
13.315 4.41482 -1.05544
13.32 4.41254 -1.05509
13.325 4.40989 -1.05465
13.33 4.40686 -1.05412
13.335 4.40347 -1.0535
13.34 4.39971 -1.0528
13.345 4.39557 -1.052
13.35 4.39107 -1.05112
13.355 4.38619 -1.05015
13.36 4.38094 -1.04909
13.365 4.37533 -1.04794
13.37 4.36934 -1.0467
13.375 4.36299 -1.04538
13.38 4.35626 -1.04396
13.385 4.34917 -1.04246
13.39 4.34171 -1.04087
13.395 4.33388 -1.03919
13.4 4.32568 -1.03742
13.405 4.31712 -1.03557
13.41 4.30819 -1.03362
13.415 4.29889 -1.03159
13.42 4.28923 -1.02948
13.425 4.2792 -1.02727
13.43 4.26881 -1.02498
13.435 4.25805 -1.0226
13.44 4.24693 -1.02013
13.445 4.23545 -1.01757
13.45 4.22361 -1.01493
13.455 4.2114 -1.01221
13.46 4.19884 -1.00939
13.465 4.18592 -1.00649
13.47 4.17264 -1.0035
13.475 4.159 -1.00043
13.48 4.14501 -0.997274
13.485 4.13066 -0.99403
13.49 4.11596 -0.990701
13.495 4.1009 -0.987288
13.5 4.08549 -0.983789
13.505 4.06973 -0.980207
13.51 4.05362 -0.97654
13.515 4.03716 -0.972788
13.52 4.02039 -0.968962
