0 0 0
0.08 1.33981e-52 -1.06353e-57
0.16 2.71557e-48 -4.65367e-53
0.24 2.5669e-45 -9.82542e-50
0.2 4.43107e-46 -1.04547e-50
0.18 5.53198e-47 -1.39041e-51
0.17 1.33832e-47 -3.11844e-52
0.18 6.20762e-47 -1.85066e-51
0.175 2.9238e-47 -7.84021e-52
0.18 6.2523e-47 -1.90523e-51
0.185 1.30962e-46 -4.48867e-51
0.19 2.68973e-46 -1.02806e-50
0.195 5.42201e-46 -2.29432e-50
0.2 1.07377e-45 -4.99881e-50
0.205 2.09091e-45 -1.06509e-49
0.21 4.00673e-45 -2.22254e-49
0.215 7.56137e-45 -4.54797e-49
0.22 1.40628e-44 -9.13669e-49
0.225 2.57922e-44 -1.8039e-48
0.23 4.66785e-44 -3.50345e-48
0.235 8.34075e-44 -6.69895e-48
0.24 1.47226e-43 -1.26207e-47
0.245 2.56849e-43 -2.34439e-47
0.25 4.43084e-43 -4.29674e-47
0.255 7.56144e-43 -7.77446e-47
0.26 1.27707e-42 -1.38953e-46
0.265 2.13545e-42 -2.45449e-46
0.27 3.53661e-42 -4.28708e-46
0.275 5.80317e-42 -7.40742e-46
0.28 9.43769e-42 -1.26667e-45
0.285 1.52169e-41 -2.14449e-45
0.29 2.4332e-41 -3.59594e-45
0.295 3.8596e-41 -5.97426e-45
0.3 6.07488e-41 -9.83748e-45
0.305 9.49019e-41 -1.60601e-44
0.31 1.47184e-40 -2.60021e-44
0.315 2.2667e-40 -4.17624e-44
0.32 3.46715e-40 -6.65575e-44
0.325 5.2685e-40 -1.05282e-43
0.33 7.95472e-40 -1.65333e-43
0.335 1.19363e-39 -2.57818e-43
0.34 1.78034e-39 -3.99313e-43
0.345 2.63996e-39 -6.14396e-43
0.35 3.8925e-39 -9.39299e-43
0.355 5.70775e-39 -1.42713e-42
0.36 8.32482e-39 -2.15529e-42
0.365 1.20787e-38 -3.23597e-42
0.37 1.74368e-38 -4.83096e-42
0.375 2.50478e-38 -7.17235e-42
0.38 3.58085e-38 -1.05914e-41
0.385 5.09531e-38 -1.55587e-41
0.39 7.21735e-38 -2.27395e-41
0.395 1.01778e-37 -3.30702e-41
0.4 1.42907e-37 -4.78623e-41
0.405 1.9981e-37 -6.89458e-41
0.41 2.78224e-37 -9.8862e-41
0.415 3.85856e-37 -1.41127e-40
0.42 5.33031e-37 -2.00583e-40
0.425 7.33529e-37 -2.83878e-40
0.43 1.00568e-36 -4.00096e-40
0.435 1.37376e-36 -5.61613e-40
0.44 1.86989e-36 -7.85216e-40
0.445 2.53631e-36 -1.09361e-39
0.45 3.42854e-36 -1.51737e-39
0.455 4.6192e-36 -2.09758e-39
0.46 6.20308e-36 -2.8892e-39
0.465 8.3035e-36 -3.96553e-39
0.47 1.10805e-35 -5.42407e-39
0.475 1.4741e-35 -7.39403e-39
0.48 1.95521e-35 -1.00462e-38
0.485 2.58576e-35 -1.36055e-38
0.49 3.40985e-35 -1.83675e-38
0.495 4.48394e-35 -2.47195e-38
0.5 5.88013e-35 -3.31671e-38
0.505 7.69024e-35 -4.43691e-38
0.51 1.0031e-34 -5.91816e-38
0.515 1.30502e-34 -7.87137e-38
0.52 1.6935e-34 -1.04399e-37
0.525 2.19213e-34 -1.38085e-37
0.53 2.83064e-34 -1.82148e-37
0.535 3.64634e-34 -2.39637e-37
0.54 4.68602e-34 -3.14453e-37
0.545 6.00821e-34 -4.11577e-37
0.55 7.68595e-34 -5.37354e-37
0.555 9.81024e-34 -6.99848e-37
0.56 1.24942e-33 -9.09286e-37
0.565 1.58782e-33 -1.17861e-36
0.57 2.01361e-33 -1.52416e-36
0.575 2.54827e-33 -1.96652e-36
0.58 3.21831e-33 -2.53158e-36
0.585 4.05637e-33 -3.25183e-36
0.59 5.10258e-33 -4.16797e-36
0.595 6.40617e-33 -5.33084e-36
0.6 8.02745e-33 -6.8039e-36
0.605 1.00402e-32 -8.66615e-36
0.61 1.25344e-32 -1.10158e-35
0.615 1.56198e-32 -1.39747e-35
0.62 1.94299e-32 -1.76936e-35
0.625 2.4127e-32 -2.23591e-35
0.63 2.99078e-32 -2.82014e-35
0.635 3.70105e-32 -3.55039e-35
0.64 4.57233e-32 -4.46154e-35
0.645 5.6394e-32 -5.59641e-35
0.65 6.9442e-32 -7.00747e-35
0.655 8.53723e-32 -8.75897e-35
0.66 1.04792e-31 -1.09294e-34
0.665 1.28429e-31 -1.36145e-34
0.67 1.57157e-31 -1.6931e-34
0.675 1.92023e-31 -2.10207e-34
0.68 2.34275e-31 -2.60559e-34
0.685 2.85406e-31 -3.22457e-34
0.69 3.47196e-31 -3.98432e-34
0.695 4.21763e-31 -4.91543e-34
0.7 5.11629e-31 -6.05487e-34
0.705 6.19787e-31 -7.4472e-34
0.71 7.49788e-31 -9.1461e-34
0.715 9.0584e-31 -1.12161e-33
0.72 1.09292e-30 -1.37348e-33
0.725 1.31693e-30 -1.67951e-33
0.73 1.5848e-30 -2.05084e-33
0.735 1.90474e-30 -2.50081e-33
0.74 2.28641e-30 -3.04534e-33
0.745 2.74116e-30 -3.70343e-33
0.75 3.28236e-30 -4.49776e-33
0.755 3.92569e-30 -5.45529e-33
0.76 4.68953e-30 -6.6081e-33
0.765 5.59544e-30 -7.99431e-33
0.77 6.66863e-30 -9.65912e-33
0.775 7.9386e-30 -1.16561e-32
0.78 9.43978e-30 -1.40487e-32
0.785 1.12123e-29 -1.69118e-32
0.79 1.33031e-29 -2.03341e-32
0.795 1.57667e-29 -2.44201e-32
0.8 1.86665e-29 -2.92929e-32
0.805 2.20762e-29 -3.50975e-32
0.81 2.60816e-29 -4.20045e-32
0.815 3.07818e-29 -5.02143e-32
0.82 3.62921e-29 -5.9962e-32
0.825 4.27458e-29 -7.15234e-32
0.83 5.0297e-29 -8.52216e-32
0.835 5.91241e-29 -1.01435e-31
0.84 6.94328e-29 -1.20604e-31
0.845 8.14607e-29 -1.43247e-31
0.85 9.54817e-29 -1.69965e-31
0.855 1.11811e-28 -2.01461e-31
0.86 1.30812e-28 -2.38552e-31
0.865 1.52902e-28 -2.82191e-31
0.87 1.7856e-28 -3.33483e-31
0.875 2.08338e-28 -3.93715e-31
0.88 2.42866e-28 -4.64378e-31
0.885 2.8287e-28 -5.47202e-31
0.89 3.29178e-28 -6.4419e-31
0.895 3.82739e-28 -7.57664e-31
0.9 4.4464e-28 -8.90306e-31
0.905 5.1612e-28 -1.04522e-30
0.91 5.98596e-28 -1.22598e-30
0.915 6.93683e-28 -1.43672e-30
0.92 8.03225e-28 -1.6822e-30
0.925 9.29322e-28 -1.96791e-30
0.93 1.07436e-27 -2.30016e-30
0.935 1.24107e-27 -2.68622e-30
0.94 1.43253e-27 -3.13442e-30
0.945 1.65226e-27 -3.65436e-30
0.95 1.90425e-27 -4.25702e-30
0.955 2.19302e-27 -4.95503e-30
0.96 2.52371e-27 -5.76281e-30
0.965 2.90213e-27 -6.69693e-30
0.97 3.33486e-27 -7.77629e-30
0.975 3.82936e-27 -9.02254e-30
0.98 4.39405e-27 -1.04604e-29
0.985 5.03845e-27 -1.21181e-29
0.99 5.77333e-27 -1.40278e-29
0.995 6.61081e-27 -1.62262e-29
1 7.56459e-27 -1.87552e-29
1.005 8.65012e-27 -2.16623e-29
1.01 9.88478e-27 -2.50018e-29
1.015 1.12882e-26 -2.88352e-29
1.02 1.28823e-26 -3.32326e-29
1.025 1.4692e-26 -3.82734e-29
1.03 1.67451e-26 -4.40478e-29
1.035 1.9073e-26 -5.06582e-29
1.04 2.17107e-26 -5.82205e-29
1.045 2.46976e-26 -6.68661e-29
1.05 2.80781e-26 -7.67435e-29
1.055 3.19017e-26 -8.80211e-29
1.06 3.62238e-26 -1.00889e-28
1.065 4.11067e-26 -1.15562e-28
1.07 4.662e-26 -1.32283e-28
1.075 5.28413e-26 -1.51326e-28
1.08 5.98577e-26 -1.72999e-28
1.085 6.77663e-26 -1.97651e-28
1.09 7.66757e-26 -2.25674e-28
1.095 8.67068e-26 -2.57511e-28
1.1 9.79948e-26 -2.93658e-28
1.105 1.1069e-25 -3.34674e-28
1.11 1.24961e-25 -3.81188e-28
1.115 1.40994e-25 -4.33906e-28
1.12 1.58997e-25 -4.93622e-28
1.125 1.79202e-25 -5.61225e-28
1.13 2.01866e-25 -6.37714e-28
1.135 2.27275e-25 -7.24209e-28
1.14 2.55748e-25 -8.21963e-28
1.145 2.87638e-25 -9.32381e-28
1.15 3.23337e-25 -1.05704e-27
1.155 3.6328e-25 -1.19769e-27
1.16 4.0795e-25 -1.3563e-27
1.165 4.57881e-25 -1.53507e-27
1.17 5.13667e-25 -1.73646e-27
1.175 5.75963e-25 -1.96322e-27
1.18 6.45497e-25 -2.21839e-27
1.185 7.23072e-25 -2.50539e-27
1.19 8.09579e-25 -2.82804e-27
1.195 9.06001e-25 -3.19057e-27
1.2 1.01342e-24 -3.59771e-27
1.205 1.13305e-24 -4.05471e-27
1.21 1.2662e-24 -4.56744e-27
1.215 1.41435e-24 -5.1424e-27
1.22 1.5791e-24 -5.78683e-27
1.225 1.76224e-24 -6.50878e-27
1.23 1.96572e-24 -7.31719e-27
1.235 2.19172e-24 -8.22197e-27
1.24 2.44262e-24 -9.23414e-27
1.245 2.72103e-24 -1.03659e-26
1.25 3.02984e-24 -1.16309e-26
1.255 3.37224e-24 -1.3044e-26
1.26 3.75171e-24 -1.46219e-26
1.265 4.17209e-24 -1.6383e-26
1.27 4.6376e-24 -1.83477e-26
1.275 5.15289e-24 -2.05386e-26
1.28 5.72303e-24 -2.29807e-26
1.285 6.35362e-24 -2.57014e-26
1.29 7.05079e-24 -2.87314e-26
1.295 7.82126e-24 -3.21042e-26
1.3 8.6724e-24 -3.58571e-26
1.305 9.61229e-24 -4.00311e-26
1.31 1.06498e-23 -4.46715e-26
1.315 1.17946e-23 -4.98283e-26
1.32 1.30574e-23 -5.55565e-26
1.325 1.44496e-23 -6.19168e-26
1.33 1.59842e-23 -6.8976e-26
1.335 1.76749e-23 -7.68078e-26
1.34 1.9537e-23 -8.54932e-26
1.345 2.1587e-23 -9.51213e-26
1.35 2.38433e-23 -1.0579e-25
1.355 2.63255e-23 -1.17608e-25
1.36 2.90553e-23 -1.30693e-25
1.365 3.20564e-23 -1.45175e-25
1.37 3.53546e-23 -1.61197e-25
1.375 3.89779e-23 -1.78917e-25
1.38 4.29572e-23 -1.98507e-25
1.385 4.73257e-23 -2.20155e-25
1.39 5.212e-23 -2.4407e-25
1.395 5.73798e-23 -2.70478e-25
1.4 6.31482e-23 -2.99628e-25
1.405 6.94724e-23 -3.31795e-25
1.41 7.64036e-23 -3.67275e-25
1.415 8.39975e-23 -4.06398e-25
1.42 9.23148e-23 -4.4952e-25
1.425 1.01421e-22 -4.97035e-25
1.43 1.11389e-22 -5.49369e-25
1.435 1.22295e-22 -6.06993e-25
1.44 1.34225e-22 -6.70418e-25
1.445 1.4727e-22 -7.40204e-25
1.45 1.6153e-22 -8.16963e-25
1.455 1.77114e-22 -9.0136e-25
1.46 1.94138e-22 -9.94126e-25
1.465 2.12731e-22 -1.09606e-24
1.47 2.3303e-22 -1.20801e-24
1.475 2.55186e-22 -1.33095e-24
1.48 2.79361e-22 -1.46589e-24
1.485 3.05731e-22 -1.61397e-24
1.49 3.34486e-22 -1.7764e-24
1.495 3.65834e-22 -1.95451e-24
1.5 3.99997e-22 -2.14977e-24
1.505 4.37219e-22 -2.36374e-24
1.51 4.77759e-22 -2.59816e-24
1.515 5.21903e-22 -2.85488e-24
1.52 5.69956e-22 -3.13595e-24
1.525 6.2225e-22 -3.44358e-24
1.53 6.79142e-22 -3.78016e-24
1.535 7.41019e-22 -4.14832e-24
1.54 8.08301e-22 -4.55088e-24
1.545 8.81437e-22 -4.99092e-24
1.55 9.60916e-22 -5.4718e-24
1.555 1.04726e-21 -5.99714e-24
1.56 1.14105e-21 -6.57088e-24
1.565 1.24288e-21 -7.19728e-24
1.57 1.35343e-21 -7.88099e-24
1.575 1.4734e-21 -8.62702e-24
1.58 1.60356e-21 -9.4408e-24
1.585 1.74474e-21 -1.03282e-23
1.59 1.89784e-21 -1.12957e-23
1.595 2.06381e-21 -1.23502e-23
1.6 2.2437e-21 -1.3499e-23
1.605 2.43861e-21 -1.47505e-23
1.61 2.64975e-21 -1.61132e-23
1.615 2.87842e-21 -1.75967e-23
1.62 3.126e-21 -1.92112e-23
1.625 3.39398e-21 -2.09679e-23
1.63 3.68399e-21 -2.28786e-23
1.635 3.99775e-21 -2.49565e-23
1.64 4.33713e-21 -2.72153e-23
1.645 4.70412e-21 -2.96703e-23
1.65 5.10087e-21 -3.23377e-23
1.655 5.52969e-21 -3.52351e-23
1.66 5.99307e-21 -3.83816e-23
1.665 6.49366e-21 -4.17976e-23
1.67 7.03433e-21 -4.55053e-23
1.675 7.61815e-21 -4.95284e-23
1.68 8.24842e-21 -5.38926e-23
1.685 8.92866e-21 -5.86258e-23
1.69 9.66266e-21 -6.37576e-23
1.695 1.04545e-20 -6.93203e-23
1.7 1.13085e-20 -7.53485e-23
1.705 1.22295e-20 -8.18795e-23
1.71 1.32222e-20 -8.89534e-23
1.715 1.42923e-20 -9.66134e-23
1.72 1.54453e-20 -1.04906e-22
1.725 1.66875e-20 -1.13881e-22
1.73 1.80254e-20 -1.23593e-22
1.735 1.94662e-20 -1.34098e-22
1.74 2.10173e-20 -1.45461e-22
1.745 2.26869e-20 -1.57746e-22
1.75 2.44836e-20 -1.71026e-22
1.755 2.64167e-20 -1.85378e-22
1.76 2.84961e-20 -2.00885e-22
1.765 3.07324e-20 -2.17636e-22
1.77 3.31368e-20 -2.35726e-22
1.775 3.57215e-20 -2.55258e-22
1.78 3.84995e-20 -2.76341e-22
1.785 4.14846e-20 -2.99094e-22
1.79 4.46914e-20 -3.23643e-22
1.795 4.81359e-20 -3.50124e-22
1.8 5.18348e-20 -3.78681e-22
1.805 5.58061e-20 -4.09472e-22
1.81 6.0069e-20 -4.42662e-22
1.815 6.4644e-20 -4.78432e-22
1.82 6.95529e-20 -5.16972e-22
1.825 7.48191e-20 -5.58487e-22
1.83 8.04675e-20 -6.03199e-22
1.835 8.65245e-20 -6.51341e-22
1.84 9.30185e-20 -7.03166e-22
1.845 9.99796e-20 -7.58942e-22
1.85 1.0744e-19 -8.18959e-22
1.855 1.15434e-19 -8.83525e-22
1.86 1.23998e-19 -9.52968e-22
1.865 1.3317e-19 -1.02764e-21
1.87 1.42994e-19 -1.10792e-21
1.875 1.53511e-19 -1.19422e-21
1.88 1.6477e-19 -1.28695e-21
1.885 1.7682e-19 -1.38658e-21
1.89 1.89715e-19 -1.4936e-21
1.895 2.03511e-19 -1.60853e-21
1.9 2.18268e-19 -1.73194e-21
1.905 2.34051e-19 -1.86442e-21
1.91 2.50928e-19 -2.00661e-21
1.915 2.68971e-19 -2.15919e-21
1.92 2.88257e-19 -2.32288e-21
1.925 3.08868e-19 -2.49846e-21
1.93 3.30892e-19 -2.68675e-21
1.935 3.5442e-19 -2.88863e-21
1.94 3.79552e-19 -3.10504e-21
1.945 4.06391e-19 -3.33698e-21
1.95 4.3505e-19 -3.58552e-21
1.955 4.65645e-19 -3.85178e-21
1.96 4.98301e-19 -4.13698e-21
1.965 5.33153e-19 -4.4424e-21
1.97 5.7034e-19 -4.76942e-21
1.975 6.10012e-19 -5.11949e-21
1.98 6.52329e-19 -5.49416e-21
1.985 6.97459e-19 -5.89508e-21
1.99 7.45581e-19 -6.32402e-21
1.995 7.96884e-19 -6.78285e-21
2 8.5157e-19 -7.27354e-21
2.005 9.09852e-19 -7.79821e-21
2.01 9.71956e-19 -8.35912e-21
2.015 1.03812e-18 -8.95866e-21
2.02 1.1086e-18 -9.59935e-21
2.025 1.18367e-18 -1.02839e-20
2.03 1.26361e-18 -1.10152e-20
2.035 1.34872e-18 -1.17962e-20
2.04 1.43932e-18 -1.26303e-20
2.045 1.53575e-18 -1.35208e-20
2.05 1.63838e-18 -1.44714e-20
2.055 1.74757e-18 -1.54859e-20
2.06 1.86374e-18 -1.65685e-20
2.065 1.98731e-18 -1.77236e-20
2.07 2.11872e-18 -1.89556e-20
2.075 2.25847e-18 -2.02696e-20
2.08 2.40704e-18 -2.16708e-20
2.085 2.56498e-18 -2.31647e-20
2.09 2.73284e-18 -2.4757e-20
2.095 2.91123e-18 -2.64541e-20
2.1 3.10078e-18 -2.82625e-20
2.105 3.30215e-18 -3.01891e-20
2.11 3.51605e-18 -3.22413e-20
2.115 3.74323e-18 -3.44269e-20
2.12 3.98446e-18 -3.67543e-20
2.125 4.24059e-18 -3.92322e-20
2.13 4.5125e-18 -4.18698e-20
2.135 4.8011e-18 -4.4677e-20
2.14 5.10739e-18 -4.76641e-20
2.145 5.4324e-18 -5.08423e-20
2.15 5.77722e-18 -5.4223e-20
2.155 6.143e-18 -5.78187e-20
2.16 6.53098e-18 -6.16424e-20
2.165 6.94242e-18 -6.57078e-20
2.17 7.3787e-18 -7.00295e-20
2.175 7.84124e-18 -7.4623e-20
2.18 8.33155e-18 -7.95044e-20
2.185 8.85123e-18 -8.46911e-20
2.19 9.40197e-18 -9.02012e-20
2.195 9.98552e-18 -9.60538e-20
2.2 1.06038e-17 -1.02269e-19
2.205 1.12587e-17 -1.08869e-19
2.21 1.19524e-17 -1.15876e-19
2.215 1.2687e-17 -1.23314e-19
2.22 1.34648e-17 -1.31208e-19
2.225 1.42883e-17 -1.39585e-19
2.23 1.51601e-17 -1.48473e-19
2.235 1.60828e-17 -1.57902e-19
2.24 1.70593e-17 -1.67902e-19
2.245 1.80926e-17 -1.78508e-19
2.25 1.91858e-17 -1.89753e-19
2.255 2.03423e-17 -2.01675e-19
2.26 2.15656e-17 -2.14313e-19
2.265 2.28593e-17 -2.27707e-19
2.27 2.42273e-17 -2.419e-19
2.275 2.56738e-17 -2.56938e-19
2.28 2.7203e-17 -2.72868e-19
2.285 2.88193e-17 -2.89742e-19
2.29 3.05277e-17 -3.07612e-19
2.295 3.23331e-17 -3.26534e-19
2.3 3.42407e-17 -3.46568e-19
2.305 3.62561e-17 -3.67774e-19
2.31 3.8385e-17 -3.9022e-19
2.315 4.06337e-17 -4.13972e-19
2.32 4.30086e-17 -4.39105e-19
2.325 4.55163e-17 -4.65694e-19
2.33 4.81641e-17 -4.9382e-19
2.335 5.09594e-17 -5.23567e-19
2.34 5.391e-17 -5.55023e-19
2.345 5.70243e-17 -5.88283e-19
2.35 6.03108e-17 -6.23444e-19
2.355 6.37786e-17 -6.60611e-19
2.36 6.74374e-17 -6.99891e-19
2.365 7.12972e-17 -7.41399e-19
2.37 7.53684e-17 -7.85256e-19
2.375 7.96623e-17 -8.31587e-19
2.38 8.41904e-17 -8.80525e-19
2.385 8.8965e-17 -9.3221e-19
2.39 9.39988e-17 -9.86788e-19
2.395 9.93053e-17 -1.04441e-18
2.4 1.04899e-16 -1.10525e-18
2.405 1.10794e-16 -1.16946e-18
2.41 1.17006e-16 -1.23723e-18
2.415 1.23551e-16 -1.30874e-18
2.42 1.30447e-16 -1.3842e-18
2.425 1.37712e-16 -1.4638e-18
2.43 1.45364e-16 -1.54777e-18
2.435 1.53423e-16 -1.63632e-18
2.44 1.6191e-16 -1.72971e-18
2.445 1.70846e-16 -1.82817e-18
2.45 1.80254e-16 -1.93198e-18
2.455 1.90158e-16 -2.0414e-18
2.46 2.00584e-16 -2.15673e-18
2.465 2.11556e-16 -2.27826e-18
2.47 2.23103e-16 -2.40632e-18
2.475 2.35253e-16 -2.54124e-18
2.48 2.48036e-16 -2.68336e-18
2.485 2.61485e-16 -2.83306e-18
2.49 2.75631e-16 -2.99071e-18
2.495 2.9051e-16 -3.15672e-18
2.5 3.06158e-16 -3.3315e-18
2.505 3.22613e-16 -3.5155e-18
2.51 3.39914e-16 -3.70917e-18
2.515 3.58103e-16 -3.91301e-18
2.52 3.77223e-16 -4.12751e-18
2.525 3.97321e-16 -4.35321e-18
2.53 4.18444e-16 -4.59066e-18
2.535 4.40641e-16 -4.84044e-18
2.54 4.63965e-16 -5.10315e-18
2.545 4.88471e-16 -5.37944e-18
2.55 5.14215e-16 -5.66996e-18
2.555 5.41258e-16 -5.97542e-18
2.56 5.69663e-16 -6.29654e-18
2.565 5.99493e-16 -6.63408e-18
2.57 6.30819e-16 -6.98885e-18
2.575 6.63711e-16 -7.36166e-18
2.58 6.98244e-16 -7.7534e-18
2.585 7.34496e-16 -8.16497e-18
2.59 7.7255e-16 -8.59732e-18
2.595 8.1249e-16 -9.05146e-18
2.6 8.54407e-16 -9.52842e-18
2.605 8.98392e-16 -1.00293e-17
2.61 9.44544e-16 -1.05552e-17
2.615 9.92965e-16 -1.11073e-17
2.62 1.04376e-15 -1.16869e-17
2.625 1.09704e-15 -1.22953e-17
2.63 1.15293e-15 -1.29338e-17
2.635 1.21154e-15 -1.36038e-17
2.64 1.273e-15 -1.43068e-17
2.645 1.33744e-15 -1.50443e-17
2.65 1.405e-15 -1.5818e-17
2.655 1.47583e-15 -1.66296e-17
2.66 1.55007e-15 -1.74807e-17
2.665 1.62789e-15 -1.83732e-17
2.67 1.70945e-15 -1.9309e-17
2.675 1.79491e-15 -2.02902e-17
2.68 1.88446e-15 -2.13187e-17
2.685 1.97829e-15 -2.23968e-17
2.69 2.07659e-15 -2.35267e-17
2.695 2.17955e-15 -2.47107e-17
2.7 2.28741e-15 -2.59514e-17
2.705 2.40036e-15 -2.72513e-17
2.71 2.51866e-15 -2.86131e-17
2.715 2.64253e-15 -3.00395e-17
2.72 2.77222e-15 -3.15334e-17
2.725 2.90801e-15 -3.3098e-17
2.73 3.05016e-15 -3.47363e-17
2.735 3.19895e-15 -3.64516e-17
2.74 3.35469e-15 -3.82475e-17
2.745 3.51768e-15 -4.01273e-17
2.75 3.68824e-15 -4.20949e-17
2.755 3.86672e-15 -4.41542e-17
2.76 4.05345e-15 -4.63091e-17
2.765 4.24881e-15 -4.85639e-17
2.77 4.45317e-15 -5.0923e-17
2.775 4.66694e-15 -5.33909e-17
2.78 4.89052e-15 -5.59724e-17
2.785 5.12434e-15 -5.86724e-17
2.79 5.36885e-15 -6.14962e-17
2.795 5.62453e-15 -6.44489e-17
2.8 5.89184e-15 -6.75363e-17
2.805 6.17131e-15 -7.07641e-17
2.81 6.46345e-15 -7.41384e-17
2.815 6.76882e-15 -7.76655e-17
2.82 7.08799e-15 -8.13519e-17
2.825 7.42154e-15 -8.52044e-17
2.83 7.77011e-15 -8.92301e-17
2.835 8.13433e-15 -9.34364e-17
2.84 8.51488e-15 -9.7831e-17
2.845 8.91245e-15 -1.02422e-16
2.85 9.32777e-15 -1.07217e-16
2.855 9.76159e-15 -1.12225e-16
2.86 1.02147e-14 -1.17456e-16
2.865 1.06879e-14 -1.22918e-16
2.87 1.11821e-14 -1.28621e-16
2.875 1.16982e-14 -1.34575e-16
2.88 1.2237e-14 -1.40791e-16
2.885 1.27995e-14 -1.47279e-16
2.89 1.33868e-14 -1.54052e-16
2.895 1.39998e-14 -1.6112e-16
2.9 1.46397e-14 -1.68495e-16
2.905 1.53075e-14 -1.76192e-16
2.91 1.60045e-14 -1.84222e-16
2.915 1.67317e-14 -1.92599e-16
2.92 1.74906e-14 -2.01338e-16
2.925 1.82824e-14 -2.10454e-16
2.93 1.91085e-14 -2.19961e-16
2.935 1.99702e-14 -2.29876e-16
2.94 2.08691e-14 -2.40215e-16
2.945 2.18066e-14 -2.50996e-16
2.95 2.27845e-14 -2.62236e-16
2.955 2.38042e-14 -2.73954e-16
2.96 2.48676e-14 -2.86169e-16
2.965 2.59764e-14 -2.98902e-16
2.97 2.71324e-14 -3.12172e-16
2.975 2.83376e-14 -3.26001e-16
2.98 2.9594e-14 -3.40413e-16
2.985 3.09036e-14 -3.55432e-16
2.99 3.22687e-14 -3.71089e-16
2.995 3.36913e-14 -3.87409e-16
3 3.51739e-14 -4.04419e-16
3.005 3.67189e-14 -4.22145e-16
3.01 3.83287e-14 -4.40618e-16
3.015 4.0006e-14 -4.59866e-16
3.02 4.17535e-14 -4.7992e-16
3.025 4.35739e-14 -5.00813e-16
3.03 4.54701e-14 -5.22578e-16
3.035 4.74452e-14 -5.4525e-16
3.04 4.95023e-14 -5.68864e-16
3.045 5.16447e-14 -5.93457e-16
3.05 5.38756e-14 -6.19069e-16
3.055 5.61987e-14 -6.4574e-16
3.06 5.86175e-14 -6.7351e-16
3.065 6.11358e-14 -7.02424e-16
3.07 6.37575e-14 -7.32525e-16
3.075 6.64866e-14 -7.63861e-16
3.08 6.93274e-14 -7.9648e-16
3.085 7.22841e-14 -8.30431e-16
3.09 7.53614e-14 -8.65767e-16
3.095 7.85638e-14 -9.02542e-16
3.1 8.18963e-14 -9.4081e-16
3.105 8.53639e-14 -9.8063e-16
3.11 8.89717e-14 -1.02206e-15
3.115 9.27253e-14 -1.06517e-15
3.12 9.66302e-14 -1.11001e-15
3.125 1.00692e-13 -1.15666e-15
3.13 1.04917e-13 -1.20518e-15
3.135 1.09312e-13 -1.25565e-15
3.14 1.13883e-13 -1.30814e-15
3.145 1.18636e-13 -1.36273e-15
3.15 1.23578e-13 -1.41949e-15
3.155 1.28718e-13 -1.47852e-15
3.16 1.34061e-13 -1.53989e-15
3.165 1.39617e-13 -1.6037e-15
3.17 1.45392e-13 -1.67003e-15
3.175 1.51396e-13 -1.73898e-15
3.18 1.57637e-13 -1.81066e-15
3.185 1.64124e-13 -1.88516e-15
3.19 1.70865e-13 -1.96258e-15
3.195 1.77871e-13 -2.04305e-15
3.2 1.85152e-13 -2.12667e-15
3.205 1.92717e-13 -2.21356e-15
3.21 2.00578e-13 -2.30384e-15
3.215 2.08745e-13 -2.39764e-15
3.22 2.17229e-13 -2.49509e-15
3.225 2.26043e-13 -2.59632e-15
3.23 2.35199e-13 -2.70148e-15
3.235 2.44709e-13 -2.81071e-15
3.24 2.54587e-13 -2.92415e-15
3.245 2.64845e-13 -3.04198e-15
3.25 2.75498e-13 -3.16433e-15
3.255 2.86561e-13 -3.29139e-15
3.26 2.98048e-13 -3.42333e-15
3.265 3.09975e-13 -3.56032e-15
3.27 3.22358e-13 -3.70254e-15
3.275 3.35213e-13 -3.85019e-15
3.28 3.48558e-13 -4.00347e-15
3.285 3.62411e-13 -4.16257e-15
3.29 3.76789e-13 -4.32772e-15
3.295 3.91713e-13 -4.49913e-15
3.3 4.07201e-13 -4.67702e-15
3.305 4.23274e-13 -4.86163e-15
3.31 4.39954e-13 -5.0532e-15
3.315 4.57261e-13 -5.25198e-15
3.32 4.75218e-13 -5.45824e-15
3.325 4.9385e-13 -5.67223e-15
3.33 5.13179e-13 -5.89423e-15
3.335 5.3323e-13 -6.12454e-15
3.34 5.5403e-13 -6.36344e-15
3.345 5.75605e-13 -6.61124e-15
3.35 5.97983e-13 -6.86826e-15
3.355 6.21192e-13 -7.13483e-15
3.36 6.45261e-13 -7.41128e-15
3.365 6.70221e-13 -7.69796e-15
3.37 6.96103e-13 -7.99523e-15
3.375 7.22939e-13 -8.30347e-15
3.38 7.50765e-13 -8.62306e-15
3.385 7.79613e-13 -8.9544e-15
3.39 8.0952e-13 -9.2979e-15
3.395 8.40522e-13 -9.65399e-15
3.4 8.72659e-13 -1.00231e-14
3.405 9.0597e-13 -1.04057e-14
3.41 9.40495e-13 -1.08022e-14
3.415 9.76277e-13 -1.12132e-14
3.42 1.01336e-12 -1.16391e-14
3.425 1.05179e-12 -1.20805e-14
3.43 1.09161e-12 -1.25378e-14
3.435 1.13286e-12 -1.30117e-14
3.44 1.17561e-12 -1.35027e-14
3.445 1.2199e-12 -1.40114e-14
3.45 1.26579e-12 -1.45384e-14
3.455 1.31332e-12 -1.50844e-14
3.46 1.36255e-12 -1.56499e-14
3.465 1.41355e-12 -1.62356e-14
3.47 1.46638e-12 -1.68423e-14
3.475 1.52108e-12 -1.74707e-14
3.48 1.57774e-12 -1.81215e-14
3.485 1.63642e-12 -1.87954e-14
3.49 1.69717e-12 -1.94932e-14
3.495 1.76008e-12 -2.02158e-14
3.5 1.82522e-12 -2.09639e-14
3.505 1.89267e-12 -2.17386e-14
3.51 1.96249e-12 -2.25405e-14
3.515 2.03477e-12 -2.33707e-14
3.52 2.10959e-12 -2.42301e-14
3.525 2.18705e-12 -2.51197e-14
3.53 2.26722e-12 -2.60405e-14
3.535 2.35019e-12 -2.69936e-14
3.54 2.43607e-12 -2.79799e-14
3.545 2.52494e-12 -2.90009e-14
3.55 2.61691e-12 -3.00582e-14
3.555 2.71208e-12 -3.11531e-14
3.56 2.81056e-12 -3.22869e-14
3.565 2.91245e-12 -3.34609e-14
3.57 3.01786e-12 -3.46765e-14
3.575 3.12693e-12 -3.59352e-14
3.58 3.23975e-12 -3.72384e-14
3.585 3.35647e-12 -3.85877e-14
3.59 3.4772e-12 -3.99846e-14
3.595 3.60208e-12 -4.14308e-14
3.6 3.73124e-12 -4.29279e-14
3.605 3.86483e-12 -4.44778e-14
3.61 4.00298e-12 -4.60822e-14
3.615 4.14585e-12 -4.7743e-14
3.62 4.29359e-12 -4.94621e-14
3.625 4.44636e-12 -5.12415e-14
3.63 4.60432e-12 -5.30833e-14
3.635 4.76764e-12 -5.49897e-14
3.64 4.93649e-12 -5.69627e-14
3.645 5.11106e-12 -5.90048e-14
3.65 5.29152e-12 -6.11183e-14
3.655 5.47806e-12 -6.33055e-14
3.66 5.67089e-12 -6.55691e-14
3.665 5.8702e-12 -6.79116e-14
3.67 6.0762e-12 -7.03357e-14
3.675 6.28911e-12 -7.28442e-14
3.68 6.50914e-12 -7.544e-14
3.685 6.73652e-12 -7.8126e-14
3.69 6.97148e-12 -8.09053e-14
3.695 7.21428e-12 -8.37812e-14
3.7 7.46515e-12 -8.67567e-14
3.705 7.72436e-12 -8.98354e-14
3.71 7.99216e-12 -9.30208e-14
3.715 8.26882e-12 -9.63164e-14
3.72 8.55464e-12 -9.9726e-14
3.725 8.84989e-12 -1.03253e-13
3.73 9.15487e-12 -1.06903e-13
3.735 9.46989e-12 -1.10678e-13
3.74 9.79526e-12 -1.14583e-13
3.745 1.01313e-11 -1.18624e-13
3.75 1.04784e-11 -1.22803e-13
3.755 1.08368e-11 -1.27126e-13
3.76 1.12069e-11 -1.31598e-13
3.765 1.15891e-11 -1.36224e-13
3.77 1.19838e-11 -1.41008e-13
3.775 1.23913e-11 -1.45957e-13
3.78 1.2812e-11 -1.51075e-13
3.785 1.32463e-11 -1.56369e-13
3.79 1.36948e-11 -1.61845e-13
3.795 1.41577e-11 -1.67508e-13
3.8 1.46356e-11 -1.73364e-13
3.805 1.51288e-11 -1.79421e-13
3.81 1.5638e-11 -1.85685e-13
3.815 1.61635e-11 -1.92163e-13
3.82 1.67059e-11 -1.98862e-13
3.825 1.72657e-11 -2.05789e-13
3.83 1.78434e-11 -2.12952e-13
3.835 1.84395e-11 -2.2036e-13
3.84 1.90547e-11 -2.28019e-13
3.845 1.96895e-11 -2.35939e-13
3.85 2.03444e-11 -2.44127e-13
3.855 2.10202e-11 -2.52594e-13
3.86 2.17174e-11 -2.61349e-13
3.865 2.24367e-11 -2.704e-13
3.87 2.31788e-11 -2.79758e-13
3.875 2.39443e-11 -2.89433e-13
3.88 2.47339e-11 -2.99435e-13
3.885 2.55484e-11 -3.09775e-13
3.89 2.63886e-11 -3.20465e-13
3.895 2.72551e-11 -3.31516e-13
3.9 2.81488e-11 -3.4294e-13
3.905 2.90705e-11 -3.54749e-13
3.91 3.0021e-11 -3.66956e-13
3.915 3.10012e-11 -3.79574e-13
3.92 3.20119e-11 -3.92616e-13
3.925 3.30542e-11 -4.06097e-13
3.93 3.41288e-11 -4.20031e-13
3.935 3.52368e-11 -4.34433e-13
3.94 3.63792e-11 -4.49317e-13
3.945 3.75569e-11 -4.64701e-13
3.95 3.8771e-11 -4.806e-13
3.955 4.00227e-11 -4.97031e-13
3.96 4.13129e-11 -5.14012e-13
3.965 4.26429e-11 -5.3156e-13
3.97 4.40137e-11 -5.49693e-13
3.975 4.54267e-11 -5.68432e-13
3.98 4.68829e-11 -5.87796e-13
3.985 4.83837e-11 -6.07805e-13
3.99 4.99305e-11 -6.28479e-13
3.995 5.15244e-11 -6.49841e-13
4 5.3167e-11 -6.71913e-13
4.005 5.48595e-11 -6.94718e-13
4.01 5.66036e-11 -7.1828e-13
4.015 5.84005e-11 -7.42622e-13
4.02 6.0252e-11 -7.67771e-13
4.025 6.21595e-11 -7.93751e-13
4.03 6.41247e-11 -8.20591e-13
4.035 6.61492e-11 -8.48317e-13
4.04 6.82348e-11 -8.76959e-13
4.045 7.03831e-11 -9.06545e-13
4.05 7.25961e-11 -9.37105e-13
4.055 7.48755e-11 -9.68672e-13
4.06 7.72233e-11 -1.00128e-12
4.065 7.96414e-11 -1.03495e-12
4.07 8.21318e-11 -1.06973e-12
4.075 8.46965e-11 -1.10566e-12
4.08 8.73378e-11 -1.14276e-12
4.085 9.00577e-11 -1.18107e-12
4.09 9.28585e-11 -1.22064e-12
4.095 9.57425e-11 -1.2615e-12
4.1 9.8712e-11 -1.30369e-12
4.105 1.01769e-10 -1.34726e-12
4.11 1.04917e-10 -1.39225e-12
4.115 1.08158e-10 -1.43871e-12
4.12 1.11495e-10 -1.48668e-12
4.125 1.1493e-10 -1.5362e-12
4.13 1.18466e-10 -1.58733e-12
4.135 1.22105e-10 -1.64012e-12
4.14 1.25852e-10 -1.69462e-12
4.145 1.29708e-10 -1.75088e-12
4.15 1.33677e-10 -1.80896e-12
4.155 1.37762e-10 -1.86892e-12
4.16 1.41967e-10 -1.93081e-12
4.165 1.46294e-10 -1.9947e-12
4.17 1.50747e-10 -2.06064e-12
4.175 1.55329e-10 -2.1287e-12
4.18 1.60044e-10 -2.19895e-12
4.185 1.64896e-10 -2.27146e-12
4.19 1.69888e-10 -2.34629e-12
4.195 1.75025e-10 -2.42351e-12
4.2 1.8031e-10 -2.50321e-12
4.205 1.85748e-10 -2.58545e-12
4.21 1.91342e-10 -2.67032e-12
4.215 1.97097e-10 -2.75789e-12
4.22 2.03017e-10 -2.84825e-12
4.225 2.09107e-10 -2.94149e-12
4.23 2.15371e-10 -3.03769e-12
4.235 2.21815e-10 -3.13694e-12
4.24 2.28442e-10 -3.23934e-12
4.245 2.35259e-10 -3.34498e-12
4.25 2.4227e-10 -3.45397e-12
4.255 2.49481e-10 -3.5664e-12
4.26 2.56896e-10 -3.68237e-12
4.265 2.64522e-10 -3.80201e-12
4.27 2.72364e-10 -3.9254e-12
4.275 2.80428e-10 -4.05268e-12
4.28 2.8872e-10 -4.18396e-12
4.285 2.97246e-10 -4.31936e-12
4.29 3.06012e-10 -4.459e-12
4.295 3.15025e-10 -4.60301e-12
4.3 3.24292e-10 -4.75152e-12
4.305 3.33819e-10 -4.90467e-12
4.31 3.43613e-10 -5.0626e-12
4.315 3.53682e-10 -5.22545e-12
4.32 3.64032e-10 -5.39336e-12
4.325 3.74672e-10 -5.56648e-12
4.33 3.85608e-10 -5.74499e-12
4.335 3.96849e-10 -5.92902e-12
4.34 4.08403e-10 -6.11875e-12
4.345 4.20278e-10 -6.31435e-12
4.35 4.32482e-10 -6.51598e-12
4.355 4.45025e-10 -6.72384e-12
4.36 4.57916e-10 -6.93809e-12
4.365 4.71162e-10 -7.15894e-12
4.37 4.84775e-10 -7.38656e-12
4.375 4.98763e-10 -7.62118e-12
4.38 5.13136e-10 -7.86298e-12
4.385 5.27905e-10 -8.11218e-12
4.39 5.43079e-10 -8.369e-12
4.395 5.5867e-10 -8.63365e-12
4.4 5.74688e-10 -8.90637e-12
4.405 5.91144e-10 -9.1874e-12
4.41 6.0805e-10 -9.47696e-12
4.415 6.25418e-10 -9.77532e-12
4.42 6.43259e-10 -1.00827e-11
4.425 6.61586e-10 -1.03994e-11
4.43 6.80412e-10 -1.07257e-11
4.435 6.99749e-10 -1.10619e-11
4.44 7.1961e-10 -1.14081e-11
4.445 7.40009e-10 -1.17648e-11
4.45 7.6096e-10 -1.21323e-11
4.455 7.82478e-10 -1.25107e-11
4.46 8.04576e-10 -1.29005e-11
4.465 8.2727e-10 -1.3302e-11
4.47 8.50574e-10 -1.37155e-11
4.475 8.74505e-10 -1.41414e-11
4.48 8.99079e-10 -1.45799e-11
4.485 9.24312e-10 -1.50315e-11
4.49 9.5022e-10 -1.54966e-11
4.495 9.76822e-10 -1.59754e-11
4.5 1.00413e-09 -1.64685e-11
4.505 1.03218e-09 -1.69761e-11
4.51 1.06096e-09 -1.74988e-11
4.515 1.09052e-09 -1.80369e-11
4.52 1.12086e-09 -1.85909e-11
4.525 1.152e-09 -1.91612e-11
4.53 1.18398e-09 -1.97482e-11
4.535 1.21679e-09 -2.03525e-11
4.54 1.25048e-09 -2.09746e-11
4.545 1.28506e-09 -2.16148e-11
4.55 1.32054e-09 -2.22737e-11
4.555 1.35697e-09 -2.29519e-11
4.56 1.39435e-09 -2.36499e-11
4.565 1.43271e-09 -2.43682e-11
4.57 1.47209e-09 -2.51074e-11
4.575 1.51249e-09 -2.5868e-11
4.58 1.55395e-09 -2.66506e-11
4.585 1.5965e-09 -2.7456e-11
4.59 1.64015e-09 -2.82845e-11
4.595 1.68495e-09 -2.9137e-11
4.6 1.73091e-09 -3.00141e-11
4.605 1.77807e-09 -3.09164e-11
4.61 1.82646e-09 -3.18446e-11
4.615 1.8761e-09 -3.27995e-11
4.62 1.92703e-09 -3.37817e-11
4.625 1.97928e-09 -3.4792e-11
4.63 2.03288e-09 -3.58311e-11
4.635 2.08786e-09 -3.68999e-11
4.64 2.14426e-09 -3.79992e-11
4.645 2.20212e-09 -3.91296e-11
4.65 2.26146e-09 -4.02922e-11
4.655 2.32233e-09 -4.14877e-11
4.66 2.38476e-09 -4.27171e-11
4.665 2.44879e-09 -4.39812e-11
4.67 2.51446e-09 -4.5281e-11
4.675 2.58182e-09 -4.66174e-11
4.68 2.65089e-09 -4.79914e-11
4.685 2.72172e-09 -4.9404e-11
4.69 2.79436e-09 -5.08562e-11
4.695 2.86885e-09 -5.23491e-11
4.7 2.94523e-09 -5.38837e-11
4.705 3.02356e-09 -5.54612e-11
4.71 3.10386e-09 -5.70827e-11
4.715 3.18621e-09 -5.87493e-11
4.72 3.27063e-09 -6.04622e-11
4.725 3.35719e-09 -6.22227e-11
4.73 3.44593e-09 -6.40319e-11
4.735 3.53691e-09 -6.58912e-11
4.74 3.63018e-09 -6.78019e-11
4.745 3.72579e-09 -6.97652e-11
4.75 3.8238e-09 -7.17827e-11
4.755 3.92428e-09 -7.38556e-11
4.76 4.02727e-09 -7.59854e-11
4.765 4.13283e-09 -7.81737e-11
4.77 4.24104e-09 -8.04218e-11
4.775 4.35194e-09 -8.27313e-11
4.78 4.46561e-09 -8.51039e-11
4.785 4.58211e-09 -8.75411e-11
4.79 4.70151e-09 -9.00446e-11
4.795 4.82388e-09 -9.26162e-11
4.8 4.94927e-09 -9.52574e-11
4.805 5.07778e-09 -9.79702e-11
4.81 5.20947e-09 -1.00756e-10
4.815 5.34441e-09 -1.03618e-10
4.82 5.48268e-09 -1.06556e-10
4.825 5.62436e-09 -1.09574e-10
4.83 5.76953e-09 -1.12672e-10
4.835 5.91828e-09 -1.15854e-10
4.84 6.07067e-09 -1.19121e-10
4.845 6.22681e-09 -1.22475e-10
4.85 6.38677e-09 -1.25919e-10
4.855 6.55065e-09 -1.29455e-10
4.86 6.71854e-09 -1.33085e-10
4.865 6.89053e-09 -1.36811e-10
4.87 7.06671e-09 -1.40636e-10
4.875 7.24718e-09 -1.44563e-10
4.88 7.43205e-09 -1.48593e-10
4.885 7.62141e-09 -1.5273e-10
4.89 7.81537e-09 -1.56976e-10
4.895 8.01402e-09 -1.61334e-10
4.9 8.21749e-09 -1.65806e-10
4.905 8.42588e-09 -1.70396e-10
4.91 8.63931e-09 -1.75106e-10
4.915 8.85789e-09 -1.79939e-10
4.92 9.08173e-09 -1.84899e-10
4.925 9.31096e-09 -1.89988e-10
4.93 9.5457e-09 -1.95209e-10
4.935 9.78608e-09 -2.00567e-10
4.94 1.00322e-08 -2.06063e-10
4.945 1.02843e-08 -2.11702e-10
4.95 1.05423e-08 -2.17487e-10
4.955 1.08066e-08 -2.23421e-10
4.96 1.10771e-08 -2.29509e-10
4.965 1.13541e-08 -2.35753e-10
4.97 1.16377e-08 -2.42158e-10
4.975 1.19281e-08 -2.48728e-10
4.98 1.22253e-08 -2.55466e-10
4.985 1.25296e-08 -2.62376e-10
4.99 1.28411e-08 -2.69464e-10
4.995 1.316e-08 -2.76732e-10
5 1.34864e-08 -2.84185e-10
5.005 1.38206e-08 -2.91828e-10
5.01 1.41626e-08 -2.99665e-10
5.015 1.45127e-08 -3.07701e-10
5.02 1.4871e-08 -3.15941e-10
5.025 1.52377e-08 -3.24389e-10
5.03 1.5613e-08 -3.3305e-10
5.035 1.59972e-08 -3.4193e-10
5.04 1.63903e-08 -3.51033e-10
5.045 1.67927e-08 -3.60365e-10
5.05 1.72044e-08 -3.69931e-10
5.055 1.76258e-08 -3.79737e-10
5.06 1.80569e-08 -3.89788e-10
5.065 1.84981e-08 -4.0009e-10
5.07 1.89496e-08 -4.10649e-10
5.075 1.94116e-08 -4.21471e-10
5.08 1.98843e-08 -4.32562e-10
5.085 2.03679e-08 -4.43929e-10
5.09 2.08627e-08 -4.55577e-10
5.095 2.1369e-08 -4.67513e-10
5.1 2.18869e-08 -4.79745e-10
5.105 2.24168e-08 -4.92278e-10
5.11 2.2959e-08 -5.0512e-10
5.115 2.35136e-08 -5.18278e-10
5.12 2.40809e-08 -5.31759e-10
5.125 2.46612e-08 -5.4557e-10
5.13 2.52549e-08 -5.5972e-10
5.135 2.58622e-08 -5.74216e-10
5.14 2.64833e-08 -5.89065e-10
5.145 2.71187e-08 -6.04277e-10
5.15 2.77685e-08 -6.19858e-10
5.155 2.84332e-08 -6.35818e-10
5.16 2.9113e-08 -6.52165e-10
5.165 2.98082e-08 -6.68909e-10
5.17 3.05193e-08 -6.86057e-10
5.175 3.12465e-08 -7.0362e-10
5.18 3.19901e-08 -7.21605e-10
5.185 3.27506e-08 -7.40024e-10
5.19 3.35283e-08 -7.58886e-10
5.195 3.43236e-08 -7.78201e-10
5.2 3.51367e-08 -7.97978e-10
5.205 3.59683e-08 -8.18229e-10
5.21 3.68185e-08 -8.38963e-10
5.215 3.76878e-08 -8.60193e-10
5.22 3.85767e-08 -8.81928e-10
5.225 3.94854e-08 -9.0418e-10
5.23 4.04146e-08 -9.2696e-10
5.235 4.13645e-08 -9.50281e-10
5.24 4.23357e-08 -9.74154e-10
5.245 4.33285e-08 -9.98591e-10
5.25 4.43435e-08 -1.02361e-09
5.255 4.5381e-08 -1.04921e-09
5.26 4.64417e-08 -1.07542e-09
5.265 4.75259e-08 -1.10224e-09
5.27 4.86341e-08 -1.12969e-09
5.275 4.9767e-08 -1.15779e-09
5.28 5.09249e-08 -1.18654e-09
5.285 5.21084e-08 -1.21596e-09
5.29 5.33181e-08 -1.24607e-09
5.295 5.45544e-08 -1.27689e-09
5.3 5.5818e-08 -1.30841e-09
5.305 5.71094e-08 -1.34068e-09
5.31 5.84292e-08 -1.37368e-09
5.315 5.9778e-08 -1.40746e-09
5.32 6.11564e-08 -1.44201e-09
5.325 6.25649e-08 -1.47736e-09
5.33 6.40043e-08 -1.51353e-09
5.335 6.54752e-08 -1.55053e-09
5.34 6.69781e-08 -1.58838e-09
5.345 6.85139e-08 -1.6271e-09
5.35 7.00831e-08 -1.6667e-09
5.355 7.16864e-08 -1.70722e-09
5.36 7.33246e-08 -1.74865e-09
5.365 7.49983e-08 -1.79104e-09
5.37 7.67084e-08 -1.83439e-09
5.375 7.84554e-08 -1.87872e-09
5.38 8.02403e-08 -1.92406e-09
5.385 8.20637e-08 -1.97043e-09
5.39 8.39265e-08 -2.01785e-09
5.395 8.58294e-08 -2.06634e-09
5.4 8.77733e-08 -2.11593e-09
5.405 8.9759e-08 -2.16664e-09
5.41 9.17874e-08 -2.21849e-09
5.415 9.38593e-08 -2.2715e-09
5.42 9.59756e-08 -2.3257e-09
5.425 9.81372e-08 -2.38112e-09
5.43 1.00345e-07 -2.43778e-09
5.435 1.026e-07 -2.49571e-09
5.44 1.04903e-07 -2.55493e-09
5.445 1.07255e-07 -2.61547e-09
5.45 1.09657e-07 -2.67735e-09
5.455 1.12111e-07 -2.74062e-09
5.46 1.14616e-07 -2.80528e-09
5.465 1.17175e-07 -2.87138e-09
5.47 1.19788e-07 -2.93894e-09
5.475 1.22456e-07 -3.008e-09
5.48 1.2518e-07 -3.07858e-09
5.485 1.27962e-07 -3.15071e-09
5.49 1.30803e-07 -3.22443e-09
5.495 1.33703e-07 -3.29978e-09
5.5 1.36665e-07 -3.37677e-09
5.505 1.39688e-07 -3.45545e-09
5.51 1.42776e-07 -3.53586e-09
5.515 1.45928e-07 -3.61801e-09
5.52 1.49146e-07 -3.70197e-09
5.525 1.52431e-07 -3.78775e-09
5.53 1.55785e-07 -3.87539e-09
5.535 1.59209e-07 -3.96495e-09
5.54 1.62704e-07 -4.05644e-09
5.545 1.66273e-07 -4.14992e-09
5.55 1.69915e-07 -4.24541e-09
5.555 1.73633e-07 -4.34297e-09
5.56 1.77428e-07 -4.44264e-09
5.565 1.81302e-07 -4.54445e-09
5.57 1.85257e-07 -4.64846e-09
5.575 1.89292e-07 -4.75469e-09
5.58 1.93412e-07 -4.86321e-09
5.585 1.97616e-07 -4.97405e-09
5.59 2.01907e-07 -5.08726e-09
5.595 2.06286e-07 -5.20289e-09
5.6 2.10756e-07 -5.32098e-09
5.605 2.15317e-07 -5.4416e-09
5.61 2.19972e-07 -5.56477e-09
5.615 2.24722e-07 -5.69057e-09
5.62 2.29569e-07 -5.81903e-09
5.625 2.34516e-07 -5.95021e-09
5.63 2.39564e-07 -6.08417e-09
5.635 2.44714e-07 -6.22096e-09
5.64 2.4997e-07 -6.36064e-09
5.645 2.55332e-07 -6.50326e-09
5.65 2.60804e-07 -6.64887e-09
5.655 2.66386e-07 -6.79755e-09
5.66 2.72082e-07 -6.94935e-09
5.665 2.77894e-07 -7.10432e-09
5.67 2.83823e-07 -7.26254e-09
5.675 2.89871e-07 -7.42407e-09
5.68 2.96042e-07 -7.58896e-09
5.685 3.02338e-07 -7.7573e-09
5.69 3.0876e-07 -7.92913e-09
5.695 3.15312e-07 -8.10454e-09
5.7 3.21995e-07 -8.28358e-09
5.705 3.28812e-07 -8.46634e-09
5.71 3.35766e-07 -8.65288e-09
5.715 3.4286e-07 -8.84327e-09
5.72 3.50095e-07 -9.0376e-09
5.725 3.57475e-07 -9.23592e-09
5.73 3.65002e-07 -9.43834e-09
5.735 3.7268e-07 -9.64491e-09
5.74 3.8051e-07 -9.85572e-09
5.745 3.88496e-07 -1.00709e-08
5.75 3.96641e-07 -1.02904e-08
5.755 4.04948e-07 -1.05144e-08
5.76 4.13419e-07 -1.0743e-08
5.765 4.22058e-07 -1.09763e-08
5.77 4.30868e-07 -1.12143e-08
5.775 4.39853e-07 -1.14572e-08
5.78 4.49014e-07 -1.17049e-08
5.785 4.58356e-07 -1.19578e-08
5.79 4.67882e-07 -1.22157e-08
5.795 4.77596e-07 -1.24788e-08
5.8 4.875e-07 -1.27473e-08
5.805 4.97599e-07 -1.30212e-08
5.81 5.07896e-07 -1.33006e-08
5.815 5.18394e-07 -1.35856e-08
5.82 5.29098e-07 -1.38764e-08
5.825 5.40011e-07 -1.41729e-08
5.83 5.51137e-07 -1.44755e-08
5.835 5.6248e-07 -1.47841e-08
5.84 5.74044e-07 -1.50988e-08
5.845 5.85832e-07 -1.54198e-08
5.85 5.9785e-07 -1.57473e-08
5.855 6.10101e-07 -1.60812e-08
5.86 6.2259e-07 -1.64218e-08
5.865 6.3532e-07 -1.67692e-08
5.87 6.48296e-07 -1.71234e-08
5.875 6.61524e-07 -1.74847e-08
5.88 6.75006e-07 -1.78531e-08
5.885 6.88748e-07 -1.82288e-08
5.89 7.02755e-07 -1.86119e-08
5.895 7.17032e-07 -1.90025e-08
5.9 7.31582e-07 -1.94008e-08
5.905 7.46412e-07 -1.9807e-08
5.91 7.61526e-07 -2.02211e-08
5.915 7.7693e-07 -2.06434e-08
5.92 7.92628e-07 -2.10739e-08
5.925 8.08626e-07 -2.15128e-08
5.93 8.24929e-07 -2.19603e-08
5.935 8.41543e-07 -2.24165e-08
5.94 8.58473e-07 -2.28816e-08
5.945 8.75725e-07 -2.33558e-08
5.95 8.93305e-07 -2.38391e-08
5.955 9.11218e-07 -2.43318e-08
5.96 9.29471e-07 -2.48341e-08
5.965 9.4807e-07 -2.53461e-08
5.97 9.6702e-07 -2.5868e-08
5.975 9.86328e-07 -2.64e-08
5.98 1.006e-06 -2.69422e-08
5.985 1.02604e-06 -2.74948e-08
5.99 1.04646e-06 -2.80581e-08
5.995 1.06727e-06 -2.86322e-08
6 1.08846e-06 -2.92173e-08
6.005 1.11006e-06 -2.98136e-08
6.01 1.13205e-06 -3.04213e-08
6.015 1.15446e-06 -3.10406e-08
6.02 1.17729e-06 -3.16717e-08
6.025 1.20055e-06 -3.23149e-08
6.03 1.22424e-06 -3.29703e-08
6.035 1.24837e-06 -3.36381e-08
6.04 1.27294e-06 -3.43186e-08
6.045 1.29798e-06 -3.5012e-08
6.05 1.32348e-06 -3.57186e-08
6.055 1.34946e-06 -3.64385e-08
6.06 1.37591e-06 -3.7172e-08
6.065 1.40286e-06 -3.79193e-08
6.07 1.4303e-06 -3.86807e-08
6.075 1.45825e-06 -3.94565e-08
6.08 1.48672e-06 -4.02468e-08
6.085 1.51571e-06 -4.10519e-08
6.09 1.54523e-06 -4.18722e-08
6.095 1.5753e-06 -4.27077e-08
6.1 1.60592e-06 -4.35589e-08
6.105 1.6371e-06 -4.4426e-08
6.11 1.66885e-06 -4.53093e-08
6.115 1.70118e-06 -4.6209e-08
6.12 1.73411e-06 -4.71255e-08
6.125 1.76763e-06 -4.8059e-08
6.13 1.80177e-06 -4.90097e-08
6.135 1.83653e-06 -4.99782e-08
6.14 1.87192e-06 -5.09645e-08
6.145 1.90796e-06 -5.19691e-08
6.15 1.94465e-06 -5.29922e-08
6.155 1.982e-06 -5.40342e-08
6.16 2.02004e-06 -5.50954e-08
6.165 2.05876e-06 -5.61761e-08
6.17 2.09818e-06 -5.72766e-08
6.175 2.13831e-06 -5.83973e-08
6.18 2.17917e-06 -5.95386e-08
6.185 2.22076e-06 -6.07008e-08
6.19 2.2631e-06 -6.18842e-08
6.195 2.3062e-06 -6.30892e-08
6.2 2.35008e-06 -6.43162e-08
6.205 2.39474e-06 -6.55655e-08
6.21 2.4402e-06 -6.68376e-08
6.215 2.48648e-06 -6.81327e-08
6.22 2.53359e-06 -6.94514e-08
6.225 2.58153e-06 -7.0794e-08
6.23 2.63033e-06 -7.21608e-08
6.235 2.68e-06 -7.35524e-08
6.24 2.73056e-06 -7.49691e-08
6.245 2.78201e-06 -7.64113e-08
6.25 2.83438e-06 -7.78796e-08
6.255 2.88767e-06 -7.93742e-08
6.26 2.94191e-06 -8.08957e-08
6.265 2.99711e-06 -8.24445e-08
6.27 3.05329e-06 -8.4021e-08
6.275 3.11045e-06 -8.56258e-08
6.28 3.16863e-06 -8.72592e-08
6.285 3.22783e-06 -8.89218e-08
6.29 3.28807e-06 -9.06141e-08
6.295 3.34938e-06 -9.23366e-08
6.3 3.41175e-06 -9.40896e-08
6.305 3.47523e-06 -9.58738e-08
6.31 3.53981e-06 -9.76897e-08
6.315 3.60553e-06 -9.95378e-08
6.32 3.67239e-06 -1.01419e-07
6.325 3.74042e-06 -1.03333e-07
6.33 3.80964e-06 -1.05281e-07
6.335 3.88006e-06 -1.07263e-07
6.34 3.95171e-06 -1.0928e-07
6.345 4.02461e-06 -1.11333e-07
6.35 4.09877e-06 -1.13421e-07
6.355 4.17421e-06 -1.15547e-07
6.36 4.25097e-06 -1.17709e-07
6.365 4.32905e-06 -1.1991e-07
6.37 4.40848e-06 -1.22149e-07
6.375 4.48928e-06 -1.24427e-07
6.38 4.57148e-06 -1.26745e-07
6.385 4.6551e-06 -1.29103e-07
6.39 4.74015e-06 -1.31503e-07
6.395 4.82666e-06 -1.33944e-07
6.4 4.91466e-06 -1.36427e-07
6.405 5.00417e-06 -1.38954e-07
6.41 5.09521e-06 -1.41524e-07
6.415 5.18782e-06 -1.44139e-07
6.42 5.282e-06 -1.46799e-07
6.425 5.37779e-06 -1.49505e-07
6.43 5.47522e-06 -1.52257e-07
6.435 5.5743e-06 -1.55057e-07
6.44 5.67508e-06 -1.57905e-07
6.445 5.77756e-06 -1.60802e-07
6.45 5.88179e-06 -1.63749e-07
6.455 5.98778e-06 -1.66746e-07
6.46 6.09557e-06 -1.69795e-07
6.465 6.20518e-06 -1.72895e-07
6.47 6.31665e-06 -1.76049e-07
6.475 6.43e-06 -1.79256e-07
6.48 6.54526e-06 -1.82518e-07
6.485 6.66246e-06 -1.85836e-07
6.49 6.78163e-06 -1.8921e-07
6.495 6.90281e-06 -1.92641e-07
6.5 7.02602e-06 -1.9613e-07
6.505 7.1513e-06 -1.99679e-07
6.51 7.27868e-06 -2.03287e-07
6.515 7.40819e-06 -2.06957e-07
6.52 7.53986e-06 -2.10688e-07
6.525 7.67374e-06 -2.14482e-07
6.53 7.80984e-06 -2.1834e-07
6.535 7.94821e-06 -2.22263e-07
6.54 8.08889e-06 -2.26252e-07
6.545 8.23191e-06 -2.30308e-07
6.55 8.3773e-06 -2.34432e-07
6.555 8.5251e-06 -2.38624e-07
6.56 8.67535e-06 -2.42887e-07
6.565 8.82808e-06 -2.47221e-07
6.57 8.98334e-06 -2.51627e-07
6.575 9.14117e-06 -2.56107e-07
6.58 9.3016e-06 -2.60661e-07
6.585 9.46467e-06 -2.65291e-07
6.59 9.63042e-06 -2.69997e-07
6.595 9.7989e-06 -2.74782e-07
6.6 9.97015e-06 -2.79646e-07
6.605 1.01442e-05 -2.8459e-07
6.61 1.03211e-05 -2.89616e-07
6.615 1.05009e-05 -2.94725e-07
6.62 1.06836e-05 -2.99918e-07
6.625 1.08694e-05 -3.05196e-07
6.63 1.10581e-05 -3.10561e-07
6.635 1.125e-05 -3.16015e-07
6.64 1.14449e-05 -3.21557e-07
6.645 1.1643e-05 -3.27191e-07
6.65 1.18444e-05 -3.32917e-07
6.655 1.2049e-05 -3.38736e-07
6.66 1.22569e-05 -3.44651e-07
6.665 1.24682e-05 -3.50661e-07
6.67 1.26829e-05 -3.5677e-07
6.675 1.2901e-05 -3.62978e-07
6.68 1.31227e-05 -3.69287e-07
6.685 1.33479e-05 -3.75698e-07
6.69 1.35768e-05 -3.82213e-07
6.695 1.38094e-05 -3.88834e-07
6.7 1.40457e-05 -3.95562e-07
6.705 1.42858e-05 -4.02398e-07
6.71 1.45297e-05 -4.09345e-07
6.715 1.47775e-05 -4.16403e-07
6.72 1.50293e-05 -4.23575e-07
6.725 1.52851e-05 -4.30863e-07
6.73 1.5545e-05 -4.38267e-07
6.735 1.5809e-05 -4.45791e-07
6.74 1.60773e-05 -4.53434e-07
6.745 1.63498e-05 -4.612e-07
6.75 1.66266e-05 -4.69091e-07
6.755 1.69078e-05 -4.77107e-07
6.76 1.71935e-05 -4.85251e-07
6.765 1.74837e-05 -4.93524e-07
6.77 1.77785e-05 -5.0193e-07
6.775 1.80779e-05 -5.10468e-07
6.78 1.8382e-05 -5.19143e-07
6.785 1.8691e-05 -5.27955e-07
6.79 1.90048e-05 -5.36906e-07
6.795 1.93235e-05 -5.45999e-07
6.8 1.96473e-05 -5.55235e-07
6.805 1.99761e-05 -5.64618e-07
6.81 2.03101e-05 -5.74148e-07
6.815 2.06493e-05 -5.83828e-07
6.82 2.09938e-05 -5.9366e-07
6.825 2.13437e-05 -6.03647e-07
6.83 2.1699e-05 -6.1379e-07
6.835 2.20599e-05 -6.24093e-07
6.84 2.24264e-05 -6.34556e-07
6.845 2.27986e-05 -6.45183e-07
6.85 2.31765e-05 -6.55976e-07
6.855 2.35603e-05 -6.66937e-07
6.86 2.39501e-05 -6.78069e-07
6.865 2.43459e-05 -6.89375e-07
6.87 2.47478e-05 -7.00856e-07
6.875 2.5156e-05 -7.12515e-07
6.88 2.55704e-05 -7.24355e-07
6.885 2.59912e-05 -7.36378e-07
6.89 2.64185e-05 -7.48587e-07
6.895 2.68523e-05 -7.60985e-07
6.9 2.72928e-05 -7.73574e-07
6.905 2.77401e-05 -7.86357e-07
6.91 2.81942e-05 -7.99337e-07
6.915 2.86552e-05 -8.12517e-07
6.92 2.91233e-05 -8.25899e-07
6.925 2.95986e-05 -8.39486e-07
6.93 3.00811e-05 -8.53282e-07
6.935 3.05709e-05 -8.67288e-07
6.94 3.10682e-05 -8.81509e-07
6.945 3.15731e-05 -8.95947e-07
6.95 3.20856e-05 -9.10606e-07
6.955 3.26059e-05 -9.25487e-07
6.96 3.31341e-05 -9.40595e-07
6.965 3.36703e-05 -9.55933e-07
6.97 3.42145e-05 -9.71504e-07
6.975 3.4767e-05 -9.8731e-07
6.98 3.53279e-05 -1.00336e-06
6.985 3.58971e-05 -1.01965e-06
6.99 3.64749e-05 -1.03618e-06
6.995 3.70615e-05 -1.05296e-06
7 3.76568e-05 -1.07e-06
7.005 3.8261e-05 -1.0873e-06
7.01 3.88743e-05 -1.10485e-06
7.015 3.94968e-05 -1.12267e-06
7.02 4.01286e-05 -1.14076e-06
7.025 4.07698e-05 -1.15911e-06
7.03 4.14205e-05 -1.17774e-06
7.035 4.2081e-05 -1.19665e-06
7.04 4.27512e-05 -1.21585e-06
7.045 4.34315e-05 -1.23532e-06
7.05 4.41218e-05 -1.25509e-06
7.055 4.48224e-05 -1.27516e-06
7.06 4.55333e-05 -1.29552e-06
7.065 4.62548e-05 -1.31618e-06
7.07 4.69869e-05 -1.33715e-06
7.075 4.77298e-05 -1.35844e-06
7.08 4.84837e-05 -1.38003e-06
7.085 4.92487e-05 -1.40195e-06
7.09 5.00249e-05 -1.42419e-06
7.095 5.08126e-05 -1.44675e-06
7.1 5.16118e-05 -1.46965e-06
7.105 5.24227e-05 -1.49289e-06
7.11 5.32455e-05 -1.51647e-06
7.115 5.40803e-05 -1.54039e-06
7.12 5.49273e-05 -1.56467e-06
7.125 5.57867e-05 -1.5893e-06
7.13 5.66586e-05 -1.61429e-06
7.135 5.75432e-05 -1.63965e-06
7.14 5.84406e-05 -1.66537e-06
7.145 5.93511e-05 -1.69147e-06
7.15 6.02749e-05 -1.71795e-06
7.155 6.1212e-05 -1.74482e-06
7.16 6.21626e-05 -1.77208e-06
7.165 6.3127e-05 -1.79973e-06
7.17 6.41054e-05 -1.82778e-06
7.175 6.50979e-05 -1.85624e-06
7.18 6.61046e-05 -1.88511e-06
7.185 6.71259e-05 -1.9144e-06
7.19 6.81618e-05 -1.94411e-06
7.195 6.92127e-05 -1.97425e-06
7.2 7.02786e-05 -2.00482e-06
7.205 7.13598e-05 -2.03583e-06
7.21 7.24564e-05 -2.06729e-06
7.215 7.35688e-05 -2.0992e-06
7.22 7.4697e-05 -2.13156e-06
7.225 7.58413e-05 -2.16439e-06
7.23 7.70019e-05 -2.19769e-06
7.235 7.81791e-05 -2.23146e-06
7.24 7.9373e-05 -2.26572e-06
7.245 8.05838e-05 -2.30046e-06
7.25 8.18118e-05 -2.33569e-06
7.255 8.30572e-05 -2.37143e-06
7.26 8.43203e-05 -2.40768e-06
7.265 8.56011e-05 -2.44443e-06
7.27 8.69001e-05 -2.48171e-06
7.275 8.82174e-05 -2.51952e-06
7.28 8.95533e-05 -2.55786e-06
7.285 9.0908e-05 -2.59674e-06
7.29 9.22817e-05 -2.63617e-06
7.295 9.36746e-05 -2.67616e-06
7.3 9.50872e-05 -2.7167e-06
7.305 9.65195e-05 -2.75782e-06
7.31 9.79718e-05 -2.79951e-06
7.315 9.94445e-05 -2.84179e-06
7.32 0.000100938 -2.88466e-06
7.325 0.000102452 -2.92813e-06
7.33 0.000103987 -2.9722e-06
7.335 0.000105543 -3.01689e-06
7.34 0.000107121 -3.06221e-06
7.345 0.000108721 -3.10815e-06
7.35 0.000110344 -3.15473e-06
7.355 0.000111988 -3.20196e-06
7.36 0.000113656 -3.24985e-06
7.365 0.000115346 -3.29839e-06
7.37 0.00011706 -3.34761e-06
7.375 0.000118797 -3.39751e-06
7.38 0.000120559 -3.4481e-06
7.385 0.000122344 -3.49938e-06
7.39 0.000124154 -3.55138e-06
7.395 0.000125989 -3.60408e-06
7.4 0.000127849 -3.65751e-06
7.405 0.000129735 -3.71168e-06
7.41 0.000131646 -3.76658e-06
7.415 0.000133584 -3.82224e-06
7.42 0.000135548 -3.87866e-06
7.425 0.000137538 -3.93585e-06
7.43 0.000139556 -3.99382e-06
7.435 0.000141601 -4.05258e-06
7.44 0.000143674 -4.11214e-06
7.445 0.000145775 -4.17251e-06
7.45 0.000147905 -4.2337e-06
7.455 0.000150063 -4.29572e-06
7.46 0.000152251 -4.35858e-06
7.465 0.000154468 -4.42229e-06
7.47 0.000156715 -4.48686e-06
7.475 0.000158992 -4.5523e-06
7.48 0.0001613 -4.61863e-06
7.485 0.000163639 -4.68584e-06
7.49 0.000166009 -4.75397e-06
7.495 0.000168412 -4.82301e-06
7.5 0.000170846 -4.89297e-06
7.505 0.000173313 -4.96387e-06
7.51 0.000175813 -5.03573e-06
7.515 0.000178346 -5.10854e-06
7.52 0.000180913 -5.18233e-06
7.525 0.000183514 -5.2571e-06
7.53 0.00018615 -5.33286e-06
7.535 0.000188821 -5.40964e-06
7.54 0.000191527 -5.48743e-06
7.545 0.000194269 -5.56626e-06
7.55 0.000197047 -5.64614e-06
7.555 0.000199863 -5.72707e-06
7.56 0.000202715 -5.80908e-06
7.565 0.000205605 -5.89217e-06
7.57 0.000208533 -5.97635e-06
7.575 0.0002115 -6.06165e-06
7.58 0.000214505 -6.14807e-06
7.585 0.000217551 -6.23562e-06
7.59 0.000220636 -6.32433e-06
7.595 0.000223761 -6.4142e-06
7.6 0.000226928 -6.50525e-06
7.605 0.000230135 -6.59749e-06
7.61 0.000233385 -6.69094e-06
7.615 0.000236677 -6.78561e-06
7.62 0.000240012 -6.88151e-06
7.625 0.000243391 -6.97867e-06
7.63 0.000246813 -7.07709e-06
7.635 0.00025028 -7.17678e-06
7.64 0.000253791 -7.27778e-06
7.645 0.000257348 -7.38008e-06
7.65 0.000260952 -7.48371e-06
7.655 0.000264601 -7.58868e-06
7.66 0.000268298 -7.69501e-06
7.665 0.000272043 -7.80271e-06
7.67 0.000275835 -7.91179e-06
7.675 0.000279677 -8.02229e-06
7.68 0.000283568 -8.1342e-06
7.685 0.000287508 -8.24755e-06
7.69 0.0002915 -8.36236e-06
7.695 0.000295542 -8.47864e-06
7.7 0.000299636 -8.59641e-06
7.705 0.000303782 -8.71569e-06
7.71 0.000307982 -8.83648e-06
7.715 0.000312234 -8.95882e-06
7.72 0.000316541 -9.08272e-06
7.725 0.000320903 -9.2082e-06
7.73 0.00032532 -9.33527e-06
7.735 0.000329793 -9.46395e-06
7.74 0.000334322 -9.59427e-06
7.745 0.000338909 -9.72623e-06
7.75 0.000343554 -9.85987e-06
7.755 0.000348258 -9.9952e-06
7.76 0.000353021 -1.01322e-05
7.765 0.000357843 -1.0271e-05
7.77 0.000362727 -1.04115e-05
7.775 0.000367672 -1.05538e-05
7.78 0.000372679 -1.06978e-05
7.785 0.000377748 -1.08437e-05
7.79 0.000382881 -1.09914e-05
7.795 0.000388079 -1.1141e-05
7.8 0.000393341 -1.12924e-05
7.805 0.000398669 -1.14457e-05
7.81 0.000404063 -1.16009e-05
7.815 0.000409524 -1.17581e-05
7.82 0.000415053 -1.19172e-05
7.825 0.000420651 -1.20783e-05
7.83 0.000426318 -1.22414e-05
7.835 0.000432056 -1.24065e-05
7.84 0.000437864 -1.25736e-05
7.845 0.000443744 -1.27429e-05
7.85 0.000449697 -1.29142e-05
7.855 0.000455723 -1.30876e-05
7.86 0.000461823 -1.32632e-05
7.865 0.000467999 -1.34409e-05
7.87 0.00047425 -1.36208e-05
7.875 0.000480578 -1.38029e-05
7.88 0.000486983 -1.39873e-05
7.885 0.000493467 -1.41739e-05
7.89 0.00050003 -1.43628e-05
7.895 0.000506673 -1.4554e-05
7.9 0.000513397 -1.47475e-05
7.905 0.000520203 -1.49434e-05
7.91 0.000527092 -1.51417e-05
7.915 0.000534065 -1.53424e-05
7.92 0.000541122 -1.55456e-05
7.925 0.000548265 -1.57512e-05
7.93 0.000555494 -1.59592e-05
7.935 0.000562811 -1.61699e-05
7.94 0.000570216 -1.6383e-05
7.945 0.00057771 -1.65987e-05
7.95 0.000585295 -1.68171e-05
7.955 0.000592971 -1.7038e-05
7.96 0.000600739 -1.72617e-05
7.965 0.000608601 -1.7488e-05
7.97 0.000616557 -1.7717e-05
7.975 0.000624608 -1.79488e-05
7.98 0.000632755 -1.81833e-05
7.985 0.000641 -1.84207e-05
7.99 0.000649343 -1.86609e-05
7.995 0.000657785 -1.89039e-05
8 0.000666329 -1.91499e-05
8.005 0.000674973 -1.93987e-05
8.01 0.000683721 -1.96506e-05
8.015 0.000692572 -1.99054e-05
8.02 0.000701528 -2.01632e-05
8.025 0.00071059 -2.04241e-05
8.03 0.000719759 -2.06881e-05
8.035 0.000729036 -2.09552e-05
8.04 0.000738423 -2.12255e-05
8.045 0.00074792 -2.14989e-05
8.05 0.000757529 -2.17756e-05
8.055 0.000767251 -2.20555e-05
8.06 0.000777086 -2.23387e-05
8.065 0.000787037 -2.26252e-05
8.07 0.000797105 -2.29151e-05
8.075 0.00080729 -2.32083e-05
8.08 0.000817595 -2.3505e-05
8.085 0.000828019 -2.38052e-05
8.09 0.000838565 -2.41088e-05
8.095 0.000849233 -2.4416e-05
8.1 0.000860026 -2.47268e-05
8.105 0.000870943 -2.50411e-05
8.11 0.000881988 -2.53591e-05
8.115 0.00089316 -2.56808e-05
8.12 0.000904461 -2.60063e-05
8.125 0.000915893 -2.63354e-05
8.13 0.000927456 -2.66684e-05
8.135 0.000939153 -2.70053e-05
8.14 0.000950985 -2.73459e-05
8.145 0.000962952 -2.76906e-05
8.15 0.000975057 -2.80391e-05
8.155 0.0009873 -2.83917e-05
8.16 0.000999684 -2.87483e-05
8.165 0.00101221 -2.9109e-05
8.17 0.00102488 -2.94738e-05
8.175 0.00103769 -2.98428e-05
8.18 0.00105065 -3.0216e-05
8.185 0.00106376 -3.05934e-05
8.19 0.00107701 -3.09751e-05
8.195 0.00109042 -3.13612e-05
8.2 0.00110397 -3.17516e-05
8.205 0.00111768 -3.21465e-05
8.21 0.00113155 -3.25458e-05
8.215 0.00114557 -3.29497e-05
8.22 0.00115975 -3.33581e-05
8.225 0.0011741 -3.37711e-05
8.23 0.0011886 -3.41887e-05
8.235 0.00120326 -3.46111e-05
8.24 0.00121809 -3.50382e-05
8.245 0.00123309 -3.54701e-05
8.25 0.00124825 -3.59068e-05
8.255 0.00126359 -3.63484e-05
8.26 0.00127909 -3.67949e-05
8.265 0.00129477 -3.72465e-05
8.27 0.00131062 -3.7703e-05
8.275 0.00132665 -3.81647e-05
8.28 0.00134286 -3.86315e-05
8.285 0.00135924 -3.91034e-05
8.29 0.00137581 -3.95806e-05
8.295 0.00139256 -4.00631e-05
8.3 0.0014095 -4.05509e-05
8.305 0.00142662 -4.10441e-05
8.31 0.00144394 -4.15428e-05
8.315 0.00146144 -4.20469e-05
8.32 0.00147913 -4.25566e-05
8.325 0.00149703 -4.30719e-05
8.33 0.00151511 -4.35928e-05
8.335 0.0015334 -4.41195e-05
8.34 0.00155188 -4.46519e-05
8.345 0.00157057 -4.51902e-05
8.35 0.00158946 -4.57343e-05
8.355 0.00160856 -4.62844e-05
8.36 0.00162786 -4.68405e-05
8.365 0.00164738 -4.74026e-05
8.37 0.00166711 -4.79708e-05
8.375 0.00168705 -4.85452e-05
8.38 0.0017072 -4.91258e-05
8.385 0.00172758 -4.97127e-05
8.39 0.00174818 -5.0306e-05
8.395 0.00176899 -5.09056e-05
8.4 0.00179004 -5.15117e-05
8.405 0.0018113 -5.21244e-05
8.41 0.0018328 -5.27436e-05
8.415 0.00185453 -5.33695e-05
8.42 0.00187649 -5.40021e-05
8.425 0.00189869 -5.46415e-05
8.43 0.00192112 -5.52878e-05
8.435 0.0019438 -5.59409e-05
8.44 0.00196671 -5.6601e-05
8.445 0.00198987 -5.72682e-05
8.45 0.00201328 -5.79424e-05
8.455 0.00203693 -5.86238e-05
8.46 0.00206084 -5.93125e-05
8.465 0.002085 -6.00084e-05
8.47 0.00210942 -6.07118e-05
8.475 0.00213409 -6.14225e-05
8.48 0.00215902 -6.21408e-05
8.485 0.00218422 -6.28667e-05
8.49 0.00220968 -6.36002e-05
8.495 0.00223541 -6.43414e-05
8.5 0.00226142 -6.50904e-05
8.505 0.00228769 -6.58473e-05
8.51 0.00231424 -6.66121e-05
8.515 0.00234107 -6.73849e-05
8.52 0.00236817 -6.81658e-05
8.525 0.00239556 -6.89549e-05
8.53 0.00242324 -6.97521e-05
8.535 0.0024512 -7.05577e-05
8.54 0.00247946 -7.13717e-05
8.545 0.002508 -7.21941e-05
8.55 0.00253685 -7.3025e-05
8.555 0.00256599 -7.38646e-05
8.56 0.00259544 -7.47128e-05
8.565 0.00262518 -7.55698e-05
8.57 0.00265524 -7.64357e-05
8.575 0.0026856 -7.73104e-05
8.58 0.00271628 -7.81942e-05
8.585 0.00274727 -7.90871e-05
8.59 0.00277858 -7.99891e-05
8.595 0.00281021 -8.09003e-05
8.6 0.00284217 -8.18209e-05
8.605 0.00287445 -8.27509e-05
8.61 0.00290706 -8.36904e-05
8.615 0.00294 -8.46395e-05
8.62 0.00297328 -8.55982e-05
8.625 0.0030069 -8.65667e-05
8.63 0.00304086 -8.75451e-05
8.635 0.00307516 -8.85333e-05
8.64 0.00310981 -8.95316e-05
8.645 0.00314481 -9.05399e-05
8.65 0.00318016 -9.15585e-05
8.655 0.00321587 -9.25873e-05
8.66 0.00325194 -9.36265e-05
8.665 0.00328838 -9.46761e-05
8.67 0.00332518 -9.57363e-05
8.675 0.00336234 -9.68071e-05
8.68 0.00339988 -9.78886e-05
8.685 0.0034378 -9.8981e-05
8.69 0.00347609 -0.000100084
8.695 0.00351477 -0.000101199
8.7 0.00355383 -0.000102324
8.705 0.00359328 -0.000103461
8.71 0.00363313 -0.000104609
8.715 0.00367337 -0.000105768
8.72 0.003714 -0.000106939
8.725 0.00375504 -0.000108121
8.73 0.00379649 -0.000109315
8.735 0.00383834 -0.000110521
8.74 0.00388061 -0.000111739
8.745 0.00392329 -0.000112968
8.75 0.00396639 -0.00011421
8.755 0.00400992 -0.000115464
8.76 0.00405387 -0.000116731
8.765 0.00409825 -0.000118009
8.77 0.00414306 -0.0001193
8.775 0.00418832 -0.000120604
8.78 0.00423401 -0.000121921
8.785 0.00428015 -0.00012325
8.79 0.00432674 -0.000124592
8.795 0.00437378 -0.000125948
8.8 0.00442128 -0.000127316
8.805 0.00446923 -0.000128698
8.81 0.00451765 -0.000130093
8.815 0.00456654 -0.000131502
8.82 0.0046159 -0.000132924
8.825 0.00466573 -0.00013436
8.83 0.00471605 -0.000135809
8.835 0.00476684 -0.000137273
8.84 0.00481813 -0.00013875
8.845 0.0048699 -0.000140242
8.85 0.00492217 -0.000141748
8.855 0.00497494 -0.000143269
8.86 0.00502821 -0.000144803
8.865 0.00508199 -0.000146353
8.87 0.00513628 -0.000147917
8.875 0.00519109 -0.000149496
8.88 0.00524641 -0.000151091
8.885 0.00530226 -0.0001527
8.89 0.00535864 -0.000154324
8.895 0.00541555 -0.000155964
8.9 0.005473 -0.000157619
8.905 0.00553099 -0.00015929
8.91 0.00558952 -0.000160976
8.915 0.0056486 -0.000162679
8.92 0.00570824 -0.000164397
8.925 0.00576843 -0.000166131
8.93 0.00582919 -0.000167882
8.935 0.00589052 -0.000169649
8.94 0.00595241 -0.000171433
8.945 0.00601489 -0.000173233
8.95 0.00607794 -0.000175049
8.955 0.00614158 -0.000176883
8.96 0.00620581 -0.000178734
8.965 0.00627063 -0.000180601
8.97 0.00633605 -0.000182487
8.975 0.00640208 -0.000184389
8.98 0.00646871 -0.000186309
8.985 0.00653596 -0.000188247
8.99 0.00660383 -0.000190202
8.995 0.00667232 -0.000192176
9 0.00674143 -0.000194167
9.005 0.00681118 -0.000196177
9.01 0.00688157 -0.000198205
9.015 0.0069526 -0.000200252
9.02 0.00702427 -0.000202317
9.025 0.0070966 -0.000204401
9.03 0.00716959 -0.000206504
9.035 0.00724323 -0.000208626
9.04 0.00731755 -0.000210767
9.045 0.00739253 -0.000212928
9.05 0.0074682 -0.000215108
9.055 0.00754454 -0.000217308
9.06 0.00762157 -0.000219527
9.065 0.0076993 -0.000221767
9.07 0.00777772 -0.000224027
9.075 0.00785685 -0.000226307
9.08 0.00793668 -0.000228607
9.085 0.00801723 -0.000230928
9.09 0.0080985 -0.00023327
9.095 0.00818049 -0.000235632
9.1 0.00826321 -0.000238016
9.105 0.00834667 -0.000240421
9.11 0.00843087 -0.000242847
9.115 0.00851581 -0.000245294
9.12 0.0086015 -0.000247764
9.125 0.00868795 -0.000250255
9.13 0.00877517 -0.000252768
9.135 0.00886315 -0.000255303
9.14 0.0089519 -0.00025786
9.145 0.00904144 -0.00026044
9.15 0.00913176 -0.000263043
9.155 0.00922287 -0.000265668
9.16 0.00931477 -0.000268316
9.165 0.00940748 -0.000270988
9.17 0.009501 -0.000273682
9.175 0.00959533 -0.0002764
9.18 0.00969047 -0.000279142
9.185 0.00978645 -0.000281908
9.19 0.00988326 -0.000284697
9.195 0.0099809 -0.000287511
9.2 0.0100794 -0.000290348
9.205 0.0101787 -0.000293211
9.21 0.0102789 -0.000296098
9.215 0.01038 -0.00029901
9.22 0.0104819 -0.000301946
9.225 0.0105847 -0.000304908
9.23 0.0106883 -0.000307896
9.235 0.0107929 -0.000310909
9.24 0.0108983 -0.000313947
9.245 0.0110047 -0.000317011
9.25 0.0111119 -0.000320102
9.255 0.0112201 -0.000323219
9.26 0.0113292 -0.000326362
9.265 0.0114392 -0.000329531
9.27 0.0115501 -0.000332728
9.275 0.011662 -0.000335951
9.28 0.0117748 -0.000339202
9.285 0.0118886 -0.00034248
9.29 0.0120033 -0.000345786
9.295 0.0121189 -0.000349119
9.3 0.0122356 -0.00035248
9.305 0.0123532 -0.000355869
9.31 0.0124718 -0.000359287
9.315 0.0125914 -0.000362733
9.32 0.012712 -0.000366207
9.325 0.0128336 -0.000369711
9.33 0.0129561 -0.000373243
9.335 0.0130798 -0.000376805
9.34 0.0132044 -0.000380396
9.345 0.01333 -0.000384017
9.35 0.0134567 -0.000387668
9.355 0.0135845 -0.000391349
9.36 0.0137132 -0.00039506
9.365 0.0138431 -0.000398801
9.37 0.013974 -0.000402573
9.375 0.014106 -0.000406376
9.38 0.014239 -0.00041021
9.385 0.0143731 -0.000414075
9.39 0.0145084 -0.000417971
9.395 0.0146447 -0.0004219
9.4 0.0147821 -0.00042586
9.405 0.0149206 -0.000429852
9.41 0.0150603 -0.000433876
9.415 0.0152011 -0.000437933
9.42 0.015343 -0.000442022
9.425 0.0154861 -0.000446145
9.43 0.0156303 -0.0004503
9.435 0.0157756 -0.000454489
9.44 0.0159222 -0.000458711
9.445 0.0160699 -0.000462967
9.45 0.0162187 -0.000467257
9.455 0.0163688 -0.000471581
9.46 0.0165201 -0.00047594
9.465 0.0166725 -0.000480333
9.47 0.0168262 -0.000484761
9.475 0.016981 -0.000489224
9.48 0.0171371 -0.000493722
9.485 0.0172945 -0.000498255
9.49 0.017453 -0.000502825
9.495 0.0176128 -0.00050743
9.5 0.0177739 -0.000512071
9.505 0.0179362 -0.000516749
9.51 0.0180998 -0.000521463
9.515 0.0182647 -0.000526214
9.52 0.0184309 -0.000531002
9.525 0.0185983 -0.000535827
9.53 0.0187671 -0.00054069
9.535 0.0189371 -0.00054559
9.54 0.0191085 -0.000550528
9.545 0.0192812 -0.000555504
9.55 0.0194552 -0.000560519
9.555 0.0196306 -0.000565572
9.56 0.0198073 -0.000570665
9.565 0.0199853 -0.000575796
9.57 0.0201648 -0.000580966
9.575 0.0203456 -0.000586176
9.58 0.0205278 -0.000591426
9.585 0.0207113 -0.000596716
9.59 0.0208963 -0.000602046
9.595 0.0210827 -0.000607416
9.6 0.0212704 -0.000612827
9.605 0.0214596 -0.000618279
9.61 0.0216503 -0.000623773
9.615 0.0218423 -0.000629307
9.62 0.0220358 -0.000634883
9.625 0.0222308 -0.000640502
9.63 0.0224272 -0.000646162
9.635 0.0226251 -0.000651864
9.64 0.0228245 -0.00065761
9.645 0.0230254 -0.000663398
9.65 0.0232277 -0.000669229
9.655 0.0234316 -0.000675103
9.66 0.0236369 -0.000681021
9.665 0.0238438 -0.000686983
9.67 0.0240522 -0.000692989
9.675 0.0242622 -0.000699039
9.68 0.0244737 -0.000705134
9.685 0.0246868 -0.000711273
9.69 0.0249014 -0.000717458
9.695 0.0251176 -0.000723688
9.7 0.0253353 -0.000729963
9.705 0.0255547 -0.000736284
9.71 0.0257757 -0.000742651
9.715 0.0259982 -0.000749065
9.72 0.0262224 -0.000755525
9.725 0.0264482 -0.000762032
9.73 0.0266756 -0.000768586
9.735 0.0269047 -0.000775187
9.74 0.0271354 -0.000781835
9.745 0.0273678 -0.000788532
9.75 0.0276019 -0.000795276
9.755 0.0278376 -0.000802069
9.76 0.028075 -0.000808911
9.765 0.0283141 -0.000815801
9.77 0.0285549 -0.00082274
9.775 0.0287975 -0.000829729
9.78 0.0290417 -0.000836767
9.785 0.0292877 -0.000843855
9.79 0.0295354 -0.000850993
9.795 0.0297848 -0.000858181
9.8 0.030036 -0.00086542
9.805 0.030289 -0.00087271
9.81 0.0305438 -0.000880051
9.815 0.0308003 -0.000887444
9.82 0.0310586 -0.000894888
9.825 0.0313188 -0.000902384
9.83 0.0315807 -0.000909932
9.835 0.0318445 -0.000917533
9.84 0.0321101 -0.000925186
9.845 0.0323775 -0.000932892
9.85 0.0326467 -0.000940652
9.855 0.0329179 -0.000948465
9.86 0.0331909 -0.000956331
9.865 0.0334657 -0.000964252
9.87 0.0337425 -0.000972227
9.875 0.0340211 -0.000980256
9.88 0.0343017 -0.000988341
9.885 0.0345841 -0.00099648
9.89 0.0348685 -0.00100467
9.895 0.0351548 -0.00101292
9.9 0.035443 -0.00102123
9.905 0.0357332 -0.00102959
9.91 0.0360254 -0.00103801
9.915 0.0363195 -0.00104649
9.92 0.0366155 -0.00105502
9.925 0.0369136 -0.00106361
9.93 0.0372137 -0.00107225
9.935 0.0375157 -0.00108096
9.94 0.0378198 -0.00108972
9.945 0.0381259 -0.00109854
9.95 0.038434 -0.00110742
9.955 0.0387442 -0.00111636
9.96 0.0390564 -0.00112536
9.965 0.0393707 -0.00113441
9.97 0.039687 -0.00114353
9.975 0.0400054 -0.0011527
9.98 0.0403259 -0.00116194
9.985 0.0406485 -0.00117124
9.99 0.0409732 -0.00118059
9.995 0.0413 -0.00119001
10 0.041629 -0.00119949
10.005 0.04196 -0.00120903
10.01 0.0422932 -0.00121863
10.015 0.0426286 -0.00122829
10.02 0.0429661 -0.00123802
10.025 0.0433058 -0.00124781
10.03 0.0436477 -0.00125766
10.035 0.0439917 -0.00126757
10.04 0.0443379 -0.00127755
10.045 0.0446864 -0.00128759
10.05 0.0450371 -0.0012977
10.055 0.04539 -0.00130787
10.06 0.0457451 -0.0013181
10.065 0.0461024 -0.0013284
10.07 0.0464621 -0.00133876
10.075 0.0468239 -0.00134919
10.08 0.0471881 -0.00135968
10.085 0.0475545 -0.00137024
10.09 0.0479232 -0.00138087
10.095 0.0482942 -0.00139156
10.1 0.0486676 -0.00140232
10.105 0.0490432 -0.00141314
10.11 0.0494212 -0.00142403
10.115 0.0498015 -0.00143499
10.12 0.0501841 -0.00144602
10.125 0.0505691 -0.00145711
10.13 0.0509564 -0.00146828
10.135 0.0513461 -0.00147951
10.14 0.0517382 -0.0014908
10.145 0.0521327 -0.00150217
10.15 0.0525296 -0.00151361
10.155 0.0529289 -0.00152512
10.16 0.0533306 -0.00153669
10.165 0.0537347 -0.00154834
10.17 0.0541413 -0.00156005
10.175 0.0545503 -0.00157184
10.18 0.0549617 -0.0015837
10.185 0.0553757 -0.00159562
10.19 0.055792 -0.00160762
10.195 0.0562109 -0.00161969
10.2 0.0566322 -0.00163183
10.205 0.0570561 -0.00164405
10.21 0.0574824 -0.00165633
10.215 0.0579112 -0.00166869
10.22 0.0583426 -0.00168112
10.225 0.0587765 -0.00169362
10.23 0.059213 -0.0017062
10.235 0.0596519 -0.00171885
10.24 0.0600935 -0.00173157
10.245 0.0605376 -0.00174437
10.25 0.0609842 -0.00175724
10.255 0.0614335 -0.00177019
10.26 0.0618853 -0.00178321
10.265 0.0623398 -0.00179631
10.27 0.0627968 -0.00180948
10.275 0.0632565 -0.00182272
10.28 0.0637187 -0.00183604
10.285 0.0641837 -0.00184944
10.29 0.0646512 -0.00186291
10.295 0.0651214 -0.00187646
10.3 0.0655942 -0.00189009
10.305 0.0660698 -0.00190379
10.31 0.0665479 -0.00191757
10.315 0.0670288 -0.00193143
10.32 0.0675123 -0.00194536
10.325 0.0679986 -0.00195937
10.33 0.0684875 -0.00197346
10.335 0.0689792 -0.00198763
10.34 0.0694736 -0.00200188
10.345 0.0699707 -0.0020162
10.35 0.0704705 -0.00203061
10.355 0.0709731 -0.00204509
10.36 0.0714784 -0.00205965
10.365 0.0719865 -0.00207429
10.37 0.0724973 -0.00208901
10.375 0.073011 -0.00210382
10.38 0.0735274 -0.0021187
10.385 0.0740466 -0.00213366
10.39 0.0745685 -0.0021487
10.395 0.0750933 -0.00216382
10.4 0.0756209 -0.00217903
10.405 0.0761513 -0.00219431
10.41 0.0766845 -0.00220968
10.415 0.0772206 -0.00222512
10.42 0.0777595 -0.00224065
10.425 0.0783012 -0.00225626
10.43 0.0788458 -0.00227196
10.435 0.0793933 -0.00228773
10.44 0.0799436 -0.00230359
10.445 0.0804968 -0.00231953
10.45 0.0810528 -0.00233556
10.455 0.0816118 -0.00235166
10.46 0.0821736 -0.00236785
10.465 0.0827384 -0.00238413
10.47 0.083306 -0.00240048
10.475 0.0838766 -0.00241693
10.48 0.08445 -0.00243345
10.485 0.0850264 -0.00245006
10.49 0.0856057 -0.00246676
10.495 0.086188 -0.00248353
10.5 0.0867732 -0.0025004
10.505 0.0873613 -0.00251735
10.51 0.0879524 -0.00253438
10.515 0.0885464 -0.0025515
10.52 0.0891435 -0.0025687
10.525 0.0897434 -0.00258599
10.53 0.0903464 -0.00260337
10.535 0.0909523 -0.00262083
10.54 0.0915613 -0.00263837
10.545 0.0921732 -0.00265601
10.55 0.0927881 -0.00267373
10.555 0.093406 -0.00269153
10.56 0.0940269 -0.00270943
10.565 0.0946508 -0.00272741
10.57 0.0952778 -0.00274547
10.575 0.0959077 -0.00276363
10.58 0.0965407 -0.00278187
10.585 0.0971768 -0.0028002
10.59 0.0978158 -0.00281861
10.595 0.0984579 -0.00283711
10.6 0.0991031 -0.0028557
10.605 0.0997512 -0.00287438
10.61 0.100402 -0.00289315
10.615 0.101057 -0.002912
10.62 0.101714 -0.00293095
10.625 0.102375 -0.00294998
10.63 0.103038 -0.0029691
10.635 0.103705 -0.00298831
10.64 0.104374 -0.0030076
10.645 0.105047 -0.00302699
10.65 0.105723 -0.00304646
10.655 0.106402 -0.00306603
10.66 0.107084 -0.00308568
10.665 0.107769 -0.00310542
10.67 0.108457 -0.00312525
10.675 0.109148 -0.00314517
10.68 0.109842 -0.00316518
10.685 0.11054 -0.00318528
10.69 0.11124 -0.00320546
10.695 0.111944 -0.00322574
10.7 0.112651 -0.00324611
10.705 0.113361 -0.00326656
10.71 0.114074 -0.00328711
10.715 0.11479 -0.00330775
10.72 0.115509 -0.00332847
10.725 0.116231 -0.00334929
10.73 0.116957 -0.00337019
10.735 0.117685 -0.00339119
10.74 0.118417 -0.00341228
10.745 0.119152 -0.00343345
10.75 0.11989 -0.00345472
10.755 0.120631 -0.00347607
10.76 0.121375 -0.00349752
10.765 0.122123 -0.00351906
10.77 0.122873 -0.00354068
10.775 0.123627 -0.0035624
10.78 0.124384 -0.00358421
10.785 0.125143 -0.0036061
10.79 0.125906 -0.00362809
10.795 0.126673 -0.00365017
10.8 0.127442 -0.00367234
10.805 0.128214 -0.0036946
10.81 0.12899 -0.00371694
10.815 0.129768 -0.00373938
10.82 0.13055 -0.00376191
10.825 0.131335 -0.00378453
10.83 0.132123 -0.00380724
10.835 0.132914 -0.00383004
10.84 0.133709 -0.00385293
10.845 0.134506 -0.0038759
10.85 0.135307 -0.00389897
10.855 0.13611 -0.00392213
10.86 0.136917 -0.00394538
10.865 0.137727 -0.00396872
10.87 0.13854 -0.00399215
10.875 0.139356 -0.00401567
10.88 0.140175 -0.00403927
10.885 0.140998 -0.00406297
10.89 0.141823 -0.00408676
10.895 0.142652 -0.00411063
10.9 0.143483 -0.0041346
10.905 0.144318 -0.00415865
10.91 0.145156 -0.00418279
10.915 0.145997 -0.00420703
10.92 0.146841 -0.00423135
10.925 0.147688 -0.00425576
10.93 0.148538 -0.00428025
10.935 0.149391 -0.00430484
10.94 0.150247 -0.00432952
10.945 0.151107 -0.00435428
10.95 0.151969 -0.00437913
10.955 0.152834 -0.00440407
10.96 0.153703 -0.0044291
10.965 0.154575 -0.00445421
10.97 0.155449 -0.00447942
10.975 0.156327 -0.00450471
10.98 0.157207 -0.00453008
10.985 0.158091 -0.00455555
10.99 0.158978 -0.0045811
10.995 0.159867 -0.00460674
11 0.16076 -0.00463246
11.005 0.161656 -0.00465827
11.01 0.162554 -0.00468417
11.015 0.163456 -0.00471015
11.02 0.164361 -0.00473622
11.025 0.165268 -0.00476237
11.03 0.166179 -0.00478861
11.035 0.167092 -0.00481494
11.04 0.168009 -0.00484134
11.045 0.168928 -0.00486784
11.05 0.16985 -0.00489442
11.055 0.170776 -0.00492108
11.06 0.171704 -0.00494782
11.065 0.172635 -0.00497465
11.07 0.173569 -0.00500156
11.075 0.174505 -0.00502856
11.08 0.175445 -0.00505564
11.085 0.176388 -0.0050828
11.09 0.177333 -0.00511004
11.095 0.178281 -0.00513737
11.1 0.179232 -0.00516477
11.105 0.180186 -0.00519226
11.11 0.181143 -0.00521983
11.115 0.182102 -0.00524748
11.12 0.183065 -0.00527521
11.125 0.18403 -0.00530302
11.13 0.184998 -0.00533091
11.135 0.185968 -0.00535888
11.14 0.186942 -0.00538693
11.145 0.187918 -0.00541506
11.15 0.188896 -0.00544326
11.155 0.189878 -0.00547155
11.16 0.190862 -0.00549991
11.165 0.191849 -0.00552834
11.17 0.192839 -0.00555686
11.175 0.193831 -0.00558545
11.18 0.194826 -0.00561412
11.185 0.195823 -0.00564286
11.19 0.196823 -0.00567168
11.195 0.197826 -0.00570057
11.2 0.198831 -0.00572954
11.205 0.199839 -0.00575858
11.21 0.200849 -0.0057877
11.215 0.201862 -0.00581689
11.22 0.202877 -0.00584615
11.225 0.203895 -0.00587548
11.23 0.204916 -0.00590489
11.235 0.205939 -0.00593437
11.24 0.206964 -0.00596391
11.245 0.207992 -0.00599353
11.25 0.209022 -0.00602322
11.255 0.210055 -0.00605298
11.26 0.21109 -0.0060828
11.265 0.212127 -0.0061127
11.27 0.213167 -0.00614266
11.275 0.214209 -0.00617269
11.28 0.215253 -0.00620279
11.285 0.2163 -0.00623295
11.29 0.217349 -0.00626318
11.295 0.2184 -0.00629347
11.3 0.219454 -0.00632383
11.305 0.22051 -0.00635425
11.31 0.221568 -0.00638474
11.315 0.222628 -0.00641529
11.32 0.22369 -0.0064459
11.325 0.224754 -0.00647657
11.33 0.225821 -0.00650731
11.335 0.22689 -0.0065381
11.34 0.22796 -0.00656896
11.345 0.229033 -0.00659987
11.35 0.230108 -0.00663084
11.355 0.231185 -0.00666187
11.36 0.232264 -0.00669296
11.365 0.233344 -0.00672411
11.37 0.234427 -0.00675531
11.375 0.235512 -0.00678657
11.38 0.236598 -0.00681788
11.385 0.237687 -0.00684924
11.39 0.238777 -0.00688066
11.395 0.239869 -0.00691214
11.4 0.240963 -0.00694366
11.405 0.242059 -0.00697524
11.41 0.243156 -0.00700686
11.415 0.244256 -0.00703854
11.42 0.245357 -0.00707026
11.425 0.246459 -0.00710204
11.43 0.247563 -0.00713386
11.435 0.248669 -0.00716573
11.44 0.249777 -0.00719764
11.445 0.250886 -0.0072296
11.45 0.251997 -0.0072616
11.455 0.253109 -0.00729365
11.46 0.254222 -0.00732574
11.465 0.255337 -0.00735788
11.47 0.256454 -0.00739005
11.475 0.257572 -0.00742227
11.48 0.258691 -0.00745452
11.485 0.259812 -0.00748682
11.49 0.260934 -0.00751915
11.495 0.262057 -0.00755152
11.5 0.263182 -0.00758393
11.505 0.264308 -0.00761637
11.51 0.265435 -0.00764885
11.515 0.266563 -0.00768136
11.52 0.267692 -0.0077139
11.525 0.268822 -0.00774647
11.53 0.269954 -0.00777908
11.535 0.271087 -0.00781172
11.54 0.27222 -0.00784438
11.545 0.273355 -0.00787708
11.55 0.27449 -0.0079098
11.555 0.275627 -0.00794255
11.56 0.276764 -0.00797532
11.565 0.277902 -0.00800812
11.57 0.279041 -0.00804094
11.575 0.280181 -0.00807379
11.58 0.281321 -0.00810666
11.585 0.282463 -0.00813954
11.59 0.283605 -0.00817245
11.595 0.284747 -0.00820538
11.6 0.28589 -0.00823832
11.605 0.287034 -0.00827128
11.61 0.288178 -0.00830425
11.615 0.289323 -0.00833724
11.62 0.290469 -0.00837025
11.625 0.291614 -0.00840326
11.63 0.29276 -0.00843629
11.635 0.293907 -0.00846933
11.64 0.295054 -0.00850238
11.645 0.296201 -0.00853543
11.65 0.297348 -0.00856849
11.655 0.298496 -0.00860156
11.66 0.299643 -0.00863463
11.665 0.300791 -0.00866771
11.67 0.301939 -0.00870079
11.675 0.303087 -0.00873387
11.68 0.304235 -0.00876695
11.685 0.305383 -0.00880003
11.69 0.306531 -0.00883311
11.695 0.307679 -0.00886618
11.7 0.308826 -0.00889925
11.705 0.309974 -0.00893232
11.71 0.311121 -0.00896538
11.715 0.312268 -0.00899843
11.72 0.313414 -0.00903147
11.725 0.31456 -0.0090645
11.73 0.315706 -0.00909752
11.735 0.316852 -0.00913052
11.74 0.317996 -0.00916351
11.745 0.319141 -0.00919649
11.75 0.320285 -0.00922945
11.755 0.321428 -0.00926239
11.76 0.32257 -0.00929531
11.765 0.323712 -0.00932822
11.77 0.324853 -0.0093611
11.775 0.325993 -0.00939395
11.78 0.327132 -0.00942679
11.785 0.328271 -0.00945959
11.79 0.329408 -0.00949237
11.795 0.330545 -0.00952512
11.8 0.33168 -0.00955784
11.805 0.332815 -0.00959054
11.81 0.333948 -0.00962319
11.815 0.33508 -0.00965582
11.82 0.336211 -0.00968841
11.825 0.337341 -0.00972096
11.83 0.338469 -0.00975347
11.835 0.339596 -0.00978595
11.84 0.340722 -0.00981838
11.845 0.341846 -0.00985077
11.85 0.342968 -0.00988312
11.855 0.344089 -0.00991543
11.86 0.345209 -0.00994768
11.865 0.346326 -0.00997989
11.87 0.347442 -0.010012
11.875 0.348556 -0.0100442
11.88 0.349669 -0.0100762
11.885 0.350779 -0.0101082
11.89 0.351888 -0.0101402
11.895 0.352995 -0.0101721
11.9 0.354099 -0.0102039
11.905 0.355202 -0.0102357
11.91 0.356302 -0.0102674
11.915 0.3574 -0.010299
11.92 0.358496 -0.0103306
11.925 0.35959 -0.0103621
11.93 0.360681 -0.0103936
11.935 0.36177 -0.0104249
11.94 0.362857 -0.0104562
11.945 0.363941 -0.0104875
11.95 0.365022 -0.0105186
11.955 0.366101 -0.0105497
11.96 0.367177 -0.0105807
11.965 0.36825 -0.0106117
11.97 0.369321 -0.0106425
11.975 0.370389 -0.0106733
11.98 0.371453 -0.010704
11.985 0.372515 -0.0107346
11.99 0.373574 -0.0107651
11.995 0.37463 -0.0107955
12 0.375683 -0.0108258
12.005 0.376732 -0.0108561
12.01 0.377778 -0.0108862
12.015 0.378821 -0.0109163
12.02 0.379861 -0.0109463
12.025 0.380897 -0.0109761
12.03 0.381929 -0.0110059
12.035 0.382959 -0.0110355
12.04 0.383984 -0.0110651
12.045 0.385006 -0.0110945
12.05 0.386024 -0.0111239
12.055 0.387038 -0.0111531
12.06 0.388049 -0.0111822
12.065 0.389056 -0.0112112
12.07 0.390058 -0.0112401
12.075 0.391057 -0.0112689
12.08 0.392051 -0.0112976
12.085 0.393042 -0.0113261
12.09 0.394028 -0.0113545
12.095 0.39501 -0.0113828
12.1 0.395987 -0.011411
12.105 0.396961 -0.011439
12.11 0.397929 -0.0114669
12.115 0.398893 -0.0114947
12.12 0.399853 -0.0115224
12.125 0.400808 -0.0115499
12.13 0.401758 -0.0115773
12.135 0.402704 -0.0116045
12.14 0.403644 -0.0116316
12.145 0.40458 -0.0116586
12.15 0.405511 -0.0116854
12.155 0.406436 -0.0117121
12.16 0.407357 -0.0117386
12.165 0.408272 -0.011765
12.17 0.409182 -0.0117912
12.175 0.410087 -0.0118173
12.18 0.410987 -0.0118432
12.185 0.411881 -0.011869
12.19 0.41277 -0.0118946
12.195 0.413653 -0.01192
12.2 0.41453 -0.0119453
12.205 0.415402 -0.0119704
12.21 0.416267 -0.0119954
12.215 0.417128 -0.0120202
12.22 0.417982 -0.0120448
12.225 0.41883 -0.0120692
12.23 0.419672 -0.0120935
12.235 0.420508 -0.0121176
12.24 0.421338 -0.0121415
12.245 0.422162 -0.0121652
12.25 0.422979 -0.0121888
12.255 0.42379 -0.0122122
12.26 0.424595 -0.0122354
12.265 0.425393 -0.0122584
12.27 0.426184 -0.0122812
12.275 0.426969 -0.0123038
12.28 0.427747 -0.0123262
12.285 0.428518 -0.0123484
12.29 0.429282 -0.0123704
12.295 0.43004 -0.0123923
12.3 0.43079 -0.0124139
12.305 0.431534 -0.0124353
12.31 0.43227 -0.0124565
12.315 0.432999 -0.0124775
12.32 0.433721 -0.0124983
12.325 0.434435 -0.0125189
12.33 0.435142 -0.0125393
12.335 0.435841 -0.0125595
12.34 0.436533 -0.0125794
12.345 0.437217 -0.0125991
12.35 0.437894 -0.0126186
12.355 0.438563 -0.0126379
12.36 0.439223 -0.0126569
12.365 0.439876 -0.0126757
12.37 0.440521 -0.0126943
12.375 0.441158 -0.0127127
12.38 0.441787 -0.0127308
12.385 0.442407 -0.0127487
12.39 0.443019 -0.0127663
12.395 0.443623 -0.0127837
12.4 0.444219 -0.0128009
12.405 0.444806 -0.0128178
12.41 0.445384 -0.0128344
12.415 0.445954 -0.0128509
12.42 0.446514 -0.012867
12.425 0.447067 -0.0128829
12.43 0.44761 -0.0128986
12.435 0.448144 -0.012914
12.44 0.448669 -0.0129291
12.445 0.449186 -0.012944
12.45 0.449693 -0.0129586
12.455 0.45019 -0.012973
12.46 0.450679 -0.012987
12.465 0.451158 -0.0130008
12.47 0.451628 -0.0130144
12.475 0.452088 -0.0130276
12.48 0.452538 -0.0130406
12.485 0.452979 -0.0130533
12.49 0.45341 -0.0130657
12.495 0.453831 -0.0130779
12.5 0.454243 -0.0130897
12.505 0.454644 -0.0131013
12.51 0.455035 -0.0131126
12.515 0.455417 -0.0131236
12.52 0.455788 -0.0131343
12.525 0.456148 -0.0131447
12.53 0.456499 -0.0131548
12.535 0.456839 -0.0131646
12.54 0.457168 -0.013174
12.545 0.457487 -0.0131832
12.55 0.457795 -0.0131921
12.555 0.458093 -0.0132007
12.56 0.45838 -0.013209
12.565 0.458656 -0.0132169
12.57 0.458921 -0.0132246
12.575 0.459175 -0.0132319
12.58 0.459418 -0.0132389
12.585 0.459649 -0.0132456
12.59 0.45987 -0.0132519
12.595 0.460079 -0.0132579
12.6 0.460277 -0.0132636
12.605 0.460463 -0.013269
12.61 0.460638 -0.0132741
12.615 0.460802 -0.0132788
12.62 0.460953 -0.0132831
12.625 0.461093 -0.0132872
12.63 0.461221 -0.0132909
12.635 0.461337 -0.0132942
12.64 0.461442 -0.0132972
12.645 0.461534 -0.0132999
12.65 0.461614 -0.0133022
12.655 0.461682 -0.0133041
12.66 0.461738 -0.0133057
12.665 0.461781 -0.013307
12.67 0.461812 -0.0133079
12.675 0.46183 -0.0133084
12.68 0.461836 -0.0133086
12.685 0.46183 -0.0133084
12.69 0.46181 -0.0133078
12.695 0.461778 -0.0133069
12.7 0.461733 -0.0133056
12.705 0.461676 -0.013304
12.71 0.461605 -0.0133019
12.715 0.461521 -0.0132995
12.72 0.461424 -0.0132967
12.725 0.461314 -0.0132936
12.73 0.461191 -0.01329
12.735 0.461054 -0.0132861
12.74 0.460904 -0.0132817
12.745 0.460741 -0.013277
12.75 0.460564 -0.0132719
12.755 0.460373 -0.0132664
12.76 0.460169 -0.0132606
12.765 0.459951 -0.0132543
12.77 0.459719 -0.0132476
12.775 0.459473 -0.0132405
12.78 0.459214 -0.013233
12.785 0.45894 -0.0132252
12.79 0.458653 -0.0132169
12.795 0.458351 -0.0132082
12.8 0.458035 -0.0131991
12.805 0.457704 -0.0131895
12.81 0.45736 -0.0131796
12.815 0.457 -0.0131693
12.82 0.456627 -0.0131585
12.825 0.456239 -0.0131473
12.83 0.455836 -0.0131357
12.835 0.455418 -0.0131237
12.84 0.454986 -0.0131112
12.845 0.454539 -0.0130983
12.85 0.454077 -0.013085
12.855 0.453601 -0.0130713
12.86 0.453109 -0.0130571
12.865 0.452602 -0.0130425
12.87 0.45208 -0.0130275
12.875 0.451543 -0.013012
12.88 0.45099 -0.0129961
12.885 0.450422 -0.0129797
12.89 0.449839 -0.0129629
12.895 0.44924 -0.0129457
12.9 0.448626 -0.012928
12.905 0.447997 -0.0129098
12.91 0.447351 -0.0128912
12.915 0.44669 -0.0128722
12.92 0.446013 -0.0128527
12.925 0.445321 -0.0128327
12.93 0.444612 -0.0128123
12.935 0.443888 -0.0127914
12.94 0.443147 -0.0127701
12.945 0.442391 -0.0127483
12.95 0.441618 -0.012726
12.955 0.440829 -0.0127033
12.96 0.440024 -0.0126801
12.965 0.439203 -0.0126564
12.97 0.438365 -0.0126323
12.975 0.437511 -0.0126077
12.98 0.436641 -0.0125826
12.985 0.435754 -0.012557
12.99 0.43485 -0.012531
12.995 0.43393 -0.0125045
13 0.432993 -0.0124775
13.005 0.43204 -0.01245
13.01 0.43107 -0.0124221
13.015 0.430082 -0.0123936
13.02 0.429078 -0.0123647
13.025 0.428057 -0.0123353
13.03 0.427019 -0.0123054
13.035 0.425964 -0.0122749
13.04 0.424892 -0.0122441
13.045 0.423803 -0.0122127
13.05 0.422697 -0.0121808
13.055 0.421573 -0.0121484
13.06 0.420432 -0.0121155
13.065 0.419274 -0.0120822
13.07 0.418098 -0.0120483
13.075 0.416905 -0.0120139
13.08 0.415694 -0.011979
13.085 0.414466 -0.0119436
13.09 0.41322 -0.0119077
13.095 0.411957 -0.0118713
13.1 0.410676 -0.0118344
13.105 0.409378 -0.011797
13.11 0.408061 -0.0117591
13.115 0.406727 -0.0117206
13.12 0.405375 -0.0116817
13.125 0.404005 -0.0116422
13.13 0.402617 -0.0116022
13.135 0.401212 -0.0115617
13.14 0.399788 -0.0115207
13.145 0.398346 -0.0114791
13.15 0.396886 -0.011437
13.155 0.395408 -0.0113945
13.16 0.393912 -0.0113513
13.165 0.392398 -0.0113077
13.17 0.390866 -0.0112636
13.175 0.389315 -0.0112189
13.18 0.387746 -0.0111737
13.185 0.386159 -0.0111279
13.19 0.384553 -0.0110816
13.195 0.382929 -0.0110348
13.2 0.381286 -0.0109875
13.205 0.379625 -0.0109397
13.21 0.377946 -0.0108913
13.215 0.376248 -0.0108423
13.22 0.374532 -0.0107929
13.225 0.372796 -0.0107429
13.23 0.371043 -0.0106923
13.235 0.369271 -0.0106413
13.24 0.36748 -0.0105897
13.245 0.36567 -0.0105375
13.25 0.363842 -0.0104848
13.255 0.361995 -0.0104316
13.26 0.360129 -0.0103778
13.265 0.358244 -0.0103235
13.27 0.356341 -0.0102687
13.275 0.354419 -0.0102133
13.28 0.352477 -0.0101574
13.285 0.350518 -0.0101009
13.29 0.348539 -0.0100439
13.295 0.346541 -0.0099863
13.3 0.344524 -0.00992819
13.305 0.342489 -0.00986953
13.31 0.340434 -0.00981033
13.315 0.338361 -0.00975058
13.32 0.336268 -0.00969028
13.325 0.334157 -0.00962943
13.33 0.332026 -0.00956804
13.335 0.329877 -0.0095061
13.34 0.327708 -0.00944361
13.345 0.325521 -0.00938057
13.35 0.323314 -0.00931699
13.355 0.321088 -0.00925285
13.36 0.318843 -0.00918816
13.365 0.31658 -0.00912292
13.37 0.314297 -0.00905714
13.375 0.311994 -0.0089908
13.38 0.309673 -0.00892391
13.385 0.307333 -0.00885647
13.39 0.304974 -0.00878849
13.395 0.302595 -0.00871995
13.4 0.300197 -0.00865085
13.405 0.297781 -0.00858121
13.41 0.295345 -0.00851102
13.415 0.29289 -0.00844028
13.42 0.290416 -0.00836898
13.425 0.287922 -0.00829714
13.43 0.28541 -0.00822474
13.435 0.282879 -0.00815179
13.44 0.280328 -0.0080783
13.445 0.277758 -0.00800425
13.45 0.27517 -0.00792965
13.455 0.272562 -0.00785451
13.46 0.269935 -0.00777881
13.465 0.267289 -0.00770256
13.47 0.264624 -0.00762577
13.475 0.26194 -0.00754842
13.48 0.259237 -0.00747053
13.485 0.256515 -0.00739209
13.49 0.253774 -0.00731311
13.495 0.251014 -0.00723357
13.5 0.248235 -0.00715349
13.505 0.245437 -0.00707286
13.51 0.24262 -0.00699169
13.515 0.239784 -0.00690997
13.52 0.236935 -0.00682788
