0 0 0
0.08 5.33333e-98 -1.27206e-102
0.16 3.41467e-92 -1.1121e-96
0.24 1.66033e-87 -8.5492e-92
0.32 1.84106e-83 -1.56458e-87
0.4 6.28911e-80 -8.53201e-84
0.48 9.10955e-77 -1.88941e-80
0.56 6.46104e-74 -1.95578e-77
0.64 2.55647e-71 -1.08554e-74
0.72 6.16579e-69 -3.54921e-72
0.8 9.73461e-67 -7.38122e-70
0.88 1.06433e-64 -1.03755e-67
0.96 8.43734e-63 -1.03587e-65
1.04 5.03711e-61 -5.99746e-64
1 7.97985e-62 -1.12209e-64
1.04 6.93066e-61 -1.05715e-63
1.02 2.41317e-61 -3.63079e-64
1.04 7.14124e-61 -1.14646e-63
1.06 2.07016e-60 -3.53723e-63
1.08 5.88325e-60 -1.06747e-62
1.1 1.64033e-59 -3.15382e-62
1.12 4.48994e-59 -9.13013e-62
1.14 1.20733e-58 -2.59192e-61
1.16 3.19119e-58 -7.22101e-61
1.18 8.29611e-58 -1.97565e-60
1.2 2.12242e-57 -5.31183e-60
1.22 5.34629e-57 -1.40434e-59
1.24 1.32664e-56 -3.65298e-59
1.26 3.24447e-56 -9.35433e-59
1.28 7.82384e-56 -2.35937e-58
1.3 1.8611e-55 -5.86427e-58
1.32 4.36891e-55 -1.43705e-57
1.34 1.01252e-54 -3.47349e-57
1.36 2.31752e-54 -8.28479e-57
1.38 5.2407e-54 -1.95072e-56
1.4 1.17126e-53 -4.53605e-56
1.42 2.58797e-53 -1.04205e-55
1.44 5.65517e-53 -2.36581e-55
1.46 1.22248e-52 -5.3101e-55
1.48 2.61505e-52 -1.17868e-54
1.5 5.53705e-52 -2.58816e-54
1.52 1.16079e-51 -5.62368e-54
1.54 2.41003e-51 -1.20951e-53
1.56 4.95665e-51 -2.57556e-53
1.58 1.01008e-50 -5.43155e-53
1.6 2.04e-50 -1.13468e-52
1.62 4.08417e-50 -2.34872e-52
1.64 8.1072e-50 -4.81826e-52
1.66 1.59595e-49 -9.79834e-52
1.68 3.11629e-49 -1.97565e-51
1.7 6.03683e-49 -3.95051e-51
1.72 1.16041e-48 -7.83553e-51
1.74 2.21375e-48 -1.54184e-50
1.76 4.19207e-48 -3.01056e-50
1.78 7.88111e-48 -5.83404e-50
1.8 1.47121e-47 -1.12223e-49
1.82 2.72746e-47 -2.14316e-49
1.84 5.02231e-47 -4.06407e-49
1.86 9.18701e-47 -7.65361e-49
1.88 1.66968e-46 -1.43165e-48
1.9 3.01534e-46 -2.66033e-48
1.92 5.41182e-46 -4.91161e-48
1.94 9.65408e-46 -9.01075e-48
1.96 1.71196e-45 -1.64287e-47
1.98 3.01815e-45 -2.97721e-47
2 5.29061e-45 -5.36327e-47
2.02 9.22227e-45 -9.60545e-47
2.04 1.59877e-44 -1.7105e-46
2.06 2.75672e-44 -3.02898e-46
2.08 4.72833e-44 -5.33437e-46
2.1 8.06814e-44 -9.34395e-46
2.12 1.36972e-43 -1.62811e-45
2.14 2.3138e-43 -2.82217e-45
2.16 3.8895e-43 -4.86715e-45
2.18 6.50693e-43 -8.35212e-45
2.2 1.08346e-42 -1.42623e-44
2.22 1.79571e-42 -2.42378e-44
2.24 2.96269e-42 -4.0996e-44
2.26 4.86628e-42 -6.90199e-44
2.28 7.95799e-42 -1.15671e-43
2.3 1.2958e-41 -1.92987e-43
2.32 2.10104e-41 -3.20567e-43
2.34 3.39252e-41 -5.30185e-43
2.36 5.45549e-41 -8.73145e-43
2.38 8.73773e-41 -1.43194e-42
2.4 1.39395e-40 -2.33871e-42
2.42 2.21516e-40 -3.80423e-42
2.44 3.50674e-40 -6.16346e-42
2.46 5.53055e-40 -9.94669e-42
2.48 8.69013e-40 -1.59902e-41
2.5 1.36051e-39 -2.56082e-41
2.52 2.12238e-39 -4.08581e-41
2.54 3.29923e-39 -6.49496e-41
2.56 5.11086e-39 -1.02872e-40
2.58 7.89028e-39 -1.62354e-40
2.6 1.21403e-38 -2.55328e-40
2.62 1.86178e-38 -4.00153e-40
2.64 2.84584e-38 -6.24981e-40
2.66 4.33609e-38 -9.7284e-40
2.68 6.58584e-38 -1.50929e-39
2.7 9.97173e-38 -2.33387e-39
2.72 1.50521e-37 -3.5973e-39
2.74 2.26521e-37 -5.52701e-39
2.76 3.39878e-37 -8.46519e-39
2.78 5.08468e-37 -1.29251e-38
2.8 7.58481e-37 -1.96744e-38
2.82 1.1282e-36 -2.98575e-38
2.84 1.67341e-36 -4.5176e-38
2.86 2.47523e-36 -6.81527e-38
2.88 3.65122e-36 -1.02517e-37
2.9 5.37141e-36 -1.53765e-37
2.92 7.88101e-36 -2.29978e-37
2.94 1.15328e-35 -3.43003e-37
2.96 1.68329e-35 -5.1016e-37
2.98 2.45062e-35 -7.56704e-37
3 3.55873e-35 -1.11937e-36
3.02 5.15505e-35 -1.65142e-36
3.04 7.44908e-35 -2.42994e-36
3.06 1.07379e-34 -3.56614e-36
3.08 1.54417e-34 -5.22014e-36
3.1 2.21536e-34 -7.62178e-36
3.12 3.17087e-34 -1.11003e-35
3.14 4.52806e-34 -1.61262e-35
3.16 6.45144e-34 -2.33698e-35
3.18 9.17117e-34 -3.37847e-35
3.2 1.30085e-33 -4.87232e-35
3.22 1.8411e-33 -7.00995e-35
3.24 2.60008e-33 -1.00616e-34
3.26 3.66408e-33 -1.44081e-34
3.28 5.15256e-33 -2.05845e-34
3.3 7.2306e-33 -2.93413e-34
3.32 1.01257e-32 -4.17289e-34
3.34 1.41512e-32 -5.92135e-34
3.36 1.9737e-32 -8.38381e-34
3.38 2.74728e-32 -1.18443e-33
3.4 3.81652e-32 -1.66968e-33
3.42 5.29156e-32 -2.34867e-33
3.44 7.32256e-32 -3.29677e-33
3.46 1.01138e-31 -4.61784e-33
3.48 1.39426e-31 -6.45481e-33
3.5 1.91851e-31 -9.00391e-33
3.52 2.63502e-31 -1.2534e-32
3.54 3.61251e-31 -1.74129e-32
3.56 4.94368e-31 -2.41425e-32
3.58 6.75329e-31 -3.34064e-32
3.6 9.20902e-31 -4.61345e-32
3.62 1.25358e-30 -6.35881e-32
3.64 1.70348e-30 -8.74761e-32
3.66 2.31089e-30 -1.20109e-31
3.68 3.12958e-30 -1.64604e-31
3.7 4.2312e-30 -2.25161e-31
3.72 5.71111e-30 -3.07427e-31
3.74 7.69597e-30 -4.18981e-31
3.76 1.03538e-29 -5.69978e-31
3.78 1.39071e-29 -7.74e-31
3.8 1.86501e-29 -1.04918e-30
3.82 2.49713e-29 -1.41969e-30
3.84 3.33827e-29 -1.9177e-30
3.86 4.45586e-29 -2.58592e-30
3.88 5.93847e-29 -3.48101e-30
3.9 7.90242e-29 -4.678e-30
3.92 1.05001e-28 -6.27605e-30
3.94 1.39309e-28 -8.40601e-30
3.96 1.84555e-28 -1.12403e-29
3.98 2.44141e-28 -1.50058e-29
4 3.22497e-28 -2.00004e-29
4.02 4.25394e-28 -2.66148e-29
4.04 5.60325e-28 -3.53608e-29
4.06 7.3702e-28 -4.69071e-29
4.08 9.68087e-28 -6.21271e-29
4.1 1.26985e-27 -8.21591e-29
4.12 1.6634e-27 -1.08485e-28
4.14 2.17597e-27 -1.4303e-28
4.16 2.84268e-27 -1.88295e-28
4.18 3.70875e-27 -2.47518e-28
4.2 4.83232e-27 -3.24892e-28
4.22 6.28808e-27 -4.25836e-28
4.24 8.17184e-27 -5.57342e-28
4.26 1.06064e-26 -7.28422e-28
4.28 1.37487e-26 -9.50677e-28
4.3 1.77997e-26 -1.23902e-27
4.32 2.30157e-26 -1.61258e-27
4.34 2.97235e-26 -2.09591e-27
4.36 3.83392e-26 -2.72041e-27
4.38 4.93926e-26 -3.52626e-27
4.4 6.35564e-26 -4.56474e-27
4.42 8.16846e-26 -5.90129e-27
4.44 1.0486e-25 -7.61925e-27
4.46 1.34453e-25 -9.82463e-27
4.48 1.72198e-25 -1.26522e-26
4.5 2.20287e-25 -1.62728e-26
4.52 2.81484e-25 -2.09034e-26
4.54 3.59277e-25 -2.68183e-26
4.56 4.58058e-25 -3.43645e-26
4.58 5.8335e-25 -4.39805e-26
4.6 7.42097e-25 -5.62193e-26
4.62 9.43017e-25 -7.1778e-26
4.64 1.19704e-24 -9.15339e-26
4.66 1.51787e-24 -1.1659e-25
4.68 1.92264e-24 -1.48333e-25
4.7 2.43279e-24 -1.88501e-25
4.72 3.07508e-24 -2.39272e-25
4.74 3.88294e-24 -3.03375e-25
4.76 4.898e-24 -3.84221e-25
4.78 6.17214e-24 -4.86071e-25
4.8 7.76987e-24 -6.14243e-25
4.82 9.77141e-24 -7.75367e-25
4.84 1.22764e-23 -9.77699e-25
4.86 1.54083e-23 -1.23151e-24
4.88 1.93204e-23 -1.54957e-24
4.9 2.42023e-23 -1.94772e-24
4.92 3.02887e-23 -2.44562e-24
4.94 3.78696e-23 -3.06763e-24
4.96 4.73032e-23 -3.84391e-24
4.98 5.90315e-23 -4.81174e-24
5 7.35992e-23 -6.01722e-24
5.02 9.16774e-23 -7.5172e-24
5.04 1.14092e-22 -9.38183e-24
5.06 1.41857e-22 -1.16975e-23
5.08 1.76221e-22 -1.45706e-23
5.1 2.18714e-22 -1.8132e-23
5.12 2.71213e-22 -2.25424e-23
5.14 3.36018e-22 -2.7999e-23
5.16 4.15944e-22 -3.47439e-23
5.18 5.14437e-22 -4.30736e-23
5.2 6.35706e-22 -5.33512e-23
5.22 7.84892e-22 -6.60208e-23
5.24 9.6827e-22 -8.16252e-23
5.26 1.19349e-21 -1.00827e-22
5.28 1.46987e-21 -1.24436e-22
5.3 1.80875e-21 -1.53437e-22
5.32 2.22395e-21 -1.89032e-22
5.34 2.73222e-21 -2.32682e-22
5.36 3.35394e-21 -2.86165e-22
5.38 4.11384e-21 -3.51642e-22
5.4 5.04188e-21 -4.31735e-22
5.42 6.1744e-21 -5.29627e-22
5.44 7.55539e-21 -6.49174e-22
5.46 9.23805e-21 -7.95049e-22
5.48 1.12867e-20 -9.72907e-22
5.5 1.37791e-20 -1.18959e-21
5.52 1.68091e-20 -1.45336e-21
5.54 2.04899e-20 -1.77419e-21
5.56 2.49579e-20 -2.16414e-21
5.58 3.03775e-20 -2.63772e-21
5.6 3.69467e-20 -3.21243e-21
5.62 4.49034e-20 -3.90934e-21
5.64 5.45338e-20 -4.75379e-21
5.66 6.61816e-20 -5.77624e-21
5.68 8.02594e-20 -7.01331e-21
5.7 9.72623e-20 -8.50894e-21
5.72 1.17784e-19 -1.03159e-20
5.74 1.42534e-19 -1.24973e-20
5.76 1.72365e-19 -1.51289e-20
5.78 2.08294e-19 -1.83013e-20
5.8 2.51538e-19 -2.21231e-20
5.82 3.03553e-19 -2.67238e-20
5.84 3.66074e-19 -3.22584e-20
5.86 4.41173e-19 -3.89118e-20
5.88 5.31321e-19 -4.69046e-20
5.9 6.39464e-19 -5.65001e-20
5.92 7.69106e-19 -6.80117e-20
5.94 9.24422e-19 -8.18128e-20
5.96 1.11038e-18 -9.83477e-20
5.98 1.33287e-18 -1.18145e-19
6 1.59892e-18 -1.41832e-19
6.02 1.91683e-18 -1.70155e-19
6.04 2.2965e-18 -2.04001e-19
6.06 2.74962e-18 -2.44418e-19
6.08 3.29008e-18 -2.92652e-19
6.1 3.9343e-18 -3.50179e-19
6.12 4.70176e-18 -4.18747e-19
6.14 5.61545e-18 -5.00422e-19
6.16 6.70258e-18 -5.9765e-19
6.18 7.99531e-18 -7.13321e-19
6.2 9.53159e-18 -8.5085e-19
6.22 1.13562e-17 -1.01427e-18
6.24 1.35221e-17 -1.20833e-18
6.26 1.60914e-17 -1.43864e-18
6.28 1.91377e-17 -1.71182e-18
6.3 2.27473e-17 -2.03564e-18
6.32 2.70219e-17 -2.41927e-18
6.34 3.20812e-17 -2.87349e-18
6.36 3.80658e-17 -3.41099e-18
6.38 4.5141e-17 -4.04665e-18
6.4 5.35008e-17 -4.79799e-18
6.42 6.33729e-17 -5.68553e-18
6.44 7.50244e-17 -6.73339e-18
6.46 8.87685e-17 -7.96982e-18
6.48 1.04972e-16 -9.42796e-18
6.5 1.24065e-16 -1.11466e-17
6.52 1.4655e-16 -1.31711e-17
6.54 1.73016e-16 -1.55548e-17
6.56 2.04151e-16 -1.83596e-17
6.58 2.40759e-16 -2.16583e-17
6.6 2.83779e-16 -2.55358e-17
6.62 3.34308e-16 -3.00912e-17
6.64 3.93626e-16 -3.54401e-17
6.66 4.63225e-16 -4.17176e-17
6.68 5.44844e-16 -4.90808e-17
6.7 6.40511e-16 -5.77131e-17
6.72 7.52586e-16 -6.7828e-17
6.74 8.83817e-16 -7.9674e-17
6.76 1.0374e-15 -9.35405e-17
6.78 1.21705e-15 -1.09764e-16
6.8 1.4271e-15 -1.28734e-16
6.82 1.67255e-15 -1.50907e-16
6.84 1.95923e-15 -1.76809e-16
6.86 2.29392e-15 -2.07052e-16
6.88 2.68445e-15 -2.42347e-16
6.9 3.13993e-15 -2.83518e-16
6.92 3.67089e-15 -3.31519e-16
6.94 4.28955e-15 -3.87457e-16
6.96 5.01004e-15 -4.52611e-16
6.98 5.84875e-15 -5.28464e-16
7 6.8246e-15 -6.16732e-16
7.02 7.95947e-15 -7.19398e-16
7.04 9.27868e-15 -8.38753e-16
7.06 1.08114e-14 -9.77445e-16
7.08 1.25915e-14 -1.13853e-15
7.1 1.46579e-14 -1.32555e-15
7.12 1.70554e-14 -1.54256e-15
7.14 1.9836e-14 -1.79427e-15
7.16 2.30593e-14 -2.08609e-15
7.18 2.67942e-14 -2.42425e-15
7.2 3.112e-14 -2.81594e-15
7.22 3.61278e-14 -3.26944e-15
7.24 4.19228e-14 -3.79426e-15
7.26 4.86255e-14 -4.40135e-15
7.28 5.63749e-14 -5.10329e-15
7.3 6.53306e-14 -5.91456e-15
7.32 7.56756e-14 -6.85176e-15
7.34 8.76206e-14 -7.93397e-15
7.36 1.01407e-13 -9.18311e-15
7.38 1.17312e-13 -1.06243e-14
7.4 1.35653e-13 -1.22863e-14
7.42 1.56794e-13 -1.42023e-14
7.44 1.81154e-13 -1.641e-14
7.46 2.09209e-13 -1.89528e-14
7.48 2.41508e-13 -2.18804e-14
7.5 2.78676e-13 -2.52495e-14
7.52 3.2143e-13 -2.91252e-14
7.54 3.7059e-13 -3.35819e-14
7.56 4.27093e-13 -3.87044e-14
7.58 4.92008e-13 -4.45899e-14
7.6 5.66559e-13 -5.13493e-14
7.62 6.52141e-13 -5.91093e-14
7.64 7.50347e-13 -6.80143e-14
7.66 8.62994e-13 -7.82293e-14
7.68 9.92156e-13 -8.99422e-14
7.7 1.14019e-12 -1.03368e-13
7.72 1.3098e-12 -1.1875e-13
7.74 1.50405e-12 -1.36367e-13
7.76 1.72642e-12 -1.56536e-13
7.78 1.9809e-12 -1.79617e-13
7.8 2.27201e-12 -2.06022e-13
7.82 2.60488e-12 -2.36216e-13
7.84 2.98538e-12 -2.70731e-13
7.86 3.42015e-12 -3.10171e-13
7.88 3.91674e-12 -3.5522e-13
7.9 4.48374e-12 -4.06656e-13
7.92 5.13088e-12 -4.65365e-13
7.94 5.86921e-12 -5.32349e-13
7.96 6.71128e-12 -6.08746e-13
7.98 7.6713e-12 -6.95847e-13
8 8.76541e-12 -7.95116e-13
8.02 1.00119e-11 -9.0821e-13
8.04 1.14314e-11 -1.03701e-12
8.06 1.30474e-11 -1.18364e-12
8.08 1.48865e-11 -1.35051e-12
8.1 1.69786e-11 -1.54035e-12
8.12 1.93578e-11 -1.75624e-12
8.14 2.20624e-11 -2.00167e-12
8.16 2.5136e-11 -2.28059e-12
8.18 2.86276e-11 -2.59744e-12
8.2 3.25927e-11 -2.95726e-12
8.22 3.70939e-11 -3.36575e-12
8.24 4.2202e-11 -3.82932e-12
8.26 4.79968e-11 -4.35521e-12
8.28 5.45683e-11 -4.9516e-12
8.3 6.20182e-11 -5.62772e-12
8.32 7.04609e-11 -6.39395e-12
8.34 8.00255e-11 -7.26201e-12
8.36 9.08574e-11 -8.24511e-12
8.38 1.03121e-10 -9.35812e-12
8.4 1.16999e-10 -1.06178e-11
8.42 1.32701e-10 -1.20429e-11
8.44 1.5046e-10 -1.36548e-11
8.46 1.70539e-10 -1.54773e-11
8.48 1.93233e-10 -1.75371e-11
8.5 2.18875e-10 -1.98645e-11
8.52 2.47838e-10 -2.24934e-11
8.54 2.80542e-10 -2.54619e-11
8.56 3.17458e-10 -2.88127e-11
8.58 3.59114e-10 -3.25938e-11
8.6 4.06106e-10 -3.68593e-11
8.62 4.59098e-10 -4.16695e-11
8.64 5.1884e-10 -4.70924e-11
8.66 5.86169e-10 -5.32041e-11
8.68 6.62024e-10 -6.00897e-11
8.7 7.4746e-10 -6.78451e-11
8.72 8.43655e-10 -7.65772e-11
8.74 9.51932e-10 -8.64061e-11
8.76 1.07377e-09 -9.74661e-11
8.78 1.21083e-09 -1.09908e-10
8.8 1.36495e-09 -1.23899e-10
8.82 1.53822e-09 -1.39628e-10
8.84 1.73296e-09 -1.57306e-10
8.86 1.95175e-09 -1.77168e-10
8.88 2.1975e-09 -1.99476e-10
8.9 2.47343e-09 -2.24526e-10
8.92 2.78318e-09 -2.52645e-10
8.94 3.13078e-09 -2.842e-10
8.96 3.52073e-09 -3.19601e-10
8.98 3.95807e-09 -3.59303e-10
9 4.44842e-09 -4.03818e-10
9.02 4.99804e-09 -4.53714e-10
9.04 5.61392e-09 -5.09625e-10
9.06 6.30384e-09 -5.72258e-10
9.08 7.07647e-09 -6.42401e-10
9.1 7.9415e-09 -7.20932e-10
9.12 8.90968e-09 -8.08828e-10
9.14 9.99302e-09 -9.07178e-10
9.16 1.12049e-08 -1.0172e-09
9.18 1.25601e-08 -1.14023e-09
9.2 1.40752e-08 -1.27778e-09
9.22 1.57686e-08 -1.43151e-09
9.24 1.76607e-08 -1.60329e-09
9.26 1.97743e-08 -1.79518e-09
9.28 2.21347e-08 -2.00947e-09
9.3 2.47699e-08 -2.24871e-09
9.32 2.77111e-08 -2.51573e-09
9.34 3.09929e-08 -2.81369e-09
9.36 3.46539e-08 -3.14605e-09
9.38 3.87366e-08 -3.51672e-09
9.4 4.32885e-08 -3.92998e-09
9.42 4.83621e-08 -4.3906e-09
9.44 5.40157e-08 -4.90388e-09
9.46 6.03138e-08 -5.47568e-09
9.48 6.73282e-08 -6.1125e-09
9.5 7.51381e-08 -6.82156e-09
9.52 8.38315e-08 -7.61083e-09
9.54 9.35058e-08 -8.48915e-09
9.56 1.04269e-07 -9.46632e-09
9.58 1.1624e-07 -1.05532e-08
9.6 1.29552e-07 -1.17617e-08
9.62 1.4435e-07 -1.31053e-08
9.64 1.60796e-07 -1.45984e-08
9.66 1.79069e-07 -1.62575e-08
9.68 1.99368e-07 -1.81004e-08
9.7 2.2191e-07 -2.0147e-08
9.72 2.46937e-07 -2.24192e-08
9.74 2.74716e-07 -2.49413e-08
9.76 3.05542e-07 -2.774e-08
9.78 3.39741e-07 -3.08449e-08
9.8 3.77672e-07 -3.42887e-08
9.82 4.19731e-07 -3.81073e-08
9.84 4.66357e-07 -4.23405e-08
9.86 5.18032e-07 -4.70322e-08
9.88 5.7529e-07 -5.22307e-08
9.9 6.38717e-07 -5.79893e-08
9.92 7.08961e-07 -6.43669e-08
9.94 7.86736e-07 -7.14282e-08
9.96 8.72828e-07 -7.92447e-08
9.98 9.68104e-07 -8.78949e-08
10 1.07352e-06 -9.74656e-08
10.02 1.19012e-06 -1.08052e-07
10.04 1.31906e-06 -1.19759e-07
10.06 1.46163e-06 -1.32703e-07
10.08 1.61921e-06 -1.4701e-07
10.1 1.79335e-06 -1.62821e-07
10.12 1.98574e-06 -1.80288e-07
10.14 2.19825e-06 -1.99583e-07
10.16 2.43292e-06 -2.20889e-07
10.18 2.69201e-06 -2.44412e-07
10.2 2.97799e-06 -2.70377e-07
10.22 3.29357e-06 -2.9903e-07
10.24 3.64175e-06 -3.30641e-07
10.26 4.02579e-06 -3.65509e-07
10.28 4.44929e-06 -4.0396e-07
10.3 4.91621e-06 -4.46353e-07
10.32 5.43087e-06 -4.93081e-07
10.34 5.99803e-06 -5.44575e-07
10.36 6.62291e-06 -6.01309e-07
10.38 7.31121e-06 -6.63802e-07
10.4 8.06921e-06 -7.32623e-07
10.42 8.90377e-06 -8.08395e-07
10.44 9.82243e-06 -8.91803e-07
10.46 1.08334e-05 -9.83594e-07
10.48 1.19458e-05 -1.08459e-06
10.5 1.31694e-05 -1.19569e-06
10.52 1.45152e-05 -1.31787e-06
10.54 1.59949e-05 -1.45222e-06
10.56 1.76216e-05 -1.59991e-06
10.58 1.94094e-05 -1.76223e-06
10.6 2.13739e-05 -1.94059e-06
10.62 2.3532e-05 -2.13654e-06
10.64 2.59024e-05 -2.35175e-06
10.66 2.85054e-05 -2.58809e-06
10.68 3.13631e-05 -2.84755e-06
10.7 3.44998e-05 -3.13235e-06
10.72 3.79421e-05 -3.44488e-06
10.74 4.17189e-05 -3.78779e-06
10.76 4.58619e-05 -4.16394e-06
10.78 5.04054e-05 -4.57647e-06
10.8 5.53873e-05 -5.02879e-06
10.82 6.08487e-05 -5.52465e-06
10.84 6.68345e-05 -6.06812e-06
10.86 7.33937e-05 -6.66365e-06
10.88 8.05796e-05 -7.31609e-06
10.9 8.84507e-05 -8.03073e-06
10.92 9.70703e-05 -8.81333e-06
10.94 0.000106508 -9.67019e-06
10.96 0.000116838 -1.06082e-05
10.98 0.000128145 -1.16347e-05
11 0.000140516 -1.27579e-05
11.02 0.00015405 -1.39868e-05
11.04 0.000168854 -1.53308e-05
11.06 0.000185042 -1.68006e-05
11.08 0.00020274 -1.84075e-05
11.1 0.000222087 -2.01641e-05
11.12 0.00024323 -2.20838e-05
11.14 0.000266333 -2.41813e-05
11.16 0.000291572 -2.64729e-05
11.18 0.000319139 -2.89757e-05
11.2 0.000349242 -3.17089e-05
11.22 0.000382108 -3.4693e-05
11.24 0.000417985 -3.79504e-05
11.26 0.00045714 -4.15054e-05
11.28 0.000499865 -4.53845e-05
11.3 0.000546475 -4.96164e-05
11.32 0.000597314 -5.42323e-05
11.34 0.000652756 -5.92661e-05
11.36 0.000713205 -6.47545e-05
11.38 0.0007791 -7.07374e-05
11.4 0.00085092 -7.72581e-05
11.42 0.00092918 -8.43637e-05
11.44 0.00101444 -9.21051e-05
11.46 0.00110732 -0.000100538
11.48 0.00120847 -0.000109721
11.5 0.0013186 -0.000119721
11.52 0.0014385 -0.000130607
11.54 0.00156901 -0.000142456
11.56 0.00171103 -0.000155351
11.58 0.00186556 -0.000169381
11.6 0.00203366 -0.000184643
11.62 0.00221649 -0.000201244
11.64 0.00241531 -0.000219295
11.66 0.00263148 -0.000238922
11.68 0.00286646 -0.000260257
11.7 0.00312184 -0.000283444
11.72 0.00339936 -0.000308641
11.74 0.00370086 -0.000336015
11.76 0.00402837 -0.000365751
11.78 0.00438405 -0.000398045
11.8 0.00477028 -0.000433112
11.82 0.00518959 -0.000471183
11.84 0.00564473 -0.000512507
11.86 0.00613869 -0.000557355
11.88 0.00667466 -0.000606019
11.9 0.00725613 -0.000658813
11.92 0.00788685 -0.000716078
11.94 0.00857086 -0.000778182
11.96 0.00931253 -0.000845521
11.98 0.0101166 -0.000918525
12 0.0109881 -0.000997655
12.02 0.0119327 -0.00108341
12.04 0.0129561 -0.00117633
12.06 0.0140648 -0.001277
12.08 0.0152658 -0.00138604
12.1 0.0165664 -0.00150413
12.12 0.0179747 -0.00163199
12.14 0.0194993 -0.00177042
12.16 0.0211496 -0.00192025
12.18 0.0229356 -0.00208241
12.2 0.0248681 -0.00225787
12.22 0.0269588 -0.0024477
12.24 0.0292204 -0.00265303
12.26 0.0316662 -0.0028751
12.28 0.034311 -0.00311523
12.3 0.0371703 -0.00337484
12.32 0.0402611 -0.00365546
12.34 0.0436015 -0.00395875
12.36 0.0472112 -0.00428649
12.38 0.0511111 -0.00464058
12.4 0.0553239 -0.00502308
12.42 0.059874 -0.0054362
12.44 0.0647875 -0.00588232
12.46 0.0700926 -0.00636399
12.48 0.0758196 -0.00688396
12.5 0.082001 -0.00744519
12.52 0.0886717 -0.00805085
12.54 0.0958693 -0.00870435
12.56 0.103634 -0.00940936
12.58 0.11201 -0.0101698
12.6 0.121042 -0.0109899
12.62 0.130782 -0.0118743
12.64 0.141283 -0.0128277
12.66 0.152602 -0.0138554
12.68 0.164802 -0.014963
12.7 0.177948 -0.0161566
12.72 0.192112 -0.0174426
12.74 0.207371 -0.018828
12.76 0.223805 -0.0203202
12.78 0.241504 -0.0219271
12.8 0.260561 -0.0236574
12.82 0.281077 -0.0255201
12.84 0.303161 -0.0275252
12.86 0.326929 -0.0296832
12.88 0.352504 -0.0320053
12.9 0.380021 -0.0345036
12.92 0.409622 -0.0371912
12.94 0.44146 -0.0400819
12.96 0.475698 -0.0431905
12.98 0.512513 -0.0465331
13 0.552091 -0.0501265
13.02 0.594634 -0.0539892
13.04 0.640356 -0.0581405
13.06 0.689489 -0.0626015
13.08 0.742278 -0.0673944
13.1 0.798986 -0.0725432
13.12 0.859896 -0.0780734
13.14 0.925309 -0.0840125
13.16 0.995547 -0.0903897
13.18 1.07095 -0.0972363
13.2 1.1519 -0.104586
13.22 1.23878 -0.112474
13.24 1.33201 -0.120938
13.26 1.43204 -0.130021
13.28 1.53936 -0.139764
13.3 1.65447 -0.150216
13.32 1.77792 -0.161425
13.34 1.91031 -0.173444
13.36 2.05224 -0.186331
13.38 2.2044 -0.200146
13.4 2.36749 -0.214954
13.42 2.54228 -0.230824
13.44 2.72957 -0.247828
13.46 2.93022 -0.266047
13.48 3.14518 -0.285563
13.5 3.3754 -0.306466
13.52 3.62183 -0.328841
