0 0 0
0.08 6.93166e-69 -1.46144e-74
0.16 6.12759e-64 -3.32952e-69
0.24 4.45498e-60 -8.05631e-65
0.32 7.71187e-57 -3.49975e-61
0.4 4.49918e-54 -4.09387e-58
0.48 1.18077e-51 -1.14561e-55
0.44 1.27229e-52 -1.46594e-56
0.42 2.70068e-53 -3.14456e-57
0.44 1.49086e-52 -2.09157e-56
0.43 6.44601e-53 -8.39305e-57
0.44 1.50781e-52 -2.17661e-56
0.45 3.46024e-52 -5.4977e-56
0.46 7.79723e-52 -1.35503e-55
0.47 1.7266e-51 -3.26424e-55
0.48 3.75994e-51 -7.69651e-55
0.49 8.05754e-51 -1.77836e-54
0.5 1.70035e-50 -4.03126e-54
0.51 3.53553e-50 -8.97399e-54
0.52 7.24764e-50 -1.96356e-53
0.53 1.46555e-49 -4.22642e-53
0.54 2.92473e-49 -8.95563e-53
0.55 5.7632e-49 -1.86945e-52
0.56 1.12184e-48 -3.84685e-52
0.57 2.15812e-48 -7.80773e-52
0.58 4.10464e-48 -1.56392e-51
0.59 7.72145e-48 -3.09311e-51
0.6 1.43716e-47 -6.04335e-51
0.61 2.64758e-47 -1.16697e-50
0.62 4.82917e-47 -2.22803e-50
0.63 8.72399e-47 -4.20766e-50
0.64 1.56138e-46 -7.86284e-50
0.65 2.76934e-46 -1.45443e-49
0.66 4.86899e-46 -2.66398e-49
0.67 8.48811e-46 -4.83311e-49
0.68 1.46758e-45 -8.68794e-49
0.69 2.51718e-45 -1.54783e-48
0.7 4.28401e-45 -2.73382e-48
0.71 7.23611e-45 -4.78812e-48
0.72 1.2133e-44 -8.31801e-48
0.73 2.0199e-44 -1.43363e-47
0.74 3.33944e-44 -2.45197e-47
0.75 5.48378e-44 -4.16243e-47
0.76 8.94595e-44 -7.01497e-47
0.77 1.45007e-43 -1.17391e-46
0.78 2.3358e-43 -1.95101e-46
0.79 3.73973e-43 -3.2209e-46
0.8 5.95205e-43 -5.28279e-46
0.81 9.41844e-43 -8.6098e-46
0.82 1.48197e-42 -1.39455e-45
0.83 2.31902e-42 -2.24521e-45
0.84 3.60941e-42 -3.59356e-45
0.85 5.58839e-42 -5.71872e-45
0.86 8.60814e-42 -9.04983e-45
0.87 1.31934e-41 -1.42432e-44
0.88 2.01222e-41 -2.22974e-44
0.89 3.05434e-41 -3.47246e-44
0.9 4.61453e-41 -5.3803e-44
0.91 6.93985e-41 -8.29491e-44
0.92 1.03903e-40 -1.27263e-43
0.93 1.54883e-40 -1.94323e-43
0.94 2.29889e-40 -2.9534e-43
0.95 3.39791e-40 -4.4683e-43
0.96 5.00173e-40 -6.73013e-43
0.97 7.33299e-40 -1.00927e-42
0.98 1.07086e-39 -1.50708e-42
0.99 1.55777e-39 -2.24102e-42
1 2.25753e-39 -3.31874e-42
1.01 3.25951e-39 -4.89503e-42
1.02 4.68913e-39 -7.1916e-42
1.03 6.72178e-39 -1.05249e-41
1.04 9.60191e-39 -1.5345e-41
1.05 1.36692e-38 -2.22897e-41
1.06 1.93939e-38 -3.22595e-41
1.07 2.74254e-38 -4.65222e-41
1.08 3.86576e-38 -6.68559e-41
1.09 5.43169e-38 -9.57467e-41
1.1 7.60814e-38 -1.3666e-40
1.11 1.06241e-37 -1.9441e-40
1.12 1.47909e-37 -2.75664e-40
1.13 2.05312e-37 -3.89631e-40
1.14 2.84165e-37 -5.48986e-40
1.15 3.92181e-37 -7.71131e-40
1.16 5.39739e-37 -1.07988e-39
1.17 7.4077e-37 -1.50776e-39
1.18 1.01392e-36 -2.099e-39
1.19 1.3841e-36 -2.91367e-39
1.2 1.88449e-36 -4.03309e-39
1.21 2.55917e-36 -5.56706e-39
1.22 3.46659e-36 -7.66342e-39
1.23 4.68406e-36 -1.05208e-38
1.24 6.31359e-36 -1.44053e-38
1.25 8.48948e-36 -1.96725e-38
1.26 1.13882e-35 -2.67968e-38
1.27 1.52409e-35 -3.64088e-38
1.28 2.03501e-35 -4.93455e-38
1.29 2.71105e-35 -6.67152e-38
1.3 3.60362e-35 -8.99814e-38
1.31 4.77953e-35 -1.21073e-37
1.32 6.32546e-35 -1.62527e-37
1.33 8.35357e-35 -2.17671e-37
1.34 1.10088e-34 -2.90863e-37
1.35 1.4478e-34 -3.87796e-37
1.36 1.90016e-34 -5.15892e-37
1.37 2.48886e-34 -6.84808e-37
1.38 3.25349e-34 -9.07084e-37
1.39 4.24475e-34 -1.19897e-36
1.4 5.52736e-34 -1.58147e-36
1.41 7.18389e-34 -2.08172e-36
1.42 9.31942e-34 -2.73466e-36
1.43 1.20675e-33 -3.5852e-36
1.44 1.55975e-33 -4.69103e-36
1.45 2.0124e-33 -6.126e-36
1.46 2.59183e-33 -7.98456e-36
1.47 3.33226e-33 -1.03873e-35
1.48 4.27684e-33 -1.34878e-35
1.49 5.47987e-33 -1.74815e-35
1.5 7.00954e-33 -2.26164e-35
1.51 8.95138e-33 -2.92071e-35
1.52 1.14125e-32 -3.76514e-35
1.53 1.45269e-32 -4.8452e-35
1.54 1.84618e-32 -6.2243e-35
1.55 2.34257e-32 -7.98228e-35
1.56 2.96783e-32 -1.02195e-34
1.57 3.75423e-32 -1.30619e-34
1.58 4.74183e-32 -1.66674e-34
1.59 5.9803e-32 -2.12335e-34
1.6 7.53112e-32 -2.70071e-34
1.61 9.47032e-32 -3.42959e-34
1.62 1.18917e-31 -4.34834e-34
1.63 1.49111e-31 -5.50467e-34
1.64 1.86708e-31 -6.95779e-34
1.65 2.33462e-31 -8.78117e-34
1.66 2.91524e-31 -1.10658e-33
1.67 3.63534e-31 -1.39241e-33
1.68 4.52726e-31 -1.7495e-33
1.69 5.63056e-31 -2.19498e-33
1.7 6.9936e-31 -2.74995e-33
1.71 8.67539e-31 -3.44035e-33
1.72 1.07479e-30 -4.29803e-33
1.73 1.32987e-30 -5.36209e-33
1.74 1.64345e-30 -6.68039e-33
1.75 2.02846e-30 -8.31148e-33
1.76 2.50061e-30 -1.03269e-32
1.77 3.07896e-30 -1.2814e-32
1.78 3.78655e-30 -1.58791e-32
1.79 4.65127e-30 -1.96518e-32
1.8 5.70681e-30 -2.42893e-32
1.81 6.99382e-30 -2.9983e-32
1.82 8.56131e-30 -3.69644e-32
1.83 1.04683e-29 -4.55144e-32
1.84 1.27858e-29 -5.59724e-32
1.85 1.55992e-29 -6.8749e-32
1.86 1.90108e-29 -8.43393e-32
1.87 2.31435e-29 -1.0334e-31
1.88 2.81445e-29 -1.26471e-31
1.89 3.419e-29 -1.54596e-31
1.9 4.14906e-29 -1.88754e-31
1.91 5.02979e-29 -2.30192e-31
1.92 6.09124e-29 -2.80404e-31
1.93 7.36921e-29 -3.41179e-31
1.94 8.90634e-29 -4.14658e-31
1.95 1.07534e-28 -5.03397e-31
1.96 1.29708e-28 -6.10449e-31
1.97 1.56301e-28 -7.39452e-31
1.98 1.88165e-28 -8.9474e-31
1.99 2.26309e-28 -1.08147e-30
2 2.71928e-28 -1.30576e-30
2.01 3.26437e-28 -1.5749e-30
2.02 3.91509e-28 -1.8975e-30
2.03 4.69121e-28 -2.2838e-30
2.04 5.61609e-28 -2.74588e-30
2.05 6.71725e-28 -3.29806e-30
2.06 8.02716e-28 -3.95724e-30
2.07 9.58404e-28 -4.74335e-30
2.08 1.14329e-27 -5.67991e-30
2.09 1.36265e-27 -6.7946e-30
2.1 1.62272e-27 -8.12001e-30
2.11 1.93077e-27 -9.69441e-30
2.12 2.29537e-27 -1.15628e-29
2.13 2.72654e-27 -1.37779e-29
2.14 3.23602e-27 -1.64016e-29
2.15 3.83756e-27 -1.95062e-29
2.16 4.54723e-27 -2.31766e-29
2.17 5.38379e-27 -2.75116e-29
2.18 6.36918e-27 -3.2627e-29
2.19 7.52897e-27 -3.86576e-29
2.2 8.89297e-27 -4.57605e-29
2.21 1.04959e-26 -5.41189e-29
2.22 1.23783e-26 -6.39458e-29
2.23 1.45872e-26 -7.54886e-29
2.24 1.71772e-26 -8.90349e-29
2.25 2.02119e-26 -1.04918e-28
2.26 2.37651e-26 -1.23525e-28
2.27 2.79223e-26 -1.45304e-28
2.28 3.27829e-26 -1.70773e-28
2.29 3.84616e-26 -2.00531e-28
2.3 4.50917e-26 -2.35269e-28
2.31 5.28272e-26 -2.75788e-28
2.32 6.18459e-26 -3.23008e-28
2.33 7.23537e-26 -3.7799e-28
2.34 8.45882e-26 -4.41955e-28
2.35 9.88233e-26 -5.16309e-28
2.36 1.15375e-25 -6.02665e-28
2.37 1.34608e-25 -7.02878e-28
2.38 1.56942e-25 -8.19186e-28
2.39 1.8286e-25 -9.54202e-28
2.4 2.12918e-25 -1.11082e-27
2.41 2.47753e-25 -1.29237e-27
2.42 2.88102e-25 -1.50268e-27
2.43 3.34805e-25 -1.74613e-27
2.44 3.8883e-25 -2.02777e-27
2.45 4.51288e-25 -2.35339e-27
2.46 5.23448e-25 -2.7296e-27
2.47 6.06768e-25 -3.16402e-27
2.48 7.02915e-25 -3.66531e-27
2.49 8.13797e-25 -4.24345e-27
2.5 9.41597e-25 -4.9098e-27
2.51 1.08881e-24 -5.67737e-27
2.52 1.25828e-24 -6.56101e-27
2.53 1.45326e-24 -7.57768e-27
2.54 1.67747e-24 -8.74674e-27
2.55 1.93514e-24 -1.00902e-26
2.56 2.23108e-24 -1.16333e-26
2.57 2.5708e-24 -1.34047e-26
2.58 2.96055e-24 -1.54369e-26
2.59 3.40746e-24 -1.77672e-26
2.6 3.91961e-24 -2.04376e-26
2.61 4.50622e-24 -2.34963e-26
2.62 5.17774e-24 -2.69977e-26
2.63 5.94605e-24 -3.10039e-26
2.64 6.82463e-24 -3.55849e-26
2.65 7.82878e-24 -4.08207e-26
2.66 8.97582e-24 -4.68017e-26
2.67 1.02854e-23 -5.36302e-26
2.68 1.17798e-23 -6.14223e-26
2.69 1.34843e-23 -7.03095e-26
2.7 1.54272e-23 -8.04404e-26
2.71 1.7641e-23 -9.19833e-26
2.72 2.01619e-23 -1.05128e-25
2.73 2.30314e-23 -1.2009e-25
2.74 2.62958e-23 -1.37111e-25
2.75 3.00078e-23 -1.56466e-25
2.76 3.42266e-23 -1.78464e-25
2.77 3.90191e-23 -2.03453e-25
2.78 4.44607e-23 -2.31826e-25
2.79 5.06362e-23 -2.64027e-25
2.8 5.76414e-23 -3.00553e-25
2.81 6.5584e-23 -3.41968e-25
2.82 7.45852e-23 -3.88901e-25
2.83 8.47813e-23 -4.42066e-25
2.84 9.63255e-23 -5.02259e-25
2.85 1.0939e-22 -5.70381e-25
2.86 1.24169e-22 -6.47439e-25
2.87 1.40878e-22 -7.34567e-25
2.88 1.59763e-22 -8.33035e-25
2.89 1.81096e-22 -9.44271e-25
2.9 2.05185e-22 -1.06987e-24
2.91 2.32373e-22 -1.21163e-24
2.92 2.63045e-22 -1.37157e-24
2.93 2.97633e-22 -1.55191e-24
2.94 3.3662e-22 -1.7552e-24
2.95 3.80547e-22 -1.98424e-24
2.96 4.30018e-22 -2.2422e-24
2.97 4.8571e-22 -2.53258e-24
2.98 5.48378e-22 -2.85935e-24
2.99 6.18867e-22 -3.22689e-24
3 6.9812e-22 -3.64013e-24
3.01 7.8719e-22 -4.10456e-24
3.02 8.87252e-22 -4.6263e-24
3.03 9.99616e-22 -5.21219e-24
3.04 1.12574e-21 -5.86984e-24
3.05 1.26727e-21 -6.60777e-24
3.06 1.426e-21 -7.43542e-24
3.07 1.60396e-21 -8.36334e-24
3.08 1.8034e-21 -9.40328e-24
3.09 2.02683e-21 -1.05683e-23
3.1 2.27704e-21 -1.18729e-23
3.11 2.55712e-21 -1.33333e-23
3.12 2.87053e-21 -1.49675e-23
3.13 3.22109e-21 -1.67954e-23
3.14 3.61307e-21 -1.88392e-23
3.15 4.05118e-21 -2.11236e-23
3.16 4.54068e-21 -2.3676e-23
3.17 5.08739e-21 -2.65266e-23
3.18 5.69777e-21 -2.97092e-23
3.19 6.37899e-21 -3.32613e-23
3.2 7.13899e-21 -3.72241e-23
3.21 7.98658e-21 -4.16436e-23
3.22 8.93152e-21 -4.65706e-23
3.23 9.9846e-21 -5.20616e-23
3.24 1.11578e-20 -5.81788e-23
3.25 1.24643e-20 -6.49913e-23
3.26 1.39188e-20 -7.25754e-23
3.27 1.55376e-20 -8.10157e-23
3.28 1.73384e-20 -9.04055e-23
3.29 1.93411e-20 -1.00848e-22
3.3 2.15676e-20 -1.12457e-22
3.31 2.4042e-20 -1.2536e-22
3.32 2.67911e-20 -1.39694e-22
3.33 2.98442e-20 -1.55613e-22
3.34 3.3234e-20 -1.73288e-22
3.35 3.69962e-20 -1.92905e-22
3.36 4.11704e-20 -2.1467e-22
3.37 4.58002e-20 -2.38811e-22
3.38 5.09336e-20 -2.65578e-22
3.39 5.66238e-20 -2.95247e-22
3.4 6.29289e-20 -3.28123e-22
3.41 6.99132e-20 -3.6454e-22
3.42 7.76474e-20 -4.04868e-22
3.43 8.62094e-20 -4.49512e-22
3.44 9.56847e-20 -4.98918e-22
3.45 1.06168e-19 -5.53578e-22
3.46 1.17762e-19 -6.14032e-22
3.47 1.30581e-19 -6.80872e-22
3.48 1.4475e-19 -7.54753e-22
3.49 1.60406e-19 -8.36389e-22
3.5 1.77701e-19 -9.26568e-22
3.51 1.968e-19 -1.02615e-21
3.52 2.17886e-19 -1.1361e-21
3.53 2.41157e-19 -1.25744e-21
3.54 2.66832e-19 -1.39131e-21
3.55 2.95153e-19 -1.53898e-21
3.56 3.26382e-19 -1.70182e-21
3.57 3.60808e-19 -1.88132e-21
3.58 3.98748e-19 -2.07915e-21
3.59 4.40548e-19 -2.2971e-21
3.6 4.86587e-19 -2.53716e-21
3.61 5.37283e-19 -2.80149e-21
3.62 5.93089e-19 -3.09248e-21
3.63 6.54503e-19 -3.4127e-21
3.64 7.22072e-19 -3.76502e-21
3.65 7.9639e-19 -4.15253e-21
3.66 8.78111e-19 -4.57864e-21
3.67 9.67946e-19 -5.04705e-21
3.68 1.06667e-18 -5.56184e-21
3.69 1.17515e-18 -6.12744e-21
3.7 1.2943e-18 -6.7487e-21
3.71 1.42513e-18 -7.43092e-21
3.72 1.56877e-18 -8.17988e-21
3.73 1.72642e-18 -9.00188e-21
3.74 1.8994e-18 -9.90383e-21
3.75 2.08915e-18 -1.08932e-20
3.76 2.29725e-18 -1.19783e-20
3.77 2.52541e-18 -1.3168e-20
3.78 2.7755e-18 -1.4472e-20
3.79 3.04956e-18 -1.5901e-20
3.8 3.34981e-18 -1.74665e-20
3.81 3.67867e-18 -1.91813e-20
3.82 4.03878e-18 -2.10589e-20
3.83 4.433e-18 -2.31145e-20
3.84 4.86447e-18 -2.53643e-20
3.85 5.33658e-18 -2.78259e-20
3.86 5.85304e-18 -3.05189e-20
3.87 6.41788e-18 -3.3464e-20
3.88 7.03548e-18 -3.66843e-20
3.89 7.7106e-18 -4.02045e-20
3.9 8.44843e-18 -4.40517e-20
3.91 9.2546e-18 -4.82552e-20
3.92 1.01352e-17 -5.2847e-20
3.93 1.1097e-17 -5.78616e-20
3.94 1.2147e-17 -6.33369e-20
3.95 1.32933e-17 -6.93137e-20
3.96 1.45442e-17 -7.58364e-20
3.97 1.59091e-17 -8.29533e-20
3.98 1.7398e-17 -9.07167e-20
3.99 1.90218e-17 -9.91834e-20
4 2.07923e-17 -1.08415e-19
4.01 2.27223e-17 -1.18478e-19
4.02 2.48257e-17 -1.29446e-19
4.03 2.71176e-17 -1.41397e-19
4.04 2.96144e-17 -1.54415e-19
4.05 3.23336e-17 -1.68594e-19
4.06 3.52946e-17 -1.84033e-19
4.07 3.85181e-17 -2.00841e-19
4.08 4.20266e-17 -2.19134e-19
4.09 4.58444e-17 -2.39041e-19
4.1 4.9998e-17 -2.60699e-19
4.11 5.45159e-17 -2.84256e-19
4.12 5.94291e-17 -3.09874e-19
4.13 6.47708e-17 -3.37727e-19
4.14 7.05775e-17 -3.68004e-19
4.15 7.6888e-17 -4.00909e-19
4.16 8.37449e-17 -4.36676e-19
4.17 9.11937e-17 -4.75696e-19
4.18 9.92839e-17 -5.18276e-19
4.19 1.08069e-16 -5.64733e-19
4.2 1.17607e-16 -6.15412e-19
4.21 1.27959e-16 -6.70688e-19
4.22 1.39194e-16 -7.30971e-19
4.23 1.51384e-16 -7.96707e-19
4.24 1.64607e-16 -8.6838e-19
4.25 1.78949e-16 -9.46519e-19
4.26 1.945e-16 -1.0317e-18
4.27 2.1136e-16 -1.12454e-18
4.28 2.29635e-16 -1.22573e-18
4.29 2.49439e-16 -1.33601e-18
4.3 2.70897e-16 -1.45617e-18
4.31 2.94142e-16 -1.5871e-18
4.32 3.19318e-16 -1.72973e-18
4.33 3.46581e-16 -1.88511e-18
4.34 3.76097e-16 -2.05436e-18
4.35 4.08047e-16 -2.23869e-18
4.36 4.42624e-16 -2.43942e-18
4.37 4.80038e-16 -2.65798e-18
4.38 5.20514e-16 -2.89595e-18
4.39 5.64295e-16 -3.15499e-18
4.4 6.1164e-16 -3.43696e-18
4.41 6.62831e-16 -3.74384e-18
4.42 7.1817e-16 -4.07778e-18
4.43 7.77983e-16 -4.44113e-18
4.44 8.42618e-16 -4.83641e-18
4.45 9.12451e-16 -5.26638e-18
4.46 9.87889e-16 -5.73401e-18
4.47 1.06936e-15 -6.24254e-18
4.48 1.15734e-15 -6.79544e-18
4.49 1.25233e-15 -7.39651e-18
4.5 1.35487e-15 -8.04983e-18
4.51 1.46553e-15 -8.75984e-18
4.52 1.58495e-15 -9.53134e-18
4.53 1.71378e-15 -1.03695e-17
4.54 1.85276e-15 -1.12799e-17
4.55 2.00264e-15 -1.22687e-17
4.56 2.16426e-15 -1.33424e-17
4.57 2.33851e-15 -1.45081e-17
4.58 2.52635e-15 -1.57735e-17
4.59 2.72878e-15 -1.71467e-17
4.6 2.94692e-15 -1.86369e-17
4.61 3.18195e-15 -2.02535e-17
4.62 3.43512e-15 -2.20071e-17
4.63 3.70778e-15 -2.39089e-17
4.64 4.0014e-15 -2.5971e-17
4.65 4.31753e-15 -2.82065e-17
4.66 4.65783e-15 -3.06296e-17
4.67 5.0241e-15 -3.32554e-17
4.68 5.41826e-15 -3.61004e-17
4.69 5.84234e-15 -3.91823e-17
4.7 6.29855e-15 -4.25201e-17
4.71 6.78925e-15 -4.61344e-17
4.72 7.31696e-15 -5.00473e-17
4.73 7.88437e-15 -5.42827e-17
4.74 8.49436e-15 -5.88662e-17
4.75 9.15005e-15 -6.38255e-17
4.76 9.85472e-15 -6.91901e-17
4.77 1.06119e-14 -7.49922e-17
4.78 1.14254e-14 -8.12661e-17
4.79 1.22993e-14 -8.80488e-17
4.8 1.32379e-14 -9.53801e-17
4.81 1.42458e-14 -1.03303e-16
4.82 1.53279e-14 -1.11863e-16
4.83 1.64897e-14 -1.21109e-16
4.84 1.77366e-14 -1.31095e-16
4.85 1.90749e-14 -1.41878e-16
4.86 2.05108e-14 -1.53518e-16
4.87 2.20514e-14 -1.66082e-16
4.88 2.37039e-14 -1.7964e-16
4.89 2.54763e-14 -1.94268e-16
4.9 2.7377e-14 -2.10046e-16
4.91 2.94148e-14 -2.27061e-16
4.92 3.15995e-14 -2.45408e-16
4.93 3.39413e-14 -2.65185e-16
4.94 3.64509e-14 -2.86501e-16
4.95 3.91401e-14 -3.09469e-16
4.96 4.20214e-14 -3.34215e-16
4.97 4.51078e-14 -3.60868e-16
4.98 4.84137e-14 -3.89571e-16
4.99 5.1954e-14 -4.20474e-16
5 5.57448e-14 -4.5374e-16
5.01 5.98032e-14 -4.89543e-16
5.02 6.41476e-14 -5.28067e-16
5.03 6.87973e-14 -5.69511e-16
5.04 7.37731e-14 -6.14088e-16
5.05 7.90971e-14 -6.62025e-16
5.06 8.47929e-14 -7.13564e-16
5.07 9.08855e-14 -7.68966e-16
5.08 9.74017e-14 -8.28507e-16
5.09 1.0437e-13 -8.92485e-16
5.1 1.1182e-13 -9.61216e-16
5.11 1.19785e-13 -1.03504e-15
5.12 1.28299e-13 -1.11432e-15
5.13 1.37399e-13 -1.19943e-15
5.14 1.47122e-13 -1.2908e-15
5.15 1.57512e-13 -1.38887e-15
5.16 1.68611e-13 -1.49409e-15
5.17 1.80467e-13 -1.60698e-15
5.18 1.93129e-13 -1.72806e-15
5.19 2.06651e-13 -1.85792e-15
5.2 2.21088e-13 -1.99715e-15
5.21 2.36501e-13 -2.14641e-15
5.22 2.52953e-13 -2.30638e-15
5.23 2.70513e-13 -2.47781e-15
5.24 2.89251e-13 -2.66149e-15
5.25 3.09245e-13 -2.85824e-15
5.26 3.30576e-13 -3.06896e-15
5.27 3.5333e-13 -3.2946e-15
5.28 3.77598e-13 -3.53617e-15
5.29 4.03479e-13 -3.79475e-15
5.3 4.31075e-13 -4.07149e-15
5.31 4.60497e-13 -4.36761e-15
5.32 4.9186e-13 -4.6844e-15
5.33 5.2529e-13 -5.02326e-15
5.34 5.60916e-13 -5.38565e-15
5.35 5.98879e-13 -5.77313e-15
5.36 6.39327e-13 -6.18738e-15
5.37 6.82417e-13 -6.63015e-15
5.38 7.28315e-13 -7.10334e-15
5.39 7.77197e-13 -7.60894e-15
5.4 8.29253e-13 -8.14909e-15
5.41 8.84679e-13 -8.72603e-15
5.42 9.43688e-13 -9.34217e-15
5.43 1.0065e-12 -1.00001e-14
5.44 1.07336e-12 -1.07024e-14
5.45 1.14451e-12 -1.14521e-14
5.46 1.22022e-12 -1.22522e-14
5.47 1.30077e-12 -1.31059e-14
5.48 1.38646e-12 -1.40167e-14
5.49 1.47762e-12 -1.49883e-14
5.5 1.57456e-12 -1.60245e-14
5.51 1.67765e-12 -1.71294e-14
5.52 1.78727e-12 -1.83073e-14
5.53 1.90381e-12 -1.95631e-14
5.54 2.0277e-12 -2.09014e-14
5.55 2.15938e-12 -2.23277e-14
5.56 2.29933e-12 -2.38473e-14
5.57 2.44804e-12 -2.54661e-14
5.58 2.60605e-12 -2.71903e-14
5.59 2.77391e-12 -2.90266e-14
5.6 2.95223e-12 -3.09819e-14
5.61 3.14163e-12 -3.30635e-14
5.62 3.34277e-12 -3.52794e-14
5.63 3.55636e-12 -3.76377e-14
5.64 3.78313e-12 -4.01473e-14
5.65 4.02388e-12 -4.28174e-14
5.66 4.27944e-12 -4.56579e-14
5.67 4.55068e-12 -4.86793e-14
5.68 4.83854e-12 -5.18924e-14
5.69 5.14398e-12 -5.53091e-14
5.7 5.46807e-12 -5.89416e-14
5.71 5.81188e-12 -6.28031e-14
5.72 6.17658e-12 -6.69073e-14
5.73 6.56339e-12 -7.12689e-14
5.74 6.97361e-12 -7.59033e-14
5.75 7.4086e-12 -8.08268e-14
5.76 7.86981e-12 -8.60569e-14
5.77 8.35875e-12 -9.16117e-14
5.78 8.87704e-12 -9.75106e-14
5.79 9.42638e-12 -1.03774e-13
5.8 1.00086e-11 -1.10423e-13
5.81 1.06255e-11 -1.17482e-13
5.82 1.12791e-11 -1.24973e-13
5.83 1.19716e-11 -1.32923e-13
5.84 1.27052e-11 -1.41358e-13
5.85 1.34822e-11 -1.50307e-13
5.86 1.43051e-11 -1.598e-13
5.87 1.51765e-11 -1.69868e-13
5.88 1.60991e-11 -1.80545e-13
5.89 1.7076e-11 -1.91866e-13
5.9 1.81101e-11 -2.03868e-13
5.91 1.92047e-11 -2.16591e-13
5.92 2.03631e-11 -2.30077e-13
5.93 2.15891e-11 -2.44368e-13
5.94 2.28863e-11 -2.59511e-13
5.95 2.42588e-11 -2.75555e-13
5.96 2.57108e-11 -2.92552e-13
5.97 2.72468e-11 -3.10555e-13
5.98 2.88713e-11 -3.29621e-13
5.99 3.05893e-11 -3.49811e-13
6 3.24061e-11 -3.71189e-13
6.01 3.43271e-11 -3.93821e-13
6.02 3.6358e-11 -4.17777e-13
6.03 3.85049e-11 -4.43133e-13
6.04 4.07742e-11 -4.69966e-13
6.05 4.31727e-11 -4.98359e-13
6.06 4.57073e-11 -5.284e-13
6.07 4.83857e-11 -5.60179e-13
6.08 5.12155e-11 -5.93793e-13
6.09 5.42051e-11 -6.29345e-13
6.1 5.73632e-11 -6.6694e-13
6.11 6.06988e-11 -7.06692e-13
6.12 6.42218e-11 -7.48719e-13
6.13 6.7942e-11 -7.93146e-13
6.14 7.18703e-11 -8.40105e-13
6.15 7.60179e-11 -8.89733e-13
6.16 8.03964e-11 -9.42178e-13
6.17 8.50184e-11 -9.97591e-13
6.18 8.98968e-11 -1.05613e-12
6.19 9.50454e-11 -1.11798e-12
6.2 1.00479e-10 -1.1833e-12
6.21 1.06211e-10 -1.25229e-12
6.22 1.1226e-10 -1.32514e-12
6.23 1.18641e-10 -1.40206e-12
6.24 1.25372e-10 -1.48327e-12
6.25 1.32471e-10 -1.56899e-12
6.26 1.39959e-10 -1.65948e-12
6.27 1.47854e-10 -1.75498e-12
6.28 1.5618e-10 -1.85576e-12
6.29 1.64958e-10 -1.96209e-12
6.3 1.74211e-10 -2.07429e-12
6.31 1.83966e-10 -2.19264e-12
6.32 1.94248e-10 -2.31748e-12
6.33 2.05084e-10 -2.44915e-12
6.34 2.16503e-10 -2.588e-12
6.35 2.28535e-10 -2.73442e-12
6.36 2.41213e-10 -2.8888e-12
6.37 2.54569e-10 -3.05155e-12
6.38 2.68638e-10 -3.22311e-12
6.39 2.83457e-10 -3.40394e-12
6.4 2.99065e-10 -3.59451e-12
6.41 3.15502e-10 -3.79533e-12
6.42 3.3281e-10 -4.00694e-12
6.43 3.51034e-10 -4.22987e-12
6.44 3.70221e-10 -4.46473e-12
6.45 3.90418e-10 -4.71212e-12
6.46 4.11679e-10 -4.97267e-12
6.47 4.34055e-10 -5.24707e-12
6.48 4.57605e-10 -5.53602e-12
6.49 4.82387e-10 -5.84026e-12
6.5 5.08463e-10 -6.16056e-12
6.51 5.35898e-10 -6.49774e-12
6.52 5.64761e-10 -6.85266e-12
6.53 5.95122e-10 -7.2262e-12
6.54 6.27057e-10 -7.61931e-12
6.55 6.60645e-10 -8.03297e-12
6.56 6.95966e-10 -8.46821e-12
6.57 7.33109e-10 -8.92611e-12
6.58 7.72162e-10 -9.4078e-12
6.59 8.13221e-10 -9.91447e-12
6.6 8.56385e-10 -1.04474e-11
6.61 9.01757e-10 -1.10078e-11
6.62 9.49447e-10 -1.15971e-11
6.63 9.99567e-10 -1.22167e-11
6.64 1.05224e-09 -1.28681e-11
6.65 1.10758e-09 -1.3553e-11
6.66 1.16574e-09 -1.42728e-11
6.67 1.22683e-09 -1.50294e-11
6.68 1.29101e-09 -1.58245e-11
6.69 1.35843e-09 -1.666e-11
6.7 1.42923e-09 -1.7538e-11
6.71 1.5036e-09 -1.84604e-11
6.72 1.58169e-09 -1.94294e-11
6.73 1.6637e-09 -2.04473e-11
6.74 1.7498e-09 -2.15164e-11
6.75 1.84019e-09 -2.26393e-11
6.76 1.93508e-09 -2.38185e-11
6.77 2.03469e-09 -2.50567e-11
6.78 2.13923e-09 -2.63567e-11
6.79 2.24896e-09 -2.77216e-11
6.8 2.3641e-09 -2.91544e-11
6.81 2.48492e-09 -3.06584e-11
6.82 2.6117e-09 -3.22369e-11
6.83 2.7447e-09 -3.38935e-11
6.84 2.88422e-09 -3.56319e-11
6.85 3.03058e-09 -3.74561e-11
6.86 3.1841e-09 -3.93699e-11
6.87 3.3451e-09 -4.13777e-11
6.88 3.51394e-09 -4.3484e-11
6.89 3.691e-09 -4.56932e-11
6.9 3.87664e-09 -4.80103e-11
6.91 4.07128e-09 -5.04404e-11
6.92 4.27533e-09 -5.29886e-11
6.93 4.48922e-09 -5.56605e-11
6.94 4.71342e-09 -5.84619e-11
6.95 4.94841e-09 -6.13988e-11
6.96 5.19467e-09 -6.44774e-11
6.97 5.45274e-09 -6.77044e-11
6.98 5.72315e-09 -7.10865e-11
6.99 6.00647e-09 -7.4631e-11
7 6.30329e-09 -7.83454e-11
7.01 6.61424e-09 -8.22373e-11
7.02 6.93996e-09 -8.63151e-11
7.03 7.28111e-09 -9.05871e-11
7.04 7.63841e-09 -9.50622e-11
7.05 8.01259e-09 -9.97498e-11
7.06 8.40442e-09 -1.04659e-10
7.07 8.81468e-09 -1.09801e-10
7.08 9.24423e-09 -1.15186e-10
7.09 9.69392e-09 -1.20824e-10
7.1 1.01647e-08 -1.26728e-10
7.11 1.06574e-08 -1.32908e-10
7.12 1.11732e-08 -1.39378e-10
7.13 1.17129e-08 -1.46151e-10
7.14 1.22778e-08 -1.5324e-10
7.15 1.28688e-08 -1.60659e-10
7.16 1.34873e-08 -1.68424e-10
7.17 1.41343e-08 -1.76548e-10
7.18 1.48112e-08 -1.8505e-10
7.19 1.55193e-08 -1.93945e-10
7.2 1.626e-08 -2.0325e-10
7.21 1.70347e-08 -2.12984e-10
7.22 1.78449e-08 -2.23166e-10
7.23 1.86921e-08 -2.33816e-10
7.24 1.95781e-08 -2.44954e-10
7.25 2.05044e-08 -2.56601e-10
7.26 2.1473e-08 -2.68781e-10
7.27 2.24855e-08 -2.81515e-10
7.28 2.35439e-08 -2.9483e-10
7.29 2.46503e-08 -3.08749e-10
7.3 2.58067e-08 -3.23299e-10
7.31 2.70152e-08 -3.38508e-10
7.32 2.82782e-08 -3.54404e-10
7.33 2.9598e-08 -3.71017e-10
7.34 3.0977e-08 -3.88378e-10
7.35 3.24178e-08 -4.06519e-10
7.36 3.3923e-08 -4.25474e-10
7.37 3.54954e-08 -4.45277e-10
7.38 3.71379e-08 -4.65966e-10
7.39 3.88535e-08 -4.87578e-10
7.4 4.06453e-08 -5.10152e-10
7.41 4.25165e-08 -5.3373e-10
7.42 4.44706e-08 -5.58355e-10
7.43 4.6511e-08 -5.8407e-10
7.44 4.86413e-08 -6.10922e-10
7.45 5.08655e-08 -6.3896e-10
7.46 5.31875e-08 -6.68234e-10
7.47 5.56113e-08 -6.98795e-10
7.48 5.81413e-08 -7.30698e-10
7.49 6.07819e-08 -7.63999e-10
7.5 6.35378e-08 -7.98758e-10
7.51 6.64138e-08 -8.35034e-10
7.52 6.94148e-08 -8.72893e-10
7.53 7.25462e-08 -9.12399e-10
7.54 7.58134e-08 -9.53621e-10
7.55 7.92219e-08 -9.96631e-10
7.56 8.27777e-08 -1.0415e-09
7.57 8.64868e-08 -1.08832e-09
7.58 9.03556e-08 -1.13715e-09
7.59 9.43907e-08 -1.18808e-09
7.6 9.85989e-08 -1.24121e-09
7.61 1.02987e-07 -1.29661e-09
7.62 1.07563e-07 -1.35439e-09
7.63 1.12335e-07 -1.41464e-09
7.64 1.1731e-07 -1.47746e-09
7.65 1.22496e-07 -1.54295e-09
7.66 1.27902e-07 -1.61124e-09
7.67 1.33538e-07 -1.68242e-09
7.68 1.39412e-07 -1.75662e-09
7.69 1.45535e-07 -1.83397e-09
7.7 1.51915e-07 -1.91458e-09
7.71 1.58565e-07 -1.99859e-09
7.72 1.65493e-07 -2.08613e-09
7.73 1.72713e-07 -2.17736e-09
7.74 1.80235e-07 -2.27241e-09
7.75 1.88071e-07 -2.37145e-09
7.76 1.96235e-07 -2.47462e-09
7.77 2.04738e-07 -2.5821e-09
7.78 2.13596e-07 -2.69406e-09
7.79 2.22821e-07 -2.81068e-09
7.8 2.32429e-07 -2.93214e-09
7.81 2.42435e-07 -3.05863e-09
7.82 2.52854e-07 -3.19036e-09
7.83 2.63702e-07 -3.32753e-09
7.84 2.74998e-07 -3.47036e-09
7.85 2.86758e-07 -3.61906e-09
7.86 2.99e-07 -3.77388e-09
7.87 3.11744e-07 -3.93505e-09
7.88 3.2501e-07 -4.10282e-09
7.89 3.38817e-07 -4.27745e-09
7.9 3.53186e-07 -4.4592e-09
7.91 3.68141e-07 -4.64837e-09
7.92 3.83703e-07 -4.84522e-09
7.93 3.99896e-07 -5.05007e-09
7.94 4.16745e-07 -5.26322e-09
7.95 4.34275e-07 -5.485e-09
7.96 4.52513e-07 -5.71574e-09
7.97 4.71485e-07 -5.95579e-09
7.98 4.91219e-07 -6.20549e-09
7.99 5.11747e-07 -6.46524e-09
8 5.33097e-07 -6.73541e-09
8.01 5.55301e-07 -7.0164e-09
8.02 5.78392e-07 -7.30862e-09
8.03 6.02405e-07 -7.61251e-09
8.04 6.27373e-07 -7.92851e-09
8.05 6.53333e-07 -8.25708e-09
8.06 6.80324e-07 -8.59871e-09
8.07 7.08383e-07 -8.95388e-09
8.08 7.37553e-07 -9.3231e-09
8.09 7.67874e-07 -9.70692e-09
8.1 7.99389e-07 -1.01059e-08
8.11 8.32145e-07 -1.05205e-08
8.12 8.66188e-07 -1.09515e-08
8.13 9.01565e-07 -1.13994e-08
8.14 9.38328e-07 -1.18648e-08
8.15 9.76527e-07 -1.23485e-08
8.16 1.01622e-06 -1.2851e-08
8.17 1.05745e-06 -1.33731e-08
8.18 1.10029e-06 -1.39156e-08
8.19 1.14479e-06 -1.44791e-08
8.2 1.19102e-06 -1.50645e-08
8.21 1.23904e-06 -1.56725e-08
8.22 1.28891e-06 -1.63041e-08
8.23 1.3407e-06 -1.696e-08
8.24 1.39449e-06 -1.76412e-08
8.25 1.45035e-06 -1.83486e-08
8.26 1.50835e-06 -1.90831e-08
8.27 1.56857e-06 -1.98458e-08
8.28 1.63109e-06 -2.06377e-08
8.29 1.696e-06 -2.14599e-08
8.3 1.76338e-06 -2.23134e-08
8.31 1.83333e-06 -2.31994e-08
8.32 1.90594e-06 -2.41191e-08
8.33 1.9813e-06 -2.50737e-08
8.34 2.05951e-06 -2.60645e-08
8.35 2.14068e-06 -2.70928e-08
8.36 2.22492e-06 -2.81598e-08
8.37 2.31233e-06 -2.92671e-08
8.38 2.40302e-06 -3.04161e-08
8.39 2.49712e-06 -3.16083e-08
8.4 2.59475e-06 -3.28451e-08
8.41 2.69603e-06 -3.41283e-08
8.42 2.8011e-06 -3.54594e-08
8.43 2.91008e-06 -3.68403e-08
8.44 3.02312e-06 -3.82725e-08
8.45 3.14037e-06 -3.97581e-08
8.46 3.26197e-06 -4.12988e-08
8.47 3.38807e-06 -4.28967e-08
8.48 3.51884e-06 -4.45537e-08
8.49 3.65444e-06 -4.62719e-08
8.5 3.79504e-06 -4.80535e-08
8.51 3.94082e-06 -4.99007e-08
8.52 4.09195e-06 -5.18158e-08
8.53 4.24863e-06 -5.38012e-08
8.54 4.41104e-06 -5.58594e-08
8.55 4.5794e-06 -5.79929e-08
8.56 4.7539e-06 -6.02043e-08
8.57 4.93476e-06 -6.24964e-08
8.58 5.1222e-06 -6.48718e-08
8.59 5.31645e-06 -6.73336e-08
8.6 5.51775e-06 -6.98848e-08
8.61 5.72634e-06 -7.25283e-08
8.62 5.94246e-06 -7.52674e-08
8.63 6.16639e-06 -7.81055e-08
8.64 6.39838e-06 -8.10458e-08
8.65 6.63872e-06 -8.40919e-08
8.66 6.88769e-06 -8.72475e-08
8.67 7.14558e-06 -9.05162e-08
8.68 7.41271e-06 -9.39019e-08
8.69 7.68938e-06 -9.74087e-08
8.7 7.97592e-06 -1.01041e-07
8.71 8.27267e-06 -1.04802e-07
8.72 8.57996e-06 -1.08697e-07
8.73 8.89817e-06 -1.12731e-07
8.74 9.22766e-06 -1.16907e-07
8.75 9.5688e-06 -1.21231e-07
8.76 9.92199e-06 -1.25708e-07
8.77 1.02876e-05 -1.30343e-07
8.78 1.06662e-05 -1.35142e-07
8.79 1.1058e-05 -1.40108e-07
8.8 1.14636e-05 -1.4525e-07
8.81 1.18834e-05 -1.50571e-07
8.82 1.23178e-05 -1.56079e-07
8.83 1.27675e-05 -1.61779e-07
8.84 1.32328e-05 -1.67678e-07
8.85 1.37143e-05 -1.73782e-07
8.86 1.42125e-05 -1.80098e-07
8.87 1.47281e-05 -1.86634e-07
8.88 1.52615e-05 -1.93396e-07
8.89 1.58133e-05 -2.00392e-07
8.9 1.63842e-05 -2.07629e-07
8.91 1.69747e-05 -2.15116e-07
8.92 1.75856e-05 -2.2286e-07
8.93 1.82175e-05 -2.30871e-07
8.94 1.8871e-05 -2.39157e-07
8.95 1.95469e-05 -2.47726e-07
8.96 2.02459e-05 -2.56588e-07
8.97 2.09688e-05 -2.65753e-07
8.98 2.17163e-05 -2.7523e-07
8.99 2.24892e-05 -2.85029e-07
9 2.32884e-05 -2.95161e-07
9.01 2.41146e-05 -3.05637e-07
9.02 2.49689e-05 -3.16468e-07
9.03 2.5852e-05 -3.27665e-07
9.04 2.67648e-05 -3.39239e-07
9.05 2.77085e-05 -3.51204e-07
9.06 2.86839e-05 -3.6357e-07
9.07 2.9692e-05 -3.76353e-07
9.08 3.07339e-05 -3.89563e-07
9.09 3.18107e-05 -4.03216e-07
9.1 3.29234e-05 -4.17325e-07
9.11 3.40733e-05 -4.31905e-07
9.12 3.52614e-05 -4.4697e-07
9.13 3.64891e-05 -4.62536e-07
9.14 3.77575e-05 -4.78619e-07
9.15 3.90679e-05 -4.95235e-07
9.16 4.04217e-05 -5.124e-07
9.17 4.18202e-05 -5.30133e-07
9.18 4.32648e-05 -5.4845e-07
9.19 4.47569e-05 -5.67371e-07
9.2 4.62981e-05 -5.86913e-07
9.21 4.78899e-05 -6.07097e-07
9.22 4.95338e-05 -6.27942e-07
9.23 5.12315e-05 -6.49469e-07
9.24 5.29846e-05 -6.71699e-07
9.25 5.47949e-05 -6.94654e-07
9.26 5.66641e-05 -7.18356e-07
9.27 5.8594e-05 -7.42828e-07
9.28 6.05865e-05 -7.68094e-07
9.29 6.26435e-05 -7.94178e-07
9.3 6.47671e-05 -8.21106e-07
9.31 6.69592e-05 -8.48903e-07
9.32 6.92219e-05 -8.77596e-07
9.33 7.15574e-05 -9.07213e-07
9.34 7.3968e-05 -9.3778e-07
9.35 7.64559e-05 -9.69329e-07
9.36 7.90234e-05 -1.00189e-06
9.37 8.1673e-05 -1.03549e-06
9.38 8.44071e-05 -1.07016e-06
9.39 8.72284e-05 -1.10593e-06
9.4 9.01394e-05 -1.14285e-06
9.41 9.31428e-05 -1.18094e-06
9.42 9.62415e-05 -1.22023e-06
9.43 9.94382e-05 -1.26077e-06
9.44 0.000102736 -1.30259e-06
9.45 0.000106138 -1.34573e-06
9.46 0.000109647 -1.39022e-06
9.47 0.000113266 -1.43612e-06
9.48 0.000116999 -1.48346e-06
9.49 0.000120849 -1.53228e-06
9.5 0.000124819 -1.58263e-06
9.51 0.000128914 -1.63456e-06
9.52 0.000133136 -1.6881e-06
9.53 0.000137489 -1.74331e-06
9.54 0.000141978 -1.80024e-06
9.55 0.000146606 -1.85893e-06
9.56 0.000151378 -1.91944e-06
9.57 0.000156297 -1.98183e-06
9.58 0.000161369 -2.04614e-06
9.59 0.000166596 -2.11243e-06
9.6 0.000171985 -2.18077e-06
9.61 0.000177539 -2.2512e-06
9.62 0.000183263 -2.3238e-06
9.63 0.000189163 -2.39862e-06
9.64 0.000195243 -2.47573e-06
9.65 0.000201509 -2.5552e-06
9.66 0.000207966 -2.63708e-06
9.67 0.00021462 -2.72146e-06
9.68 0.000221475 -2.8084e-06
9.69 0.000228539 -2.89798e-06
9.7 0.000235816 -2.99027e-06
9.71 0.000243314 -3.08536e-06
9.72 0.000251038 -3.18331e-06
9.73 0.000258994 -3.28422e-06
9.74 0.00026719 -3.38816e-06
9.75 0.000275632 -3.49522e-06
9.76 0.000284327 -3.60549e-06
9.77 0.000293283 -3.71907e-06
9.78 0.000302506 -3.83604e-06
9.79 0.000312004 -3.9565e-06
9.8 0.000321785 -4.08055e-06
9.81 0.000331858 -4.20829e-06
9.82 0.000342229 -4.33982e-06
9.83 0.000352908 -4.47525e-06
9.84 0.000363902 -4.61469e-06
9.85 0.000375222 -4.75825e-06
9.86 0.000386876 -4.90604e-06
9.87 0.000398872 -5.05819e-06
9.88 0.000411222 -5.21481e-06
9.89 0.000423934 -5.37602e-06
9.9 0.000437018 -5.54197e-06
9.91 0.000450485 -5.71276e-06
9.92 0.000464346 -5.88855e-06
9.93 0.00047861 -6.06946e-06
9.94 0.00049329 -6.25564e-06
9.95 0.000508397 -6.44723e-06
9.96 0.000523942 -6.64437e-06
9.97 0.000539937 -6.84723e-06
9.98 0.000556395 -7.05596e-06
9.99 0.000573328 -7.27071e-06
10 0.000590749 -7.49166e-06
10.01 0.000608671 -7.71896e-06
10.02 0.000627108 -7.95279e-06
10.03 0.000646074 -8.19333e-06
10.04 0.000665584 -8.44076e-06
10.05 0.000685651 -8.69526e-06
10.06 0.00070629 -8.95702e-06
10.07 0.000727518 -9.22625e-06
10.08 0.000749349 -9.50313e-06
10.09 0.000771801 -9.78788e-06
10.1 0.000794889 -1.00807e-05
10.11 0.000818631 -1.03818e-05
10.12 0.000843043 -1.06914e-05
10.13 0.000868144 -1.10098e-05
10.14 0.000893952 -1.13371e-05
10.15 0.000920486 -1.16736e-05
10.16 0.000947765 -1.20196e-05
10.17 0.000975808 -1.23752e-05
10.18 0.00100464 -1.27409e-05
10.19 0.00103427 -1.31167e-05
10.2 0.00106473 -1.3503e-05
10.21 0.00109604 -1.39001e-05
10.22 0.00112821 -1.43082e-05
10.23 0.00116128 -1.47276e-05
10.24 0.00119527 -1.51586e-05
10.25 0.0012302 -1.56016e-05
10.26 0.00126609 -1.60568e-05
10.27 0.00130297 -1.65245e-05
10.28 0.00134086 -1.70051e-05
10.29 0.0013798 -1.7499e-05
10.3 0.0014198 -1.80063e-05
10.31 0.0014609 -1.85276e-05
10.32 0.00150312 -1.90631e-05
10.33 0.0015465 -1.96132e-05
10.34 0.00159105 -2.01783e-05
10.35 0.00163682 -2.07588e-05
10.36 0.00168383 -2.1355e-05
10.37 0.00173211 -2.19674e-05
10.38 0.00178171 -2.25963e-05
10.39 0.00183264 -2.32423e-05
10.4 0.00188494 -2.39057e-05
10.41 0.00193866 -2.45869e-05
10.42 0.00199381 -2.52865e-05
10.43 0.00205045 -2.60048e-05
10.44 0.00210861 -2.67424e-05
10.45 0.00216832 -2.74997e-05
10.46 0.00222962 -2.82772e-05
10.47 0.00229256 -2.90755e-05
10.48 0.00235717 -2.9895e-05
10.49 0.0024235 -3.07362e-05
10.5 0.00249159 -3.15998e-05
10.51 0.00256148 -3.24863e-05
10.52 0.00263322 -3.33961e-05
10.53 0.00270686 -3.433e-05
10.54 0.00278243 -3.52885e-05
10.55 0.00285999 -3.62722e-05
10.56 0.00293959 -3.72817e-05
10.57 0.00302127 -3.83177e-05
10.58 0.00310509 -3.93808e-05
10.59 0.0031911 -4.04717e-05
10.6 0.00327935 -4.1591e-05
10.61 0.0033699 -4.27395e-05
10.62 0.00346281 -4.39178e-05
10.63 0.00355812 -4.51267e-05
10.64 0.00365591 -4.63669e-05
10.65 0.00375622 -4.76392e-05
10.66 0.00385912 -4.89443e-05
10.67 0.00396468 -5.0283e-05
10.68 0.00407295 -5.16562e-05
10.69 0.004184 -5.30647e-05
10.7 0.00429789 -5.45093e-05
10.71 0.00441471 -5.59908e-05
10.72 0.00453451 -5.75102e-05
10.73 0.00465736 -5.90684e-05
10.74 0.00478334 -6.06663e-05
10.75 0.00491253 -6.23047e-05
10.76 0.00504499 -6.39848e-05
10.77 0.00518081 -6.57074e-05
10.78 0.00532007 -6.74736e-05
10.79 0.00546284 -6.92844e-05
10.8 0.00560921 -7.11409e-05
10.81 0.00575927 -7.30441e-05
10.82 0.00591309 -7.4995e-05
10.83 0.00607078 -7.69949e-05
10.84 0.00623241 -7.90449e-05
10.85 0.00639807 -8.11461e-05
10.86 0.00656788 -8.32997e-05
10.87 0.00674191 -8.5507e-05
10.88 0.00692027 -8.77691e-05
10.89 0.00710305 -9.00874e-05
10.9 0.00729037 -9.24632e-05
10.91 0.00748231 -9.48977e-05
10.92 0.007679 -9.73923e-05
10.93 0.00788054 -9.99484e-05
10.94 0.00808703 -0.000102567
10.95 0.0082986 -0.000105251
10.96 0.00851536 -0.000108
10.97 0.00873742 -0.000110816
10.98 0.00896491 -0.000113702
10.99 0.00919795 -0.000116657
11 0.00943667 -0.000119685
11.01 0.00968118 -0.000122786
11.02 0.00993164 -0.000125963
11.03 0.0101882 -0.000129216
11.04 0.0104509 -0.000132549
11.05 0.01072 -0.000135961
11.06 0.0109955 -0.000139456
11.07 0.0112777 -0.000143035
11.08 0.0115666 -0.0001467
11.09 0.0118625 -0.000150453
11.1 0.0121655 -0.000154295
11.11 0.0124757 -0.00015823
11.12 0.0127933 -0.000162258
11.13 0.0131185 -0.000166382
11.14 0.0134514 -0.000170604
11.15 0.0137922 -0.000174927
11.16 0.014141 -0.000179352
11.17 0.0144982 -0.000183881
11.18 0.0148637 -0.000188517
11.19 0.0152378 -0.000193263
11.2 0.0156208 -0.00019812
11.21 0.0160127 -0.000203091
11.22 0.0164139 -0.000208178
11.23 0.0168244 -0.000213385
11.24 0.0172445 -0.000218713
11.25 0.0176744 -0.000224166
11.26 0.0181143 -0.000229745
11.27 0.0185644 -0.000235454
11.28 0.0190249 -0.000241295
11.29 0.0194961 -0.000247271
11.3 0.0199782 -0.000253386
11.31 0.0204714 -0.000259641
11.32 0.020976 -0.000266041
11.33 0.0214922 -0.000272588
11.34 0.0220202 -0.000279285
11.35 0.0225603 -0.000286135
11.36 0.0231127 -0.000293142
11.37 0.0236778 -0.000300308
11.38 0.0242557 -0.000307638
11.39 0.0248468 -0.000315135
11.4 0.0254513 -0.000322801
11.41 0.0260694 -0.000330642
11.42 0.0267016 -0.00033866
11.43 0.027348 -0.000346858
11.44 0.028009 -0.000355242
11.45 0.0286849 -0.000363814
11.46 0.0293759 -0.000372578
11.47 0.0300824 -0.000381539
11.48 0.0308047 -0.000390701
11.49 0.0315432 -0.000400067
11.5 0.0322981 -0.000409642
11.51 0.0330698 -0.00041943
11.52 0.0338587 -0.000429435
11.53 0.034665 -0.000439662
11.54 0.0354892 -0.000450115
11.55 0.0363316 -0.0004608
11.56 0.0371926 -0.000471719
11.57 0.0380725 -0.00048288
11.58 0.0389717 -0.000494285
11.59 0.0398907 -0.000505941
11.6 0.0408298 -0.000517851
11.61 0.0417894 -0.000530022
11.62 0.0427699 -0.000542458
11.63 0.0437718 -0.000555165
11.64 0.0447954 -0.000568148
11.65 0.0458413 -0.000581413
11.66 0.0469098 -0.000594965
11.67 0.0480013 -0.00060881
11.68 0.0491165 -0.000622953
11.69 0.0502556 -0.000637401
11.7 0.0514192 -0.000652159
11.71 0.0526078 -0.000667234
11.72 0.0538218 -0.000682632
11.73 0.0550617 -0.000698358
11.74 0.0563281 -0.00071442
11.75 0.0576215 -0.000730824
11.76 0.0589424 -0.000747577
11.77 0.0602912 -0.000764685
11.78 0.0616686 -0.000782155
11.79 0.0630752 -0.000799995
11.8 0.0645114 -0.000818211
11.81 0.0659778 -0.00083681
11.82 0.0674751 -0.0008558
11.83 0.0690038 -0.000875188
11.84 0.0705644 -0.000894983
11.85 0.0721577 -0.000915191
11.86 0.0737842 -0.00093582
11.87 0.0754446 -0.000956879
11.88 0.0771394 -0.000978375
11.89 0.0788694 -0.00100032
11.9 0.0806353 -0.00102271
11.91 0.0824376 -0.00104557
11.92 0.084277 -0.0010689
11.93 0.0861543 -0.00109271
11.94 0.0880702 -0.00111701
11.95 0.0900254 -0.00114181
11.96 0.0920206 -0.00116712
11.97 0.0940565 -0.00119294
11.98 0.0961339 -0.00121929
11.99 0.0982536 -0.00124617
12 0.100416 -0.0012736
12.01 0.102623 -0.00130159
12.02 0.104874 -0.00133014
12.03 0.107171 -0.00135927
12.04 0.109514 -0.00138899
12.05 0.111904 -0.0014193
12.06 0.114342 -0.00145022
12.07 0.116829 -0.00148177
12.08 0.119365 -0.00151394
12.09 0.121953 -0.00154675
12.1 0.124592 -0.00158022
12.11 0.127283 -0.00161436
12.12 0.130027 -0.00164917
12.13 0.132826 -0.00168467
12.14 0.135681 -0.00172087
12.15 0.138591 -0.00175778
12.16 0.141559 -0.00179543
12.17 0.144585 -0.00183381
12.18 0.147671 -0.00187294
12.19 0.150817 -0.00191284
12.2 0.154024 -0.00195352
12.21 0.157294 -0.001995
12.22 0.160627 -0.00203728
12.23 0.164026 -0.00208038
12.24 0.16749 -0.00212431
12.25 0.171021 -0.0021691
12.26 0.17462 -0.00221474
12.27 0.178288 -0.00226127
12.28 0.182027 -0.0023087
12.29 0.185838 -0.00235703
12.3 0.189722 -0.00240629
12.31 0.19368 -0.00245648
12.32 0.197713 -0.00250764
12.33 0.201823 -0.00255977
12.34 0.206011 -0.00261289
12.35 0.210279 -0.00266701
12.36 0.214627 -0.00272216
12.37 0.219057 -0.00277836
12.38 0.223571 -0.0028356
12.39 0.22817 -0.00289393
12.4 0.232854 -0.00295335
12.41 0.237627 -0.00301388
12.42 0.242489 -0.00307554
12.43 0.247441 -0.00313836
12.44 0.252486 -0.00320234
12.45 0.257624 -0.00326751
12.46 0.262857 -0.00333388
12.47 0.268187 -0.00340149
12.48 0.273616 -0.00347034
12.49 0.279144 -0.00354046
12.5 0.284775 -0.00361187
12.51 0.290508 -0.00368458
12.52 0.296346 -0.00375863
12.53 0.302291 -0.00383403
12.54 0.308344 -0.00391081
12.55 0.314508 -0.00398898
12.56 0.320783 -0.00406857
12.57 0.327172 -0.0041496
12.58 0.333676 -0.00423209
12.59 0.340297 -0.00431608
12.6 0.347038 -0.00440157
12.61 0.3539 -0.0044886
12.62 0.360884 -0.00457719
12.63 0.367994 -0.00466736
12.64 0.37523 -0.00475914
12.65 0.382596 -0.00485256
12.66 0.390092 -0.00494763
12.67 0.397721 -0.00504439
12.68 0.405485 -0.00514286
12.69 0.413385 -0.00524307
12.7 0.421426 -0.00534505
12.71 0.429607 -0.00544881
12.72 0.437932 -0.0055544
12.73 0.446402 -0.00566183
12.74 0.455021 -0.00577114
12.75 0.463789 -0.00588236
12.76 0.47271 -0.00599551
12.77 0.481786 -0.00611062
12.78 0.491019 -0.00622772
12.79 0.500411 -0.00634685
12.8 0.509966 -0.00646802
12.81 0.519684 -0.00659129
12.82 0.529569 -0.00671666
12.83 0.539624 -0.00684418
12.84 0.54985 -0.00697388
12.85 0.56025 -0.00710579
12.86 0.570827 -0.00723995
12.87 0.581584 -0.00737638
12.88 0.592523 -0.00751512
12.89 0.603646 -0.0076562
12.9 0.614957 -0.00779966
12.91 0.626458 -0.00794553
12.92 0.638152 -0.00809385
12.93 0.650042 -0.00824465
12.94 0.66213 -0.00839797
12.95 0.67442 -0.00855384
12.96 0.686914 -0.0087123
12.97 0.699615 -0.0088734
12.98 0.712526 -0.00903715
12.99 0.725651 -0.00920362
13 0.738991 -0.00937282
13.01 0.752551 -0.0095448
13.02 0.766333 -0.0097196
13.03 0.780341 -0.00989727
13.04 0.794577 -0.0100778
13.05 0.809045 -0.0102613
13.06 0.823748 -0.0104478
13.07 0.838689 -0.0106373
13.08 0.853872 -0.0108299
13.09 0.869299 -0.0110255
13.1 0.884975 -0.0112244
13.11 0.900902 -0.0114264
13.12 0.917084 -0.0116316
13.13 0.933525 -0.0118401
13.14 0.950228 -0.012052
13.15 0.967196 -0.0122672
13.16 0.984434 -0.0124858
13.17 1.00194 -0.0127079
13.18 1.01973 -0.0129335
13.19 1.0378 -0.0131627
13.2 1.05615 -0.0133954
13.21 1.07479 -0.0136318
13.22 1.09372 -0.0138719
13.23 1.11294 -0.0141157
13.24 1.13246 -0.0143633
13.25 1.15229 -0.0146148
13.26 1.17242 -0.0148701
13.27 1.19287 -0.0151294
13.28 1.21363 -0.0153927
13.29 1.2347 -0.0156601
13.3 1.2561 -0.0159315
13.31 1.27783 -0.0162071
13.32 1.29989 -0.0164869
13.33 1.32229 -0.0167709
13.34 1.34502 -0.0170593
13.35 1.3681 -0.017352
13.36 1.39153 -0.0176491
13.37 1.41531 -0.0179507
13.38 1.43944 -0.0182568
13.39 1.46394 -0.0185676
13.4 1.48881 -0.0188829
13.41 1.51404 -0.019203
13.42 1.53965 -0.0195278
13.43 1.56564 -0.0198574
13.44 1.59201 -0.0201919
13.45 1.61878 -0.0205314
13.46 1.64593 -0.0208758
13.47 1.67349 -0.0212253
13.48 1.70144 -0.0215799
13.49 1.72981 -0.0219396
13.5 1.75859 -0.0223047
13.51 1.78779 -0.022675
13.52 1.81738 -0.0230502
