0 0 0
0.08 3.05813e-16 -2.48651e-19
0.16 5.93156e-14 -1.1361e-16
0.12 1.14127e-14 -1.69954e-17
0.1 2.67623e-15 -3.24579e-18
0.09 9.90316e-16 -1.01674e-18
0.1 2.83522e-15 -3.59024e-18
0.11 7.34426e-15 -1.12489e-17
0.12 1.75134e-14 -3.19209e-17
0.13 3.89565e-14 -8.33382e-17
0.14 8.16659e-14 -2.02648e-16
0.15 1.62666e-13 -4.63455e-16
0.16 3.09888e-13 -1.00477e-15
0.17 5.67688e-13 -2.07835e-15
0.18 1.0045e-12 -4.1238e-15
0.19 1.72325e-12 -7.88406e-15
0.2 2.87531e-12 -1.4579e-14
0.21 4.67878e-12 -2.61601e-14
0.22 7.44223e-12 -4.56773e-14
0.23 1.1595e-11 -7.77968e-14
0.24 1.77257e-11 -1.29521e-13
0.25 2.66298e-11 -2.11176e-13
0.26 3.93694e-11 -3.37738e-13
0.27 5.73456e-11 -5.30615e-13
0.28 8.23869e-11 -8.19983e-13
0.29 1.16856e-10 -1.24784e-12
0.3 1.63779e-10 -1.87193e-12
0.31 2.26995e-10 -2.77081e-12
0.32 3.11336e-10 -4.05021e-12
0.33 4.22843e-10 -5.85108e-12
0.34 5.69007e-10 -8.35962e-12
0.35 7.5906e-10 -1.18197e-11
0.36 1.00431e-09 -1.65482e-11
0.37 1.31851e-09 -2.29536e-11
0.38 1.71832e-09 -3.1559e-11
0.39 2.22379e-09 -4.30295e-11
0.4 2.85895e-09 -5.8205e-11
0.41 3.65243e-09 -7.81407e-11
0.42 4.63822e-09 -1.04153e-10
0.43 5.85648e-09 -1.37877e-10
0.44 7.35445e-09 -1.81332e-10
0.45 9.18751e-09 -2.36997e-10
0.46 1.14203e-08 -3.07906e-10
0.47 1.41281e-08 -3.97749e-10
0.48 1.7398e-08 -5.11001e-10
0.49 2.13309e-08 -6.53057e-10
0.5 2.60427e-08 -8.30405e-10
0.51 3.16668e-08 -1.05081e-09
0.52 3.83557e-08 -1.32353e-09
0.53 4.62835e-08 -1.65957e-09
0.54 5.56485e-08 -2.07197e-09
0.55 6.66759e-08 -2.5761e-09
0.56 7.96206e-08 -3.19007e-09
0.57 9.47708e-08 -3.93509e-09
0.58 1.12451e-07 -4.83599e-09
0.59 1.33027e-07 -5.92171e-09
0.6 1.56907e-07 -7.22589e-09
0.61 1.84552e-07 -8.78754e-09
0.62 2.16473e-07 -1.06518e-08
0.63 2.53242e-07 -1.28707e-08
0.64 2.95494e-07 -1.55042e-08
0.65 3.43937e-07 -1.8621e-08
0.66 3.99354e-07 -2.22999e-08
0.67 4.62612e-07 -2.66309e-08
0.68 5.34668e-07 -3.17168e-08
0.69 6.1658e-07 -3.76742e-08
0.7 7.09509e-07 -4.46359e-08
0.71 8.14735e-07 -5.27522e-08
0.72 9.33661e-07 -6.21932e-08
0.73 1.06783e-06 -7.31508e-08
0.74 1.21891e-06 -8.58415e-08
0.75 1.38876e-06 -1.00509e-07
0.76 1.57938e-06 -1.17426e-07
0.77 1.79296e-06 -1.36899e-07
0.78 2.03187e-06 -1.59271e-07
0.79 2.2987e-06 -1.84925e-07
0.8 2.59627e-06 -2.14289e-07
0.81 2.92761e-06 -2.47839e-07
0.82 3.29602e-06 -2.86104e-07
0.83 3.70507e-06 -3.29673e-07
0.84 4.1586e-06 -3.79196e-07
0.85 4.66077e-06 -4.35398e-07
0.86 5.21605e-06 -4.99076e-07
0.87 5.82926e-06 -5.71112e-07
0.88 6.50558e-06 -6.52479e-07
0.89 7.25057e-06 -7.44249e-07
0.9 8.0702e-06 -8.47599e-07
0.91 8.97087e-06 -9.63826e-07
0.92 9.95944e-06 -1.09435e-06
0.93 1.10432e-05 -1.24073e-06
0.94 1.22301e-05 -1.40467e-06
0.95 1.35283e-05 -1.58804e-06
0.96 1.49469e-05 -1.79287e-06
0.97 1.64954e-05 -2.02139e-06
0.98 1.81838e-05 -2.27602e-06
0.99 2.00229e-05 -2.5594e-06
1 2.20242e-05 -2.8744e-06
1.01 2.41999e-05 -3.22414e-06
1.02 2.65627e-05 -3.612e-06
1.03 2.91264e-05 -4.04165e-06
1.04 3.19055e-05 -4.51708e-06
1.05 3.49152e-05 -5.04258e-06
1.06 3.81717e-05 -5.62281e-06
1.07 4.16922e-05 -6.2628e-06
1.08 4.54947e-05 -6.96798e-06
1.09 4.95983e-05 -7.7442e-06
1.1 5.4023e-05 -8.59776e-06
1.11 5.879e-05 -9.53547e-06
1.12 6.39216e-05 -1.05646e-05
1.13 6.94411e-05 -1.1693e-05
1.14 7.53732e-05 -1.29292e-05
1.15 8.17436e-05 -1.42821e-05
1.16 8.85795e-05 -1.57614e-05
1.17 9.59093e-05 -1.73776e-05
1.18 0.000103763 -1.91417e-05
1.19 0.000112171 -2.10656e-05
1.2 0.000121167 -2.31621e-05
1.21 0.000130784 -2.54448e-05
1.22 0.000141058 -2.7928e-05
1.23 0.000152027 -3.06272e-05
1.24 0.000163729 -3.35589e-05
1.25 0.000176205 -3.67407e-05
1.26 0.000189496 -4.01911e-05
1.27 0.000203647 -4.39299e-05
1.28 0.000218704 -4.79784e-05
1.29 0.000234713 -5.23588e-05
1.3 0.000251725 -5.70949e-05
1.31 0.00026979 -6.22118e-05
1.32 0.000288962 -6.77363e-05
1.33 0.000309295 -7.36967e-05
1.34 0.000330847 -8.01228e-05
1.35 0.000353678 -8.70463e-05
1.36 0.000377848 -9.45007e-05
1.37 0.000403421 -0.000102521
1.38 0.000430462 -0.000111145
1.39 0.000459038 -0.000120413
1.4 0.000489221 -0.000130364
1.41 0.000521081 -0.000141044
1.42 0.000554693 -0.000152498
1.43 0.000590133 -0.000164775
1.44 0.000627481 -0.000177926
1.45 0.000666816 -0.000192005
1.46 0.000708223 -0.000207068
1.47 0.000751786 -0.000223174
1.48 0.000797594 -0.000240386
1.49 0.000845736 -0.000258769
1.5 0.000896305 -0.000278391
1.51 0.000949395 -0.000299324
1.52 0.0010051 -0.000321643
1.53 0.00106353 -0.000345427
1.54 0.00112477 -0.000370758
1.55 0.00118894 -0.000397722
1.56 0.00125613 -0.000426409
1.57 0.00132646 -0.000456913
1.58 0.00140003 -0.000489332
1.59 0.00147695 -0.000523768
1.6 0.00155735 -0.000560328
1.61 0.00164133 -0.000599124
1.62 0.00172901 -0.00064027
1.63 0.00182051 -0.000683889
1.64 0.00191595 -0.000730105
1.65 0.00201545 -0.000779049
1.66 0.00211914 -0.000830857
1.67 0.00222714 -0.000885671
1.68 0.00233958 -0.000943636
1.69 0.00245658 -0.00100491
1.7 0.00257827 -0.00106964
1.71 0.00270479 -0.001138
1.72 0.00283625 -0.00121015
1.73 0.0029728 -0.00128628
1.74 0.00311455 -0.00136656
1.75 0.00326165 -0.00145118
1.76 0.00341422 -0.00154035
1.77 0.0035724 -0.00163425
1.78 0.00373631 -0.0017331
1.79 0.00390608 -0.00183712
1.8 0.00408185 -0.00194652
1.81 0.00426374 -0.00206155
1.82 0.00445187 -0.00218242
1.83 0.00464638 -0.0023094
1.84 0.00484739 -0.00244272
1.85 0.00505501 -0.00258266
1.86 0.00526938 -0.00272947
1.87 0.00549059 -0.00288343
1.88 0.00571878 -0.00304483
1.89 0.00595405 -0.00321395
1.9 0.0061965 -0.0033911
1.91 0.00644624 -0.00357657
1.92 0.00670338 -0.00377069
1.93 0.006968 -0.00397378
1.94 0.00724019 -0.00418616
1.95 0.00752005 -0.00440818
1.96 0.00780765 -0.00464019
1.97 0.00810306 -0.00488254
1.98 0.00840635 -0.00513559
1.99 0.00871759 -0.00539972
2 0.00903682 -0.0056753
2.01 0.00936409 -0.00596273
2.02 0.00969944 -0.00626241
2.03 0.0100429 -0.00657473
2.04 0.0103945 -0.00690011
2.05 0.0107542 -0.00723897
2.06 0.0111221 -0.00759174
2.07 0.0114981 -0.00795886
2.08 0.0118822 -0.00834077
2.09 0.0122744 -0.00873792
2.1 0.0126747 -0.00915078
2.11 0.0130829 -0.0095798
2.12 0.0134991 -0.0100255
2.13 0.0139231 -0.0104883
2.14 0.0143548 -0.0109686
2.15 0.0147942 -0.0114671
2.16 0.0152411 -0.0119842
2.17 0.0156953 -0.0125205
2.18 0.0161568 -0.0130763
2.19 0.0166253 -0.0136522
2.2 0.0171007 -0.0142488
2.21 0.0175828 -0.0148666
2.22 0.0180713 -0.0155061
2.23 0.018566 -0.0161679
2.24 0.0190666 -0.0168524
2.25 0.0195729 -0.0175603
2.26 0.0200845 -0.018292
2.27 0.0206011 -0.0190481
2.28 0.0211225 -0.0198292
2.29 0.0216482 -0.0206358
2.3 0.0221778 -0.0214684
2.31 0.022711 -0.0223276
2.32 0.0232472 -0.023214
2.33 0.0237862 -0.024128
2.34 0.0243273 -0.0250703
2.35 0.02487 -0.0260414
2.36 0.0254139 -0.0270418
2.37 0.0259584 -0.028072
2.38 0.026503 -0.0291327
2.39 0.0270469 -0.0302242
2.4 0.0275896 -0.0313471
2.41 0.0281304 -0.032502
2.42 0.0286687 -0.0336893
2.43 0.0292036 -0.0349095
2.44 0.0297346 -0.0361632
2.45 0.0302607 -0.0374507
2.46 0.0307813 -0.0387726
2.47 0.0312954 -0.0401293
2.48 0.0318023 -0.0415213
2.49 0.032301 -0.0429489
2.5 0.0327906 -0.0444126
2.51 0.0332703 -0.0459128
2.52 0.0337389 -0.0474498
2.53 0.0341955 -0.049024
2.54 0.0346391 -0.0506357
2.55 0.0350687 -0.0522853
2.56 0.035483 -0.0539731
2.57 0.035881 -0.0556992
2.58 0.0362616 -0.0574641
2.59 0.0366236 -0.0592678
2.6 0.0369657 -0.0611107
2.61 0.0372867 -0.0629928
2.62 0.0375853 -0.0649143
2.63 0.0378603 -0.0668753
2.64 0.0381103 -0.0688759
2.65 0.038334 -0.0709162
2.66 0.03853 -0.0729962
2.67 0.0386969 -0.0751158
2.68 0.0388332 -0.077275
2.69 0.0389374 -0.0794737
2.7 0.0390082 -0.0817118
2.71 0.039044 -0.0839891
2.72 0.0390432 -0.0863053
2.73 0.0390043 -0.0886604
2.74 0.0389258 -0.0910538
2.75 0.0388059 -0.0934854
2.76 0.0386431 -0.0959547
2.77 0.0384358 -0.0984613
2.78 0.0381823 -0.101005
2.79 0.0378809 -0.103584
2.8 0.0375299 -0.1062
2.81 0.0371276 -0.10885
2.82 0.0366723 -0.111535
2.83 0.0361623 -0.114253
2.84 0.0355957 -0.117005
2.85 0.0349709 -0.119788
2.86 0.0342861 -0.122603
2.87 0.0335394 -0.125447
2.88 0.0327292 -0.128321
2.89 0.0318536 -0.131222
2.9 0.0309109 -0.134151
2.91 0.0298992 -0.137105
2.92 0.0288168 -0.140084
2.93 0.0276619 -0.143086
2.94 0.0264327 -0.146109
2.95 0.0251275 -0.149153
2.96 0.0237445 -0.152215
2.97 0.0222819 -0.155295
2.98 0.020738 -0.158389
2.99 0.0191111 -0.161498
3 0.0173995 -0.164619
3.01 0.0156014 -0.167749
3.02 0.0137153 -0.170888
3.03 0.0117395 -0.174033
3.04 0.00967239 -0.177182
3.05 0.00751236 -0.180333
3.06 0.00525788 -0.183484
3.07 0.00290741 -0.186632
3.08 0.000459497 -0.189776
3.09 -0.00208732 -0.192912
3.1 -0.00473444 -0.196038
3.11 -0.00748323 -0.199152
3.12 -0.010335 -0.202252
3.13 -0.013291 -0.205334
3.14 -0.0163524 -0.208395
3.15 -0.0195205 -0.211434
3.16 -0.0227963 -0.214446
3.17 -0.0261808 -0.21743
3.18 -0.029675 -0.220382
3.19 -0.0332799 -0.223299
3.2 -0.0369963 -0.226177
3.21 -0.040825 -0.229015
3.22 -0.0447667 -0.231808
3.23 -0.0488219 -0.234554
3.24 -0.0529913 -0.237249
3.25 -0.0572754 -0.239889
3.26 -0.0616744 -0.242471
3.27 -0.0661888 -0.244992
3.28 -0.0708187 -0.247448
3.29 -0.0755643 -0.249835
3.3 -0.0804256 -0.25215
3.31 -0.0854024 -0.25439
3.32 -0.0904948 -0.25655
3.33 -0.0957023 -0.258627
3.34 -0.101025 -0.260617
3.35 -0.106461 -0.262516
3.36 -0.112012 -0.26432
3.37 -0.117676 -0.266026
3.38 -0.123452 -0.26763
3.39 -0.129339 -0.269127
3.4 -0.135337 -0.270514
3.41 -0.141444 -0.271787
3.42 -0.147658 -0.272943
3.43 -0.15398 -0.273976
3.44 -0.160407 -0.274883
3.45 -0.166937 -0.27566
3.46 -0.173569 -0.276304
3.47 -0.1803 -0.27681
3.48 -0.18713 -0.277175
3.49 -0.194055 -0.277393
3.5 -0.201074 -0.277463
3.51 -0.208184 -0.277379
3.52 -0.215383 -0.277139
3.53 -0.222667 -0.276737
3.54 -0.230035 -0.276171
3.55 -0.237483 -0.275437
3.56 -0.245008 -0.27453
3.57 -0.252608 -0.273448
3.58 -0.260278 -0.272187
3.59 -0.268016 -0.270743
3.6 -0.275817 -0.269113
3.61 -0.283679 -0.267294
3.62 -0.291597 -0.265282
3.63 -0.299568 -0.263074
3.64 -0.307587 -0.260667
3.65 -0.315651 -0.258057
3.66 -0.323754 -0.255243
3.67 -0.331893 -0.25222
3.68 -0.340062 -0.248986
3.69 -0.348258 -0.245539
3.7 -0.356476 -0.241876
3.71 -0.36471 -0.237994
3.72 -0.372956 -0.233891
3.73 -0.381208 -0.229565
3.74 -0.389462 -0.225013
3.75 -0.397712 -0.220234
3.76 -0.405952 -0.215227
3.77 -0.414177 -0.209988
3.78 -0.422382 -0.204517
3.79 -0.43056 -0.198812
3.8 -0.438707 -0.192871
3.81 -0.446815 -0.186695
3.82 -0.45488 -0.180281
3.83 -0.462895 -0.173629
3.84 -0.470854 -0.166738
3.85 -0.47875 -0.159608
3.86 -0.486579 -0.152238
3.87 -0.494333 -0.144628
3.88 -0.502005 -0.136778
3.89 -0.509591 -0.128689
3.9 -0.517082 -0.120361
3.91 -0.524474 -0.111793
3.92 -0.531759 -0.102988
3.93 -0.53893 -0.0939451
3.94 -0.545982 -0.0846662
3.95 -0.552908 -0.0751525
3.96 -0.5597 -0.0654054
3.97 -0.566353 -0.0554265
3.98 -0.57286 -0.0452176
3.99 -0.579215 -0.0347808
4 -0.58541 -0.0241183
4.01 -0.59144 -0.0132324
4.02 -0.597298 -0.00212586
4.03 -0.602976 0.00919865
4.04 -0.60847 0.0207381
4.05 -0.613772 0.0324893
4.06 -0.618877 0.044449
4.07 -0.623777 0.0566134
4.08 -0.628466 0.068979
4.09 -0.632939 0.0815418
4.1 -0.63719 0.0942975
4.11 -0.641211 0.107242
4.12 -0.644998 0.120371
4.13 -0.648545 0.133679
4.14 -0.651845 0.147162
4.15 -0.654893 0.160814
4.16 -0.657684 0.174631
4.17 -0.660211 0.188607
4.18 -0.662471 0.202737
4.19 -0.664457 0.217014
4.2 -0.666164 0.231433
4.21 -0.667588 0.245987
4.22 -0.668724 0.260672
4.23 -0.669567 0.275479
4.24 -0.670112 0.290403
4.25 -0.670356 0.305437
4.26 -0.670294 0.320575
4.27 -0.669921 0.335808
4.28 -0.669236 0.351131
4.29 -0.668232 0.366536
4.3 -0.666908 0.382015
4.31 -0.665259 0.397562
4.32 -0.663283 0.413168
4.33 -0.660977 0.428827
4.34 -0.658337 0.444529
4.35 -0.655362 0.460269
4.36 -0.652048 0.476036
4.37 -0.648395 0.491824
4.38 -0.644399 0.507624
4.39 -0.64006 0.523429
4.4 -0.635375 0.539229
4.41 -0.630343 0.555018
4.42 -0.624963 0.570785
4.43 -0.619235 0.586523
4.44 -0.613157 0.602224
4.45 -0.606729 0.617878
4.46 -0.599951 0.633478
4.47 -0.592823 0.649015
4.48 -0.585344 0.664481
4.49 -0.577516 0.679866
4.5 -0.56934 0.695162
4.51 -0.560815 0.710361
4.52 -0.551943 0.725454
4.53 -0.542726 0.740433
4.54 -0.533165 0.755289
4.55 -0.523261 0.770013
4.56 -0.513017 0.784598
4.57 -0.502435 0.799034
4.58 -0.491518 0.813314
4.59 -0.480267 0.82743
4.6 -0.468686 0.841372
4.61 -0.456777 0.855133
4.62 -0.444545 0.868704
4.63 -0.431992 0.882079
4.64 -0.419122 0.895248
4.65 -0.405939 0.908204
4.66 -0.392447 0.920939
4.67 -0.378651 0.933446
4.68 -0.364554 0.945717
4.69 -0.350161 0.957744
4.7 -0.335478 0.969521
4.71 -0.320509 0.98104
4.72 -0.305259 0.992294
4.73 -0.289733 1.00328
4.74 -0.273938 1.01398
4.75 -0.257879 1.0244
4.76 -0.241561 1.03453
4.77 -0.22499 1.04435
4.78 -0.208174 1.05388
4.79 -0.191117 1.06309
4.8 -0.173827 1.07199
4.81 -0.156309 1.08056
4.82 -0.138572 1.08881
4.83 -0.12062 1.09673
4.84 -0.102462 1.1043
4.85 -0.0841044 1.11153
4.86 -0.0655543 1.11842
4.87 -0.046819 1.12495
4.88 -0.0279058 1.13112
4.89 -0.00882223 1.13694
4.9 0.0104242 1.14238
4.91 0.0298257 1.14746
4.92 0.0493748 1.15216
4.93 0.0690636 1.15649
4.94 0.0888842 1.16043
4.95 0.108829 1.16399
4.96 0.128889 1.16716
4.97 0.149057 1.16994
4.98 0.169325 1.17233
4.99 0.189685 1.17432
5 0.210128 1.17592
5.01 0.230647 1.17712
5.02 0.251233 1.17791
5.03 0.271877 1.1783
5.04 0.292572 1.17829
5.05 0.313309 1.17787
5.06 0.33408 1.17704
5.07 0.354876 1.1758
5.08 0.37569 1.17416
5.09 0.396513 1.1721
5.1 0.417336 1.16964
5.11 0.438152 1.16676
5.12 0.458952 1.16348
5.13 0.479728 1.15978
5.14 0.500471 1.15567
5.15 0.521174 1.15115
5.16 0.541828 1.14623
5.17 0.562426 1.14089
5.18 0.582958 1.13515
5.19 0.603417 1.129
5.2 0.623795 1.12245
5.21 0.644085 1.11549
5.22 0.664277 1.10814
5.23 0.684365 1.10038
5.24 0.70434 1.09222
5.25 0.724196 1.08367
5.26 0.743923 1.07472
5.27 0.763515 1.06539
5.28 0.782964 1.05566
5.29 0.802263 1.04555
5.3 0.821404 1.03505
5.31 0.84038 1.02418
5.32 0.859185 1.01293
5.33 0.87781 1.0013
5.34 0.896248 0.989306
5.35 0.914494 0.976943
5.36 0.932539 0.964217
5.37 0.950378 0.951131
5.38 0.968004 0.93769
5.39 0.985409 0.923897
5.4 1.00259 0.909757
5.41 1.01953 0.895274
5.42 1.03624 0.880451
5.43 1.0527 0.865294
5.44 1.06891 0.849808
5.45 1.08487 0.833996
5.46 1.10056 0.817863
5.47 1.11598 0.801415
5.48 1.13113 0.784656
5.49 1.146 0.767592
5.5 1.16058 0.750226
5.51 1.17487 0.732566
5.52 1.18887 0.714615
5.53 1.20256 0.69638
5.54 1.21595 0.677865
5.55 1.22903 0.659076
5.56 1.24179 0.640019
5.57 1.25424 0.6207
5.58 1.26635 0.601124
5.59 1.27814 0.581297
5.6 1.2896 0.561224
5.61 1.30072 0.540913
5.62 1.3115 0.520368
5.63 1.32193 0.499596
5.64 1.33201 0.478603
5.65 1.34174 0.457394
5.66 1.35112 0.435977
5.67 1.36013 0.414358
5.68 1.36878 0.392542
5.69 1.37707 0.370536
5.7 1.38498 0.348347
5.71 1.39252 0.325981
5.72 1.39969 0.303444
5.73 1.40648 0.280742
5.74 1.41289 0.257883
5.75 1.41891 0.234873
5.76 1.42455 0.211719
5.77 1.4298 0.188427
5.78 1.43466 0.165003
5.79 1.43913 0.141455
5.8 1.4432 0.117789
5.81 1.44688 0.0940115
5.82 1.45016 0.0701299
5.83 1.45304 0.0461507
5.84 1.45551 0.0220806
5.85 1.45759 -0.00207348
5.86 1.45926 -0.0263048
5.87 1.46053 -0.0506066
5.88 1.46139 -0.0749719
5.89 1.46184 -0.099394
5.9 1.46189 -0.123866
5.91 1.46153 -0.148381
5.92 1.46076 -0.172932
5.93 1.45957 -0.197512
5.94 1.45798 -0.222115
5.95 1.45598 -0.246733
5.96 1.45357 -0.27136
5.97 1.45075 -0.295988
5.98 1.44751 -0.320612
5.99 1.44387 -0.345223
6 1.43982 -0.369815
6.01 1.43535 -0.394382
6.02 1.43048 -0.418916
6.03 1.4252 -0.44341
6.04 1.41951 -0.467858
6.05 1.41342 -0.492253
6.06 1.40692 -0.516588
6.07 1.40001 -0.540856
6.08 1.3927 -0.565051
6.09 1.38498 -0.589165
6.1 1.37687 -0.613192
6.11 1.36835 -0.637125
6.12 1.35944 -0.660958
6.13 1.35013 -0.684683
6.14 1.34042 -0.708294
6.15 1.33032 -0.731785
6.16 1.31983 -0.755148
6.17 1.30895 -0.778378
6.18 1.29768 -0.801467
6.19 1.28603 -0.824409
6.2 1.27399 -0.847197
6.21 1.26158 -0.869825
6.22 1.24879 -0.892287
6.23 1.23562 -0.914576
6.24 1.22208 -0.936685
6.25 1.20817 -0.958609
6.26 1.19389 -0.980341
6.27 1.17926 -1.00187
6.28 1.16426 -1.0232
6.29 1.1489 -1.04432
6.3 1.13319 -1.06522
6.31 1.11713 -1.0859
6.32 1.10073 -1.10635
6.33 1.08398 -1.12656
6.34 1.06689 -1.14653
6.35 1.04947 -1.16626
6.36 1.03172 -1.18573
6.37 1.01363 -1.20495
6.38 0.995229 -1.22389
6.39 0.976504 -1.24257
6.4 0.957465 -1.26098
6.41 0.938116 -1.2791
6.42 0.91846 -1.29693
6.43 0.898503 -1.31447
6.44 0.878249 -1.33171
6.45 0.857703 -1.34865
6.46 0.83687 -1.36528
6.47 0.815755 -1.3816
6.48 0.794362 -1.3976
6.49 0.772697 -1.41327
6.5 0.750765 -1.42861
6.51 0.728571 -1.44362
6.52 0.70612 -1.45829
6.53 0.683419 -1.47261
6.54 0.660472 -1.48659
6.55 0.637284 -1.50021
6.56 0.613863 -1.51347
6.57 0.590212 -1.52637
6.58 0.566339 -1.53891
6.59 0.542249 -1.55107
6.6 0.517948 -1.56285
6.61 0.493442 -1.57426
6.62 0.468737 -1.58528
6.63 0.443839 -1.59591
6.64 0.418755 -1.60615
6.65 0.393491 -1.61599
6.66 0.368053 -1.62544
6.67 0.342448 -1.63448
6.68 0.316683 -1.64311
6.69 0.290763 -1.65133
6.7 0.264695 -1.65914
6.71 0.238487 -1.66653
6.72 0.212145 -1.6735
6.73 0.185675 -1.68004
6.74 0.159085 -1.68616
6.75 0.132382 -1.69185
6.76 0.105573 -1.69711
6.77 0.0786645 -1.70193
6.78 0.0516637 -1.70631
6.79 0.0245779 -1.71026
6.8 -0.00258561 -1.71376
6.81 -0.0298197 -1.71681
6.82 -0.057117 -1.71942
6.83 -0.0844701 -1.72158
6.84 -0.111872 -1.72329
6.85 -0.139314 -1.72455
6.86 -0.166791 -1.72535
6.87 -0.194293 -1.72569
6.88 -0.221814 -1.72558
6.89 -0.249345 -1.72501
6.9 -0.276881 -1.72398
6.91 -0.304411 -1.72248
6.92 -0.33193 -1.72053
6.93 -0.359429 -1.71811
6.94 -0.386901 -1.71523
6.95 -0.414337 -1.71188
6.96 -0.441731 -1.70807
6.97 -0.469074 -1.7038
6.98 -0.496359 -1.69906
6.99 -0.523577 -1.69385
7 -0.550721 -1.68818
7.01 -0.577783 -1.68204
7.02 -0.604755 -1.67543
7.03 -0.63163 -1.66837
7.04 -0.658399 -1.66083
7.05 -0.685055 -1.65284
7.06 -0.711589 -1.64438
7.07 -0.737995 -1.63546
7.08 -0.764263 -1.62608
7.09 -0.790387 -1.61624
7.1 -0.816359 -1.60594
7.11 -0.84217 -1.59519
7.12 -0.867812 -1.58398
7.13 -0.893279 -1.57231
7.14 -0.918562 -1.5602
7.15 -0.943653 -1.54764
7.16 -0.968546 -1.53463
7.17 -0.993231 -1.52117
7.18 -1.0177 -1.50727
7.19 -1.04195 -1.49294
7.2 -1.06597 -1.47816
7.21 -1.08975 -1.46295
7.22 -1.11329 -1.44731
7.23 -1.13657 -1.43124
7.24 -1.1596 -1.41475
7.25 -1.18235 -1.39783
7.26 -1.20483 -1.3805
7.27 -1.22703 -1.36275
7.28 -1.24895 -1.34459
7.29 -1.27056 -1.32603
7.3 -1.29187 -1.30706
7.31 -1.31287 -1.2877
7.32 -1.33356 -1.26794
7.33 -1.35391 -1.24779
7.34 -1.37394 -1.22725
7.35 -1.39363 -1.20634
7.36 -1.41297 -1.18505
7.37 -1.43197 -1.16339
7.38 -1.4506 -1.14136
7.39 -1.46887 -1.11897
7.4 -1.48677 -1.09623
7.41 -1.50429 -1.07314
7.42 -1.52143 -1.04971
7.43 -1.53817 -1.02594
7.44 -1.55452 -1.00183
7.45 -1.57047 -0.977401
7.46 -1.58601 -0.952652
7.47 -1.60114 -0.927588
7.48 -1.61585 -0.902218
7.49 -1.63013 -0.876546
7.5 -1.64398 -0.850581
7.51 -1.6574 -0.824328
7.52 -1.67038 -0.797794
7.53 -1.68291 -0.770986
7.54 -1.69498 -0.743912
7.55 -1.70661 -0.716577
7.56 -1.71777 -0.688991
7.57 -1.72846 -0.66116
7.58 -1.73869 -0.633091
7.59 -1.74844 -0.604792
7.6 -1.75771 -0.576271
7.61 -1.7665 -0.547535
7.62 -1.7748 -0.518593
7.63 -1.78261 -0.489452
7.64 -1.78993 -0.46012
7.65 -1.79674 -0.430605
7.66 -1.80306 -0.400917
7.67 -1.80887 -0.371062
7.68 -1.81417 -0.341049
7.69 -1.81896 -0.310888
7.7 -1.82324 -0.280585
7.71 -1.82699 -0.250151
7.72 -1.83023 -0.219593
7.73 -1.83295 -0.188921
7.74 -1.83514 -0.158143
7.75 -1.8368 -0.127268
7.76 -1.83794 -0.0963058
7.77 -1.83854 -0.0652644
7.78 -1.83861 -0.0341533
7.79 -1.83815 -0.00298161
7.8 -1.83715 0.0282415
7.81 -1.83562 0.0595067
7.82 -1.83355 0.0908047
7.83 -1.83094 0.122126
7.84 -1.82779 0.153462
7.85 -1.8241 0.184802
7.86 -1.81987 0.216138
7.87 -1.8151 0.247459
7.88 -1.80979 0.278756
7.89 -1.80393 0.31002
7.9 -1.79754 0.341241
7.91 -1.79061 0.37241
7.92 -1.78314 0.403516
7.93 -1.77513 0.434551
7.94 -1.76659 0.465504
7.95 -1.7575 0.496366
7.96 -1.74789 0.527127
7.97 -1.73774 0.557778
7.98 -1.72705 0.588308
7.99 -1.71584 0.618709
8 -1.7041 0.64897
8.01 -1.69184 0.679082
8.02 -1.67905 0.709035
8.03 -1.66574 0.73882
8.04 -1.65191 0.768427
8.05 -1.63757 0.797847
8.06 -1.62271 0.827069
8.07 -1.60735 0.856084
8.08 -1.59148 0.884884
8.09 -1.57511 0.913457
8.1 -1.55824 0.941796
8.11 -1.54088 0.96989
8.12 -1.52303 0.997731
8.13 -1.50469 1.02531
8.14 -1.48587 1.05261
8.15 -1.46657 1.07964
8.16 -1.44681 1.10637
8.17 -1.42657 1.1328
8.18 -1.40587 1.15893
8.19 -1.38472 1.18473
8.2 -1.36312 1.21022
8.21 -1.34107 1.23536
8.22 -1.31858 1.26016
8.23 -1.29566 1.28461
8.24 -1.27231 1.3087
8.25 -1.24854 1.33242
8.26 -1.22435 1.35576
8.27 -1.19976 1.37871
8.28 -1.17476 1.40127
8.29 -1.14938 1.42343
8.3 -1.1236 1.44518
8.31 -1.09744 1.46651
8.32 -1.07091 1.48741
8.33 -1.04402 1.50788
8.34 -1.01677 1.52791
8.35 -0.989163 1.54749
8.36 -0.961219 1.56661
8.37 -0.932941 1.58527
8.38 -0.904337 1.60347
8.39 -0.875416 1.62118
8.4 -0.846186 1.63841
8.41 -0.816656 1.65515
8.42 -0.786835 1.6714
8.43 -0.75673 1.68714
8.44 -0.726352 1.70238
8.45 -0.69571 1.71709
8.46 -0.664812 1.73129
8.47 -0.633668 1.74496
8.48 -0.602287 1.7581
8.49 -0.570679 1.7707
8.5 -0.538854 1.78276
8.51 -0.506821 1.79427
8.52 -0.474591 1.80522
8.53 -0.442172 1.81562
8.54 -0.409575 1.82546
8.55 -0.376811 1.83473
8.56 -0.34389 1.84343
8.57 -0.310821 1.85155
8.58 -0.277615 1.8591
8.59 -0.244283 1.86606
8.6 -0.210835 1.87243
8.61 -0.177282 1.87822
8.62 -0.143635 1.88342
8.63 -0.109904 1.88802
8.64 -0.0760993 1.89202
8.65 -0.0422329 1.89542
8.66 -0.0083153 1.89821
8.67 0.0256426 1.9004
8.68 0.0596297 1.90199
8.69 0.0936351 1.90296
8.7 0.127648 1.90333
8.71 0.161656 1.90308
8.72 0.195649 1.90222
8.73 0.229616 1.90074
8.74 0.263546 1.89865
8.75 0.297426 1.89594
8.76 0.331247 1.89262
8.77 0.364996 1.88868
8.78 0.398663 1.88413
8.79 0.432236 1.87896
8.8 0.465704 1.87317
8.81 0.499055 1.86677
8.82 0.532279 1.85976
8.83 0.565364 1.85213
8.84 0.5983 1.84389
8.85 0.631073 1.83504
8.86 0.663675 1.82559
8.87 0.696092 1.81552
8.88 0.728315 1.80486
8.89 0.760332 1.79359
8.9 0.792133 1.78172
8.91 0.823705 1.76926
8.92 0.855038 1.7562
8.93 0.886122 1.74255
8.94 0.916945 1.72832
8.95 0.947497 1.71351
8.96 0.977766 1.69811
8.97 1.00774 1.68214
8.98 1.03742 1.6656
8.99 1.06678 1.64849
9 1.09581 1.63082
9.01 1.12451 1.6126
9.02 1.15287 1.59382
9.03 1.18087 1.5745
9.04 1.2085 1.55463
9.05 1.23576 1.53423
9.06 1.26263 1.5133
9.07 1.28911 1.49185
9.08 1.31519 1.46988
9.09 1.34085 1.44741
9.1 1.36609 1.42442
9.11 1.39089 1.40094
9.12 1.41526 1.37697
9.13 1.43917 1.35252
9.14 1.46262 1.3276
9.15 1.4856 1.3022
9.16 1.50811 1.27635
9.17 1.53013 1.25005
9.18 1.55166 1.2233
9.19 1.57268 1.19611
9.2 1.59319 1.1685
9.21 1.61319 1.14048
9.22 1.63266 1.11204
9.23 1.65159 1.0832
9.24 1.66999 1.05397
9.25 1.68783 1.02436
9.26 1.70513 0.994384
9.27 1.72186 0.96404
9.28 1.73802 0.933343
9.29 1.7536 0.902304
9.3 1.76861 0.870933
9.31 1.78302 0.839239
9.32 1.79684 0.807233
9.33 1.81007 0.774925
9.34 1.82269 0.742327
9.35 1.8347 0.709448
9.36 1.84609 0.6763
9.37 1.85686 0.642894
9.38 1.86701 0.609241
9.39 1.87653 0.575352
9.4 1.88541 0.541238
9.41 1.89366 0.506912
9.42 1.90126 0.472383
9.43 1.90822 0.437665
9.44 1.91453 0.402768
9.45 1.92019 0.367705
9.46 1.9252 0.332488
9.47 1.92954 0.297128
9.48 1.93323 0.261638
9.49 1.93625 0.22603
9.5 1.93861 0.190315
9.51 1.9403 0.154507
9.52 1.94132 0.118618
9.53 1.94167 0.0826591
9.54 1.94136 0.046644
9.55 1.94037 0.0105849
9.56 1.9387 -0.0255058
9.57 1.93637 -0.0616154
9.58 1.93336 -0.0977313
9.59 1.92968 -0.133841
9.6 1.92533 -0.169931
9.61 1.9203 -0.20599
9.62 1.9146 -0.242005
9.63 1.90823 -0.277962
9.64 1.9012 -0.313849
9.65 1.89349 -0.349654
9.66 1.88512 -0.385364
9.67 1.87609 -0.420966
9.68 1.86639 -0.456446
9.69 1.85603 -0.491794
9.7 1.84502 -0.526995
9.71 1.83335 -0.562038
9.72 1.82104 -0.596909
9.73 1.80807 -0.631596
9.74 1.79447 -0.666087
9.75 1.78022 -0.700369
9.76 1.76534 -0.73443
9.77 1.74982 -0.768257
9.78 1.73368 -0.801837
9.79 1.71692 -0.835159
9.8 1.69955 -0.868211
9.81 1.68156 -0.90098
9.82 1.66296 -0.933454
9.83 1.64377 -0.965622
9.84 1.62398 -0.997471
9.85 1.6036 -1.02899
9.86 1.58265 -1.06017
9.87 1.56112 -1.09099
9.88 1.53902 -1.12145
9.89 1.51636 -1.15153
9.9 1.49315 -1.18122
9.91 1.46939 -1.21051
9.92 1.44509 -1.2394
9.93 1.42027 -1.26786
9.94 1.39492 -1.29589
9.95 1.36906 -1.32348
9.96 1.3427 -1.35062
9.97 1.31584 -1.3773
9.98 1.28849 -1.4035
9.99 1.26067 -1.42921
10 1.23237 -1.45444
10.01 1.20362 -1.47916
10.02 1.17442 -1.50337
10.03 1.14478 -1.52706
10.04 1.11472 -1.55021
10.05 1.08423 -1.57283
10.06 1.05333 -1.5949
10.07 1.02204 -1.61641
10.08 0.990365 -1.63735
10.09 0.958311 -1.65772
10.1 0.925892 -1.67751
10.11 0.893121 -1.6967
10.12 0.860007 -1.7153
10.13 0.826563 -1.73329
10.14 0.792801 -1.75067
10.15 0.758732 -1.76743
10.16 0.724369 -1.78357
10.17 0.689723 -1.79907
10.18 0.654806 -1.81393
10.19 0.619632 -1.82814
10.2 0.584212 -1.84171
10.21 0.548559 -1.85461
10.22 0.512687 -1.86685
10.23 0.476606 -1.87843
10.24 0.440332 -1.88933
10.25 0.403876 -1.89955
10.26 0.367251 -1.90909
10.27 0.330472 -1.91794
10.28 0.29355 -1.9261
10.29 0.2565 -1.93357
10.3 0.219335 -1.94034
10.31 0.182068 -1.94641
10.32 0.144713 -1.95177
10.33 0.107283 -1.95642
10.34 0.0697926 -1.96037
10.35 0.0322546 -1.9636
10.36 -0.00531686 -1.96612
10.37 -0.0429081 -1.96792
10.38 -0.0805054 -1.969
10.39 -0.118095 -1.96937
10.4 -0.155663 -1.96901
10.41 -0.193195 -1.96794
10.42 -0.230678 -1.96614
10.43 -0.268098 -1.96362
10.44 -0.30544 -1.96039
10.45 -0.342692 -1.95643
10.46 -0.379839 -1.95175
10.47 -0.416867 -1.94635
10.48 -0.453763 -1.94024
10.49 -0.490512 -1.93341
10.5 -0.527102 -1.92586
10.51 -0.563518 -1.9176
10.52 -0.599746 -1.90863
10.53 -0.635774 -1.89896
10.54 -0.671587 -1.88858
10.55 -0.707172 -1.8775
10.56 -0.742516 -1.86571
10.57 -0.777604 -1.85324
10.58 -0.812425 -1.84007
10.59 -0.846964 -1.82622
10.6 -0.881208 -1.81168
10.61 -0.915145 -1.79647
10.62 -0.948762 -1.78058
10.63 -0.982045 -1.76403
10.64 -1.01498 -1.74681
10.65 -1.04756 -1.72894
10.66 -1.07977 -1.71042
10.67 -1.11159 -1.69125
10.68 -1.14302 -1.67145
10.69 -1.17404 -1.65101
10.7 -1.20464 -1.62995
10.71 -1.2348 -1.60827
10.72 -1.26453 -1.58599
10.73 -1.2938 -1.5631
10.74 -1.3226 -1.53962
10.75 -1.35092 -1.51555
10.76 -1.37875 -1.49091
10.77 -1.40609 -1.4657
10.78 -1.43291 -1.43993
10.79 -1.45922 -1.41361
10.8 -1.48499 -1.38675
10.81 -1.51022 -1.35935
10.82 -1.53489 -1.33144
10.83 -1.55901 -1.30301
10.84 -1.58255 -1.27408
10.85 -1.60552 -1.24466
10.86 -1.62789 -1.21476
10.87 -1.64967 -1.18439
10.88 -1.67083 -1.15356
10.89 -1.69138 -1.12228
10.9 -1.71131 -1.09057
10.91 -1.7306 -1.05843
10.92 -1.74925 -1.02588
10.93 -1.76726 -0.992927
10.94 -1.78461 -0.959586
10.95 -1.80129 -0.925868
10.96 -1.81731 -0.891785
10.97 -1.83265 -0.85735
10.98 -1.8473 -0.822577
10.99 -1.86127 -0.787476
11 -1.87454 -0.752063
11.01 -1.88711 -0.716349
11.02 -1.89898 -0.680347
11.03 -1.91013 -0.644073
11.04 -1.92057 -0.607538
11.05 -1.93028 -0.570757
11.06 -1.93927 -0.533743
11.07 -1.94753 -0.496509
11.08 -1.95506 -0.459071
11.09 -1.96185 -0.421443
11.1 -1.96791 -0.383637
11.11 -1.97321 -0.345668
11.12 -1.97778 -0.307552
11.13 -1.98159 -0.269301
11.14 -1.98466 -0.230932
11.15 -1.98697 -0.192457
11.16 -1.98853 -0.153892
11.17 -1.98933 -0.115251
11.18 -1.98938 -0.0765492
11.19 -1.98868 -0.0378011
11.2 -1.98721 0.000978554
11.21 -1.98499 0.0397749
11.22 -1.98201 0.0785732
11.23 -1.97828 0.117359
11.24 -1.97379 0.156116
11.25 -1.96854 0.194831
11.26 -1.96254 0.233489
11.27 -1.95579 0.272074
11.28 -1.94829 0.310572
11.29 -1.94005 0.348967
11.3 -1.93106 0.387246
11.31 -1.92132 0.425394
11.32 -1.91085 0.463395
11.33 -1.89964 0.501234
11.34 -1.8877 0.538899
11.35 -1.87504 0.576372
11.36 -1.86164 0.613641
11.37 -1.84753 0.65069
11.38 -1.83271 0.687505
11.39 -1.81718 0.724072
11.4 -1.80094 0.760376
11.41 -1.784 0.796404
11.42 -1.76638 0.83214
11.43 -1.74806 0.867572
11.44 -1.72907 0.902685
11.45 -1.70941 0.937465
11.46 -1.68908 0.971898
11.47 -1.66809 1.00597
11.48 -1.64645 1.03967
11.49 -1.62416 1.07299
11.5 -1.60125 1.1059
11.51 -1.5777 1.1384
11.52 -1.55354 1.17048
11.53 -1.52877 1.20211
11.54 -1.5034 1.2333
11.55 -1.47744 1.26402
11.56 -1.4509 1.29426
11.57 -1.42378 1.32402
11.58 -1.39611 1.35328
11.59 -1.36789 1.38202
11.6 -1.33912 1.41025
11.61 -1.30983 1.43793
11.62 -1.28002 1.46508
11.63 -1.2497 1.49166
11.64 -1.21888 1.51768
11.65 -1.18758 1.54312
11.66 -1.15581 1.56797
11.67 -1.12357 1.59222
11.68 -1.09089 1.61586
11.69 -1.05777 1.63889
11.7 -1.02423 1.66129
11.71 -0.990282 1.68305
11.72 -0.955933 1.70416
11.73 -0.921199 1.72463
11.74 -0.886094 1.74442
11.75 -0.850631 1.76355
11.76 -0.814824 1.782
11.77 -0.778686 1.79976
11.78 -0.742231 1.81683
11.79 -0.705474 1.83319
11.8 -0.668428 1.84885
11.81 -0.631107 1.86379
11.82 -0.593527 1.87801
11.83 -0.555701 1.8915
11.84 -0.517645 1.90426
11.85 -0.479373 1.91628
11.86 -0.440899 1.92756
11.87 -0.402239 1.93808
11.88 -0.363408 1.94786
11.89 -0.32442 1.95687
11.9 -0.285292 1.96512
11.91 -0.246038 1.97261
11.92 -0.206674 1.97933
11.93 -0.167215 1.98527
11.94 -0.127676 1.99044
11.95 -0.0880727 1.99483
11.96 -0.0484211 1.99844
11.97 -0.00873655 2.00127
11.98 0.0309654 2.00331
11.99 0.0706692 2.00457
12 0.110359 2.00504
12.01 0.15002 2.00473
12.02 0.189635 2.00363
12.03 0.229189 2.00173
12.04 0.268668 1.99906
12.05 0.308054 1.99559
12.06 0.347332 1.99134
12.07 0.386488 1.9863
12.08 0.425505 1.98048
12.09 0.464367 1.97388
12.1 0.50306 1.9665
12.11 0.541567 1.95834
12.12 0.579875 1.9494
12.13 0.617966 1.9397
12.14 0.655827 1.92922
12.15 0.693441 1.91799
12.16 0.730795 1.90599
12.17 0.767872 1.89323
12.18 0.804659 1.87972
12.19 0.841139 1.86547
12.2 0.8773 1.85047
12.21 0.913125 1.83473
12.22 0.948602 1.81827
12.23 0.983714 1.80108
12.24 1.01845 1.78317
12.25 1.05279 1.76455
12.26 1.08673 1.74522
12.27 1.12025 1.7252
12.28 1.15333 1.70449
12.29 1.18597 1.68309
12.3 1.21815 1.66102
12.31 1.24985 1.63829
12.32 1.28107 1.6149
12.33 1.31179 1.59085
12.34 1.34201 1.56617
12.35 1.37169 1.54086
12.36 1.40084 1.51493
12.37 1.42945 1.48839
12.38 1.45749 1.46125
12.39 1.48497 1.43352
12.4 1.51186 1.40521
12.41 1.53816 1.37633
12.42 1.56385 1.3469
12.43 1.58893 1.31692
12.44 1.61339 1.2864
12.45 1.63721 1.25537
12.46 1.66038 1.22382
12.47 1.6829 1.19178
12.48 1.70476 1.15925
12.49 1.72594 1.12625
12.5 1.74644 1.09279
12.51 1.76625 1.05888
12.52 1.78536 1.02454
12.53 1.80376 0.989784
12.54 1.82145 0.954619
12.55 1.83841 0.919061
12.56 1.85465 0.883126
12.57 1.87015 0.846826
12.58 1.8849 0.810177
12.59 1.89891 0.773193
12.6 1.91216 0.735888
12.61 1.92464 0.698277
12.62 1.93637 0.660376
12.63 1.94731 0.622199
12.64 1.95749 0.583762
12.65 1.96688 0.545079
12.66 1.97548 0.506166
12.67 1.98329 0.467039
12.68 1.99032 0.427713
12.69 1.99654 0.388204
12.7 2.00197 0.348528
12.71 2.00659 0.308701
12.72 2.01041 0.268737
12.73 2.01342 0.228655
12.74 2.01562 0.188469
12.75 2.01701 0.148196
12.76 2.0176 0.107851
12.77 2.01737 0.0674519
12.78 2.01633 0.0270141
12.79 2.01448 -0.0134462
12.8 2.01181 -0.0539124
12.81 2.00834 -0.0943684
12.82 2.00405 -0.134798
12.83 1.99896 -0.175184
12.84 1.99306 -0.215511
12.85 1.98636 -0.255763
12.86 1.97885 -0.295922
12.87 1.97054 -0.335973
12.88 1.96144 -0.3759
12.89 1.95154 -0.415687
12.9 1.94085 -0.455316
12.91 1.92937 -0.494772
12.92 1.91711 -0.53404
12.93 1.90407 -0.573102
12.94 1.89026 -0.611944
12.95 1.87569 -0.650548
12.96 1.86035 -0.6889
12.97 1.84425 -0.726984
12.98 1.8274 -0.764784
12.99 1.80981 -0.802285
13 1.79148 -0.839471
13.01 1.77242 -0.876327
13.02 1.75264 -0.912838
13.03 1.73215 -0.94899
13.04 1.71094 -0.984766
13.05 1.68904 -1.02015
13.06 1.66644 -1.05513
13.07 1.64317 -1.0897
13.08 1.61922 -1.12383
13.09 1.59461 -1.15751
13.1 1.56934 -1.19074
13.11 1.54343 -1.22348
13.12 1.51689 -1.25574
13.13 1.48973 -1.2875
13.14 1.46195 -1.31874
13.15 1.43357 -1.34946
13.16 1.4046 -1.37963
13.17 1.37505 -1.40926
13.18 1.34494 -1.43831
13.19 1.31427 -1.46679
13.2 1.28306 -1.49468
13.21 1.25131 -1.52197
13.22 1.21906 -1.54864
13.23 1.18629 -1.57469
13.24 1.15304 -1.60011
13.25 1.1193 -1.62488
13.26 1.0851 -1.649
13.27 1.05045 -1.67245
13.28 1.01537 -1.69522
13.29 0.979858 -1.71731
13.3 0.94394 -1.7387
13.31 0.907628 -1.75939
13.32 0.870936 -1.77936
13.33 0.83388 -1.79861
13.34 0.796475 -1.81714
13.35 0.758734 -1.83492
13.36 0.720675 -1.85197
13.37 0.682312 -1.86825
13.38 0.64366 -1.88378
13.39 0.604736 -1.89855
13.4 0.565555 -1.91254
13.41 0.526133 -1.92575
13.42 0.486487 -1.93817
13.43 0.446631 -1.94981
13.44 0.406584 -1.96065
13.45 0.36636 -1.97069
13.46 0.325976 -1.97993
13.47 0.28545 -1.98835
13.48 0.244796 -1.99597
13.49 0.204033 -2.00277
13.5 0.163177 -2.00874
13.51 0.122243 -2.0139
13.52 0.0812912 -2.01823
