0 0 0
0.08 1.54892e-13 -1.40081e-16
0.16 2.12146e-11 -4.74633e-14
0.12 4.32356e-12 -7.36558e-15
0.1 1.10757e-12 -1.50837e-15
0.09 4.46242e-13 -5.09867e-16
0.1 1.15034e-12 -1.62151e-15
0.11 2.70963e-12 -4.62026e-15
0.12 5.92389e-12 -1.20203e-14
0.13 1.21643e-11 -2.89697e-14
0.14 2.36795e-11 -6.5411e-14
0.15 4.40211e-11 -1.39614e-13
0.16 7.86188e-11 -2.83743e-13
0.17 1.35543e-10 -5.52345e-13
0.18 2.26498e-10 -1.03495e-12
0.19 3.68085e-10 -1.87432e-12
0.2 5.83404e-10 -3.29227e-12
0.21 9.04034e-10 -5.62559e-12
0.22 1.37248e-09 -9.37503e-12
0.23 2.04512e-09 -1.52713e-11
0.24 2.9958e-09 -2.43622e-11
0.25 4.3201e-09 -3.8127e-11
0.26 6.14033e-09 -5.86244e-11
0.27 8.61153e-09 -8.86808e-11
0.28 1.19283e-08 -1.3213e-10
0.29 1.63331e-08 -1.94112e-10
0.3 2.21249e-08 -2.81448e-10
0.31 2.96705e-08 -4.03098e-10
0.32 3.94163e-08 -5.70726e-10
0.33 5.19019e-08 -7.99384e-10
0.34 6.77761e-08 -1.10834e-09
0.35 8.78138e-08 -1.52207e-09
0.36 1.12936e-07 -2.07143e-09
0.37 1.44232e-07 -2.79511e-09
0.38 1.82983e-07 -3.74124e-09
0.39 2.30689e-07 -4.96935e-09
0.4 2.891e-07 -6.55271e-09
0.41 3.60249e-07 -8.58091e-09
0.42 4.46483e-07 -1.1163e-08
0.43 5.50513e-07 -1.44311e-08
0.44 6.75446e-07 -1.85443e-08
0.45 8.24839e-07 -2.36937e-08
0.46 1.00275e-06 -3.01074e-08
0.47 1.21379e-06 -3.80569e-08
0.48 1.46319e-06 -4.7864e-08
0.49 1.75685e-06 -5.99086e-08
0.5 2.10144e-06 -7.46375e-08
0.51 2.50443e-06 -9.25748e-08
0.52 2.97422e-06 -1.14332e-07
0.53 3.52019e-06 -1.40623e-07
0.54 4.15282e-06 -1.72275e-07
0.55 4.88375e-06 -2.10245e-07
0.56 5.72592e-06 -2.5564e-07
0.57 6.69369e-06 -3.09733e-07
0.58 7.80293e-06 -3.73983e-07
0.59 9.07113e-06 -4.50065e-07
0.6 1.05176e-05 -5.39888e-07
0.61 1.21635e-05 -6.45629e-07
0.62 1.40322e-05 -7.69762e-07
0.63 1.61492e-05 -9.15092e-07
0.64 1.85422e-05 -1.08479e-06
0.65 2.1242e-05 -1.28245e-06
0.66 2.42815e-05 -1.51211e-06
0.67 2.76969e-05 -1.7783e-06
0.68 3.15276e-05 -2.08612e-06
0.69 3.58161e-05 -2.44129e-06
0.7 4.06085e-05 -2.85019e-06
0.71 4.59549e-05 -3.31994e-06
0.72 5.19092e-05 -3.85849e-06
0.73 5.85297e-05 -4.47466e-06
0.74 6.58789e-05 -5.17825e-06
0.75 7.40246e-05 -5.98015e-06
0.76 8.30392e-05 -6.89237e-06
0.77 9.30007e-05 -7.92822e-06
0.78 0.000103993 -9.10237e-06
0.79 0.000116104 -1.0431e-05
0.8 0.000129431 -1.19318e-05
0.81 0.000144076 -1.36245e-05
0.82 0.000160148 -1.55304e-05
0.83 0.000177763 -1.76731e-05
0.84 0.000197044 -2.00782e-05
0.85 0.000218125 -2.27739e-05
0.86 0.000241144 -2.57908e-05
0.87 0.00026625 -2.91624e-05
0.88 0.000293602 -3.29252e-05
0.89 0.000323365 -3.71187e-05
0.9 0.000355717 -4.17861e-05
0.91 0.000390846 -4.69739e-05
0.92 0.000428947 -5.27329e-05
0.93 0.00047023 -5.91178e-05
0.94 0.000514916 -6.6188e-05
0.95 0.000563234 -7.40076e-05
0.96 0.00061543 -8.26457e-05
0.97 0.000671759 -9.21769e-05
0.98 0.000732492 -0.000102682
0.99 0.000797911 -0.000114246
1 0.000868313 -0.000126964
1.01 0.00094401 -0.000140934
1.02 0.00102533 -0.000156264
1.03 0.00111261 -0.00017307
1.04 0.0012062 -0.000191473
1.05 0.00130649 -0.000211606
1.06 0.00141385 -0.00023361
1.07 0.00152871 -0.000257634
1.08 0.00165146 -0.000283841
1.09 0.00178257 -0.000312402
1.1 0.00192249 -0.000343498
1.11 0.00207169 -0.000377325
1.12 0.00223066 -0.00041409
1.13 0.00239993 -0.000454013
1.14 0.00258003 -0.000497328
1.15 0.0027715 -0.000544283
1.16 0.00297493 -0.000595142
1.17 0.0031909 -0.000650184
1.18 0.00342003 -0.000709704
1.19 0.00366295 -0.000774017
1.2 0.00392032 -0.000843453
1.21 0.00419281 -0.000918362
1.22 0.00448112 -0.000999115
1.23 0.00478597 -0.0010861
1.24 0.00510809 -0.00117973
1.25 0.00544826 -0.00128044
1.26 0.00580724 -0.00138869
1.27 0.00618584 -0.00150496
1.28 0.00658489 -0.00162975
1.29 0.00700524 -0.00176359
1.3 0.00744774 -0.00190705
1.31 0.00791329 -0.00206072
1.32 0.0084028 -0.0022252
1.33 0.00891719 -0.00240116
1.34 0.00945741 -0.00258925
1.35 0.0100244 -0.0027902
1.36 0.0106193 -0.00300474
1.37 0.0112429 -0.00323365
1.38 0.0118963 -0.00347775
1.39 0.0125806 -0.00373788
1.4 0.0132968 -0.00401493
1.41 0.014046 -0.00430982
1.42 0.0148293 -0.00462352
1.43 0.0156479 -0.00495703
1.44 0.0165027 -0.0053114
1.45 0.0173949 -0.00568772
1.46 0.0183258 -0.00608713
1.47 0.0192964 -0.0065108
1.48 0.0203079 -0.00695996
1.49 0.0213615 -0.00743589
1.5 0.0224584 -0.00793991
1.51 0.0235997 -0.00847339
1.52 0.0247866 -0.00903775
1.53 0.0260204 -0.00963448
1.54 0.0273021 -0.0102651
1.55 0.0286331 -0.0109312
1.56 0.0300145 -0.0116344
1.57 0.0314474 -0.0123764
1.58 0.0329332 -0.0131589
1.59 0.0344728 -0.0139838
1.6 0.0360675 -0.014853
1.61 0.0377184 -0.0157683
1.62 0.0394266 -0.0167317
1.63 0.0411934 -0.0177454
1.64 0.0430196 -0.0188113
1.65 0.0449065 -0.0199317
1.66 0.0468549 -0.0211088
1.67 0.0488661 -0.022345
1.68 0.0509409 -0.0236425
1.69 0.0530802 -0.0250037
1.7 0.0552851 -0.0264313
1.71 0.0575563 -0.0279278
1.72 0.0598946 -0.0294957
1.73 0.0623009 -0.0311378
1.74 0.0647759 -0.0328568
1.75 0.0673202 -0.0346555
1.76 0.0699345 -0.0365369
1.77 0.0726193 -0.0385038
1.78 0.0753751 -0.0405593
1.79 0.0782023 -0.0427065
1.8 0.0811012 -0.0449485
1.81 0.0840722 -0.0472886
1.82 0.0871154 -0.0497299
1.83 0.090231 -0.0522758
1.84 0.0934188 -0.0549298
1.85 0.096679 -0.0576952
1.86 0.100011 -0.0605756
1.87 0.103415 -0.0635746
1.88 0.106891 -0.0666957
1.89 0.110437 -0.0699426
1.9 0.114054 -0.0733191
1.91 0.117741 -0.076829
1.92 0.121496 -0.0804761
1.93 0.125319 -0.0842641
1.94 0.129209 -0.0881972
1.95 0.133164 -0.0922791
1.96 0.137184 -0.096514
1.97 0.141266 -0.100906
1.98 0.145408 -0.105459
1.99 0.149611 -0.110176
2 0.15387 -0.115064
2.01 0.158184 -0.120124
2.02 0.162551 -0.125362
2.03 0.166968 -0.130781
2.04 0.171432 -0.136387
2.05 0.175941 -0.142182
2.06 0.180492 -0.148171
2.07 0.185081 -0.154359
2.08 0.189705 -0.16075
2.09 0.194361 -0.167347
2.1 0.199044 -0.174155
2.11 0.203751 -0.181177
2.12 0.208477 -0.188419
2.13 0.213219 -0.195884
2.14 0.21797 -0.203576
2.15 0.222727 -0.211499
2.16 0.227485 -0.219656
2.17 0.232237 -0.228053
2.18 0.236979 -0.236692
2.19 0.241705 -0.245577
2.2 0.246409 -0.254712
2.21 0.251085 -0.2641
2.22 0.255725 -0.273744
2.23 0.260324 -0.283649
2.24 0.264875 -0.293817
2.25 0.26937 -0.304251
2.26 0.273802 -0.314955
2.27 0.278163 -0.32593
2.28 0.282445 -0.33718
2.29 0.286641 -0.348707
2.3 0.290741 -0.360514
2.31 0.294738 -0.372602
2.32 0.298622 -0.384974
2.33 0.302384 -0.397632
2.34 0.306016 -0.410576
2.35 0.309506 -0.423809
2.36 0.312846 -0.437331
2.37 0.316025 -0.451143
2.38 0.319033 -0.465247
2.39 0.32186 -0.479642
2.4 0.324494 -0.494328
2.41 0.326925 -0.509306
2.42 0.329142 -0.524576
2.43 0.331133 -0.540136
2.44 0.332886 -0.555985
2.45 0.33439 -0.572122
2.46 0.335633 -0.588546
2.47 0.336602 -0.605255
2.48 0.337286 -0.622245
2.49 0.33767 -0.639516
2.5 0.337744 -0.657063
2.51 0.337493 -0.674884
2.52 0.336905 -0.692974
2.53 0.335966 -0.711329
2.54 0.334664 -0.729945
2.55 0.332984 -0.748817
2.56 0.330913 -0.76794
2.57 0.328438 -0.787307
2.58 0.325544 -0.806912
2.59 0.322218 -0.82675
2.6 0.318445 -0.846812
2.61 0.314212 -0.867091
2.62 0.309505 -0.887579
2.63 0.304309 -0.908267
2.64 0.29861 -0.929146
2.65 0.292395 -0.950208
2.66 0.285648 -0.971441
2.67 0.278357 -0.992835
2.68 0.270507 -1.01438
2.69 0.262084 -1.03606
2.7 0.253073 -1.05787
2.71 0.243462 -1.07979
2.72 0.233237 -1.10182
2.73 0.222383 -1.12393
2.74 0.210888 -1.14611
2.75 0.198737 -1.16835
2.76 0.185919 -1.19063
2.77 0.17242 -1.21294
2.78 0.158227 -1.23527
2.79 0.143329 -1.25758
2.8 0.127712 -1.27987
2.81 0.111364 -1.30211
2.82 0.0942753 -1.3243
2.83 0.0764332 -1.3464
2.84 0.0578271 -1.36841
2.85 0.0384464 -1.3903
2.86 0.0182808 -1.41204
2.87 -0.00267938 -1.43362
2.88 -0.0244435 -1.45502
2.89 -0.0470205 -1.47621
2.9 -0.0704188 -1.49717
2.91 -0.0946463 -1.51787
2.92 -0.11971 -1.5383
2.93 -0.145618 -1.55843
2.94 -0.172375 -1.57824
2.95 -0.199988 -1.59769
2.96 -0.228462 -1.61676
2.97 -0.2578 -1.63543
2.98 -0.288008 -1.65366
2.99 -0.319087 -1.67144
3 -0.351041 -1.68874
3.01 -0.383871 -1.70552
3.02 -0.417578 -1.72175
3.03 -0.452163 -1.73742
3.04 -0.487624 -1.75249
3.05 -0.52396 -1.76693
3.06 -0.56117 -1.78071
3.07 -0.599249 -1.7938
3.08 -0.638195 -1.80617
3.09 -0.678001 -1.8178
3.1 -0.718663 -1.82864
3.11 -0.760174 -1.83867
3.12 -0.802526 -1.84786
3.13 -0.845711 -1.85618
3.14 -0.889719 -1.86359
3.15 -0.93454 -1.87007
3.16 -0.980161 -1.87557
3.17 -1.02657 -1.88008
3.18 -1.07376 -1.88356
3.19 -1.1217 -1.88598
3.2 -1.17039 -1.88731
3.21 -1.21981 -1.88751
3.22 -1.26994 -1.88656
3.23 -1.32075 -1.88442
3.24 -1.37224 -1.88106
3.25 -1.42438 -1.87645
3.26 -1.47715 -1.87057
3.27 -1.53052 -1.86338
3.28 -1.58447 -1.85485
3.29 -1.63898 -1.84495
3.3 -1.69401 -1.83366
3.31 -1.74954 -1.82095
3.32 -1.80555 -1.80678
3.33 -1.86199 -1.79113
3.34 -1.91885 -1.77398
3.35 -1.97608 -1.75529
3.36 -2.03365 -1.73505
3.37 -2.09154 -1.71322
3.38 -2.14969 -1.68978
3.39 -2.20809 -1.66472
3.4 -2.26668 -1.638
3.41 -2.32544 -1.6096
3.42 -2.38432 -1.57951
3.43 -2.44327 -1.54771
3.44 -2.50227 -1.51416
3.45 -2.56126 -1.47887
3.46 -2.6202 -1.4418
3.47 -2.67905 -1.40295
3.48 -2.73776 -1.36229
3.49 -2.79628 -1.31982
3.5 -2.85457 -1.27553
3.51 -2.91258 -1.22939
3.52 -2.97027 -1.18141
3.53 -3.02757 -1.13156
3.54 -3.08444 -1.07985
3.55 -3.14083 -1.02627
3.56 -3.19669 -0.970818
3.57 -3.25196 -0.913483
3.58 -3.30659 -0.854267
3.59 -3.36053 -0.793169
3.6 -3.41373 -0.73019
3.61 -3.46612 -0.665334
3.62 -3.51765 -0.598604
3.63 -3.56827 -0.530006
3.64 -3.61793 -0.459548
3.65 -3.66656 -0.387239
3.66 -3.71411 -0.313089
3.67 -3.76052 -0.237111
3.68 -3.80573 -0.159319
3.69 -3.8497 -0.0797295
3.7 -3.89236 0.0016411
3.71 -3.93365 0.084773
3.72 -3.97352 0.169645
3.73 -4.01191 0.256235
3.74 -4.04877 0.344518
3.75 -4.08403 0.434467
3.76 -4.11765 0.526055
3.77 -4.14956 0.619251
3.78 -4.17972 0.714024
3.79 -4.20806 0.810341
3.8 -4.23453 0.908165
3.81 -4.25909 1.00746
3.82 -4.28166 1.10819
3.83 -4.30221 1.21031
3.84 -4.32068 1.31378
3.85 -4.33703 1.41855
3.86 -4.35119 1.52459
3.87 -4.36312 1.63183
3.88 -4.37277 1.74024
3.89 -4.3801 1.84976
3.9 -4.38507 1.96035
3.91 -4.38761 2.07193
3.92 -4.3877 2.18447
3.93 -4.38529 2.2979
3.94 -4.38033 2.41216
3.95 -4.3728 2.5272
3.96 -4.36264 2.64295
3.97 -4.34983 2.75935
3.98 -4.33433 2.87633
3.99 -4.3161 2.99383
4 -4.29512 3.11178
4.01 -4.27135 3.23012
4.02 -4.24476 3.34877
4.03 -4.21534 3.46766
4.04 -4.18304 3.58672
4.05 -4.14786 3.70588
4.06 -4.10977 3.82507
4.07 -4.06875 3.9442
4.08 -4.02478 4.06321
4.09 -3.97785 4.18202
4.1 -3.92794 4.30054
4.11 -3.87505 4.41871
4.12 -3.81917 4.53644
4.13 -3.76029 4.65366
4.14 -3.6984 4.77027
4.15 -3.6335 4.88622
4.16 -3.5656 5.0014
4.17 -3.49469 5.11575
4.18 -3.42078 5.22918
4.19 -3.34388 5.34161
4.2 -3.26399 5.45296
4.21 -3.18113 5.56315
4.22 -3.09531 5.67209
4.23 -3.00655 5.7797
4.24 -2.91486 5.88591
4.25 -2.82027 5.99063
4.26 -2.72279 6.09379
4.27 -2.62246 6.19529
4.28 -2.5193 6.29507
4.29 -2.41334 6.39304
4.3 -2.30461 6.48912
4.31 -2.19315 6.58324
4.32 -2.079 6.67531
4.33 -1.96219 6.76527
4.34 -1.84276 6.85304
4.35 -1.72076 6.93853
4.36 -1.59623 7.02169
4.37 -1.46922 7.10243
4.38 -1.33978 7.18069
4.39 -1.20797 7.25639
4.4 -1.07383 7.32947
4.41 -0.937419 7.39985
4.42 -0.798799 7.46748
4.43 -0.658027 7.53228
4.44 -0.515166 7.5942
4.45 -0.370278 7.65317
4.46 -0.223429 7.70913
4.47 -0.0746855 7.76203
4.48 0.0758831 7.8118
4.49 0.228207 7.8584
4.5 0.382213 7.90177
4.51 0.537829 7.94186
4.52 0.694979 7.97862
4.53 0.853588 8.012
4.54 1.01358 8.04196
4.55 1.17487 8.06845
4.56 1.33738 8.09144
4.57 1.50103 8.11088
4.58 1.66574 8.12674
4.59 1.83142 8.13899
4.6 1.99799 8.14759
4.61 2.16536 8.15251
4.62 2.33345 8.15373
4.63 2.50217 8.15121
4.64 2.67143 8.14494
4.65 2.84115 8.13489
4.66 3.01123 8.12105
4.67 3.18159 8.1034
4.68 3.35213 8.08193
4.69 3.52276 8.05662
4.7 3.6934 8.02746
4.71 3.86396 7.99445
4.72 4.03433 7.95759
4.73 4.20444 7.91687
4.74 4.37419 7.87229
4.75 4.54349 7.82386
4.76 4.71224 7.77157
4.77 4.88037 7.71545
4.78 5.04777 7.65548
4.79 5.21436 7.5917
4.8 5.38004 7.52411
4.81 5.54473 7.45273
4.82 5.70834 7.37758
4.83 5.87078 7.29868
4.84 6.03196 7.21604
4.85 6.1918 7.12971
4.86 6.3502 7.0397
4.87 6.50709 6.94604
4.88 6.66237 6.84877
4.89 6.81597 6.74792
4.9 6.9678 6.64353
4.91 7.11778 6.53563
4.92 7.26583 6.42426
4.93 7.41187 6.30947
4.94 7.55582 6.19129
4.95 7.6976 6.06978
4.96 7.83714 5.94498
4.97 7.97435 5.81694
4.98 8.10918 5.6857
4.99 8.24154 5.55133
5 8.37136 5.41388
5.01 8.49858 5.2734
5.02 8.62313 5.12995
5.03 8.74494 4.98359
5.04 8.86394 4.83437
5.05 8.98007 4.68237
5.06 9.09328 4.52763
5.07 9.20349 4.37023
5.08 9.31065 4.21024
5.09 9.41471 4.04771
5.1 9.51561 3.88272
5.11 9.61329 3.71533
5.12 9.70771 3.54561
5.13 9.79881 3.37365
5.14 9.88654 3.1995
5.15 9.97086 3.02324
5.16 10.0517 2.84494
5.17 10.1291 2.66468
5.18 10.2029 2.48254
5.19 10.2732 2.29858
5.2 10.3398 2.1129
5.21 10.4027 1.92555
5.22 10.462 1.73663
5.23 10.5176 1.54621
5.24 10.5694 1.35437
5.25 10.6174 1.16118
5.26 10.6617 0.966735
5.27 10.702 0.771108
5.28 10.7386 0.574379
5.29 10.7713 0.376629
5.3 10.8 0.177941
5.31 10.8249 -0.0216067
5.32 10.8458 -0.221931
5.33 10.8628 -0.422951
5.34 10.8758 -0.624586
5.35 10.8849 -0.826753
5.36 10.89 -1.02937
5.37 10.8911 -1.23236
5.38 10.8882 -1.43564
5.39 10.8813 -1.63912
5.4 10.8705 -1.84274
5.41 10.8556 -2.04639
5.42 10.8367 -2.25002
5.43 10.8139 -2.45353
5.44 10.7871 -2.65684
5.45 10.7563 -2.85988
5.46 10.7215 -3.06256
5.47 10.6828 -3.26482
5.48 10.6401 -3.46656
5.49 10.5935 -3.66771
5.5 10.543 -3.8682
5.51 10.4886 -4.06794
5.52 10.4302 -4.26687
5.53 10.368 -4.46489
5.54 10.302 -4.66195
5.55 10.2321 -4.85796
5.56 10.1584 -5.05285
5.57 10.081 -5.24655
5.58 9.99976 -5.43898
5.59 9.91482 -5.63008
5.6 9.82618 -5.81976
5.61 9.73386 -6.00797
5.62 9.63791 -6.19462
5.63 9.53836 -6.37966
5.64 9.43523 -6.56301
5.65 9.32856 -6.74461
5.66 9.21839 -6.92438
5.67 9.10475 -7.10227
5.68 8.98769 -7.27821
5.69 8.86724 -7.45214
5.7 8.74344 -7.62398
5.71 8.61634 -7.79369
5.72 8.48597 -7.96119
5.73 8.35239 -8.12643
5.74 8.21563 -8.28936
5.75 8.07574 -8.4499
5.76 7.93277 -8.608
5.77 7.78676 -8.76362
5.78 7.63777 -8.91668
5.79 7.48584 -9.06714
5.8 7.33103 -9.21494
5.81 7.17338 -9.36004
5.82 7.01294 -9.50237
5.83 6.84978 -9.6419
5.84 6.68394 -9.77856
5.85 6.51548 -9.91232
5.86 6.34445 -10.0431
5.87 6.1709 -10.1709
5.88 5.99491 -10.2957
5.89 5.81652 -10.4173
5.9 5.63578 -10.5359
5.91 5.45277 -10.6512
5.92 5.26754 -10.7634
5.93 5.08015 -10.8723
5.94 4.89065 -10.9779
5.95 4.69912 -11.0801
5.96 4.50561 -11.179
5.97 4.31018 -11.2745
5.98 4.11291 -11.3666
5.99 3.91384 -11.4552
6 3.71305 -11.5403
6.01 3.51059 -11.6218
6.02 3.30654 -11.6998
6.03 3.10096 -11.7742
6.04 2.89392 -11.845
6.05 2.68547 -11.9122
6.06 2.47569 -11.9757
6.07 2.26465 -12.0355
6.08 2.0524 -12.0916
6.09 1.83902 -12.1439
6.1 1.62458 -12.1925
6.11 1.40914 -12.2373
6.12 1.19278 -12.2784
6.13 0.975548 -12.3156
6.14 0.75753 -12.349
6.15 0.538789 -12.3786
6.16 0.319394 -12.4043
6.17 0.0994161 -12.4262
6.18 -0.121077 -12.4442
6.19 -0.342015 -12.4583
6.2 -0.563328 -12.4685
6.21 -0.784947 -12.4748
6.22 -1.0068 -12.4772
6.23 -1.22882 -12.4757
6.24 -1.45094 -12.4703
6.25 -1.67308 -12.461
6.26 -1.89518 -12.4477
6.27 -2.11716 -12.4306
6.28 -2.33896 -12.4095
6.29 -2.5605 -12.3845
6.3 -2.78172 -12.3556
6.31 -3.00254 -12.3228
6.32 -3.2229 -12.2861
6.33 -3.44273 -12.2455
6.34 -3.66195 -12.201
6.35 -3.8805 -12.1526
6.36 -4.0983 -12.1004
6.37 -4.3153 -12.0443
6.38 -4.53141 -11.9844
6.39 -4.74657 -11.9206
6.4 -4.96072 -11.853
6.41 -5.17377 -11.7817
6.42 -5.38568 -11.7065
6.43 -5.59636 -11.6276
6.44 -5.80575 -11.5449
6.45 -6.01379 -11.4585
6.46 -6.2204 -11.3684
6.47 -6.42552 -11.2747
6.48 -6.62908 -11.1772
6.49 -6.83102 -11.0762
6.5 -7.03127 -10.9715
6.51 -7.22978 -10.8633
6.52 -7.42646 -10.7515
6.53 -7.62126 -10.6362
6.54 -7.81412 -10.5174
6.55 -8.00497 -10.3951
6.56 -8.19375 -10.2695
6.57 -8.3804 -10.1404
6.58 -8.56485 -10.008
6.59 -8.74705 -9.8722
6.6 -8.92693 -9.73316
6.61 -9.10444 -9.59088
6.62 -9.27951 -9.44539
6.63 -9.45209 -9.29673
6.64 -9.62212 -9.14494
6.65 -9.78954 -8.99007
6.66 -9.95429 -8.83216
6.67 -10.1163 -8.67124
6.68 -10.2756 -8.50737
6.69 -10.432 -8.3406
6.7 -10.5855 -8.17096
6.71 -10.7362 -7.99851
6.72 -10.8838 -7.82329
6.73 -11.0283 -7.64536
6.74 -11.1698 -7.46476
6.75 -11.3082 -7.28155
6.76 -11.4433 -7.09578
6.77 -11.5752 -6.9075
6.78 -11.7038 -6.71677
6.79 -11.8291 -6.52363
6.8 -11.951 -6.32816
6.81 -12.0695 -6.13039
6.82 -12.1846 -5.93039
6.83 -12.2961 -5.72823
6.84 -12.404 -5.52395
6.85 -12.5084 -5.31761
6.86 -12.6092 -5.10929
6.87 -12.7063 -4.89903
6.88 -12.7996 -4.6869
6.89 -12.8893 -4.47297
6.9 -12.9751 -4.25729
6.91 -13.0571 -4.03993
6.92 -13.1353 -3.82096
6.93 -13.2096 -3.60044
6.94 -13.2801 -3.37843
6.95 -13.3465 -3.15501
6.96 -13.409 -2.93023
6.97 -13.4675 -2.70418
6.98 -13.522 -2.47691
6.99 -13.5724 -2.24849
7 -13.6188 -2.019
7.01 -13.661 -1.7885
7.02 -13.6992 -1.55707
7.03 -13.7332 -1.32477
7.04 -13.763 -1.09168
7.05 -13.7887 -0.857864
7.06 -13.8102 -0.623401
7.07 -13.8274 -0.388361
7.08 -13.8405 -0.152816
7.09 -13.8493 0.0831607
7.1 -13.8539 0.319495
7.11 -13.8542 0.556113
7.12 -13.8502 0.79294
7.13 -13.842 1.0299
7.14 -13.8295 1.26693
7.15 -13.8127 1.50394
7.16 -13.7916 1.74086
7.17 -13.7662 1.97762
7.18 -13.7366 2.21413
7.19 -13.7026 2.45033
7.2 -13.6643 2.68615
7.21 -13.6218 2.92149
7.22 -13.575 3.1563
7.23 -13.5238 3.39048
7.24 -13.4685 3.62397
7.25 -13.4088 3.8567
7.26 -13.3449 4.08858
7.27 -13.2768 4.31954
7.28 -13.2044 4.5495
7.29 -13.1278 4.77839
7.3 -13.047 5.00613
7.31 -12.962 5.23266
7.32 -12.8729 5.45788
7.33 -12.7796 5.68174
7.34 -12.6822 5.90415
7.35 -12.5807 6.12503
7.36 -12.4751 6.34433
7.37 -12.3654 6.56195
7.38 -12.2517 6.77784
7.39 -12.134 6.99191
7.4 -12.0124 7.20409
7.41 -11.8868 7.41432
7.42 -11.7573 7.62251
7.43 -11.6239 7.8286
7.44 -11.4867 8.03252
7.45 -11.3456 8.2342
7.46 -11.2008 8.43356
7.47 -11.0523 8.63054
7.48 -10.9001 8.82507
7.49 -10.7442 9.01708
7.5 -10.5847 9.20651
7.51 -10.4217 9.39328
7.52 -10.2551 9.57733
7.53 -10.0851 9.7586
7.54 -9.91161 9.93702
7.55 -9.73478 10.1125
7.56 -9.55462 10.2851
7.57 -9.37119 10.4545
7.58 -9.18453 10.6209
7.59 -8.99471 10.7842
7.6 -8.80178 10.9442
7.61 -8.60579 11.1009
7.62 -8.4068 11.2543
7.63 -8.20487 11.4043
7.64 -8.00006 11.5509
7.65 -7.79242 11.6939
7.66 -7.58204 11.8334
7.67 -7.36895 11.9693
7.68 -7.15323 12.1015
7.69 -6.93495 12.23
7.7 -6.71417 12.3547
7.71 -6.49095 12.4756
7.72 -6.26537 12.5927
7.73 -6.0375 12.7058
7.74 -5.8074 12.815
7.75 -5.57514 12.9202
7.76 -5.3408 13.0214
7.77 -5.10445 13.1185
7.78 -4.86616 13.2114
7.79 -4.62602 13.3002
7.8 -4.38408 13.3848
7.81 -4.14044 13.4652
7.82 -3.89516 13.5413
7.83 -3.64832 13.6131
7.84 -3.40001 13.6806
7.85 -3.1503 13.7436
7.86 -2.89928 13.8023
7.87 -2.64701 13.8566
7.88 -2.39359 13.9064
7.89 -2.13909 13.9517
7.9 -1.88361 13.9926
7.91 -1.62721 14.0289
7.92 -1.36999 14.0607
7.93 -1.11202 14.0879
7.94 -0.8534 14.1105
7.95 -0.594205 14.1285
7.96 -0.334523 14.1419
7.97 -0.0744401 14.1507
7.98 0.185958 14.1548
7.99 0.446586 14.1543
8 0.707355 14.1491
8.01 0.968179 14.1393
8.02 1.22897 14.1248
8.03 1.48964 14.1056
8.04 1.75011 14.0817
8.05 2.01028 14.0532
8.06 2.27006 14.0199
8.07 2.52938 13.982
8.08 2.78813 13.9395
8.09 3.04624 13.8922
8.1 3.30361 13.8403
8.11 3.56016 13.7837
8.12 3.81579 13.7225
8.13 4.07043 13.6567
8.14 4.32397 13.5863
8.15 4.57634 13.5112
8.16 4.82744 13.4316
8.17 5.0772 13.3474
8.18 5.32551 13.2587
8.19 5.5723 13.1654
8.2 5.81748 13.0676
8.21 6.06096 12.9654
8.22 6.30265 12.8587
8.23 6.54248 12.7476
8.24 6.78035 12.6321
8.25 7.01618 12.5122
8.26 7.24988 12.388
8.27 7.48138 12.2595
8.28 7.71059 12.1268
8.29 7.93743 11.9898
8.3 8.16181 11.8487
8.31 8.38365 11.7034
8.32 8.60288 11.5541
8.33 8.81942 11.4007
8.34 9.03318 11.2432
8.35 9.24408 11.0818
8.36 9.45206 10.9166
8.37 9.65702 10.7474
8.38 9.85891 10.5744
8.39 10.0576 10.3977
8.4 10.2531 10.2173
8.41 10.4453 10.0332
8.42 10.6341 9.84557
8.43 10.8195 9.65438
8.44 11.0013 9.45972
8.45 11.1796 9.26166
8.46 11.3542 9.06024
8.47 11.5251 8.85555
8.48 11.6922 8.64764
8.49 11.8554 8.43658
8.5 12.0147 8.22244
8.51 12.1701 8.00528
8.52 12.3214 7.78519
8.53 12.4686 7.56222
8.54 12.6117 7.33645
8.55 12.7505 7.10797
8.56 12.8851 6.87683
8.57 13.0154 6.64312
8.58 13.1413 6.40691
8.59 13.2628 6.16829
8.6 13.3798 5.92733
8.61 13.4922 5.68411
8.62 13.6002 5.43872
8.63 13.7034 5.19124
8.64 13.8021 4.94174
8.65 13.896 4.69032
8.66 13.9852 4.43706
8.67 14.0696 4.18205
8.68 14.1492 3.92537
8.69 14.224 3.66711
8.7 14.2939 3.40736
8.71 14.3588 3.1462
8.72 14.4188 2.88373
8.73 14.4738 2.62005
8.74 14.5239 2.35523
8.75 14.5688 2.08937
8.76 14.6088 1.82256
8.77 14.6436 1.5549
8.78 14.6734 1.28648
8.79 14.6981 1.01739
8.8 14.7176 0.747733
8.81 14.732 0.477595
8.82 14.7412 0.207075
8.83 14.7452 -0.063733
8.84 14.7441 -0.334732
8.85 14.7378 -0.605827
8.86 14.7263 -0.876921
8.87 14.7096 -1.14792
8.88 14.6877 -1.41872
8.89 14.6606 -1.68924
8.9 14.6283 -1.95936
8.91 14.5909 -2.229
8.92 14.5482 -2.49806
8.93 14.5004 -2.76644
8.94 14.4474 -3.03405
8.95 14.3892 -3.30079
8.96 14.3259 -3.56655
8.97 14.2575 -3.83125
8.98 14.1839 -4.09479
8.99 14.1053 -4.35707
9 14.0216 -4.618
9.01 13.9328 -4.87748
9.02 13.8391 -5.13542
9.03 13.7403 -5.39171
9.04 13.6366 -5.64627
9.05 13.5279 -5.89901
9.06 13.4143 -6.14982
9.07 13.2959 -6.39862
9.08 13.1726 -6.64531
9.09 13.0445 -6.8898
9.1 12.9116 -7.13201
9.11 12.7741 -7.37183
9.12 12.6319 -7.60918
9.13 12.485 -7.84397
9.14 12.3336 -8.07611
9.15 12.1776 -8.30552
9.16 12.0171 -8.5321
9.17 11.8523 -8.75578
9.18 11.683 -8.97646
9.19 11.5094 -9.19406
9.2 11.3316 -9.40851
9.21 11.1495 -9.61971
9.22 10.9633 -9.82758
9.23 10.7731 -10.0321
9.24 10.5788 -10.233
9.25 10.3805 -10.4305
9.26 10.1784 -10.6243
9.27 9.97244 -10.8143
9.28 9.76275 -11.0006
9.29 9.54938 -11.1831
9.3 9.33242 -11.3616
9.31 9.11192 -11.5361
9.32 8.88797 -11.7065
9.33 8.66065 -11.8728
9.34 8.43004 -12.0349
9.35 8.19621 -12.1927
9.36 7.95925 -12.3461
9.37 7.71924 -12.4952
9.38 7.47627 -12.6399
9.39 7.23041 -12.78
9.4 6.98177 -12.9155
9.41 6.73042 -13.0465
9.42 6.47645 -13.1727
9.43 6.21995 -13.2942
9.44 5.96102 -13.411
9.45 5.69975 -13.5229
9.46 5.43624 -13.6299
9.47 5.17056 -13.732
9.48 4.90283 -13.8291
9.49 4.63314 -13.9212
9.5 4.36158 -14.0083
9.51 4.08825 -14.0903
9.52 3.81325 -14.1671
9.53 3.53669 -14.2388
9.54 3.25866 -14.3054
9.55 2.97926 -14.3666
9.56 2.6986 -14.4227
9.57 2.41677 -14.4734
9.58 2.13389 -14.5189
9.59 1.85005 -14.559
9.6 1.56536 -14.5938
9.61 1.27993 -14.6232
9.62 0.993851 -14.6473
9.63 0.707239 -14.6659
9.64 0.420198 -14.6791
9.65 0.132834 -14.6869
9.66 -0.154745 -14.6893
9.67 -0.442434 -14.6862
9.68 -0.730125 -14.6777
9.69 -1.01771 -14.6638
9.7 -1.30508 -14.6443
9.71 -1.59213 -14.6195
9.72 -1.87876 -14.5892
9.73 -2.16485 -14.5534
9.74 -2.45029 -14.5123
9.75 -2.73499 -14.4657
9.76 -3.01882 -14.4137
9.77 -3.30169 -14.3563
9.78 -3.58349 -14.2935
9.79 -3.86411 -14.2254
9.8 -4.14344 -14.1519
9.81 -4.42138 -14.0731
9.82 -4.69782 -13.989
9.83 -4.97266 -13.8996
9.84 -5.24578 -13.805
9.85 -5.5171 -13.7051
9.86 -5.7865 -13.6001
9.87 -6.05387 -13.49
9.88 -6.31913 -13.3747
9.89 -6.58215 -13.2543
9.9 -6.84285 -13.1289
9.91 -7.10112 -12.9986
9.92 -7.35686 -12.8632
9.93 -7.60998 -12.723
9.94 -7.86037 -12.5779
9.95 -8.10793 -12.428
9.96 -8.35258 -12.2734
9.97 -8.59421 -12.114
9.98 -8.83273 -11.95
9.99 -9.06804 -11.7815
10 -9.30006 -11.6084
10.01 -9.52869 -11.4308
10.02 -9.75385 -11.2488
10.03 -9.97543 -11.0625
10.04 -10.1934 -10.872
10.05 -10.4076 -10.6772
10.06 -10.6179 -10.4782
10.07 -10.8244 -10.2753
10.08 -11.0268 -10.0683
10.09 -11.2252 -9.8574
10.1 -11.4195 -9.64268
10.11 -11.6095 -9.42419
10.12 -11.7952 -9.20202
10.13 -11.9765 -8.97625
10.14 -12.1534 -8.74697
10.15 -12.3257 -8.51425
10.16 -12.4934 -8.27818
10.17 -12.6565 -8.03885
10.18 -12.8149 -7.79635
10.19 -12.9684 -7.55076
10.2 -13.1171 -7.30218
10.21 -13.2608 -7.05071
10.22 -13.3996 -6.79642
10.23 -13.5333 -6.53943
10.24 -13.662 -6.27982
10.25 -13.7855 -6.01769
10.26 -13.9038 -5.75314
10.27 -14.0168 -5.48627
10.28 -14.1245 -5.21717
10.29 -14.2269 -4.94596
10.3 -14.3239 -4.67273
10.31 -14.4155 -4.39758
10.32 -14.5015 -4.12063
10.33 -14.5821 -3.84197
10.34 -14.6571 -3.56171
10.35 -14.7266 -3.27995
10.36 -14.7904 -2.99681
10.37 -14.8486 -2.71239
10.38 -14.9011 -2.4268
10.39 -14.9479 -2.14015
10.4 -14.989 -1.85254
10.41 -15.0243 -1.5641
10.42 -15.0539 -1.27492
10.43 -15.0778 -0.985127
10.44 -15.0958 -0.694823
10.45 -15.108 -0.404123
10.46 -15.1144 -0.113139
10.47 -15.115 0.178018
10.48 -15.1098 0.469234
10.49 -15.0987 0.760397
10.5 -15.0818 1.05139
10.51 -15.0591 1.34211
10.52 -15.0305 1.63244
10.53 -14.9962 1.92226
10.54 -14.956 2.21147
10.55 -14.91 2.49994
10.56 -14.8583 2.78757
10.57 -14.8008 3.07425
10.58 -14.7375 3.35985
10.59 -14.6685 3.64428
10.6 -14.5937 3.92742
10.61 -14.5133 4.20915
10.62 -14.4272 4.48937
10.63 -14.3355 4.76797
10.64 -14.2382 5.04483
10.65 -14.1353 5.31986
10.66 -14.0269 5.59292
10.67 -13.913 5.86393
10.68 -13.7937 6.13278
10.69 -13.6689 6.39934
10.7 -13.5388 6.66353
10.71 -13.4033 6.92524
10.72 -13.2626 7.18435
10.73 -13.1166 7.44077
10.74 -12.9655 7.6944
10.75 -12.8092 7.94513
10.76 -12.6479 8.19286
10.77 -12.4816 8.4375
10.78 -12.3104 8.67894
10.79 -12.1343 8.91709
10.8 -11.9534 9.15185
10.81 -11.7677 9.38313
10.82 -11.5774 9.61083
10.83 -11.3824 9.83487
10.84 -11.183 10.0551
10.85 -10.979 10.2716
10.86 -10.7707 10.4841
10.87 -10.5581 10.6925
10.88 -10.3413 10.8969
10.89 -10.1204 11.0971
10.9 -9.89537 11.293
10.91 -9.6664 11.4845
10.92 -9.43354 11.6716
10.93 -9.1969 11.8542
10.94 -8.95655 12.0322
10.95 -8.71259 12.2056
10.96 -8.46512 12.3742
10.97 -8.21422 12.538
10.98 -7.96 12.697
10.99 -7.70255 12.851
11 -7.44198 13
11.01 -7.17838 13.144
11.02 -6.91185 13.2828
11.03 -6.6425 13.4164
11.04 -6.37043 13.5449
11.05 -6.09575 13.668
11.06 -5.81857 13.7858
11.07 -5.53899 13.8981
11.08 -5.25712 14.0051
11.09 -4.97307 14.1065
11.1 -4.68695 14.2024
11.11 -4.39888 14.2927
11.12 -4.10897 14.3775
11.13 -3.81732 14.4565
11.14 -3.52406 14.5299
11.15 -3.22931 14.5975
11.16 -2.93316 14.6594
11.17 -2.63576 14.7155
11.18 -2.3372 14.7658
11.19 -2.03761 14.8103
11.2 -1.73711 14.8489
11.21 -1.43581 14.8816
11.22 -1.13383 14.9085
11.23 -0.831307 14.9294
11.24 -0.528343 14.9444
11.25 -0.225064 14.9535
11.26 0.0784092 14.9567
11.27 0.381956 14.9539
11.28 0.685456 14.9452
11.29 0.988787 14.9305
11.3 1.29183 14.9099
11.31 1.59446 14.8833
11.32 1.89656 14.8508
11.33 2.19801 14.8124
11.34 2.49868 14.768
11.35 2.79846 14.7178
11.36 3.09723 14.6617
11.37 3.39486 14.5997
11.38 3.69123 14.5319
11.39 3.98623 14.4582
11.4 4.27974 14.3788
11.41 4.57164 14.2936
11.42 4.86181 14.2027
11.43 5.15013 14.106
11.44 5.43649 14.0037
11.45 5.72077 13.8957
11.46 6.00286 13.7822
11.47 6.28263 13.6631
11.48 6.55999 13.5385
11.49 6.8348 13.4085
11.5 7.10697 13.273
11.51 7.37638 13.1322
11.52 7.64292 12.986
11.53 7.90648 12.8346
11.54 8.16696 12.6781
11.55 8.42425 12.5164
11.56 8.67823 12.3496
11.57 8.92882 12.1778
11.58 9.1759 12.001
11.59 9.41937 11.8194
11.6 9.65914 11.633
11.61 9.8951 11.4418
11.62 10.1272 11.246
11.63 10.3552 11.0456
11.64 10.5792 10.8408
11.65 10.799 10.6314
11.66 11.0145 10.4178
11.67 11.2256 10.1998
11.68 11.4323 9.97775
11.69 11.6344 9.75156
11.7 11.8319 9.52138
11.71 12.0247 9.28729
11.72 12.2127 9.04938
11.73 12.3959 8.80776
11.74 12.5741 8.5625
11.75 12.7472 8.31372
11.76 12.9153 8.06151
11.77 13.0782 7.80596
11.78 13.2359 7.54719
11.79 13.3883 7.28529
11.8 13.5353 7.02037
11.81 13.6769 6.75253
11.82 13.813 6.48189
11.83 13.9436 6.20854
11.84 14.0685 5.9326
11.85 14.1878 5.65417
11.86 14.3014 5.37338
11.87 14.4092 5.09033
11.88 14.5113 4.80513
11.89 14.6074 4.51791
11.9 14.6977 4.22877
11.91 14.7821 3.93783
11.92 14.8604 3.64521
11.93 14.9328 3.35103
11.94 14.9991 3.05541
11.95 15.0594 2.75846
11.96 15.1136 2.4603
11.97 15.1616 2.16107
11.98 15.2035 1.86087
11.99 15.2392 1.55983
12 15.2688 1.25807
12.01 15.2921 0.955712
12.02 15.3092 0.652884
12.03 15.3202 0.349705
12.04 15.3248 0.0462999
12.05 15.3233 -0.257208
12.06 15.3155 -0.560696
12.07 15.3015 -0.864039
12.08 15.2812 -1.16711
12.09 15.2547 -1.4698
12.1 15.2219 -1.77196
12.11 15.183 -2.07349
12.12 15.1379 -2.37425
12.13 15.0865 -2.67413
12.14 15.029 -2.97299
12.15 14.9654 -3.27073
12.16 14.8956 -3.5672
12.17 14.8197 -3.8623
12.18 14.7377 -4.15591
12.19 14.6497 -4.44789
12.2 14.5557 -4.73813
12.21 14.4557 -5.02652
12.22 14.3498 -5.31292
12.23 14.238 -5.59723
12.24 14.1203 -5.87932
12.25 13.9968 -6.15908
12.26 13.8676 -6.43639
12.27 13.7326 -6.71114
12.28 13.592 -6.98321
12.29 13.4458 -7.2525
12.3 13.294 -7.51888
12.31 13.1368 -7.78225
12.32 12.9741 -8.04249
12.33 12.806 -8.29951
12.34 12.6327 -8.55318
12.35 12.4541 -8.80342
12.36 12.2704 -9.0501
12.37 12.0816 -9.29313
12.38 11.8878 -9.53241
12.39 11.689 -9.76783
12.4 11.4854 -9.9993
12.41 11.2771 -10.2267
12.42 11.064 -10.45
12.43 10.8463 -10.669
12.44 10.6241 -10.8837
12.45 10.3975 -11.094
12.46 10.1666 -11.2998
12.47 9.93143 -11.5009
12.48 9.6921 -11.6974
12.49 9.44873 -11.8891
12.5 9.2014 -12.076
12.51 8.95022 -12.2579
12.52 8.6953 -12.4349
12.53 8.43672 -12.6067
12.54 8.17461 -12.7734
12.55 7.90906 -12.9349
12.56 7.64019 -13.091
12.57 7.36809 -13.2418
12.58 7.09289 -13.3872
12.59 6.8147 -13.5271
12.6 6.53363 -13.6615
12.61 6.24979 -13.7902
12.62 5.96331 -13.9133
12.63 5.67429 -14.0306
12.64 5.38286 -14.1422
12.65 5.08913 -14.2479
12.66 4.79323 -14.3478
12.67 4.49528 -14.4418
12.68 4.1954 -14.5298
12.69 3.89371 -14.6119
12.7 3.59034 -14.6879
12.71 3.28541 -14.7578
12.72 2.97906 -14.8217
12.73 2.6714 -14.8794
12.74 2.36256 -14.931
12.75 2.05267 -14.9764
12.76 1.74185 -15.0157
12.77 1.43025 -15.0487
12.78 1.11798 -15.0754
12.79 0.805171 -15.096
12.8 0.491961 -15.1102
12.81 0.178474 -15.1182
12.82 -0.135157 -15.12
12.83 -0.448804 -15.1154
12.84 -0.762335 -15.1046
12.85 -1.07562 -15.0875
12.86 -1.38853 -15.0641
12.87 -1.70093 -15.0345
12.88 -2.0127 -14.9986
12.89 -2.3237 -14.9565
12.9 -2.6338 -14.9081
12.91 -2.94287 -14.8536
12.92 -3.25079 -14.7928
12.93 -3.55743 -14.7259
12.94 -3.86265 -14.6529
12.95 -4.16634 -14.5737
12.96 -4.46835 -14.4884
12.97 -4.76858 -14.3971
12.98 -5.06688 -14.2998
12.99 -5.36313 -14.1965
13 -5.65722 -14.0873
13.01 -5.94901 -13.9721
13.02 -6.23839 -13.8511
13.03 -6.52522 -13.7244
13.04 -6.8094 -13.5918
13.05 -7.0908 -13.4536
13.06 -7.3693 -13.3097
13.07 -7.64479 -13.1603
13.08 -7.91714 -13.0053
13.09 -8.18625 -12.8449
13.1 -8.452 -12.679
13.11 -8.71427 -12.5079
13.12 -8.97296 -12.3314
13.13 -9.22795 -12.1498
13.14 -9.47915 -11.9631
13.15 -9.72643 -11.7713
13.16 -9.9697 -11.5746
13.17 -10.2088 -11.373
13.18 -10.4438 -11.1666
13.19 -10.6744 -10.9554
13.2 -10.9006 -10.7397
13.21 -11.1223 -10.5194
13.22 -11.3393 -10.2947
13.23 -11.5517 -10.0656
13.24 -11.7593 -9.83222
13.25 -11.962 -9.5947
13.26 -12.1597 -9.35311
13.27 -12.3523 -9.10755
13.28 -12.5399 -8.85813
13.29 -12.7222 -8.60494
13.3 -12.8992 -8.34809
13.31 -13.0708 -8.08769
13.32 -13.237 -7.82385
13.33 -13.3977 -7.55667
13.34 -13.5528 -7.28627
13.35 -13.7022 -7.01275
13.36 -13.8459 -6.73624
13.37 -13.9838 -6.45685
13.38 -14.1159 -6.17468
13.39 -14.2421 -5.88987
13.4 -14.3623 -5.60253
13.41 -14.4765 -5.31278
13.42 -14.5847 -5.02074
13.43 -14.6867 -4.72653
13.44 -14.7826 -4.43027
13.45 -14.8723 -4.1321
13.46 -14.9557 -3.83213
13.47 -15.0329 -3.53049
13.48 -15.1037 -3.2273
13.49 -15.1682 -2.9227
13.5 -15.2264 -2.61681
13.51 -15.2781 -2.30976
13.52 -15.3234 -2.00199
