0 -0 -0
0.08 -4.8427e-17 3.57557e-20
0.16 -1.29564e-14 2.15626e-17
0.12 -2.37695e-15 3.1302e-18
0.1 -5.15786e-16 5.62464e-19
0.09 -1.76205e-16 1.6303e-19
0.085 -9.43098e-17 7.85804e-20
0.09 -1.76801e-16 1.65121e-19
0.095 -3.20371e-16 3.33329e-19
0.1 -5.63083e-16 6.49089e-19
0.105 -9.62799e-16 1.22353e-18
0.11 -1.60566e-15 2.23934e-18
0.115 -2.61752e-15 3.9898e-18
0.12 -4.17911e-15 6.9359e-18
0.125 -6.54598e-15 1.17881e-17
0.13 -1.00742e-14 1.96222e-17
0.135 -1.52537e-14 3.20398e-17
0.14 -2.27497e-14 5.13903e-17
0.145 -3.34561e-14 8.10707e-17
0.15 -4.85608e-14 1.25929e-16
0.155 -6.96278e-14 1.92802e-16
0.16 -9.86962e-14 2.91214e-16
0.165 -1.38403e-13 4.34306e-16
0.17 -1.92132e-13 6.40011e-16
0.175 -2.64188e-13 9.32589e-16
0.18 -3.60016e-13 1.34455e-15
0.185 -4.86449e-13 1.91913e-15
0.19 -6.52014e-13 2.71332e-15
0.195 -8.67288e-13 3.80173e-15
0.2 -1.14531e-12 5.28135e-15
0.205 -1.50207e-12 7.27738e-15
0.21 -1.95709e-12 9.95041e-15
0.215 -2.53407e-12 1.35052e-14
0.22 -3.26164e-12 1.82013e-14
0.225 -4.17427e-12 2.4366e-14
0.23 -5.31326e-12 3.24094e-14
0.235 -6.72788e-12 4.28436e-14
0.24 -8.47671e-12 5.63041e-14
0.245 -1.06291e-11 7.35764e-14
0.25 -1.3267e-11 9.5627e-14
0.255 -1.64867e-11 1.2364e-13
0.26 -2.0401e-11 1.59061e-13
0.265 -2.51418e-11 2.03645e-13
0.27 -3.08629e-11 2.5952e-13
0.275 -3.77428e-11 3.2925e-13
0.28 -4.59882e-11 4.15921e-13
0.285 -5.5838e-11 5.23227e-13
0.29 -6.75676e-11 6.55583e-13
0.295 -8.14933e-11 8.18242e-13
0.3 -9.79778e-11 1.01744e-12
0.305 -1.17436e-10 1.26056e-12
0.31 -1.40342e-10 1.55631e-12
0.315 -1.67234e-10 1.91495e-12
0.32 -1.98725e-10 2.34849e-12
0.325 -2.3551e-10 2.87104e-12
0.33 -2.78375e-10 3.49903e-12
0.335 -3.28209e-10 4.25164e-12
0.34 -3.86012e-10 5.15112e-12
0.345 -4.52911e-10 6.22332e-12
0.35 -5.30172e-10 7.49812e-12
0.355 -6.19214e-10 9.01002e-12
0.36 -7.21625e-10 1.07988e-11
0.365 -8.39183e-10 1.29101e-11
0.37 -9.73868e-10 1.53965e-11
0.375 -1.12789e-09 1.83179e-11
0.38 -1.3037e-09 2.17432e-11
0.385 -1.50403e-09 2.57508e-11
0.39 -1.73191e-09 3.04298e-11
0.395 -1.99069e-09 3.58819e-11
0.4 -2.28409e-09 4.22223e-11
0.405 -2.61619e-09 4.95819e-11
0.41 -2.99153e-09 5.81083e-11
0.415 -3.41508e-09 6.79688e-11
0.42 -3.89234e-09 7.93519e-11
0.425 -4.42933e-09 9.24698e-11
0.43 -5.03268e-09 1.07561e-10
0.435 -5.70965e-09 1.24895e-10
0.44 -6.46821e-09 1.44772e-10
0.445 -7.31705e-09 1.67529e-10
0.45 -8.26572e-09 1.93543e-10
0.455 -9.32459e-09 2.23236e-10
0.46 -1.0505e-08 2.57077e-10
0.465 -1.18194e-08 2.95591e-10
0.47 -1.32812e-08 3.39362e-10
0.475 -1.4905e-08 3.89037e-10
0.48 -1.67067e-08 4.45337e-10
0.485 -1.87037e-08 5.0906e-10
0.49 -2.09148e-08 5.81092e-10
0.495 -2.33601e-08 6.62413e-10
0.5 -2.60618e-08 7.54106e-10
0.505 -2.90436e-08 8.57366e-10
0.51 -3.23314e-08 9.73514e-10
0.515 -3.59528e-08 1.10401e-09
0.52 -3.9938e-08 1.25044e-09
0.525 -4.43193e-08 1.41459e-09
0.53 -4.91317e-08 1.59837e-09
0.535 -5.44127e-08 1.80393e-09
0.54 -6.02027e-08 2.0336e-09
0.545 -6.65452e-08 2.28993e-09
0.55 -7.3487e-08 2.57572e-09
0.555 -8.10783e-08 2.89403e-09
0.56 -8.93729e-08 3.24822e-09
0.565 -9.84285e-08 3.64195e-09
0.57 -1.08307e-07 4.0792e-09
0.575 -1.19075e-07 4.56433e-09
0.58 -1.30803e-07 5.10209e-09
0.585 -1.43567e-07 5.69763e-09
0.59 -1.57448e-07 6.35659e-09
0.595 -1.72532e-07 7.08507e-09
0.6 -1.88913e-07 7.8897e-09
0.605 -2.06689e-07 8.7777e-09
0.61 -2.25964e-07 9.75687e-09
0.615 -2.46852e-07 1.08357e-08
0.62 -2.69472e-07 1.20233e-08
0.625 -2.9395e-07 1.33297e-08
0.63 -3.20422e-07 1.47656e-08
0.635 -3.49033e-07 1.63426e-08
0.64 -3.79934e-07 1.80733e-08
0.645 -4.13288e-07 1.99712e-08
0.65 -4.49268e-07 2.2051e-08
0.655 -4.88056e-07 2.43283e-08
0.66 -5.29848e-07 2.68202e-08
0.665 -5.74848e-07 2.9545e-08
0.67 -6.23274e-07 3.25224e-08
0.675 -6.75358e-07 3.57736e-08
0.68 -7.31344e-07 3.93213e-08
0.685 -7.9149e-07 4.31899e-08
0.69 -8.56071e-07 4.74059e-08
0.695 -9.25375e-07 5.19973e-08
0.7 -9.99708e-07 5.69945e-08
0.705 -1.07939e-06 6.24299e-08
0.71 -1.16477e-06 6.83381e-08
0.715 -1.2562e-06 7.47566e-08
0.72 -1.35406e-06 8.1725e-08
0.725 -1.45876e-06 8.9286e-08
0.73 -1.5707e-06 9.74852e-08
0.735 -1.69035e-06 1.06371e-07
0.74 -1.81815e-06 1.15996e-07
0.745 -1.95462e-06 1.26416e-07
0.75 -2.10026e-06 1.3769e-07
0.755 -2.25563e-06 1.4988e-07
0.76 -2.42128e-06 1.63055e-07
0.765 -2.59784e-06 1.77287e-07
0.77 -2.78592e-06 1.92652e-07
0.775 -2.9862e-06 2.09231e-07
0.78 -3.19937e-06 2.27112e-07
0.785 -3.42617e-06 2.46387e-07
0.79 -3.66736e-06 2.67154e-07
0.795 -3.92375e-06 2.89517e-07
0.8 -4.19618e-06 3.13588e-07
0.805 -4.48555e-06 3.39483e-07
0.81 -4.79278e-06 3.67329e-07
0.815 -5.11884e-06 3.97258e-07
0.82 -5.46474e-06 4.2941e-07
0.825 -5.83157e-06 4.63936e-07
0.83 -6.22042e-06 5.00993e-07
0.835 -6.63247e-06 5.40748e-07
0.84 -7.06893e-06 5.83381e-07
0.845 -7.53109e-06 6.29077e-07
0.85 -8.02026e-06 6.78037e-07
0.855 -8.53785e-06 7.30471e-07
0.86 -9.08531e-06 7.86602e-07
0.865 -9.66415e-06 8.46664e-07
0.87 -1.0276e-05 9.10907e-07
0.875 -1.09224e-05 9.79593e-07
0.88 -1.16052e-05 1.053e-06
0.885 -1.23261e-05 1.13142e-06
0.89 -1.3087e-05 1.21516e-06
0.895 -1.38899e-05 1.30455e-06
0.9 -1.47368e-05 1.39994e-06
0.905 -1.56299e-05 1.50168e-06
0.91 -1.65713e-05 1.61015e-06
0.915 -1.75633e-05 1.72577e-06
0.92 -1.86083e-05 1.84895e-06
0.925 -1.97088e-05 1.98014e-06
0.93 -2.08675e-05 2.11981e-06
0.935 -2.20869e-05 2.26845e-06
0.94 -2.337e-05 2.42659e-06
0.945 -2.47196e-05 2.59477e-06
0.95 -2.61386e-05 2.77356e-06
0.955 -2.76304e-05 2.96357e-06
0.96 -2.91981e-05 3.16544e-06
0.965 -3.08452e-05 3.37983e-06
0.97 -3.2575e-05 3.60744e-06
0.975 -3.43914e-05 3.849e-06
0.98 -3.62981e-05 4.1053e-06
0.985 -3.8299e-05 4.37712e-06
0.99 -4.03982e-05 4.66534e-06
0.995 -4.25999e-05 4.97082e-06
1 -4.49085e-05 5.29451e-06
1.005 -4.73286e-05 5.63739e-06
1.01 -4.98648e-05 6.00047e-06
1.015 -5.2522e-05 6.38482e-06
1.02 -5.53054e-05 6.79158e-06
1.025 -5.822e-05 7.22192e-06
1.03 -6.12713e-05 7.67706e-06
1.035 -6.4465e-05 8.1583e-06
1.04 -6.78067e-05 8.66697e-06
1.045 -7.13026e-05 9.20449e-06
1.05 -7.49588e-05 9.77233e-06
1.055 -7.87817e-05 1.0372e-05
1.06 -8.2778e-05 1.10052e-05
1.065 -8.69544e-05 1.16735e-05
1.07 -9.13182e-05 1.23787e-05
1.075 -9.58765e-05 1.31226e-05
1.08 -0.000100637 1.39072e-05
1.085 -0.000105608 1.47343e-05
1.09 -0.000110796 1.56063e-05
1.095 -0.000116211 1.6525e-05
1.1 -0.000121861 1.7493e-05
1.105 -0.000127755 1.85125e-05
1.11 -0.000133901 1.95859e-05
1.115 -0.00014031 2.07159e-05
1.12 -0.000146991 2.1905e-05
1.125 -0.000153955 2.31562e-05
1.13 -0.00016121 2.44723e-05
1.135 -0.000168769 2.58563e-05
1.14 -0.000176643 2.73114e-05
1.145 -0.000184841 2.88408e-05
1.15 -0.000193377 3.04479e-05
1.155 -0.000202262 3.21364e-05
1.16 -0.000211508 3.39098e-05
1.165 -0.000221129 3.5772e-05
1.17 -0.000231137 3.77271e-05
1.175 -0.000241545 3.9779e-05
1.18 -0.000252369 4.19323e-05
1.185 -0.000263621 4.41912e-05
1.19 -0.000275318 4.65605e-05
1.195 -0.000287473 4.9045e-05
1.2 -0.000300102 5.16497e-05
1.205 -0.000313222 5.43799e-05
1.21 -0.000326848 5.72409e-05
1.215 -0.000340998 6.02383e-05
1.22 -0.000355689 6.3378e-05
1.225 -0.000370939 6.6666e-05
1.23 -0.000386765 7.01085e-05
1.235 -0.000403188 7.37121e-05
1.24 -0.000420225 7.74835e-05
1.245 -0.000437898 8.14297e-05
1.25 -0.000456226 8.5558e-05
1.255 -0.000475229 8.98757e-05
1.26 -0.000494931 9.43908e-05
1.265 -0.000515352 9.91112e-05
1.27 -0.000536515 0.000104045
1.275 -0.000558443 0.000109202
1.28 -0.000581159 0.000114589
1.285 -0.000604689 0.000120218
1.29 -0.000629057 0.000126096
1.295 -0.000654289 0.000132234
1.3 -0.00068041 0.000138643
1.305 -0.000707447 0.000145333
1.31 -0.000735429 0.000152314
1.315 -0.000764383 0.000159599
1.32 -0.000794337 0.000167198
1.325 -0.000825322 0.000175125
1.33 -0.000857367 0.000183391
1.335 -0.000890504 0.00019201
1.34 -0.000924764 0.000200995
1.345 -0.000960179 0.00021036
1.35 -0.000996783 0.000220118
1.355 -0.00103461 0.000230286
1.36 -0.00107369 0.000240878
1.365 -0.00111407 0.000251909
1.37 -0.00115577 0.000263397
1.375 -0.00119884 0.000275357
1.38 -0.00124332 0.000287807
1.385 -0.00128923 0.000300766
1.39 -0.00133663 0.00031425
1.395 -0.00138555 0.00032828
1.4 -0.00143603 0.000342875
1.405 -0.00148812 0.000358055
1.41 -0.00154186 0.000373841
1.415 -0.00159729 0.000390254
1.42 -0.00165445 0.000407316
1.425 -0.0017134 0.000425051
1.43 -0.00177418 0.000443481
1.435 -0.00183684 0.000462631
1.44 -0.00190142 0.000482526
1.445 -0.00196798 0.000503192
1.45 -0.00203657 0.000524654
1.455 -0.00210723 0.00054694
1.46 -0.00218003 0.000570078
1.465 -0.00225501 0.000594097
1.47 -0.00233223 0.000619026
1.475 -0.00241174 0.000644896
1.48 -0.00249361 0.000671738
1.485 -0.00257788 0.000699585
1.49 -0.00266462 0.00072847
1.495 -0.0027539 0.000758427
1.5 -0.00284576 0.000789491
1.505 -0.00294027 0.000821698
1.51 -0.0030375 0.000855085
1.515 -0.00313751 0.000889691
1.52 -0.00324036 0.000925554
1.525 -0.00334613 0.000962715
1.53 -0.00345488 0.00100121
1.535 -0.00356668 0.0010411
1.54 -0.0036816 0.0010824
1.545 -0.00379971 0.00112518
1.55 -0.00392109 0.00116947
1.555 -0.00404581 0.00121533
1.56 -0.00417394 0.0012628
1.565 -0.00430556 0.00131193
1.57 -0.00444075 0.00136278
1.575 -0.00457959 0.00141538
1.58 -0.00472215 0.00146981
1.585 -0.00486853 0.00152612
1.59 -0.0050188 0.00158435
1.595 -0.00517304 0.00164457
1.6 -0.00533135 0.00170684
1.605 -0.0054938 0.00177122
1.61 -0.0056605 0.00183778
1.615 -0.00583152 0.00190657
1.62 -0.00600695 0.00197766
1.625 -0.0061869 0.00205112
1.63 -0.00637145 0.00212702
1.635 -0.00656069 0.00220543
1.64 -0.00675473 0.00228642
1.645 -0.00695366 0.00237006
1.65 -0.00715757 0.00245644
1.655 -0.00736658 0.00254563
1.66 -0.00758078 0.00263771
1.665 -0.00780026 0.00273276
1.67 -0.00802515 0.00283087
1.675 -0.00825554 0.00293211
1.68 -0.00849154 0.00303659
1.685 -0.00873326 0.00314438
1.69 -0.0089808 0.00325558
1.695 -0.00923428 0.00337028
1.7 -0.00949381 0.00348859
1.705 -0.00975951 0.00361059
1.71 -0.0100315 0.00373639
1.715 -0.0103098 0.00386608
1.72 -0.0105947 0.00399979
1.725 -0.0108862 0.0041376
1.73 -0.0111845 0.00427964
1.735 -0.0114896 0.00442601
1.74 -0.0118018 0.00457683
1.745 -0.012121 0.00473222
1.75 -0.0124475 0.00489229
1.755 -0.0127814 0.00505717
1.76 -0.0131227 0.00522698
1.765 -0.0134717 0.00540185
1.77 -0.0138285 0.00558191
1.775 -0.0141931 0.00576729
1.78 -0.0145658 0.00595813
1.785 -0.0149466 0.00615457
1.79 -0.0153357 0.00635674
1.795 -0.0157333 0.0065648
1.8 -0.0161394 0.00677889
1.805 -0.0165542 0.00699915
1.81 -0.0169779 0.00722575
1.815 -0.0174105 0.00745884
1.82 -0.0178523 0.00769858
1.825 -0.0183034 0.00794513
1.83 -0.0187638 0.00819866
1.835 -0.0192339 0.00845934
1.84 -0.0197136 0.00872734
1.845 -0.0202032 0.00900283
1.85 -0.0207028 0.009286
1.855 -0.0212126 0.00957702
1.86 -0.0217326 0.00987609
1.865 -0.0222631 0.0101834
1.87 -0.0228042 0.0104991
1.875 -0.0233561 0.0108235
1.88 -0.0239189 0.0111567
1.885 -0.0244927 0.0114989
1.89 -0.0250778 0.0118503
1.895 -0.0256742 0.0122112
1.9 -0.0262822 0.0125818
1.905 -0.0269019 0.0129623
1.91 -0.0275334 0.0133528
1.915 -0.0281769 0.0137537
1.92 -0.0288325 0.0141652
1.925 -0.0295005 0.0145875
1.93 -0.030181 0.0150208
1.935 -0.0308741 0.0154654
1.94 -0.03158 0.0159215
1.945 -0.0322988 0.0163895
1.95 -0.0330308 0.0168695
1.955 -0.033776 0.0173618
1.96 -0.0345347 0.0178667
1.965 -0.0353069 0.0183844
1.97 -0.036093 0.0189152
1.975 -0.0368929 0.0194595
1.98 -0.0377069 0.0200174
1.985 -0.0385351 0.0205893
1.99 -0.0393778 0.0211755
1.995 -0.040235 0.0217762
2 -0.0411069 0.0223918
2.005 -0.0419937 0.0230226
2.01 -0.0428955 0.0236689
2.015 -0.0438124 0.0243309
2.02 -0.0447448 0.0250092
2.025 -0.0456926 0.0257038
2.03 -0.0466561 0.0264153
2.035 -0.0476354 0.0271438
2.04 -0.0486306 0.0278899
2.045 -0.049642 0.0286537
2.05 -0.0506696 0.0294357
2.055 -0.0517136 0.0302363
2.06 -0.0527742 0.0310557
2.065 -0.0538515 0.0318944
2.07 -0.0549456 0.0327527
2.075 -0.0560568 0.033631
2.08 -0.057185 0.0345297
2.085 -0.0583306 0.0354492
2.09 -0.0594936 0.0363899
2.095 -0.0606741 0.0373522
2.1 -0.0618723 0.0383364
2.105 -0.0630884 0.0393431
2.11 -0.0643224 0.0403725
2.115 -0.0655745 0.0414252
2.12 -0.0668448 0.0425016
2.125 -0.0681334 0.043602
2.13 -0.0694405 0.044727
2.135 -0.0707662 0.045877
2.14 -0.0721105 0.0470524
2.145 -0.0734737 0.0482537
2.15 -0.0748557 0.0494814
2.155 -0.0762568 0.0507359
2.16 -0.077677 0.0520177
2.165 -0.0791165 0.0533272
2.17 -0.0805752 0.054665
2.175 -0.0820534 0.0560316
2.18 -0.083551 0.0574274
2.185 -0.0850682 0.058853
2.19 -0.0866052 0.0603088
2.195 -0.0881618 0.0617954
2.2 -0.0897383 0.0633134
2.205 -0.0913346 0.0648631
2.21 -0.0929509 0.0664452
2.215 -0.0945872 0.0680601
2.22 -0.0962436 0.0697086
2.225 -0.0979201 0.071391
2.23 -0.0996168 0.0731079
2.235 -0.101334 0.0748599
2.24 -0.103071 0.0766477
2.245 -0.104828 0.0784716
2.25 -0.106606 0.0803324
2.255 -0.108404 0.0822306
2.26 -0.110222 0.0841668
2.265 -0.112061 0.0861415
2.27 -0.113919 0.0881555
2.275 -0.115799 0.0902092
2.28 -0.117698 0.0923034
2.285 -0.119618 0.0944386
2.29 -0.121558 0.0966155
2.295 -0.123519 0.0988346
2.3 -0.125499 0.101097
2.305 -0.1275 0.103402
2.31 -0.12952 0.105752
2.315 -0.131561 0.108147
2.32 -0.133622 0.110587
2.325 -0.135703 0.113073
2.33 -0.137803 0.115607
2.335 -0.139923 0.118187
2.34 -0.142063 0.120816
2.345 -0.144222 0.123494
2.35 -0.146401 0.126221
2.355 -0.148598 0.128999
2.36 -0.150815 0.131828
2.365 -0.153051 0.134708
2.37 -0.155306 0.13764
2.375 -0.157579 0.140626
2.38 -0.159871 0.143666
2.385 -0.162181 0.14676
2.39 -0.164509 0.149909
2.395 -0.166855 0.153114
2.4 -0.169219 0.156376
2.405 -0.1716 0.159695
2.41 -0.173999 0.163073
2.415 -0.176414 0.166509
2.42 -0.178846 0.170005
2.425 -0.181295 0.173562
2.43 -0.183759 0.17718
2.435 -0.18624 0.180859
2.44 -0.188736 0.184602
2.445 -0.191247 0.188408
2.45 -0.193773 0.192278
2.455 -0.196314 0.196213
2.46 -0.198869 0.200214
2.465 -0.201438 0.204282
2.47 -0.204021 0.208417
2.475 -0.206616 0.21262
2.48 -0.209225 0.216892
2.485 -0.211845 0.221234
2.49 -0.214478 0.225646
2.495 -0.217122 0.23013
2.5 -0.219776 0.234686
2.505 -0.222442 0.239315
2.51 -0.225117 0.244017
2.515 -0.227802 0.248794
2.52 -0.230495 0.253646
2.525 -0.233198 0.258575
2.53 -0.235908 0.26358
2.535 -0.238625 0.268663
2.54 -0.24135 0.273824
2.545 -0.24408 0.279065
2.55 -0.246816 0.284386
2.555 -0.249557 0.289788
2.56 -0.252303 0.295272
2.565 -0.255052 0.300838
2.57 -0.257804 0.306488
2.575 -0.260558 0.312222
2.58 -0.263314 0.31804
2.585 -0.266071 0.323945
2.59 -0.268829 0.329936
2.595 -0.271585 0.336014
2.6 -0.274341 0.342181
2.605 -0.277094 0.348436
2.61 -0.279844 0.354781
2.615 -0.282591 0.361217
2.62 -0.285333 0.367744
2.625 -0.288069 0.374362
2.63 -0.2908 0.381074
2.635 -0.293523 0.38788
2.64 -0.296238 0.394779
2.645 -0.298944 0.401774
2.65 -0.30164 0.408865
2.655 -0.304326 0.416052
2.66 -0.306999 0.423337
2.665 -0.309659 0.43072
2.67 -0.312306 0.438202
2.675 -0.314938 0.445783
2.68 -0.317553 0.453465
2.685 -0.320152 0.461248
2.69 -0.322732 0.469132
2.695 -0.325293 0.477119
2.7 -0.327834 0.48521
2.705 -0.330353 0.493403
2.71 -0.332849 0.501702
2.715 -0.335322 0.510106
2.72 -0.337769 0.518615
2.725 -0.34019 0.527231
2.73 -0.342584 0.535954
2.735 -0.344948 0.544785
2.74 -0.347282 0.553725
2.745 -0.349585 0.562773
2.75 -0.351855 0.571931
2.755 -0.354091 0.581199
2.76 -0.356292 0.590578
2.765 -0.358455 0.600068
2.77 -0.360581 0.609671
2.775 -0.362666 0.619385
2.78 -0.36471 0.629213
2.785 -0.366712 0.639154
2.79 -0.368669 0.649209
2.795 -0.370581 0.659379
2.8 -0.372446 0.669664
2.805 -0.374262 0.680064
2.81 -0.376028 0.69058
2.815 -0.377741 0.701212
2.82 -0.379402 0.711961
2.825 -0.381007 0.722827
2.83 -0.382555 0.733811
2.835 -0.384045 0.744912
2.84 -0.385475 0.756131
2.845 -0.386843 0.76747
2.85 -0.388147 0.778927
2.855 -0.389386 0.790503
2.86 -0.390558 0.802198
2.865 -0.391662 0.814013
2.87 -0.392694 0.825948
2.875 -0.393654 0.838003
2.88 -0.39454 0.850179
2.885 -0.395349 0.862474
2.89 -0.396081 0.874891
2.895 -0.396732 0.887428
2.9 -0.397302 0.900086
2.905 -0.397788 0.912865
2.91 -0.398188 0.925765
2.915 -0.3985 0.938786
2.92 -0.398722 0.951927
2.925 -0.398853 0.96519
2.93 -0.39889 0.978574
2.935 -0.398831 0.992079
2.94 -0.398674 1.0057
2.945 -0.398418 1.01945
2.95 -0.398059 1.03332
2.955 -0.397596 1.04731
2.96 -0.397027 1.06141
2.965 -0.396349 1.07564
2.97 -0.395561 1.08999
2.975 -0.39466 1.10445
2.98 -0.393644 1.11904
2.985 -0.392511 1.13375
2.99 -0.391259 1.14857
2.995 -0.389885 1.16351
3 -0.388387 1.17857
3.005 -0.386763 1.19375
3.01 -0.38501 1.20904
3.015 -0.383127 1.22445
3.02 -0.381111 1.23997
3.025 -0.37896 1.25561
3.03 -0.376671 1.27137
3.035 -0.374242 1.28723
3.04 -0.37167 1.30321
3.045 -0.368954 1.31931
3.05 -0.366091 1.33551
3.055 -0.363079 1.35183
3.06 -0.359914 1.36826
3.065 -0.356596 1.38479
3.07 -0.353121 1.40143
3.075 -0.349487 1.41819
3.08 -0.345691 1.43504
3.085 -0.341731 1.45201
3.09 -0.337606 1.46907
3.095 -0.333311 1.48624
3.1 -0.328845 1.50352
3.105 -0.324205 1.52089
3.11 -0.319389 1.53836
3.115 -0.314395 1.55593
3.12 -0.309219 1.5736
3.125 -0.30386 1.59137
3.13 -0.298315 1.60923
3.135 -0.292581 1.62718
3.14 -0.286656 1.64523
3.145 -0.280537 1.66337
3.15 -0.274222 1.68159
3.155 -0.267709 1.6999
3.16 -0.260995 1.7183
3.165 -0.254077 1.73678
3.17 -0.246954 1.75535
3.175 -0.239621 1.77399
3.18 -0.232078 1.79272
3.185 -0.224321 1.81152
3.19 -0.216349 1.8304
3.195 -0.208158 1.84935
3.2 -0.199745 1.86837
3.205 -0.19111 1.88746
3.21 -0.182249 1.90662
3.215 -0.173159 1.92585
3.22 -0.163839 1.94514
3.225 -0.154285 1.96449
3.23 -0.144496 1.9839
3.235 -0.134469 2.00336
3.24 -0.124202 2.02288
3.245 -0.113691 2.04246
3.25 -0.102936 2.06208
3.255 -0.0919323 2.08175
3.26 -0.080679 2.10147
3.265 -0.0691735 2.12123
3.27 -0.0574133 2.14102
3.275 -0.0453961 2.16086
3.28 -0.0331196 2.18073
3.285 -0.0205815 2.20063
3.29 -0.00777961 2.22057
3.295 0.0052884 2.24053
3.3 0.0186248 2.26051
3.305 0.0322317 2.28051
3.31 0.0461113 2.30053
3.315 0.0602659 2.32057
3.32 0.0746975 2.34062
3.325 0.0894084 2.36068
3.33 0.104401 2.38074
3.335 0.119676 2.40081
3.34 0.135237 2.42088
3.345 0.151086 2.44094
3.35 0.167224 2.461
3.355 0.183653 2.48104
3.36 0.200376 2.50108
3.365 0.217394 2.52109
3.37 0.234709 2.54109
3.375 0.252324 2.56106
3.38 0.270239 2.58101
3.385 0.288458 2.60092
3.39 0.30698 2.6208
3.395 0.325809 2.64064
3.4 0.344946 2.66044
3.405 0.364392 2.6802
3.41 0.38415 2.6999
3.415 0.40422 2.71956
3.42 0.424604 2.73915
3.425 0.445305 2.75869
3.43 0.466323 2.77816
3.435 0.487659 2.79756
3.44 0.509316 2.81688
3.445 0.531294 2.83614
3.45 0.553594 2.85531
3.455 0.576219 2.87439
3.46 0.599169 2.89339
3.465 0.622446 2.91229
3.47 0.64605 2.93109
3.475 0.669983 2.9498
3.48 0.694245 2.96839
3.485 0.718838 2.98688
3.49 0.743763 3.00525
3.495 0.76902 3.0235
3.5 0.79461 3.04162
3.505 0.820534 3.05962
3.51 0.846794 3.07749
3.515 0.873388 3.09522
3.52 0.900319 3.1128
3.525 0.927586 3.13024
3.53 0.955191 3.14753
3.535 0.983133 3.16466
3.54 1.01141 3.18163
3.545 1.04003 3.19843
3.55 1.06899 3.21507
3.555 1.09829 3.23152
3.56 1.12792 3.2478
3.565 1.1579 3.2639
3.57 1.18821 3.2798
3.575 1.21886 3.29551
3.58 1.24985 3.31102
3.585 1.28118 3.32633
3.59 1.31285 3.34142
3.595 1.34486 3.3563
3.6 1.37721 3.37097
3.605 1.40989 3.3854
3.61 1.44291 3.39961
3.615 1.47627 3.41358
3.62 1.50996 3.42732
3.625 1.54399 3.44081
3.63 1.57836 3.45405
3.635 1.61306 3.46703
3.64 1.64809 3.47975
3.645 1.68345 3.49221
3.65 1.71914 3.5044
3.655 1.75517 3.51631
3.66 1.79152 3.52794
3.665 1.8282 3.53929
3.67 1.86521 3.55034
3.675 1.90254 3.5611
3.68 1.94019 3.57156
3.685 1.97817 3.58171
3.69 2.01647 3.59155
3.695 2.05509 3.60107
3.7 2.09402 3.61027
3.705 2.13327 3.61914
3.71 2.17283 3.62768
3.715 2.2127 3.63588
3.72 2.25288 3.64373
3.725 2.29337 3.65124
3.73 2.33416 3.6584
3.735 2.37526 3.66519
3.74 2.41665 3.67163
3.745 2.45835 3.67769
3.75 2.50033 3.68338
3.755 2.54262 3.68869
3.76 2.58519 3.69361
3.765 2.62805 3.69815
3.77 2.67119 3.70229
3.775 2.71461 3.70603
3.78 2.75831 3.70937
3.785 2.80229 3.71229
3.79 2.84654 3.71481
3.795 2.89106 3.7169
3.8 2.93585 3.71857
3.805 2.98089 3.7198
3.81 3.0262 3.72061
3.815 3.07176 3.72097
3.82 3.11757 3.72089
3.825 3.16363 3.72036
3.83 3.20994 3.71937
3.835 3.25649 3.71793
3.84 3.30327 3.71602
3.845 3.35028 3.71365
3.85 3.39752 3.7108
3.855 3.44499 3.70747
3.86 3.49268 3.70366
3.865 3.54058 3.69937
3.87 3.5887 3.69458
3.875 3.63702 3.6893
3.88 3.68554 3.68352
3.885 3.73426 3.67723
3.89 3.78318 3.67044
3.895 3.83228 3.66313
3.9 3.88156 3.6553
3.905 3.93103 3.64695
3.91 3.98066 3.63808
3.915 4.03047 3.62868
3.92 4.08044 3.61874
3.925 4.13057 3.60826
3.93 4.18085 3.59725
3.935 4.23127 3.58568
3.94 4.28184 3.57357
3.945 4.33255 3.5609
3.95 4.38339 3.54768
3.955 4.43435 3.5339
3.96 4.48543 3.51955
3.965 4.53663 3.50463
3.97 4.58793 3.48915
3.975 4.63933 3.47309
3.98 4.69084 3.45645
3.985 4.74243 3.43923
3.99 4.79411 3.42142
3.995 4.84586 3.40303
4 4.89769 3.38405
4.005 4.94958 3.36447
4.01 5.00153 3.3443
4.015 5.05353 3.32353
4.02 5.10558 3.30216
4.025 5.15767 3.28018
4.03 5.2098 3.2576
4.035 5.26195 3.23441
4.04 5.31412 3.2106
4.045 5.3663 3.18618
4.05 5.41849 3.16115
4.055 5.47068 3.13549
4.06 5.52286 3.10922
4.065 5.57503 3.08232
4.07 5.62718 3.0548
4.075 5.6793 3.02665
4.08 5.73138 2.99787
4.085 5.78343 2.96847
4.09 5.83542 2.93843
4.095 5.88735 2.90776
4.1 5.93923 2.87645
4.105 5.99103 2.84451
4.11 6.04275 2.81193
4.115 6.09439 2.77872
4.12 6.14594 2.74487
4.125 6.19738 2.71037
4.13 6.24872 2.67524
4.135 6.29994 2.63946
4.14 6.35104 2.60304
4.145 6.40201 2.56598
4.15 6.45284 2.52828
4.155 6.50352 2.48993
4.16 6.55405 2.45094
4.165 6.60443 2.41131
4.17 6.65463 2.37103
4.175 6.70466 2.33011
4.18 6.7545 2.28854
4.185 6.80415 2.24633
4.19 6.8536 2.20348
4.195 6.90285 2.15999
4.2 6.95188 2.11586
4.205 7.00069 2.07108
4.21 7.04927 2.02566
4.215 7.09761 1.97961
4.22 7.1457 1.93291
4.225 7.19354 1.88558
4.23 7.24112 1.83761
4.235 7.28843 1.78901
4.24 7.33547 1.73977
4.245 7.38221 1.6899
4.25 7.42867 1.6394
4.255 7.47483 1.58827
4.26 7.52067 1.53652
4.265 7.5662 1.48414
4.27 7.61141 1.43113
4.275 7.65629 1.37751
4.28 7.70082 1.32326
4.285 7.74501 1.2684
4.29 7.78885 1.21293
4.295 7.83232 1.15685
4.3 7.87542 1.10015
4.305 7.91814 1.04285
4.31 7.96048 0.98495
4.315 8.00243 0.926447
4.32 8.04397 0.867347
4.325 8.0851 0.807653
4.33 8.12582 0.747369
4.335 8.16612 0.686497
4.34 8.20598 0.625041
4.345 8.2454 0.563005
4.35 8.28438 0.500393
4.355 8.32291 0.437207
4.36 8.36097 0.373453
4.365 8.39857 0.309134
4.37 8.43569 0.244254
4.375 8.47232 0.178817
4.38 8.50847 0.112827
4.385 8.54412 0.0462902
4.39 8.57926 -0.0207906
4.395 8.61389 -0.0884105
4.4 8.64801 -0.156565
4.405 8.68159 -0.225248
4.41 8.71465 -0.294457
4.415 8.74716 -0.364185
4.42 8.77913 -0.434428
4.425 8.81055 -0.505181
4.43 8.8414 -0.576438
4.435 8.87169 -0.648194
4.44 8.9014 -0.720443
4.445 8.93054 -0.793181
4.45 8.95908 -0.866401
4.455 8.98704 -0.940098
4.46 9.01439 -1.01427
4.465 9.04114 -1.0889
4.47 9.06727 -1.16399
4.475 9.09279 -1.23954
4.48 9.11768 -1.31553
4.485 9.14194 -1.39196
4.49 9.16557 -1.46883
4.495 9.18855 -1.54613
4.5 9.21088 -1.62385
4.505 9.23256 -1.70198
4.51 9.25358 -1.78052
4.515 9.27394 -1.85947
4.52 9.29362 -1.93881
4.525 9.31262 -2.01853
4.53 9.33095 -2.09864
4.535 9.34859 -2.17913
4.54 9.36553 -2.25998
4.545 9.38178 -2.34119
4.55 9.39732 -2.42275
4.555 9.41215 -2.50466
4.56 9.42628 -2.58691
4.565 9.43968 -2.66949
4.57 9.45236 -2.75239
4.575 9.46432 -2.83561
4.58 9.47554 -2.91914
4.585 9.48603 -3.00297
4.59 9.49578 -3.08709
4.595 9.50478 -3.1715
4.6 9.51303 -3.25619
4.605 9.52053 -3.34114
4.61 9.52728 -3.42636
4.615 9.53326 -3.51183
4.62 9.53847 -3.59755
4.625 9.54292 -3.68351
4.63 9.54659 -3.76969
4.635 9.54949 -3.8561
4.64 9.55161 -3.94272
4.645 9.55295 -4.02955
4.65 9.5535 -4.11657
4.655 9.55326 -4.20378
4.66 9.55223 -4.29118
4.665 9.5504 -4.37874
4.67 9.54777 -4.46647
4.675 9.54434 -4.55435
4.68 9.54011 -4.64238
4.685 9.53507 -4.73055
4.69 9.52922 -4.81885
4.695 9.52256 -4.90727
4.7 9.51509 -4.9958
4.705 9.5068 -5.08443
4.71 9.49769 -5.17316
4.715 9.48776 -5.26198
4.72 9.47701 -5.35087
4.725 9.46543 -5.43983
4.73 9.45303 -5.52886
4.735 9.4398 -5.61793
4.74 9.42574 -5.70704
4.745 9.41086 -5.79619
4.75 9.39514 -5.88537
4.755 9.37858 -5.97456
4.76 9.36119 -6.06375
4.765 9.34297 -6.15295
4.77 9.32391 -6.24213
4.775 9.30401 -6.3313
4.78 9.28328 -6.42043
4.785 9.26171 -6.50953
4.79 9.2393 -6.59859
4.795 9.21605 -6.68758
4.8 9.19196 -6.77652
4.805 9.16703 -6.86538
4.81 9.14125 -6.95416
4.815 9.11464 -7.04284
4.82 9.08719 -7.13143
4.825 9.0589 -7.21991
4.83 9.02977 -7.30827
4.835 8.9998 -7.39651
4.84 8.96899 -7.48461
4.845 8.93735 -7.57257
4.85 8.90486 -7.66037
4.855 8.87154 -7.74801
4.86 8.83738 -7.83549
4.865 8.80239 -7.92278
4.87 8.76656 -8.00988
4.875 8.7299 -8.09679
4.88 8.69241 -8.18349
4.885 8.65409 -8.26998
4.89 8.61493 -8.35624
4.895 8.57495 -8.44228
4.9 8.53415 -8.52807
4.905 8.49251 -8.61361
4.91 8.45006 -8.6989
4.915 8.40679 -8.78392
4.92 8.36269 -8.86866
4.925 8.31778 -8.95312
4.93 8.27206 -9.03729
4.935 8.22552 -9.12116
4.94 8.17817 -9.20472
4.945 8.13001 -9.28797
4.95 8.08105 -9.37088
4.955 8.03128 -9.45347
4.96 7.98072 -9.53571
4.965 7.92935 -9.6176
4.97 7.8772 -9.69913
4.975 7.82424 -9.7803
4.98 7.7705 -9.86109
4.985 7.71598 -9.9415
4.99 7.66067 -10.0215
4.995 7.60458 -10.1011
5 7.54771 -10.1803
5.005 7.49008 -10.2591
5.01 7.43167 -10.3375
5.015 7.37249 -10.4155
5.02 7.31255 -10.493
5.025 7.25186 -10.57
5.03 7.19041 -10.6466
5.035 7.1282 -10.7228
5.04 7.06525 -10.7984
5.045 7.00156 -10.8736
5.05 6.93712 -10.9483
5.055 6.87195 -11.0226
5.06 6.80605 -11.0963
5.065 6.73942 -11.1695
5.07 6.67207 -11.2422
5.075 6.604 -11.3144
5.08 6.53521 -11.386
5.085 6.46571 -11.4571
5.09 6.39551 -11.5277
5.095 6.32461 -11.5977
5.1 6.25302 -11.6672
5.105 6.18073 -11.7361
5.11 6.10775 -11.8044
5.115 6.03409 -11.8722
5.12 5.95976 -11.9393
5.125 5.88475 -12.0059
5.13 5.80908 -12.0719
5.135 5.73275 -12.1373
5.14 5.65576 -12.202
5.145 5.57811 -12.2662
5.15 5.49983 -12.3297
5.155 5.4209 -12.3926
5.16 5.34133 -12.4549
5.165 5.26114 -12.5165
5.17 5.18032 -12.5775
5.175 5.09888 -12.6378
5.18 5.01682 -12.6974
5.185 4.93416 -12.7564
5.19 4.8509 -12.8147
5.195 4.76704 -12.8724
5.2 4.68259 -12.9293
5.205 4.59755 -12.9856
5.21 4.51193 -13.0412
5.215 4.42574 -13.096
5.22 4.33898 -13.1502
5.225 4.25166 -13.2037
5.23 4.16379 -13.2564
5.235 4.07536 -13.3084
5.24 3.98639 -13.3597
5.245 3.89688 -13.4102
5.25 3.80684 -13.4601
5.255 3.71627 -13.5091
5.26 3.62519 -13.5575
5.265 3.53359 -13.605
5.27 3.44149 -13.6518
5.275 3.34888 -13.6979
5.28 3.25578 -13.7432
5.285 3.16219 -13.7877
5.29 3.06812 -13.8314
5.295 2.97358 -13.8744
5.3 2.87857 -13.9165
5.305 2.78309 -13.9579
5.31 2.68716 -13.9985
5.315 2.59078 -14.0383
5.32 2.49396 -14.0773
5.325 2.3967 -14.1155
5.33 2.29901 -14.1528
5.335 2.2009 -14.1894
5.34 2.10237 -14.2251
5.345 2.00343 -14.26
5.35 1.90409 -14.2941
5.355 1.80435 -14.3273
5.36 1.70423 -14.3598
5.365 1.60372 -14.3913
5.37 1.50283 -14.4221
5.375 1.40158 -14.452
5.38 1.29996 -14.481
5.385 1.19799 -14.5092
5.39 1.09567 -14.5366
5.395 0.993008 -14.563
5.4 0.890011 -14.5887
5.405 0.786685 -14.6134
5.41 0.683038 -14.6373
5.415 0.579077 -14.6603
5.42 0.474808 -14.6825
5.425 0.370239 -14.7038
5.43 0.265377 -14.7241
5.435 0.160228 -14.7437
5.44 0.0547991 -14.7623
5.445 -0.0509022 -14.78
5.45 -0.156869 -14.7969
5.455 -0.263095 -14.8128
5.46 -0.369572 -14.8279
5.465 -0.476294 -14.8421
5.47 -0.583254 -14.8553
5.475 -0.690444 -14.8677
5.48 -0.797857 -14.8792
5.485 -0.905488 -14.8898
5.49 -1.01333 -14.8994
5.495 -1.12137 -14.9082
5.5 -1.22961 -14.916
5.505 -1.33803 -14.9229
5.51 -1.44664 -14.9289
5.515 -1.55542 -14.934
5.52 -1.66437 -14.9382
5.525 -1.77348 -14.9415
5.53 -1.88274 -14.9438
5.535 -1.99215 -14.9452
5.54 -2.10169 -14.9457
5.545 -2.21137 -14.9453
5.55 -2.32118 -14.9439
5.555 -2.4311 -14.9416
5.56 -2.54113 -14.9384
5.565 -2.65126 -14.9343
5.57 -2.7615 -14.9292
5.575 -2.87182 -14.9232
5.58 -2.98222 -14.9162
5.585 -3.0927 -14.9084
5.59 -3.20324 -14.8996
5.595 -3.31385 -14.8898
5.6 -3.42451 -14.8791
5.605 -3.53522 -14.8675
5.61 -3.64597 -14.855
5.615 -3.75675 -14.8415
5.62 -3.86756 -14.827
5.625 -3.97839 -14.8117
5.63 -4.08923 -14.7954
5.635 -4.20007 -14.7781
5.64 -4.31091 -14.7599
5.645 -4.42175 -14.7408
5.65 -4.53256 -14.7207
5.655 -4.64336 -14.6997
5.66 -4.75412 -14.6778
5.665 -4.86485 -14.6549
5.67 -4.97553 -14.6311
5.675 -5.08616 -14.6063
5.68 -5.19673 -14.5806
5.685 -5.30724 -14.554
5.69 -5.41768 -14.5264
5.695 -5.52804 -14.4979
5.7 -5.63831 -14.4684
5.705 -5.74849 -14.438
5.71 -5.85857 -14.4067
5.715 -5.96854 -14.3744
5.72 -6.0784 -14.3412
5.725 -6.18814 -14.307
5.73 -6.29776 -14.272
5.735 -6.40723 -14.2359
5.74 -6.51657 -14.199
5.745 -6.62576 -14.1611
5.75 -6.7348 -14.1223
5.755 -6.84368 -14.0826
5.76 -6.95239 -14.0419
5.765 -7.06092 -14.0003
5.77 -7.16927 -13.9578
5.775 -7.27743 -13.9143
5.78 -7.3854 -13.87
5.785 -7.49317 -13.8247
5.79 -7.60073 -13.7784
5.795 -7.70807 -13.7313
5.8 -7.81519 -13.6832
5.805 -7.92209 -13.6343
5.81 -8.02874 -13.5844
5.815 -8.13516 -13.5335
5.82 -8.24133 -13.4818
5.825 -8.34724 -13.4292
5.83 -8.45289 -13.3756
5.835 -8.55827 -13.3212
5.84 -8.66338 -13.2658
5.845 -8.76821 -13.2096
5.85 -8.87275 -13.1524
5.855 -8.97699 -13.0943
5.86 -9.08093 -13.0354
5.865 -9.18457 -12.9755
5.87 -9.28789 -12.9148
5.875 -9.39089 -12.8531
5.88 -9.49356 -12.7906
5.885 -9.5959 -12.7271
5.89 -9.6979 -12.6628
5.895 -9.79956 -12.5976
5.9 -9.90086 -12.5316
5.905 -10.0018 -12.4646
5.91 -10.1024 -12.3968
5.915 -10.2026 -12.3281
5.92 -10.3024 -12.2585
5.925 -10.4019 -12.1881
5.93 -10.5009 -12.1168
5.935 -10.5996 -12.0446
5.94 -10.6978 -11.9716
5.945 -10.7957 -11.8977
5.95 -10.8931 -11.8229
5.955 -10.9901 -11.7474
5.96 -11.0867 -11.6709
5.965 -11.1828 -11.5936
5.97 -11.2785 -11.5155
5.975 -11.3738 -11.4365
5.98 -11.4686 -11.3567
5.985 -11.5629 -11.2761
5.99 -11.6568 -11.1946
5.995 -11.7502 -11.1124
6 -11.8431 -11.0292
6.005 -11.9356 -10.9453
6.01 -12.0276 -10.8606
6.015 -12.119 -10.775
6.02 -12.21 -10.6886
6.025 -12.3004 -10.6015
6.03 -12.3904 -10.5135
6.035 -12.4798 -10.4247
6.04 -12.5687 -10.3351
6.045 -12.6571 -10.2448
6.05 -12.7449 -10.1536
6.055 -12.8322 -10.0617
6.06 -12.919 -9.96899
6.065 -13.0052 -9.87551
6.07 -13.0908 -9.78125
6.075 -13.1759 -9.68623
6.08 -13.2604 -9.59044
6.085 -13.3443 -9.49389
6.09 -13.4276 -9.39659
6.095 -13.5104 -9.29854
6.1 -13.5925 -9.19974
6.105 -13.6741 -9.10019
6.11 -13.7551 -8.99991
6.115 -13.8354 -8.8989
6.12 -13.9151 -8.79715
6.125 -13.9942 -8.69468
6.13 -14.0727 -8.59149
6.135 -14.1506 -8.48759
6.14 -14.2278 -8.38297
6.145 -14.3044 -8.27765
6.15 -14.3803 -8.17162
6.155 -14.4555 -8.0649
6.16 -14.5302 -7.95748
6.165 -14.6041 -7.84938
6.17 -14.6774 -7.74059
6.175 -14.75 -7.63113
6.18 -14.8219 -7.52099
6.185 -14.8932 -7.41019
6.19 -14.9637 -7.29872
6.195 -15.0336 -7.18659
6.2 -15.1027 -7.07381
6.205 -15.1712 -6.96039
6.21 -15.2389 -6.84632
6.215 -15.3059 -6.73161
6.22 -15.3722 -6.61627
6.225 -15.4378 -6.50031
6.23 -15.5026 -6.38372
6.235 -15.5667 -6.26652
6.24 -15.6301 -6.1487
6.245 -15.6927 -6.03028
6.25 -15.7546 -5.91127
6.255 -15.8157 -5.79166
6.26 -15.8761 -5.67146
6.265 -15.9357 -5.55067
6.27 -15.9945 -5.42932
6.275 -16.0526 -5.30739
6.28 -16.1098 -5.18489
6.285 -16.1663 -5.06184
6.29 -16.222 -4.93823
6.295 -16.2769 -4.81407
6.3 -16.3311 -4.68938
6.305 -16.3844 -4.56414
6.31 -16.4369 -4.43838
6.315 -16.4886 -4.3121
6.32 -16.5395 -4.18529
6.325 -16.5895 -4.05798
6.33 -16.6388 -3.93016
6.335 -16.6872 -3.80184
6.34 -16.7348 -3.67303
6.345 -16.7815 -3.54374
6.35 -16.8274 -3.41396
6.355 -16.8725 -3.28371
6.36 -16.9167 -3.15299
6.365 -16.9601 -3.02182
6.37 -17.0026 -2.89019
6.375 -17.0443 -2.75811
6.38 -17.085 -2.62559
6.385 -17.125 -2.49264
6.39 -17.164 -2.35926
6.395 -17.2022 -2.22546
6.4 -17.2395 -2.09125
6.405 -17.2759 -1.95663
6.41 -17.3114 -1.82161
6.415 -17.346 -1.6862
6.42 -17.3797 -1.5504
6.425 -17.4126 -1.41422
6.43 -17.4445 -1.27767
6.435 -17.4755 -1.14076
6.44 -17.5056 -1.00348
6.445 -17.5348 -0.865857
6.45 -17.5631 -0.727889
6.455 -17.5905 -0.589584
6.46 -17.617 -0.45095
6.465 -17.6425 -0.311994
6.47 -17.6671 -0.172722
6.475 -17.6907 -0.033144
6.48 -17.7135 0.106735
6.485 -17.7352 0.246906
6.49 -17.7561 0.387362
6.495 -17.776 0.528096
6.5 -17.7949 0.6691
6.505 -17.8129 0.810367
6.51 -17.83 0.951888
6.515 -17.8461 1.09366
6.52 -17.8612 1.23567
6.525 -17.8754 1.37791
6.53 -17.8886 1.52037
6.535 -17.9008 1.66305
6.54 -17.9121 1.80594
6.545 -17.9224 1.94903
6.55 -17.9317 2.09232
6.555 -17.94 2.23579
6.56 -17.9474 2.37943
6.565 -17.9538 2.52325
6.57 -17.9592 2.66723
6.575 -17.9636 2.81136
6.58 -17.967 2.95563
6.585 -17.9694 3.10005
6.59 -17.9708 3.24459
6.595 -17.9713 3.38925
6.6 -17.9707 3.53402
6.605 -17.9691 3.6789
6.61 -17.9666 3.82388
6.615 -17.963 3.96894
6.62 -17.9584 4.11408
6.625 -17.9528 4.2593
6.63 -17.9462 4.40458
6.635 -17.9386 4.54991
6.64 -17.93 4.69529
6.645 -17.9204 4.8407
6.65 -17.9097 4.98615
6.655 -17.8981 5.13161
6.66 -17.8854 5.27709
6.665 -17.8717 5.42258
6.67 -17.857 5.56805
6.675 -17.8412 5.71352
6.68 -17.8244 5.85896
6.685 -17.8066 6.00437
6.69 -17.7878 6.14974
6.695 -17.768 6.29507
6.7 -17.7471 6.44034
6.705 -17.7252 6.58554
6.71 -17.7022 6.73067
6.715 -17.6783 6.87572
6.72 -17.6533 7.02067
6.725 -17.6272 7.16552
6.73 -17.6002 7.31027
6.735 -17.572 7.4549
6.74 -17.5429 7.5994
6.745 -17.5127 7.74376
6.75 -17.4815 7.88798
6.755 -17.4493 8.03205
6.76 -17.416 8.17595
6.765 -17.3817 8.31968
6.77 -17.3464 8.46323
6.775 -17.31 8.6066
6.78 -17.2725 8.74976
6.785 -17.2341 8.89272
6.79 -17.1946 9.03546
6.795 -17.1541 9.17797
6.8 -17.1125 9.32025
6.805 -17.0699 9.46229
6.81 -17.0263 9.60407
6.815 -16.9816 9.7456
6.82 -16.9359 9.88685
6.825 -16.8891 10.0278
6.83 -16.8414 10.1685
6.835 -16.7926 10.3089
6.84 -16.7427 10.449
6.845 -16.6919 10.5887
6.85 -16.6399 10.7282
6.855 -16.587 10.8673
6.86 -16.5331 11.006
6.865 -16.4781 11.1444
6.87 -16.4221 11.2825
6.875 -16.365 11.4201
6.88 -16.307 11.5574
6.885 -16.2479 11.6943
6.89 -16.1878 11.8308
6.895 -16.1266 11.9669
6.9 -16.0645 12.1026
6.905 -16.0013 12.2378
6.91 -15.9372 12.3726
6.915 -15.872 12.507
6.92 -15.8058 12.6409
6.925 -15.7385 12.7744
6.93 -15.6703 12.9073
6.935 -15.6011 13.0398
6.94 -15.5309 13.1718
6.945 -15.4596 13.3033
6.95 -15.3874 13.4343
6.955 -15.3141 13.5648
6.96 -15.2399 13.6948
6.965 -15.1647 13.8242
6.97 -15.0885 13.953
6.975 -15.0113 14.0813
6.98 -14.9331 14.2091
6.985 -14.8539 14.3363
6.99 -14.7738 14.4628
6.995 -14.6926 14.5888
7 -14.6105 14.7142
7.005 -14.5274 14.839
7.01 -14.4434 14.9632
7.015 -14.3584 15.0867
7.02 -14.2724 15.2096
7.025 -14.1855 15.3319
7.03 -14.0976 15.4535
7.035 -14.0087 15.5744
7.04 -13.9189 15.6947
7.045 -13.8282 15.8142
7.05 -13.7365 15.9331
7.055 -13.6439 16.0513
7.06 -13.5503 16.1688
7.065 -13.4559 16.2856
7.07 -13.3604 16.4016
7.075 -13.2641 16.5169
7.08 -13.1668 16.6314
7.085 -13.0687 16.7452
7.09 -12.9696 16.8583
7.095 -12.8696 16.9705
7.1 -12.7687 17.082
7.105 -12.6669 17.1927
7.11 -12.5642 17.3026
7.115 -12.4606 17.4117
7.12 -12.3561 17.5199
7.125 -12.2508 17.6274
7.13 -12.1445 17.734
7.135 -12.0374 17.8398
7.14 -11.9295 17.9447
7.145 -11.8206 18.0488
7.15 -11.7109 18.152
7.155 -11.6004 18.2543
7.16 -11.489 18.3558
7.165 -11.3768 18.4563
7.17 -11.2637 18.556
7.175 -11.1498 18.6547
7.18 -11.0351 18.7525
7.185 -10.9195 18.8494
7.19 -10.8032 18.9454
7.195 -10.686 19.0404
7.2 -10.568 19.1345
7.205 -10.4492 19.2276
7.21 -10.3297 19.3198
7.215 -10.2093 19.411
7.22 -10.0882 19.5012
7.225 -9.96625 19.5904
7.23 -9.84357 19.6786
7.235 -9.72012 19.7658
7.24 -9.59592 19.852
7.245 -9.47097 19.9371
7.25 -9.34527 20.0213
7.255 -9.21884 20.1044
7.26 -9.09167 20.1864
7.265 -8.96378 20.2675
7.27 -8.83517 20.3474
7.275 -8.70584 20.4263
7.28 -8.57581 20.5041
7.285 -8.44509 20.5808
7.29 -8.31367 20.6565
7.295 -8.18157 20.731
7.3 -8.04879 20.8044
7.305 -7.91534 20.8768
7.31 -7.78122 20.948
7.315 -7.64645 21.0181
7.32 -7.51103 21.087
7.325 -7.37497 21.1548
7.33 -7.23827 21.2215
7.335 -7.10094 21.287
7.34 -6.963 21.3514
7.345 -6.82444 21.4146
7.35 -6.68528 21.4766
7.355 -6.54552 21.5374
7.36 -6.40518 21.5971
7.365 -6.26425 21.6555
7.37 -6.12274 21.7128
7.375 -5.98068 21.7688
7.38 -5.83805 21.8237
7.385 -5.69487 21.8773
7.39 -5.55116 21.9297
7.395 -5.40691 21.9809
7.4 -5.26213 22.0308
7.405 -5.11684 22.0795
7.41 -4.97103 22.127
7.415 -4.82473 22.1732
7.42 -4.67794 22.2181
7.425 -4.53066 22.2618
7.43 -4.38291 22.3042
7.435 -4.23469 22.3453
7.44 -4.08601 22.3851
7.445 -3.93688 22.4237
7.45 -3.78732 22.4609
7.455 -3.63732 22.4969
7.46 -3.4869 22.5316
7.465 -3.33607 22.5649
7.47 -3.18483 22.5969
7.475 -3.03319 22.6277
7.48 -2.88117 22.6571
7.485 -2.72878 22.6851
7.49 -2.57601 22.7119
7.495 -2.42288 22.7373
7.5 -2.26941 22.7613
7.505 -2.1156 22.784
7.51 -1.96145 22.8054
7.515 -1.80698 22.8254
7.52 -1.6522 22.844
7.525 -1.49712 22.8613
7.53 -1.34175 22.8772
7.535 -1.18609 22.8918
7.54 -1.03016 22.905
7.545 -0.873961 22.9168
7.55 -0.717511 22.9272
7.555 -0.560817 22.9362
7.56 -0.403888 22.9438
7.565 -0.246734 22.9501
7.57 -0.0893658 22.9549
7.575 0.0682072 22.9584
7.58 0.225975 22.9604
7.585 0.383928 22.961
7.59 0.542055 22.9603
7.595 0.700347 22.9581
7.6 0.858793 22.9545
7.605 1.01738 22.9494
7.61 1.17611 22.943
7.615 1.33495 22.9351
7.62 1.49392 22.9258
7.625 1.65298 22.9151
7.63 1.81214 22.903
7.635 1.97138 22.8894
7.64 2.13069 22.8744
7.645 2.29006 22.8579
7.65 2.44948 22.8401
7.655 2.60894 22.8207
7.66 2.76844 22.8
7.665 2.92795 22.7778
7.67 3.08747 22.7541
7.675 3.24698 22.729
7.68 3.40649 22.7024
7.685 3.56597 22.6744
7.69 3.72542 22.645
7.695 3.88482 22.6141
7.7 4.04416 22.5818
7.705 4.20344 22.5479
7.71 4.36264 22.5127
7.715 4.52175 22.476
7.72 4.68077 22.4378
7.725 4.83967 22.3982
7.73 4.99845 22.3571
7.735 5.1571 22.3146
7.74 5.31561 22.2706
7.745 5.47396 22.2252
7.75 5.63215 22.1783
7.755 5.79016 22.1299
7.76 5.94798 22.0801
7.765 6.10561 22.0289
7.77 6.26302 21.9762
7.775 6.42022 21.922
7.78 6.57718 21.8664
7.785 6.73391 21.8093
7.79 6.89037 21.7508
7.795 7.04658 21.6909
7.8 7.20251 21.6295
7.805 7.35815 21.5666
7.81 7.51349 21.5023
7.815 7.66853 21.4366
7.82 7.82324 21.3694
7.825 7.97762 21.3007
7.83 8.13166 21.2307
7.835 8.28535 21.1592
7.84 8.43867 21.0862
7.845 8.59161 21.0119
7.85 8.74417 20.9361
7.855 8.89632 20.8589
7.86 9.04807 20.7802
7.865 9.1994 20.7001
7.87 9.3503 20.6186
7.875 9.50075 20.5357
7.88 9.65075 20.4514
7.885 9.80028 20.3657
7.89 9.94934 20.2785
7.895 10.0979 20.19
7.9 10.246 20.1001
7.905 10.3935 20.0087
7.91 10.5406 19.916
7.915 10.6871 19.8219
7.92 10.833 19.7263
7.925 10.9785 19.6295
7.93 11.1233 19.5312
7.935 11.2676 19.4315
7.94 11.4112 19.3305
7.945 11.5543 19.2281
7.95 11.6968 19.1244
7.955 11.8386 19.0193
7.96 11.9799 18.9129
7.965 12.1204 18.8051
7.97 12.2604 18.6959
7.975 12.3996 18.5855
7.98 12.5382 18.4737
7.985 12.6761 18.3605
7.99 12.8133 18.2461
7.995 12.9498 18.1303
8 13.0856 18.0132
8.005 13.2206 17.8949
8.01 13.3549 17.7752
8.015 13.4885 17.6542
8.02 13.6213 17.532
8.025 13.7533 17.4084
8.03 13.8846 17.2836
8.035 14.015 17.1576
8.04 14.1447 17.0302
8.045 14.2735 16.9016
8.05 14.4015 16.7718
8.055 14.5287 16.6407
8.06 14.655 16.5084
8.065 14.7805 16.3749
8.07 14.9051 16.2401
8.075 15.0288 16.1042
8.08 15.1517 15.967
8.085 15.2736 15.8286
8.09 15.3947 15.6891
8.095 15.5148 15.5483
8.1 15.634 15.4064
8.105 15.7522 15.2633
8.11 15.8696 15.1191
8.115 15.9859 14.9737
8.12 16.1013 14.8272
8.125 16.2157 14.6795
8.13 16.3292 14.5307
8.135 16.4416 14.3808
8.14 16.553 14.2298
8.145 16.6634 14.0777
8.15 16.7728 13.9245
8.155 16.8812 13.7702
8.16 16.9885 13.6148
8.165 17.0948 13.4584
8.17 17.2 13.3009
8.175 17.3041 13.1424
8.18 17.4071 12.9828
8.185 17.5091 12.8223
8.19 17.61 12.6607
8.195 17.7097 12.4981
8.2 17.8083 12.3345
8.205 17.9059 12.1699
8.21 18.0022 12.0043
8.215 18.0975 11.8378
8.22 18.1915 11.6703
8.225 18.2845 11.5019
8.23 18.3762 11.3325
8.235 18.4668 11.1622
8.24 18.5562 10.991
8.245 18.6444 10.8189
8.25 18.7314 10.6459
8.255 18.8171 10.472
8.26 18.9017 10.2972
8.265 18.985 10.1216
8.27 19.0671 9.94516
8.275 19.148 9.76786
8.28 19.2276 9.58974
8.285 19.3059 9.41079
8.29 19.383 9.23105
8.295 19.4588 9.05051
8.3 19.5333 8.8692
8.305 19.6066 8.68711
8.31 19.6785 8.50427
8.315 19.7492 8.32068
8.32 19.8185 8.13637
8.325 19.8865 7.95133
8.33 19.9532 7.76558
8.335 20.0185 7.57914
8.34 20.0826 7.39202
8.345 20.1452 7.20422
8.35 20.2065 7.01577
8.355 20.2665 6.82667
8.36 20.3251 6.63693
8.365 20.3823 6.44658
8.37 20.4382 6.25562
8.375 20.4926 6.06406
8.38 20.5457 5.87193
8.385 20.5974 5.67922
8.39 20.6477 5.48596
8.395 20.6965 5.29215
8.4 20.744 5.09782
8.405 20.79 4.90297
8.41 20.8347 4.70761
8.415 20.8778 4.51177
8.42 20.9196 4.31545
8.425 20.9599 4.11868
8.43 20.9988 3.92145
8.435 21.0362 3.72378
8.44 21.0721 3.5257
8.445 21.1066 3.32721
8.45 21.1397 3.12833
8.455 21.1712 2.92906
8.46 21.2013 2.72943
8.465 21.2299 2.52945
8.47 21.257 2.32914
8.475 21.2827 2.1285
8.48 21.3068 1.92755
8.485 21.3295 1.72631
8.49 21.3506 1.52478
8.495 21.3703 1.323
8.5 21.3884 1.12096
8.505 21.4051 0.918679
8.51 21.4202 0.716181
8.515 21.4338 0.513474
8.52 21.4459 0.310575
8.525 21.4564 0.107497
8.53 21.4654 -0.0957437
8.535 21.4729 -0.299134
8.54 21.4789 -0.502658
8.545 21.4834 -0.706301
8.55 21.4862 -0.910049
8.555 21.4876 -1.11389
8.56 21.4874 -1.3178
8.565 21.4857 -1.52177
8.57 21.4824 -1.72578
8.575 21.4776 -1.92983
8.58 21.4712 -2.13389
8.585 21.4633 -2.33794
8.59 21.4538 -2.54199
8.595 21.4428 -2.746
8.6 21.4302 -2.94996
8.605 21.416 -3.15386
8.61 21.4003 -3.35769
8.615 21.3831 -3.56142
8.62 21.3642 -3.76505
8.625 21.3439 -3.96855
8.63 21.3219 -4.17192
8.635 21.2984 -4.37513
8.64 21.2733 -4.57817
8.645 21.2467 -4.78103
8.65 21.2185 -4.98369
8.655 21.1887 -5.18613
8.66 21.1573 -5.38834
8.665 21.1245 -5.59031
8.67 21.09 -5.79201
8.675 21.054 -5.99344
8.68 21.0164 -6.19457
8.685 20.9772 -6.3954
8.69 20.9365 -6.5959
8.695 20.8942 -6.79606
8.7 20.8504 -6.99587
8.705 20.805 -7.19531
8.71 20.7581 -7.39436
8.715 20.7096 -7.59301
8.72 20.6595 -7.79125
8.725 20.6079 -7.98905
8.73 20.5548 -8.18641
8.735 20.5001 -8.3833
8.74 20.4438 -8.57971
8.745 20.386 -8.77563
8.75 20.3267 -8.97104
8.755 20.2658 -9.16592
8.76 20.2034 -9.36027
8.765 20.1395 -9.55405
8.77 20.074 -9.74727
8.775 20.007 -9.9399
8.78 19.9385 -10.1319
8.785 19.8684 -10.3233
8.79 19.7969 -10.5141
8.795 19.7238 -10.7042
8.8 19.6492 -10.8937
8.805 19.5731 -11.0825
8.81 19.4955 -11.2706
8.815 19.4164 -11.458
8.82 19.3358 -11.6446
8.825 19.2537 -11.8305
8.83 19.1701 -12.0157
8.835 19.085 -12.2001
8.84 18.9985 -12.3837
8.845 18.9105 -12.5665
8.85 18.821 -12.7485
8.855 18.73 -12.9297
8.86 18.6376 -13.11
8.865 18.5437 -13.2894
8.87 18.4484 -13.468
8.875 18.3517 -13.6457
8.88 18.2535 -13.8225
8.885 18.1539 -13.9984
8.89 18.0528 -14.1733
8.895 17.9504 -14.3473
8.9 17.8465 -14.5203
8.905 17.7412 -14.6924
8.91 17.6345 -14.8634
8.915 17.5264 -15.0335
8.92 17.4169 -15.2025
8.925 17.3061 -15.3705
8.93 17.1939 -15.5375
8.935 17.0803 -15.7033
8.94 16.9653 -15.8681
8.945 16.849 -16.0319
8.95 16.7313 -16.1945
8.955 16.6123 -16.356
8.96 16.492 -16.5163
8.965 16.3704 -16.6755
8.97 16.2474 -16.8336
8.975 16.1231 -16.9905
8.98 15.9976 -17.1461
8.985 15.8707 -17.3006
8.99 15.7426 -17.4539
8.995 15.6131 -17.6059
9 15.4824 -17.7567
9.005 15.3505 -17.9063
9.01 15.2173 -18.0546
9.015 15.0829 -18.2016
9.02 14.9472 -18.3473
9.025 14.8103 -18.4917
9.03 14.6722 -18.6347
9.035 14.5329 -18.7765
9.04 14.3924 -18.9169
9.045 14.2507 -19.0559
9.05 14.1079 -19.1936
9.055 13.9639 -19.3299
9.06 13.8187 -19.4648
9.065 13.6724 -19.5983
9.07 13.5249 -19.7304
9.075 13.3763 -19.861
9.08 13.2266 -19.9902
9.085 13.0758 -20.118
9.09 12.9239 -20.2442
9.095 12.771 -20.369
9.1 12.6169 -20.4923
9.105 12.4618 -20.6142
9.11 12.3057 -20.7345
9.115 12.1485 -20.8532
9.12 11.9902 -20.9705
9.125 11.831 -21.0862
9.13 11.6707 -21.2003
9.135 11.5095 -21.3129
9.14 11.3473 -21.4239
9.145 11.1841 -21.5333
9.15 11.0199 -21.6411
9.155 10.8548 -21.7473
9.16 10.6888 -21.8519
9.165 10.5218 -21.9548
9.17 10.3539 -22.0561
9.175 10.1851 -22.1558
9.18 10.0155 -22.2538
9.185 9.84495 -22.3501
9.19 9.67356 -22.4448
9.195 9.50131 -22.5378
9.2 9.32823 -22.6291
9.205 9.15432 -22.7186
9.21 8.97961 -22.8065
9.215 8.80409 -22.8926
9.22 8.62779 -22.977
9.225 8.45072 -23.0597
9.23 8.27289 -23.1406
9.235 8.09432 -23.2197
9.24 7.91501 -23.2971
9.245 7.73499 -23.3727
9.25 7.55426 -23.4466
9.255 7.37284 -23.5186
9.26 7.19074 -23.5889
9.265 7.00798 -23.6573
9.27 6.82456 -23.7239
9.275 6.64052 -23.7887
9.28 6.45585 -23.8517
9.285 6.27057 -23.9129
9.29 6.0847 -23.9722
9.295 5.89825 -24.0296
9.3 5.71123 -24.0852
9.305 5.52366 -24.139
9.31 5.33556 -24.1909
9.315 5.14693 -24.2409
9.32 4.9578 -24.289
9.325 4.76817 -24.3352
9.33 4.57807 -24.3796
9.335 4.3875 -24.422
9.34 4.19648 -24.4626
9.345 4.00503 -24.5013
9.35 3.81316 -24.538
9.355 3.62089 -24.5728
9.36 3.42823 -24.6057
9.365 3.23519 -24.6367
9.37 3.0418 -24.6657
9.375 2.84806 -24.6928
9.38 2.65399 -24.718
9.385 2.45961 -24.7412
9.39 2.26493 -24.7625
9.395 2.06998 -24.7818
9.4 1.87475 -24.7992
9.405 1.67927 -24.8146
9.41 1.48356 -24.8281
9.415 1.28762 -24.8396
9.42 1.09149 -24.8491
9.425 0.895158 -24.8567
9.43 0.698658 -24.8622
9.435 0.501999 -24.8658
9.44 0.305199 -24.8675
9.445 0.108273 -24.8671
9.45 -0.0887633 -24.8648
9.455 -0.285894 -24.8605
9.46 -0.483103 -24.8542
9.465 -0.680375 -24.8459
9.47 -0.877694 -24.8356
9.475 -1.07504 -24.8234
9.48 -1.27241 -24.8091
9.485 -1.46977 -24.7929
9.49 -1.66711 -24.7746
9.495 -1.86443 -24.7544
9.5 -2.06169 -24.7322
9.505 -2.25888 -24.708
9.51 -2.456 -24.6818
9.515 -2.65302 -24.6536
9.52 -2.84992 -24.6234
9.525 -3.04669 -24.5912
9.53 -3.24332 -24.557
9.535 -3.43978 -24.5209
9.54 -3.63606 -24.4827
9.545 -3.83215 -24.4426
9.55 -4.02803 -24.4005
9.555 -4.22368 -24.3564
9.56 -4.41909 -24.3103
9.565 -4.61424 -24.2622
9.57 -4.80911 -24.2122
9.575 -5.00369 -24.1601
9.58 -5.19796 -24.1061
9.585 -5.3919 -24.0501
9.59 -5.58551 -23.9922
9.595 -5.77875 -23.9323
9.6 -5.97163 -23.8704
9.605 -6.16411 -23.8066
9.61 -6.35619 -23.7408
9.615 -6.54784 -23.673
9.62 -6.73906 -23.6033
9.625 -6.92983 -23.5317
9.63 -7.12012 -23.4581
9.635 -7.30993 -23.3826
9.64 -7.49923 -23.3051
9.645 -7.68802 -23.2258
9.65 -7.87627 -23.1445
9.655 -8.06397 -23.0612
9.66 -8.2511 -22.9761
9.665 -8.43766 -22.889
9.67 -8.62361 -22.8001
9.675 -8.80895 -22.7092
9.68 -8.99365 -22.6165
9.685 -9.17772 -22.5219
9.69 -9.36112 -22.4254
9.695 -9.54384 -22.327
9.7 -9.72587 -22.2267
9.705 -9.90718 -22.1246
9.71 -10.0878 -22.0207
9.715 -10.2676 -21.9148
9.72 -10.4467 -21.8072
9.725 -10.6251 -21.6977
9.73 -10.8026 -21.5864
9.735 -10.9793 -21.4733
9.74 -11.1552 -21.3583
9.745 -11.3303 -21.2416
9.75 -11.5046 -21.1231
9.755 -11.6779 -21.0027
9.76 -11.8504 -20.8806
9.765 -12.022 -20.7568
9.77 -12.1927 -20.6311
9.775 -12.3625 -20.5038
9.78 -12.5313 -20.3746
9.785 -12.6992 -20.2438
9.79 -12.8661 -20.1112
9.795 -13.032 -19.9769
9.8 -13.1969 -19.8409
9.805 -13.3608 -19.7032
9.81 -13.5237 -19.5638
9.815 -13.6855 -19.4228
9.82 -13.8463 -19.2801
9.825 -14.006 -19.1357
9.83 -14.1647 -18.9897
9.835 -14.3222 -18.842
9.84 -14.4786 -18.6928
9.845 -14.6339 -18.5419
9.85 -14.788 -18.3894
9.855 -14.941 -18.2353
9.86 -15.0928 -18.0797
9.865 -15.2435 -17.9225
9.87 -15.3929 -17.7637
9.875 -15.5411 -17.6034
9.88 -15.6881 -17.4416
9.885 -15.8339 -17.2783
9.89 -15.9784 -17.1134
9.895 -16.1216 -16.9471
9.9 -16.2636 -16.7792
9.905 -16.4043 -16.61
9.91 -16.5437 -16.4392
9.915 -16.6817 -16.267
9.92 -16.8185 -16.0934
9.925 -16.9539 -15.9184
9.93 -17.0879 -15.742
9.935 -17.2206 -15.5642
9.94 -17.3519 -15.385
9.945 -17.4818 -15.2045
9.95 -17.6103 -15.0226
9.955 -17.7374 -14.8394
9.96 -17.863 -14.6548
9.965 -17.9873 -14.469
9.97 -18.11 -14.2819
9.975 -18.2314 -14.0935
9.98 -18.3512 -13.9039
9.985 -18.4695 -13.713
9.99 -18.5864 -13.5209
9.995 -18.7017 -13.3276
10 -18.8156 -13.133
10.005 -18.9279 -12.9373
10.01 -19.0386 -12.7405
10.015 -19.1479 -12.5425
10.02 -19.2555 -12.3433
10.025 -19.3616 -12.1431
10.03 -19.4661 -11.9417
10.035 -19.569 -11.7392
10.04 -19.6703 -11.5357
10.045 -19.77 -11.3311
10.05 -19.8681 -11.1255
10.055 -19.9645 -10.9189
10.06 -20.0593 -10.7113
10.065 -20.1525 -10.5027
10.07 -20.2439 -10.2931
10.075 -20.3338 -10.0825
10.08 -20.4219 -9.87107
10.085 -20.5084 -9.65868
10.09 -20.5931 -9.44539
10.095 -20.6762 -9.23123
10.1 -20.7575 -9.01619
10.105 -20.8372 -8.80031
10.11 -20.9151 -8.5836
10.115 -20.9912 -8.36607
10.12 -21.0657 -8.14776
10.125 -21.1383 -7.92867
10.13 -21.2092 -7.70882
10.135 -21.2784 -7.48823
10.14 -21.3457 -7.26692
10.145 -21.4113 -7.04491
10.15 -21.4751 -6.82221
10.155 -21.5371 -6.59885
10.16 -21.5973 -6.37484
10.165 -21.6557 -6.1502
10.17 -21.7123 -5.92496
10.175 -21.767 -5.69912
10.18 -21.8199 -5.47271
10.185 -21.871 -5.24575
10.19 -21.9203 -5.01825
10.195 -21.9677 -4.79025
10.2 -22.0133 -4.56174
10.205 -22.057 -4.33276
10.21 -22.0988 -4.10332
10.215 -22.1388 -3.87345
10.22 -22.1769 -3.64315
10.225 -22.2131 -3.41246
10.23 -22.2474 -3.18139
10.235 -22.2799 -2.94996
10.24 -22.3105 -2.71819
10.245 -22.3392 -2.4861
10.25 -22.366 -2.25371
10.255 -22.3908 -2.02104
10.26 -22.4138 -1.78811
10.265 -22.4349 -1.55494
10.27 -22.4541 -1.32155
10.275 -22.4713 -1.08795
10.28 -22.4866 -0.85418
10.285 -22.5001 -0.620246
10.29 -22.5116 -0.386172
10.295 -22.5211 -0.151977
10.3 -22.5288 0.0823172
10.305 -22.5345 0.316692
10.31 -22.5383 0.551126
10.315 -22.5401 0.7856
10.32 -22.54 1.02009
10.325 -22.538 1.25458
10.33 -22.534 1.48905
10.335 -22.5282 1.72348
10.34 -22.5203 1.95785
10.345 -22.5106 2.19213
10.35 -22.4988 2.42631
10.355 -22.4852 2.66037
10.36 -22.4696 2.89428
10.365 -22.4521 3.12803
10.37 -22.4326 3.3616
10.375 -22.4112 3.59496
10.38 -22.3878 3.82809
10.385 -22.3625 4.06098
10.39 -22.3353 4.2936
10.395 -22.3061 4.52594
10.4 -22.275 4.75797
10.405 -22.242 4.98967
10.41 -22.207 5.22102
10.415 -22.1701 5.452
10.42 -22.1313 5.6826
10.425 -22.0905 5.91278
10.43 -22.0479 6.14254
10.435 -22.0032 6.37184
10.44 -21.9567 6.60068
10.445 -21.9083 6.82902
10.45 -21.8579 7.05686
10.455 -21.8056 7.28416
10.46 -21.7515 7.51091
10.465 -21.6954 7.73709
10.47 -21.6374 7.96268
10.475 -21.5775 8.18765
10.48 -21.5157 8.41199
10.485 -21.452 8.63568
10.49 -21.3865 8.8587
10.495 -21.319 9.08103
10.5 -21.2497 9.30264
10.505 -21.1785 9.52352
10.51 -21.1055 9.74365
10.515 -21.0306 9.96301
10.52 -20.9538 10.1816
10.525 -20.8752 10.3993
10.53 -20.7947 10.6163
10.535 -20.7124 10.8323
10.54 -20.6283 11.0475
10.545 -20.5423 11.2618
10.55 -20.4545 11.4752
10.555 -20.3649 11.6877
10.56 -20.2735 11.8992
10.565 -20.1803 12.1098
10.57 -20.0853 12.3194
10.575 -19.9885 12.5279
10.58 -19.8899 12.7355
10.585 -19.7896 12.942
10.59 -19.6875 13.1474
10.595 -19.5836 13.3518
10.6 -19.478 13.555
10.605 -19.3706 13.7572
10.61 -19.2615 13.9582
10.615 -19.1507 14.158
10.62 -19.0382 14.3567
10.625 -18.924 14.5542
10.63 -18.808 14.7504
10.635 -18.6904 14.9455
10.64 -18.5711 15.1393
10.645 -18.4501 15.3318
10.65 -18.3275 15.523
10.655 -18.2032 15.713
10.66 -18.0773 15.9016
10.665 -17.9498 16.0889
10.67 -17.8206 16.2748
10.675 -17.6898 16.4594
10.68 -17.5575 16.6426
10.685 -17.4235 16.8243
10.69 -17.2879 17.0047
10.695 -17.1508 17.1836
10.7 -17.0122 17.361
10.705 -16.872 17.537
10.71 -16.7302 17.7115
10.715 -16.587 17.8845
10.72 -16.4422 18.056
10.725 -16.2959 18.2259
10.73 -16.1482 18.3943
10.735 -15.999 18.5611
10.74 -15.8483 18.7263
10.745 -15.6961 18.8899
10.75 -15.5426 19.0519
10.755 -15.3876 19.2123
10.76 -15.2312 19.371
10.765 -15.0734 19.5281
10.77 -14.9142 19.6834
10.775 -14.7536 19.8371
10.78 -14.5917 19.9891
10.785 -14.4285 20.1394
10.79 -14.2639 20.2879
10.795 -14.098 20.4346
10.8 -13.9308 20.5796
10.805 -13.7623 20.7229
10.81 -13.5926 20.8643
10.815 -13.4215 21.0039
10.82 -13.2493 21.1417
10.825 -13.0758 21.2777
10.83 -12.9011 21.4118
10.835 -12.7252 21.5441
10.84 -12.5481 21.6744
10.845 -12.3698 21.8029
10.85 -12.1904 21.9295
10.855 -12.0098 22.0542
10.86 -11.8282 22.177
10.865 -11.6454 22.2978
10.87 -11.4615 22.4167
10.875 -11.2765 22.5336
10.88 -11.0905 22.6486
10.885 -10.9034 22.7615
10.89 -10.7153 22.8725
10.895 -10.5262 22.9814
10.9 -10.3361 23.0884
10.905 -10.145 23.1933
10.91 -9.953 23.2962
10.915 -9.76 23.397
10.92 -9.56608 23.4958
10.925 -9.37125 23.5925
10.93 -9.17552 23.6871
10.935 -8.97891 23.7797
10.94 -8.78144 23.8701
10.945 -8.58312 23.9584
10.95 -8.38398 24.0447
10.955 -8.18403 24.1287
10.96 -7.98328 24.2107
10.965 -7.78177 24.2905
10.97 -7.57949 24.3682
10.975 -7.37648 24.4437
10.98 -7.17274 24.517
10.985 -6.96831 24.5881
10.99 -6.76318 24.6571
10.995 -6.5574 24.7239
11 -6.35096 24.7885
11.005 -6.14389 24.8508
11.01 -5.93621 24.911
11.015 -5.72794 24.969
11.02 -5.51909 25.0247
11.025 -5.30968 25.0782
11.03 -5.09974 25.1294
11.035 -4.88927 25.1784
11.04 -4.67831 25.2252
11.045 -4.46687 25.2697
11.05 -4.25496 25.3119
11.055 -4.04261 25.3519
11.06 -3.82983 25.3896
11.065 -3.61665 25.425
11.07 -3.40308 25.4581
11.075 -3.18914 25.489
11.08 -2.97485 25.5175
11.085 -2.76024 25.5438
11.09 -2.54531 25.5678
11.095 -2.33009 25.5895
11.1 -2.11461 25.6089
11.105 -1.89887 25.6259
11.11 -1.68289 25.6407
11.115 -1.46671 25.6532
11.12 -1.25033 25.6633
11.125 -1.03378 25.6711
11.13 -0.817071 25.6766
11.135 -0.60023 25.6798
11.14 -0.383273 25.6807
11.145 -0.166222 25.6792
11.15 0.050906 25.6754
11.155 0.26809 25.6693
11.16 0.485309 25.6609
11.165 0.702545 25.6501
11.17 0.919778 25.637
11.175 1.13699 25.6216
11.18 1.35415 25.6039
11.185 1.57126 25.5838
11.19 1.78828 25.5614
11.195 2.0052 25.5367
11.2 2.22199 25.5097
11.205 2.43865 25.4803
11.21 2.65514 25.4486
11.215 2.87145 25.4146
11.22 3.08756 25.3783
11.225 3.30345 25.3396
11.23 3.51909 25.2987
11.235 3.73448 25.2554
11.24 3.94958 25.2099
11.245 4.16438 25.162
11.25 4.37886 25.1118
11.255 4.593 25.0593
11.26 4.80679 25.0046
11.265 5.02019 24.9475
11.27 5.23319 24.8881
11.275 5.44577 24.8265
11.28 5.65791 24.7626
11.285 5.86959 24.6964
11.29 6.0808 24.6279
11.295 6.2915 24.5572
11.3 6.50169 24.4842
11.305 6.71134 24.409
11.31 6.92043 24.3315
11.315 7.12895 24.2518
11.32 7.33687 24.1698
11.325 7.54418 24.0856
11.33 7.75085 23.9992
11.335 7.95687 23.9106
11.34 8.16221 23.8198
11.345 8.36686 23.7267
11.35 8.5708 23.6315
11.355 8.77401 23.5341
11.36 8.97647 23.4345
11.365 9.17816 23.3327
11.37 9.37907 23.2287
11.375 9.57916 23.1227
11.38 9.77843 23.0144
11.385 9.97686 22.904
11.39 10.1744 22.7915
11.395 10.3711 22.6769
11.4 10.5669 22.5602
11.405 10.7617 22.4414
11.41 10.9557 22.3205
11.415 11.1486 22.1975
11.42 11.3406 22.0724
11.425 11.5316 21.9453
11.43 11.7216 21.8161
11.435 11.9106 21.6849
11.44 12.0985 21.5516
11.445 12.2854 21.4164
11.45 12.4711 21.2791
11.455 12.6558 21.1399
11.46 12.8394 20.9987
11.465 13.0218 20.8555
11.47 13.2031 20.7103
11.475 13.3832 20.5632
11.48 13.5621 20.4142
11.485 13.7398 20.2633
11.49 13.9163 20.1104
11.495 14.0915 19.9557
11.5 14.2655 19.7991
11.505 14.4382 19.6406
11.51 14.6097 19.4803
11.515 14.7798 19.3181
11.52 14.9486 19.1541
11.525 15.1161 18.9883
11.53 15.2822 18.8207
11.535 15.4469 18.6513
11.54 15.6103 18.4802
11.545 15.7722 18.3073
11.55 15.9328 18.1327
11.555 16.0919 17.9564
11.56 16.2495 17.7783
11.565 16.4057 17.5986
11.57 16.5605 17.4172
11.575 16.7137 17.2341
11.58 16.8654 17.0494
11.585 17.0156 16.8631
11.59 17.1642 16.6752
11.595 17.3113 16.4857
11.6 17.4569 16.2946
11.605 17.6008 16.102
11.61 17.7432 15.9078
11.615 17.8839 15.7121
11.62 18.023 15.5149
11.625 18.1605 15.3162
11.63 18.2963 15.116
11.635 18.4305 14.9144
11.64 18.563 14.7113
11.645 18.6938 14.5069
11.65 18.8229 14.301
11.655 18.9502 14.0938
11.66 19.0759 13.8852
11.665 19.1998 13.6753
11.67 19.3219 13.464
11.675 19.4423 13.2515
11.68 19.5609 13.0376
11.685 19.6777 12.8225
11.69 19.7927 12.6062
11.695 19.9059 12.3886
11.7 20.0172 12.1698
11.705 20.1268 11.9499
11.71 20.2344 11.7288
11.715 20.3403 11.5065
11.72 20.4442 11.2831
11.725 20.5463 11.0586
11.73 20.6465 10.8331
11.735 20.7447 10.6064
11.74 20.8411 10.3787
11.745 20.9355 10.15
11.75 21.0281 9.92034
11.755 21.1186 9.68966
11.76 21.2072 9.45802
11.765 21.2939 9.22545
11.77 21.3786 8.99196
11.775 21.4613 8.75758
11.78 21.5421 8.52232
11.785 21.6208 8.28622
11.79 21.6975 8.04929
11.795 21.7722 7.81155
11.8 21.845 7.57303
11.805 21.9156 7.33374
11.81 21.9843 7.09371
11.815 22.0509 6.85297
11.82 22.1154 6.61153
11.825 22.1779 6.36941
11.83 22.2384 6.12664
11.835 22.2967 5.88325
11.84 22.353 5.63925
11.845 22.4072 5.39466
11.85 22.4594 5.14952
11.855 22.5094 4.90383
11.86 22.5573 4.65764
11.865 22.6032 4.41095
11.87 22.6469 4.16379
11.875 22.6885 3.91618
11.88 22.728 3.66815
11.885 22.7653 3.41973
11.89 22.8005 3.17092
11.895 22.8336 2.92177
11.9 22.8646 2.67228
11.905 22.8934 2.42249
11.91 22.9201 2.17241
11.915 22.9446 1.92207
11.92 22.967 1.6715
11.925 22.9872 1.42072
11.93 23.0053 1.16975
11.935 23.0212 0.918608
11.94 23.0349 0.667328
11.945 23.0465 0.415931
11.95 23.0559 0.164439
11.955 23.0631 -0.0871232
11.96 23.0682 -0.338732
11.965 23.0711 -0.590364
11.97 23.0718 -0.841995
11.975 23.0704 -1.0936
11.98 23.0667 -1.34516
11.985 23.0609 -1.59664
11.99 23.053 -1.84803
11.995 23.0428 -2.0993
12 23.0305 -2.35043
12.005 23.016 -2.60139
12.01 22.9993 -2.85215
12.015 22.9805 -3.1027
12.02 22.9594 -3.35302
12.025 22.9362 -3.60307
12.03 22.9109 -3.85283
12.035 22.8833 -4.10228
12.04 22.8536 -4.3514
12.045 22.8217 -4.60016
12.05 22.7877 -4.84853
12.055 22.7515 -5.0965
12.06 22.7131 -5.34405
12.065 22.6726 -5.59113
12.07 22.63 -5.83775
12.075 22.5851 -6.08386
12.08 22.5382 -6.32945
12.085 22.4891 -6.57449
12.09 22.4378 -6.81896
12.095 22.3844 -7.06283
12.1 22.3289 -7.30609
12.105 22.2712 -7.5487
12.11 22.2115 -7.79065
12.115 22.1496 -8.03192
12.12 22.0856 -8.27247
12.125 22.0195 -8.51228
12.13 21.9513 -8.75134
12.135 21.881 -8.98962
12.14 21.8086 -9.2271
12.145 21.7341 -9.46375
12.15 21.6575 -9.69955
12.155 21.5789 -9.93447
12.16 21.4982 -10.1685
12.165 21.4154 -10.4016
12.17 21.3306 -10.6338
12.175 21.2438 -10.865
12.18 21.1549 -11.0952
12.185 21.064 -11.3244
12.19 20.971 -11.5526
12.195 20.8761 -11.7798
12.2 20.7791 -12.0058
12.205 20.6801 -12.2308
12.21 20.5792 -12.4546
12.215 20.4763 -12.6774
12.22 20.3714 -12.8989
12.225 20.2645 -13.1193
12.23 20.1557 -13.3384
12.235 20.045 -13.5564
12.24 19.9323 -13.773
12.245 19.8177 -13.9885
12.25 19.7012 -14.2026
12.255 19.5827 -14.4154
12.26 19.4624 -14.6269
12.265 19.3402 -14.837
12.27 19.2162 -15.0458
12.275 19.0903 -15.2531
12.28 18.9625 -15.4591
12.285 18.8329 -15.6636
12.29 18.7015 -15.8666
12.295 18.5683 -16.0682
12.3 18.4332 -16.2683
12.305 18.2964 -16.4669
12.31 18.1578 -16.6639
12.315 18.0174 -16.8594
12.32 17.8753 -17.0533
12.325 17.7315 -17.2456
12.33 17.5859 -17.4364
12.335 17.4386 -17.6254
12.34 17.2897 -17.8129
12.345 17.139 -17.9986
12.35 16.9867 -18.1827
12.355 16.8327 -18.3651
12.36 16.6771 -18.5457
12.365 16.5198 -18.7246
12.37 16.3609 -18.9018
12.375 16.2005 -19.0772
12.38 16.0384 -19.2507
12.385 15.8748 -19.4225
12.39 15.7096 -19.5925
12.395 15.5429 -19.7606
12.4 15.3747 -19.9268
12.405 15.205 -20.0911
12.41 15.0337 -20.2536
12.415 14.861 -20.4142
12.42 14.6869 -20.5728
12.425 14.5113 -20.7294
12.43 14.3342 -20.8842
12.435 14.1558 -21.0369
12.44 13.9759 -21.1877
12.445 13.7947 -21.3364
12.45 13.6122 -21.4831
12.455 13.4282 -21.6278
12.46 13.243 -21.7704
12.465 13.0565 -21.911
12.47 12.8686 -22.0495
12.475 12.6795 -22.1859
12.48 12.4891 -22.3202
12.485 12.2975 -22.4523
12.49 12.1047 -22.5824
12.495 11.9107 -22.7103
12.5 11.7155 -22.836
12.505 11.5191 -22.9595
12.51 11.3216 -23.0809
12.515 11.123 -23.2
12.52 10.9232 -23.317
12.525 10.7224 -23.4317
12.53 10.5205 -23.5442
12.535 10.3175 -23.6544
12.54 10.1135 -23.7624
12.545 9.90849 -23.8681
12.55 9.70249 -23.9715
12.555 9.49551 -24.0727
12.56 9.28758 -24.1715
12.565 9.07872 -24.268
12.57 8.86894 -24.3622
12.575 8.65827 -24.4541
12.58 8.44672 -24.5436
12.585 8.23432 -24.6307
12.59 8.02108 -24.7155
12.595 7.80703 -24.7979
12.6 7.59219 -24.878
12.605 7.37657 -24.9557
12.61 7.16021 -25.0309
12.615 6.94311 -25.1038
12.62 6.7253 -25.1742
12.625 6.5068 -25.2422
12.63 6.28763 -25.3078
12.635 6.06781 -25.371
12.64 5.84737 -25.4317
12.645 5.62632 -25.4899
12.65 5.40469 -25.5457
12.655 5.18249 -25.5991
12.66 4.95976 -25.6499
12.665 4.7365 -25.6983
12.67 4.51274 -25.7443
12.675 4.28851 -25.7877
12.68 4.06382 -25.8286
12.685 3.8387 -25.8671
12.69 3.61316 -25.903
12.695 3.38724 -25.9365
12.7 3.16094 -25.9674
12.705 2.9343 -25.9958
12.71 2.70734 -26.0217
12.715 2.48007 -26.0451
12.72 2.25252 -26.066
12.725 2.02471 -26.0843
12.73 1.79667 -26.1001
12.735 1.56841 -26.1134
12.74 1.33996 -26.1241
12.745 1.11134 -26.1324
12.75 0.882565 -26.138
12.755 0.65367 -26.1412
12.76 0.424671 -26.1418
12.765 0.19559 -26.1398
12.77 -0.0335489 -26.1353
12.775 -0.262725 -26.1283
12.78 -0.491915 -26.1187
12.785 -0.721098 -26.1066
12.79 -0.95025 -26.092
12.795 -1.17935 -26.0748
12.8 -1.40837 -26.055
12.805 -1.6373 -26.0328
12.81 -1.86611 -26.008
12.815 -2.09477 -25.9806
12.82 -2.32327 -25.9508
12.825 -2.55159 -25.9183
12.83 -2.77969 -25.8834
12.835 -3.00756 -25.8459
12.84 -3.23518 -25.8059
12.845 -3.46252 -25.7634
12.85 -3.68957 -25.7184
12.855 -3.91629 -25.6709
12.86 -4.14267 -25.6208
12.865 -4.36868 -25.5682
12.87 -4.59431 -25.5132
12.875 -4.81952 -25.4556
12.88 -5.04431 -25.3956
12.885 -5.26864 -25.333
12.89 -5.49249 -25.268
12.895 -5.71585 -25.2005
12.9 -5.93868 -25.1305
12.905 -6.16098 -25.0581
12.91 -6.38271 -24.9832
12.915 -6.60385 -24.9058
12.92 -6.82438 -24.826
12.925 -7.04429 -24.7438
12.93 -7.26354 -24.6591
12.935 -7.48212 -24.572
12.94 -7.70001 -24.4825
12.945 -7.91718 -24.3906
12.95 -8.13361 -24.2963
12.955 -8.34928 -24.1996
12.96 -8.56417 -24.1005
12.965 -8.77825 -23.999
12.97 -8.99152 -23.8952
12.975 -9.20394 -23.789
12.98 -9.41549 -23.6804
12.985 -9.62616 -23.5696
12.99 -9.83592 -23.4564
12.995 -10.0447 -23.3408
13 -10.2526 -23.223
13.005 -10.4595 -23.1029
13.01 -10.6655 -22.9805
13.015 -10.8704 -22.8559
13.02 -11.0742 -22.7289
13.025 -11.2771 -22.5997
13.03 -11.4788 -22.4683
13.035 -11.6795 -22.3347
13.04 -11.879 -22.1988
13.045 -12.0774 -22.0608
13.05 -12.2747 -21.9205
13.055 -12.4708 -21.7781
13.06 -12.6657 -21.6336
13.065 -12.8594 -21.4868
13.07 -13.0518 -21.338
13.075 -13.243 -21.187
13.08 -13.4329 -21.0339
13.085 -13.6216 -20.8788
13.09 -13.8089 -20.7215
13.095 -13.9949 -20.5622
13.1 -14.1796 -20.4009
13.105 -14.3629 -20.2375
13.11 -14.5448 -20.0721
13.115 -14.7253 -19.9047
13.12 -14.9044 -19.7353
13.125 -15.0821 -19.564
13.13 -15.2583 -19.3907
13.135 -15.433 -19.2155
13.14 -15.6063 -19.0383
13.145 -15.778 -18.8593
13.15 -15.9482 -18.6783
13.155 -16.1169 -18.4955
13.16 -16.284 -18.3109
13.165 -16.4495 -18.1244
13.17 -16.6134 -17.9361
13.175 -16.7757 -17.746
13.18 -16.9364 -17.5541
13.185 -17.0955 -17.3605
13.19 -17.2529 -17.1651
13.195 -17.4086 -16.968
13.2 -17.5626 -16.7692
13.205 -17.7149 -16.5687
13.21 -17.8655 -16.3665
13.215 -18.0144 -16.1627
13.22 -18.1615 -15.9573
13.225 -18.3068 -15.7503
13.23 -18.4504 -15.5417
13.235 -18.5921 -15.3315
13.24 -18.732 -15.1198
13.245 -18.8702 -14.9065
13.25 -19.0064 -14.6918
13.255 -19.1408 -14.4755
13.26 -19.2734 -14.2578
13.265 -19.404 -14.0387
13.27 -19.5328 -13.8181
13.275 -19.6596 -13.5961
13.28 -19.7846 -13.3728
13.285 -19.9076 -13.1481
13.29 -20.0286 -12.9221
13.295 -20.1477 -12.6947
13.3 -20.2648 -12.4661
13.305 -20.3799 -12.2362
13.31 -20.493 -12.005
13.315 -20.6041 -11.7727
13.32 -20.7132 -11.5391
13.325 -20.8203 -11.3044
13.33 -20.9253 -11.0685
13.335 -21.0283 -10.8314
13.34 -21.1291 -10.5933
13.345 -21.228 -10.3541
13.35 -21.3247 -10.1138
13.355 -21.4193 -9.87245
13.36 -21.5118 -9.63011
13.365 -21.6022 -9.38678
13.37 -21.6905 -9.14248
13.375 -21.7766 -8.89725
13.38 -21.8606 -8.65109
13.385 -21.9425 -8.40404
13.39 -22.0222 -8.15612
13.395 -22.0997 -7.90735
13.4 -22.175 -7.65777
13.405 -22.2481 -7.40738
13.41 -22.3191 -7.15623
13.415 -22.3878 -6.90432
13.42 -22.4543 -6.6517
13.425 -22.5186 -6.39838
13.43 -22.5807 -6.14438
13.435 -22.6405 -5.88974
13.44 -22.6982 -5.63447
13.445 -22.7535 -5.37861
13.45 -22.8066 -5.12218
13.455 -22.8575 -4.8652
13.46 -22.9061 -4.6077
13.465 -22.9524 -4.3497
13.47 -22.9964 -4.09124
13.475 -23.0382 -3.83232
13.48 -23.0777 -3.573
13.485 -23.1149 -3.31327
13.49 -23.1498 -3.05318
13.495 -23.1824 -2.79275
13.5 -23.2127 -2.53201
13.505 -23.2407 -2.27097
13.51 -23.2663 -2.00967
13.515 -23.2897 -1.74813
13.52 -23.3107 -1.48691
