0 0 0
0.08 4.33334e-61 -1.97749e-66
0.16 1.93513e-56 -1.9525e-61
0.24 7.37028e-53 -2.11657e-57
0.32 6.84549e-50 -2.22535e-54
0.28 6.14341e-51 -3.39258e-55
0.32 3.1334e-49 -2.20383e-53
0.3 5.4039e-50 -3.87166e-54
0.29 1.88659e-50 -1.23891e-54
0.3 5.57274e-50 -4.27098e-54
0.31 1.58875e-49 -1.39962e-53
0.32 4.38174e-49 -4.38289e-53
0.33 1.17145e-48 -1.31706e-52
0.34 3.04147e-48 -3.81111e-52
0.35 7.6818e-48 -1.06507e-51
0.36 1.89029e-47 -2.88196e-51
0.37 4.53837e-47 -7.56721e-51
0.38 1.06449e-46 -1.93184e-50
0.39 2.44217e-46 -4.80337e-50
0.4 5.48643e-46 -1.16504e-49
0.41 1.20818e-45 -2.76035e-49
0.42 2.61044e-45 -6.39696e-49
0.43 5.53895e-45 -1.45169e-48
0.44 1.15513e-44 -3.22948e-48
0.45 2.36953e-44 -7.04975e-48
0.46 4.78448e-44 -1.51145e-47
0.47 9.51574e-44 -3.18533e-47
0.48 1.86535e-43 -6.60383e-47
0.49 3.60619e-43 -1.34782e-46
0.5 6.87939e-43 -2.70993e-46
0.51 1.29566e-42 -5.37089e-46
0.52 2.41041e-42 -1.04991e-45
0.53 4.43147e-42 -2.02543e-45
0.54 8.05486e-42 -3.85805e-45
0.55 1.4481e-41 -7.25963e-45
0.56 2.576e-41 -1.35007e-44
0.57 4.53585e-41 -2.48247e-44
0.58 7.90845e-41 -4.51518e-44
0.59 1.36581e-40 -8.12635e-44
0.6 2.33719e-40 -1.44779e-43
0.61 3.96401e-40 -2.55422e-43
0.62 6.66559e-40 -4.46368e-43
0.63 1.11153e-39 -7.72943e-43
0.64 1.83867e-39 -1.32663e-42
0.65 3.01777e-39 -2.25749e-42
0.66 4.91561e-39 -3.80967e-42
0.67 7.94831e-39 -6.3775e-42
0.68 1.27606e-38 -1.0593e-41
0.69 2.03452e-38 -1.7462e-41
0.7 3.22201e-38 -2.85742e-41
0.71 5.06936e-38 -4.64248e-41
0.72 7.92534e-38 -7.49052e-41
0.73 1.2314e-37 -1.20045e-40
0.74 1.90181e-37 -1.91129e-40
0.75 2.92008e-37 -3.0237e-40
0.76 4.45808e-37 -4.75395e-40
0.77 6.76846e-37 -7.42926e-40
0.78 1.02208e-36 -1.1542e-39
0.79 1.53529e-36 -1.7829e-39
0.8 2.29439e-36 -2.7387e-39
0.81 3.41167e-36 -4.18406e-39
0.82 5.04829e-36 -6.35835e-39
0.83 7.43448e-36 -9.61261e-39
0.84 1.08977e-35 -1.44591e-38
0.85 1.59018e-35 -2.16422e-38
0.86 2.3101e-35 -3.22379e-38
0.87 3.34143e-35 -4.77957e-38
0.88 4.81274e-35 -7.05365e-38
0.89 6.90326e-35 -1.03631e-37
0.9 9.86182e-35 -1.51585e-37
0.91 1.40327e-34 -2.2078e-37
0.92 1.98902e-34 -3.20213e-37
0.93 2.80863e-34 -4.62523e-37
0.94 3.95128e-34 -6.65401e-37
0.95 5.53864e-34 -9.53508e-37
0.96 7.73616e-34 -1.36111e-36
0.97 1.0768e-33 -1.93564e-36
0.98 1.4937e-33 -2.74252e-36
0.99 2.06509e-33 -3.87173e-36
1 2.84574e-33 -5.44654e-36
1.01 3.90891e-33 -7.63532e-36
1.02 5.3524e-33 -1.06673e-35
1.03 7.30639e-33 -1.48536e-35
1.04 9.94356e-33 -2.0615e-35
1.05 1.34925e-32 -2.85196e-35
1.06 1.82548e-32 -3.93308e-35
1.07 2.46275e-32 -5.40729e-35
1.08 3.31319e-32 -7.41153e-35
1.09 4.44505e-32 -1.01284e-34
1.1 5.94747e-32 -1.38009e-34
1.11 7.93661e-32 -1.87509e-34
1.12 1.05634e-31 -2.54047e-34
1.13 1.40237e-31 -3.43242e-34
1.14 1.85707e-31 -4.62493e-34
1.15 2.45312e-31 -6.2151e-34
1.16 3.23263e-31 -8.33008e-34
1.17 4.24966e-31 -1.11359e-33
1.18 5.57356e-31 -1.48492e-33
1.19 7.29305e-31 -1.97511e-33
1.2 9.52138e-31 -2.62067e-33
1.21 1.24028e-30 -3.46885e-33
1.22 1.61208e-30 -4.58063e-33
1.23 2.09082e-30 -6.03461e-33
1.24 2.70597e-30 -7.93184e-33
1.25 3.49478e-30 -1.04019e-32
1.26 4.50426e-30 -1.36109e-32
1.27 5.79358e-30 -1.77708e-32
1.28 7.43711e-30 -2.31519e-32
1.29 9.52814e-30 -3.00984e-32
1.3 1.21835e-29 -3.90471e-32
1.31 1.55493e-29 -5.05521e-32
1.32 1.98077e-29 -6.53139e-32
1.33 2.51858e-29 -8.42176e-32
1.34 3.19658e-29 -1.08378e-31
1.35 4.04984e-29 -1.392e-31
1.36 5.1218e-29 -1.78444e-31
1.37 6.46624e-29 -2.2832e-31
1.38 8.14958e-29 -2.91593e-31
1.39 1.02538e-28 -3.71718e-31
1.4 1.28798e-28 -4.73002e-31
1.41 1.61518e-28 -6.0081e-31
1.42 2.02223e-28 -7.61811e-31
1.43 2.5278e-28 -9.64278e-31
1.44 3.15481e-28 -1.21847e-30
1.45 3.93122e-28 -1.53706e-30
1.46 4.89121e-28 -1.93573e-30
1.47 6.07643e-28 -2.43379e-30
1.48 7.53759e-28 -3.05503e-30
1.49 9.33635e-28 -3.82871e-30
1.5 1.15476e-27 -4.79074e-30
1.51 1.42621e-27 -5.98514e-30
1.52 1.75898e-27 -7.4658e-30
1.53 2.16636e-27 -9.29859e-30
1.54 2.66442e-27 -1.15639e-29
1.55 3.27254e-27 -1.43598e-29
1.56 4.01405e-27 -1.78055e-29
1.57 4.91706e-27 -2.2046e-29
1.58 6.01532e-27 -2.72575e-29
1.59 7.34938e-27 -3.36533e-29
1.6 8.96784e-27 -4.14918e-29
1.61 1.09289e-26 -5.10855e-29
1.62 1.33023e-26 -6.28117e-29
1.63 1.61711e-26 -7.71256e-29
1.64 1.96347e-26 -9.45752e-29
1.65 2.38116e-26 -1.1582e-28
1.66 2.88428e-26 -1.41653e-28
1.67 3.48961e-26 -1.73025e-28
1.68 4.21709e-26 -2.11076e-28
1.69 5.09039e-26 -2.57171e-28
1.7 6.1376e-26 -3.12943e-28
1.71 7.39195e-26 -3.80341e-28
1.72 8.89282e-26 -4.61692e-28
1.73 1.06867e-25 -5.5977e-28
1.74 1.28287e-25 -6.77874e-28
1.75 1.53834e-25 -8.19929e-28
1.76 1.84275e-25 -9.90597e-28
1.77 2.20509e-25 -1.19541e-27
1.78 2.63595e-25 -1.44092e-27
1.79 3.14777e-25 -1.7349e-27
1.8 3.75518e-25 -2.08652e-27
1.81 4.47533e-25 -2.50663e-27
1.82 5.32831e-25 -3.00802e-27
1.83 6.33765e-25 -3.60579e-27
1.84 7.53092e-25 -4.31772e-27
1.85 8.94028e-25 -5.16472e-27
1.86 1.06034e-24 -6.17137e-27
1.87 1.2564e-24 -7.36654e-27
1.88 1.48734e-24 -8.7841e-27
1.89 1.75912e-24 -1.04637e-26
1.9 2.07866e-24 -1.24519e-26
1.91 2.45405e-24 -1.4803e-26
1.92 2.89465e-24 -1.75806e-26
1.93 3.41136e-24 -2.08588e-26
1.94 4.01679e-24 -2.47241e-26
1.95 4.72559e-24 -2.92773e-26
1.96 5.55473e-24 -3.4636e-26
1.97 6.52382e-24 -4.09365e-26
1.98 7.65558e-24 -4.83377e-26
1.99 8.97623e-24 -5.70238e-26
2 1.05161e-23 -6.72087e-26
2.01 1.231e-23 -7.91401e-26
2.02 1.43985e-23 -9.31051e-26
2.03 1.68278e-23 -1.09436e-25
2.04 1.96515e-23 -1.28516e-25
2.05 2.2931e-23 -1.5079e-25
2.06 2.67372e-23 -1.76769e-25
2.07 3.11512e-23 -2.07043e-25
2.08 3.62664e-23 -2.42294e-25
2.09 4.21898e-23 -2.83303e-25
2.1 4.9044e-23 -3.30972e-25
2.11 5.69697e-23 -3.86337e-25
2.12 6.61278e-23 -4.50587e-25
2.13 7.67025e-23 -5.25086e-25
2.14 8.89043e-23 -6.11401e-25
2.15 1.02974e-22 -7.11324e-25
2.16 1.19186e-22 -8.26908e-25
2.17 1.37854e-22 -9.60502e-25
2.18 1.59335e-22 -1.11479e-24
2.19 1.84038e-22 -1.29284e-24
2.2 2.12426e-22 -1.49815e-24
2.21 2.45027e-22 -1.73472e-24
2.22 2.82443e-22 -2.00708e-24
2.23 3.25356e-22 -2.32043e-24
2.24 3.74543e-22 -2.68066e-24
2.25 4.30886e-22 -3.09446e-24
2.26 4.95385e-22 -3.56947e-24
2.27 5.69174e-22 -4.11432e-24
2.28 6.5354e-22 -4.73882e-24
2.29 7.49939e-22 -5.45411e-24
2.3 8.6002e-22 -6.27279e-24
2.31 9.8565e-22 -7.20912e-24
2.32 1.12894e-21 -8.27925e-24
2.33 1.29227e-21 -9.50144e-24
2.34 1.47835e-21 -1.08963e-23
2.35 1.6902e-21 -1.24871e-23
2.36 1.93127e-21 -1.43002e-23
2.37 2.20542e-21 -1.63651e-23
2.38 2.51702e-21 -1.87152e-23
2.39 2.87099e-21 -2.13881e-23
2.4 3.27286e-21 -2.44261e-23
2.41 3.72885e-21 -2.78767e-23
2.42 4.24598e-21 -3.17932e-23
2.43 4.83211e-21 -3.62358e-23
2.44 5.4961e-21 -4.12716e-23
2.45 6.24789e-21 -4.69762e-23
2.46 7.09863e-21 -5.34341e-23
2.47 8.06084e-21 -6.07402e-23
2.48 9.14854e-21 -6.90003e-23
2.49 1.03775e-20 -7.83332e-23
2.5 1.17652e-20 -8.88714e-23
2.51 1.33316e-20 -1.00763e-22
2.52 1.50986e-20 -1.14173e-22
2.53 1.7091e-20 -1.29287e-22
2.54 1.93363e-20 -1.46309e-22
2.55 2.18654e-20 -1.6547e-22
2.56 2.47129e-20 -1.87024e-22
2.57 2.79171e-20 -2.11256e-22
2.58 3.15211e-20 -2.3848e-22
2.59 3.55727e-20 -2.6905e-22
2.6 4.01255e-20 -3.03369e-22
2.61 4.52388e-20 -3.41925e-22
2.62 5.09792e-20 -3.85219e-22
2.63 5.74203e-20 -4.33811e-22
2.64 6.46445e-20 -4.88318e-22
2.65 7.27431e-20 -5.49432e-22
2.66 8.18179e-20 -6.17919e-22
2.67 9.19819e-20 -6.94632e-22
2.68 1.03361e-19 -7.80521e-22
2.69 1.16094e-19 -8.76636e-22
2.7 1.30336e-19 -9.84147e-22
2.71 1.46259e-19 -1.10435e-21
2.72 1.64054e-19 -1.23869e-21
2.73 1.83932e-19 -1.38875e-21
2.74 2.06127e-19 -1.55631e-21
2.75 2.30899e-19 -1.74333e-21
2.76 2.58535e-19 -1.95197e-21
2.77 2.89353e-19 -2.18463e-21
2.78 3.23705e-19 -2.44398e-21
2.79 3.61981e-19 -2.73295e-21
2.8 4.0461e-19 -3.0548e-21
2.81 4.5207e-19 -3.4131e-21
2.82 5.04885e-19 -3.81184e-21
2.83 5.63635e-19 -4.2554e-21
2.84 6.28963e-19 -4.74861e-21
2.85 7.01574e-19 -5.29682e-21
2.86 7.8225e-19 -5.90591e-21
2.87 8.7185e-19 -6.58237e-21
2.88 9.71323e-19 -7.33338e-21
2.89 1.08171e-18 -8.16681e-21
2.9 1.20417e-18 -9.09136e-21
2.91 1.33997e-18 -1.01166e-20
2.92 1.49049e-18 -1.12531e-20
2.93 1.65729e-18 -1.25123e-20
2.94 1.84204e-18 -1.39071e-20
2.95 2.04659e-18 -1.54515e-20
2.96 2.273e-18 -1.71609e-20
2.97 2.52351e-18 -1.90522e-20
2.98 2.80057e-18 -2.11439e-20
2.99 3.10689e-18 -2.34566e-20
3 3.44543e-18 -2.60126e-20
3.01 3.81947e-18 -2.88365e-20
3.02 4.23256e-18 -3.19553e-20
3.03 4.68863e-18 -3.53986e-20
3.04 5.19197e-18 -3.91987e-20
3.05 5.74728e-18 -4.33912e-20
3.06 6.35972e-18 -4.80151e-20
3.07 7.03494e-18 -5.31129e-20
3.08 7.77911e-18 -5.87313e-20
3.09 8.59901e-18 -6.49214e-20
3.1 9.50202e-18 -7.1739e-20
3.11 1.04962e-17 -7.92453e-20
3.12 1.15905e-17 -8.7507e-20
3.13 1.27946e-17 -9.65973e-20
3.14 1.41189e-17 -1.06596e-19
3.15 1.55751e-17 -1.1759e-19
3.16 1.71757e-17 -1.29674e-19
3.17 1.89345e-17 -1.42953e-19
3.18 2.08666e-17 -1.5754e-19
3.19 2.29884e-17 -1.73559e-19
3.2 2.53176e-17 -1.91145e-19
3.21 2.78738e-17 -2.10444e-19
3.22 3.06783e-17 -2.31617e-19
3.23 3.37542e-17 -2.5484e-19
3.24 3.71267e-17 -2.80302e-19
3.25 4.08234e-17 -3.08211e-19
3.26 4.4874e-17 -3.38793e-19
3.27 4.93113e-17 -3.72294e-19
3.28 5.41706e-17 -4.08981e-19
3.29 5.94904e-17 -4.49145e-19
3.3 6.53128e-17 -4.93103e-19
3.31 7.16833e-17 -5.412e-19
3.32 7.86515e-17 -5.93809e-19
3.33 8.62712e-17 -6.51336e-19
3.34 9.46009e-17 -7.14225e-19
3.35 1.03704e-16 -7.82954e-19
3.36 1.1365e-16 -8.58044e-19
3.37 1.24514e-16 -9.40062e-19
3.38 1.36376e-16 -1.02962e-18
3.39 1.49325e-16 -1.12739e-18
3.4 1.63457e-16 -1.23408e-18
3.41 1.78876e-16 -1.35049e-18
3.42 1.95694e-16 -1.47746e-18
3.43 2.14032e-16 -1.61591e-18
3.44 2.34024e-16 -1.76685e-18
3.45 2.55811e-16 -1.93134e-18
3.46 2.7955e-16 -2.11057e-18
3.47 3.05408e-16 -2.30579e-18
3.48 3.33567e-16 -2.51839e-18
3.49 3.64223e-16 -2.74984e-18
3.5 3.9759e-16 -3.00175e-18
3.51 4.33897e-16 -3.27587e-18
3.52 4.73393e-16 -3.57406e-18
3.53 5.16348e-16 -3.89836e-18
3.54 5.63053e-16 -4.25098e-18
3.55 6.13821e-16 -4.63427e-18
3.56 6.68993e-16 -5.05081e-18
3.57 7.28935e-16 -5.50337e-18
3.58 7.94045e-16 -5.99494e-18
3.59 8.64749e-16 -6.52874e-18
3.6 9.4151e-16 -7.10828e-18
3.61 1.02483e-15 -7.7373e-18
3.62 1.11523e-15 -8.41988e-18
3.63 1.21332e-15 -9.16038e-18
3.64 1.3197e-15 -9.96354e-18
3.65 1.43505e-15 -1.08345e-17
3.66 1.56011e-15 -1.17786e-17
3.67 1.69565e-15 -1.28019e-17
3.68 1.84251e-15 -1.39108e-17
3.69 2.00162e-15 -1.5112e-17
3.7 2.17395e-15 -1.6413e-17
3.71 2.36055e-15 -1.78219e-17
3.72 2.56256e-15 -1.9347e-17
3.73 2.78121e-15 -2.09978e-17
3.74 3.0178e-15 -2.2784e-17
3.75 3.27376e-15 -2.47165e-17
3.76 3.55061e-15 -2.68067e-17
3.77 3.84999e-15 -2.90669e-17
3.78 4.17365e-15 -3.15105e-17
3.79 4.52349e-15 -3.41518e-17
3.8 4.90156e-15 -3.70061e-17
3.81 5.31002e-15 -4.009e-17
3.82 5.75124e-15 -4.34211e-17
3.83 6.22773e-15 -4.70186e-17
3.84 6.74222e-15 -5.09029e-17
3.85 7.2976e-15 -5.50959e-17
3.86 7.897e-15 -5.96213e-17
3.87 8.54378e-15 -6.45044e-17
3.88 9.24153e-15 -6.97724e-17
3.89 9.99412e-15 -7.54543e-17
3.9 1.08057e-14 -8.15815e-17
3.91 1.16807e-14 -8.81875e-17
3.92 1.26238e-14 -9.53083e-17
3.93 1.36403e-14 -1.02984e-16
3.94 1.47355e-14 -1.11275e-16
3.95 1.59153e-14 -1.2024e-16
3.96 1.71861e-14 -1.29931e-16
3.97 1.85545e-14 -1.40407e-16
3.98 2.00277e-14 -1.51729e-16
3.99 2.16135e-14 -1.63965e-16
4 2.33202e-14 -1.77186e-16
4.01 2.51565e-14 -1.91471e-16
4.02 2.7132e-14 -2.06903e-16
4.03 2.92568e-14 -2.23573e-16
4.04 3.15417e-14 -2.4158e-16
4.05 3.39984e-14 -2.61028e-16
4.06 3.66392e-14 -2.8203e-16
4.07 3.94775e-14 -3.0471e-16
4.08 4.25273e-14 -3.29199e-16
4.09 4.58039e-14 -3.55639e-16
4.1 4.93235e-14 -3.84184e-16
4.11 5.31033e-14 -4.14997e-16
4.12 5.71619e-14 -4.48256e-16
4.13 6.15191e-14 -4.84152e-16
4.14 6.61959e-14 -5.22891e-16
4.15 7.12148e-14 -5.64694e-16
4.16 7.66001e-14 -6.09799e-16
4.17 8.23772e-14 -6.58461e-16
4.18 8.85737e-14 -7.10956e-16
4.19 9.52187e-14 -7.6758e-16
4.2 1.02344e-13 -8.28651e-16
4.21 1.09982e-13 -8.94511e-16
4.22 1.18168e-13 -9.65529e-16
4.23 1.26941e-13 -1.0421e-15
4.24 1.36341e-13 -1.12464e-15
4.25 1.46411e-13 -1.21362e-15
4.26 1.57196e-13 -1.30952e-15
4.27 1.68747e-13 -1.41287e-15
4.28 1.81114e-13 -1.52423e-15
4.29 1.94353e-13 -1.64421e-15
4.3 2.08524e-13 -1.77346e-15
4.31 2.23689e-13 -1.91267e-15
4.32 2.39915e-13 -2.0626e-15
4.33 2.57275e-13 -2.22404e-15
4.34 2.75843e-13 -2.39786e-15
4.35 2.95701e-13 -2.58497e-15
4.36 3.16935e-13 -2.78637e-15
4.37 3.39636e-13 -3.00311e-15
4.38 3.63902e-13 -3.23633e-15
4.39 3.89837e-13 -3.48724e-15
4.4 4.1755e-13 -3.75715e-15
4.41 4.47159e-13 -4.04744e-15
4.42 4.78789e-13 -4.35961e-15
4.43 5.12572e-13 -4.69526e-15
4.44 5.48649e-13 -5.05608e-15
4.45 5.8717e-13 -5.4439e-15
4.46 6.28293e-13 -5.86069e-15
4.47 6.72188e-13 -6.30852e-15
4.48 7.19033e-13 -6.78963e-15
4.49 7.69021e-13 -7.3064e-15
4.5 8.22352e-13 -7.86139e-15
4.51 8.79243e-13 -8.45731e-15
4.52 9.3992e-13 -9.09708e-15
4.53 1.00463e-12 -9.78381e-15
4.54 1.07362e-12 -1.05208e-14
4.55 1.14717e-12 -1.13116e-14
4.56 1.22557e-12 -1.216e-14
4.57 1.30913e-12 -1.307e-14
4.58 1.39817e-12 -1.4046e-14
4.59 1.49303e-12 -1.50924e-14
4.6 1.59409e-12 -1.62143e-14
4.61 1.70173e-12 -1.74168e-14
4.62 1.81636e-12 -1.87054e-14
4.63 1.93842e-12 -2.00862e-14
4.64 2.06837e-12 -2.15653e-14
4.65 2.20671e-12 -2.31496e-14
4.66 2.35394e-12 -2.48462e-14
4.67 2.51063e-12 -2.66627e-14
4.68 2.67735e-12 -2.86073e-14
4.69 2.85472e-12 -3.06885e-14
4.7 3.04339e-12 -3.29156e-14
4.71 3.24406e-12 -3.52984e-14
4.72 3.45745e-12 -3.78472e-14
4.73 3.68435e-12 -4.05731e-14
4.74 3.92558e-12 -4.34879e-14
4.75 4.18199e-12 -4.66041e-14
4.76 4.45452e-12 -4.99349e-14
4.77 4.74413e-12 -5.34945e-14
4.78 5.05185e-12 -5.7298e-14
4.79 5.37876e-12 -6.13612e-14
4.8 5.72602e-12 -6.5701e-14
4.81 6.09485e-12 -7.03355e-14
4.82 6.48652e-12 -7.52837e-14
4.83 6.9024e-12 -8.05659e-14
4.84 7.34393e-12 -8.62036e-14
4.85 7.81261e-12 -9.22195e-14
4.86 8.31006e-12 -9.86379e-14
4.87 8.83797e-12 -1.05484e-13
4.88 9.39813e-12 -1.12786e-13
4.89 9.99243e-12 -1.20572e-13
4.9 1.06229e-11 -1.28873e-13
4.91 1.12915e-11 -1.37721e-13
4.92 1.20007e-11 -1.4715e-13
4.93 1.27527e-11 -1.57197e-13
4.94 1.35499e-11 -1.679e-13
4.95 1.43951e-11 -1.79301e-13
4.96 1.5291e-11 -1.91442e-13
4.97 1.62405e-11 -2.04368e-13
4.98 1.72467e-11 -2.1813e-13
4.99 1.83128e-11 -2.32777e-13
5 1.94422e-11 -2.48364e-13
5.01 2.06386e-11 -2.64948e-13
5.02 2.19058e-11 -2.8259e-13
5.03 2.32478e-11 -3.01354e-13
5.04 2.46688e-11 -3.21307e-13
5.05 2.61733e-11 -3.42522e-13
5.06 2.77659e-11 -3.65075e-13
5.07 2.94517e-11 -3.89045e-13
5.08 3.12359e-11 -4.14516e-13
5.09 3.3124e-11 -4.41579e-13
5.1 3.51217e-11 -4.70328e-13
5.11 3.72352e-11 -5.00862e-13
5.12 3.9471e-11 -5.33287e-13
5.13 4.18357e-11 -5.67714e-13
5.14 4.43366e-11 -6.04261e-13
5.15 4.69811e-11 -6.4305e-13
5.16 4.97772e-11 -6.84213e-13
5.17 5.27332e-11 -7.27888e-13
5.18 5.58579e-11 -7.7422e-13
5.19 5.91604e-11 -8.23363e-13
5.2 6.26505e-11 -8.75479e-13
5.21 6.63384e-11 -9.30737e-13
5.22 7.02349e-11 -9.89318e-13
5.23 7.43512e-11 -1.05141e-12
5.24 7.86993e-11 -1.11722e-12
5.25 8.32916e-11 -1.18695e-12
5.26 8.81413e-11 -1.26082e-12
5.27 9.32622e-11 -1.33908e-12
5.28 9.86689e-11 -1.42195e-12
5.29 1.04377e-10 -1.50972e-12
5.3 1.10402e-10 -1.60264e-12
5.31 1.1676e-10 -1.701e-12
5.32 1.23471e-10 -1.80511e-12
5.33 1.30552e-10 -1.91529e-12
5.34 1.38023e-10 -2.03187e-12
5.35 1.45904e-10 -2.15521e-12
5.36 1.54218e-10 -2.28567e-12
5.37 1.62986e-10 -2.42364e-12
5.38 1.72233e-10 -2.56954e-12
5.39 1.81984e-10 -2.7238e-12
5.4 1.92264e-10 -2.88687e-12
5.41 2.03103e-10 -3.05924e-12
5.42 2.14527e-10 -3.24139e-12
5.43 2.26569e-10 -3.43387e-12
5.44 2.3926e-10 -3.63722e-12
5.45 2.52633e-10 -3.85202e-12
5.46 2.66723e-10 -4.0789e-12
5.47 2.81567e-10 -4.31848e-12
5.48 2.97205e-10 -4.57146e-12
5.49 3.13676e-10 -4.83853e-12
5.5 3.31023e-10 -5.12044e-12
5.51 3.4929e-10 -5.41798e-12
5.52 3.68525e-10 -5.73197e-12
5.53 3.88777e-10 -6.06326e-12
5.54 4.10096e-10 -6.41277e-12
5.55 4.32537e-10 -6.78144e-12
5.56 4.56157e-10 -7.17027e-12
5.57 4.81013e-10 -7.58031e-12
5.58 5.0717e-10 -8.01265e-12
5.59 5.34691e-10 -8.46844e-12
5.6 5.63644e-10 -8.94889e-12
5.61 5.94101e-10 -9.45526e-12
5.62 6.26137e-10 -9.98889e-12
5.63 6.59831e-10 -1.05512e-11
5.64 6.95263e-10 -1.11435e-11
5.65 7.3252e-10 -1.17675e-11
5.66 7.71692e-10 -1.24248e-11
5.67 8.12873e-10 -1.31169e-11
5.68 8.56161e-10 -1.38457e-11
5.69 9.0166e-10 -1.46131e-11
5.7 9.49478e-10 -1.54208e-11
5.71 9.99727e-10 -1.62711e-11
5.72 1.05253e-09 -1.71659e-11
5.73 1.108e-09 -1.81075e-11
5.74 1.16628e-09 -1.90983e-11
5.75 1.22749e-09 -2.01406e-11
5.76 1.29178e-09 -2.1237e-11
5.77 1.35931e-09 -2.23902e-11
5.78 1.43021e-09 -2.36029e-11
5.79 1.50467e-09 -2.48781e-11
5.8 1.58283e-09 -2.62189e-11
5.81 1.66489e-09 -2.76283e-11
5.82 1.75103e-09 -2.91098e-11
5.83 1.84144e-09 -3.06669e-11
5.84 1.93632e-09 -3.23032e-11
5.85 2.03589e-09 -3.40225e-11
5.86 2.14036e-09 -3.58289e-11
5.87 2.24997e-09 -3.77265e-11
5.88 2.36496e-09 -3.97196e-11
5.89 2.48558e-09 -4.1813e-11
5.9 2.61209e-09 -4.40112e-11
5.91 2.74477e-09 -4.63194e-11
5.92 2.88391e-09 -4.87428e-11
5.93 3.02981e-09 -5.12867e-11
5.94 3.18277e-09 -5.39569e-11
5.95 3.34314e-09 -5.67594e-11
5.96 3.51124e-09 -5.97003e-11
5.97 3.68744e-09 -6.27861e-11
5.98 3.87211e-09 -6.60237e-11
5.99 4.06563e-09 -6.94201e-11
6 4.26842e-09 -7.29827e-11
6.01 4.48089e-09 -7.67192e-11
6.02 4.70349e-09 -8.06376e-11
6.03 4.93668e-09 -8.47465e-11
6.04 5.18094e-09 -8.90545e-11
6.05 5.43678e-09 -9.35708e-11
6.06 5.7047e-09 -9.8305e-11
6.07 5.98527e-09 -1.03267e-10
6.08 6.27905e-09 -1.08467e-10
6.09 6.58663e-09 -1.13917e-10
6.1 6.90863e-09 -1.19627e-10
6.11 7.2457e-09 -1.25609e-10
6.12 7.59851e-09 -1.31876e-10
6.13 7.96776e-09 -1.3844e-10
6.14 8.35419e-09 -1.45315e-10
6.15 8.75855e-09 -1.52515e-10
6.16 9.18164e-09 -1.60054e-10
6.17 9.62428e-09 -1.67948e-10
6.18 1.00873e-08 -1.76212e-10
6.19 1.05717e-08 -1.84863e-10
6.2 1.10784e-08 -1.93918e-10
6.21 1.16082e-08 -2.03395e-10
6.22 1.21623e-08 -2.13313e-10
6.23 1.27418e-08 -2.23691e-10
6.24 1.33476e-08 -2.34549e-10
6.25 1.3981e-08 -2.45908e-10
6.26 1.46431e-08 -2.57791e-10
6.27 1.53352e-08 -2.7022e-10
6.28 1.60586e-08 -2.8322e-10
6.29 1.68146e-08 -2.96814e-10
6.3 1.76047e-08 -3.11029e-10
6.31 1.84302e-08 -3.25892e-10
6.32 1.92928e-08 -3.41431e-10
6.33 2.0194e-08 -3.57674e-10
6.34 2.11354e-08 -3.74653e-10
6.35 2.21188e-08 -3.92398e-10
6.36 2.3146e-08 -4.10943e-10
6.37 2.42187e-08 -4.30322e-10
6.38 2.5339e-08 -4.5057e-10
6.39 2.65087e-08 -4.71725e-10
6.4 2.77301e-08 -4.93825e-10
6.41 2.90053e-08 -5.16909e-10
6.42 3.03366e-08 -5.4102e-10
6.43 3.17262e-08 -5.66202e-10
6.44 3.31766e-08 -5.92498e-10
6.45 3.46904e-08 -6.19956e-10
6.46 3.62703e-08 -6.48625e-10
6.47 3.79188e-08 -6.78555e-10
6.48 3.96389e-08 -7.09799e-10
6.49 4.14336e-08 -7.42411e-10
6.5 4.33059e-08 -7.76449e-10
6.51 4.52591e-08 -8.11971e-10
6.52 4.72964e-08 -8.4904e-10
6.53 4.94212e-08 -8.87718e-10
6.54 5.16373e-08 -9.28073e-10
6.55 5.39482e-08 -9.70172e-10
6.56 5.63579e-08 -1.01409e-09
6.57 5.88704e-08 -1.0599e-09
6.58 6.14899e-08 -1.10767e-09
6.59 6.42206e-08 -1.15749e-09
6.6 6.70671e-08 -1.20945e-09
6.61 7.00341e-08 -1.26362e-09
6.62 7.31264e-08 -1.32011e-09
6.63 7.6349e-08 -1.37899e-09
6.64 7.97072e-08 -1.44037e-09
6.65 8.32064e-08 -1.50435e-09
6.66 8.68522e-08 -1.57103e-09
6.67 9.06505e-08 -1.64053e-09
6.68 9.46073e-08 -1.71295e-09
6.69 9.87289e-08 -1.7884e-09
6.7 1.03022e-07 -1.86702e-09
6.71 1.07493e-07 -1.94893e-09
6.72 1.12149e-07 -2.03425e-09
6.73 1.16998e-07 -2.12313e-09
6.74 1.22046e-07 -2.2157e-09
6.75 1.27303e-07 -2.31211e-09
6.76 1.32775e-07 -2.4125e-09
6.77 1.38472e-07 -2.51704e-09
6.78 1.44402e-07 -2.62589e-09
6.79 1.50574e-07 -2.73922e-09
6.8 1.56998e-07 -2.85719e-09
6.81 1.63683e-07 -2.98e-09
6.82 1.7064e-07 -3.10782e-09
6.83 1.77878e-07 -3.24086e-09
6.84 1.8541e-07 -3.37931e-09
6.85 1.93245e-07 -3.52339e-09
6.86 2.01396e-07 -3.6733e-09
6.87 2.09874e-07 -3.82928e-09
6.88 2.18693e-07 -3.99156e-09
6.89 2.27865e-07 -4.16037e-09
6.9 2.37404e-07 -4.33597e-09
6.91 2.47324e-07 -4.51862e-09
6.92 2.57638e-07 -4.70858e-09
6.93 2.68362e-07 -4.90612e-09
6.94 2.79512e-07 -5.11155e-09
6.95 2.91103e-07 -5.32515e-09
6.96 3.03152e-07 -5.54723e-09
6.97 3.15676e-07 -5.77812e-09
6.98 3.28693e-07 -6.01814e-09
6.99 3.42221e-07 -6.26764e-09
7 3.5628e-07 -6.52696e-09
7.01 3.70889e-07 -6.79648e-09
7.02 3.86068e-07 -7.07657e-09
7.03 4.01839e-07 -7.36764e-09
7.04 4.18224e-07 -7.67007e-09
7.05 4.35244e-07 -7.98431e-09
7.06 4.52925e-07 -8.31077e-09
7.07 4.71289e-07 -8.64991e-09
7.08 4.90362e-07 -9.00221e-09
7.09 5.10169e-07 -9.36813e-09
7.1 5.30739e-07 -9.74818e-09
7.11 5.52098e-07 -1.01429e-08
7.12 5.74275e-07 -1.05528e-08
7.13 5.97299e-07 -1.09784e-08
7.14 6.21203e-07 -1.14203e-08
7.15 6.46016e-07 -1.18791e-08
7.16 6.71773e-07 -1.23554e-08
7.17 6.98507e-07 -1.28499e-08
7.18 7.26253e-07 -1.33631e-08
7.19 7.55048e-07 -1.38958e-08
7.2 7.84929e-07 -1.44487e-08
7.21 8.15934e-07 -1.50224e-08
7.22 8.48105e-07 -1.56178e-08
7.23 8.81482e-07 -1.62356e-08
7.24 9.16108e-07 -1.68766e-08
7.25 9.52028e-07 -1.75416e-08
7.26 9.89287e-07 -1.82315e-08
7.27 1.02793e-06 -1.89471e-08
7.28 1.06801e-06 -1.96895e-08
7.29 1.10958e-06 -2.04594e-08
7.3 1.15268e-06 -2.12578e-08
7.31 1.19738e-06 -2.20859e-08
7.32 1.24372e-06 -2.29446e-08
7.33 1.29177e-06 -2.38349e-08
7.34 1.34159e-06 -2.4758e-08
7.35 1.39322e-06 -2.57151e-08
7.36 1.44675e-06 -2.67073e-08
7.37 1.50223e-06 -2.77357e-08
7.38 1.55973e-06 -2.88018e-08
7.39 1.61933e-06 -2.99067e-08
7.4 1.68109e-06 -3.10518e-08
7.41 1.74508e-06 -3.22385e-08
7.42 1.81139e-06 -3.34683e-08
7.43 1.88009e-06 -3.47425e-08
7.44 1.95126e-06 -3.60627e-08
7.45 2.025e-06 -3.74305e-08
7.46 2.10138e-06 -3.88475e-08
7.47 2.18049e-06 -4.03154e-08
7.48 2.26244e-06 -4.18359e-08
7.49 2.3473e-06 -4.34107e-08
7.5 2.43519e-06 -4.50417e-08
7.51 2.5262e-06 -4.67309e-08
7.52 2.62044e-06 -4.848e-08
7.53 2.71802e-06 -5.02913e-08
7.54 2.81905e-06 -5.21666e-08
7.55 2.92364e-06 -5.41083e-08
7.56 3.03191e-06 -5.61184e-08
7.57 3.14398e-06 -5.81993e-08
7.58 3.25999e-06 -6.03533e-08
7.59 3.38005e-06 -6.25829e-08
7.6 3.50431e-06 -6.48905e-08
7.61 3.63291e-06 -6.72787e-08
7.62 3.76598e-06 -6.97502e-08
7.63 3.90367e-06 -7.23077e-08
7.64 4.04613e-06 -7.4954e-08
7.65 4.19353e-06 -7.76921e-08
7.66 4.34601e-06 -8.05249e-08
7.67 4.50376e-06 -8.34555e-08
7.68 4.66692e-06 -8.64871e-08
7.69 4.8357e-06 -8.96229e-08
7.7 5.01026e-06 -9.28665e-08
7.71 5.19079e-06 -9.62212e-08
7.72 5.37748e-06 -9.96906e-08
7.73 5.57054e-06 -1.03278e-07
7.74 5.77016e-06 -1.06988e-07
7.75 5.97656e-06 -1.10825e-07
7.76 6.18996e-06 -1.14791e-07
7.77 6.41057e-06 -1.18892e-07
7.78 6.63864e-06 -1.23131e-07
7.79 6.87438e-06 -1.27514e-07
7.8 7.11806e-06 -1.32044e-07
7.81 7.36991e-06 -1.36726e-07
7.82 7.6302e-06 -1.41565e-07
7.83 7.8992e-06 -1.46567e-07
7.84 8.17717e-06 -1.51735e-07
7.85 8.4644e-06 -1.57076e-07
7.86 8.76118e-06 -1.62595e-07
7.87 9.06782e-06 -1.68297e-07
7.88 9.3846e-06 -1.74188e-07
7.89 9.71187e-06 -1.80274e-07
7.9 1.00499e-05 -1.86561e-07
7.91 1.03991e-05 -1.93056e-07
7.92 1.07598e-05 -1.99764e-07
7.93 1.11323e-05 -2.06693e-07
7.94 1.1517e-05 -2.13848e-07
7.95 1.19143e-05 -2.21238e-07
7.96 1.23245e-05 -2.28869e-07
7.97 1.27481e-05 -2.36749e-07
7.98 1.31855e-05 -2.44885e-07
7.99 1.3637e-05 -2.53286e-07
8 1.41032e-05 -2.61958e-07
8.01 1.45844e-05 -2.70912e-07
8.02 1.50812e-05 -2.80154e-07
8.03 1.55939e-05 -2.89694e-07
8.04 1.61231e-05 -2.99541e-07
8.05 1.66693e-05 -3.09704e-07
8.06 1.7233e-05 -3.20192e-07
8.07 1.78147e-05 -3.31016e-07
8.08 1.84149e-05 -3.42185e-07
8.09 1.90343e-05 -3.53711e-07
8.1 1.96733e-05 -3.65602e-07
8.11 2.03325e-05 -3.77871e-07
8.12 2.10127e-05 -3.90528e-07
8.13 2.17143e-05 -4.03586e-07
8.14 2.2438e-05 -4.17055e-07
8.15 2.31845e-05 -4.30949e-07
8.16 2.39545e-05 -4.45279e-07
8.17 2.47485e-05 -4.60059e-07
8.18 2.55675e-05 -4.75302e-07
8.19 2.6412e-05 -4.91021e-07
8.2 2.72828e-05 -5.0723e-07
8.21 2.81807e-05 -5.23944e-07
8.22 2.91065e-05 -5.41177e-07
8.23 3.00609e-05 -5.58944e-07
8.24 3.10449e-05 -5.77262e-07
8.25 3.20593e-05 -5.96145e-07
8.26 3.3105e-05 -6.15611e-07
8.27 3.41828e-05 -6.35675e-07
8.28 3.52936e-05 -6.56356e-07
8.29 3.64385e-05 -6.77671e-07
8.3 3.76185e-05 -6.99638e-07
8.31 3.88344e-05 -7.22276e-07
8.32 4.00874e-05 -7.45604e-07
8.33 4.13785e-05 -7.69641e-07
8.34 4.27087e-05 -7.94409e-07
8.35 4.40793e-05 -8.19927e-07
8.36 4.54912e-05 -8.46217e-07
8.37 4.69458e-05 -8.73301e-07
8.38 4.84442e-05 -9.01201e-07
8.39 4.99877e-05 -9.29939e-07
8.4 5.15774e-05 -9.59541e-07
8.41 5.32147e-05 -9.90029e-07
8.42 5.4901e-05 -1.02143e-06
8.43 5.66376e-05 -1.05377e-06
8.44 5.84259e-05 -1.08707e-06
8.45 6.02673e-05 -1.12136e-06
8.46 6.21633e-05 -1.15667e-06
8.47 6.41155e-05 -1.19302e-06
8.48 6.61254e-05 -1.23045e-06
8.49 6.81945e-05 -1.26898e-06
8.5 7.03245e-05 -1.30865e-06
8.51 7.25171e-05 -1.34948e-06
8.52 7.4774e-05 -1.39151e-06
8.53 7.70969e-05 -1.43477e-06
8.54 7.94877e-05 -1.4793e-06
8.55 8.19482e-05 -1.52512e-06
8.56 8.44802e-05 -1.57228e-06
8.57 8.70859e-05 -1.62081e-06
8.58 8.9767e-05 -1.67074e-06
8.59 9.25257e-05 -1.72212e-06
8.6 9.5364e-05 -1.77499e-06
8.61 9.82842e-05 -1.82937e-06
8.62 0.000101288 -1.88533e-06
8.63 0.000104379 -1.94289e-06
8.64 0.000107558 -2.0021e-06
8.65 0.000110828 -2.063e-06
8.66 0.000114191 -2.12565e-06
8.67 0.00011765 -2.19007e-06
8.68 0.000121207 -2.25633e-06
8.69 0.000124865 -2.32448e-06
8.7 0.000128627 -2.39455e-06
8.71 0.000132496 -2.4666e-06
8.72 0.000136473 -2.54069e-06
8.73 0.000140563 -2.61687e-06
8.74 0.000144767 -2.69518e-06
8.75 0.000149089 -2.7757e-06
8.76 0.000153533 -2.85847e-06
8.77 0.0001581 -2.94355e-06
8.78 0.000162795 -3.031e-06
8.79 0.000167621 -3.1209e-06
8.8 0.00017258 -3.21329e-06
8.81 0.000177678 -3.30824e-06
8.82 0.000182916 -3.40582e-06
8.83 0.000188299 -3.5061e-06
8.84 0.00019383 -3.60914e-06
8.85 0.000199514 -3.71502e-06
8.86 0.000205353 -3.8238e-06
8.87 0.000211353 -3.93557e-06
8.88 0.000217517 -4.0504e-06
8.89 0.000223849 -4.16836e-06
8.9 0.000230354 -4.28954e-06
8.91 0.000237035 -4.41401e-06
8.92 0.000243898 -4.54187e-06
8.93 0.000250947 -4.67318e-06
8.94 0.000258187 -4.80805e-06
8.95 0.000265622 -4.94656e-06
8.96 0.000273257 -5.0888e-06
8.97 0.000281097 -5.23487e-06
8.98 0.000289148 -5.38485e-06
8.99 0.000297414 -5.53886e-06
9 0.000305901 -5.69697e-06
9.01 0.000314614 -5.85931e-06
9.02 0.00032356 -6.02597e-06
9.03 0.000332743 -6.19705e-06
9.04 0.00034217 -6.37268e-06
9.05 0.000351846 -6.55295e-06
9.06 0.000361777 -6.73799e-06
9.07 0.000371971 -6.9279e-06
9.08 0.000382432 -7.12281e-06
9.09 0.000393169 -7.32284e-06
9.1 0.000404186 -7.52811e-06
9.11 0.000415492 -7.73875e-06
9.12 0.000427093 -7.95489e-06
9.13 0.000438996 -8.17666e-06
9.14 0.000451209 -8.4042e-06
9.15 0.000463738 -8.63764e-06
9.16 0.000476592 -8.87713e-06
9.17 0.000489778 -9.12281e-06
9.18 0.000503305 -9.37483e-06
9.19 0.000517179 -9.63334e-06
9.2 0.00053141 -9.89849e-06
9.21 0.000546006 -1.01704e-05
9.22 0.000560976 -1.04493e-05
9.23 0.000576328 -1.07354e-05
9.24 0.000592071 -1.10287e-05
9.25 0.000608215 -1.13295e-05
9.26 0.000624768 -1.16379e-05
9.27 0.000641742 -1.19542e-05
9.28 0.000659144 -1.22784e-05
9.29 0.000676985 -1.26109e-05
9.3 0.000695276 -1.29517e-05
9.31 0.000714027 -1.3301e-05
9.32 0.000733248 -1.36592e-05
9.33 0.000752951 -1.40263e-05
9.34 0.000773146 -1.44026e-05
9.35 0.000793844 -1.47882e-05
9.36 0.000815058 -1.51835e-05
9.37 0.000836798 -1.55886e-05
9.38 0.000859078 -1.60037e-05
9.39 0.000881908 -1.64291e-05
9.4 0.000905303 -1.6865e-05
9.41 0.000929273 -1.73116e-05
9.42 0.000953834 -1.77693e-05
9.43 0.000978997 -1.82381e-05
9.44 0.00100478 -1.87185e-05
9.45 0.00103119 -1.92106e-05
9.46 0.00105824 -1.97147e-05
9.47 0.00108595 -2.0231e-05
9.48 0.00111434 -2.07599e-05
9.49 0.00114341 -2.13017e-05
9.5 0.00117319 -2.18565e-05
9.51 0.00120368 -2.24247e-05
9.52 0.00123492 -2.30067e-05
9.53 0.0012669 -2.36026e-05
9.54 0.00129965 -2.42129e-05
9.55 0.00133318 -2.48377e-05
9.56 0.00136752 -2.54775e-05
9.57 0.00140267 -2.61326e-05
9.58 0.00143866 -2.68032e-05
9.59 0.00147551 -2.74898e-05
9.6 0.00151323 -2.81927e-05
9.61 0.00155185 -2.89122e-05
9.62 0.00159137 -2.96487e-05
9.63 0.00163183 -3.04025e-05
9.64 0.00167324 -3.11741e-05
9.65 0.00171562 -3.19638e-05
9.66 0.00175899 -3.2772e-05
9.67 0.00180337 -3.3599e-05
9.68 0.00184879 -3.44454e-05
9.69 0.00189527 -3.53115e-05
9.7 0.00194283 -3.61977e-05
9.71 0.00199149 -3.71044e-05
9.72 0.00204128 -3.80321e-05
9.73 0.00209221 -3.89812e-05
9.74 0.00214432 -3.99522e-05
9.75 0.00219763 -4.09455e-05
9.76 0.00225215 -4.19616e-05
9.77 0.00230793 -4.30009e-05
9.78 0.00236498 -4.4064e-05
9.79 0.00242334 -4.51513e-05
9.8 0.00248302 -4.62634e-05
9.81 0.00254405 -4.74007e-05
9.82 0.00260647 -4.85638e-05
9.83 0.0026703 -4.97532e-05
9.84 0.00273557 -5.09694e-05
9.85 0.0028023 -5.2213e-05
9.86 0.00287054 -5.34846e-05
9.87 0.00294031 -5.47846e-05
9.88 0.00301164 -5.61137e-05
9.89 0.00308456 -5.74725e-05
9.9 0.0031591 -5.88616e-05
9.91 0.0032353 -6.02816e-05
9.92 0.0033132 -6.1733e-05
9.93 0.00339281 -6.32166e-05
9.94 0.00347419 -6.4733e-05
9.95 0.00355736 -6.62828e-05
9.96 0.00364236 -6.78667e-05
9.97 0.00372922 -6.94853e-05
9.98 0.00381799 -7.11394e-05
9.99 0.0039087 -7.28297e-05
10 0.00400138 -7.45568e-05
10.01 0.00409608 -7.63215e-05
10.02 0.00419284 -7.81246e-05
10.03 0.0042917 -7.99667e-05
10.04 0.00439269 -8.18486e-05
10.05 0.00449586 -8.37711e-05
10.06 0.00460126 -8.57351e-05
10.07 0.00470891 -8.77412e-05
10.08 0.00481888 -8.97903e-05
10.09 0.0049312 -9.18833e-05
10.1 0.00504591 -9.40209e-05
10.11 0.00516307 -9.62041e-05
10.12 0.00528272 -9.84337e-05
10.13 0.00540491 -0.000100711
10.14 0.00552968 -0.000103036
10.15 0.00565708 -0.00010541
10.16 0.00578717 -0.000107834
10.17 0.00592 -0.000110309
10.18 0.00605561 -0.000112836
10.19 0.00619405 -0.000115416
10.2 0.00633539 -0.00011805
10.21 0.00647968 -0.000120738
10.22 0.00662696 -0.000123483
10.23 0.0067773 -0.000126284
10.24 0.00693076 -0.000129144
10.25 0.00708738 -0.000132063
10.26 0.00724723 -0.000135041
10.27 0.00741036 -0.000138081
10.28 0.00757685 -0.000141184
10.29 0.00774674 -0.000144349
10.3 0.0079201 -0.00014758
10.31 0.008097 -0.000150876
10.32 0.00827749 -0.00015424
10.33 0.00846165 -0.000157671
10.34 0.00864953 -0.000161172
10.35 0.00884121 -0.000164744
10.36 0.00903675 -0.000168388
10.37 0.00923622 -0.000172105
10.38 0.00943969 -0.000175897
10.39 0.00964724 -0.000179764
10.4 0.00985893 -0.000183709
10.41 0.0100748 -0.000187732
10.42 0.010295 -0.000191836
10.43 0.0105196 -0.000196021
10.44 0.0107486 -0.000200288
10.45 0.0109822 -0.00020464
10.46 0.0112203 -0.000209078
10.47 0.0114631 -0.000213602
10.48 0.0117107 -0.000218216
10.49 0.0119631 -0.00022292
10.5 0.0122205 -0.000227715
10.51 0.0124828 -0.000232604
10.52 0.0127503 -0.000237588
10.53 0.0130229 -0.000242669
10.54 0.0133008 -0.000247848
10.55 0.0135841 -0.000253126
10.56 0.0138728 -0.000258507
10.57 0.0141671 -0.000263991
10.58 0.014467 -0.000269579
10.59 0.0147727 -0.000275275
10.6 0.0150841 -0.000281079
10.61 0.0154015 -0.000286994
10.62 0.015725 -0.00029302
10.63 0.0160545 -0.000299161
10.64 0.0163903 -0.000305418
10.65 0.0167324 -0.000311793
10.66 0.0170809 -0.000318288
10.67 0.017436 -0.000324905
10.68 0.0177977 -0.000331645
10.69 0.0181661 -0.000338511
10.7 0.0185415 -0.000345505
10.71 0.0189238 -0.000352629
10.72 0.0193131 -0.000359885
10.73 0.0197097 -0.000367275
10.74 0.0201136 -0.000374801
10.75 0.0205249 -0.000382466
10.76 0.0209438 -0.000390272
10.77 0.0213703 -0.00039822
10.78 0.0218047 -0.000406314
10.79 0.0222469 -0.000414555
10.8 0.0226972 -0.000422946
10.81 0.0231556 -0.000431489
10.82 0.0236224 -0.000440186
10.83 0.0240975 -0.00044904
10.84 0.0245812 -0.000458054
10.85 0.0250736 -0.00046723
10.86 0.0255748 -0.000476569
10.87 0.026085 -0.000486076
10.88 0.0266042 -0.000495752
10.89 0.0271327 -0.0005056
10.9 0.0276705 -0.000515623
10.91 0.0282179 -0.000525822
10.92 0.0287749 -0.000536202
10.93 0.0293417 -0.000546765
10.94 0.0299185 -0.000557512
10.95 0.0305053 -0.000568448
10.96 0.0311024 -0.000579575
10.97 0.0317099 -0.000590896
10.98 0.032328 -0.000602413
10.99 0.0329568 -0.00061413
11 0.0335964 -0.00062605
11.01 0.0342471 -0.000638174
11.02 0.0349089 -0.000650508
11.03 0.0355821 -0.000663053
11.04 0.0362668 -0.000675812
11.05 0.0369632 -0.00068879
11.06 0.0376715 -0.000701988
11.07 0.0383918 -0.00071541
11.08 0.0391242 -0.000729059
11.09 0.0398691 -0.000742939
11.1 0.0406264 -0.000757053
11.11 0.0413965 -0.000771403
11.12 0.0421795 -0.000785994
11.13 0.0429756 -0.000800829
11.14 0.0437849 -0.000815911
11.15 0.0446077 -0.000831243
11.16 0.0454442 -0.00084683
11.17 0.0462944 -0.000862674
11.18 0.0471587 -0.000878779
11.19 0.0480371 -0.00089515
11.2 0.04893 -0.000911788
11.21 0.0498375 -0.000928699
11.22 0.0507598 -0.000945885
11.23 0.0516971 -0.000963351
11.24 0.0526495 -0.0009811
11.25 0.0536174 -0.000999136
11.26 0.0546009 -0.00101746
11.27 0.0556002 -0.00103609
11.28 0.0566155 -0.00105501
11.29 0.0576471 -0.00107423
11.3 0.0586951 -0.00109376
11.31 0.0597598 -0.0011136
11.32 0.0608414 -0.00113375
11.33 0.0619401 -0.00115423
11.34 0.0630561 -0.00117502
11.35 0.0641897 -0.00119615
11.36 0.065341 -0.0012176
11.37 0.0665104 -0.00123939
11.38 0.067698 -0.00126152
11.39 0.068904 -0.001284
11.4 0.0701288 -0.00130682
11.41 0.0713725 -0.00133
11.42 0.0726353 -0.00135353
11.43 0.0739176 -0.00137743
11.44 0.0752195 -0.00140169
11.45 0.0765413 -0.00142632
11.46 0.0778832 -0.00145132
11.47 0.0792456 -0.00147671
11.48 0.0806285 -0.00150248
11.49 0.0820324 -0.00152864
11.5 0.0834574 -0.0015552
11.51 0.0849038 -0.00158215
11.52 0.0863718 -0.00160951
11.53 0.0878617 -0.00163727
11.54 0.0893738 -0.00166545
11.55 0.0909083 -0.00169404
11.56 0.0924656 -0.00172306
11.57 0.0940457 -0.00175251
11.58 0.0956491 -0.00178239
11.59 0.097276 -0.0018127
11.6 0.0989267 -0.00184346
11.61 0.100601 -0.00187467
11.62 0.1023 -0.00190633
11.63 0.104024 -0.00193845
11.64 0.105772 -0.00197103
11.65 0.107546 -0.00200408
11.66 0.109345 -0.00203761
11.67 0.11117 -0.00207161
11.68 0.11302 -0.0021061
11.69 0.114897 -0.00214108
11.7 0.116801 -0.00217655
11.71 0.118731 -0.00221252
11.72 0.120689 -0.002249
11.73 0.122674 -0.00228599
11.74 0.124687 -0.0023235
11.75 0.126727 -0.00236153
11.76 0.128797 -0.00240008
11.77 0.130894 -0.00243917
11.78 0.133021 -0.0024788
11.79 0.135177 -0.00251898
11.8 0.137362 -0.0025597
11.81 0.139577 -0.00260098
11.82 0.141823 -0.00264282
11.83 0.144099 -0.00268523
11.84 0.146405 -0.00272822
11.85 0.148743 -0.00277178
11.86 0.151112 -0.00281592
11.87 0.153513 -0.00286066
11.88 0.155945 -0.00290599
11.89 0.15841 -0.00295193
11.9 0.160908 -0.00299847
11.91 0.163439 -0.00304563
11.92 0.166003 -0.00309341
11.93 0.1686 -0.00314181
11.94 0.171231 -0.00319085
11.95 0.173897 -0.00324052
11.96 0.176597 -0.00329084
11.97 0.179332 -0.0033418
11.98 0.182102 -0.00339342
11.99 0.184908 -0.00344571
12 0.187749 -0.00349866
12.01 0.190627 -0.00355228
12.02 0.193541 -0.00360659
12.03 0.196492 -0.00366158
12.04 0.19948 -0.00371726
12.05 0.202506 -0.00377364
12.06 0.205569 -0.00383073
12.07 0.208671 -0.00388853
12.08 0.211811 -0.00394704
12.09 0.21499 -0.00400627
12.1 0.218207 -0.00406624
12.11 0.221465 -0.00412693
12.12 0.224762 -0.00418837
12.13 0.228099 -0.00425056
12.14 0.231476 -0.0043135
12.15 0.234895 -0.0043772
12.16 0.238354 -0.00444166
12.17 0.241855 -0.0045069
12.18 0.245397 -0.00457291
12.19 0.248982 -0.00463971
12.2 0.252609 -0.0047073
12.21 0.256278 -0.00477568
12.22 0.259991 -0.00484486
12.23 0.263747 -0.00491485
12.24 0.267547 -0.00498566
12.25 0.27139 -0.00505729
12.26 0.275278 -0.00512974
12.27 0.279211 -0.00520303
12.28 0.283189 -0.00527715
12.29 0.287212 -0.00535212
12.3 0.29128 -0.00542793
12.31 0.295395 -0.0055046
12.32 0.299555 -0.00558214
12.33 0.303763 -0.00566054
12.34 0.308017 -0.00573982
12.35 0.312318 -0.00581997
12.36 0.316667 -0.00590101
12.37 0.321064 -0.00598294
12.38 0.325509 -0.00606577
12.39 0.330002 -0.0061495
12.4 0.334544 -0.00623414
12.41 0.339135 -0.00631969
12.42 0.343775 -0.00640616
12.43 0.348465 -0.00649355
12.44 0.353204 -0.00658188
12.45 0.357994 -0.00667114
12.46 0.362835 -0.00676134
12.47 0.367726 -0.00685248
12.48 0.372668 -0.00694458
12.49 0.377662 -0.00703764
12.5 0.382707 -0.00713166
12.51 0.387804 -0.00722664
12.52 0.392954 -0.0073226
12.53 0.398155 -0.00741953
12.54 0.40341 -0.00751744
12.55 0.408717 -0.00761635
12.56 0.414078 -0.00771624
12.57 0.419492 -0.00781713
12.58 0.42496 -0.00791902
12.59 0.430482 -0.00802192
12.6 0.436058 -0.00812583
12.61 0.441688 -0.00823075
12.62 0.447373 -0.00833669
12.63 0.453113 -0.00844366
12.64 0.458909 -0.00855165
12.65 0.464759 -0.00866068
12.66 0.470665 -0.00877074
12.67 0.476627 -0.00888184
12.68 0.482645 -0.00899398
12.69 0.48872 -0.00910717
12.7 0.49485 -0.00922142
12.71 0.501038 -0.00933671
12.72 0.507282 -0.00945307
12.73 0.513582 -0.00957049
12.74 0.519941 -0.00968897
12.75 0.526356 -0.00980852
12.76 0.532829 -0.00992914
12.77 0.539359 -0.0100508
12.78 0.545948 -0.0101736
12.79 0.552594 -0.0102975
12.8 0.559298 -0.0104224
12.81 0.566061 -0.0105484
12.82 0.572882 -0.0106755
12.83 0.579761 -0.0108037
12.84 0.586699 -0.010933
12.85 0.593695 -0.0110634
12.86 0.60075 -0.0111948
12.87 0.607865 -0.0113274
12.88 0.615038 -0.0114611
12.89 0.62227 -0.0115958
12.9 0.629561 -0.0117317
12.91 0.636911 -0.0118687
12.92 0.644321 -0.0120068
12.93 0.651789 -0.0121459
12.94 0.659317 -0.0122862
12.95 0.666904 -0.0124276
12.96 0.674551 -0.0125701
12.97 0.682257 -0.0127137
12.98 0.690022 -0.0128584
12.99 0.697846 -0.0130042
13 0.70573 -0.0131511
13.01 0.713673 -0.0132991
13.02 0.721676 -0.0134483
13.03 0.729737 -0.0135985
13.04 0.737858 -0.0137498
13.05 0.746037 -0.0139022
13.06 0.754276 -0.0140558
13.07 0.762573 -0.0142104
13.08 0.77093 -0.0143661
13.09 0.779345 -0.0145229
13.1 0.787818 -0.0146808
13.11 0.79635 -0.0148398
13.12 0.804941 -0.0149999
13.13 0.813589 -0.015161
13.14 0.822296 -0.0153233
13.15 0.83106 -0.0154866
13.16 0.839882 -0.015651
13.17 0.848761 -0.0158165
13.18 0.857698 -0.015983
13.19 0.866691 -0.0161506
13.2 0.875742 -0.0163192
13.21 0.884848 -0.0164889
13.22 0.894012 -0.0166597
13.23 0.903231 -0.0168315
13.24 0.912506 -0.0170043
13.25 0.921836 -0.0171782
13.26 0.931221 -0.0173531
13.27 0.940661 -0.017529
13.28 0.950156 -0.0177059
13.29 0.959705 -0.0178839
13.3 0.969307 -0.0180628
13.31 0.978963 -0.0182428
13.32 0.988672 -0.0184237
13.33 0.998433 -0.0186056
13.34 1.00825 -0.0187884
13.35 1.01811 -0.0189723
13.36 1.02803 -0.0191571
13.37 1.038 -0.0193428
13.38 1.04801 -0.0195295
13.39 1.05808 -0.0197171
13.4 1.0682 -0.0199056
13.41 1.07836 -0.020095
13.42 1.08858 -0.0202854
13.43 1.09884 -0.0204766
13.44 1.10915 -0.0206687
13.45 1.1195 -0.0208617
13.46 1.1299 -0.0210555
13.47 1.14035 -0.0212502
13.48 1.15084 -0.0214457
13.49 1.16138 -0.021642
13.5 1.17195 -0.0218391
13.51 1.18258 -0.022037
13.52 1.19323 -0.0222355
