0 -0 -0
0.08 -0.000107906 2.85571e-07
0.16 -0.000801643 7.87824e-06
0.12 -0.000360362 2.1181e-06
0.1 -0.000210128 8.67679e-07
0.12 -0.000361828 2.15205e-06
0.14 -0.000572205 4.63603e-06
0.16 -0.000850086 9.00597e-06
0.18 -0.00120386 1.61639e-05
0.2 -0.00164144 2.7252e-05
0.22 -0.00217016 4.3675e-05
0.24 -0.00279679 6.71195e-05
0.26 -0.00352743 9.95707e-05
0.28 -0.00436747 0.000143326
0.3 -0.00532157 0.000201004
0.32 -0.00639359 0.000275553
0.34 -0.00758655 0.000370254
0.36 -0.00890261 0.000488718
0.38 -0.010343 0.000634882
0.4 -0.0119081 0.000813001
0.42 -0.0135972 0.00102764
0.44 -0.0154087 0.00128364
0.46 -0.0173399 0.00158612
0.48 -0.0193872 0.00194044
0.5 -0.0215458 0.00235216
0.52 -0.0238102 0.00282705
0.54 -0.0261734 0.003371
0.56 -0.0286278 0.00399
0.58 -0.0311644 0.00469012
0.6 -0.0337734 0.00547742
0.62 -0.0364441 0.00635793
0.64 -0.0391645 0.00733759
0.66 -0.0419219 0.00842219
0.68 -0.0447027 0.00961731
0.7 -0.0474923 0.0109283
0.72 -0.0502754 0.0123601
0.74 -0.0530358 0.0139173
0.76 -0.0557566 0.0156041
0.78 -0.0584202 0.017424
0.8 -0.0610086 0.0193801
0.82 -0.0635031 0.0214749
0.84 -0.0658844 0.0237098
0.86 -0.0681331 0.0260859
0.88 -0.0702293 0.0286032
0.9 -0.0721529 0.0312607
0.92 -0.0738838 0.0340568
0.94 -0.0754018 0.0369885
0.96 -0.0766867 0.040052
0.98 -0.0777185 0.0432424
1 -0.0784775 0.0465534
1.02 -0.0789443 0.0499777
1.04 -0.0791002 0.053507
1.06 -0.0789267 0.0571312
1.08 -0.0784065 0.0608395
1.1 -0.0775226 0.0646196
1.12 -0.0762594 0.0684577
1.14 -0.074602 0.0723392
1.16 -0.0725368 0.0762478
1.18 -0.0700514 0.0801662
1.2 -0.067135 0.0840757
1.22 -0.063778 0.0879565
1.24 -0.0599725 0.0917877
1.26 -0.0557124 0.0955472
1.28 -0.0509932 0.0992119
1.3 -0.0458124 0.102758
1.32 -0.0401695 0.106159
1.34 -0.034066 0.109391
1.36 -0.0275056 0.112427
1.38 -0.0204943 0.115239
1.4 -0.0130401 0.117799
1.42 -0.00515363 0.120081
1.44 0.0031522 0.122054
1.46 0.0118621 0.123691
1.48 0.0209581 0.124964
1.5 0.0304201 0.125843
1.52 0.0402253 0.126301
1.54 0.0503482 0.12631
1.56 0.0607612 0.125842
1.58 0.0714339 0.124873
1.6 0.0823337 0.123376
1.62 0.0934255 0.121327
1.64 0.104672 0.118704
1.66 0.116033 0.115484
1.68 0.127467 0.111649
1.7 0.13893 0.107181
1.72 0.150376 0.102063
1.74 0.161758 0.0962813
1.76 0.173025 0.0898256
1.78 0.184127 0.0826867
1.8 0.195011 0.0748583
1.82 0.205623 0.0663372
1.84 0.215908 0.0571231
1.86 0.225812 0.0472188
1.88 0.235277 0.0366304
1.9 0.244247 0.0253674
1.92 0.252664 0.0134426
1.94 0.260472 0.000872714
1.96 0.267615 -0.0123222
1.98 0.274035 -0.0261183
2 0.279678 -0.0404877
2.02 0.28449 -0.055399
2.04 0.288418 -0.0708167
2.06 0.291409 -0.0867018
2.08 0.293416 -0.103011
2.1 0.294391 -0.119698
2.12 0.29429 -0.136711
2.14 0.29307 -0.153997
2.16 0.290693 -0.171498
2.18 0.287123 -0.189152
2.2 0.282329 -0.206895
2.22 0.276283 -0.224658
2.24 0.268962 -0.242372
2.26 0.260345 -0.259963
2.28 0.250419 -0.277353
2.3 0.239173 -0.294466
2.32 0.226604 -0.31122
2.34 0.212713 -0.327532
2.36 0.197505 -0.34332
2.38 0.180992 -0.358498
2.4 0.163194 -0.37298
2.42 0.144134 -0.38668
2.44 0.123842 -0.399511
2.46 0.102354 -0.411387
2.48 0.0797131 -0.422223
2.5 0.0559686 -0.431934
2.52 0.0311755 -0.440438
2.54 0.00539553 -0.447652
2.56 -0.0213035 -0.4535
2.58 -0.0488474 -0.457903
2.6 -0.077156 -0.460791
2.62 -0.106143 -0.462095
2.64 -0.135717 -0.461748
2.66 -0.16578 -0.459692
2.68 -0.196229 -0.45587
2.7 -0.226956 -0.450234
2.72 -0.257848 -0.442738
2.74 -0.288788 -0.433346
2.76 -0.319655 -0.422027
2.78 -0.350323 -0.408755
2.8 -0.380665 -0.393516
2.82 -0.410548 -0.376298
2.84 -0.439839 -0.357102
2.86 -0.468403 -0.335935
2.88 -0.496102 -0.312813
2.9 -0.522799 -0.287759
2.92 -0.548357 -0.260808
2.94 -0.572637 -0.232001
2.96 -0.595503 -0.201392
2.98 -0.61682 -0.169039
3 -0.636455 -0.135015
3.02 -0.654279 -0.0993974
3.04 -0.670166 -0.0622758
3.06 -0.683993 -0.0237479
3.08 -0.695644 0.0160797
3.1 -0.705006 0.0570915
3.12 -0.711975 0.0991634
3.14 -0.716451 0.142163
3.16 -0.718344 0.185951
3.18 -0.717571 0.230378
3.2 -0.714058 0.275291
3.22 -0.707739 0.320528
3.24 -0.698559 0.365921
3.26 -0.686474 0.411298
3.28 -0.671448 0.456482
3.3 -0.65346 0.501289
3.32 -0.632497 0.545534
3.34 -0.608561 0.589029
3.36 -0.581665 0.631584
3.38 -0.551834 0.673006
3.4 -0.519107 0.713104
3.42 -0.483535 0.751686
3.44 -0.445183 0.788561
3.46 -0.404128 0.82354
3.48 -0.36046 0.85644
3.5 -0.314284 0.887078
3.52 -0.265716 0.915277
3.54 -0.214884 0.940867
3.56 -0.161931 0.963683
3.58 -0.107009 0.98357
3.6 -0.0502831 1.00038
3.62 0.00806992 1.01397
3.64 0.0678638 1.02421
3.66 0.128902 1.03099
3.68 0.190978 1.0342
3.7 0.253879 1.03374
3.72 0.317381 1.02954
3.74 0.381255 1.02152
3.76 0.445266 1.00964
3.78 0.509174 0.993846
3.8 0.572734 0.974125
3.82 0.635698 0.950466
3.84 0.697816 0.922877
3.86 0.758836 0.891382
3.88 0.818508 0.856022
3.9 0.876582 0.816852
3.92 0.93281 0.773945
3.94 0.986948 0.72739
3.96 1.03875 0.677293
3.98 1.088 0.623775
4 1.13445 0.566972
4.02 1.17789 0.507036
4.04 1.2181 0.444134
4.06 1.25489 0.378447
4.08 1.28807 0.310168
4.1 1.31745 0.239505
4.12 1.34288 0.166677
4.14 1.36419 0.0919152
4.16 1.38126 0.0154595
4.18 1.39395 -0.0624395
4.2 1.40217 -0.141523
4.22 1.40582 -0.221525
4.24 1.40483 -0.302173
4.26 1.39913 -0.38319
4.28 1.3887 -0.464293
4.3 1.37351 -0.5452
4.32 1.35355 -0.625622
4.34 1.32885 -0.705275
4.36 1.29943 -0.783873
4.38 1.26535 -0.861131
4.4 1.22668 -0.936769
4.42 1.18349 -1.01051
4.44 1.13591 -1.08209
4.46 1.08404 -1.15123
4.48 1.02802 -1.21768
4.5 0.968013 -1.28121
4.52 0.904182 -1.34155
4.54 0.83671 -1.3985
4.56 0.765795 -1.45183
4.58 0.691646 -1.50134
4.6 0.614485 -1.54684
4.62 0.534546 -1.58816
4.64 0.452071 -1.62513
4.66 0.367313 -1.65761
4.68 0.280532 -1.68547
4.7 0.191996 -1.7086
4.72 0.101978 -1.72688
4.74 0.0107578 -1.74026
4.76 -0.0813837 -1.74866
4.78 -0.174161 -1.75203
4.8 -0.267288 -1.75035
4.82 -0.360478 -1.7436
4.84 -0.453443 -1.73179
4.86 -0.5459 -1.71494
4.88 -0.637565 -1.69308
4.9 -0.728161 -1.66627
4.92 -0.817412 -1.63458
4.94 -0.905051 -1.5981
4.96 -0.990816 -1.55692
4.98 -1.07445 -1.51116
5 -1.15571 -1.46095
5.02 -1.23435 -1.40643
5.04 -1.31016 -1.34775
5.06 -1.3829 -1.28509
5.08 -1.45237 -1.21861
5.1 -1.51838 -1.1485
5.12 -1.58073 -1.07497
5.14 -1.63927 -0.998209
5.16 -1.69382 -0.918445
5.18 -1.74424 -0.835895
5.2 -1.7904 -0.750786
5.22 -1.83217 -0.663353
5.24 -1.86945 -0.573833
5.26 -1.90215 -0.482468
5.28 -1.93018 -0.389505
5.3 -1.95348 -0.295192
5.32 -1.972 -0.199777
5.34 -1.9857 -0.103511
5.36 -1.99455 -0.00664507
5.38 -1.99853 0.090571
5.4 -1.99766 0.187888
5.42 -1.99194 0.285061
5.44 -1.98141 0.381843
5.46 -1.96609 0.477996
5.48 -1.94604 0.57328
5.5 -1.92132 0.667465
5.52 -1.89201 0.760322
5.54 -1.85819 0.851629
5.56 -1.81995 0.941169
5.58 -1.77741 1.02873
5.6 -1.73067 1.11412
5.62 -1.67985 1.19712
5.64 -1.6251 1.27757
5.66 -1.56655 1.35527
5.68 -1.50434 1.43005
5.7 -1.43864 1.50175
5.72 -1.36961 1.57021
5.74 -1.29742 1.6353
5.76 -1.22223 1.69686
5.78 -1.14424 1.75477
5.8 -1.06361 1.80892
5.82 -0.980556 1.85919
5.84 -0.895253 1.90549
5.86 -0.807901 1.94773
5.88 -0.718699 1.98582
5.9 -0.627848 2.01969
5.92 -0.535551 2.04929
5.94 -0.442012 2.07457
5.96 -0.347438 2.09547
5.98 -0.252033 2.11198
6 -0.156004 2.12407
6.02 -0.0595566 2.13173
6.04 0.0371037 2.13496
6.06 0.133773 2.13375
6.08 0.230249 2.12814
6.1 0.326331 2.11813
6.12 0.421821 2.10377
6.14 0.516523 2.0851
6.16 0.610243 2.06216
6.18 0.702794 2.03502
6.2 0.793988 2.00374
6.22 0.883643 1.96841
6.24 0.971583 1.92909
6.26 1.05763 1.88588
6.28 1.14163 1.83887
6.3 1.2234 1.78818
6.32 1.30279 1.7339
6.34 1.37965 1.67616
6.36 1.45384 1.61509
6.38 1.5252 1.55079
6.4 1.59362 1.48342
6.42 1.65895 1.41312
6.44 1.72107 1.34001
6.46 1.77988 1.26426
6.48 1.83527 1.18602
6.5 1.88713 1.10544
6.52 1.93536 1.02268
6.54 1.97989 0.937912
6.56 2.02064 0.8513
6.58 2.05752 0.763014
6.6 2.09049 0.673226
6.62 2.11947 0.582111
6.64 2.14443 0.489845
6.66 2.16532 0.396605
6.68 2.18211 0.302571
6.7 2.19477 0.207923
6.72 2.20328 0.112841
6.74 2.20764 0.0175048
6.76 2.20783 -0.0779045
6.78 2.20388 -0.173207
6.8 2.19578 -0.268224
6.82 2.18356 -0.362776
6.84 2.16725 -0.456688
6.86 2.14688 -0.549784
6.88 2.12249 -0.641891
6.9 2.09414 -0.732837
6.92 2.06188 -0.822456
6.94 2.02578 -0.91058
6.96 1.9859 -0.997048
6.98 1.94232 -1.0817
7 1.89513 -1.16438
7.02 1.84442 -1.24494
7.04 1.79028 -1.32323
7.06 1.73281 -1.39911
7.08 1.67214 -1.47244
7.1 1.60836 -1.54308
7.12 1.5416 -1.61091
7.14 1.47198 -1.6758
7.16 1.39963 -1.73765
7.18 1.32469 -1.79632
7.2 1.2473 -1.85173
7.22 1.1676 -1.90376
7.24 1.08573 -1.95233
7.26 1.00185 -1.99735
7.28 0.916104 -2.03873
7.3 0.828661 -2.07641
7.32 0.739676 -2.11031
7.34 0.649312 -2.14038
7.36 0.557735 -2.16656
7.38 0.465112 -2.1888
7.4 0.371611 -2.20707
7.42 0.277403 -2.22133
7.44 0.18266 -2.23156
7.46 0.0875536 -2.23774
7.48 -0.00774326 -2.23986
7.5 -0.103057 -2.23791
7.52 -0.198215 -2.23191
7.54 -0.293045 -2.22185
7.56 -0.387375 -2.20777
7.58 -0.481033 -2.18968
7.6 -0.57385 -2.16763
7.62 -0.665657 -2.14164
7.64 -0.75629 -2.11177
7.66 -0.845583 -2.07807
7.68 -0.933375 -2.0406
7.7 -1.01951 -1.99943
7.72 -1.10382 -1.95464
7.74 -1.18617 -1.9063
7.76 -1.2664 -1.8545
7.78 -1.34437 -1.79934
7.8 -1.41994 -1.74091
7.82 -1.49297 -1.67932
7.84 -1.56332 -1.61468
7.86 -1.63087 -1.54711
7.88 -1.69551 -1.47673
7.9 -1.7571 -1.40367
7.92 -1.81554 -1.32805
7.94 -1.87073 -1.25002
7.96 -1.92256 -1.16971
7.98 -1.97094 -1.08726
8 -2.01579 -1.00284
8.02 -2.05701 -0.916576
8.04 -2.09454 -0.828641
8.06 -2.1283 -0.739188
8.08 -2.15824 -0.648377
8.1 -2.1843 -0.556373
8.12 -2.20643 -0.46334
8.14 -2.22459 -0.369446
8.16 -2.23875 -0.274861
8.18 -2.24888 -0.179754
8.2 -2.25497 -0.0842973
8.22 -2.25699 0.0113376
8.24 -2.25495 0.106978
8.26 -2.24885 0.202452
8.28 -2.23869 0.297587
8.3 -2.2245 0.392212
8.32 -2.2063 0.486155
8.34 -2.18412 0.579248
8.36 -2.158 0.671322
8.38 -2.12799 0.762211
8.4 -2.09413 0.85175
8.42 -2.05649 0.939779
8.44 -2.01514 1.02614
8.46 -1.97015 1.11067
8.48 -1.9216 1.19322
8.5 -1.86957 1.27364
8.52 -1.81416 1.35179
8.54 -1.75546 1.42753
8.56 -1.69359 1.5007
8.58 -1.62865 1.5712
8.6 -1.56076 1.63887
8.62 -1.49004 1.70361
8.64 -1.41661 1.7653
8.66 -1.34061 1.82381
8.68 -1.26218 1.87906
8.7 -1.18145 1.93092
8.72 -1.09857 1.97932
8.74 -1.01369 2.02416
8.76 -0.926967 2.06536
8.78 -0.838546 2.10284
8.8 -0.748591 2.13653
8.82 -0.657265 2.16638
8.84 -0.564732 2.19233
8.86 -0.471158 2.21433
8.88 -0.376712 2.23233
8.9 -0.281565 2.24631
8.92 -0.185888 2.25623
8.94 -0.0898533 2.26209
8.96 0.00636485 2.26385
8.98 0.102593 2.26154
9 0.198657 2.25513
9.02 0.294383 2.24465
9.04 0.389599 2.23011
9.06 0.484131 2.21154
9.08 0.577808 2.18897
9.1 0.670461 2.16243
9.12 0.761922 2.13199
9.14 0.852025 2.09768
9.16 0.940606 2.05956
9.18 1.0275 2.01772
9.2 1.11256 1.97222
9.22 1.19563 1.92314
9.24 1.27654 1.87057
9.26 1.35517 1.8146
9.28 1.43135 1.75534
9.3 1.50497 1.69289
9.32 1.57587 1.62736
9.34 1.64393 1.55888
9.36 1.70903 1.48755
9.38 1.77105 1.41352
9.4 1.82987 1.33691
9.42 1.88539 1.25787
9.44 1.9375 1.17653
9.46 1.98611 1.09304
9.48 2.03113 1.00756
9.5 2.07248 0.920228
9.52 2.11008 0.831215
9.54 2.14386 0.740678
9.56 2.17375 0.64878
9.58 2.19971 0.555689
9.6 2.22169 0.461571
9.62 2.23964 0.366599
9.64 2.25352 0.270944
9.66 2.26332 0.17478
9.68 2.26902 0.0782802
9.7 2.27059 -0.0183789
9.72 2.26804 -0.115022
9.74 2.26138 -0.211474
9.76 2.2506 -0.307559
9.78 2.23573 -0.403103
9.8 2.2168 -0.497931
9.82 2.19384 -0.591871
9.84 2.16689 -0.684752
9.86 2.13599 -0.776405
9.88 2.10121 -0.866662
9.9 2.0626 -0.955359
9.92 2.02023 -1.04233
9.94 1.97418 -1.12743
9.96 1.92453 -1.21049
9.98 1.87137 -1.29136
10 1.8148 -1.36989
10.02 1.75492 -1.44594
10.04 1.69183 -1.51938
10.06 1.62565 -1.59006
10.08 1.5565 -1.65786
10.1 1.48451 -1.72265
10.12 1.4098 -1.78431
10.14 1.33251 -1.84274
10.16 1.25278 -1.89782
10.18 1.17076 -1.94944
10.2 1.08659 -1.99753
10.22 1.00043 -2.04198
10.24 0.912425 -2.08272
10.26 0.822747 -2.11966
10.28 0.731555 -2.15275
10.3 0.639015 -2.18192
10.32 0.545295 -2.20711
10.34 0.450566 -2.22828
10.36 0.355 -2.24539
10.38 0.258773 -2.25841
10.4 0.162058 -2.2673
10.42 0.0650335 -2.27206
10.44 -0.0321245 -2.27268
10.46 -0.129238 -2.26914
10.48 -0.226131 -2.26147
10.5 -0.322625 -2.24966
10.52 -0.418543 -2.23374
10.54 -0.513712 -2.21374
10.56 -0.607956 -2.18969
10.58 -0.701102 -2.16164
10.6 -0.792981 -2.12963
10.62 -0.883424 -2.09373
10.64 -0.972266 -2.05399
10.66 -1.05934 -2.0105
10.68 -1.14449 -1.96332
10.7 -1.22757 -1.91255
10.72 -1.3084 -1.85827
10.74 -1.38686 -1.80059
10.76 -1.46279 -1.7396
10.78 -1.53606 -1.67543
10.8 -1.60652 -1.60818
10.82 -1.67406 -1.53798
10.84 -1.73854 -1.46495
10.86 -1.79984 -1.38923
10.88 -1.85786 -1.31096
10.9 -1.91249 -1.23028
10.92 -1.96362 -1.14733
10.94 -2.01116 -1.06228
10.96 -2.05503 -0.975261
10.98 -2.09513 -0.886449
11 -2.13141 -0.796002
11.02 -2.16378 -0.704084
11.04 -2.19219 -0.610864
11.06 -2.21659 -0.516513
11.08 -2.23693 -0.421202
11.1 -2.25317 -0.325108
11.12 -2.26528 -0.228405
11.14 -2.27324 -0.131272
11.16 -2.27703 -0.0338849
11.18 -2.27665 0.0635761
11.2 -2.27209 0.160933
11.22 -2.26336 0.258006
11.24 -2.25048 0.354618
11.26 -2.23346 0.450591
11.28 -2.21235 0.545749
11.3 -2.18717 0.639917
11.32 -2.15798 0.732921
11.34 -2.12482 0.824591
11.36 -2.08775 0.914759
11.38 -2.04685 1.00326
11.4 -2.00218 1.08992
11.42 -1.95383 1.1746
11.44 -1.90189 1.25713
11.46 -1.84645 1.33735
11.48 -1.7876 1.41513
11.5 -1.72547 1.49032
11.52 -1.66016 1.56278
11.54 -1.59179 1.63238
11.56 -1.52048 1.69898
11.58 -1.44637 1.76246
11.6 -1.3696 1.82272
11.62 -1.2903 1.87963
11.64 -1.20861 1.93308
11.66 -1.1247 1.98299
11.68 -1.0387 2.02926
11.7 -0.950789 2.0718
11.72 -0.861115 2.11053
11.74 -0.769848 2.14539
11.76 -0.677154 2.1763
11.78 -0.583204 2.20321
11.8 -0.488171 2.22606
11.82 -0.392228 2.24482
11.84 -0.295553 2.25946
11.86 -0.198324 2.26993
11.88 -0.100719 2.27622
11.9 -0.00291856 2.27833
11.92 0.0948977 2.27623
11.94 0.19255 2.26995
11.96 0.289857 2.25948
11.98 0.38664 2.24485
12 0.482721 2.22608
12.02 0.577923 2.20321
12.04 0.672069 2.17627
12.06 0.764987 2.14532
12.08 0.856503 2.11042
12.1 0.946451 2.07162
12.12 1.03466 2.029
12.14 1.12097 1.98263
12.16 1.20523 1.9326
12.18 1.28727 1.879
12.2 1.36694 1.82194
12.22 1.4441 1.7615
12.24 1.51861 1.69781
12.26 1.59032 1.63099
12.28 1.6591 1.56114
12.3 1.72483 1.48841
12.32 1.78738 1.41293
12.34 1.84664 1.33483
12.36 1.9025 1.25426
12.38 1.95485 1.17136
12.4 2.00359 1.0863
12.42 2.04865 0.999224
12.44 2.08992 0.910294
12.46 2.12734 0.819675
12.48 2.16083 0.727533
12.5 2.19034 0.634039
12.52 2.2158 0.539365
12.54 2.23717 0.443686
12.56 2.25441 0.347179
12.58 2.26749 0.250022
12.6 2.27638 0.152393
12.62 2.28106 0.0544743
12.64 2.28152 -0.043554
12.66 2.27778 -0.141511
12.68 2.26982 -0.239215
12.7 2.25766 -0.336485
12.72 2.24133 -0.433142
12.74 2.22085 -0.529006
12.76 2.19626 -0.623901
12.78 2.16761 -0.717651
12.8 2.13495 -0.810081
12.82 2.09834 -0.901022
12.84 2.05785 -0.990303
12.86 2.01354 -1.07776
12.88 1.9655 -1.16323
12.9 1.91383 -1.24656
12.92 1.85861 -1.32758
12.94 1.79994 -1.40616
12.96 1.73794 -1.48214
12.98 1.67271 -1.55539
13 1.60439 -1.62576
13.02 1.53309 -1.69312
13.04 1.45894 -1.75736
13.06 1.38209 -1.81835
13.08 1.30267 -1.87598
13.1 1.22084 -1.93014
13.12 1.13673 -1.98073
13.14 1.05052 -2.02766
13.16 0.962347 -2.07083
13.18 0.872388 -2.11017
13.2 0.780806 -2.14561
13.22 0.68777 -2.17707
13.24 0.593452 -2.2045
13.26 0.498028 -2.22785
13.28 0.401672 -2.24708
13.3 0.304565 -2.26214
13.32 0.206886 -2.27301
13.34 0.108815 -2.27966
13.36 0.0105354 -2.28209
13.38 -0.0877716 -2.28029
13.4 -0.185923 -2.27427
13.42 -0.283738 -2.26402
13.44 -0.381034 -2.24958
13.46 -0.477631 -2.23097
13.48 -0.57335 -2.20821
13.5 -0.668013 -2.18136
13.52 -0.761397 -2.15048
