0 0 0
0.08 3.9738e-87 0
0.16 2.01272e-81 -8.00483e-88
0.24 7.31026e-77 -3.76478e-82
0.32 4.65663e-73 -8.0562e-78
0.4 9.4868e-70 -3.78396e-74
0.48 7.80609e-67 -5.83004e-71
0.56 3.17272e-64 -3.91176e-68
0.64 7.21501e-62 -1.34533e-65
0.72 1.01164e-59 -2.67612e-63
0.8 9.41345e-58 -2.49919e-61
0.76 1.27522e-58 -3.84895e-62
0.74 3.7459e-59 -1.10187e-62
0.73 1.95751e-59 -5.49312e-63
0.74 3.75757e-59 -1.1155e-62
0.75 7.15189e-59 -2.24066e-62
0.76 1.34977e-58 -4.45311e-62
0.77 2.52638e-58 -8.75964e-62
0.78 4.69054e-58 -1.70609e-61
0.79 8.64015e-58 -3.29121e-61
0.8 1.57935e-57 -6.29052e-61
0.81 2.86536e-57 -1.19158e-60
0.82 5.16061e-57 -2.23764e-60
0.83 9.22829e-57 -4.16675e-60
0.84 1.63876e-56 -7.69582e-60
0.85 2.89036e-56 -1.41015e-59
0.86 5.0641e-56 -2.56404e-59
0.87 8.81521e-56 -4.62727e-59
0.88 1.52478e-55 -8.29e-59
0.89 2.62113e-55 -1.47467e-58
0.9 4.47853e-55 -2.60513e-58
0.91 7.60689e-55 -4.57122e-58
0.92 1.28458e-54 -7.96847e-58
0.93 2.15699e-54 -1.38016e-57
0.94 3.60183e-54 -2.37553e-57
0.95 5.98186e-54 -4.06381e-57
0.96 9.88185e-54 -6.9105e-57
0.97 1.62396e-53 -1.16829e-56
0.98 2.65519e-53 -1.96385e-56
0.99 4.31959e-53 -3.28279e-56
1 6.99294e-53 -5.45765e-56
1.01 1.12665e-52 -9.02499e-56
1.02 1.80665e-52 -1.48462e-55
1.03 2.88372e-52 -2.42975e-55
1.04 4.58209e-52 -3.95667e-55
1.05 7.24843e-52 -6.41156e-55
1.06 1.14165e-51 -1.03397e-54
1.07 1.79044e-51 -1.65959e-54
1.08 2.79619e-51 -2.65147e-54
1.09 4.34893e-51 -4.217e-54
1.1 6.73661e-51 -6.6771e-54
1.11 1.03938e-50 -1.05263e-53
1.12 1.5974e-50 -1.65237e-53
1.13 2.44561e-50 -2.58292e-53
1.14 3.73015e-50 -4.0209e-53
1.15 5.66836e-50 -6.23413e-53
1.16 8.58242e-50 -9.62724e-53
1.17 1.29482e-49 -1.48092e-52
1.18 1.94664e-49 -2.2693e-52
1.19 2.91649e-49 -3.46429e-52
1.2 4.35472e-49 -5.26899e-52
1.21 6.48051e-49 -7.98468e-52
1.22 9.61239e-49 -1.20568e-51
1.23 1.42118e-48 -1.81416e-51
1.24 2.09454e-48 -2.72029e-51
1.25 3.07728e-48 -4.06512e-51
1.26 4.50723e-48 -6.05446e-51
1.27 6.58167e-48 -8.98762e-51
1.28 9.58223e-48 -1.32985e-50
1.29 1.39098e-47 -1.96144e-50
1.3 2.01336e-47 -2.88389e-50
1.31 2.90592e-47 -4.22705e-50
1.32 4.18243e-47 -6.17692e-50
1.33 6.00308e-47 -8.99913e-50
1.34 8.59287e-47 -1.30721e-49
1.35 1.2267e-46 -1.89331e-49
1.36 1.74659e-46 -2.73433e-49
1.37 2.48035e-46 -3.93778e-49
1.38 3.51336e-46 -5.6551e-49
1.39 4.96402e-46 -8.09906e-49
1.4 6.9962e-46 -1.15678e-48
1.41 9.83613e-46 -1.64781e-48
1.42 1.37954e-45 -2.34109e-48
1.43 1.93023e-45 -3.31742e-48
1.44 2.69438e-45 -4.68888e-48
1.45 3.75233e-45 -6.61057e-48
1.46 5.21372e-45 -9.29663e-48
1.47 7.22793e-45 -1.3042e-47
1.48 9.99798e-45 -1.82518e-47
1.49 1.37993e-44 -2.54815e-47
1.5 1.90045e-44 -3.5491e-47
1.51 2.61172e-44 -4.93169e-47
1.52 3.58163e-44 -6.83709e-47
1.53 4.9015e-44 -9.4571e-47
1.54 6.69395e-44 -1.30517e-46
1.55 9.12335e-44 -1.79727e-46
1.56 1.24095e-43 -2.46948e-46
1.57 1.68459e-43 -3.38576e-46
1.58 2.28237e-43 -4.63208e-46
1.59 3.08631e-43 -6.3238e-46
1.6 4.16548e-43 -8.61532e-46
1.61 5.61141e-43 -1.1713e-45
1.62 7.54521e-43 -1.58919e-45
1.63 1.01268e-42 -2.15183e-45
1.64 1.35671e-42 -2.90785e-45
1.65 1.81435e-42 -3.92175e-45
1.66 2.42208e-42 -5.27885e-45
1.67 3.22771e-42 -7.09188e-45
1.68 4.29387e-42 -9.50941e-45
1.69 5.70245e-42 -1.2727e-44
1.7 7.56034e-42 -1.70015e-44
1.71 1.00068e-41 -2.26696e-44
1.72 1.32231e-41 -3.01723e-44
1.73 1.74447e-41 -4.00853e-44
1.74 2.2977e-41 -5.31599e-44
1.75 3.02156e-41 -7.03742e-44
1.76 3.9672e-41 -9.29993e-44
1.77 5.20068e-41 -1.22685e-43
1.78 6.80719e-41 -1.61568e-43
1.79 8.89639e-41 -2.12412e-43
1.8 1.16093e-40 -2.78786e-43
1.81 1.51269e-40 -3.65288e-43
1.82 1.96813e-40 -4.77837e-43
1.83 2.55697e-40 -6.2404e-43
1.84 3.3172e-40 -8.13652e-43
1.85 4.29732e-40 -1.05917e-42
1.86 5.55918e-40 -1.37657e-42
1.87 7.18153e-40 -1.78625e-42
1.88 9.26454e-40 -2.31422e-42
1.89 1.19354e-39 -2.99359e-42
1.9 1.53555e-39 -3.86642e-42
1.91 1.97291e-39 -4.9861e-42
1.92 2.53149e-39 -6.42027e-42
1.93 3.24397e-39 -8.25452e-42
1.94 4.15158e-39 -1.0597e-41
1.95 5.3063e-39 -1.3584e-41
1.96 6.77358e-39 -1.73873e-41
1.97 8.63572e-39 -2.22231e-41
1.98 1.09961e-38 -2.83627e-41
1.99 1.39843e-38 -3.61463e-41
2 1.77629e-38 -4.60002e-41
2.01 2.25352e-38 -5.84573e-41
2.02 2.85555e-38 -7.41831e-41
2.03 3.61412e-38 -9.40075e-41
2.04 4.56883e-38 -1.18964e-40
2.05 5.76904e-38 -1.50337e-40
2.06 7.27615e-38 -1.89723e-40
2.07 9.16653e-38 -2.39105e-40
2.08 1.1535e-37 -3.00957e-40
2.09 1.44992e-37 -3.78353e-40
2.1 1.82049e-37 -4.75099e-40
2.11 2.28327e-37 -5.95908e-40
2.12 2.86057e-37 -7.46608e-40
2.13 3.57999e-37 -9.34397e-40
2.14 4.47555e-37 -1.16816e-39
2.15 5.58922e-37 -1.45886e-39
2.16 6.9727e-37 -1.81997e-39
2.17 8.68961e-37 -2.26812e-39
2.18 1.08181e-36 -2.82371e-39
2.19 1.34543e-36 -3.5118e-39
2.2 1.6716e-36 -4.36316e-39
2.21 2.07476e-36 -5.41548e-39
2.22 2.5726e-36 -6.71493e-39
2.23 3.18677e-36 -8.318e-39
2.24 3.9437e-36 -1.02937e-38
2.25 4.87571e-36 -1.27264e-38
2.26 6.02222e-36 -1.5719e-38
2.27 7.43125e-36 -1.93969e-38
2.28 9.16134e-36 -2.39127e-38
2.29 1.12837e-35 -2.94523e-38
2.3 1.38848e-35 -3.62418e-38
2.31 1.70699e-35 -4.45555e-38
2.32 2.09666e-35 -5.47265e-38
2.33 2.57296e-35 -6.71587e-38
2.34 3.15464e-35 -8.23414e-38
2.35 3.86439e-35 -1.00867e-37
2.36 4.72966e-35 -1.23452e-37
2.37 5.78363e-35 -1.50963e-37
2.38 7.06636e-35 -1.84444e-37
2.39 8.62619e-35 -2.25158e-37
2.4 1.05214e-34 -2.74626e-37
2.41 1.28221e-34 -3.34679e-37
2.42 1.56129e-34 -4.07523e-37
2.43 1.89953e-34 -4.95811e-37
2.44 2.30915e-34 -6.02729e-37
2.45 2.80481e-34 -7.32105e-37
2.46 3.40411e-34 -8.88531e-37
2.47 4.12814e-34 -1.07752e-36
2.48 5.00217e-34 -1.30565e-36
2.49 6.05647e-34 -1.58084e-36
2.5 7.32723e-34 -1.91253e-36
2.51 8.85773e-34 -2.31202e-36
2.52 1.06996e-33 -2.79279e-36
2.53 1.29147e-33 -3.37095e-36
2.54 1.55764e-33 -4.06571e-36
2.55 1.87726e-33 -4.89997e-36
2.56 2.26076e-33 -5.90098e-36
2.57 2.7206e-33 -7.10122e-36
2.58 3.27154e-33 -8.53929e-36
2.59 3.93119e-33 -1.02611e-35
2.6 4.7204e-33 -1.23211e-35
2.61 5.66398e-33 -1.4784e-35
2.62 6.79132e-33 -1.77265e-35
2.63 8.13726e-33 -2.12396e-35
2.64 9.74308e-33 -2.54311e-35
2.65 1.16576e-32 -3.04284e-35
2.66 1.39387e-32 -3.63825e-35
2.67 1.66547e-32 -4.34717e-35
2.68 1.98863e-32 -5.19068e-35
2.69 2.37289e-32 -6.19364e-35
2.7 2.82948e-32 -7.38543e-35
2.71 3.37168e-32 -8.80066e-35
2.72 4.0151e-32 -1.04801e-34
2.73 4.77817e-32 -1.24718e-34
2.74 5.68253e-32 -1.48324e-34
2.75 6.75368e-32 -1.76283e-34
2.76 8.02155e-32 -2.09376e-34
2.77 9.52135e-32 -2.48524e-34
2.78 1.12944e-31 -2.94803e-34
2.79 1.33891e-31 -3.49479e-34
2.8 1.58624e-31 -4.14037e-34
2.81 1.87809e-31 -4.90214e-34
2.82 2.22226e-31 -5.80049e-34
2.83 2.62789e-31 -6.85925e-34
2.84 3.10567e-31 -8.10633e-34
2.85 3.66809e-31 -9.57435e-34
2.86 4.32976e-31 -1.13014e-33
2.87 5.10773e-31 -1.33321e-33
2.88 6.02192e-31 -1.57183e-33
2.89 7.09556e-31 -1.85206e-33
2.9 8.35572e-31 -2.18099e-33
2.91 9.83398e-31 -2.56684e-33
2.92 1.15671e-30 -3.01921e-33
2.93 1.35979e-30 -3.54927e-33
2.94 1.59761e-30 -4.17002e-33
2.95 1.87596e-30 -4.89657e-33
2.96 2.20157e-30 -5.74648e-33
2.97 2.58227e-30 -6.74016e-33
2.98 3.02711e-30 -7.90128e-33
2.99 3.54664e-30 -9.25733e-33
3 4.15306e-30 -1.08402e-32
3.01 4.86053e-30 -1.26868e-32
3.02 5.68545e-30 -1.484e-32
3.03 6.64681e-30 -1.73493e-32
3.04 7.7666e-30 -2.02722e-32
3.05 9.07025e-30 -2.36749e-32
3.06 1.05872e-29 -2.76343e-32
3.07 1.23513e-29 -3.2239e-32
3.08 1.44019e-29 -3.75915e-32
3.09 1.67844e-29 -4.38102e-32
3.1 1.9551e-29 -5.10314e-32
3.11 2.2762e-29 -5.94127e-32
3.12 2.6487e-29 -6.91356e-32
3.13 3.08062e-29 -8.04094e-32
3.14 3.58118e-29 -9.34749e-32
3.15 4.16101e-29 -1.0861e-31
3.16 4.83235e-29 -1.26133e-31
3.17 5.60925e-29 -1.46411e-31
3.18 6.5079e-29 -1.69867e-31
3.19 7.54687e-29 -1.96986e-31
3.2 8.74752e-29 -2.28325e-31
3.21 1.01343e-28 -2.64524e-31
3.22 1.17355e-28 -3.06316e-31
3.23 1.35832e-28 -3.54544e-31
3.24 1.57144e-28 -4.10174e-31
3.25 1.81716e-28 -4.74311e-31
3.26 2.10034e-28 -5.48224e-31
3.27 2.42652e-28 -6.33365e-31
3.28 2.80209e-28 -7.31394e-31
3.29 3.23432e-28 -8.44212e-31
3.3 3.73153e-28 -9.73994e-31
3.31 4.30326e-28 -1.12322e-30
3.32 4.96037e-28 -1.29474e-30
3.33 5.7153e-28 -1.49179e-30
3.34 6.58223e-28 -1.71808e-30
3.35 7.57735e-28 -1.97782e-30
3.36 8.71912e-28 -2.27584e-30
3.37 1.00286e-27 -2.61764e-30
3.38 1.15298e-27 -3.00948e-30
3.39 1.32501e-27 -3.4585e-30
3.4 1.52206e-27 -3.97283e-30
3.41 1.74768e-27 -4.56173e-30
3.42 2.0059e-27 -5.23573e-30
3.43 2.30131e-27 -6.00682e-30
3.44 2.63914e-27 -6.88861e-30
3.45 3.02532e-27 -7.8966e-30
3.46 3.46659e-27 -9.04839e-30
3.47 3.97061e-27 -1.0364e-29
3.48 4.54607e-27 -1.1866e-29
3.49 5.20284e-27 -1.35803e-29
3.5 5.95212e-27 -1.55361e-29
3.51 6.80661e-27 -1.77664e-29
3.52 7.7807e-27 -2.0309e-29
3.53 8.89071e-27 -2.32063e-29
3.54 1.01551e-26 -2.65066e-29
3.55 1.15948e-26 -3.02645e-29
3.56 1.32336e-26 -3.45419e-29
3.57 1.50981e-26 -3.94087e-29
3.58 1.72188e-26 -4.49441e-29
3.59 1.963e-26 -5.12376e-29
3.6 2.23703e-26 -5.83905e-29
3.61 2.54837e-26 -6.65169e-29
3.62 2.90196e-26 -7.57462e-29
3.63 3.30339e-26 -8.62242e-29
3.64 3.75896e-26 -9.81154e-29
3.65 4.2758e-26 -1.11606e-28
3.66 4.86194e-26 -1.26905e-28
3.67 5.52642e-26 -1.44249e-28
3.68 6.27946e-26 -1.63905e-28
3.69 7.13256e-26 -1.86172e-28
3.7 8.09868e-26 -2.1139e-28
3.71 9.19242e-26 -2.39938e-28
3.72 1.04302e-25 -2.72246e-28
3.73 1.18305e-25 -3.08797e-28
3.74 1.34142e-25 -3.50133e-28
3.75 1.52046e-25 -3.96865e-28
3.76 1.7228e-25 -4.4968e-28
3.77 1.9514e-25 -5.0935e-28
3.78 2.20959e-25 -5.76741e-28
3.79 2.50109e-25 -6.52828e-28
3.8 2.8301e-25 -7.38705e-28
3.81 3.20132e-25 -8.35599e-28
3.82 3.62003e-25 -9.44889e-28
3.83 4.09214e-25 -1.06812e-27
3.84 4.62431e-25 -1.20702e-27
3.85 5.22398e-25 -1.36355e-27
3.86 5.89949e-25 -1.53987e-27
3.87 6.6602e-25 -1.73843e-27
3.88 7.51658e-25 -1.96196e-27
3.89 8.48036e-25 -2.21352e-27
3.9 9.56467e-25 -2.49654e-27
3.91 1.07842e-24 -2.81487e-27
3.92 1.21554e-24 -3.17278e-27
3.93 1.36967e-24 -3.57507e-27
3.94 1.54286e-24 -4.02713e-27
3.95 1.73741e-24 -4.53494e-27
3.96 1.95589e-24 -5.10521e-27
3.97 2.20117e-24 -5.74543e-27
3.98 2.47645e-24 -6.46397e-27
3.99 2.78532e-24 -7.27016e-27
4 3.13176e-24 -8.17443e-27
4.01 3.52024e-24 -9.18843e-27
4.02 3.95572e-24 -1.03251e-26
4.03 4.44376e-24 -1.1599e-26
4.04 4.99053e-24 -1.30262e-26
4.05 5.60294e-24 -1.46246e-26
4.06 6.28865e-24 -1.64145e-26
4.07 7.05623e-24 -1.8418e-26
4.08 7.91521e-24 -2.06601e-26
4.09 8.8762e-24 -2.31684e-26
4.1 9.95101e-24 -2.59738e-26
4.11 1.11528e-23 -2.91107e-26
4.12 1.24962e-23 -3.26171e-26
4.13 1.39974e-23 -3.65356e-26
4.14 1.56746e-23 -4.09133e-26
4.15 1.75478e-23 -4.58028e-26
4.16 1.96394e-23 -5.12623e-26
4.17 2.19743e-23 -5.73567e-26
4.18 2.458e-23 -6.4158e-26
4.19 2.74872e-23 -7.17462e-26
4.2 3.07298e-23 -8.02099e-26
4.21 3.43456e-23 -8.96478e-26
4.22 3.83765e-23 -1.00169e-25
4.23 4.28689e-23 -1.11895e-25
4.24 4.78745e-23 -1.24961e-25
4.25 5.34503e-23 -1.39515e-25
4.26 5.96597e-23 -1.55722e-25
4.27 6.6573e-23 -1.73767e-25
4.28 7.42678e-23 -1.93852e-25
4.29 8.28305e-23 -2.16202e-25
4.3 9.23564e-23 -2.41066e-25
4.31 1.02951e-22 -2.6872e-25
4.32 1.14732e-22 -2.9947e-25
4.33 1.27828e-22 -3.33653e-25
4.34 1.42382e-22 -3.71643e-25
4.35 1.58554e-22 -4.13853e-25
4.36 1.76518e-22 -4.60741e-25
4.37 1.96467e-22 -5.12813e-25
4.38 2.18617e-22 -5.70627e-25
4.39 2.43203e-22 -6.34801e-25
4.4 2.70487e-22 -7.06017e-25
4.41 3.00757e-22 -7.85028e-25
4.42 3.34334e-22 -8.72668e-25
4.43 3.71567e-22 -9.69855e-25
4.44 4.12847e-22 -1.0776e-24
4.45 4.58602e-22 -1.19703e-24
4.46 5.09305e-22 -1.32937e-24
4.47 5.65478e-22 -1.476e-24
4.48 6.27697e-22 -1.6384e-24
4.49 6.96595e-22 -1.81823e-24
4.5 7.72874e-22 -2.01735e-24
4.51 8.57302e-22 -2.23785e-24
4.52 9.5073e-22 -2.48211e-24
4.53 1.05409e-21 -2.75275e-24
4.54 1.16842e-21 -3.05267e-24
4.55 1.29485e-21 -3.38509e-24
4.56 1.43463e-21 -3.75358e-24
4.57 1.58914e-21 -4.1621e-24
4.58 1.75988e-21 -4.61502e-24
4.59 1.94852e-21 -5.11719e-24
4.6 2.15689e-21 -5.67401e-24
4.61 2.38701e-21 -6.29142e-24
4.62 2.64108e-21 -6.97603e-24
4.63 2.92155e-21 -7.73514e-24
4.64 3.23107e-21 -8.57685e-24
4.65 3.5726e-21 -9.51013e-24
4.66 3.94936e-21 -1.05449e-23
4.67 4.36488e-21 -1.16921e-23
4.68 4.82307e-21 -1.2964e-23
4.69 5.32819e-21 -1.43739e-23
4.7 5.88494e-21 -1.59368e-23
4.71 6.49845e-21 -1.76692e-23
4.72 7.17438e-21 -1.95891e-23
4.73 7.91891e-21 -2.17167e-23
4.74 8.73884e-21 -2.40744e-23
4.75 9.64162e-21 -2.66865e-23
4.76 1.06354e-20 -2.95804e-23
4.77 1.17291e-20 -3.2786e-23
4.78 1.29326e-20 -3.63364e-23
4.79 1.42566e-20 -4.02682e-23
4.8 1.57129e-20 -4.46218e-23
4.81 1.73143e-20 -4.94418e-23
4.82 1.9075e-20 -5.47773e-23
4.83 2.10104e-20 -6.06826e-23
4.84 2.31374e-20 -6.72176e-23
4.85 2.54746e-20 -7.44481e-23
4.86 2.80421e-20 -8.24468e-23
4.87 3.08622e-20 -9.12941e-23
4.88 3.39589e-20 -1.01078e-22
4.89 3.73589e-20 -1.11896e-22
4.9 4.10911e-20 -1.23855e-22
4.91 4.51871e-20 -1.37073e-22
4.92 4.96815e-20 -1.5168e-22
4.93 5.46121e-20 -1.67819e-22
4.94 6.00203e-20 -1.85646e-22
4.95 6.5951e-20 -2.05336e-22
4.96 7.24535e-20 -2.27077e-22
4.97 7.95816e-20 -2.51079e-22
4.98 8.73941e-20 -2.77571e-22
4.99 9.59549e-20 -3.06807e-22
5 1.05334e-19 -3.39062e-22
5.01 1.15608e-19 -3.74642e-22
5.02 1.26859e-19 -4.13881e-22
5.03 1.39179e-19 -4.57145e-22
5.04 1.52666e-19 -5.04839e-22
5.05 1.67429e-19 -5.57403e-22
5.06 1.83584e-19 -6.15322e-22
5.07 2.01261e-19 -6.79127e-22
5.08 2.20598e-19 -7.49403e-22
5.09 2.41749e-19 -8.26786e-22
5.1 2.64878e-19 -9.11977e-22
5.11 2.90166e-19 -1.00574e-21
5.12 3.1781e-19 -1.10892e-21
5.13 3.48023e-19 -1.22244e-21
5.14 3.81039e-19 -1.3473e-21
5.15 4.17111e-19 -1.4846e-21
5.16 4.56516e-19 -1.63554e-21
5.17 4.99552e-19 -1.80146e-21
5.18 5.46547e-19 -1.98378e-21
5.19 5.97855e-19 -2.18409e-21
5.2 6.53863e-19 -2.40412e-21
5.21 7.1499e-19 -2.64573e-21
5.22 7.81693e-19 -2.911e-21
5.23 8.54467e-19 -3.20218e-21
5.24 9.33852e-19 -3.52171e-21
5.25 1.02043e-18 -3.87229e-21
5.26 1.11485e-18 -4.25683e-21
5.27 1.21778e-18 -4.67853e-21
5.28 1.32999e-18 -5.14088e-21
5.29 1.45228e-18 -5.64768e-21
5.3 1.58555e-18 -6.20308e-21
5.31 1.73075e-18 -6.8116e-21
5.32 1.88892e-18 -7.47817e-21
5.33 2.06119e-18 -8.20815e-21
5.34 2.2488e-18 -9.00741e-21
5.35 2.45306e-18 -9.88232e-21
5.36 2.67542e-18 -1.08398e-20
5.37 2.91744e-18 -1.18875e-20
5.38 3.18083e-18 -1.30335e-20
5.39 3.46741e-18 -1.42869e-20
5.4 3.77919e-18 -1.56574e-20
5.41 4.11831e-18 -1.71556e-20
5.42 4.48712e-18 -1.8793e-20
5.43 4.88815e-18 -2.05822e-20
5.44 5.32415e-18 -2.25369e-20
5.45 5.79808e-18 -2.46718e-20
5.46 6.31317e-18 -2.70031e-20
5.47 6.8729e-18 -2.95482e-20
5.48 7.48105e-18 -3.23263e-20
5.49 8.14169e-18 -3.53579e-20
5.5 8.85924e-18 -3.86655e-20
5.51 9.63848e-18 -4.22735e-20
5.52 1.04846e-17 -4.62082e-20
5.53 1.14031e-17 -5.04984e-20
5.54 1.24002e-17 -5.51752e-20
5.55 1.34823e-17 -6.02723e-20
5.56 1.46565e-17 -6.58264e-20
5.57 1.59305e-17 -7.18772e-20
5.58 1.73125e-17 -7.84676e-20
5.59 1.88115e-17 -8.56445e-20
5.6 2.0437e-17 -9.34583e-20
5.61 2.21996e-17 -1.01964e-19
5.62 2.41104e-17 -1.1122e-19
5.63 2.61817e-17 -1.21292e-19
5.64 2.84265e-17 -1.32249e-19
5.65 3.08591e-17 -1.44166e-19
5.66 3.34948e-17 -1.57125e-19
5.67 3.635e-17 -1.71214e-19
5.68 3.94426e-17 -1.86529e-19
5.69 4.27918e-17 -2.03173e-19
5.7 4.64184e-17 -2.21258e-19
5.71 5.03449e-17 -2.40904e-19
5.72 5.45952e-17 -2.62242e-19
5.73 5.91956e-17 -2.85415e-19
5.74 6.41741e-17 -3.10574e-19
5.75 6.95609e-17 -3.37884e-19
5.76 7.53887e-17 -3.67524e-19
5.77 8.16928e-17 -3.99686e-19
5.78 8.8511e-17 -4.34579e-19
5.79 9.58842e-17 -4.72427e-19
5.8 1.03856e-16 -5.13473e-19
5.81 1.12475e-16 -5.57979e-19
5.82 1.21791e-16 -6.06227e-19
5.83 1.3186e-16 -6.58523e-19
5.84 1.42741e-16 -7.15196e-19
5.85 1.54497e-16 -7.766e-19
5.86 1.67198e-16 -8.43119e-19
5.87 1.80917e-16 -9.15167e-19
5.88 1.95734e-16 -9.93187e-19
5.89 2.11734e-16 -1.07766e-18
5.9 2.29009e-16 -1.16911e-18
5.91 2.4766e-16 -1.26808e-18
5.92 2.67791e-16 -1.37518e-18
5.93 2.89518e-16 -1.49107e-18
5.94 3.12964e-16 -1.61642e-18
5.95 3.38262e-16 -1.75201e-18
5.96 3.65555e-16 -1.89862e-18
5.97 3.94994e-16 -2.05715e-18
5.98 4.26745e-16 -2.22852e-18
5.99 4.60986e-16 -2.41374e-18
6 4.97905e-16 -2.6139e-18
6.01 5.37708e-16 -2.83017e-18
6.02 5.80613e-16 -3.0638e-18
6.03 6.26857e-16 -3.31615e-18
6.04 6.76692e-16 -3.58868e-18
6.05 7.3039e-16 -3.88294e-18
6.06 7.88243e-16 -4.20062e-18
6.07 8.50565e-16 -4.54352e-18
6.08 9.17691e-16 -4.91359e-18
6.09 9.89983e-16 -5.31292e-18
6.1 1.06783e-15 -5.74376e-18
6.11 1.15164e-15 -6.2085e-18
6.12 1.24187e-15 -6.70974e-18
6.13 1.33899e-15 -7.25027e-18
6.14 1.44351e-15 -7.83307e-18
6.15 1.55599e-15 -8.46135e-18
6.16 1.67702e-15 -9.13854e-18
6.17 1.80722e-15 -9.86836e-18
6.18 1.94728e-15 -1.06548e-17
6.19 2.09793e-15 -1.1502e-17
6.2 2.25993e-15 -1.24146e-17
6.21 2.43414e-15 -1.33976e-17
6.22 2.62143e-15 -1.44561e-17
6.23 2.82278e-15 -1.55958e-17
6.24 3.0392e-15 -1.68228e-17
6.25 3.2718e-15 -1.81435e-17
6.26 3.52175e-15 -1.95649e-17
6.27 3.79032e-15 -2.10944e-17
6.28 4.07886e-15 -2.274e-17
6.29 4.38881e-15 -2.45103e-17
6.3 4.72173e-15 -2.64145e-17
6.31 5.07926e-15 -2.84623e-17
6.32 5.46318e-15 -3.06642e-17
6.33 5.8754e-15 -3.30316e-17
6.34 6.31793e-15 -3.55766e-17
6.35 6.79296e-15 -3.8312e-17
6.36 7.3028e-15 -4.12516e-17
6.37 7.84994e-15 -4.44103e-17
6.38 8.43705e-15 -4.7804e-17
6.39 9.06696e-15 -5.14496e-17
6.4 9.74271e-15 -5.53652e-17
6.41 1.04676e-14 -5.95702e-17
6.42 1.1245e-14 -6.40856e-17
6.43 1.20787e-14 -6.89334e-17
6.44 1.29726e-14 -7.41374e-17
6.45 1.3931e-14 -7.97232e-17
6.46 1.49585e-14 -8.57178e-17
6.47 1.60598e-14 -9.21502e-17
6.48 1.72402e-14 -9.90517e-17
6.49 1.85051e-14 -1.06455e-16
6.5 1.98604e-14 -1.14397e-16
6.51 2.13125e-14 -1.22914e-16
6.52 2.28682e-14 -1.32047e-16
6.53 2.45344e-14 -1.41839e-16
6.54 2.6319e-14 -1.52337e-16
6.55 2.82302e-14 -1.6359e-16
6.56 3.02765e-14 -1.75651e-16
6.57 3.24675e-14 -1.88575e-16
6.58 3.4813e-14 -2.02424e-16
6.59 3.73236e-14 -2.17261e-16
6.6 4.00107e-14 -2.33155e-16
6.61 4.28863e-14 -2.5018e-16
6.62 4.59634e-14 -2.68412e-16
6.63 4.92556e-14 -2.87935e-16
6.64 5.27776e-14 -3.08839e-16
6.65 5.6545e-14 -3.31217e-16
6.66 6.05745e-14 -3.55171e-16
6.67 6.48839e-14 -3.80809e-16
6.68 6.94921e-14 -4.08246e-16
6.69 7.44191e-14 -4.37604e-16
6.7 7.96866e-14 -4.69015e-16
6.71 8.53174e-14 -5.02616e-16
6.72 9.1336e-14 -5.38558e-16
6.73 9.77683e-14 -5.76998e-16
6.74 1.04642e-13 -6.18105e-16
6.75 1.11987e-13 -6.62058e-16
6.76 1.19834e-13 -7.0905e-16
6.77 1.28216e-13 -7.59284e-16
6.78 1.3717e-13 -8.12978e-16
6.79 1.46734e-13 -8.70363e-16
6.8 1.56947e-13 -9.31686e-16
6.81 1.67853e-13 -9.97208e-16
6.82 1.79497e-13 -1.06721e-15
6.83 1.91928e-13 -1.14199e-15
6.84 2.05198e-13 -1.22187e-15
6.85 2.19363e-13 -1.30717e-15
6.86 2.34479e-13 -1.39827e-15
6.87 2.50611e-13 -1.49553e-15
6.88 2.67824e-13 -1.59938e-15
6.89 2.86189e-13 -1.71024e-15
6.9 3.05781e-13 -1.82856e-15
6.91 3.26679e-13 -1.95485e-15
6.92 3.4897e-13 -2.08962e-15
6.93 3.72742e-13 -2.23342e-15
6.94 3.98091e-13 -2.38685e-15
6.95 4.2512e-13 -2.55052e-15
6.96 4.53937e-13 -2.7251e-15
6.97 4.84658e-13 -2.9113e-15
6.98 5.17403e-13 -3.10988e-15
6.99 5.52304e-13 -3.32163e-15
7 5.89498e-13 -3.54739e-15
7.01 6.29133e-13 -3.78808e-15
7.02 6.71363e-13 -4.04464e-15
7.03 7.16355e-13 -4.31811e-15
7.04 7.64285e-13 -4.60955e-15
7.05 8.15338e-13 -4.92012e-15
7.06 8.69713e-13 -5.25104e-15
7.07 9.2762e-13 -5.6036e-15
7.08 9.89283e-13 -5.97919e-15
7.09 1.05494e-12 -6.37925e-15
7.1 1.12484e-12 -6.80534e-15
7.11 1.19925e-12 -7.25912e-15
7.12 1.27846e-12 -7.74231e-15
7.13 1.36276e-12 -8.25679e-15
7.14 1.45248e-12 -8.80451e-15
7.15 1.54795e-12 -9.38757e-15
7.16 1.64953e-12 -1.00082e-14
7.17 1.75761e-12 -1.06687e-14
7.18 1.87258e-12 -1.13716e-14
7.19 1.99488e-12 -1.21195e-14
7.2 2.12496e-12 -1.29153e-14
7.21 2.2633e-12 -1.37619e-14
7.22 2.41041e-12 -1.46625e-14
7.23 2.56683e-12 -1.56204e-14
7.24 2.73314e-12 -1.66391e-14
7.25 2.90995e-12 -1.77225e-14
7.26 3.09789e-12 -1.88745e-14
7.27 3.29765e-12 -2.00993e-14
7.28 3.50996e-12 -2.14014e-14
7.29 3.73559e-12 -2.27855e-14
7.3 3.97533e-12 -2.42568e-14
7.31 4.23006e-12 -2.58204e-14
7.32 4.50069e-12 -2.7482e-14
7.33 4.78817e-12 -2.92476e-14
7.34 5.09354e-12 -3.11236e-14
7.35 5.41788e-12 -3.31166e-14
7.36 5.76232e-12 -3.52337e-14
7.37 6.12809e-12 -3.74825e-14
7.38 6.51647e-12 -3.98708e-14
7.39 6.92882e-12 -4.24072e-14
7.4 7.36657e-12 -4.51005e-14
7.41 7.83126e-12 -4.79602e-14
7.42 8.32448e-12 -5.09962e-14
7.43 8.84796e-12 -5.42192e-14
7.44 9.40349e-12 -5.76403e-14
7.45 9.99298e-12 -6.12713e-14
7.46 1.06184e-11 -6.51249e-14
7.47 1.1282e-11 -6.92141e-14
7.48 1.1986e-11 -7.35531e-14
7.49 1.27327e-11 -7.81567e-14
7.5 1.35248e-11 -8.30405e-14
7.51 1.43648e-11 -8.82211e-14
7.52 1.52556e-11 -9.37161e-14
7.53 1.62001e-11 -9.95439e-14
7.54 1.72016e-11 -1.05724e-13
7.55 1.82634e-11 -1.12278e-13
7.56 1.9389e-11 -1.19227e-13
7.57 2.05822e-11 -1.26594e-13
7.58 2.18468e-11 -1.34403e-13
7.59 2.3187e-11 -1.42682e-13
7.6 2.46073e-11 -1.51456e-13
7.61 2.61123e-11 -1.60755e-13
7.62 2.77069e-11 -1.7061e-13
7.63 2.93963e-11 -1.81052e-13
7.64 3.1186e-11 -1.92115e-13
7.65 3.30818e-11 -2.03836e-13
7.66 3.50897e-11 -2.16253e-13
7.67 3.72162e-11 -2.29405e-13
7.68 3.94682e-11 -2.43336e-13
7.69 4.18529e-11 -2.58089e-13
7.7 4.43778e-11 -2.73712e-13
7.71 4.70509e-11 -2.90255e-13
7.72 4.98808e-11 -3.0777e-13
7.73 5.28764e-11 -3.26313e-13
7.74 5.60471e-11 -3.45943e-13
7.75 5.94028e-11 -3.66722e-13
7.76 6.2954e-11 -3.88714e-13
7.77 6.6712e-11 -4.11989e-13
7.78 7.06882e-11 -4.36619e-13
7.79 7.48951e-11 -4.62682e-13
7.8 7.93457e-11 -4.90258e-13
7.81 8.40537e-11 -5.19432e-13
7.82 8.90335e-11 -5.50294e-13
7.83 9.43005e-11 -5.8294e-13
7.84 9.98707e-11 -6.17469e-13
7.85 1.05761e-10 -6.53988e-13
7.86 1.1199e-10 -6.92607e-13
7.87 1.18575e-10 -7.33444e-13
7.88 1.25538e-10 -7.76623e-13
7.89 1.32898e-10 -8.22274e-13
7.9 1.40678e-10 -8.70535e-13
7.91 1.48901e-10 -9.2155e-13
7.92 1.57592e-10 -9.75473e-13
7.93 1.66777e-10 -1.03246e-12
7.94 1.76483e-10 -1.09269e-12
7.95 1.86738e-10 -1.15634e-12
7.96 1.97573e-10 -1.22359e-12
7.97 2.0902e-10 -1.29465e-12
7.98 2.21113e-10 -1.36972e-12
7.99 2.33886e-10 -1.44902e-12
8 2.47376e-10 -1.53278e-12
8.01 2.61624e-10 -1.62126e-12
8.02 2.76671e-10 -1.7147e-12
8.03 2.92559e-10 -1.81338e-12
8.04 3.09336e-10 -1.91758e-12
8.05 3.27048e-10 -2.0276e-12
8.06 3.45747e-10 -2.14376e-12
8.07 3.65486e-10 -2.26639e-12
8.08 3.86321e-10 -2.39585e-12
8.09 4.08312e-10 -2.53249e-12
8.1 4.31521e-10 -2.67672e-12
8.11 4.56013e-10 -2.82893e-12
8.12 4.81858e-10 -2.98956e-12
8.13 5.09127e-10 -3.15905e-12
8.14 5.37898e-10 -3.33789e-12
8.15 5.6825e-10 -3.52657e-12
8.16 6.00269e-10 -3.72563e-12
8.17 6.34042e-10 -3.93561e-12
8.18 6.69664e-10 -4.15709e-12
8.19 7.07233e-10 -4.3907e-12
8.2 7.46852e-10 -4.63707e-12
8.21 7.8863e-10 -4.89688e-12
8.22 8.32681e-10 -5.17085e-12
8.23 8.79126e-10 -5.45972e-12
8.24 9.2809e-10 -5.76428e-12
8.25 9.79707e-10 -6.08536e-12
8.26 1.03412e-09 -6.42382e-12
8.27 1.09146e-09 -6.78059e-12
8.28 1.15191e-09 -7.15663e-12
8.29 1.2156e-09 -7.55294e-12
8.3 1.28272e-09 -7.97058e-12
8.31 1.35345e-09 -8.41068e-12
8.32 1.42797e-09 -8.8744e-12
8.33 1.50648e-09 -9.36298e-12
8.34 1.58919e-09 -9.87771e-12
8.35 1.67631e-09 -1.042e-11
8.36 1.76808e-09 -1.09911e-11
8.37 1.86474e-09 -1.15927e-11
8.38 1.96653e-09 -1.22264e-11
8.39 2.07373e-09 -1.28937e-11
8.4 2.1866e-09 -1.35964e-11
8.41 2.30546e-09 -1.43363e-11
8.42 2.43059e-09 -1.51154e-11
8.43 2.56234e-09 -1.59356e-11
8.44 2.70102e-09 -1.67991e-11
8.45 2.847e-09 -1.77081e-11
8.46 3.00066e-09 -1.86649e-11
8.47 3.16237e-09 -1.96719e-11
8.48 3.33257e-09 -2.07318e-11
8.49 3.51167e-09 -2.18471e-11
8.5 3.70012e-09 -2.30208e-11
8.51 3.89841e-09 -2.42558e-11
8.52 4.10704e-09 -2.55552e-11
8.53 4.32651e-09 -2.69222e-11
8.54 4.55739e-09 -2.83603e-11
8.55 4.80025e-09 -2.98731e-11
8.56 5.05569e-09 -3.14643e-11
8.57 5.32435e-09 -3.31379e-11
8.58 5.60688e-09 -3.4898e-11
8.59 5.90399e-09 -3.6749e-11
8.6 6.2164e-09 -3.86953e-11
8.61 6.54489e-09 -4.07419e-11
8.62 6.89025e-09 -4.28937e-11
8.63 7.25332e-09 -4.51559e-11
8.64 7.63499e-09 -4.7534e-11
8.65 8.03619e-09 -5.00339e-11
8.66 8.45787e-09 -5.26616e-11
8.67 8.90107e-09 -5.54233e-11
8.68 9.36684e-09 -5.83258e-11
8.69 9.8563e-09 -6.13761e-11
8.7 1.03706e-08 -6.45813e-11
8.71 1.0911e-08 -6.79492e-11
8.72 1.14788e-08 -7.14878e-11
8.73 1.20753e-08 -7.52054e-11
8.74 1.27019e-08 -7.91109e-11
8.75 1.33601e-08 -8.32135e-11
8.76 1.40515e-08 -8.75228e-11
8.77 1.47777e-08 -9.2049e-11
8.78 1.55403e-08 -9.68026e-11
8.79 1.63411e-08 -1.01795e-10
8.8 1.71821e-08 -1.07037e-10
8.81 1.80651e-08 -1.12542e-10
8.82 1.89923e-08 -1.18321e-10
8.83 1.99656e-08 -1.24389e-10
8.84 2.09875e-08 -1.3076e-10
8.85 2.20602e-08 -1.37447e-10
8.86 2.31861e-08 -1.44467e-10
8.87 2.43679e-08 -1.51834e-10
8.88 2.56082e-08 -1.59567e-10
8.89 2.69099e-08 -1.67683e-10
8.9 2.82758e-08 -1.762e-10
8.91 2.97091e-08 -1.85136e-10
8.92 3.12131e-08 -1.94514e-10
8.93 3.27909e-08 -2.04352e-10
8.94 3.44463e-08 -2.14674e-10
8.95 3.61829e-08 -2.25503e-10
8.96 3.80045e-08 -2.36862e-10
8.97 3.99153e-08 -2.48777e-10
8.98 4.19193e-08 -2.61274e-10
8.99 4.40212e-08 -2.74381e-10
9 4.62254e-08 -2.88126e-10
9.01 4.85368e-08 -3.02541e-10
9.02 5.09605e-08 -3.17656e-10
9.03 5.35018e-08 -3.33504e-10
9.04 5.61662e-08 -3.5012e-10
9.05 5.89595e-08 -3.67541e-10
9.06 6.18877e-08 -3.85803e-10
9.07 6.49572e-08 -4.04947e-10
9.08 6.81746e-08 -4.25013e-10
9.09 7.15467e-08 -4.46045e-10
9.1 7.50809e-08 -4.68088e-10
9.11 7.87847e-08 -4.91189e-10
9.12 8.26659e-08 -5.15397e-10
9.13 8.67328e-08 -5.40763e-10
9.14 9.0994e-08 -5.67342e-10
9.15 9.54586e-08 -5.9519e-10
9.16 1.00136e-07 -6.24365e-10
9.17 1.05036e-07 -6.54929e-10
9.18 1.10169e-07 -6.86945e-10
9.19 1.15545e-07 -7.20482e-10
9.2 1.21176e-07 -7.55608e-10
9.21 1.27074e-07 -7.92398e-10
9.22 1.3325e-07 -8.30926e-10
9.23 1.39718e-07 -8.71274e-10
9.24 1.46491e-07 -9.13524e-10
9.25 1.53583e-07 -9.57763e-10
9.26 1.61008e-07 -1.00408e-09
9.27 1.68782e-07 -1.05258e-09
9.28 1.7692e-07 -1.10335e-09
9.29 1.85439e-07 -1.15649e-09
9.3 1.94356e-07 -1.21212e-09
9.31 2.0369e-07 -1.27035e-09
9.32 2.13459e-07 -1.3313e-09
9.33 2.23682e-07 -1.39508e-09
9.34 2.34382e-07 -1.46183e-09
9.35 2.45578e-07 -1.53168e-09
9.36 2.57293e-07 -1.60477e-09
9.37 2.69551e-07 -1.68125e-09
9.38 2.82376e-07 -1.76126e-09
9.39 2.95793e-07 -1.84497e-09
9.4 3.09829e-07 -1.93255e-09
9.41 3.24512e-07 -2.02415e-09
9.42 3.3987e-07 -2.11998e-09
9.43 3.55934e-07 -2.2202e-09
9.44 3.72735e-07 -2.32503e-09
9.45 3.90306e-07 -2.43466e-09
9.46 4.0868e-07 -2.5493e-09
9.47 4.27894e-07 -2.66919e-09
9.48 4.47985e-07 -2.79455e-09
9.49 4.68992e-07 -2.92562e-09
9.5 4.90955e-07 -3.06266e-09
9.51 5.13916e-07 -3.20593e-09
9.52 5.37919e-07 -3.3557e-09
9.53 5.6301e-07 -3.51226e-09
9.54 5.89238e-07 -3.67591e-09
9.55 6.16651e-07 -3.84697e-09
9.56 6.45301e-07 -4.02574e-09
9.57 6.75244e-07 -4.21258e-09
9.58 7.06534e-07 -4.40783e-09
9.59 7.39232e-07 -4.61186e-09
9.6 7.73398e-07 -4.82506e-09
9.61 8.09097e-07 -5.04782e-09
9.62 8.46395e-07 -5.28056e-09
9.63 8.85361e-07 -5.52371e-09
9.64 9.26067e-07 -5.77773e-09
9.65 9.6859e-07 -6.04308e-09
9.66 1.01301e-06 -6.32025e-09
9.67 1.0594e-06 -6.60976e-09
9.68 1.10786e-06 -6.91213e-09
9.69 1.15846e-06 -7.22792e-09
9.7 1.21131e-06 -7.55771e-09
9.71 1.2665e-06 -7.9021e-09
9.72 1.32412e-06 -8.26171e-09
9.73 1.38429e-06 -8.6372e-09
9.74 1.44711e-06 -9.02924e-09
9.75 1.5127e-06 -9.43855e-09
9.76 1.58117e-06 -9.86585e-09
9.77 1.65265e-06 -1.03119e-08
9.78 1.72727e-06 -1.07775e-08
9.79 1.80515e-06 -1.12636e-08
9.8 1.88643e-06 -1.17708e-08
9.81 1.97127e-06 -1.23003e-08
9.82 2.05981e-06 -1.28528e-08
9.83 2.15221e-06 -1.34294e-08
9.84 2.24862e-06 -1.40311e-08
9.85 2.34922e-06 -1.4659e-08
9.86 2.45419e-06 -1.53141e-08
9.87 2.56371e-06 -1.59976e-08
9.88 2.67797e-06 -1.67107e-08
9.89 2.79717e-06 -1.74545e-08
9.9 2.92151e-06 -1.82306e-08
9.91 3.05121e-06 -1.904e-08
9.92 3.1865e-06 -1.98843e-08
9.93 3.32761e-06 -2.0765e-08
9.94 3.47477e-06 -2.16834e-08
9.95 3.62824e-06 -2.26412e-08
9.96 3.78829e-06 -2.36401e-08
9.97 3.95518e-06 -2.46817e-08
9.98 4.1292e-06 -2.57677e-08
9.99 4.31065e-06 -2.69002e-08
10 4.49983e-06 -2.80808e-08
10.01 4.69705e-06 -2.93117e-08
10.02 4.90266e-06 -3.0595e-08
10.03 5.11699e-06 -3.19326e-08
10.04 5.34041e-06 -3.3327e-08
10.05 5.57328e-06 -3.47804e-08
10.06 5.816e-06 -3.62953e-08
10.07 6.06896e-06 -3.78741e-08
10.08 6.3326e-06 -3.95195e-08
10.09 6.60733e-06 -4.12342e-08
10.1 6.89362e-06 -4.3021e-08
10.11 7.19193e-06 -4.48828e-08
10.12 7.50275e-06 -4.68228e-08
10.13 7.8266e-06 -4.8844e-08
10.14 8.16399e-06 -5.09498e-08
10.15 8.51548e-06 -5.31435e-08
10.16 8.88164e-06 -5.54289e-08
10.17 9.26306e-06 -5.78094e-08
10.18 9.66035e-06 -6.02891e-08
10.19 1.00742e-05 -6.28718e-08
10.2 1.05051e-05 -6.55618e-08
10.21 1.0954e-05 -6.83633e-08
10.22 1.14214e-05 -7.12808e-08
10.23 1.19082e-05 -7.4319e-08
10.24 1.24151e-05 -7.74826e-08
10.25 1.29429e-05 -8.07767e-08
10.26 1.34924e-05 -8.42066e-08
10.27 1.40645e-05 -8.77775e-08
10.28 1.46602e-05 -9.14952e-08
10.29 1.52802e-05 -9.53655e-08
10.3 1.59257e-05 -9.93943e-08
10.31 1.65976e-05 -1.03588e-07
10.32 1.7297e-05 -1.07953e-07
10.33 1.80249e-05 -1.12497e-07
10.34 1.87825e-05 -1.17225e-07
10.35 1.9571e-05 -1.22147e-07
10.36 2.03915e-05 -1.27268e-07
10.37 2.12454e-05 -1.32597e-07
10.38 2.21338e-05 -1.38143e-07
10.39 2.30583e-05 -1.43913e-07
10.4 2.40202e-05 -1.49917e-07
10.41 2.50209e-05 -1.56163e-07
10.42 2.60621e-05 -1.62662e-07
10.43 2.71452e-05 -1.69422e-07
10.44 2.82719e-05 -1.76454e-07
10.45 2.94438e-05 -1.83769e-07
10.46 3.06629e-05 -1.91378e-07
10.47 3.19308e-05 -1.99292e-07
10.48 3.32495e-05 -2.07523e-07
10.49 3.46209e-05 -2.16083e-07
10.5 3.60471e-05 -2.24985e-07
10.51 3.75303e-05 -2.34243e-07
10.52 3.90725e-05 -2.43869e-07
10.53 4.0676e-05 -2.53878e-07
10.54 4.23433e-05 -2.64285e-07
10.55 4.40768e-05 -2.75105e-07
10.56 4.5879e-05 -2.86354e-07
10.57 4.77526e-05 -2.98048e-07
10.58 4.97002e-05 -3.10205e-07
10.59 5.17247e-05 -3.22842e-07
10.6 5.38291e-05 -3.35977e-07
10.61 5.60164e-05 -3.49629e-07
10.62 5.82897e-05 -3.63819e-07
10.63 6.06523e-05 -3.78566e-07
10.64 6.31077e-05 -3.93892e-07
10.65 6.56592e-05 -4.09818e-07
10.66 6.83107e-05 -4.26368e-07
10.67 7.10658e-05 -4.43565e-07
10.68 7.39284e-05 -4.61433e-07
10.69 7.69026e-05 -4.79998e-07
10.7 7.99927e-05 -4.99286e-07
10.71 8.3203e-05 -5.19324e-07
10.72 8.65379e-05 -5.4014e-07
10.73 9.00023e-05 -5.61764e-07
10.74 9.36008e-05 -5.84226e-07
10.75 9.73386e-05 -6.07557e-07
10.76 0.000101221 -6.3179e-07
10.77 0.000105253 -6.56958e-07
10.78 0.000109441 -6.83096e-07
10.79 0.000113789 -7.10241e-07
10.8 0.000118305 -7.38429e-07
10.81 0.000122995 -7.677e-07
10.82 0.000127864 -7.98094e-07
10.83 0.00013292 -8.29652e-07
10.84 0.000138169 -8.62417e-07
10.85 0.000143619 -8.96434e-07
10.86 0.000149276 -9.3175e-07
10.87 0.00015515 -9.68411e-07
10.88 0.000161247 -1.00647e-06
10.89 0.000167576 -1.04597e-06
10.9 0.000174145 -1.08698e-06
10.91 0.000180963 -1.12954e-06
10.92 0.000188039 -1.17371e-06
10.93 0.000195383 -1.21955e-06
10.94 0.000203005 -1.26712e-06
10.95 0.000210914 -1.31649e-06
10.96 0.000219121 -1.36772e-06
10.97 0.000227637 -1.42088e-06
10.98 0.000236474 -1.47603e-06
10.99 0.000245642 -1.53326e-06
11 0.000255153 -1.59263e-06
11.01 0.000265021 -1.65423e-06
11.02 0.000275258 -1.71813e-06
11.03 0.000285877 -1.78441e-06
11.04 0.000296893 -1.85317e-06
11.05 0.000308319 -1.92449e-06
11.06 0.00032017 -1.99847e-06
11.07 0.000332462 -2.07519e-06
11.08 0.00034521 -2.15477e-06
11.09 0.00035843 -2.23729e-06
11.1 0.00037214 -2.32287e-06
11.11 0.000386357 -2.41161e-06
11.12 0.0004011 -2.50363e-06
11.13 0.000416386 -2.59905e-06
11.14 0.000432235 -2.69798e-06
11.15 0.000448667 -2.80055e-06
11.16 0.000465704 -2.9069e-06
11.17 0.000483366 -3.01714e-06
11.18 0.000501675 -3.13143e-06
11.19 0.000520654 -3.2499e-06
11.2 0.000540328 -3.3727e-06
11.21 0.00056072 -3.49999e-06
11.22 0.000581856 -3.63192e-06
11.23 0.000603762 -3.76866e-06
11.24 0.000626465 -3.91038e-06
11.25 0.000649993 -4.05724e-06
11.26 0.000674375 -4.20943e-06
11.27 0.000699641 -4.36714e-06
11.28 0.000725821 -4.53057e-06
11.29 0.000752948 -4.6999e-06
11.3 0.000781055 -4.87534e-06
11.31 0.000810176 -5.05712e-06
11.32 0.000840346 -5.24544e-06
11.33 0.000871601 -5.44054e-06
11.34 0.000903979 -5.64265e-06
11.35 0.00093752 -5.85201e-06
11.36 0.000972262 -6.06888e-06
11.37 0.00100825 -6.29351e-06
11.38 0.00104552 -6.52617e-06
11.39 0.00108413 -6.76714e-06
11.4 0.00112411 -7.01671e-06
11.41 0.00116551 -7.27517e-06
11.42 0.00120839 -7.54282e-06
11.43 0.00125279 -7.81999e-06
11.44 0.00129877 -8.10699e-06
11.45 0.00134638 -8.40417e-06
11.46 0.00139567 -8.71186e-06
11.47 0.00144671 -9.03044e-06
11.48 0.00149955 -9.36026e-06
11.49 0.00155425 -9.70172e-06
11.5 0.00161088 -1.00552e-05
11.51 0.0016695 -1.04211e-05
11.52 0.00173019 -1.07999e-05
11.53 0.001793 -1.1192e-05
11.54 0.00185801 -1.15978e-05
11.55 0.0019253 -1.20178e-05
11.56 0.00199494 -1.24526e-05
11.57 0.00206702 -1.29025e-05
11.58 0.0021416 -1.33681e-05
11.59 0.00221879 -1.38499e-05
11.6 0.00229866 -1.43484e-05
11.61 0.00238131 -1.48643e-05
11.62 0.00246683 -1.53981e-05
11.63 0.00255531 -1.59504e-05
11.64 0.00264685 -1.65219e-05
11.65 0.00274156 -1.71131e-05
11.66 0.00283954 -1.77247e-05
11.67 0.0029409 -1.83574e-05
11.68 0.00304575 -1.90119e-05
11.69 0.00315421 -1.96889e-05
11.7 0.0032664 -2.03892e-05
11.71 0.00338243 -2.11135e-05
11.72 0.00350245 -2.18626e-05
11.73 0.00362657 -2.26374e-05
11.74 0.00375494 -2.34387e-05
11.75 0.00388769 -2.42674e-05
11.76 0.00402497 -2.51243e-05
11.77 0.00416693 -2.60104e-05
11.78 0.00431371 -2.69267e-05
11.79 0.00446549 -2.78741e-05
11.8 0.00462242 -2.88536e-05
11.81 0.00478466 -2.98664e-05
11.82 0.00495241 -3.09135e-05
11.83 0.00512582 -3.1996e-05
11.84 0.00530509 -3.3115e-05
11.85 0.00549041 -3.42718e-05
11.86 0.00568197 -3.54675e-05
11.87 0.00587998 -3.67035e-05
11.88 0.00608464 -3.79811e-05
11.89 0.00629617 -3.93015e-05
11.9 0.0065148 -4.06662e-05
11.91 0.00674074 -4.20766e-05
11.92 0.00697424 -4.35341e-05
11.93 0.00721554 -4.50404e-05
11.94 0.0074649 -4.65968e-05
11.95 0.00772255 -4.82052e-05
11.96 0.00798879 -4.98671e-05
11.97 0.00826387 -5.15842e-05
11.98 0.00854809 -5.33583e-05
11.99 0.00884172 -5.51912e-05
12 0.00914509 -5.70849e-05
12.01 0.00945848 -5.90411e-05
12.02 0.00978223 -6.1062e-05
12.03 0.0101167 -6.31496e-05
12.04 0.0104621 -6.5306e-05
12.05 0.0108189 -6.75333e-05
12.06 0.0111875 -6.98338e-05
12.07 0.0115681 -7.22099e-05
12.08 0.0119613 -7.46639e-05
12.09 0.0123673 -7.71982e-05
12.1 0.0127865 -7.98155e-05
12.11 0.0132195 -8.25182e-05
12.12 0.0136666 -8.53092e-05
12.13 0.0141283 -8.8191e-05
12.14 0.014605 -9.11667e-05
12.15 0.0150972 -9.42392e-05
12.16 0.0156054 -9.74114e-05
12.17 0.0161301 -0.000100686
12.18 0.0166717 -0.000104068
12.19 0.0172309 -0.000107558
12.2 0.0178082 -0.000111161
12.21 0.018404 -0.000114881
12.22 0.0190191 -0.00011872
12.23 0.019654 -0.000122683
12.24 0.0203093 -0.000126774
12.25 0.0209856 -0.000130996
12.26 0.0216837 -0.000135353
12.27 0.022404 -0.00013985
12.28 0.0231475 -0.00014449
12.29 0.0239147 -0.000149279
12.3 0.0247063 -0.000154221
12.31 0.0255232 -0.00015932
12.32 0.0263661 -0.000164582
12.33 0.0272359 -0.000170011
12.34 0.0281332 -0.000175612
12.35 0.029059 -0.000181391
12.36 0.0300141 -0.000187353
12.37 0.0309994 -0.000193504
12.38 0.0320159 -0.000199849
12.39 0.0330645 -0.000206394
12.4 0.0341461 -0.000213146
12.41 0.0352618 -0.00022011
12.42 0.0364125 -0.000227293
12.43 0.0375994 -0.000234702
12.44 0.0388236 -0.000242343
12.45 0.040086 -0.000250224
12.46 0.041388 -0.000258351
12.47 0.0427307 -0.000266732
12.48 0.0441153 -0.000275375
12.49 0.0455431 -0.000284288
12.5 0.0470153 -0.000293478
12.51 0.0485333 -0.000302953
12.52 0.0500984 -0.000312723
12.53 0.0517121 -0.000322796
12.54 0.0533759 -0.000333181
12.55 0.0550911 -0.000343888
12.56 0.0568593 -0.000354926
12.57 0.0586821 -0.000366304
12.58 0.0605611 -0.000378033
12.59 0.0624979 -0.000390123
12.6 0.0644944 -0.000402585
12.61 0.0665522 -0.00041543
12.62 0.0686731 -0.00042867
12.63 0.070859 -0.000442314
12.64 0.0731118 -0.000456377
12.65 0.0754334 -0.000470869
12.66 0.077826 -0.000485804
12.67 0.0802915 -0.000501194
12.68 0.0828321 -0.000517053
12.69 0.08545 -0.000533394
12.7 0.0881474 -0.000550232
12.71 0.0909267 -0.000567581
12.72 0.0937902 -0.000585455
12.73 0.0967403 -0.000603871
12.74 0.0997797 -0.000622843
12.75 0.102911 -0.000642388
12.76 0.106136 -0.000662523
12.77 0.109459 -0.000683264
12.78 0.112882 -0.000704629
12.79 0.116407 -0.000726636
12.8 0.120039 -0.000749303
12.81 0.123779 -0.00077265
12.82 0.127631 -0.000796695
12.83 0.131598 -0.00082146
12.84 0.135684 -0.000846964
12.85 0.139892 -0.000873229
12.86 0.144224 -0.000900276
12.87 0.148686 -0.000928128
12.88 0.153281 -0.000956807
12.89 0.158012 -0.000986338
12.9 0.162883 -0.00101674
12.91 0.167898 -0.00104805
12.92 0.173061 -0.00108028
12.93 0.178377 -0.00111347
12.94 0.18385 -0.00114763
12.95 0.189484 -0.0011828
12.96 0.195284 -0.001219
12.97 0.201254 -0.00125627
12.98 0.2074 -0.00129463
12.99 0.213726 -0.00133412
13 0.220236 -0.00137476
13.01 0.226938 -0.00141659
13.02 0.233835 -0.00145964
13.03 0.240933 -0.00150395
13.04 0.248238 -0.00154955
13.05 0.255755 -0.00159647
13.06 0.263491 -0.00164476
13.07 0.271452 -0.00169445
13.08 0.279643 -0.00174559
13.09 0.288072 -0.0017982
13.1 0.296744 -0.00185233
13.11 0.305667 -0.00190803
13.12 0.314847 -0.00196533
13.13 0.324291 -0.00202429
13.14 0.334008 -0.00208494
13.15 0.344003 -0.00214734
13.16 0.354286 -0.00221152
13.17 0.364863 -0.00227755
13.18 0.375744 -0.00234546
13.19 0.386935 -0.00241532
13.2 0.398446 -0.00248718
13.21 0.410286 -0.00256108
13.22 0.422463 -0.00263709
13.23 0.434986 -0.00271527
13.24 0.447865 -0.00279566
13.25 0.46111 -0.00287834
13.26 0.474731 -0.00296336
13.27 0.488737 -0.00305079
13.28 0.503139 -0.00314069
13.29 0.517948 -0.00323313
13.3 0.533175 -0.00332818
13.31 0.548831 -0.00342591
13.32 0.564928 -0.00352639
13.33 0.581477 -0.00362969
13.34 0.59849 -0.00373589
13.35 0.615981 -0.00384507
13.36 0.633961 -0.00395731
13.37 0.652444 -0.00407268
13.38 0.671444 -0.00419128
13.39 0.690973 -0.00431319
13.4 0.711047 -0.00443849
13.41 0.73168 -0.00456729
13.42 0.752885 -0.00469966
13.43 0.77468 -0.0048357
13.44 0.797079 -0.00497552
13.45 0.820098 -0.00511921
13.46 0.843754 -0.00526688
13.47 0.868063 -0.00541862
13.48 0.893043 -0.00557455
13.49 0.918711 -0.00573477
13.5 0.945085 -0.00589941
13.51 0.972185 -0.00606857
13.52 1 -0.0062422
