0 -0 -0
0.08 -9.24545e-15 6.69855e-19
0.16 -2.18458e-12 3.18561e-16
0.12 -3.06986e-13 3.94559e-17
0.1 -6.79108e-14 7.35696e-18
0.09 -2.6662e-14 2.43179e-18
0.1 -6.87689e-14 7.72499e-18
0.11 -1.62058e-13 2.19628e-17
0.12 -3.54441e-13 5.6969e-17
0.13 -7.28105e-13 1.3683e-16
0.14 -1.41792e-12 3.07837e-16
0.15 -2.63703e-12 6.54653e-16
0.16 -4.71154e-12 1.32567e-15
0.17 -8.12653e-12 2.57157e-15
0.18 -1.35859e-11 4.80224e-15
0.19 -2.20892e-11 8.66906e-15
0.2 -3.50283e-11 1.5181e-14
0.21 -5.43077e-11 2.58658e-14
0.22 -8.24934e-11 4.29892e-14
0.23 -1.22993e-10 6.98497e-14
0.24 -1.80275e-10 1.11168e-13
0.25 -2.60126e-10 1.73597e-13
0.26 -3.69966e-10 2.66379e-13
0.27 -5.19208e-10 4.02186e-13
0.28 -7.19686e-10 5.98186e-13
0.29 -9.8615e-10 8.77376e-13
0.3 -1.33684e-09 1.27024e-12
0.31 -1.79415e-09 1.8168e-12
0.32 -2.38537e-09 2.56912e-12
0.33 -3.14355e-09 3.59436e-12
0.34 -4.10849e-09 4.97846e-12
0.35 -5.3278e-09 6.83057e-12
0.36 -6.85819e-09 9.28837e-12
0.37 -8.76679e-09 1.25243e-11
0.38 -1.11328e-08 1.67531e-11
0.39 -1.4049e-08 2.22405e-11
0.4 -1.7624e-08 2.93133e-11
0.41 -2.19839e-08 3.83719e-11
0.42 -2.72752e-08 4.99036e-11
0.43 -3.36668e-08 6.44988e-11
0.44 -4.13532e-08 8.287e-11
0.45 -5.05572e-08 1.05873e-10
0.46 -6.15338e-08 1.3453e-10
0.47 -7.45734e-08 1.7006e-10
0.48 -9.00061e-08 2.13908e-10
0.49 -1.08206e-07 2.67784e-10
0.5 -1.29595e-07 3.33701e-10
0.51 -1.54649e-07 4.1402e-10
0.52 -1.83904e-07 5.11507e-10
0.53 -2.1796e-07 6.29387e-10
0.54 -2.57488e-07 7.71408e-10
0.55 -3.03239e-07 9.41919e-10
0.56 -3.56047e-07 1.14595e-09
0.57 -4.16841e-07 1.38929e-09
0.58 -4.86651e-07 1.6786e-09
0.59 -5.66616e-07 2.02154e-09
0.6 -6.57998e-07 2.42686e-09
0.61 -7.62188e-07 2.90454e-09
0.62 -8.80715e-07 3.46597e-09
0.63 -1.01526e-06 4.12407e-09
0.64 -1.16768e-06 4.89353e-09
0.65 -1.34e-06 5.79092e-09
0.66 -1.53442e-06 6.83502e-09
0.67 -1.75337e-06 8.04695e-09
0.68 -1.9995e-06 9.45049e-09
0.69 -2.27567e-06 1.10724e-08
0.7 -2.58502e-06 1.29425e-08
0.71 -2.93094e-06 1.50944e-08
0.72 -3.31712e-06 1.75656e-08
0.73 -3.74757e-06 2.03977e-08
0.74 -4.2266e-06 2.36374e-08
0.75 -4.75889e-06 2.73362e-08
0.76 -5.3495e-06 3.15517e-08
0.77 -6.00385e-06 3.63475e-08
0.78 -6.72783e-06 4.17941e-08
0.79 -7.52773e-06 4.79693e-08
0.8 -8.41035e-06 5.49591e-08
0.81 -9.38297e-06 6.28584e-08
0.82 -1.04534e-05 7.17716e-08
0.83 -1.163e-05 8.18133e-08
0.84 -1.29218e-05 9.31098e-08
0.85 -1.43384e-05 1.05799e-07
0.86 -1.58899e-05 1.20033e-07
0.87 -1.75874e-05 1.35978e-07
0.88 -1.94425e-05 1.53814e-07
0.89 -2.14677e-05 1.73739e-07
0.9 -2.36762e-05 1.9597e-07
0.91 -2.60821e-05 2.20742e-07
0.92 -2.87004e-05 2.4831e-07
0.93 -3.1547e-05 2.78954e-07
0.94 -3.46389e-05 3.12975e-07
0.95 -3.7994e-05 3.50703e-07
0.96 -4.16312e-05 3.92492e-07
0.97 -4.55707e-05 4.38729e-07
0.98 -4.98338e-05 4.8983e-07
0.99 -5.44431e-05 5.46246e-07
1 -5.94222e-05 6.08466e-07
1.01 -6.47965e-05 6.77014e-07
1.02 -7.05923e-05 7.52458e-07
1.03 -7.68378e-05 8.3541e-07
1.04 -8.35624e-05 9.26526e-07
1.05 -9.07971e-05 1.02652e-06
1.06 -9.85747e-05 1.13614e-06
1.07 -0.00010693 1.25621e-06
1.08 -0.000115898 1.38761e-06
1.09 -0.000125518 1.53129e-06
1.1 -0.000135829 1.68823e-06
1.11 -0.000146874 1.85954e-06
1.12 -0.000158696 2.04636e-06
1.13 -0.000171341 2.24992e-06
1.14 -0.000184858 2.47155e-06
1.15 -0.000199297 2.71267e-06
1.16 -0.000214711 2.97476e-06
1.17 -0.000231156 3.25945e-06
1.18 -0.000248689 3.56843e-06
1.19 -0.000267371 3.90354e-06
1.2 -0.000287265 4.26671e-06
1.21 -0.000308437 4.66e-06
1.22 -0.000330956 5.08562e-06
1.23 -0.000354894 5.54589e-06
1.24 -0.000380324 6.04329e-06
1.25 -0.000407327 6.58045e-06
1.26 -0.000435981 7.16016e-06
1.27 -0.000466373 7.78537e-06
1.28 -0.00049859 8.45922e-06
1.29 -0.000532723 9.18502e-06
1.3 -0.000568868 9.96629e-06
1.31 -0.000607123 1.08067e-05
1.32 -0.000647591 1.17103e-05
1.33 -0.000690379 1.26811e-05
1.34 -0.000735597 1.37235e-05
1.35 -0.000783359 1.48422e-05
1.36 -0.000833786 1.60421e-05
1.37 -0.000886999 1.73283e-05
1.38 -0.000943127 1.87062e-05
1.39 -0.0010023 2.01816e-05
1.4 -0.00106466 2.17604e-05
1.41 -0.00113035 2.34491e-05
1.42 -0.0011995 2.52542e-05
1.43 -0.00127228 2.71829e-05
1.44 -0.00134885 2.92425e-05
1.45 -0.00142935 3.14408e-05
1.46 -0.00151396 3.37858e-05
1.47 -0.00160286 3.62862e-05
1.48 -0.00169622 3.89509e-05
1.49 -0.00179422 4.17894e-05
1.5 -0.00189705 4.48115e-05
1.51 -0.00200492 4.80276e-05
1.52 -0.00211801 5.14484e-05
1.53 -0.00223655 5.50855e-05
1.54 -0.00236073 5.89506e-05
1.55 -0.00249079 6.30562e-05
1.56 -0.00262695 6.74153e-05
1.57 -0.00276944 7.20415e-05
1.58 -0.00291851 7.69491e-05
1.59 -0.00307439 8.21528e-05
1.6 -0.00323734 8.76684e-05
1.61 -0.00340763 9.35118e-05
1.62 -0.00358552 9.97002e-05
1.63 -0.00377128 0.000106251
1.64 -0.0039652 0.000113183
1.65 -0.00416756 0.000120515
1.66 -0.00437867 0.000128267
1.67 -0.00459882 0.00013646
1.68 -0.00482833 0.000145116
1.69 -0.00506753 0.000154257
1.7 -0.00531673 0.000163907
1.71 -0.00557627 0.00017409
1.72 -0.0058465 0.000184833
1.73 -0.00612776 0.00019616
1.74 -0.00642042 0.0002081
1.75 -0.00672485 0.000220682
1.76 -0.00704143 0.000233935
1.77 -0.00737053 0.00024789
1.78 -0.00771255 0.00026258
1.79 -0.0080679 0.000278036
1.8 -0.00843699 0.000294295
1.81 -0.00882022 0.000311391
1.82 -0.00921805 0.000329362
1.83 -0.00963089 0.000348246
1.84 -0.0100592 0.000368083
1.85 -0.0105034 0.000388915
1.86 -0.0109641 0.000410784
1.87 -0.0114415 0.000433735
1.88 -0.0119363 0.000457813
1.89 -0.012449 0.000483065
1.9 -0.01298 0.000509542
1.91 -0.0135298 0.000537293
1.92 -0.014099 0.000566372
1.93 -0.0146881 0.000596832
1.94 -0.0152976 0.00062873
1.95 -0.0159281 0.000662123
1.96 -0.0165801 0.000697071
1.97 -0.0172542 0.000733637
1.98 -0.017951 0.000771883
1.99 -0.0186711 0.000811876
2 -0.019415 0.000853684
2.01 -0.0201833 0.000897376
2.02 -0.0209767 0.000943024
2.03 -0.0217958 0.000990704
2.04 -0.0226412 0.00104049
2.05 -0.0235135 0.00109247
2.06 -0.0244134 0.00114671
2.07 -0.0253416 0.00120331
2.08 -0.0262987 0.00126234
2.09 -0.0272854 0.0013239
2.1 -0.0283023 0.00138808
2.11 -0.0293503 0.00145498
2.12 -0.0304298 0.00152468
2.13 -0.0315418 0.0015973
2.14 -0.0326869 0.00167292
2.15 -0.0338657 0.00175167
2.16 -0.0350791 0.00183363
2.17 -0.0363278 0.00191894
2.18 -0.0376126 0.00200769
2.19 -0.0389341 0.00210002
2.2 -0.0402932 0.00219603
2.21 -0.0416906 0.00229585
2.22 -0.0431272 0.00239961
2.23 -0.0446036 0.00250743
2.24 -0.0461208 0.00261946
2.25 -0.0476794 0.00273582
2.26 -0.0492803 0.00285666
2.27 -0.0509243 0.00298213
2.28 -0.0526123 0.00311236
2.29 -0.054345 0.00324751
2.3 -0.0561233 0.00338773
2.31 -0.0579481 0.00353319
2.32 -0.0598201 0.00368403
2.33 -0.0617402 0.00384044
2.34 -0.0637093 0.00400257
2.35 -0.0657282 0.00417061
2.36 -0.0677978 0.00434472
2.37 -0.069919 0.0045251
2.38 -0.0720926 0.00471192
2.39 -0.0743195 0.00490537
2.4 -0.0766006 0.00510565
2.41 -0.0789367 0.00531296
2.42 -0.0813288 0.0055275
2.43 -0.0837777 0.00574947
2.44 -0.0862843 0.00597908
2.45 -0.0888495 0.00621656
2.46 -0.0914742 0.00646211
2.47 -0.0941593 0.00671597
2.48 -0.0969057 0.00697835
2.49 -0.0997142 0.0072495
2.5 -0.102586 0.00752966
2.51 -0.105521 0.00781905
2.52 -0.108522 0.00811794
2.53 -0.111588 0.00842656
2.54 -0.114721 0.00874518
2.55 -0.117921 0.00907406
2.56 -0.12119 0.00941346
2.57 -0.124528 0.00976365
2.58 -0.127936 0.0101249
2.59 -0.131415 0.0104975
2.6 -0.134966 0.0108817
2.61 -0.13859 0.0112779
2.62 -0.142288 0.0116863
2.63 -0.14606 0.0121071
2.64 -0.149907 0.0125408
2.65 -0.153831 0.0129876
2.66 -0.157831 0.0134479
2.67 -0.16191 0.0139219
2.68 -0.166067 0.01441
2.69 -0.170304 0.0149124
2.7 -0.174621 0.0154297
2.71 -0.179019 0.015962
2.72 -0.183499 0.0165097
2.73 -0.188062 0.0170731
2.74 -0.192709 0.0176527
2.75 -0.197439 0.0182488
2.76 -0.202255 0.0188617
2.77 -0.207156 0.0194917
2.78 -0.212144 0.0201394
2.79 -0.217219 0.020805
2.8 -0.222381 0.0214889
2.81 -0.227632 0.0221915
2.82 -0.232973 0.0229132
2.83 -0.238403 0.0236543
2.84 -0.243924 0.0244154
2.85 -0.249536 0.0251967
2.86 -0.255239 0.0259987
2.87 -0.261035 0.0268218
2.88 -0.266924 0.0276664
2.89 -0.272906 0.028533
2.9 -0.278982 0.0294218
2.91 -0.285152 0.0303334
2.92 -0.291417 0.0312683
2.93 -0.297778 0.0322267
2.94 -0.304235 0.0332092
2.95 -0.310788 0.0342162
2.96 -0.317437 0.0352481
2.97 -0.324184 0.0363054
2.98 -0.331028 0.0373885
2.99 -0.337969 0.0384979
3 -0.345009 0.039634
3.01 -0.352147 0.0407973
3.02 -0.359383 0.0419883
3.03 -0.366719 0.0432073
3.04 -0.374153 0.0444548
3.05 -0.381686 0.0457314
3.06 -0.389319 0.0470375
3.07 -0.397051 0.0483735
3.08 -0.404883 0.0497399
3.09 -0.412814 0.0511372
3.1 -0.420845 0.0525658
3.11 -0.428975 0.0540262
3.12 -0.437204 0.0555189
3.13 -0.445534 0.0570444
3.14 -0.453962 0.0586031
3.15 -0.46249 0.0601954
3.16 -0.471116 0.061822
3.17 -0.479842 0.0634831
3.18 -0.488666 0.0651793
3.19 -0.497588 0.0669111
3.2 -0.506608 0.0686789
3.21 -0.515726 0.0704832
3.22 -0.524941 0.0723244
3.23 -0.534253 0.0742029
3.24 -0.543661 0.0761194
3.25 -0.553164 0.0780741
3.26 -0.562764 0.0800676
3.27 -0.572457 0.0821003
3.28 -0.582245 0.0841726
3.29 -0.592126 0.086285
3.3 -0.6021 0.0884379
3.31 -0.612165 0.0906317
3.32 -0.622322 0.0928668
3.33 -0.632569 0.0951438
3.34 -0.642906 0.0974629
3.35 -0.65333 0.0998246
3.36 -0.663843 0.102229
3.37 -0.674442 0.104677
3.38 -0.685126 0.107169
3.39 -0.695895 0.109705
3.4 -0.706747 0.112286
3.41 -0.717681 0.114911
3.42 -0.728695 0.117582
3.43 -0.73979 0.120298
3.44 -0.750962 0.12306
3.45 -0.762211 0.125868
3.46 -0.773536 0.128723
3.47 -0.784934 0.131625
3.48 -0.796405 0.134573
3.49 -0.807947 0.13757
3.5 -0.819559 0.140614
3.51 -0.831237 0.143705
3.52 -0.842982 0.146846
3.53 -0.854791 0.150034
3.54 -0.866662 0.153271
3.55 -0.878594 0.156558
3.56 -0.890585 0.159893
3.57 -0.902632 0.163277
3.58 -0.914734 0.166711
3.59 -0.926888 0.170194
3.6 -0.939094 0.173728
3.61 -0.951348 0.177311
3.62 -0.963648 0.180943
3.63 -0.975992 0.184626
3.64 -0.988378 0.188359
3.65 -1.0008 0.192142
3.66 -1.01327 0.195976
3.67 -1.02576 0.199859
3.68 -1.03829 0.203793
3.69 -1.05085 0.207777
3.7 -1.06344 0.211811
3.71 -1.07605 0.215895
3.72 -1.08869 0.220029
3.73 -1.10134 0.224213
3.74 -1.11401 0.228447
3.75 -1.12669 0.23273
3.76 -1.13939 0.237063
3.77 -1.15209 0.241446
3.78 -1.1648 0.245877
3.79 -1.17751 0.250357
3.8 -1.19022 0.254886
3.81 -1.20293 0.259464
3.82 -1.21563 0.264089
3.83 -1.22832 0.268762
3.84 -1.241 0.273483
3.85 -1.25366 0.27825
3.86 -1.2663 0.283065
3.87 -1.27892 0.287925
3.88 -1.29151 0.292832
3.89 -1.30408 0.297783
3.9 -1.31661 0.30278
3.91 -1.32911 0.307821
3.92 -1.34157 0.312906
3.93 -1.35398 0.318034
3.94 -1.36635 0.323205
3.95 -1.37867 0.328418
3.96 -1.39093 0.333672
3.97 -1.40314 0.338967
3.98 -1.41529 0.344302
3.99 -1.42737 0.349677
4 -1.43939 0.35509
4.01 -1.45134 0.360541
4.02 -1.46321 0.366029
4.03 -1.475 0.371553
4.04 -1.48671 0.377113
4.05 -1.49833 0.382707
4.06 -1.50986 0.388334
4.07 -1.5213 0.393994
4.08 -1.53264 0.399686
4.09 -1.54388 0.405409
4.1 -1.55502 0.411161
4.11 -1.56604 0.416942
4.12 -1.57695 0.42275
4.13 -1.58775 0.428585
4.14 -1.59842 0.434445
4.15 -1.60897 0.440329
4.16 -1.61939 0.446236
4.17 -1.62968 0.452165
4.18 -1.63984 0.458115
4.19 -1.64985 0.464083
4.2 -1.65971 0.47007
4.21 -1.66943 0.476074
4.22 -1.679 0.482092
4.23 -1.68841 0.488125
4.24 -1.69767 0.49417
4.25 -1.70675 0.500227
4.26 -1.71567 0.506293
4.27 -1.72442 0.512367
4.28 -1.733 0.518448
4.29 -1.74139 0.524534
4.3 -1.7496 0.530624
4.31 -1.75763 0.536716
4.32 -1.76546 0.542809
4.33 -1.7731 0.548901
4.34 -1.78054 0.554989
4.35 -1.78778 0.561074
4.36 -1.79481 0.567152
4.37 -1.80164 0.573223
4.38 -1.80825 0.579284
4.39 -1.81464 0.585334
4.4 -1.82082 0.591371
4.41 -1.82677 0.597394
4.42 -1.83249 0.603399
4.43 -1.83798 0.609387
4.44 -1.84324 0.615354
4.45 -1.84826 0.621299
4.46 -1.85304 0.62722
4.47 -1.85757 0.633116
4.48 -1.86186 0.638984
4.49 -1.86589 0.644822
4.5 -1.86967 0.650628
4.51 -1.8732 0.656401
4.52 -1.87646 0.662139
4.53 -1.87946 0.667839
4.54 -1.88219 0.673499
4.55 -1.88465 0.679118
4.56 -1.88684 0.684694
4.57 -1.88875 0.690224
4.58 -1.89038 0.695707
4.59 -1.89173 0.70114
4.6 -1.8928 0.706521
4.61 -1.89358 0.711849
4.62 -1.89408 0.717121
4.63 -1.89427 0.722336
4.64 -1.89418 0.72749
4.65 -1.89379 0.732582
4.66 -1.8931 0.737611
4.67 -1.89211 0.742573
4.68 -1.89081 0.747467
4.69 -1.88921 0.752291
4.7 -1.8873 0.757043
4.71 -1.88508 0.76172
4.72 -1.88255 0.76632
4.73 -1.8797 0.770842
4.74 -1.87654 0.775283
4.75 -1.87307 0.779641
4.76 -1.86927 0.783914
4.77 -1.86516 0.788101
4.78 -1.86072 0.792198
4.79 -1.85596 0.796204
4.8 -1.85087 0.800117
4.81 -1.84546 0.803935
4.82 -1.83972 0.807656
4.83 -1.83366 0.811277
4.84 -1.82726 0.814798
4.85 -1.82054 0.818215
4.86 -1.81349 0.821526
4.87 -1.8061 0.824731
4.88 -1.79839 0.827826
4.89 -1.79034 0.830811
4.9 -1.78196 0.833682
4.91 -1.77324 0.836439
4.92 -1.76419 0.839078
4.93 -1.75481 0.841599
4.94 -1.7451 0.844
4.95 -1.73505 0.846278
4.96 -1.72467 0.848432
4.97 -1.71396 0.85046
4.98 -1.70292 0.85236
4.99 -1.69154 0.854131
5 -1.67983 0.855771
5.01 -1.66779 0.857278
5.02 -1.65542 0.858651
5.03 -1.64272 0.859888
5.04 -1.62969 0.860987
5.05 -1.61634 0.861946
5.06 -1.60265 0.862765
5.07 -1.58865 0.863442
5.08 -1.57432 0.863975
5.09 -1.55966 0.864363
5.1 -1.54469 0.864605
5.11 -1.5294 0.864698
5.12 -1.51379 0.864643
5.13 -1.49786 0.864436
5.14 -1.48163 0.864078
5.15 -1.46508 0.863567
5.16 -1.44822 0.862902
5.17 -1.43105 0.862082
5.18 -1.41358 0.861105
5.19 -1.39581 0.85997
5.2 -1.37773 0.858678
5.21 -1.35936 0.857225
5.22 -1.3407 0.855613
5.23 -1.32174 0.853839
5.24 -1.3025 0.851903
5.25 -1.28297 0.849804
5.26 -1.26315 0.847542
5.27 -1.24306 0.845115
5.28 -1.2227 0.842523
5.29 -1.20206 0.839766
5.3 -1.18115 0.836842
5.31 -1.15998 0.833752
5.32 -1.13854 0.830495
5.33 -1.11685 0.82707
5.34 -1.09491 0.823478
5.35 -1.07271 0.819717
5.36 -1.05028 0.815788
5.37 -1.0276 0.81169
5.38 -1.00468 0.807423
5.39 -0.98153 0.802987
5.4 -0.958154 0.798383
5.41 -0.934555 0.793609
5.42 -0.910737 0.788667
5.43 -0.886706 0.783556
5.44 -0.862466 0.778276
5.45 -0.838023 0.772828
5.46 -0.813381 0.767212
5.47 -0.788545 0.761429
5.48 -0.763522 0.755477
5.49 -0.738315 0.749359
5.5 -0.712931 0.743075
5.51 -0.687374 0.736625
5.52 -0.661651 0.730009
5.53 -0.635767 0.723229
5.54 -0.609729 0.716286
5.55 -0.58354 0.709179
5.56 -0.557208 0.70191
5.57 -0.530739 0.69448
5.58 -0.504138 0.686889
5.59 -0.477411 0.679139
5.6 -0.450566 0.671232
5.61 -0.423607 0.663167
5.62 -0.396541 0.654946
5.63 -0.369374 0.64657
5.64 -0.342114 0.638041
5.65 -0.314766 0.62936
5.66 -0.287337 0.620529
5.67 -0.259833 0.611549
5.68 -0.232262 0.602421
5.69 -0.204629 0.593147
5.7 -0.176942 0.583728
5.71 -0.149208 0.574167
5.72 -0.121433 0.564466
5.73 -0.0936235 0.554625
5.74 -0.0657875 0.544647
5.75 -0.0379316 0.534533
5.76 -0.0100629 0.524287
5.77 0.0178117 0.513909
5.78 0.0456849 0.503402
5.79 0.0735497 0.492768
5.8 0.101399 0.482009
5.81 0.129225 0.471127
5.82 0.157021 0.460125
5.83 0.18478 0.449005
5.84 0.212495 0.43777
5.85 0.240157 0.426421
5.86 0.26776 0.414962
5.87 0.295297 0.403394
5.88 0.322759 0.391721
5.89 0.35014 0.379945
5.9 0.377433 0.368069
5.91 0.404629 0.356095
5.92 0.431721 0.344027
5.93 0.458703 0.331866
5.94 0.485566 0.319617
5.95 0.512304 0.307282
5.96 0.538908 0.294863
5.97 0.565372 0.282364
5.98 0.591687 0.269788
5.99 0.617848 0.257139
6 0.643845 0.244418
6.01 0.669672 0.231629
6.02 0.695322 0.218776
6.03 0.720787 0.205861
6.04 0.74606 0.192889
6.05 0.771133 0.179861
6.06 0.796 0.166782
6.07 0.820652 0.153655
6.08 0.845084 0.140484
6.09 0.869287 0.127271
6.1 0.893255 0.11402
6.11 0.916981 0.100735
6.12 0.940457 0.0874191
6.13 0.963676 0.0740761
6.14 0.986633 0.0607094
6.15 1.00932 0.0473226
6.16 1.03173 0.0339194
6.17 1.05385 0.0205034
6.18 1.07568 0.00707833
6.19 1.09722 -0.00635224
6.2 1.11845 -0.0197845
6.21 1.13937 -0.0332149
6.22 1.15998 -0.0466395
6.23 1.18026 -0.0600546
6.24 1.20021 -0.0734564
6.25 1.21983 -0.0868413
6.26 1.2391 -0.100205
6.27 1.25802 -0.113545
6.28 1.27659 -0.126856
6.29 1.2948 -0.140134
6.3 1.31264 -0.153377
6.31 1.33011 -0.166579
6.32 1.34721 -0.179738
6.33 1.36391 -0.19285
6.34 1.38023 -0.205909
6.35 1.39616 -0.218914
6.36 1.41169 -0.231859
6.37 1.42681 -0.244741
6.38 1.44152 -0.257557
6.39 1.45581 -0.270301
6.4 1.46969 -0.282972
6.41 1.48314 -0.295564
6.42 1.49616 -0.308073
6.43 1.50875 -0.320497
6.44 1.5209 -0.332831
6.45 1.53261 -0.345072
6.46 1.54387 -0.357215
6.47 1.55468 -0.369257
6.48 1.56503 -0.381195
6.49 1.57492 -0.393024
6.5 1.58436 -0.404741
6.51 1.59332 -0.416342
6.52 1.60182 -0.427824
6.53 1.60985 -0.439182
6.54 1.61739 -0.450414
6.55 1.62446 -0.461515
6.56 1.63105 -0.472483
6.57 1.63715 -0.483313
6.58 1.64277 -0.494003
6.59 1.64789 -0.504548
6.6 1.65253 -0.514945
6.61 1.65667 -0.525192
6.62 1.66031 -0.535283
6.63 1.66345 -0.545217
6.64 1.6661 -0.554991
6.65 1.66824 -0.564599
6.66 1.66988 -0.574041
6.67 1.67101 -0.583311
6.68 1.67164 -0.592408
6.69 1.67177 -0.601328
6.7 1.67138 -0.610068
6.71 1.67049 -0.618626
6.72 1.66909 -0.626997
6.73 1.66718 -0.635181
6.74 1.66476 -0.643172
6.75 1.66184 -0.65097
6.76 1.6584 -0.65857
6.77 1.65446 -0.665971
6.78 1.65 -0.67317
6.79 1.64504 -0.680164
6.8 1.63958 -0.68695
6.81 1.6336 -0.693527
6.82 1.62713 -0.699892
6.83 1.62015 -0.706043
6.84 1.61266 -0.711977
6.85 1.60468 -0.717692
6.86 1.5962 -0.723186
6.87 1.58722 -0.728457
6.88 1.57775 -0.733503
6.89 1.56778 -0.738323
6.9 1.55733 -0.742913
6.91 1.54639 -0.747273
6.92 1.53496 -0.7514
6.93 1.52305 -0.755294
6.94 1.51067 -0.758952
6.95 1.4978 -0.762373
6.96 1.48447 -0.765555
6.97 1.47067 -0.768498
6.98 1.4564 -0.771199
6.99 1.44167 -0.773658
7 1.42649 -0.775874
7.01 1.41085 -0.777845
7.02 1.39477 -0.77957
7.03 1.37824 -0.781049
7.04 1.36128 -0.782281
7.05 1.34387 -0.783265
7.06 1.32605 -0.784
7.07 1.30779 -0.784486
7.08 1.28912 -0.784722
7.09 1.27003 -0.784708
7.1 1.25054 -0.784443
7.11 1.23065 -0.783928
7.12 1.21036 -0.783162
7.13 1.18968 -0.782144
7.14 1.16861 -0.780875
7.15 1.14717 -0.779356
7.16 1.12536 -0.777585
7.17 1.10319 -0.775564
7.18 1.08065 -0.773293
7.19 1.05777 -0.770771
7.2 1.03454 -0.768001
7.21 1.01098 -0.764981
7.22 0.987084 -0.761713
7.23 0.962869 -0.758198
7.24 0.93834 -0.754436
7.25 0.913504 -0.750429
7.26 0.88837 -0.746177
7.27 0.862944 -0.741681
7.28 0.837235 -0.736943
7.29 0.811252 -0.731963
7.3 0.785001 -0.726744
7.31 0.758493 -0.721286
7.32 0.731734 -0.715591
7.33 0.704735 -0.709661
7.34 0.677502 -0.703497
7.35 0.650046 -0.697102
7.36 0.622374 -0.690476
7.37 0.594496 -0.683622
7.38 0.566421 -0.676542
7.39 0.538158 -0.669238
7.4 0.509716 -0.661711
7.41 0.481104 -0.653966
7.42 0.452332 -0.646002
7.43 0.423409 -0.637824
7.44 0.394345 -0.629433
7.45 0.365149 -0.620833
7.46 0.33583 -0.612025
7.47 0.306399 -0.603012
7.48 0.276865 -0.593798
7.49 0.247238 -0.584385
7.5 0.217528 -0.574775
7.51 0.187745 -0.564973
7.52 0.157899 -0.554981
7.53 0.127999 -0.544802
7.54 0.0980554 -0.53444
7.55 0.068079 -0.523897
7.56 0.0380793 -0.513177
7.57 0.00806667 -0.502284
7.58 -0.0219489 -0.491221
7.59 -0.0519571 -0.479992
7.6 -0.0819479 -0.4686
7.61 -0.111911 -0.457049
7.62 -0.141836 -0.445343
7.63 -0.171713 -0.433485
7.64 -0.201532 -0.42148
7.65 -0.231282 -0.409331
7.66 -0.260954 -0.397042
7.67 -0.290536 -0.384618
7.68 -0.32002 -0.372062
7.69 -0.349394 -0.359379
7.7 -0.378648 -0.346572
7.71 -0.407773 -0.333647
7.72 -0.436758 -0.320608
7.73 -0.465593 -0.307458
7.74 -0.494268 -0.294202
7.75 -0.522773 -0.280845
7.76 -0.551098 -0.267392
7.77 -0.579234 -0.253846
7.78 -0.607169 -0.240212
7.79 -0.634896 -0.226495
7.8 -0.662402 -0.2127
7.81 -0.68968 -0.198831
7.82 -0.716719 -0.184894
7.83 -0.743509 -0.170892
7.84 -0.770042 -0.15683
7.85 -0.796308 -0.142714
7.86 -0.822296 -0.128548
7.87 -0.847999 -0.114338
7.88 -0.873407 -0.100087
7.89 -0.89851 -0.0858017
7.9 -0.923301 -0.0714861
7.91 -0.947769 -0.0571453
7.92 -0.971905 -0.0427845
7.93 -0.995702 -0.0284085
7.94 -1.01915 -0.0140224
7.95 -1.04224 0.000368786
7.96 -1.06497 0.01476
7.97 -1.08732 0.0291462
7.98 -1.10929 0.0435223
7.99 -1.13087 0.0578833
8 -1.15206 0.0722241
8.01 -1.17284 0.0865396
8.02 -1.1932 0.100825
8.03 -1.21314 0.115075
8.04 -1.23266 0.129284
8.05 -1.25174 0.143448
8.06 -1.27038 0.157561
8.07 -1.28857 0.171619
8.08 -1.3063 0.185616
8.09 -1.32357 0.199548
8.1 -1.34037 0.213409
8.11 -1.3567 0.227194
8.12 -1.37254 0.240899
8.13 -1.38789 0.254518
8.14 -1.40275 0.268047
8.15 -1.41711 0.281481
8.16 -1.43097 0.294815
8.17 -1.44432 0.308043
8.18 -1.45715 0.321162
8.19 -1.46946 0.334167
8.2 -1.48124 0.347052
8.21 -1.4925 0.359813
8.22 -1.50322 0.372445
8.23 -1.5134 0.384944
8.24 -1.52304 0.397305
8.25 -1.53213 0.409524
8.26 -1.54068 0.421596
8.27 -1.54867 0.433516
8.28 -1.5561 0.445281
8.29 -1.56297 0.456886
8.3 -1.56928 0.468326
8.31 -1.57502 0.479598
8.32 -1.5802 0.490696
8.33 -1.5848 0.501618
8.34 -1.58884 0.512359
8.35 -1.5923 0.522915
8.36 -1.59518 0.533281
8.37 -1.59748 0.543455
8.38 -1.59921 0.553432
8.39 -1.60035 0.563208
8.4 -1.60092 0.57278
8.41 -1.6009 0.582145
8.42 -1.60031 0.591298
8.43 -1.59913 0.600236
8.44 -1.59737 0.608956
8.45 -1.59503 0.617454
8.46 -1.5921 0.625727
8.47 -1.5886 0.633773
8.48 -1.58451 0.641587
8.49 -1.57985 0.649167
8.5 -1.57461 0.65651
8.51 -1.5688 0.663614
8.52 -1.56241 0.670474
8.53 -1.55545 0.677089
8.54 -1.54792 0.683457
8.55 -1.53982 0.689574
8.56 -1.53116 0.695438
8.57 -1.52193 0.701046
8.58 -1.51215 0.706398
8.59 -1.50181 0.711489
8.6 -1.49091 0.71632
8.61 -1.47947 0.720886
8.62 -1.46749 0.725188
8.63 -1.45496 0.729222
8.64 -1.4419 0.732987
8.65 -1.4283 0.736482
8.66 -1.41418 0.739705
8.67 -1.39953 0.742655
8.68 -1.38437 0.74533
8.69 -1.3687 0.74773
8.7 -1.35251 0.749853
8.71 -1.33583 0.751698
8.72 -1.31865 0.753264
8.73 -1.30099 0.754552
8.74 -1.28284 0.755559
8.75 -1.26421 0.756286
8.76 -1.24512 0.756732
8.77 -1.22556 0.756897
8.78 -1.20554 0.75678
8.79 -1.18508 0.756381
8.8 -1.16417 0.755701
8.81 -1.14284 0.754739
8.82 -1.12107 0.753496
8.83 -1.09889 0.751971
8.84 -1.07629 0.750166
8.85 -1.0533 0.748081
8.86 -1.02991 0.745716
8.87 -1.00613 0.743072
8.88 -0.981981 0.74015
8.89 -0.957462 0.736951
8.9 -0.932584 0.733476
8.91 -0.907357 0.729726
8.92 -0.881788 0.725702
8.93 -0.855889 0.721405
8.94 -0.829669 0.716838
8.95 -0.803136 0.712002
8.96 -0.776302 0.706897
8.97 -0.749176 0.701527
8.98 -0.721767 0.695893
8.99 -0.694087 0.689996
9 -0.666145 0.68384
9.01 -0.637952 0.677426
9.02 -0.609518 0.670756
9.03 -0.580854 0.663833
9.04 -0.55197 0.656659
9.05 -0.522878 0.649237
9.06 -0.493588 0.64157
9.07 -0.464112 0.63366
9.08 -0.43446 0.62551
9.09 -0.404643 0.617123
9.1 -0.374673 0.608502
9.11 -0.34456 0.599651
9.12 -0.314317 0.590572
9.13 -0.283955 0.581268
9.14 -0.253485 0.571745
9.15 -0.222918 0.562003
9.16 -0.192267 0.552049
9.17 -0.161543 0.541884
9.18 -0.130757 0.531513
9.19 -0.0999211 0.520939
9.2 -0.0690473 0.510167
9.21 -0.0381472 0.499201
9.22 -0.00723254 0.488044
9.23 0.0236849 0.476701
9.24 0.0545933 0.465176
9.25 0.0854808 0.453473
9.26 0.116336 0.441597
9.27 0.147146 0.429552
9.28 0.1779 0.417343
9.29 0.208586 0.404974
9.3 0.239192 0.39245
9.31 0.269707 0.379776
9.32 0.300118 0.366956
9.33 0.330414 0.353995
9.34 0.360583 0.340898
9.35 0.390614 0.32767
9.36 0.420495 0.314317
9.37 0.450214 0.300843
9.38 0.47976 0.287253
9.39 0.509121 0.273553
9.4 0.538287 0.259747
9.41 0.567245 0.245841
9.42 0.595985 0.231841
9.43 0.624495 0.217751
9.44 0.652764 0.203577
9.45 0.680781 0.189325
9.46 0.708536 0.174999
9.47 0.736017 0.160606
9.48 0.763213 0.146151
9.49 0.790115 0.13164
9.5 0.816711 0.117077
9.51 0.842991 0.102469
9.52 0.868944 0.0878217
9.53 0.894562 0.0731402
9.54 0.919832 0.0584304
9.55 0.944746 0.0436979
9.56 0.969294 0.0289484
9.57 0.993465 0.0141877
9.58 1.01725 -0.000578551
9.59 1.04064 -0.0153446
9.6 1.06363 -0.0301046
9.61 1.0862 -0.044853
9.62 1.10835 -0.0595839
9.63 1.13007 -0.0742917
9.64 1.15135 -0.0889705
9.65 1.17218 -0.103615
9.66 1.19256 -0.118219
9.67 1.21247 -0.132776
9.68 1.2319 -0.147282
9.69 1.25086 -0.161731
9.7 1.26933 -0.176116
9.71 1.2873 -0.190433
9.72 1.30477 -0.204675
9.73 1.32173 -0.218838
9.74 1.33817 -0.232915
9.75 1.35409 -0.2469
9.76 1.36948 -0.260789
9.77 1.38433 -0.274576
9.78 1.39865 -0.288256
9.79 1.41241 -0.301823
9.8 1.42562 -0.315271
9.81 1.43827 -0.328595
9.82 1.45036 -0.341791
9.83 1.46187 -0.354853
9.84 1.47282 -0.367775
9.85 1.48318 -0.380553
9.86 1.49296 -0.393181
9.87 1.50216 -0.405655
9.88 1.51076 -0.417969
9.89 1.51877 -0.430119
9.9 1.52619 -0.442099
9.91 1.533 -0.453906
9.92 1.5392 -0.465533
9.93 1.5448 -0.476977
9.94 1.5498 -0.488234
9.95 1.55418 -0.499297
9.96 1.55794 -0.510164
9.97 1.56109 -0.520829
9.98 1.56363 -0.531288
9.99 1.56555 -0.541538
10 1.56685 -0.551573
10.01 1.56753 -0.561391
10.02 1.56759 -0.570986
10.03 1.56702 -0.580356
10.04 1.56584 -0.589495
10.05 1.56404 -0.598402
10.06 1.56162 -0.607071
10.07 1.55858 -0.6155
10.08 1.55492 -0.623685
10.09 1.55065 -0.631622
10.1 1.54576 -0.639309
10.11 1.54026 -0.646742
10.12 1.53414 -0.653918
10.13 1.52742 -0.660834
10.14 1.52009 -0.667488
10.15 1.51215 -0.673877
10.16 1.50362 -0.679997
10.17 1.49448 -0.685847
10.18 1.48475 -0.691424
10.19 1.47443 -0.696726
10.2 1.46352 -0.70175
10.21 1.45203 -0.706495
10.22 1.43996 -0.710958
10.23 1.42732 -0.715138
10.24 1.4141 -0.719032
10.25 1.40033 -0.72264
10.26 1.38599 -0.725959
10.27 1.3711 -0.728988
10.28 1.35566 -0.731726
10.29 1.33968 -0.734172
10.3 1.32317 -0.736324
10.31 1.30612 -0.738181
10.32 1.28856 -0.739744
10.33 1.27048 -0.74101
10.34 1.25188 -0.74198
10.35 1.23279 -0.742653
10.36 1.21321 -0.743028
10.37 1.19313 -0.743105
10.38 1.17258 -0.742884
10.39 1.15156 -0.742366
10.4 1.13008 -0.74155
10.41 1.10814 -0.740436
10.42 1.08576 -0.739025
10.43 1.06295 -0.737317
10.44 1.0397 -0.735313
10.45 1.01604 -0.733013
10.46 0.991969 -0.730419
10.47 0.9675 -0.727531
10.48 0.942642 -0.72435
10.49 0.917404 -0.720878
10.5 0.891796 -0.717115
10.51 0.86583 -0.713064
10.52 0.839515 -0.708726
10.53 0.812862 -0.704102
10.54 0.785881 -0.699194
10.55 0.758583 -0.694004
10.56 0.730979 -0.688535
10.57 0.70308 -0.682787
10.58 0.674897 -0.676764
10.59 0.646442 -0.670468
10.6 0.617726 -0.6639
10.61 0.58876 -0.657065
10.62 0.559556 -0.649964
10.63 0.530126 -0.6426
10.64 0.500481 -0.634977
10.65 0.470634 -0.627096
10.66 0.440597 -0.618962
10.67 0.410381 -0.610577
10.68 0.379999 -0.601945
10.69 0.349463 -0.593069
10.7 0.318786 -0.583952
10.71 0.287979 -0.574599
10.72 0.257056 -0.565013
10.73 0.226028 -0.555198
10.74 0.194908 -0.545158
10.75 0.16371 -0.534896
10.76 0.132445 -0.524417
10.77 0.101126 -0.513725
10.78 0.069766 -0.502825
10.79 0.0383778 -0.49172
10.8 0.0069739 -0.480415
10.81 -0.0244328 -0.468915
10.82 -0.0558296 -0.457224
10.83 -0.0872036 -0.445347
10.84 -0.118542 -0.433289
10.85 -0.149832 -0.421055
10.86 -0.181062 -0.408649
10.87 -0.212217 -0.396076
10.88 -0.243286 -0.383342
10.89 -0.274256 -0.370452
10.9 -0.305114 -0.357411
10.91 -0.335848 -0.344224
10.92 -0.366444 -0.330897
10.93 -0.396891 -0.317434
10.94 -0.427176 -0.303842
10.95 -0.457287 -0.290126
10.96 -0.487211 -0.276292
10.97 -0.516935 -0.262344
10.98 -0.546449 -0.248289
10.99 -0.575739 -0.234133
11 -0.604793 -0.219881
11.01 -0.633601 -0.205539
11.02 -0.662149 -0.191113
11.03 -0.690425 -0.176609
11.04 -0.71842 -0.162032
11.05 -0.74612 -0.14739
11.06 -0.773514 -0.132686
11.07 -0.800591 -0.117929
11.08 -0.82734 -0.103123
11.09 -0.85375 -0.0882742
11.1 -0.87981 -0.0733897
11.11 -0.905509 -0.0584751
11.12 -0.930836 -0.0435365
11.13 -0.955782 -0.0285801
11.14 -0.980334 -0.0136119
11.15 -1.00448 0.00136193
11.16 -1.02822 0.0163352
11.17 -1.05154 0.0313017
11.18 -1.07442 0.0462553
11.19 -1.09686 0.06119
11.2 -1.11885 0.0760995
11.21 -1.14038 0.0909776
11.22 -1.16144 0.105818
11.23 -1.18202 0.120616
11.24 -1.20212 0.135363
11.25 -1.22172 0.150055
11.26 -1.24081 0.164685
11.27 -1.2594 0.179247
11.28 -1.27747 0.193735
11.29 -1.29501 0.208143
11.3 -1.31201 0.222466
11.31 -1.32848 0.236697
11.32 -1.34439 0.25083
11.33 -1.35976 0.264859
11.34 -1.37456 0.278779
11.35 -1.38879 0.292584
11.36 -1.40245 0.306269
11.37 -1.41553 0.319826
11.38 -1.42802 0.333252
11.39 -1.43993 0.34654
11.4 -1.45124 0.359684
11.41 -1.46194 0.37268
11.42 -1.47205 0.385521
11.43 -1.48154 0.398203
11.44 -1.49042 0.41072
11.45 -1.49869 0.423067
11.46 -1.50633 0.435239
11.47 -1.51335 0.447231
11.48 -1.51974 0.459037
11.49 -1.52551 0.470653
11.5 -1.53064 0.482074
11.51 -1.53513 0.493295
11.52 -1.53899 0.504311
11.53 -1.54221 0.515119
11.54 -1.54479 0.525712
11.55 -1.54673 0.536087
11.56 -1.54803 0.54624
11.57 -1.54868 0.556166
11.58 -1.54869 0.56586
11.59 -1.54806 0.57532
11.6 -1.54678 0.584541
11.61 -1.54487 0.593518
11.62 -1.5423 0.602249
11.63 -1.5391 0.610729
11.64 -1.53526 0.618955
11.65 -1.53078 0.626924
11.66 -1.52566 0.634632
11.67 -1.5199 0.642075
11.68 -1.51352 0.649252
11.69 -1.5065 0.656157
11.7 -1.49885 0.66279
11.71 -1.49058 0.669146
11.72 -1.48169 0.675223
11.73 -1.47218 0.681019
11.74 -1.46206 0.686531
11.75 -1.45133 0.691756
11.76 -1.43999 0.696693
11.77 -1.42805 0.701339
11.78 -1.41552 0.705693
11.79 -1.40239 0.709752
11.8 -1.38868 0.713514
11.81 -1.37439 0.716978
11.82 -1.35952 0.720143
11.83 -1.34409 0.723007
11.84 -1.32809 0.725569
11.85 -1.31154 0.727827
11.86 -1.29444 0.729781
11.87 -1.2768 0.73143
11.88 -1.25863 0.732772
11.89 -1.23993 0.733808
11.9 -1.22071 0.734537
11.91 -1.20097 0.734959
11.92 -1.18074 0.735072
11.93 -1.16001 0.734878
11.94 -1.13879 0.734376
11.95 -1.1171 0.733566
11.96 -1.09494 0.732449
11.97 -1.07232 0.731024
11.98 -1.04925 0.729294
11.99 -1.02574 0.727257
12 -1.0018 0.724915
12.01 -0.977445 0.722269
12.02 -0.952674 0.71932
12.03 -0.927504 0.716069
12.04 -0.901945 0.712517
12.05 -0.876007 0.708666
12.06 -0.8497 0.704517
12.07 -0.823037 0.700073
12.08 -0.796028 0.695334
12.09 -0.768684 0.690303
12.1 -0.741018 0.684981
12.11 -0.713039 0.679372
12.12 -0.684761 0.673477
12.13 -0.656194 0.667298
12.14 -0.627352 0.660839
12.15 -0.598245 0.654102
12.16 -0.568887 0.647089
12.17 -0.539289 0.639804
12.18 -0.509464 0.632249
12.19 -0.479424 0.624429
12.2 -0.449182 0.616345
12.21 -0.418751 0.608001
12.22 -0.388144 0.599401
12.23 -0.357373 0.590548
12.24 -0.326451 0.581446
12.25 -0.295392 0.572099
12.26 -0.264208 0.562511
12.27 -0.232912 0.552686
12.28 -0.201518 0.542627
12.29 -0.17004 0.532339
12.3 -0.138489 0.521826
12.31 -0.10688 0.511093
12.32 -0.0752255 0.500144
12.33 -0.0435394 0.488984
12.34 -0.0118349 0.477617
12.35 0.0198745 0.466049
12.36 0.0515756 0.454283
12.37 0.0832548 0.442326
12.38 0.114899 0.430181
12.39 0.146494 0.417854
12.4 0.178028 0.405351
12.41 0.209486 0.392676
12.42 0.240855 0.379835
12.43 0.272123 0.366833
12.44 0.303275 0.353676
12.45 0.334299 0.340369
12.46 0.365182 0.326917
12.47 0.395909 0.313328
12.48 0.426469 0.299605
12.49 0.456848 0.285756
12.5 0.487034 0.271785
12.51 0.517013 0.2577
12.52 0.546772 0.243505
12.53 0.5763 0.229206
12.54 0.605583 0.214811
12.55 0.63461 0.200324
12.56 0.663367 0.185752
12.57 0.691843 0.171102
12.58 0.720024 0.156379
12.59 0.747901 0.141589
12.6 0.775459 0.12674
12.61 0.802688 0.111836
12.62 0.829576 0.096885
12.63 0.856112 0.0818927
12.64 0.882283 0.0668657
12.65 0.90808 0.0518103
12.66 0.93349 0.0367328
12.67 0.958504 0.0216397
12.68 0.98311 0.00653743
12.69 1.0073 -0.00856764
12.7 1.03106 -0.0236691
12.71 1.05438 -0.0387604
12.72 1.07725 -0.0538353
12.73 1.09966 -0.0688872
12.74 1.12161 -0.0839098
12.75 1.14307 -0.0988967
12.76 1.16405 -0.113841
12.77 1.18454 -0.128738
12.78 1.20452 -0.143579
12.79 1.22398 -0.158359
12.8 1.24293 -0.173072
12.81 1.26134 -0.187711
12.82 1.27922 -0.20227
12.83 1.29655 -0.216742
12.84 1.31333 -0.231122
12.85 1.32954 -0.245404
12.86 1.34519 -0.259581
12.87 1.36027 -0.273647
12.88 1.37476 -0.287596
12.89 1.38867 -0.301422
12.9 1.40199 -0.31512
12.91 1.4147 -0.328683
12.92 1.42682 -0.342106
12.93 1.43832 -0.355382
12.94 1.44921 -0.368507
12.95 1.45948 -0.381474
12.96 1.46912 -0.394278
12.97 1.47814 -0.406914
12.98 1.48652 -0.419375
12.99 1.49427 -0.431657
13 1.50138 -0.443755
13.01 1.50785 -0.455662
13.02 1.51367 -0.467375
13.03 1.51884 -0.478887
13.04 1.52336 -0.490195
13.05 1.52724 -0.501293
13.06 1.53045 -0.512176
13.07 1.53302 -0.522839
13.08 1.53492 -0.533279
13.09 1.53617 -0.54349
13.1 1.53676 -0.553469
13.11 1.53669 -0.56321
13.12 1.53596 -0.57271
13.13 1.53457 -0.581964
13.14 1.53253 -0.590968
13.15 1.52983 -0.59972
13.16 1.52647 -0.608213
13.17 1.52246 -0.616446
13.18 1.51779 -0.624415
13.19 1.51247 -0.632116
13.2 1.50651 -0.639545
13.21 1.49989 -0.646699
13.22 1.49264 -0.653576
13.23 1.48474 -0.660173
13.24 1.4762 -0.666486
13.25 1.46703 -0.672512
13.26 1.45723 -0.67825
13.27 1.44681 -0.683696
13.28 1.43576 -0.688848
13.29 1.42409 -0.693704
13.3 1.41181 -0.698262
13.31 1.39893 -0.70252
13.32 1.38544 -0.706475
13.33 1.37136 -0.710127
13.34 1.35669 -0.713473
13.35 1.34143 -0.716512
13.36 1.3256 -0.719243
13.37 1.30919 -0.721665
13.38 1.29223 -0.723775
13.39 1.2747 -0.725574
13.4 1.25663 -0.727061
13.41 1.23802 -0.728234
13.42 1.21887 -0.729094
13.43 1.1992 -0.72964
13.44 1.17901 -0.729871
13.45 1.15831 -0.729788
13.46 1.13711 -0.72939
13.47 1.11543 -0.728678
13.48 1.09326 -0.727652
13.49 1.07062 -0.726312
13.5 1.04752 -0.724659
13.51 1.02397 -0.722693
13.52 1 -0.720417
