0 0 0
0.08 6.08604e-11 -5.3688e-15
0.16 5.46145e-09 -1.22166e-12
0.12 9.85874e-10 -1.72183e-13
0.1 2.88917e-10 -3.93469e-14
0.09 1.38739e-10 -1.5423e-14
0.1 2.89938e-10 -3.97201e-14
0.11 5.64753e-10 -9.34154e-14
0.12 1.03795e-09 -2.0379e-13
0.13 1.81678e-09 -4.17421e-13
0.14 3.05052e-09 -8.1039e-13
0.15 4.94174e-09 -1.50241e-12
0.16 7.75945e-09 -2.67588e-12
0.17 1.18541e-08 -4.60111e-12
0.18 1.76747e-08 -7.66893e-12
0.19 2.57884e-08 -1.24325e-11
0.2 3.69017e-08 -1.96595e-11
0.21 5.18852e-08 -3.03976e-11
0.22 7.17997e-08 -4.60544e-11
0.23 9.79261e-08 -6.84943e-11
0.24 1.31797e-07 -1.00156e-10
0.25 1.75232e-07 -1.44192e-10
0.26 2.30377e-07 -2.04634e-10
0.27 2.99741e-07 -2.86587e-10
0.28 3.86247e-07 -3.96457e-10
0.29 4.93273e-07 -5.42217e-10
0.3 6.24706e-07 -7.33705e-10
0.31 7.84998e-07 -9.82983e-10
0.32 9.7922e-07 -1.30473e-09
0.33 1.21312e-06 -1.71669e-09
0.34 1.49321e-06 -2.24021e-09
0.35 1.82679e-06 -2.90078e-09
0.36 2.22207e-06 -3.72875e-09
0.37 2.68822e-06 -4.75997e-09
0.38 3.23544e-06 -6.03669e-09
0.39 3.87507e-06 -7.60841e-09
0.4 4.61966e-06 -9.53291e-09
0.41 5.48306e-06 -1.18773e-08
0.42 6.48054e-06 -1.47194e-08
0.43 7.62885e-06 -1.81489e-08
0.44 8.94635e-06 -2.22689e-08
0.45 1.04531e-05 -2.71976e-08
0.46 1.2171e-05 -3.30698e-08
0.47 1.41239e-05 -4.00393e-08
0.48 1.63377e-05 -4.82804e-08
0.49 1.88404e-05 -5.79905e-08
0.5 2.16623e-05 -6.93927e-08
0.51 2.48364e-05 -8.2738e-08
0.52 2.83979e-05 -9.83083e-08
0.53 3.2385e-05 -1.1642e-07
0.54 3.68385e-05 -1.37426e-07
0.55 4.18023e-05 -1.6172e-07
0.56 4.73236e-05 -1.89742e-07
0.57 5.34526e-05 -2.21978e-07
0.58 6.02431e-05 -2.5897e-07
0.59 6.77526e-05 -3.01315e-07
0.6 7.60421e-05 -3.49674e-07
0.61 8.51768e-05 -4.04774e-07
0.62 9.52259e-05 -4.67418e-07
0.63 0.000106263 -5.38485e-07
0.64 0.000118365 -6.18942e-07
0.65 0.000131616 -7.09846e-07
0.66 0.000146102 -8.12354e-07
0.67 0.000161916 -9.27729e-07
0.68 0.000179156 -1.05735e-06
0.69 0.000197923 -1.20271e-06
0.7 0.000218326 -1.36544e-06
0.71 0.00024048 -1.54732e-06
0.72 0.000264504 -1.75025e-06
0.73 0.000290525 -1.97633e-06
0.74 0.000318674 -2.22779e-06
0.75 0.00034909 -2.50707e-06
0.76 0.000381919 -2.81678e-06
0.77 0.000417312 -3.15975e-06
0.78 0.000455431 -3.53903e-06
0.79 0.00049644 -3.95788e-06
0.8 0.000540515 -4.41981e-06
0.81 0.000587836 -4.9286e-06
0.82 0.000638594 -5.48829e-06
0.83 0.000692986 -6.10322e-06
0.84 0.000751218 -6.77801e-06
0.85 0.000813504 -7.51762e-06
0.86 0.000880067 -8.32735e-06
0.87 0.000951138 -9.21284e-06
0.88 0.00102696 -1.01801e-05
0.89 0.00110778 -1.12356e-05
0.9 0.00119386 -1.23861e-05
0.91 0.00128546 -1.36388e-05
0.92 0.00138287 -1.50016e-05
0.93 0.00148637 -1.64825e-05
0.94 0.00159627 -1.80903e-05
0.95 0.00171286 -1.98342e-05
0.96 0.00183648 -2.1724e-05
0.97 0.00196744 -2.37699e-05
0.98 0.00210609 -2.59828e-05
0.99 0.00225278 -2.83745e-05
1 0.00240788 -3.09569e-05
1.01 0.00257175 -3.37431e-05
1.02 0.00274477 -3.67465e-05
1.03 0.00292736 -3.99815e-05
1.04 0.0031199 -4.34632e-05
1.05 0.00332283 -4.72074e-05
1.06 0.00353656 -5.12309e-05
1.07 0.00376156 -5.55512e-05
1.08 0.00399826 -6.01867e-05
1.09 0.00424713 -6.51568e-05
1.1 0.00450866 -7.04818e-05
1.11 0.00478334 -7.61832e-05
1.12 0.00507167 -8.22831e-05
1.13 0.00537415 -8.88051e-05
1.14 0.00569134 -9.57737e-05
1.15 0.00602375 -0.000103215
1.16 0.00637195 -0.000111154
1.17 0.0067365 -0.000119622
1.18 0.00711797 -0.000128645
1.19 0.00751697 -0.000138256
1.2 0.00793408 -0.000148486
1.21 0.00836994 -0.000159368
1.22 0.00882516 -0.000170938
1.23 0.00930038 -0.000183231
1.24 0.00979626 -0.000196285
1.25 0.0103135 -0.00021014
1.26 0.0108527 -0.000224836
1.27 0.0114146 -0.000240416
1.28 0.0119999 -0.000256925
1.29 0.0126093 -0.000274408
1.3 0.0132435 -0.000292913
1.31 0.0139033 -0.00031249
1.32 0.0145894 -0.00033319
1.33 0.0153026 -0.000355067
1.34 0.0160436 -0.000378176
1.35 0.0168133 -0.000402574
1.36 0.0176124 -0.000428322
1.37 0.0184418 -0.00045548
1.38 0.0193021 -0.000484113
1.39 0.0201944 -0.000514286
1.4 0.0211194 -0.000546068
1.41 0.0220779 -0.00057953
1.42 0.0230709 -0.000614745
1.43 0.0240991 -0.000651787
1.44 0.0251635 -0.000690735
1.45 0.026265 -0.00073167
1.46 0.0274043 -0.000774674
1.47 0.0285826 -0.000819832
1.48 0.0298005 -0.000867235
1.49 0.0310591 -0.000916971
1.5 0.0323593 -0.000969136
1.51 0.033702 -0.00102383
1.52 0.0350881 -0.00108114
1.53 0.0365186 -0.00114118
1.54 0.0379945 -0.00120405
1.55 0.0395167 -0.00126987
1.56 0.0410861 -0.00133873
1.57 0.0427037 -0.00141077
1.58 0.0443705 -0.00148608
1.59 0.0460875 -0.0015648
1.6 0.0478555 -0.00164706
1.61 0.0496757 -0.00173297
1.62 0.051549 -0.00182266
1.63 0.0534763 -0.00191628
1.64 0.0554586 -0.00201396
1.65 0.0574969 -0.00211584
1.66 0.0595923 -0.00222206
1.67 0.0617456 -0.00233278
1.68 0.0639578 -0.00244814
1.69 0.06623 -0.00256831
1.7 0.0685631 -0.00269343
1.71 0.0709581 -0.00282367
1.72 0.0734159 -0.00295921
1.73 0.0759375 -0.0031002
1.74 0.0785239 -0.00324682
1.75 0.0811759 -0.00339925
1.76 0.0838947 -0.00355767
1.77 0.086681 -0.00372227
1.78 0.0895359 -0.00389323
1.79 0.0924602 -0.00407075
1.8 0.0954548 -0.00425502
1.81 0.0985208 -0.00444625
1.82 0.101659 -0.00464464
1.83 0.10487 -0.00485039
1.84 0.108155 -0.00506373
1.85 0.111515 -0.00528486
1.86 0.114951 -0.00551401
1.87 0.118463 -0.00575141
1.88 0.122052 -0.00599727
1.89 0.125719 -0.00625183
1.9 0.129465 -0.00651533
1.91 0.133291 -0.00678801
1.92 0.137197 -0.00707012
1.93 0.141185 -0.00736189
1.94 0.145254 -0.00766358
1.95 0.149406 -0.00797545
1.96 0.153641 -0.00829776
1.97 0.15796 -0.00863077
1.98 0.162363 -0.00897474
1.99 0.166852 -0.00932995
2 0.171426 -0.00969668
2.01 0.176086 -0.0100752
2.02 0.180834 -0.0104658
2.03 0.185668 -0.0108687
2.04 0.190591 -0.0112843
2.05 0.195601 -0.0117129
2.06 0.200701 -0.0121546
2.07 0.205889 -0.0126099
2.08 0.211167 -0.0130791
2.09 0.216535 -0.0135624
2.1 0.221993 -0.0140601
2.11 0.227542 -0.0145726
2.12 0.233181 -0.0151002
2.13 0.238911 -0.0156432
2.14 0.244732 -0.0162019
2.15 0.250644 -0.0167767
2.16 0.256647 -0.0173678
2.17 0.262742 -0.0179756
2.18 0.268929 -0.0186005
2.19 0.275207 -0.0192427
2.2 0.281576 -0.0199026
2.21 0.288037 -0.0205806
2.22 0.294589 -0.021277
2.23 0.301232 -0.021992
2.24 0.307966 -0.0227262
2.25 0.314791 -0.0234798
2.26 0.321706 -0.0242531
2.27 0.328711 -0.0250465
2.28 0.335807 -0.0258604
2.29 0.342991 -0.0266952
2.3 0.350265 -0.027551
2.31 0.357626 -0.0284284
2.32 0.365076 -0.0293277
2.33 0.372614 -0.0302492
2.34 0.380238 -0.0311933
2.35 0.387948 -0.0321604
2.36 0.395744 -0.0331507
2.37 0.403624 -0.0341647
2.38 0.411588 -0.0352026
2.39 0.419635 -0.036265
2.4 0.427765 -0.037352
2.41 0.435975 -0.0384641
2.42 0.444266 -0.0396016
2.43 0.452636 -0.0407649
2.44 0.461084 -0.0419543
2.45 0.469609 -0.0431701
2.46 0.47821 -0.0444127
2.47 0.486886 -0.0456825
2.48 0.495634 -0.0469797
2.49 0.504455 -0.0483048
2.5 0.513347 -0.049658
2.51 0.522307 -0.0510397
2.52 0.531336 -0.0524502
2.53 0.54043 -0.0538898
2.54 0.54959 -0.0553589
2.55 0.558812 -0.0568577
2.56 0.568096 -0.0583866
2.57 0.577439 -0.0599459
2.58 0.58684 -0.0615358
2.59 0.596297 -0.0631568
2.6 0.605809 -0.064809
2.61 0.615372 -0.0664927
2.62 0.624986 -0.0682083
2.63 0.634649 -0.0699559
2.64 0.644357 -0.0717359
2.65 0.65411 -0.0735486
2.66 0.663905 -0.0753941
2.67 0.673739 -0.0772727
2.68 0.683611 -0.0791847
2.69 0.693518 -0.0811302
2.7 0.703458 -0.0831096
2.71 0.713429 -0.0851229
2.72 0.723428 -0.0871705
2.73 0.733452 -0.0892524
2.74 0.743499 -0.0913689
2.75 0.753567 -0.0935202
2.76 0.763652 -0.0957064
2.77 0.773753 -0.0979276
2.78 0.783866 -0.100184
2.79 0.79399 -0.102476
2.8 0.80412 -0.104803
2.81 0.814254 -0.107166
2.82 0.824389 -0.109564
2.83 0.834523 -0.111998
2.84 0.844652 -0.114468
2.85 0.854774 -0.116974
2.86 0.864885 -0.119516
2.87 0.874982 -0.122093
2.88 0.885063 -0.124707
2.89 0.895124 -0.127356
2.9 0.905161 -0.130042
2.91 0.915173 -0.132763
2.92 0.925155 -0.13552
2.93 0.935104 -0.138313
2.94 0.945017 -0.141141
2.95 0.954891 -0.144005
2.96 0.964723 -0.146905
2.97 0.974508 -0.14984
2.98 0.984243 -0.15281
2.99 0.993926 -0.155815
3 1.00355 -0.158855
3.01 1.01312 -0.16193
3.02 1.02262 -0.165039
3.03 1.03206 -0.168182
3.04 1.04142 -0.171359
3.05 1.05072 -0.17457
3.06 1.05993 -0.177815
3.07 1.06906 -0.181092
3.08 1.07811 -0.184402
3.09 1.08707 -0.187745
3.1 1.09594 -0.191119
3.11 1.10471 -0.194526
3.12 1.11339 -0.197963
3.13 1.12196 -0.201431
3.14 1.13042 -0.20493
3.15 1.13878 -0.208458
3.16 1.14702 -0.212015
3.17 1.15514 -0.215602
3.18 1.16314 -0.219217
3.19 1.17101 -0.222859
3.2 1.17876 -0.226528
3.21 1.18637 -0.230224
3.22 1.19385 -0.233946
3.23 1.20119 -0.237693
3.24 1.20839 -0.241465
3.25 1.21544 -0.24526
3.26 1.22233 -0.249078
3.27 1.22908 -0.252919
3.28 1.23566 -0.256781
3.29 1.24209 -0.260664
3.3 1.24834 -0.264567
3.31 1.25443 -0.26849
3.32 1.26035 -0.27243
3.33 1.2661 -0.276388
3.34 1.27166 -0.280362
3.35 1.27704 -0.284351
3.36 1.28223 -0.288356
3.37 1.28724 -0.292373
3.38 1.29205 -0.296404
3.39 1.29667 -0.300445
3.4 1.30108 -0.304498
3.41 1.3053 -0.308559
3.42 1.3093 -0.312629
3.43 1.3131 -0.316706
3.44 1.31669 -0.32079
3.45 1.32006 -0.324878
3.46 1.32321 -0.32897
3.47 1.32614 -0.333064
3.48 1.32884 -0.337159
3.49 1.33132 -0.341255
3.5 1.33356 -0.345349
3.51 1.33557 -0.349441
3.52 1.33735 -0.353528
3.53 1.33889 -0.357611
3.54 1.34018 -0.361687
3.55 1.34124 -0.365755
3.56 1.34204 -0.369814
3.57 1.3426 -0.373862
3.58 1.3429 -0.377898
3.59 1.34295 -0.38192
3.6 1.34274 -0.385927
3.61 1.34228 -0.389918
3.62 1.34155 -0.39389
3.63 1.34056 -0.397843
3.64 1.33931 -0.401775
3.65 1.33778 -0.405684
3.66 1.33599 -0.409569
3.67 1.33393 -0.413428
3.68 1.3316 -0.41726
3.69 1.32899 -0.421063
3.7 1.32611 -0.424835
3.71 1.32295 -0.428575
3.72 1.31951 -0.432281
3.73 1.31579 -0.435952
3.74 1.31179 -0.439585
3.75 1.30751 -0.44318
3.76 1.30295 -0.446734
3.77 1.2981 -0.450246
3.78 1.29296 -0.453714
3.79 1.28754 -0.457136
3.8 1.28184 -0.460511
3.81 1.27584 -0.463837
3.82 1.26956 -0.467113
3.83 1.26299 -0.470336
3.84 1.25613 -0.473505
3.85 1.24899 -0.476618
3.86 1.24155 -0.479673
3.87 1.23383 -0.48267
3.88 1.22581 -0.485605
3.89 1.21751 -0.488477
3.9 1.20892 -0.491285
3.91 1.20004 -0.494027
3.92 1.19088 -0.496701
3.93 1.18142 -0.499305
3.94 1.17169 -0.501838
3.95 1.16166 -0.504298
3.96 1.15136 -0.506683
3.97 1.14076 -0.508992
3.98 1.12989 -0.511223
3.99 1.11873 -0.513375
4 1.1073 -0.515445
4.01 1.09559 -0.517431
4.02 1.0836 -0.519334
4.03 1.07133 -0.52115
4.04 1.05879 -0.522878
4.05 1.04598 -0.524517
4.06 1.0329 -0.526065
4.07 1.01956 -0.527521
4.08 1.00594 -0.528882
4.09 0.992068 -0.530148
4.1 0.977931 -0.531317
4.11 0.963537 -0.532387
4.12 0.948886 -0.533358
4.13 0.933983 -0.534227
4.14 0.91883 -0.534993
4.15 0.903429 -0.535655
4.16 0.887785 -0.536212
4.17 0.871899 -0.536662
4.18 0.855776 -0.537004
4.19 0.839418 -0.537236
4.2 0.822829 -0.537358
4.21 0.806012 -0.537368
4.22 0.788972 -0.537265
4.23 0.771712 -0.537048
4.24 0.754235 -0.536715
4.25 0.736546 -0.536267
4.26 0.718649 -0.5357
4.27 0.700547 -0.535016
4.28 0.682246 -0.534212
4.29 0.663749 -0.533288
4.3 0.64506 -0.532243
4.31 0.626185 -0.531075
4.32 0.607128 -0.529785
4.33 0.587894 -0.528371
4.34 0.568486 -0.526833
4.35 0.548911 -0.52517
4.36 0.529173 -0.523381
4.37 0.509277 -0.521466
4.38 0.489229 -0.519423
4.39 0.469033 -0.517254
4.4 0.448694 -0.514956
4.41 0.428219 -0.51253
4.42 0.407612 -0.509976
4.43 0.38688 -0.507292
4.44 0.366026 -0.504479
4.45 0.345058 -0.501536
4.46 0.323981 -0.498464
4.47 0.302801 -0.495262
4.48 0.281523 -0.491929
4.49 0.260154 -0.488467
4.5 0.238699 -0.484874
4.51 0.217164 -0.481151
4.52 0.195556 -0.477299
4.53 0.173881 -0.473316
4.54 0.152144 -0.469205
4.55 0.130352 -0.464963
4.56 0.108512 -0.460593
4.57 0.0866297 -0.456094
4.58 0.0647112 -0.451467
4.59 0.0427633 -0.446712
4.6 0.0207922 -0.44183
4.61 -0.00119532 -0.436821
4.62 -0.0231929 -0.431686
4.63 -0.045194 -0.426426
4.64 -0.0671919 -0.421041
4.65 -0.08918 -0.415533
4.66 -0.111152 -0.409901
4.67 -0.1331 -0.404147
4.68 -0.155019 -0.398272
4.69 -0.176902 -0.392277
4.7 -0.198741 -0.386163
4.71 -0.22053 -0.379931
4.72 -0.242262 -0.373582
4.73 -0.263931 -0.367118
4.74 -0.28553 -0.360539
4.75 -0.307052 -0.353847
4.76 -0.32849 -0.347044
4.77 -0.349837 -0.34013
4.78 -0.371087 -0.333108
4.79 -0.392233 -0.325979
4.8 -0.413269 -0.318744
4.81 -0.434186 -0.311405
4.82 -0.454979 -0.303963
4.83 -0.475642 -0.296422
4.84 -0.496166 -0.288781
4.85 -0.516546 -0.281044
4.86 -0.536776 -0.273211
4.87 -0.556847 -0.265286
4.88 -0.576754 -0.257269
4.89 -0.596491 -0.249164
4.9 -0.61605 -0.240971
4.91 -0.635426 -0.232694
4.92 -0.654611 -0.224334
4.93 -0.6736 -0.215893
4.94 -0.692385 -0.207374
4.95 -0.710962 -0.198779
4.96 -0.729322 -0.190111
4.97 -0.747461 -0.181372
4.98 -0.765373 -0.172563
4.99 -0.78305 -0.163689
5 -0.800487 -0.15475
5.01 -0.817678 -0.145751
5.02 -0.834617 -0.136693
5.03 -0.851298 -0.127578
5.04 -0.867716 -0.118411
5.05 -0.883864 -0.109193
5.06 -0.899738 -0.0999263
5.07 -0.915331 -0.0906148
5.08 -0.930638 -0.081261
5.09 -0.945654 -0.0718676
5.1 -0.960373 -0.0624375
5.11 -0.974791 -0.0529735
5.12 -0.988901 -0.0434786
5.13 -1.0027 -0.0339557
5.14 -1.01618 -0.0244078
5.15 -1.02934 -0.0148378
5.16 -1.04217 -0.00524877
5.17 -1.05467 0.00435624
5.18 -1.06684 0.0139742
5.19 -1.07866 0.023602
5.2 -1.09014 0.0332366
5.21 -1.10127 0.0428749
5.22 -1.11205 0.0525137
5.23 -1.12247 0.0621499
5.24 -1.13253 0.0717803
5.25 -1.14223 0.0814018
5.26 -1.15155 0.0910112
5.27 -1.16051 0.100605
5.28 -1.16908 0.110181
5.29 -1.17728 0.119735
5.3 -1.1851 0.129263
5.31 -1.19253 0.138764
5.32 -1.19957 0.148234
5.33 -1.20622 0.157668
5.34 -1.21248 0.167065
5.35 -1.21833 0.176421
5.36 -1.22379 0.185733
5.37 -1.22885 0.194997
5.38 -1.23351 0.20421
5.39 -1.23776 0.213369
5.4 -1.2416 0.222472
5.41 -1.24503 0.231513
5.42 -1.24805 0.240492
5.43 -1.25066 0.249403
5.44 -1.25285 0.258245
5.45 -1.25463 0.267013
5.46 -1.25599 0.275706
5.47 -1.25693 0.284319
5.48 -1.25745 0.292849
5.49 -1.25756 0.301295
5.5 -1.25724 0.309651
5.51 -1.25651 0.317916
5.52 -1.25535 0.326086
5.53 -1.25377 0.334159
5.54 -1.25178 0.342131
5.55 -1.24936 0.349999
5.56 -1.24652 0.357761
5.57 -1.24326 0.365413
5.58 -1.23959 0.372953
5.59 -1.23549 0.380378
5.6 -1.23098 0.387685
5.61 -1.22605 0.394872
5.62 -1.22071 0.401935
5.63 -1.21495 0.408872
5.64 -1.20878 0.41568
5.65 -1.2022 0.422357
5.66 -1.19521 0.4289
5.67 -1.18781 0.435306
5.68 -1.18001 0.441574
5.69 -1.17181 0.447699
5.7 -1.1632 0.453682
5.71 -1.1542 0.459517
5.72 -1.1448 0.465205
5.73 -1.13501 0.470741
5.74 -1.12483 0.476125
5.75 -1.11427 0.481353
5.76 -1.10332 0.486424
5.77 -1.09199 0.491335
5.78 -1.08028 0.496086
5.79 -1.0682 0.500672
5.8 -1.05575 0.505094
5.81 -1.04294 0.509348
5.82 -1.02977 0.513433
5.83 -1.01624 0.517348
5.84 -1.00236 0.52109
5.85 -0.988125 0.524659
5.86 -0.973551 0.528051
5.87 -0.958638 0.531267
5.88 -0.943392 0.534304
5.89 -0.927816 0.537162
5.9 -0.911917 0.539838
5.91 -0.895699 0.542331
5.92 -0.879168 0.544641
5.93 -0.862329 0.546766
5.94 -0.845189 0.548705
5.95 -0.827751 0.550458
5.96 -0.810023 0.552022
5.97 -0.792011 0.553398
5.98 -0.773719 0.554585
5.99 -0.755155 0.555581
6 -0.736325 0.556387
6.01 -0.717235 0.557001
6.02 -0.697892 0.557423
6.03 -0.678302 0.557652
6.04 -0.658472 0.557689
6.05 -0.638409 0.557533
6.06 -0.618119 0.557183
6.07 -0.597609 0.55664
6.08 -0.576887 0.555903
6.09 -0.55596 0.554972
6.1 -0.534835 0.553848
6.11 -0.513519 0.55253
6.12 -0.492019 0.551019
6.13 -0.470344 0.549315
6.14 -0.4485 0.547418
6.15 -0.426496 0.545329
6.16 -0.404339 0.543048
6.17 -0.382036 0.540575
6.18 -0.359596 0.537912
6.19 -0.337027 0.535059
6.2 -0.314336 0.532016
6.21 -0.291531 0.528785
6.22 -0.268621 0.525367
6.23 -0.245614 0.521762
6.24 -0.222517 0.517971
6.25 -0.19934 0.513996
6.26 -0.176089 0.509838
6.27 -0.152774 0.505498
6.28 -0.129404 0.500977
6.29 -0.105985 0.496277
6.3 -0.0825269 0.491399
6.31 -0.059038 0.486345
6.32 -0.0355266 0.481116
6.33 -0.0120013 0.475715
6.34 0.0115296 0.470142
6.35 0.0350575 0.464399
6.36 0.0585738 0.45849
6.37 0.0820701 0.452414
6.38 0.105538 0.446175
6.39 0.128968 0.439775
6.4 0.152353 0.433215
6.41 0.175684 0.426498
6.42 0.198952 0.419626
6.43 0.222149 0.412602
6.44 0.245266 0.405427
6.45 0.268295 0.398105
6.46 0.291227 0.390637
6.47 0.314054 0.383027
6.48 0.336767 0.375277
6.49 0.359359 0.367389
6.5 0.38182 0.359367
6.51 0.404142 0.351212
6.52 0.426318 0.342929
6.53 0.448338 0.33452
6.54 0.470195 0.325987
6.55 0.49188 0.317335
6.56 0.513386 0.308565
6.57 0.534704 0.299682
6.58 0.555827 0.290687
6.59 0.576746 0.281585
6.6 0.597453 0.272379
6.61 0.617942 0.263071
6.62 0.638203 0.253666
6.63 0.65823 0.244166
6.64 0.678014 0.234575
6.65 0.697549 0.224897
6.66 0.716827 0.215135
6.67 0.73584 0.205292
6.68 0.754582 0.195373
6.69 0.773045 0.18538
6.7 0.791222 0.175317
6.71 0.809106 0.165189
6.72 0.826691 0.154998
6.73 0.843969 0.144749
6.74 0.860934 0.134444
6.75 0.87758 0.124089
6.76 0.893899 0.113687
6.77 0.909887 0.103241
6.78 0.925535 0.0927558
6.79 0.940839 0.082235
6.8 0.955793 0.0716823
6.81 0.97039 0.0611019
6.82 0.984625 0.0504976
6.83 0.998492 0.0398733
6.84 1.01199 0.029233
6.85 1.0251 0.0185808
6.86 1.03783 0.00792054
6.87 1.05018 -0.00274375
6.88 1.06213 -0.0134081
6.89 1.07368 -0.0240684
6.9 1.08483 -0.0347207
6.91 1.09557 -0.0453611
6.92 1.1059 -0.0559854
6.93 1.11581 -0.0665897
6.94 1.1253 -0.0771699
6.95 1.13437 -0.0877221
6.96 1.14301 -0.0982422
6.97 1.15123 -0.108726
6.98 1.159 -0.11917
6.99 1.16634 -0.12957
7 1.17324 -0.139922
7.01 1.17969 -0.150222
7.02 1.1857 -0.160467
7.03 1.19126 -0.170651
7.04 1.19637 -0.180772
7.05 1.20102 -0.190825
7.06 1.20522 -0.200806
7.07 1.20897 -0.210712
7.08 1.21225 -0.220539
7.09 1.21507 -0.230283
7.1 1.21743 -0.239941
7.11 1.21933 -0.249508
7.12 1.22076 -0.258981
7.13 1.22172 -0.268356
7.14 1.22223 -0.277629
7.15 1.22226 -0.286798
7.16 1.22183 -0.295857
7.17 1.22093 -0.304805
7.18 1.21957 -0.313637
7.19 1.21773 -0.322349
7.2 1.21544 -0.330939
7.21 1.21268 -0.339403
7.22 1.20945 -0.347738
7.23 1.20576 -0.35594
7.24 1.2016 -0.364007
7.25 1.19699 -0.371934
7.26 1.19192 -0.379719
7.27 1.18638 -0.387359
7.28 1.1804 -0.394851
7.29 1.17395 -0.402191
7.3 1.16706 -0.409378
7.31 1.15972 -0.416407
7.32 1.15192 -0.423276
7.33 1.14369 -0.429983
7.34 1.13501 -0.436525
7.35 1.1259 -0.442898
7.36 1.11635 -0.449101
7.37 1.10637 -0.455131
7.38 1.09596 -0.460986
7.39 1.08513 -0.466663
7.4 1.07388 -0.47216
7.41 1.06221 -0.477474
7.42 1.05013 -0.482604
7.43 1.03764 -0.487547
7.44 1.02475 -0.492301
7.45 1.01147 -0.496865
7.46 0.997786 -0.501237
7.47 0.983718 -0.505414
7.48 0.969268 -0.509395
7.49 0.95444 -0.513178
7.5 0.939241 -0.516762
7.51 0.923676 -0.520145
7.52 0.907751 -0.523326
7.53 0.891473 -0.526303
7.54 0.874846 -0.529075
7.55 0.857878 -0.531641
7.56 0.840575 -0.534
7.57 0.822944 -0.53615
7.58 0.804991 -0.538092
7.59 0.786723 -0.539823
7.6 0.768148 -0.541343
7.61 0.749271 -0.542652
7.62 0.730101 -0.543749
7.63 0.710645 -0.544632
7.64 0.690911 -0.545303
7.65 0.670905 -0.54576
7.66 0.650636 -0.546002
7.67 0.630111 -0.546031
7.68 0.609339 -0.545846
7.69 0.588327 -0.545446
7.7 0.567084 -0.544832
7.71 0.545618 -0.544003
7.72 0.523937 -0.542961
7.73 0.502049 -0.541705
7.74 0.479964 -0.540236
7.75 0.457689 -0.538554
7.76 0.435234 -0.53666
7.77 0.412607 -0.534554
7.78 0.389817 -0.532238
7.79 0.366873 -0.529711
7.8 0.343784 -0.526975
7.81 0.320559 -0.524031
7.82 0.297207 -0.52088
7.83 0.273737 -0.517523
7.84 0.250159 -0.513961
7.85 0.226482 -0.510195
7.86 0.202715 -0.506228
7.87 0.178868 -0.50206
7.88 0.154949 -0.497693
7.89 0.13097 -0.493128
7.9 0.106938 -0.488368
7.91 0.0828629 -0.483414
7.92 0.0587554 -0.478267
7.93 0.0346244 -0.472931
7.94 0.0104795 -0.467407
7.95 -0.0136696 -0.461696
7.96 -0.0378133 -0.455802
7.97 -0.061942 -0.449727
7.98 -0.0860461 -0.443472
7.99 -0.110116 -0.437041
8 -0.134142 -0.430435
8.01 -0.158115 -0.423658
8.02 -0.182024 -0.416711
8.03 -0.205861 -0.409598
8.04 -0.229616 -0.402322
8.05 -0.253279 -0.394884
8.06 -0.276841 -0.387289
8.07 -0.300292 -0.379539
8.08 -0.323623 -0.371637
8.09 -0.346825 -0.363586
8.1 -0.369887 -0.35539
8.11 -0.392802 -0.347051
8.12 -0.415559 -0.338573
8.13 -0.43815 -0.329959
8.14 -0.460565 -0.321213
8.15 -0.482795 -0.312337
8.16 -0.504831 -0.303337
8.17 -0.526665 -0.294214
8.18 -0.548287 -0.284973
8.19 -0.569688 -0.275618
8.2 -0.590861 -0.266151
8.21 -0.611795 -0.256578
8.22 -0.632484 -0.246901
8.23 -0.652918 -0.237125
8.24 -0.673089 -0.227253
8.25 -0.692989 -0.217289
8.26 -0.712609 -0.207238
8.27 -0.731942 -0.197103
8.28 -0.75098 -0.186889
8.29 -0.769714 -0.176599
8.3 -0.788138 -0.166237
8.31 -0.806243 -0.155809
8.32 -0.824023 -0.145317
8.33 -0.841469 -0.134767
8.34 -0.858575 -0.124162
8.35 -0.875334 -0.113507
8.36 -0.891738 -0.102805
8.37 -0.907782 -0.0920624
8.38 -0.923457 -0.0812821
8.39 -0.938759 -0.0704687
8.4 -0.95368 -0.0596268
8.41 -0.968214 -0.0487605
8.42 -0.982355 -0.0378745
8.43 -0.996097 -0.0269729
8.44 -1.00944 -0.0160604
8.45 -1.02236 -0.00514129
8.46 -1.03488 0.00577998
8.47 -1.04697 0.016699
8.48 -1.05863 0.0276112
8.49 -1.06987 0.0385123
8.5 -1.08067 0.0493978
8.51 -1.09103 0.0602633
8.52 -1.10095 0.0711042
8.53 -1.11041 0.0819163
8.54 -1.11943 0.092695
8.55 -1.12799 0.103436
8.56 -1.13609 0.114135
8.57 -1.14372 0.124787
8.58 -1.15089 0.135389
8.59 -1.15759 0.145935
8.6 -1.16381 0.156422
8.61 -1.16956 0.166845
8.62 -1.17483 0.177199
8.63 -1.17962 0.187482
8.64 -1.18393 0.197687
8.65 -1.18776 0.207812
8.66 -1.1911 0.217852
8.67 -1.19395 0.227803
8.68 -1.19631 0.23766
8.69 -1.19818 0.24742
8.7 -1.19956 0.257079
8.71 -1.20045 0.266633
8.72 -1.20084 0.276077
8.73 -1.20075 0.285408
8.74 -1.20016 0.294621
8.75 -1.19907 0.303714
8.76 -1.1975 0.312682
8.77 -1.19543 0.321522
8.78 -1.19287 0.33023
8.79 -1.18982 0.338801
8.8 -1.18629 0.347234
8.81 -1.18226 0.355524
8.82 -1.17775 0.363667
8.83 -1.17275 0.371661
8.84 -1.16727 0.379501
8.85 -1.16131 0.387186
8.86 -1.15486 0.394711
8.87 -1.14795 0.402073
8.88 -1.14056 0.409269
8.89 -1.1327 0.416297
8.9 -1.12437 0.423153
8.91 -1.11558 0.429834
8.92 -1.10632 0.436337
8.93 -1.09661 0.442661
8.94 -1.08645 0.448802
8.95 -1.07584 0.454757
8.96 -1.06478 0.460524
8.97 -1.05328 0.466101
8.98 -1.04135 0.471484
8.99 -1.02899 0.476673
9 -1.0162 0.481665
9.01 -1.00299 0.486457
9.02 -0.98936 0.491047
9.03 -0.975323 0.495434
9.04 -0.960882 0.499616
9.05 -0.946043 0.503591
9.06 -0.930811 0.507356
9.07 -0.915194 0.510912
9.08 -0.899196 0.514255
9.09 -0.882825 0.517385
9.1 -0.866087 0.5203
9.11 -0.84899 0.522999
9.12 -0.83154 0.52548
9.13 -0.813744 0.527743
9.14 -0.79561 0.529787
9.15 -0.777145 0.53161
9.16 -0.758356 0.533212
9.17 -0.739252 0.534593
9.18 -0.719841 0.535751
9.19 -0.700129 0.536685
9.2 -0.680126 0.537397
9.21 -0.65984 0.537884
9.22 -0.639278 0.538147
9.23 -0.61845 0.538186
9.24 -0.597364 0.538
9.25 -0.576029 0.53759
9.26 -0.554453 0.536956
9.27 -0.532646 0.536098
9.28 -0.510617 0.535015
9.29 -0.488375 0.53371
9.3 -0.465928 0.532181
9.31 -0.443287 0.53043
9.32 -0.42046 0.528458
9.33 -0.397458 0.526264
9.34 -0.374289 0.52385
9.35 -0.350964 0.521218
9.36 -0.327492 0.518367
9.37 -0.303883 0.515299
9.38 -0.280147 0.512015
9.39 -0.256293 0.508517
9.4 -0.232332 0.504806
9.41 -0.208274 0.500884
9.42 -0.184128 0.496751
9.43 -0.159905 0.49241
9.44 -0.135615 0.487863
9.45 -0.111268 0.483111
9.46 -0.0868749 0.478157
9.47 -0.0624449 0.473001
9.48 -0.0379887 0.467648
9.49 -0.0135165 0.462097
9.5 0.0109614 0.456353
9.51 0.0354346 0.450417
9.52 0.059893 0.444292
9.53 0.0843262 0.437979
9.54 0.108724 0.431483
9.55 0.133076 0.424805
9.56 0.157372 0.417949
9.57 0.181602 0.410916
9.58 0.205755 0.403711
9.59 0.229822 0.396336
9.6 0.253792 0.388793
9.61 0.277655 0.381087
9.62 0.301401 0.373221
9.63 0.32502 0.365197
9.64 0.348502 0.357019
9.65 0.371837 0.34869
9.66 0.395015 0.340215
9.67 0.418027 0.331596
9.68 0.440862 0.322836
9.69 0.463511 0.313941
9.7 0.485964 0.304913
9.71 0.508212 0.295757
9.72 0.530246 0.286475
9.73 0.552055 0.277072
9.74 0.573631 0.267553
9.75 0.594965 0.25792
9.76 0.616047 0.248178
9.77 0.636868 0.238331
9.78 0.65742 0.228383
9.79 0.677694 0.218339
9.8 0.697681 0.208202
9.81 0.717372 0.197977
9.82 0.73676 0.187668
9.83 0.755835 0.17728
9.84 0.774591 0.166816
9.85 0.793018 0.156282
9.86 0.811109 0.145682
9.87 0.828856 0.13502
9.88 0.846252 0.1243
9.89 0.863288 0.113528
9.9 0.879959 0.102708
9.91 0.896256 0.091844
9.92 0.912172 0.0809411
9.93 0.927701 0.0700038
9.94 0.942836 0.0590368
9.95 0.957571 0.0480447
9.96 0.971899 0.0370322
9.97 0.985814 0.026004
9.98 0.999309 0.0149647
9.99 1.01238 0.00391899
10 1.02502 -0.00712835
10.01 1.03722 -0.0181727
10.02 1.04899 -0.0292092
10.03 1.0603 -0.0402334
10.04 1.07117 -0.0512404
10.05 1.08158 -0.0622257
10.06 1.09153 -0.0731844
10.07 1.10101 -0.084112
10.08 1.11003 -0.0950037
10.09 1.11857 -0.105855
10.1 1.12663 -0.116661
10.11 1.13422 -0.127417
10.12 1.14132 -0.13812
10.13 1.14793 -0.148763
10.14 1.15406 -0.159342
10.15 1.15969 -0.169854
10.16 1.16482 -0.180293
10.17 1.16946 -0.190656
10.18 1.1736 -0.200936
10.19 1.17724 -0.211132
10.2 1.18038 -0.221236
10.21 1.18301 -0.231247
10.22 1.18514 -0.241158
10.23 1.18676 -0.250967
10.24 1.18787 -0.260668
10.25 1.18847 -0.270258
10.26 1.18857 -0.279732
10.27 1.18816 -0.289086
10.28 1.18724 -0.298317
10.29 1.18581 -0.30742
10.3 1.18387 -0.316391
10.31 1.18143 -0.325227
10.32 1.17848 -0.333924
10.33 1.17502 -0.342478
10.34 1.17107 -0.350885
10.35 1.16661 -0.359141
10.36 1.16165 -0.367244
10.37 1.15619 -0.375189
10.38 1.15024 -0.382974
10.39 1.14379 -0.390594
10.4 1.13685 -0.398046
10.41 1.12943 -0.405328
10.42 1.12152 -0.412436
10.43 1.11313 -0.419367
10.44 1.10426 -0.426118
10.45 1.09492 -0.432685
10.46 1.0851 -0.439067
10.47 1.07482 -0.445261
10.48 1.06408 -0.451263
10.49 1.05288 -0.457071
10.5 1.04123 -0.462683
10.51 1.02913 -0.468096
10.52 1.01659 -0.473307
10.53 1.00361 -0.478315
10.54 0.990204 -0.483117
10.55 0.976368 -0.487712
10.56 0.962112 -0.492096
10.57 0.947442 -0.496269
10.58 0.932363 -0.500228
10.59 0.916884 -0.503972
10.6 0.901009 -0.507499
10.61 0.884747 -0.510807
10.62 0.868103 -0.513895
10.63 0.851085 -0.516761
10.64 0.8337 -0.519405
10.65 0.815956 -0.521825
10.66 0.797861 -0.52402
10.67 0.779421 -0.525989
10.68 0.760645 -0.527731
10.69 0.74154 -0.529246
10.7 0.722116 -0.530532
10.71 0.70238 -0.531589
10.72 0.682342 -0.532417
10.73 0.662008 -0.533014
10.74 0.641389 -0.533382
10.75 0.620492 -0.53352
10.76 0.599328 -0.533427
10.77 0.577905 -0.533103
10.78 0.556232 -0.532549
10.79 0.534318 -0.531765
10.8 0.512174 -0.530751
10.81 0.489808 -0.529508
10.82 0.46723 -0.528035
10.83 0.444451 -0.526335
10.84 0.421479 -0.524406
10.85 0.398324 -0.522251
10.86 0.374998 -0.51987
10.87 0.351509 -0.517264
10.88 0.327867 -0.514433
10.89 0.304084 -0.51138
10.9 0.28017 -0.508106
10.91 0.256133 -0.504612
10.92 0.231986 -0.500899
10.93 0.207739 -0.496969
10.94 0.183401 -0.492823
10.95 0.158984 -0.488464
10.96 0.134498 -0.483893
10.97 0.109954 -0.479113
10.98 0.0853616 -0.474125
10.99 0.0607326 -0.468931
11 0.0360772 -0.463533
11.01 0.0114062 -0.457935
11.02 -0.0132698 -0.452138
11.03 -0.03794 -0.446144
11.04 -0.0625938 -0.439957
11.05 -0.0872204 -0.433579
11.06 -0.111809 -0.427013
11.07 -0.136349 -0.420261
11.08 -0.16083 -0.413327
11.09 -0.185241 -0.406213
11.1 -0.209572 -0.398922
11.11 -0.233811 -0.391458
11.12 -0.257949 -0.383824
11.13 -0.281975 -0.376024
11.14 -0.305878 -0.368059
11.15 -0.329648 -0.359935
11.16 -0.353275 -0.351654
11.17 -0.376748 -0.34322
11.18 -0.400057 -0.334637
11.19 -0.423192 -0.325908
11.2 -0.446143 -0.317037
11.21 -0.468899 -0.308028
11.22 -0.491452 -0.298885
11.23 -0.51379 -0.289612
11.24 -0.535905 -0.280213
11.25 -0.557786 -0.270692
11.26 -0.579424 -0.261053
11.27 -0.60081 -0.2513
11.28 -0.621934 -0.241438
11.29 -0.642787 -0.23147
11.3 -0.663359 -0.221402
11.31 -0.683643 -0.211237
11.32 -0.703628 -0.200979
11.33 -0.723307 -0.190635
11.34 -0.74267 -0.180207
11.35 -0.761708 -0.1697
11.36 -0.780415 -0.159119
11.37 -0.798781 -0.148469
11.38 -0.816798 -0.137754
11.39 -0.834459 -0.126979
11.4 -0.851755 -0.116149
11.41 -0.86868 -0.105268
11.42 -0.885225 -0.0943404
11.43 -0.901383 -0.083372
11.44 -0.917148 -0.0723672
11.45 -0.932511 -0.0613307
11.46 -0.947468 -0.0502675
11.47 -0.96201 -0.0391823
11.48 -0.976131 -0.0280799
11.49 -0.989826 -0.0169653
11.5 -1.00309 -0.00584329
11.51 -1.01591 0.0052813
11.52 -1.02829 0.0164036
11.53 -1.04022 0.0275187
11.54 -1.05169 0.0386217
11.55 -1.06271 0.0497079
11.56 -1.07326 0.0607723
11.57 -1.08333 0.0718101
11.58 -1.09294 0.0828165
11.59 -1.10206 0.0937866
11.6 -1.11071 0.104716
11.61 -1.11887 0.115599
11.62 -1.12653 0.126431
11.63 -1.1337 0.137208
11.64 -1.14038 0.147925
11.65 -1.14656 0.158578
11.66 -1.15223 0.16916
11.67 -1.1574 0.179669
11.68 -1.16206 0.190099
11.69 -1.16621 0.200445
11.7 -1.16986 0.210704
11.71 -1.17298 0.22087
11.72 -1.1756 0.230939
11.73 -1.17769 0.240907
11.74 -1.17927 0.250769
11.75 -1.18034 0.260521
11.76 -1.18088 0.270159
11.77 -1.18091 0.279678
11.78 -1.18041 0.289074
11.79 -1.1794 0.298343
11.8 -1.17787 0.307482
11.81 -1.17583 0.316485
11.82 -1.17327 0.32535
11.83 -1.17019 0.334071
11.84 -1.1666 0.342645
11.85 -1.16249 0.351069
11.86 -1.15788 0.359339
11.87 -1.15275 0.367451
11.88 -1.14712 0.375401
11.89 -1.14098 0.383186
11.9 -1.13434 0.390803
11.91 -1.12721 0.398247
11.92 -1.11958 0.405517
11.93 -1.11145 0.412608
11.94 -1.10284 0.419517
11.95 -1.09374 0.426242
11.96 -1.08416 0.432779
11.97 -1.0741 0.439126
11.98 -1.06357 0.44528
11.99 -1.05257 0.451237
12 -1.0411 0.456996
12.01 -1.02918 0.462553
12.02 -1.01681 0.467907
12.03 -1.00399 0.473054
12.04 -0.99072 0.477993
12.05 -0.977019 0.482722
12.06 -0.962886 0.487238
12.07 -0.94833 0.491539
12.08 -0.933355 0.495623
12.09 -0.917969 0.499489
12.1 -0.902178 0.503134
12.11 -0.885989 0.506558
12.12 -0.86941 0.509758
12.13 -0.852447 0.512734
12.14 -0.835108 0.515483
12.15 -0.8174 0.518005
12.16 -0.799332 0.520298
12.17 -0.780911 0.522361
12.18 -0.762145 0.524194
12.19 -0.743043 0.525796
12.2 -0.723612 0.527165
12.21 -0.703863 0.528302
12.22 -0.683802 0.529205
12.23 -0.663439 0.529875
12.24 -0.642784 0.53031
12.25 -0.621844 0.530512
12.26 -0.60063 0.530478
12.27 -0.57915 0.530211
12.28 -0.557414 0.529709
12.29 -0.535432 0.528973
12.3 -0.513213 0.528003
12.31 -0.490768 0.5268
12.32 -0.468105 0.525364
12.33 -0.445235 0.523695
12.34 -0.422169 0.521795
12.35 -0.398915 0.519664
12.36 -0.375485 0.517304
12.37 -0.351889 0.514714
12.38 -0.328138 0.511896
12.39 -0.304241 0.508852
12.4 -0.280209 0.505583
12.41 -0.256054 0.50209
12.42 -0.231785 0.498375
12.43 -0.207413 0.494439
12.44 -0.18295 0.490284
12.45 -0.158406 0.485913
12.46 -0.133791 0.481325
12.47 -0.109117 0.476525
12.48 -0.0843953 0.471514
12.49 -0.0596358 0.466293
12.5 -0.0348498 0.460866
12.51 -0.0100484 0.455235
12.52 0.0147574 0.449402
12.53 0.0395567 0.44337
12.54 0.0643385 0.437141
12.55 0.0890918 0.430719
12.56 0.113806 0.424105
12.57 0.138469 0.417303
12.58 0.163071 0.410317
12.59 0.1876 0.403148
12.6 0.212046 0.395801
12.61 0.236399 0.388277
12.62 0.260646 0.380582
12.63 0.284778 0.372718
12.64 0.308783 0.364688
12.65 0.332651 0.356496
12.66 0.356372 0.348146
12.67 0.379934 0.339642
12.68 0.403328 0.330987
12.69 0.426542 0.322184
12.7 0.449567 0.313239
12.71 0.472393 0.304155
12.72 0.495008 0.294935
12.73 0.517404 0.285585
12.74 0.53957 0.276107
12.75 0.561495 0.266507
12.76 0.583172 0.256788
12.77 0.604589 0.246956
12.78 0.625738 0.237013
12.79 0.646608 0.226965
12.8 0.667191 0.216816
12.81 0.687477 0.206571
12.82 0.707457 0.196234
12.83 0.727123 0.18581
12.84 0.746465 0.175303
12.85 0.765476 0.164718
12.86 0.784145 0.154059
12.87 0.802466 0.143333
12.88 0.82043 0.132542
12.89 0.838029 0.121692
12.9 0.855254 0.110789
12.91 0.872099 0.0998356
12.92 0.888556 0.0888381
12.93 0.904617 0.077801
12.94 0.920275 0.0667293
12.95 0.935523 0.0556279
12.96 0.950355 0.0445017
12.97 0.964764 0.0333557
12.98 0.978742 0.0221948
12.99 0.992285 0.011024
13 1.00539 -0.000151658
13.01 1.01804 -0.0113273
13.02 1.03024 -0.0224978
13.03 1.04198 -0.0336584
13.04 1.05325 -0.0448039
13.05 1.06406 -0.0559295
13.06 1.07439 -0.0670301
13.07 1.08424 -0.0781008
13.08 1.09361 -0.0891367
13.09 1.10249 -0.100133
13.1 1.11088 -0.111084
13.11 1.11877 -0.121986
13.12 1.12617 -0.132834
13.13 1.13306 -0.143622
13.14 1.13945 -0.154346
13.15 1.14533 -0.165002
13.16 1.15069 -0.175583
13.17 1.15555 -0.186087
13.18 1.15988 -0.196507
13.19 1.1637 -0.206839
13.2 1.167 -0.217079
13.21 1.16978 -0.227223
13.22 1.17204 -0.237264
13.23 1.17377 -0.2472
13.24 1.17498 -0.257026
13.25 1.17567 -0.266736
13.26 1.17583 -0.276328
13.27 1.17546 -0.285796
13.28 1.17457 -0.295136
13.29 1.17315 -0.304344
13.3 1.17121 -0.313417
13.31 1.16875 -0.322349
13.32 1.16576 -0.331137
13.33 1.16225 -0.339777
13.34 1.15823 -0.348266
13.35 1.15368 -0.356598
13.36 1.14862 -0.364771
13.37 1.14305 -0.372781
13.38 1.13696 -0.380625
13.39 1.13037 -0.388298
13.4 1.12327 -0.395797
13.41 1.11566 -0.403119
13.42 1.10756 -0.410261
13.43 1.09896 -0.417219
13.44 1.08988 -0.423991
13.45 1.0803 -0.430573
13.46 1.07024 -0.436962
13.47 1.0597 -0.443155
13.48 1.04869 -0.44915
13.49 1.0372 -0.454944
13.5 1.02525 -0.460535
13.51 1.01285 -0.465919
13.52 1 -0.471089
