0 0 0
0.08 4.1441e-11 -4.37378e-14
0.16 3.71212e-09 -1.00552e-11
0.12 6.70659e-10 -1.41117e-12
0.1 1.96636e-10 -3.22101e-13
0.09 9.44487e-11 -1.26116e-13
0.1 1.9733e-10 -3.25178e-13
0.11 3.84259e-10 -7.66022e-13
0.12 7.0601e-10 -1.67477e-12
0.13 1.23535e-09 -3.43907e-12
0.14 2.07351e-09 -6.69466e-12
0.15 3.35774e-09 -1.24455e-11
0.16 5.27012e-09 -2.22264e-11
0.17 8.04764e-09 -3.83187e-11
0.18 1.19937e-08 -6.403e-11
0.19 1.74909e-08 -1.04053e-10
0.2 2.50157e-08 -1.64914e-10
0.21 3.5154e-08 -2.55539e-10
0.22 4.86193e-08 -3.87934e-10
0.23 6.62716e-08 -5.78033e-10
0.24 8.91387e-08 -8.46696e-10
0.25 1.18439e-07 -1.22092e-09
0.26 1.55607e-07 -1.73525e-09
0.27 2.02317e-07 -2.43349e-09
0.28 2.60517e-07 -3.37059e-09
0.29 3.32454e-07 -4.61497e-09
0.3 4.2071e-07 -6.25112e-09
0.31 5.28233e-07 -8.38256e-09
0.32 6.58377e-07 -1.11353e-08
0.33 8.14941e-07 -1.46617e-08
0.34 1.0022e-06 -1.91448e-08
0.35 1.22497e-06 -2.48033e-08
0.36 1.48863e-06 -3.18972e-08
0.37 1.79917e-06 -4.07337e-08
0.38 2.16324e-06 -5.16742e-08
0.39 2.58825e-06 -6.51421e-08
0.4 3.08232e-06 -8.16308e-08
0.41 3.65443e-06 -1.01713e-07
0.42 4.31444e-06 -1.26053e-07
0.43 5.07314e-06 -1.55412e-07
0.44 5.9423e-06 -1.90668e-07
0.45 6.93479e-06 -2.32823e-07
0.46 8.06456e-06 -2.83021e-07
0.47 9.34678e-06 -3.42562e-07
0.48 1.07979e-05 -4.12919e-07
0.49 1.24355e-05 -4.95756e-07
0.5 1.42789e-05 -5.92951e-07
0.51 1.63485e-05 -7.06611e-07
0.52 1.86665e-05 -8.391e-07
0.53 2.12567e-05 -9.93061e-07
0.54 2.41443e-05 -1.17144e-06
0.55 2.73565e-05 -1.37753e-06
0.56 3.09222e-05 -1.61496e-06
0.57 3.48724e-05 -1.88779e-06
0.58 3.92398e-05 -2.20046e-06
0.59 4.40592e-05 -2.55793e-06
0.6 4.93677e-05 -2.9656e-06
0.61 5.52045e-05 -3.42947e-06
0.62 6.16108e-05 -3.95608e-06
0.63 6.86306e-05 -4.5526e-06
0.64 7.63101e-05 -5.2269e-06
0.65 8.46978e-05 -5.98754e-06
0.66 9.3845e-05 -6.84387e-06
0.67 0.000103806 -7.80606e-06
0.68 0.000114636 -8.88516e-06
0.69 0.000126396 -1.00932e-05
0.7 0.000139147 -1.14431e-05
0.71 0.000152954 -1.29489e-05
0.72 0.000167886 -1.46259e-05
0.73 0.000184013 -1.64904e-05
0.74 0.000201409 -1.85601e-05
0.75 0.000220152 -2.0854e-05
0.76 0.000240321 -2.33925e-05
0.77 0.000262 -2.61976e-05
0.78 0.000285276 -2.92928e-05
0.79 0.000310239 -3.27032e-05
0.8 0.000336981 -3.64558e-05
0.81 0.000365601 -4.05794e-05
0.82 0.000396197 -4.51047e-05
0.83 0.000428873 -5.00646e-05
0.84 0.000463735 -5.54938e-05
0.85 0.000500895 -6.14295e-05
0.86 0.000540465 -6.79112e-05
0.87 0.000582562 -7.49809e-05
0.88 0.000627308 -8.2683e-05
0.89 0.000674825 -9.10645e-05
0.9 0.00072524 -0.000100176
0.91 0.000778685 -0.000110069
0.92 0.000835292 -0.0001208
0.93 0.000895199 -0.000132428
0.94 0.000958546 -0.000145015
0.95 0.00102548 -0.000158627
0.96 0.00109614 -0.000173332
0.97 0.00117067 -0.000189203
0.98 0.00124924 -0.000206317
0.99 0.001332 -0.000224753
1 0.0014191 -0.000244597
1.01 0.00151071 -0.000265935
1.02 0.00160698 -0.000288861
1.03 0.00170809 -0.000313471
1.04 0.0018142 -0.000339868
1.05 0.00192548 -0.000368156
1.06 0.0020421 -0.000398446
1.07 0.00216424 -0.000430855
1.08 0.00229207 -0.000465503
1.09 0.00242577 -0.000502515
1.1 0.00256551 -0.000542023
1.11 0.00271149 -0.000584162
1.12 0.00286386 -0.000629076
1.13 0.00302282 -0.00067691
1.14 0.00318855 -0.000727818
1.15 0.00336123 -0.00078196
1.16 0.00354103 -0.0008395
1.17 0.00372815 -0.000900608
1.18 0.00392275 -0.000965463
1.19 0.00412502 -0.00103425
1.2 0.00433514 -0.00110715
1.21 0.00455329 -0.00118437
1.22 0.00477963 -0.0012661
1.23 0.00501434 -0.00135257
1.24 0.00525759 -0.00144397
1.25 0.00550955 -0.00154054
1.26 0.00577038 -0.0016425
1.27 0.00604024 -0.00175009
1.28 0.0063193 -0.00186356
1.29 0.00660769 -0.00198314
1.3 0.00690558 -0.00210911
1.31 0.0072131 -0.00224172
1.32 0.0075304 -0.00238123
1.33 0.00785759 -0.00252794
1.34 0.00819482 -0.00268213
1.35 0.00854219 -0.00284407
1.36 0.00889982 -0.00301408
1.37 0.00926782 -0.00319246
1.38 0.00964628 -0.00337952
1.39 0.0100353 -0.00357557
1.4 0.0104349 -0.00378094
1.41 0.0108453 -0.00399597
1.42 0.0112664 -0.00422099
1.43 0.0116983 -0.00445634
1.44 0.012141 -0.00470237
1.45 0.0125946 -0.00495945
1.46 0.0130592 -0.00522793
1.47 0.0135346 -0.00550817
1.48 0.0140209 -0.00580056
1.49 0.0145181 -0.00610547
1.5 0.0150261 -0.00642329
1.51 0.0155449 -0.00675439
1.52 0.0160745 -0.00709918
1.53 0.0166146 -0.00745805
1.54 0.0171654 -0.00783141
1.55 0.0177265 -0.00821965
1.56 0.018298 -0.00862318
1.57 0.0188797 -0.00904242
1.58 0.0194714 -0.00947778
1.59 0.0200729 -0.00992968
1.6 0.0206841 -0.0103985
1.61 0.0213047 -0.0108847
1.62 0.0219345 -0.0113888
1.63 0.0225732 -0.011911
1.64 0.0232206 -0.0124518
1.65 0.0238764 -0.0130118
1.66 0.0245403 -0.0135912
1.67 0.0252119 -0.0141905
1.68 0.0258909 -0.0148101
1.69 0.0265769 -0.0154504
1.7 0.0272695 -0.0161118
1.71 0.0279682 -0.0167949
1.72 0.0286727 -0.0174998
1.73 0.0293825 -0.0182271
1.74 0.0300971 -0.0189772
1.75 0.0308159 -0.0197504
1.76 0.0315385 -0.0205471
1.77 0.0322642 -0.0213676
1.78 0.0329926 -0.0222125
1.79 0.0337229 -0.0230819
1.8 0.0344545 -0.0239763
1.81 0.0351869 -0.024896
1.82 0.0359193 -0.0258413
1.83 0.0366509 -0.0268125
1.84 0.0373812 -0.0278099
1.85 0.0381092 -0.0288339
1.86 0.0388343 -0.0298846
1.87 0.0395557 -0.0309624
1.88 0.0402724 -0.0320675
1.89 0.0409837 -0.0332001
1.9 0.0416887 -0.0343604
1.91 0.0423865 -0.0355486
1.92 0.0430761 -0.0367649
1.93 0.0437566 -0.0380094
1.94 0.0444271 -0.0392822
1.95 0.0450865 -0.0405836
1.96 0.0457339 -0.0419134
1.97 0.0463681 -0.0432719
1.98 0.0469882 -0.044659
1.99 0.047593 -0.0460747
2 0.0481815 -0.0475191
2.01 0.0487525 -0.048992
2.02 0.0493049 -0.0504935
2.03 0.0498376 -0.0520233
2.04 0.0503492 -0.0535815
2.05 0.0508388 -0.0551677
2.06 0.051305 -0.0567818
2.07 0.0517466 -0.0584236
2.08 0.0521624 -0.0600929
2.09 0.0525511 -0.0617892
2.1 0.0529115 -0.0635123
2.11 0.0532422 -0.0652619
2.12 0.053542 -0.0670374
2.13 0.0538096 -0.0688386
2.14 0.0540436 -0.0706648
2.15 0.0542427 -0.0725156
2.16 0.0544057 -0.0743903
2.17 0.0545311 -0.0762885
2.18 0.0546176 -0.0782095
2.19 0.0546639 -0.0801525
2.2 0.0546686 -0.0821169
2.21 0.0546304 -0.0841019
2.22 0.0545479 -0.0861066
2.23 0.0544198 -0.0881303
2.24 0.0542448 -0.0901719
2.25 0.0540214 -0.0922306
2.26 0.0537485 -0.0943054
2.27 0.0534246 -0.0963952
2.28 0.0530485 -0.0984989
2.29 0.0526187 -0.100615
2.3 0.0521342 -0.102744
2.31 0.0515935 -0.104882
2.32 0.0509955 -0.10703
2.33 0.0503388 -0.109185
2.34 0.0496223 -0.111347
2.35 0.0488447 -0.113514
2.36 0.0480049 -0.115685
2.37 0.0471018 -0.117857
2.38 0.0461341 -0.12003
2.39 0.0451009 -0.122202
2.4 0.044001 -0.124371
2.41 0.0428335 -0.126535
2.42 0.0415973 -0.128694
2.43 0.0402914 -0.130844
2.44 0.038915 -0.132984
2.45 0.0374671 -0.135113
2.46 0.0359469 -0.137228
2.47 0.0343537 -0.139327
2.48 0.0326867 -0.141409
2.49 0.0309451 -0.143471
2.5 0.0291283 -0.145511
2.51 0.0272358 -0.147527
2.52 0.025267 -0.149517
2.53 0.0232213 -0.151479
2.54 0.0210985 -0.15341
2.55 0.018898 -0.155308
2.56 0.0166196 -0.157171
2.57 0.0142631 -0.158997
2.58 0.0118283 -0.160782
2.59 0.00931495 -0.162525
2.6 0.00672317 -0.164223
2.61 0.00405293 -0.165874
2.62 0.00130433 -0.167475
2.63 -0.00152244 -0.169024
2.64 -0.00442714 -0.170518
2.65 -0.00740944 -0.171954
2.66 -0.0104689 -0.17333
2.67 -0.0136051 -0.174644
2.68 -0.0168174 -0.175893
2.69 -0.0201052 -0.177073
2.7 -0.0234677 -0.178183
2.71 -0.0269041 -0.17922
2.72 -0.0304135 -0.180182
2.73 -0.0339949 -0.181064
2.74 -0.0376472 -0.181866
2.75 -0.0413692 -0.182584
2.76 -0.0451596 -0.183216
2.77 -0.0490171 -0.183758
2.78 -0.0529402 -0.184209
2.79 -0.0569274 -0.184566
2.8 -0.0609769 -0.184826
2.81 -0.0650871 -0.184986
2.82 -0.0692561 -0.185045
2.83 -0.0734819 -0.184999
2.84 -0.0777626 -0.184846
2.85 -0.082096 -0.184584
2.86 -0.0864799 -0.18421
2.87 -0.0909118 -0.183722
2.88 -0.0953895 -0.183117
2.89 -0.0999104 -0.182393
2.9 -0.104472 -0.181548
2.91 -0.109071 -0.18058
2.92 -0.113706 -0.179486
2.93 -0.118372 -0.178264
2.94 -0.123068 -0.176913
2.95 -0.127789 -0.175431
2.96 -0.132534 -0.173815
2.97 -0.137298 -0.172063
2.98 -0.142078 -0.170175
2.99 -0.146871 -0.168147
3 -0.151674 -0.16598
3.01 -0.156481 -0.16367
3.02 -0.161291 -0.161217
3.03 -0.166099 -0.158619
3.04 -0.170901 -0.155876
3.05 -0.175693 -0.152985
3.06 -0.180472 -0.149946
3.07 -0.185232 -0.146758
3.08 -0.189971 -0.143421
3.09 -0.194683 -0.139932
3.1 -0.199365 -0.136292
3.11 -0.204011 -0.132501
3.12 -0.208618 -0.128557
3.13 -0.213182 -0.124461
3.14 -0.217696 -0.120213
3.15 -0.222158 -0.115811
3.16 -0.226562 -0.111258
3.17 -0.230904 -0.106552
3.18 -0.235178 -0.101694
3.19 -0.239381 -0.0966848
3.2 -0.243507 -0.091525
3.21 -0.247551 -0.0862153
3.22 -0.251509 -0.0807566
3.23 -0.255375 -0.07515
3.24 -0.259146 -0.0693968
3.25 -0.262815 -0.0634982
3.26 -0.266379 -0.0574559
3.27 -0.269832 -0.0512714
3.28 -0.273169 -0.0449467
3.29 -0.276385 -0.0384837
3.3 -0.279475 -0.0318845
3.31 -0.282435 -0.0251515
3.32 -0.28526 -0.018287
3.33 -0.287945 -0.0112936
3.34 -0.290485 -0.00417413
3.35 -0.292875 0.0030685
3.36 -0.29511 0.0104312
3.37 -0.297187 0.0179109
3.38 -0.299099 0.025504
3.39 -0.300844 0.0332071
3.4 -0.302415 0.0410164
3.41 -0.30381 0.0489282
3.42 -0.305022 0.0569383
3.43 -0.306049 0.0650427
3.44 -0.306885 0.073237
3.45 -0.307528 0.0815168
3.46 -0.307972 0.0898774
3.47 -0.308213 0.0983142
3.48 -0.308249 0.106822
3.49 -0.308075 0.115396
3.5 -0.307688 0.124031
3.51 -0.307083 0.132722
3.52 -0.306259 0.141462
3.53 -0.305211 0.150248
3.54 -0.303937 0.159072
3.55 -0.302433 0.167929
3.56 -0.300697 0.176813
3.57 -0.298727 0.185718
3.58 -0.296519 0.194638
3.59 -0.294071 0.203566
3.6 -0.291381 0.212496
3.61 -0.288447 0.221421
3.62 -0.285268 0.230335
3.63 -0.281841 0.239231
3.64 -0.278166 0.248102
3.65 -0.274241 0.256942
3.66 -0.270064 0.265742
3.67 -0.265635 0.274497
3.68 -0.260954 0.283199
3.69 -0.256019 0.291841
3.7 -0.25083 0.300416
3.71 -0.245388 0.308916
3.72 -0.239693 0.317334
3.73 -0.233744 0.325663
3.74 -0.227542 0.333894
3.75 -0.221089 0.342022
3.76 -0.214384 0.350038
3.77 -0.20743 0.357934
3.78 -0.200228 0.365704
3.79 -0.192779 0.37334
3.8 -0.185085 0.380834
3.81 -0.177148 0.388178
3.82 -0.168972 0.395367
3.83 -0.160557 0.402391
3.84 -0.151907 0.409243
3.85 -0.143025 0.415917
3.86 -0.133915 0.422405
3.87 -0.124579 0.428699
3.88 -0.115022 0.434792
3.89 -0.105247 0.440678
3.9 -0.0952583 0.44635
3.91 -0.0850607 0.451799
3.92 -0.0746586 0.45702
3.93 -0.0640568 0.462006
3.94 -0.0532603 0.466749
3.95 -0.0422744 0.471244
3.96 -0.0311046 0.475484
3.97 -0.0197566 0.479463
3.98 -0.00823632 0.483174
3.99 0.00345021 0.486612
4 0.0152966 0.48977
4.01 0.0272965 0.492644
4.02 0.039443 0.495226
4.03 0.0517293 0.497512
4.04 0.0641483 0.499497
4.05 0.0766927 0.501176
4.06 0.0893551 0.502543
4.07 0.102128 0.503595
4.08 0.115003 0.504326
4.09 0.127973 0.504732
4.1 0.14103 0.50481
4.11 0.154165 0.504555
4.12 0.16737 0.503964
4.13 0.180636 0.503033
4.14 0.193954 0.501759
4.15 0.207317 0.50014
4.16 0.220715 0.498172
4.17 0.234138 0.495854
4.18 0.247579 0.493182
4.19 0.261027 0.490155
4.2 0.274473 0.486772
4.21 0.287908 0.48303
4.22 0.301322 0.478929
4.23 0.314706 0.474467
4.24 0.328051 0.469645
4.25 0.341346 0.464461
4.26 0.354581 0.458916
4.27 0.367748 0.45301
4.28 0.380836 0.446742
4.29 0.393836 0.440115
4.3 0.406738 0.433128
4.31 0.419531 0.425783
4.32 0.432207 0.418082
4.33 0.444755 0.410027
4.34 0.457165 0.401619
4.35 0.469429 0.392861
4.36 0.481535 0.383755
4.37 0.493475 0.374305
4.38 0.505239 0.364514
4.39 0.516818 0.354385
4.4 0.528201 0.343922
4.41 0.53938 0.333129
4.42 0.550345 0.32201
4.43 0.561088 0.31057
4.44 0.571598 0.298814
4.45 0.581867 0.286747
4.46 0.591887 0.274373
4.47 0.601648 0.2617
4.48 0.611141 0.248732
4.49 0.62036 0.235476
4.5 0.629294 0.221937
4.51 0.637936 0.208124
4.52 0.646278 0.194042
4.53 0.654313 0.179698
4.54 0.662032 0.1651
4.55 0.669428 0.150256
4.56 0.676494 0.135172
4.57 0.683223 0.119857
4.58 0.689608 0.10432
4.59 0.695643 0.0885673
4.6 0.70132 0.0726089
4.61 0.706634 0.056453
4.62 0.711579 0.0401086
4.63 0.716149 0.0235846
4.64 0.720339 0.00689027
4.65 0.724142 -0.00996499
4.66 0.727556 -0.0269717
4.67 0.730573 -0.0441202
4.68 0.733191 -0.0614006
4.69 0.735405 -0.0788032
4.7 0.737211 -0.0963177
4.71 0.738604 -0.113934
4.72 0.739583 -0.131642
4.73 0.740142 -0.149431
4.74 0.740281 -0.167291
4.75 0.739995 -0.185211
4.76 0.739283 -0.203181
4.77 0.738143 -0.22119
4.78 0.736572 -0.239227
4.79 0.73457 -0.257281
4.8 0.732134 -0.275342
4.81 0.729265 -0.293399
4.82 0.725961 -0.31144
4.83 0.722222 -0.329455
4.84 0.718048 -0.347434
4.85 0.71344 -0.365364
4.86 0.708397 -0.383236
4.87 0.70292 -0.401037
4.88 0.697012 -0.418758
4.89 0.690671 -0.436388
4.9 0.683902 -0.453915
4.91 0.676705 -0.471329
4.92 0.669082 -0.488619
4.93 0.661036 -0.505775
4.94 0.652571 -0.522785
4.95 0.643687 -0.53964
4.96 0.63439 -0.556329
4.97 0.624683 -0.572841
4.98 0.614569 -0.589166
4.99 0.604052 -0.605295
5 0.593138 -0.621216
5.01 0.581829 -0.636921
5.02 0.570132 -0.652399
5.03 0.558051 -0.66764
5.04 0.545591 -0.682636
5.05 0.532759 -0.697376
5.06 0.51956 -0.711852
5.07 0.505999 -0.726053
5.08 0.492084 -0.739972
5.09 0.47782 -0.7536
5.1 0.463215 -0.766927
5.11 0.448275 -0.779945
5.12 0.433007 -0.792647
5.13 0.417419 -0.805024
5.14 0.401518 -0.817068
5.15 0.385312 -0.828771
5.16 0.368809 -0.840126
5.17 0.352016 -0.851126
5.18 0.334942 -0.861763
5.19 0.317595 -0.872031
5.2 0.299984 -0.881923
5.21 0.282118 -0.891432
5.22 0.264005 -0.900552
5.23 0.245655 -0.909278
5.24 0.227076 -0.917602
5.25 0.208278 -0.925521
5.26 0.18927 -0.933028
5.27 0.170061 -0.940118
5.28 0.150662 -0.946787
5.29 0.131082 -0.95303
5.3 0.111331 -0.958842
5.31 0.091419 -0.964219
5.32 0.0713555 -0.969158
5.33 0.0511509 -0.973655
5.34 0.0308153 -0.977705
5.35 0.010359 -0.981307
5.36 -0.0102077 -0.984458
5.37 -0.0308745 -0.987153
5.38 -0.0516309 -0.989392
5.39 -0.0724664 -0.991172
5.4 -0.0933707 -0.99249
5.41 -0.114333 -0.993346
5.42 -0.135343 -0.993738
5.43 -0.15639 -0.993665
5.44 -0.177464 -0.993125
5.45 -0.198554 -0.992118
5.46 -0.219648 -0.990645
5.47 -0.240738 -0.988703
5.48 -0.261812 -0.986294
5.49 -0.282859 -0.983418
5.5 -0.303869 -0.980075
5.51 -0.324832 -0.976267
5.52 -0.345736 -0.971994
5.53 -0.366573 -0.967257
5.54 -0.38733 -0.962058
5.55 -0.407998 -0.956399
5.56 -0.428567 -0.950281
5.57 -0.449026 -0.943708
5.58 -0.469365 -0.936681
5.59 -0.489574 -0.929203
5.6 -0.509643 -0.921277
5.61 -0.529562 -0.912906
5.62 -0.549321 -0.904093
5.63 -0.568911 -0.894843
5.64 -0.588321 -0.885158
5.65 -0.607542 -0.875043
5.66 -0.626564 -0.864502
5.67 -0.645379 -0.853539
5.68 -0.663977 -0.842159
5.69 -0.682348 -0.830367
5.7 -0.700484 -0.818168
5.71 -0.718376 -0.805567
5.72 -0.736015 -0.792569
5.73 -0.753392 -0.77918
5.74 -0.770499 -0.765405
5.75 -0.787328 -0.751252
5.76 -0.80387 -0.736725
5.77 -0.820116 -0.721831
5.78 -0.83606 -0.706577
5.79 -0.851694 -0.690969
5.8 -0.867009 -0.675014
5.81 -0.881998 -0.658719
5.82 -0.896654 -0.642091
5.83 -0.91097 -0.625138
5.84 -0.924939 -0.607866
5.85 -0.938553 -0.590283
5.86 -0.951807 -0.572397
5.87 -0.964694 -0.554216
5.88 -0.977208 -0.535748
5.89 -0.989342 -0.517
5.9 -1.00109 -0.497981
5.91 -1.01245 -0.4787
5.92 -1.02341 -0.459164
5.93 -1.03397 -0.439383
5.94 -1.04412 -0.419365
5.95 -1.05385 -0.399118
5.96 -1.06318 -0.378652
5.97 -1.07208 -0.357975
5.98 -1.08055 -0.337096
5.99 -1.08859 -0.316025
6 -1.0962 -0.294771
6.01 -1.10337 -0.273343
6.02 -1.1101 -0.25175
6.03 -1.11638 -0.230002
6.04 -1.12222 -0.208107
6.05 -1.1276 -0.186077
6.06 -1.13253 -0.16392
6.07 -1.137 -0.141646
6.08 -1.14101 -0.119264
6.09 -1.14456 -0.0967844
6.1 -1.14765 -0.0742168
6.11 -1.15027 -0.051571
6.12 -1.15243 -0.0288567
6.13 -1.15412 -0.00608375
6.14 -1.15533 0.016738
6.15 -1.15608 0.0395987
6.16 -1.15636 0.0624885
6.17 -1.15616 0.0853976
6.18 -1.1555 0.108316
6.19 -1.15436 0.131234
6.2 -1.15275 0.154141
6.21 -1.15066 0.177029
6.22 -1.14811 0.199886
6.23 -1.14509 0.222703
6.24 -1.14159 0.245471
6.25 -1.13763 0.268179
6.26 -1.1332 0.290818
6.27 -1.12831 0.313378
6.28 -1.12295 0.33585
6.29 -1.11713 0.358223
6.3 -1.11084 0.380489
6.31 -1.10411 0.402637
6.32 -1.09691 0.424659
6.33 -1.08926 0.446544
6.34 -1.08117 0.468284
6.35 -1.07262 0.48987
6.36 -1.06364 0.511291
6.37 -1.05421 0.532539
6.38 -1.04435 0.553605
6.39 -1.03405 0.57448
6.4 -1.02333 0.595155
6.41 -1.01218 0.615621
6.42 -1.00061 0.635869
6.43 -0.988628 0.655891
6.44 -0.976233 0.675679
6.45 -0.963432 0.695223
6.46 -0.95023 0.714516
6.47 -0.936633 0.733549
6.48 -0.922644 0.752314
6.49 -0.908271 0.770804
6.5 -0.893519 0.789009
6.51 -0.878393 0.806924
6.52 -0.862899 0.824539
6.53 -0.847044 0.841848
6.54 -0.830835 0.858843
6.55 -0.814276 0.875517
6.56 -0.797376 0.891863
6.57 -0.78014 0.907873
6.58 -0.762576 0.923541
6.59 -0.74469 0.938861
6.6 -0.72649 0.953825
6.61 -0.707983 0.968427
6.62 -0.689177 0.982662
6.63 -0.670078 0.996522
6.64 -0.650694 1.01
6.65 -0.631034 1.0231
6.66 -0.611104 1.0358
6.67 -0.590914 1.04811
6.68 -0.570471 1.06001
6.69 -0.549782 1.07151
6.7 -0.528858 1.08259
6.71 -0.507705 1.09326
6.72 -0.486332 1.10351
6.73 -0.464749 1.11333
6.74 -0.442962 1.12272
6.75 -0.420982 1.13167
6.76 -0.398818 1.14019
6.77 -0.376477 1.14826
6.78 -0.353969 1.15589
6.79 -0.331302 1.16307
6.8 -0.308487 1.1698
6.81 -0.285532 1.17607
6.82 -0.262446 1.18188
6.83 -0.239239 1.18723
6.84 -0.21592 1.19212
6.85 -0.192498 1.19654
6.86 -0.168983 1.2005
6.87 -0.145384 1.20398
6.88 -0.12171 1.207
6.89 -0.0979722 1.20954
6.9 -0.0741786 1.21161
6.91 -0.0503392 1.2132
6.92 -0.0264636 1.21431
6.93 -0.00256154 1.21495
6.94 0.0213575 1.21511
6.95 0.0452839 1.2148
6.96 0.0692079 1.214
6.97 0.09312 1.21273
6.98 0.117011 1.21097
6.99 0.14087 1.20875
7 0.164688 1.20604
7.01 0.188456 1.20286
7.02 0.212164 1.1992
7.03 0.235803 1.19507
7.04 0.259362 1.19046
7.05 0.282832 1.18539
7.06 0.306205 1.17985
7.07 0.32947 1.17383
7.08 0.352618 1.16736
7.09 0.375639 1.16042
7.1 0.398525 1.15302
7.11 0.421266 1.14516
7.12 0.443853 1.13685
7.13 0.466276 1.12808
7.14 0.488527 1.11887
7.15 0.510597 1.10921
7.16 0.532476 1.09911
7.17 0.554156 1.08858
7.18 0.575629 1.0776
7.19 0.596884 1.0662
7.2 0.617914 1.05438
7.21 0.638709 1.04213
7.22 0.659263 1.02947
7.23 0.679565 1.0164
7.24 0.699609 1.00292
7.25 0.719385 0.989036
7.26 0.738886 0.974759
7.27 0.758104 0.960092
7.28 0.77703 0.945041
7.29 0.795657 0.92961
7.3 0.813978 0.913807
7.31 0.831985 0.897637
7.32 0.849671 0.881106
7.33 0.867028 0.864222
7.34 0.884048 0.84699
7.35 0.900727 0.829417
7.36 0.917055 0.81151
7.37 0.933027 0.793277
7.38 0.948636 0.774723
7.39 0.963875 0.755857
7.4 0.978739 0.736686
7.41 0.993221 0.717217
7.42 1.00731 0.697458
7.43 1.02101 0.677417
7.44 1.03432 0.657101
7.45 1.04721 0.636519
7.46 1.0597 0.615679
7.47 1.07177 0.594588
7.48 1.08341 0.573256
7.49 1.09464 0.55169
7.5 1.10543 0.5299
7.51 1.11579 0.507893
7.52 1.12571 0.485678
7.53 1.13518 0.463265
7.54 1.14421 0.440662
7.55 1.15279 0.417878
7.56 1.16091 0.394922
7.57 1.16857 0.371803
7.58 1.17578 0.34853
7.59 1.18251 0.325114
7.6 1.18878 0.301562
7.61 1.19458 0.277884
7.62 1.19991 0.254091
7.63 1.20475 0.23019
7.64 1.20913 0.206192
7.65 1.21302 0.182107
7.66 1.21643 0.157944
7.67 1.21936 0.133712
7.68 1.2218 0.109421
7.69 1.22376 0.085082
7.7 1.22523 0.0607034
7.71 1.22621 0.0362953
7.72 1.22671 0.0118675
7.73 1.22671 -0.0125701
7.74 1.22623 -0.0370077
7.75 1.22526 -0.0614355
7.76 1.2238 -0.0858438
7.77 1.22185 -0.110223
7.78 1.21941 -0.134562
7.79 1.21649 -0.158853
7.8 1.21308 -0.183085
7.81 1.20918 -0.207248
7.82 1.2048 -0.231333
7.83 1.19994 -0.255329
7.84 1.1946 -0.279228
7.85 1.18878 -0.30302
7.86 1.18248 -0.326694
7.87 1.17571 -0.350242
7.88 1.16847 -0.373654
7.89 1.16075 -0.39692
7.9 1.15258 -0.42003
7.91 1.14394 -0.442977
7.92 1.13484 -0.465749
7.93 1.12528 -0.488338
7.94 1.11527 -0.510735
7.95 1.10481 -0.532931
7.96 1.09391 -0.554916
7.97 1.08257 -0.576682
7.98 1.07079 -0.598219
7.99 1.05858 -0.619519
8 1.04594 -0.640574
8.01 1.03288 -0.661374
8.02 1.0194 -0.681911
8.03 1.00551 -0.702177
8.04 0.991217 -0.722163
8.05 0.976522 -0.741861
8.06 0.961432 -0.761263
8.07 0.945953 -0.780361
8.08 0.930092 -0.799148
8.09 0.913853 -0.817615
8.1 0.897245 -0.835754
8.11 0.880273 -0.85356
8.12 0.862944 -0.871023
8.13 0.845266 -0.888137
8.14 0.827244 -0.904894
8.15 0.808886 -0.921289
8.16 0.7902 -0.937313
8.17 0.771193 -0.952961
8.18 0.751872 -0.968225
8.19 0.732246 -0.9831
8.2 0.712321 -0.99758
8.21 0.692107 -1.01166
8.22 0.671611 -1.02533
8.23 0.650841 -1.03858
8.24 0.629805 -1.05142
8.25 0.608513 -1.06383
8.26 0.586972 -1.07582
8.27 0.565191 -1.08737
8.28 0.543179 -1.09848
8.29 0.520946 -1.10914
8.3 0.498499 -1.11936
8.31 0.475847 -1.12912
8.32 0.453001 -1.13843
8.33 0.429969 -1.14727
8.34 0.406761 -1.15566
8.35 0.383386 -1.16357
8.36 0.359852 -1.17101
8.37 0.336171 -1.17797
8.38 0.312351 -1.18446
8.39 0.288403 -1.19047
8.4 0.264335 -1.19599
8.41 0.240158 -1.20102
8.42 0.215881 -1.20557
8.43 0.191515 -1.20963
8.44 0.167069 -1.21319
8.45 0.142553 -1.21626
8.46 0.117977 -1.21884
8.47 0.0933513 -1.22092
8.48 0.0686859 -1.2225
8.49 0.0439909 -1.22359
8.5 0.0192762 -1.22417
8.51 -0.00544789 -1.22426
8.52 -0.0301714 -1.22384
8.53 -0.0548842 -1.22293
8.54 -0.0795761 -1.22151
8.55 -0.104237 -1.2196
8.56 -0.128857 -1.21719
8.57 -0.153426 -1.21428
8.58 -0.177933 -1.21087
8.59 -0.202369 -1.20697
8.6 -0.226724 -1.20257
8.61 -0.250987 -1.19769
8.62 -0.275149 -1.19231
8.63 -0.299199 -1.18644
8.64 -0.323129 -1.18009
8.65 -0.346927 -1.17325
8.66 -0.370584 -1.16593
8.67 -0.39409 -1.15813
8.68 -0.417436 -1.14986
8.69 -0.440612 -1.14111
8.7 -0.463609 -1.1319
8.71 -0.486416 -1.12222
8.72 -0.509024 -1.11208
8.73 -0.531424 -1.10148
8.74 -0.553607 -1.09043
8.75 -0.575564 -1.07893
8.76 -0.597285 -1.06699
8.77 -0.618761 -1.0546
8.78 -0.639984 -1.04179
8.79 -0.660944 -1.02854
8.8 -0.681633 -1.01487
8.81 -0.702042 -1.00078
8.82 -0.722163 -0.986277
8.83 -0.741987 -0.971368
8.84 -0.761506 -0.956058
8.85 -0.780712 -0.940353
8.86 -0.799596 -0.92426
8.87 -0.818152 -0.907785
8.88 -0.836371 -0.890934
8.89 -0.854245 -0.873716
8.9 -0.871767 -0.856136
8.91 -0.88893 -0.838201
8.92 -0.905726 -0.81992
8.93 -0.922149 -0.8013
8.94 -0.938191 -0.782347
8.95 -0.953845 -0.763071
8.96 -0.969106 -0.743478
8.97 -0.983966 -0.723577
8.98 -0.99842 -0.703375
8.99 -1.01246 -0.682882
9 -1.02608 -0.662106
9.01 -1.03928 -0.641055
9.02 -1.05205 -0.619737
9.03 -1.06438 -0.598162
9.04 -1.07627 -0.576338
9.05 -1.08771 -0.554275
9.06 -1.09871 -0.531981
9.07 -1.10925 -0.509466
9.08 -1.11932 -0.486739
9.09 -1.12894 -0.463809
9.1 -1.13808 -0.440686
9.11 -1.14676 -0.417379
9.12 -1.15495 -0.393898
9.13 -1.16267 -0.370253
9.14 -1.16991 -0.346453
9.15 -1.17665 -0.322509
9.16 -1.18291 -0.29843
9.17 -1.18868 -0.274226
9.18 -1.19395 -0.249908
9.19 -1.19872 -0.225484
9.2 -1.203 -0.200967
9.21 -1.20678 -0.176365
9.22 -1.21005 -0.151689
9.23 -1.21282 -0.126949
9.24 -1.21508 -0.102156
9.25 -1.21684 -0.0773194
9.26 -1.21808 -0.0524503
9.27 -1.21882 -0.0275587
9.28 -1.21906 -0.00265512
9.29 -1.21878 0.0222501
9.3 -1.21799 0.0471465
9.31 -1.2167 0.0720238
9.32 -1.2149 0.0968715
9.33 -1.21259 0.121679
9.34 -1.20977 0.146436
9.35 -1.20645 0.171133
9.36 -1.20262 0.195758
9.37 -1.19829 0.220302
9.38 -1.19345 0.244755
9.39 -1.18812 0.269105
9.4 -1.18229 0.293343
9.41 -1.17597 0.317459
9.42 -1.16915 0.341442
9.43 -1.16184 0.365282
9.44 -1.15405 0.38897
9.45 -1.14577 0.412495
9.46 -1.13701 0.435848
9.47 -1.12778 0.459018
9.48 -1.11807 0.481996
9.49 -1.10789 0.504772
9.5 -1.09725 0.527336
9.51 -1.08614 0.54968
9.52 -1.07458 0.571793
9.53 -1.06257 0.593666
9.54 -1.05011 0.61529
9.55 -1.03721 0.636656
9.56 -1.02388 0.657754
9.57 -1.01011 0.678576
9.58 -0.99592 0.699113
9.59 -0.981309 0.719357
9.6 -0.966285 0.739298
9.61 -0.950855 0.758928
9.62 -0.935023 0.778238
9.63 -0.918798 0.797222
9.64 -0.902186 0.815869
9.65 -0.885193 0.834173
9.66 -0.867827 0.852126
9.67 -0.850095 0.86972
9.68 -0.832005 0.886948
9.69 -0.813564 0.903802
9.7 -0.794779 0.920274
9.71 -0.775658 0.936359
9.72 -0.75621 0.952049
9.73 -0.736443 0.967336
9.74 -0.716364 0.982216
9.75 -0.695983 0.996681
9.76 -0.675308 1.01073
9.77 -0.654347 1.02434
9.78 -0.633109 1.03753
9.79 -0.611604 1.05027
9.8 -0.589839 1.06258
9.81 -0.567825 1.07443
9.82 -0.545571 1.08583
9.83 -0.523085 1.09677
9.84 -0.500378 1.10724
9.85 -0.477459 1.11725
9.86 -0.454338 1.12678
9.87 -0.431024 1.13584
9.88 -0.407527 1.14441
9.89 -0.383857 1.1525
9.9 -0.360025 1.16011
9.91 -0.336039 1.16722
9.92 -0.311911 1.17383
9.93 -0.287651 1.17995
9.94 -0.263268 1.18557
9.95 -0.238773 1.19068
9.96 -0.214177 1.19529
9.97 -0.18949 1.19939
9.98 -0.164722 1.20298
9.99 -0.139884 1.20607
10 -0.114986 1.20864
10.01 -0.0900398 1.21069
10.02 -0.0650547 1.21223
10.03 -0.0400418 1.21326
10.04 -0.0150117 1.21377
10.05 0.0100249 1.21377
10.06 0.0350575 1.21324
10.07 0.0600753 1.21221
10.08 0.0850677 1.21065
10.09 0.110024 1.20858
10.1 0.134934 1.206
10.11 0.159786 1.2029
10.12 0.184571 1.19929
10.13 0.209277 1.19517
10.14 0.233894 1.19054
10.15 0.258411 1.18541
10.16 0.282818 1.17976
10.17 0.307105 1.17362
10.18 0.331262 1.16697
10.19 0.355277 1.15983
10.2 0.37914 1.15219
10.21 0.402842 1.14406
10.22 0.426372 1.13544
10.23 0.44972 1.12634
10.24 0.472877 1.11675
10.25 0.495831 1.10669
10.26 0.518574 1.09616
10.27 0.541095 1.08516
10.28 0.563385 1.07369
10.29 0.585435 1.06177
10.3 0.607234 1.04939
10.31 0.628774 1.03656
10.32 0.650045 1.02329
10.33 0.671038 1.00958
10.34 0.691744 0.995438
10.35 0.712154 0.980871
10.36 0.732259 0.965884
10.37 0.752051 0.950483
10.38 0.771521 0.934675
10.39 0.790661 0.918467
10.4 0.809461 0.901866
10.41 0.827916 0.884878
10.42 0.846015 0.86751
10.43 0.863752 0.849771
10.44 0.881118 0.831667
10.45 0.898107 0.813207
10.46 0.914711 0.794398
10.47 0.930922 0.775248
10.48 0.946734 0.755765
10.49 0.96214 0.735958
10.5 0.977133 0.715835
10.51 0.991706 0.695404
10.52 1.00585 0.674675
10.53 1.01957 0.653656
10.54 1.03285 0.632356
10.55 1.04568 0.610785
10.56 1.05807 0.58895
10.57 1.07 0.566863
10.58 1.08147 0.544532
10.59 1.09247 0.521966
10.6 1.10301 0.499177
10.61 1.11307 0.476172
10.62 1.12265 0.452962
10.63 1.13175 0.429558
10.64 1.14036 0.405968
10.65 1.14848 0.382204
10.66 1.15611 0.358275
10.67 1.16323 0.334191
10.68 1.16986 0.309964
10.69 1.17599 0.285603
10.7 1.1816 0.261119
10.71 1.18671 0.236522
10.72 1.19131 0.211823
10.73 1.19539 0.187033
10.74 1.19896 0.162162
10.75 1.20201 0.137222
10.76 1.20454 0.112222
10.77 1.20655 0.0871731
10.78 1.20804 0.0620869
10.79 1.20901 0.0369739
10.8 1.20946 0.0118449
10.81 1.20938 -0.0132894
10.82 1.20879 -0.0384179
10.83 1.20767 -0.0635299
10.84 1.20603 -0.0886145
10.85 1.20387 -0.113661
10.86 1.20119 -0.138658
10.87 1.19799 -0.163596
10.88 1.19427 -0.188462
10.89 1.19003 -0.213248
10.9 1.18528 -0.237941
10.91 1.18002 -0.262531
10.92 1.17425 -0.287008
10.93 1.16797 -0.31136
10.94 1.16118 -0.335578
10.95 1.15389 -0.359651
10.96 1.1461 -0.383568
10.97 1.13782 -0.407319
10.98 1.12904 -0.430894
10.99 1.11978 -0.454282
11 1.11002 -0.477473
11.01 1.09979 -0.500458
11.02 1.08908 -0.523226
11.03 1.0779 -0.545767
11.04 1.06625 -0.568071
11.05 1.05414 -0.590129
11.06 1.04158 -0.611931
11.07 1.02856 -0.633468
11.08 1.01509 -0.65473
11.09 1.00118 -0.675709
11.1 0.986844 -0.696394
11.11 0.972076 -0.716776
11.12 0.956885 -0.736848
11.13 0.941279 -0.7566
11.14 0.925264 -0.776023
11.15 0.908847 -0.795109
11.16 0.892035 -0.81385
11.17 0.874836 -0.832238
11.18 0.857257 -0.850263
11.19 0.839305 -0.86792
11.2 0.820988 -0.885199
11.21 0.802315 -0.902093
11.22 0.783292 -0.918595
11.23 0.763929 -0.934698
11.24 0.744234 -0.950394
11.25 0.724215 -0.965677
11.26 0.703881 -0.98054
11.27 0.68324 -0.994976
11.28 0.662302 -1.00898
11.29 0.641076 -1.02254
11.3 0.619571 -1.03566
11.31 0.597796 -1.04833
11.32 0.57576 -1.06054
11.33 0.553474 -1.07229
11.34 0.530947 -1.08357
11.35 0.508188 -1.09438
11.36 0.485208 -1.10472
11.37 0.462016 -1.11457
11.38 0.438623 -1.12393
11.39 0.415039 -1.13281
11.4 0.391274 -1.14119
11.41 0.367338 -1.14908
11.42 0.343242 -1.15646
11.43 0.318996 -1.16334
11.44 0.294611 -1.16971
11.45 0.270097 -1.17557
11.46 0.245465 -1.18092
11.47 0.220727 -1.18575
11.48 0.195891 -1.19007
11.49 0.170971 -1.19386
11.5 0.145975 -1.19714
11.51 0.120916 -1.19989
11.52 0.0958043 -1.20211
11.53 0.0706504 -1.20382
11.54 0.0454657 -1.20499
11.55 0.0202611 -1.20564
11.56 -0.00495243 -1.20576
11.57 -0.0301638 -1.20536
11.58 -0.055362 -1.20443
11.59 -0.0805359 -1.20297
11.6 -0.105675 -1.20098
11.61 -0.130767 -1.19847
11.62 -0.155803 -1.19544
11.63 -0.18077 -1.19188
11.64 -0.205658 -1.1878
11.65 -0.230456 -1.1832
11.66 -0.255153 -1.17809
11.67 -0.279739 -1.17245
11.68 -0.304202 -1.16631
11.69 -0.328532 -1.15965
11.7 -0.352718 -1.15249
11.71 -0.37675 -1.14482
11.72 -0.400616 -1.13665
11.73 -0.424307 -1.12798
11.74 -0.447812 -1.11881
11.75 -0.471121 -1.10916
11.76 -0.494224 -1.09902
11.77 -0.517109 -1.0884
11.78 -0.539768 -1.0773
11.79 -0.56219 -1.06573
11.8 -0.584366 -1.05369
11.81 -0.606285 -1.04119
11.82 -0.627939 -1.02823
11.83 -0.649317 -1.01482
11.84 -0.67041 -1.00097
11.85 -0.691208 -0.986676
11.86 -0.711704 -0.97195
11.87 -0.731887 -0.956796
11.88 -0.751748 -0.941223
11.89 -0.771279 -0.925236
11.9 -0.790472 -0.908843
11.91 -0.809318 -0.892051
11.92 -0.827808 -0.874866
11.93 -0.845934 -0.857298
11.94 -0.863688 -0.839352
11.95 -0.881063 -0.821038
11.96 -0.898051 -0.802363
11.97 -0.914644 -0.783335
11.98 -0.930834 -0.763962
11.99 -0.946616 -0.744254
12 -0.961981 -0.724218
12.01 -0.976923 -0.703864
12.02 -0.991435 -0.6832
12.03 -1.00551 -0.662236
12.04 -1.01914 -0.64098
12.05 -1.03233 -0.619442
12.06 -1.04506 -0.597632
12.07 -1.05733 -0.575558
12.08 -1.06914 -0.553231
12.09 -1.08047 -0.53066
12.1 -1.09133 -0.507856
12.11 -1.10171 -0.484828
12.12 -1.1116 -0.461587
12.13 -1.121 -0.438142
12.14 -1.12991 -0.414504
12.15 -1.13832 -0.390683
12.16 -1.14623 -0.36669
12.17 -1.15364 -0.342536
12.18 -1.16053 -0.31823
12.19 -1.16692 -0.293785
12.2 -1.17279 -0.269209
12.21 -1.17814 -0.244515
12.22 -1.18297 -0.219713
12.23 -1.18728 -0.194815
12.24 -1.19107 -0.16983
12.25 -1.19433 -0.14477
12.26 -1.19707 -0.119647
12.27 -1.19927 -0.0944703
12.28 -1.20095 -0.0692522
12.29 -1.2021 -0.0440035
12.3 -1.20271 -0.0187354
12.31 -1.2028 0.00654092
12.32 -1.20235 0.0318144
12.33 -1.20138 0.0570738
12.34 -1.19987 0.0823081
12.35 -1.19783 0.107506
12.36 -1.19526 0.132656
12.37 -1.19217 0.157748
12.38 -1.18855 0.18277
12.39 -1.1844 0.207711
12.4 -1.17973 0.232561
12.41 -1.17454 0.257308
12.42 -1.16883 0.281941
12.43 -1.1626 0.306449
12.44 -1.15586 0.330822
12.45 -1.1486 0.355048
12.46 -1.14084 0.379117
12.47 -1.13257 0.403019
12.48 -1.12381 0.426742
12.49 -1.11454 0.450277
12.5 -1.10478 0.473612
12.51 -1.09454 0.496738
12.52 -1.08381 0.519644
12.53 -1.07259 0.542319
12.54 -1.06091 0.564755
12.55 -1.04875 0.586941
12.56 -1.03613 0.608866
12.57 -1.02305 0.630522
12.58 -1.00952 0.651899
12.59 -0.995539 0.672987
12.6 -0.981118 0.693776
12.61 -0.966263 0.714258
12.62 -0.950979 0.734424
12.63 -0.935274 0.754264
12.64 -0.919154 0.77377
12.65 -0.902626 0.792933
12.66 -0.885699 0.811744
12.67 -0.868378 0.830196
12.68 -0.850673 0.848279
12.69 -0.83259 0.865986
12.7 -0.814138 0.883309
12.71 -0.795325 0.90024
12.72 -0.776159 0.916771
12.73 -0.756648 0.932896
12.74 -0.736802 0.948607
12.75 -0.716629 0.963897
12.76 -0.696137 0.978759
12.77 -0.675337 0.993186
12.78 -0.654237 1.00717
12.79 -0.632846 1.02071
12.8 -0.611174 1.0338
12.81 -0.589231 1.04643
12.82 -0.567026 1.05859
12.83 -0.544569 1.07028
12.84 -0.52187 1.0815
12.85 -0.49894 1.09223
12.86 -0.475788 1.10248
12.87 -0.452424 1.11224
12.88 -0.428859 1.12151
12.89 -0.405104 1.13028
12.9 -0.381168 1.13854
12.91 -0.357063 1.1463
12.92 -0.332799 1.15355
12.93 -0.308388 1.16029
12.94 -0.283839 1.16651
12.95 -0.259164 1.17221
12.96 -0.234373 1.17739
12.97 -0.209478 1.18205
12.98 -0.18449 1.18618
12.99 -0.15942 1.18978
13 -0.134279 1.19285
13.01 -0.109079 1.1954
13.02 -0.0838295 1.19741
13.03 -0.0585429 1.19888
13.04 -0.0332302 1.19983
13.05 -0.00790277 1.20024
13.06 0.0174282 1.20011
13.07 0.0427514 1.19945
13.08 0.0680556 1.19826
13.09 0.0933295 1.19653
13.1 0.118562 1.19427
13.11 0.143741 1.19148
13.12 0.168857 1.18815
13.13 0.193897 1.1843
13.14 0.218851 1.17992
13.15 0.243707 1.17501
13.16 0.268454 1.16958
13.17 0.293082 1.16363
13.18 0.31758 1.15716
13.19 0.341935 1.15017
13.2 0.366138 1.14267
13.21 0.390178 1.13466
13.22 0.414044 1.12615
13.23 0.437725 1.11713
13.24 0.461211 1.10761
13.25 0.484491 1.0976
13.26 0.507555 1.0871
13.27 0.530393 1.07612
13.28 0.552994 1.06465
13.29 0.575348 1.05271
13.3 0.597445 1.0403
13.31 0.619275 1.02743
13.32 0.640829 1.01409
13.33 0.662097 1.00031
13.34 0.683069 0.986075
13.35 0.703736 0.971402
13.36 0.724089 0.956295
13.37 0.744118 0.94076
13.38 0.763815 0.924806
13.39 0.783171 0.908438
13.4 0.802177 0.891664
13.41 0.820824 0.874492
13.42 0.839104 0.856929
13.43 0.85701 0.838983
13.44 0.874532 0.820662
13.45 0.891664 0.801975
13.46 0.908396 0.782928
13.47 0.924723 0.763532
13.48 0.940636 0.743794
13.49 0.956129 0.723724
13.5 0.971194 0.70333
13.51 0.985824 0.682621
13.52 1 0.661628
