0 -0 -0
0.08 -1.16661e-07 1.68023e-10
0.16 -3.35537e-06 1.57325e-08
0.12 -8.73895e-07 2.72593e-09
0.1 -3.5528e-07 7.98108e-10
0.12 -8.82185e-07 2.85233e-09
0.14 -1.90231e-06 8.37275e-09
0.16 -3.69913e-06 2.12731e-08
0.18 -6.64632e-06 4.83978e-08
0.2 -1.12187e-05 1.00911e-07
0.22 -1.80023e-05 1.96054e-07
0.24 -2.77041e-05 3.59296e-07
0.26 -4.11601e-05 6.26924e-07
0.28 -5.93427e-05 1.04907e-06
0.3 -8.33675e-05 1.69322e-06
0.32 -0.000114498 2.64819e-06
0.34 -0.00015415 4.02861e-06
0.36 -0.000203895 5.97988e-06
0.38 -0.00026546 8.68363e-06
0.4 -0.000340727 1.23636e-05
0.42 -0.000431737 1.72921e-05
0.44 -0.000540679 2.37968e-05
0.46 -0.000669892 3.22677e-05
0.48 -0.000821857 4.31649e-05
0.5 -0.000999191 5.70268e-05
0.52 -0.00120463 7.44773e-05
0.54 -0.00144104 9.62353e-05
0.56 -0.00171138 0.000123122
0.58 -0.00201869 0.000156071
0.6 -0.00236611 0.000196134
0.62 -0.00275682 0.000244494
0.64 -0.00319404 0.000302468
0.66 -0.00368102 0.000371519
0.68 -0.00422102 0.000453263
0.7 -0.00481726 0.000549474
0.72 -0.00547292 0.000662094
0.74 -0.00619113 0.000793236
0.76 -0.0069749 0.000945193
0.78 -0.00782715 0.00112044
0.8 -0.00875064 0.00132163
0.82 -0.00974795 0.00155161
0.84 -0.0108215 0.00181342
0.86 -0.0119734 0.00211029
0.88 -0.0132055 0.00244562
0.9 -0.0145195 0.00282301
0.92 -0.0159167 0.00324625
0.94 -0.017398 0.00371929
0.96 -0.018964 0.00424623
0.98 -0.0206149 0.00483137
1 -0.0223503 0.00547912
1.02 -0.0241696 0.00619404
1.04 -0.0260716 0.00698079
1.06 -0.0280545 0.00784416
1.08 -0.0301161 0.00878899
1.1 -0.0322537 0.00982021
1.12 -0.0344637 0.0109428
1.14 -0.0367424 0.0121616
1.16 -0.039085 0.0134817
1.18 -0.0414864 0.0149079
1.2 -0.0439408 0.0164451
1.22 -0.0464416 0.018098
1.24 -0.0489817 0.0198712
1.26 -0.0515534 0.021769
1.28 -0.0541482 0.0237958
1.3 -0.0567569 0.0259553
1.32 -0.05937 0.0282512
1.34 -0.0619768 0.0306869
1.36 -0.0645666 0.0332652
1.38 -0.0671275 0.0359887
1.4 -0.0696475 0.0388593
1.42 -0.0721137 0.0418787
1.44 -0.0745129 0.0450477
1.46 -0.0768312 0.0483669
1.48 -0.0790544 0.0518358
1.5 -0.0811677 0.0554536
1.52 -0.0831561 0.0592185
1.54 -0.0850042 0.0631282
1.56 -0.0866962 0.0671794
1.58 -0.0882162 0.0713681
1.6 -0.0895481 0.0756892
1.62 -0.0906757 0.0801369
1.64 -0.0915828 0.0847043
1.66 -0.0922532 0.0893838
1.68 -0.0926708 0.0941665
1.7 -0.0928196 0.0990426
1.72 -0.092684 0.104001
1.74 -0.0922487 0.109031
1.76 -0.0914989 0.114118
1.78 -0.0904202 0.119249
1.8 -0.0889988 0.124409
1.82 -0.0872217 0.129581
1.84 -0.0850766 0.134749
1.86 -0.0825521 0.139895
1.88 -0.0796378 0.144999
1.9 -0.0763244 0.150041
1.92 -0.0726036 0.155
1.94 -0.0684685 0.159854
1.96 -0.0639134 0.164581
1.98 -0.0589341 0.169156
2 -0.0535279 0.173557
2.02 -0.0476937 0.177757
2.04 -0.0414319 0.181731
2.06 -0.0347449 0.185453
2.08 -0.0276367 0.188896
2.1 -0.0201132 0.192034
2.12 -0.0121824 0.194841
2.14 -0.00385397 0.197287
2.16 0.00486006 0.199348
2.18 0.0139458 0.200994
2.2 0.0233871 0.202201
2.22 0.0331659 0.20294
2.24 0.0432618 0.203187
2.26 0.0536523 0.202916
2.28 0.0643126 0.202102
2.3 0.0752161 0.200721
2.32 0.0863338 0.198751
2.34 0.0976345 0.196171
2.36 0.109085 0.19296
2.38 0.120651 0.189099
2.4 0.132295 0.184572
2.42 0.143977 0.179363
2.44 0.155658 0.173459
2.46 0.167295 0.166849
2.48 0.178843 0.159523
2.5 0.190257 0.151475
2.52 0.201491 0.1427
2.54 0.212497 0.133197
2.56 0.223225 0.122966
2.58 0.233625 0.112012
2.6 0.243646 0.100341
2.62 0.253238 0.0879632
2.64 0.262348 0.0748912
2.66 0.270925 0.0611412
2.68 0.278917 0.0467324
2.7 0.286272 0.0316877
2.72 0.29294 0.0160328
2.74 0.298869 -0.000202668
2.76 0.304012 -0.016986
2.78 0.308318 -0.0342811
2.8 0.311743 -0.0520484
2.82 0.314239 -0.0702449
2.84 0.315765 -0.0888244
2.86 0.316278 -0.107737
2.88 0.315741 -0.126931
2.9 0.314116 -0.14635
2.92 0.311372 -0.165936
2.94 0.307477 -0.185627
2.96 0.302406 -0.205358
2.98 0.296133 -0.225064
3 0.288642 -0.244674
3.02 0.279915 -0.264119
3.04 0.269942 -0.283323
3.06 0.258715 -0.302214
3.08 0.246233 -0.320714
3.1 0.232498 -0.338747
3.12 0.217518 -0.356232
3.14 0.201303 -0.373093
3.16 0.183872 -0.389248
3.18 0.165248 -0.404619
3.2 0.145458 -0.419126
3.22 0.124535 -0.432691
3.24 0.102518 -0.445236
3.26 0.0794504 -0.456686
3.28 0.0553816 -0.466965
3.3 0.030366 -0.476
3.32 0.00446336 -0.483722
3.34 -0.0222614 -0.490063
3.36 -0.0497384 -0.494959
3.38 -0.0778929 -0.498348
3.4 -0.106645 -0.500173
3.42 -0.135911 -0.500381
3.44 -0.165602 -0.498924
3.46 -0.195626 -0.495757
3.48 -0.225886 -0.490841
3.5 -0.256282 -0.484144
3.52 -0.286711 -0.475636
3.54 -0.317067 -0.465297
3.56 -0.34724 -0.453111
3.58 -0.37712 -0.439067
3.6 -0.406595 -0.423164
3.62 -0.435549 -0.405406
3.64 -0.463868 -0.385802
3.66 -0.491436 -0.364372
3.68 -0.518138 -0.341141
3.7 -0.543856 -0.31614
3.72 -0.568478 -0.28941
3.74 -0.591888 -0.260996
3.76 -0.613977 -0.230954
3.78 -0.634634 -0.199345
3.8 -0.653754 -0.166237
3.82 -0.671231 -0.131706
3.84 -0.686968 -0.0958334
3.86 -0.700867 -0.0587085
3.88 -0.712839 -0.0204266
3.9 -0.722797 0.0189106
3.92 -0.730661 0.0591958
3.94 -0.736357 0.100316
3.96 -0.739816 0.142153
3.98 -0.740977 0.184583
4 -0.739786 0.227479
4.02 -0.736194 0.270709
4.04 -0.730164 0.314137
4.06 -0.721662 0.357625
4.08 -0.710667 0.401032
4.1 -0.697162 0.444215
4.12 -0.681142 0.487027
4.14 -0.662609 0.529324
4.16 -0.641574 0.570957
4.18 -0.618056 0.611781
4.2 -0.592085 0.651649
4.22 -0.563698 0.690415
4.24 -0.532942 0.727936
4.26 -0.499872 0.76407
4.28 -0.464553 0.798679
4.3 -0.427057 0.831628
4.32 -0.387464 0.862784
4.34 -0.345865 0.89202
4.36 -0.302355 0.919214
4.38 -0.257039 0.944249
4.4 -0.210028 0.967013
4.42 -0.161442 0.987402
4.44 -0.111404 1.00532
4.46 -0.0600469 1.02067
4.48 -0.007506 1.03337
4.5 0.0460764 1.04334
4.52 0.100554 1.05053
4.54 0.155776 1.05486
4.56 0.211588 1.05628
4.58 0.267832 1.05476
4.6 0.324348 1.05027
4.62 0.380975 1.04277
4.64 0.437548 1.03225
4.66 0.493903 1.01871
4.68 0.549875 1.00215
4.7 0.605299 0.982586
4.72 0.66001 0.96004
4.74 0.713847 0.934542
4.76 0.766648 0.906134
4.78 0.818254 0.874867
4.8 0.868511 0.840798
4.82 0.917264 0.803996
4.84 0.964367 0.764535
4.86 1.00967 0.7225
4.88 1.05305 0.677982
4.9 1.09435 0.631081
4.92 1.13346 0.581902
4.94 1.17025 0.53056
4.96 1.2046 0.477172
4.98 1.23641 0.421866
5 1.26557 0.364771
5.02 1.29199 0.306025
5.04 1.31557 0.245769
5.06 1.33625 0.184147
5.08 1.35395 0.12131
5.1 1.3686 0.0574101
5.12 1.38014 -0.00739736
5.14 1.38854 -0.0729541
5.16 1.39375 -0.1391
5.18 1.39575 -0.205674
5.2 1.3945 -0.272512
5.22 1.39 -0.339452
5.24 1.38224 -0.406331
5.26 1.37123 -0.472984
5.28 1.35697 -0.53925
5.3 1.33949 -0.604968
5.32 1.31881 -0.669979
5.34 1.29498 -0.734123
5.36 1.26803 -0.797247
5.38 1.23802 -0.859198
5.4 1.205 -0.919827
5.42 1.16905 -0.978989
5.44 1.13023 -1.03654
5.46 1.08863 -1.09234
5.48 1.04433 -1.14627
5.5 0.997421 -1.19818
5.52 0.948007 -1.24797
5.54 0.896191 -1.2955
5.56 0.842082 -1.34067
5.58 0.785795 -1.38337
5.6 0.727448 -1.4235
5.62 0.667166 -1.46097
5.64 0.605076 -1.49568
5.66 0.541311 -1.52756
5.68 0.476004 -1.55652
5.7 0.409293 -1.58251
5.72 0.34132 -1.60546
5.74 0.272228 -1.62531
5.76 0.202161 -1.64201
5.78 0.131266 -1.65554
5.8 0.0596915 -1.66584
5.82 -0.0124135 -1.67289
5.84 -0.0848991 -1.67668
5.86 -0.157615 -1.6772
5.88 -0.230411 -1.67442
5.9 -0.303137 -1.66836
5.92 -0.375643 -1.65903
5.94 -0.447782 -1.64643
5.96 -0.519405 -1.63059
5.98 -0.590366 -1.61154
6 -0.660522 -1.58932
6.02 -0.72973 -1.56395
6.04 -0.797851 -1.53549
6.06 -0.864747 -1.504
6.08 -0.930284 -1.46953
6.1 -0.99433 -1.43214
6.12 -1.05676 -1.39191
6.14 -1.11744 -1.34892
6.16 -1.17626 -1.30324
6.18 -1.2331 -1.25496
6.2 -1.28785 -1.20418
6.22 -1.3404 -1.15099
6.24 -1.39064 -1.09548
6.26 -1.43847 -1.03777
6.28 -1.48381 -0.977964
6.3 -1.52657 -0.916174
6.32 -1.56665 -0.852516
6.34 -1.60398 -0.787111
6.36 -1.63849 -0.72008
6.38 -1.67011 -0.65155
6.4 -1.69877 -0.581649
6.42 -1.72443 -0.510507
6.44 -1.74703 -0.438258
6.46 -1.76652 -0.365034
6.48 -1.78287 -0.290973
6.5 -1.79605 -0.216213
6.52 -1.80602 -0.140891
6.54 -1.81277 -0.0651472
6.56 -1.81629 0.0108785
6.58 -1.81655 0.087046
6.6 -1.81357 0.163215
6.62 -1.80734 0.239245
6.64 -1.79787 0.314996
6.66 -1.78518 0.39033
6.68 -1.76929 0.465107
6.7 -1.75022 0.539193
6.72 -1.72802 0.612449
6.74 -1.70271 0.684744
6.76 -1.67434 0.755945
6.78 -1.64296 0.825922
6.8 -1.60863 0.894547
6.82 -1.57141 0.961696
6.84 -1.53135 1.02725
6.86 -1.48854 1.09108
6.88 -1.44304 1.15308
6.9 -1.39494 1.21313
6.92 -1.34433 1.27113
6.94 -1.29128 1.32696
6.96 -1.2359 1.38053
6.98 -1.17828 1.43175
7 -1.11853 1.48051
7.02 -1.05675 1.52673
7.04 -0.993043 1.57033
7.06 -0.92753 1.61122
7.08 -0.860325 1.64933
7.1 -0.791546 1.6846
7.12 -0.721314 1.71695
7.14 -0.649753 1.74634
7.16 -0.576989 1.77269
7.18 -0.503151 1.79598
7.2 -0.428369 1.81615
7.22 -0.352775 1.83316
7.24 -0.276503 1.84699
7.26 -0.199686 1.85761
7.28 -0.12246 1.86499
7.3 -0.0449618 1.86913
7.32 0.0326724 1.87001
7.34 0.110306 1.86763
7.36 0.187801 1.862
7.38 0.265022 1.85311
7.4 0.341831 1.841
7.42 0.418095 1.82566
7.44 0.493678 1.80714
7.46 0.568447 1.78546
7.48 0.64227 1.76065
7.5 0.715016 1.73277
7.52 0.786558 1.70185
7.54 0.856769 1.66796
7.56 0.925524 1.63114
7.58 0.992703 1.59146
7.6 1.05819 1.54899
7.62 1.12186 1.50381
7.64 1.18361 1.45598
7.66 1.24332 1.4056
7.68 1.3009 1.35275
7.7 1.35624 1.29752
7.72 1.40924 1.24001
7.74 1.4598 1.18032
7.76 1.50784 1.11854
7.78 1.55328 1.0548
7.8 1.59602 0.989195
7.82 1.636 0.921844
7.84 1.67315 0.852863
7.86 1.70739 0.782373
7.88 1.73866 0.710496
7.9 1.76692 0.637358
7.92 1.79211 0.563087
7.94 1.81417 0.487812
7.96 1.83308 0.411664
7.98 1.8488 0.334777
8 1.8613 0.257285
8.02 1.87056 0.179324
8.04 1.87655 0.101029
8.06 1.87928 0.0225388
8.08 1.87872 -0.05601
8.1 1.87488 -0.13448
8.12 1.86777 -0.212732
8.14 1.85739 -0.290631
8.16 1.84377 -0.368039
8.18 1.82692 -0.44482
8.2 1.80688 -0.52084
8.22 1.78368 -0.595964
8.24 1.75735 -0.670061
8.26 1.72795 -0.743001
8.28 1.69552 -0.814654
8.3 1.66011 -0.884894
8.32 1.6218 -0.953599
8.34 1.58064 -1.02065
8.36 1.53671 -1.08592
8.38 1.49008 -1.1493
8.4 1.44083 -1.21067
8.42 1.38905 -1.26994
8.44 1.33483 -1.32699
8.46 1.27827 -1.38172
8.48 1.21945 -1.43403
8.5 1.15849 -1.48384
8.52 1.09549 -1.53105
8.54 1.03056 -1.57559
8.56 0.963815 -1.61736
8.58 0.89537 -1.6563
8.6 0.825345 -1.69233
8.62 0.753863 -1.7254
8.64 0.681049 -1.75544
8.66 0.60703 -1.7824
8.68 0.531938 -1.80623
8.7 0.455903 -1.82689
8.72 0.379059 -1.84434
8.74 0.301542 -1.85854
8.76 0.223487 -1.86948
8.78 0.145032 -1.87713
8.8 0.0663153 -1.88147
8.82 -0.0125248 -1.8825
8.84 -0.091349 -1.88022
8.86 -0.170019 -1.87462
8.88 -0.248394 -1.86573
8.9 -0.326338 -1.85354
8.92 -0.403712 -1.83808
8.94 -0.480379 -1.81939
8.96 -0.556205 -1.79748
8.98 -0.631054 -1.7724
9 -0.704793 -1.74419
9.02 -0.777294 -1.7129
9.04 -0.848426 -1.67858
9.06 -0.918064 -1.64129
9.08 -0.986084 -1.60111
9.1 -1.05236 -1.55809
9.12 -1.11679 -1.51232
9.14 -1.17924 -1.46387
9.16 -1.23961 -1.41283
9.18 -1.2978 -1.35929
9.2 -1.35368 -1.30334
9.22 -1.40718 -1.24508
9.24 -1.45818 -1.18462
9.26 -1.50661 -1.12205
9.28 -1.55237 -1.0575
9.3 -1.59538 -0.991066
9.32 -1.63557 -0.922876
9.34 -1.67285 -0.853048
9.36 -1.70718 -0.781704
9.38 -1.73847 -0.708972
9.4 -1.76669 -0.634979
9.42 -1.79177 -0.559858
9.44 -1.81367 -0.48374
9.46 -1.83235 -0.406761
9.48 -1.84778 -0.329057
9.5 -1.85993 -0.250767
9.52 -1.86877 -0.172029
9.54 -1.8743 -0.0929827
9.56 -1.87649 -0.0137692
9.58 -1.87534 0.0654709
9.6 -1.87087 0.144597
9.62 -1.86306 0.223467
9.64 -1.85194 0.301942
9.66 -1.83752 0.379881
9.68 -1.81983 0.457146
9.7 -1.7989 0.533599
9.72 -1.77476 0.609103
9.74 -1.74747 0.683523
9.76 -1.71706 0.756728
9.78 -1.68359 0.828585
9.8 -1.64711 0.898966
9.82 -1.6077 0.967745
9.84 -1.56542 1.0348
9.86 -1.52035 1.10001
9.88 -1.47256 1.16326
9.9 -1.42215 1.22443
9.92 -1.36919 1.28342
9.94 -1.31379 1.34012
9.96 -1.25605 1.39442
9.98 -1.19606 1.44624
10 -1.13393 1.49547
10.02 -1.06977 1.54203
10.04 -1.0037 1.58583
10.06 -0.935831 1.6268
10.08 -0.86629 1.66486
10.1 -0.795199 1.69994
10.12 -0.722684 1.73198
10.14 -0.648875 1.76093
10.16 -0.573904 1.78672
10.18 -0.497904 1.80931
10.2 -0.421011 1.82866
10.22 -0.343364 1.84473
10.24 -0.265101 1.8575
10.26 -0.186362 1.86695
10.28 -0.107289 1.87304
10.3 -0.0280217 1.87578
10.32 0.051296 1.87516
10.34 0.130522 1.87117
10.36 0.209515 1.86382
10.38 0.288133 1.85313
10.4 0.366234 1.83912
10.42 0.443679 1.8218
10.44 0.520327 1.80121
10.46 0.596041 1.77739
10.48 0.670686 1.75037
10.5 0.744126 1.72022
10.52 0.816229 1.68696
10.54 0.886866 1.65068
10.56 0.955909 1.61143
10.58 1.02323 1.56928
10.6 1.08872 1.52431
10.62 1.15225 1.4766
10.64 1.2137 1.42623
10.66 1.27297 1.37329
10.68 1.32995 1.31788
10.7 1.38454 1.2601
10.72 1.43663 1.20005
10.74 1.48614 1.13784
10.76 1.53297 1.07358
10.78 1.57704 1.00738
10.8 1.61826 0.939374
10.82 1.65658 0.86967
10.84 1.6919 0.798398
10.86 1.72418 0.725686
10.88 1.75334 0.651665
10.9 1.77935 0.576469
10.92 1.80214 0.500232
10.94 1.82168 0.423093
10.96 1.83794 0.34519
10.98 1.85087 0.266664
11 1.86047 0.187656
11.02 1.86671 0.108308
11.04 1.86958 0.0287655
11.06 1.86906 -0.0508296
11.08 1.86518 -0.130333
11.1 1.85792 -0.209601
11.12 1.84731 -0.288491
11.14 1.83335 -0.366859
11.16 1.81608 -0.444565
11.18 1.79553 -0.521467
11.2 1.77173 -0.597426
11.22 1.74473 -0.672304
11.24 1.71457 -0.745966
11.26 1.6813 -0.818279
11.28 1.645 -0.889111
11.3 1.60571 -0.958334
11.32 1.56352 -1.02582
11.34 1.5185 -1.09145
11.36 1.47073 -1.15511
11.38 1.42029 -1.21667
11.4 1.36729 -1.27603
11.42 1.3118 -1.33307
11.44 1.25394 -1.3877
11.46 1.1938 -1.43982
11.48 1.1315 -1.48933
11.5 1.06715 -1.53613
11.52 1.00086 -1.58015
11.54 0.932759 -1.62131
11.56 0.862965 -1.65952
11.58 0.791605 -1.69472
11.6 0.718808 -1.72685
11.62 0.644707 -1.75584
11.64 0.569435 -1.78165
11.66 0.49313 -1.80422
11.68 0.415929 -1.82352
11.7 0.337973 -1.83951
11.72 0.259403 -1.85215
11.74 0.180362 -1.86143
11.76 0.100993 -1.86733
11.78 0.0214404 -1.86983
11.8 -0.0581512 -1.86894
11.82 -0.137637 -1.86465
11.84 -0.216873 -1.85697
11.86 -0.295715 -1.84592
11.88 -0.374019 -1.8315
11.9 -0.451643 -1.81376
11.92 -0.528445 -1.79272
11.94 -0.604286 -1.76841
11.96 -0.679028 -1.74089
11.98 -0.752534 -1.7102
12 -0.82467 -1.6764
12.02 -0.895306 -1.63955
12.04 -0.964311 -1.59971
12.06 -1.03156 -1.55696
12.08 -1.09693 -1.51137
12.1 -1.16031 -1.46303
12.12 -1.22157 -1.41202
12.14 -1.2806 -1.35845
12.16 -1.3373 -1.3024
12.18 -1.39156 -1.24397
12.2 -1.44329 -1.18328
12.22 -1.49239 -1.12043
12.24 -1.53876 -1.05553
12.26 -1.58234 -0.988716
12.28 -1.62302 -0.920095
12.3 -1.66074 -0.849796
12.32 -1.69544 -0.777947
12.34 -1.72704 -0.704679
12.36 -1.75549 -0.630125
12.38 -1.78074 -0.554421
12.4 -1.80274 -0.477706
12.42 -1.82145 -0.400118
12.44 -1.83683 -0.3218
12.46 -1.84886 -0.242894
12.48 -1.85751 -0.163545
12.5 -1.86277 -0.0838966
12.52 -1.86463 -0.00409534
12.54 -1.86308 0.0757135
12.56 -1.85812 0.155384
12.58 -1.84978 0.234771
12.6 -1.83805 0.313728
12.62 -1.82296 0.392112
12.64 -1.80454 0.46978
12.66 -1.78282 0.546589
12.68 -1.75784 0.622398
12.7 -1.72965 0.697069
12.72 -1.6983 0.770466
12.74 -1.66383 0.842453
12.76 -1.62633 0.912899
12.78 -1.58585 0.981675
12.8 -1.54246 1.04865
12.82 -1.49626 1.11372
12.84 -1.44731 1.17674
12.86 -1.39572 1.23761
12.88 -1.34157 1.29621
12.9 -1.28497 1.35244
12.92 -1.22601 1.40619
12.94 -1.16481 1.45737
12.96 -1.10147 1.50588
12.98 -1.03612 1.55163
13 -0.968869 1.59454
13.02 -0.899843 1.63453
13.04 -0.829168 1.67152
13.06 -0.756973 1.70545
13.08 -0.683391 1.73625
13.1 -0.608557 1.76388
13.12 -0.532606 1.78826
13.14 -0.45568 1.80937
13.16 -0.377918 1.82716
13.18 -0.299462 1.84161
13.2 -0.220458 1.85267
13.22 -0.141049 1.86033
13.24 -0.0613815 1.86459
13.26 0.0183987 1.86542
13.28 0.0981451 1.86283
13.3 0.177711 1.85682
13.32 0.256952 1.8474
13.34 0.33572 1.83459
13.36 0.413873 1.81842
13.38 0.491265 1.79891
13.4 0.567756 1.77609
13.42 0.643204 1.75001
13.44 0.717471 1.72072
13.46 0.79042 1.68827
13.48 0.861917 1.65272
13.5 0.931831 1.61413
13.52 1 1.5726
