0 0 0
0.08 7.28662e-27 -3.71733e-30
0.16 1.52987e-23 -9.20631e-27
0.12 1.46863e-24 -9.42535e-28
0.1 1.83158e-25 -1.23212e-28
0.09 4.22175e-26 -2.66192e-29
0.085 1.80805e-26 -1.04091e-29
0.09 4.2594e-26 -2.74827e-29
0.095 9.58033e-26 -6.88578e-29
0.1 2.06712e-25 -1.64597e-28
0.105 4.29598e-25 -3.77093e-28
0.11 8.62944e-25 -8.31272e-28
0.115 1.6805e-24 -1.76924e-27
0.12 3.18107e-24 -3.64651e-27
0.125 5.86667e-24 -7.29706e-27
0.13 1.05629e-23 -1.42103e-26
0.135 1.86007e-23 -2.69857e-26
0.14 3.20874e-23 -5.00646e-26
0.145 5.43032e-23 -9.08882e-26
0.15 9.02743e-23 -1.61696e-25
0.155 1.47591e-22 -2.82283e-25
0.16 2.37558e-22 -4.84151e-25
0.165 3.76803e-22 -8.167e-25
0.17 5.89484e-22 -1.35631e-24
0.175 9.1031e-22 -2.21955e-24
0.18 1.38862e-21 -3.58211e-24
0.185 2.09386e-21 -5.70573e-24
0.19 3.12283e-21 -8.97605e-24
0.195 4.60927e-21 -1.39554e-23
0.2 6.73643e-21 -2.14556e-23
0.205 9.75329e-21 -3.26378e-23
0.21 1.39957e-20 -4.91478e-23
0.215 1.99131e-20 -7.32989e-23
0.22 2.81032e-20 -1.08316e-22
0.225 3.93555e-20 -1.58662e-22
0.23 5.47057e-20 -2.30463e-22
0.235 7.55054e-20 -3.32076e-22
0.24 1.03507e-19 -4.74818e-22
0.245 1.40972e-19 -6.7392e-22
0.25 1.90799e-19 -9.49753e-22
0.255 2.56691e-19 -1.3294e-21
0.26 3.4335e-19 -1.84867e-21
0.265 4.56721e-19 -2.55463e-21
0.27 6.04285e-19 -3.50885e-21
0.275 7.95416e-19 -4.79145e-21
0.28 1.04181e-18 -6.50615e-21
0.285 1.35802e-18 -8.78665e-21
0.29 1.76202e-18 -1.18045e-20
0.295 2.27603e-18 -1.57787e-20
0.3 2.92731e-18 -2.09881e-20
0.305 3.74927e-18 -2.77855e-20
0.31 4.78268e-18 -3.66166e-20
0.315 6.0771e-18 -4.8041e-20
0.32 7.69267e-18 -6.276e-20
0.325 9.70206e-18 -8.16485e-20
0.33 1.21929e-17 -1.05794e-19
0.335 1.52703e-17 -1.36546e-19
0.34 1.90605e-17 -1.75568e-19
0.345 2.37143e-17 -2.24913e-19
0.35 2.94113e-17 -2.87096e-19
0.355 3.63651e-17 -3.65201e-19
0.36 4.48291e-17 -4.62985e-19
0.365 5.51029e-17 -5.85026e-19
0.37 6.75404e-17 -7.36877e-19
0.375 8.2558e-17 -9.25258e-19
0.38 1.00645e-16 -1.15828e-18
0.385 1.22376e-16 -1.44572e-18
0.39 1.48422e-16 -1.79932e-18
0.395 1.79566e-16 -2.23312e-18
0.4 2.16722e-16 -2.76396e-18
0.405 2.60952e-16 -3.41188e-18
0.41 3.13489e-16 -4.20075e-18
0.415 3.75761e-16 -5.15893e-18
0.42 4.49419e-16 -6.32e-18
0.425 5.36371e-16 -7.72368e-18
0.43 6.38813e-16 -9.41688e-18
0.435 7.59273e-16 -1.14548e-17
0.44 9.00654e-16 -1.39024e-17
0.445 1.06629e-15 -1.68359e-17
0.45 1.25998e-15 -2.03445e-17
0.455 1.48609e-15 -2.45325e-17
0.46 1.74959e-15 -2.95218e-17
0.465 2.05615e-15 -3.54543e-17
0.47 2.41222e-15 -4.24949e-17
0.475 2.82513e-15 -5.08355e-17
0.48 3.3032e-15 -6.06981e-17
0.485 3.85585e-15 -7.23401e-17
0.49 4.49377e-15 -8.60589e-17
0.495 5.229e-15 -1.02197e-16
0.5 6.07517e-15 -1.21151e-16
0.505 7.04764e-15 -1.43375e-16
0.51 8.1637e-15 -1.69392e-16
0.515 9.4428e-15 -1.99802e-16
0.52 1.09068e-14 -2.35292e-16
0.525 1.25802e-14 -2.76648e-16
0.53 1.44905e-14 -3.2477e-16
0.535 1.66685e-14 -3.80684e-16
0.54 1.91485e-14 -4.45559e-16
0.545 2.19692e-14 -5.20725e-16
0.55 2.51733e-14 -6.07698e-16
0.555 2.88088e-14 -7.08197e-16
0.56 3.2929e-14 -8.24171e-16
0.565 3.75931e-14 -9.57832e-16
0.57 4.28671e-14 -1.11168e-15
0.575 4.88242e-14 -1.28854e-15
0.58 5.55457e-14 -1.49161e-15
0.585 6.31216e-14 -1.72449e-15
0.59 7.16517e-14 -1.99124e-15
0.595 8.12463e-14 -2.29643e-15
0.6 9.20273e-14 -2.6452e-15
0.605 1.0413e-13 -3.04332e-15
0.61 1.17702e-13 -3.49727e-15
0.615 1.32908e-13 -4.01432e-15
0.62 1.49929e-13 -4.6026e-15
0.625 1.68963e-13 -5.27121e-15
0.63 1.9023e-13 -6.03035e-15
0.635 2.13969e-13 -6.89138e-15
0.64 2.40445e-13 -7.867e-15
0.645 2.69948e-13 -8.97135e-15
0.65 3.02795e-13 -1.02202e-14
0.655 3.39335e-13 -1.16311e-14
0.66 3.7995e-13 -1.32236e-14
0.665 4.25055e-13 -1.50194e-14
0.67 4.75109e-13 -1.70425e-14
0.675 5.30609e-13 -1.93196e-14
0.68 5.921e-13 -2.18805e-14
0.685 6.60176e-13 -2.47578e-14
0.69 7.35485e-13 -2.7988e-14
0.695 8.18733e-13 -3.16111e-14
0.7 9.10689e-13 -3.56716e-14
0.705 1.01219e-12 -4.02185e-14
0.71 1.12415e-12 -4.53058e-14
0.715 1.24755e-12 -5.09933e-14
0.72 1.38347e-12 -5.73466e-14
0.725 1.53307e-12 -6.44382e-14
0.73 1.69763e-12 -7.23476e-14
0.735 1.87852e-12 -8.11625e-14
0.74 2.07721e-12 -9.09792e-14
0.745 2.29534e-12 -1.01903e-13
0.75 2.53464e-12 -1.14051e-13
0.755 2.79699e-12 -1.27549e-13
0.76 3.08445e-12 -1.42538e-13
0.765 3.39921e-12 -1.59169e-13
0.77 3.74366e-12 -1.77611e-13
0.775 4.12038e-12 -1.98045e-13
0.78 4.53214e-12 -2.20673e-13
0.785 4.98193e-12 -2.45713e-13
0.79 5.47298e-12 -2.73404e-13
0.795 6.00878e-12 -3.04005e-13
0.8 6.59306e-12 -3.37803e-13
0.805 7.22985e-12 -3.75105e-13
0.81 7.9235e-12 -4.1625e-13
0.815 8.67867e-12 -4.61606e-13
0.82 9.50036e-12 -5.11573e-13
0.825 1.0394e-11 -5.66587e-13
0.83 1.13653e-11 -6.27119e-13
0.835 1.24205e-11 -6.93686e-13
0.84 1.35662e-11 -7.66845e-13
0.845 1.48097e-11 -8.47202e-13
0.85 1.61585e-11 -9.35417e-13
0.855 1.76208e-11 -1.0322e-12
0.86 1.92055e-11 -1.13833e-12
0.865 2.09219e-11 -1.25464e-12
0.87 2.27801e-11 -1.38204e-12
0.875 2.47908e-11 -1.5215e-12
0.88 2.69656e-11 -1.6741e-12
0.885 2.93166e-11 -1.84098e-12
0.89 3.18572e-11 -2.02338e-12
0.895 3.46012e-11 -2.22264e-12
0.9 3.75637e-11 -2.44022e-12
0.905 4.07606e-11 -2.67766e-12
0.91 4.4209e-11 -2.93667e-12
0.915 4.7927e-11 -3.21904e-12
0.92 5.19339e-11 -3.52676e-12
0.925 5.62505e-11 -3.86192e-12
0.93 6.08986e-11 -4.2268e-12
0.935 6.59016e-11 -4.62384e-12
0.94 7.12845e-11 -5.05568e-12
0.945 7.70736e-11 -5.52516e-12
0.95 8.32972e-11 -6.03531e-12
0.955 8.99852e-11 -6.58942e-12
0.96 9.71693e-11 -7.19098e-12
0.965 1.04883e-10 -7.84379e-12
0.97 1.13163e-10 -8.5519e-12
0.975 1.22047e-10 -9.31964e-12
0.98 1.31576e-10 -1.01517e-11
0.985 1.41791e-10 -1.10531e-11
0.99 1.5274e-10 -1.20291e-11
0.995 1.64469e-10 -1.30855e-11
1 1.7703e-10 -1.42285e-11
1.005 1.90478e-10 -1.54647e-11
1.01 2.04869e-10 -1.6801e-11
1.015 2.20265e-10 -1.82451e-11
1.02 2.3673e-10 -1.98049e-11
1.025 2.54331e-10 -2.14892e-11
1.03 2.73141e-10 -2.33071e-11
1.035 2.93236e-10 -2.52685e-11
1.04 3.14697e-10 -2.73839e-11
1.045 3.37608e-10 -2.96644e-11
1.05 3.62059e-10 -3.21222e-11
1.055 3.88146e-10 -3.47699e-11
1.06 4.15969e-10 -3.76211e-11
1.065 4.45633e-10 -4.06905e-11
1.07 4.7725e-10 -4.39934e-11
1.075 5.10939e-10 -4.75465e-11
1.08 5.46824e-10 -5.13672e-11
1.085 5.85036e-10 -5.54743e-11
1.09 6.25713e-10 -5.98876e-11
1.095 6.69001e-10 -6.46285e-11
1.1 7.15053e-10 -6.97194e-11
1.105 7.64032e-10 -7.51843e-11
1.11 8.16109e-10 -8.10487e-11
1.115 8.71461e-10 -8.73398e-11
1.12 9.30278e-10 -9.40862e-11
1.125 9.9276e-10 -1.01319e-10
1.13 1.05911e-09 -1.0907e-10
1.135 1.12956e-09 -1.17374e-10
1.14 1.20433e-09 -1.26267e-10
1.145 1.28367e-09 -1.35789e-10
1.15 1.36784e-09 -1.4598e-10
1.155 1.45709e-09 -1.56885e-10
1.16 1.55172e-09 -1.68549e-10
1.165 1.65202e-09 -1.81022e-10
1.17 1.75829e-09 -1.94355e-10
1.175 1.87088e-09 -2.08604e-10
1.18 1.99012e-09 -2.23827e-10
1.185 2.11636e-09 -2.40086e-10
1.19 2.24999e-09 -2.57446e-10
1.195 2.39141e-09 -2.75976e-10
1.2 2.54102e-09 -2.95749e-10
1.205 2.69926e-09 -3.16843e-10
1.21 2.8666e-09 -3.39339e-10
1.215 3.04349e-09 -3.63325e-10
1.22 3.23046e-09 -3.88891e-10
1.225 3.42801e-09 -4.16133e-10
1.23 3.6367e-09 -4.45155e-10
1.235 3.8571e-09 -4.76062e-10
1.24 4.08982e-09 -5.0897e-10
1.245 4.33548e-09 -5.43998e-10
1.25 4.59473e-09 -5.81273e-10
1.255 4.86828e-09 -6.20927e-10
1.26 5.15684e-09 -6.63103e-10
1.265 5.46116e-09 -7.07948e-10
1.27 5.78203e-09 -7.55619e-10
1.275 6.12027e-09 -8.06282e-10
1.28 6.47674e-09 -8.60109e-10
1.285 6.85235e-09 -9.17285e-10
1.29 7.24801e-09 -9.78002e-10
1.295 7.66473e-09 -1.04246e-09
1.3 8.10351e-09 -1.11088e-09
1.305 8.56543e-09 -1.18348e-09
1.31 9.0516e-09 -1.26051e-09
1.315 9.56318e-09 -1.3422e-09
1.32 1.01014e-08 -1.42882e-09
1.325 1.06675e-08 -1.52065e-09
1.33 1.12628e-08 -1.61798e-09
1.335 1.18887e-08 -1.72111e-09
1.34 1.25466e-08 -1.83037e-09
1.345 1.3238e-08 -1.94608e-09
1.35 1.39645e-08 -2.0686e-09
1.355 1.47277e-08 -2.19831e-09
1.36 1.55293e-08 -2.33559e-09
1.365 1.63711e-08 -2.48085e-09
1.37 1.72548e-08 -2.63453e-09
1.375 1.81824e-08 -2.79706e-09
1.38 1.91559e-08 -2.96894e-09
1.385 2.01773e-08 -3.15064e-09
1.39 2.12489e-08 -3.3427e-09
1.395 2.23728e-08 -3.54566e-09
1.4 2.35513e-08 -3.76009e-09
1.405 2.4787e-08 -3.98659e-09
1.41 2.60823e-08 -4.22579e-09
1.415 2.74398e-08 -4.47835e-09
1.42 2.88623e-08 -4.74495e-09
1.425 3.03525e-08 -5.02633e-09
1.43 3.19135e-08 -5.32323e-09
1.435 3.35483e-08 -5.63645e-09
1.44 3.52601e-08 -5.96683e-09
1.445 3.70521e-08 -6.31522e-09
1.45 3.89278e-08 -6.68254e-09
1.455 4.08908e-08 -7.06973e-09
1.46 4.29447e-08 -7.47779e-09
1.465 4.50934e-08 -7.90777e-09
1.47 4.73408e-08 -8.36074e-09
1.475 4.96912e-08 -8.83785e-09
1.48 5.21486e-08 -9.34029e-09
1.485 5.47177e-08 -9.86929e-09
1.49 5.74031e-08 -1.04262e-08
1.495 6.02094e-08 -1.10122e-08
1.5 6.31416e-08 -1.1629e-08
1.505 6.6205e-08 -1.22778e-08
1.51 6.94048e-08 -1.29603e-08
1.515 7.27465e-08 -1.36781e-08
1.52 7.62358e-08 -1.44328e-08
1.525 7.98788e-08 -1.52263e-08
1.53 8.36814e-08 -1.60603e-08
1.535 8.76501e-08 -1.69367e-08
1.54 9.17915e-08 -1.78577e-08
1.545 9.61123e-08 -1.88251e-08
1.55 1.0062e-07 -1.98413e-08
1.555 1.05321e-07 -2.09085e-08
1.56 1.10224e-07 -2.2029e-08
1.565 1.15335e-07 -2.32053e-08
1.57 1.20665e-07 -2.44399e-08
1.575 1.26219e-07 -2.57356e-08
1.58 1.32009e-07 -2.70952e-08
1.585 1.38041e-07 -2.85214e-08
1.59 1.44326e-07 -3.00174e-08
1.595 1.50874e-07 -3.15862e-08
1.6 1.57693e-07 -3.32313e-08
1.605 1.64795e-07 -3.49559e-08
1.61 1.7219e-07 -3.67636e-08
1.615 1.79888e-07 -3.86581e-08
1.62 1.87902e-07 -4.06433e-08
1.625 1.96242e-07 -4.27232e-08
1.63 2.04922e-07 -4.49019e-08
1.635 2.13953e-07 -4.71837e-08
1.64 2.23348e-07 -4.95732e-08
1.645 2.3312e-07 -5.2075e-08
1.65 2.43284e-07 -5.46941e-08
1.655 2.53853e-07 -5.74353e-08
1.66 2.64842e-07 -6.03041e-08
1.665 2.76267e-07 -6.33059e-08
1.67 2.88142e-07 -6.64463e-08
1.675 3.00483e-07 -6.97313e-08
1.68 3.13308e-07 -7.3167e-08
1.685 3.26633e-07 -7.67597e-08
1.69 3.40477e-07 -8.05161e-08
1.695 3.54856e-07 -8.4443e-08
1.7 3.6979e-07 -8.85476e-08
1.705 3.85299e-07 -9.28372e-08
1.71 4.01402e-07 -9.73196e-08
1.715 4.18119e-07 -1.02003e-07
1.72 4.35472e-07 -1.06895e-07
1.725 4.53483e-07 -1.12004e-07
1.73 4.72174e-07 -1.1734e-07
1.735 4.91568e-07 -1.22912e-07
1.74 5.11689e-07 -1.28729e-07
1.745 5.32562e-07 -1.34801e-07
1.75 5.54212e-07 -1.41139e-07
1.755 5.76665e-07 -1.47753e-07
1.76 5.99947e-07 -1.54654e-07
1.765 6.24087e-07 -1.61853e-07
1.77 6.49112e-07 -1.69364e-07
1.775 6.75052e-07 -1.77197e-07
1.78 7.01938e-07 -1.85365e-07
1.785 7.29799e-07 -1.93883e-07
1.79 7.58668e-07 -2.02763e-07
1.795 7.88577e-07 -2.1202e-07
1.8 8.19561e-07 -2.21669e-07
1.805 8.51654e-07 -2.31724e-07
1.81 8.84891e-07 -2.42201e-07
1.815 9.19309e-07 -2.53117e-07
1.82 9.54947e-07 -2.64488e-07
1.825 9.91841e-07 -2.76332e-07
1.83 1.03003e-06 -2.88668e-07
1.835 1.06956e-06 -3.01513e-07
1.84 1.11047e-06 -3.14887e-07
1.845 1.15281e-06 -3.2881e-07
1.85 1.19661e-06 -3.43302e-07
1.855 1.24193e-06 -3.58386e-07
1.86 1.2888e-06 -3.74083e-07
1.865 1.33728e-06 -3.90416e-07
1.87 1.38743e-06 -4.07408e-07
1.875 1.43928e-06 -4.25085e-07
1.88 1.49289e-06 -4.43471e-07
1.885 1.54831e-06 -4.62592e-07
1.89 1.6056e-06 -4.82476e-07
1.895 1.66482e-06 -5.0315e-07
1.9 1.72602e-06 -5.24643e-07
1.905 1.78926e-06 -5.46984e-07
1.91 1.85461e-06 -5.70205e-07
1.915 1.92212e-06 -5.94338e-07
1.92 1.99186e-06 -6.19414e-07
1.925 2.0639e-06 -6.45467e-07
1.93 2.13829e-06 -6.72534e-07
1.935 2.21512e-06 -7.00649e-07
1.94 2.29445e-06 -7.29849e-07
1.945 2.37636e-06 -7.60174e-07
1.95 2.46092e-06 -7.91663e-07
1.955 2.5482e-06 -8.24356e-07
1.96 2.63828e-06 -8.58296e-07
1.965 2.73125e-06 -8.93526e-07
1.97 2.82718e-06 -9.30091e-07
1.975 2.92617e-06 -9.68038e-07
1.98 3.02829e-06 -1.00741e-06
1.985 3.13363e-06 -1.04827e-06
1.99 3.24229e-06 -1.09065e-06
1.995 3.35436e-06 -1.13461e-06
2 3.46993e-06 -1.18021e-06
2.005 3.58909e-06 -1.2275e-06
2.01 3.71196e-06 -1.27654e-06
2.015 3.83863e-06 -1.32739e-06
2.02 3.9692e-06 -1.3801e-06
2.025 4.10378e-06 -1.43474e-06
2.03 4.24249e-06 -1.49138e-06
2.035 4.38542e-06 -1.55008e-06
2.04 4.5327e-06 -1.61091e-06
2.045 4.68445e-06 -1.67394e-06
2.05 4.84077e-06 -1.73924e-06
2.055 5.00181e-06 -1.80689e-06
2.06 5.16767e-06 -1.87697e-06
2.065 5.33849e-06 -1.94955e-06
2.07 5.51439e-06 -2.02471e-06
2.075 5.69552e-06 -2.10255e-06
2.08 5.88201e-06 -2.18314e-06
2.085 6.074e-06 -2.26657e-06
2.09 6.27163e-06 -2.35294e-06
2.095 6.47505e-06 -2.44235e-06
2.1 6.6844e-06 -2.53487e-06
2.105 6.89984e-06 -2.63063e-06
2.11 7.12153e-06 -2.72971e-06
2.115 7.34962e-06 -2.83223e-06
2.12 7.58428e-06 -2.9383e-06
2.125 7.82567e-06 -3.04801e-06
2.13 8.07396e-06 -3.1615e-06
2.135 8.32933e-06 -3.27887e-06
2.14 8.59195e-06 -3.40025e-06
2.145 8.862e-06 -3.52576e-06
2.15 9.13967e-06 -3.65553e-06
2.155 9.42514e-06 -3.78969e-06
2.16 9.71861e-06 -3.92838e-06
2.165 1.00203e-05 -4.07173e-06
2.17 1.03303e-05 -4.21989e-06
2.175 1.0649e-05 -4.37301e-06
2.18 1.09764e-05 -4.53123e-06
2.185 1.13129e-05 -4.69471e-06
2.19 1.16586e-05 -4.8636e-06
2.195 1.20138e-05 -5.03808e-06
2.2 1.23786e-05 -5.2183e-06
2.205 1.27534e-05 -5.40444e-06
2.21 1.31383e-05 -5.59668e-06
2.215 1.35336e-05 -5.79519e-06
2.22 1.39395e-05 -6.00017e-06
2.225 1.43563e-05 -6.2118e-06
2.23 1.47842e-05 -6.43028e-06
2.235 1.52235e-05 -6.65581e-06
2.24 1.56744e-05 -6.88859e-06
2.245 1.61373e-05 -7.12884e-06
2.25 1.66124e-05 -7.37678e-06
2.255 1.70999e-05 -7.63262e-06
2.26 1.76002e-05 -7.89659e-06
2.265 1.81135e-05 -8.16894e-06
2.27 1.86401e-05 -8.44989e-06
2.275 1.91804e-05 -8.73969e-06
2.28 1.97346e-05 -9.03861e-06
2.285 2.03031e-05 -9.34688e-06
2.29 2.08861e-05 -9.66479e-06
2.295 2.1484e-05 -9.9926e-06
2.3 2.20971e-05 -1.03306e-05
2.305 2.27258e-05 -1.06791e-05
2.31 2.33704e-05 -1.10383e-05
2.315 2.40311e-05 -1.14085e-05
2.32 2.47085e-05 -1.17902e-05
2.325 2.54028e-05 -1.21835e-05
2.33 2.61144e-05 -1.25888e-05
2.335 2.68436e-05 -1.30065e-05
2.34 2.75909e-05 -1.34368e-05
2.345 2.83567e-05 -1.38802e-05
2.35 2.91412e-05 -1.43369e-05
2.355 2.99449e-05 -1.48074e-05
2.36 3.07683e-05 -1.5292e-05
2.365 3.16117e-05 -1.5791e-05
2.37 3.24754e-05 -1.6305e-05
2.375 3.33601e-05 -1.68342e-05
2.38 3.4266e-05 -1.73791e-05
2.385 3.51937e-05 -1.79402e-05
2.39 3.61435e-05 -1.85177e-05
2.395 3.71159e-05 -1.91123e-05
2.4 3.81114e-05 -1.97242e-05
2.405 3.91304e-05 -2.03541e-05
2.41 4.01734e-05 -2.10022e-05
2.415 4.12408e-05 -2.16693e-05
2.42 4.23332e-05 -2.23556e-05
2.425 4.34511e-05 -2.30618e-05
2.43 4.45949e-05 -2.37883e-05
2.435 4.57652e-05 -2.45357e-05
2.44 4.69625e-05 -2.53044e-05
2.445 4.81872e-05 -2.60952e-05
2.45 4.944e-05 -2.69084e-05
2.455 5.07213e-05 -2.77447e-05
2.46 5.20318e-05 -2.86047e-05
2.465 5.33719e-05 -2.9489e-05
2.47 5.47422e-05 -3.03982e-05
2.475 5.61434e-05 -3.13329e-05
2.48 5.75758e-05 -3.22937e-05
2.485 5.90403e-05 -3.32814e-05
2.49 6.05373e-05 -3.42965e-05
2.495 6.20675e-05 -3.53398e-05
2.5 6.36314e-05 -3.6412e-05
2.505 6.52297e-05 -3.75137e-05
2.51 6.6863e-05 -3.86458e-05
2.515 6.85319e-05 -3.98089e-05
2.52 7.02371e-05 -4.10038e-05
2.525 7.19793e-05 -4.22313e-05
2.53 7.3759e-05 -4.34922e-05
2.535 7.5577e-05 -4.47873e-05
2.54 7.7434e-05 -4.61174e-05
2.545 7.93306e-05 -4.74833e-05
2.55 8.12675e-05 -4.8886e-05
2.555 8.32454e-05 -5.03263e-05
2.56 8.5265e-05 -5.1805e-05
2.565 8.73271e-05 -5.33232e-05
2.57 8.94324e-05 -5.48818e-05
2.575 9.15816e-05 -5.64816e-05
2.58 9.37754e-05 -5.81238e-05
2.585 9.60147e-05 -5.98092e-05
2.59 9.83001e-05 -6.15388e-05
2.595 0.000100633 -6.33139e-05
2.6 0.000103013 -6.51352e-05
2.605 0.000105441 -6.70041e-05
2.61 0.000107919 -6.89214e-05
2.615 0.000110447 -7.08885e-05
2.62 0.000113026 -7.29063e-05
2.625 0.000115657 -7.49762e-05
2.63 0.000118341 -7.70992e-05
2.635 0.000121077 -7.92765e-05
2.64 0.000123868 -8.15094e-05
2.645 0.000126715 -8.37992e-05
2.65 0.000129617 -8.61472e-05
2.655 0.000132576 -8.85546e-05
2.66 0.000135593 -9.10227e-05
2.665 0.000138668 -9.3553e-05
2.67 0.000141804 -9.61468e-05
2.675 0.000144999 -9.88055e-05
2.68 0.000148256 -0.000101531
2.685 0.000151575 -0.000104323
2.69 0.000154958 -0.000107186
2.695 0.000158405 -0.000110119
2.7 0.000161916 -0.000113124
2.705 0.000165494 -0.000116203
2.71 0.000169139 -0.000119358
2.715 0.000172852 -0.00012259
2.72 0.000176634 -0.000125901
2.725 0.000180486 -0.000129293
2.73 0.000184409 -0.000132766
2.735 0.000188404 -0.000136324
2.74 0.000192472 -0.000139967
2.745 0.000196614 -0.000143698
2.75 0.000200832 -0.000147519
2.755 0.000205125 -0.000151431
2.76 0.000209495 -0.000155436
2.765 0.000213944 -0.000159536
2.77 0.000218471 -0.000163734
2.775 0.00022308 -0.00016803
2.78 0.000227769 -0.000172428
2.785 0.000232541 -0.000176929
2.79 0.000237396 -0.000181536
2.795 0.000242336 -0.000186251
2.8 0.000247362 -0.000191075
2.805 0.000252474 -0.000196011
2.81 0.000257675 -0.000201062
2.815 0.000262964 -0.000206229
2.82 0.000268343 -0.000211515
2.825 0.000273814 -0.000216923
2.83 0.000279377 -0.000222454
2.835 0.000285033 -0.000228112
2.84 0.000290784 -0.000233898
2.845 0.000296631 -0.000239816
2.85 0.000302575 -0.000245868
2.855 0.000308616 -0.000252056
2.86 0.000314757 -0.000258384
2.865 0.000320998 -0.000264853
2.87 0.000327341 -0.000271468
2.875 0.000333786 -0.000278229
2.88 0.000340335 -0.000285142
2.885 0.000346989 -0.000292207
2.89 0.000353749 -0.000299429
2.895 0.000360616 -0.00030681
2.9 0.000367591 -0.000314353
2.905 0.000374677 -0.000322062
2.91 0.000381872 -0.000329939
2.915 0.00038918 -0.000337988
2.92 0.000396601 -0.000346211
2.925 0.000404136 -0.000354613
2.93 0.000411786 -0.000363197
2.935 0.000419553 -0.000371965
2.94 0.000427437 -0.000380921
2.945 0.000435441 -0.00039007
2.95 0.000443564 -0.000399414
2.955 0.000451809 -0.000408956
2.96 0.000460175 -0.000418701
2.965 0.000468666 -0.000428653
2.97 0.00047728 -0.000438814
2.975 0.000486021 -0.00044919
2.98 0.000494888 -0.000459782
2.985 0.000503884 -0.000470597
2.99 0.000513008 -0.000481637
2.995 0.000522263 -0.000492907
3 0.000531649 -0.00050441
3.005 0.000541167 -0.000516151
3.01 0.000550819 -0.000528134
3.015 0.000560605 -0.000540363
3.02 0.000570527 -0.000552843
3.025 0.000580586 -0.000565578
3.03 0.000590782 -0.000578572
3.035 0.000601117 -0.00059183
3.04 0.000611592 -0.000605356
3.045 0.000622208 -0.000619156
3.05 0.000632966 -0.000633233
3.055 0.000643867 -0.000647592
3.06 0.000654912 -0.000662239
3.065 0.000666101 -0.000677178
3.07 0.000677436 -0.000692415
3.075 0.000688918 -0.000707953
3.08 0.000700548 -0.000723798
3.085 0.000712326 -0.000739956
3.09 0.000724254 -0.000756431
3.095 0.000736332 -0.00077323
3.1 0.000748561 -0.000790356
3.105 0.000760942 -0.000807815
3.11 0.000773476 -0.000825614
3.115 0.000786164 -0.000843757
3.12 0.000799006 -0.00086225
3.125 0.000812003 -0.000881099
3.13 0.000825156 -0.00090031
3.135 0.000838466 -0.000919888
3.14 0.000851933 -0.000939839
3.145 0.000865558 -0.000960169
3.15 0.000879342 -0.000980885
3.155 0.000893285 -0.00100199
3.16 0.000907387 -0.0010235
3.165 0.00092165 -0.0010454
3.17 0.000936074 -0.00106772
3.175 0.00095066 -0.00109046
3.18 0.000965407 -0.00111362
3.185 0.000980316 -0.0011372
3.19 0.000995388 -0.00116123
3.195 0.00101062 -0.00118569
3.2 0.00102602 -0.00121061
3.205 0.00104158 -0.00123598
3.21 0.00105731 -0.00126182
3.215 0.0010732 -0.00128812
3.22 0.00108925 -0.00131491
3.225 0.00110547 -0.00134218
3.23 0.00112186 -0.00136994
3.235 0.00113841 -0.0013982
3.24 0.00115512 -0.00142696
3.245 0.001172 -0.00145624
3.25 0.00118904 -0.00148605
3.255 0.00120625 -0.00151638
3.26 0.00122362 -0.00154725
3.265 0.00124115 -0.00157866
3.27 0.00125885 -0.00161062
3.275 0.00127672 -0.00164315
3.28 0.00129475 -0.00167625
3.285 0.00131294 -0.00170992
3.29 0.00133129 -0.00174418
3.295 0.0013498 -0.00177903
3.3 0.00136848 -0.00181448
3.305 0.00138732 -0.00185054
3.31 0.00140631 -0.00188722
3.315 0.00142547 -0.00192453
3.32 0.00144479 -0.00196247
3.325 0.00146426 -0.00200106
3.33 0.00148389 -0.0020403
3.335 0.00150368 -0.00208021
3.34 0.00152362 -0.00212078
3.345 0.00154372 -0.00216204
3.35 0.00156397 -0.00220399
3.355 0.00158437 -0.00224664
3.36 0.00160492 -0.00228999
3.365 0.00162563 -0.00233406
3.37 0.00164648 -0.00237886
3.375 0.00166747 -0.0024244
3.38 0.00168861 -0.00247068
3.385 0.0017099 -0.00251773
3.39 0.00173132 -0.00256553
3.395 0.00175289 -0.00261412
3.4 0.00177459 -0.00266349
3.405 0.00179643 -0.00271365
3.41 0.0018184 -0.00276463
3.415 0.0018405 -0.00281642
3.42 0.00186274 -0.00286904
3.425 0.0018851 -0.00292249
3.43 0.00190759 -0.0029768
3.435 0.0019302 -0.00303196
3.44 0.00195293 -0.003088
3.445 0.00197577 -0.00314491
3.45 0.00199873 -0.00320272
3.455 0.00202181 -0.00326143
3.46 0.00204499 -0.00332105
3.465 0.00206828 -0.0033816
3.47 0.00209168 -0.00344308
3.475 0.00211517 -0.00350551
3.48 0.00213876 -0.0035689
3.485 0.00216244 -0.00363325
3.49 0.00218622 -0.00369859
3.495 0.00221008 -0.00376493
3.5 0.00223402 -0.00383226
3.505 0.00225805 -0.00390062
3.51 0.00228215 -0.00397
3.515 0.00230632 -0.00404042
3.52 0.00233055 -0.0041119
3.525 0.00235485 -0.00418443
3.53 0.00237921 -0.00425805
3.535 0.00240363 -0.00433275
3.54 0.00242809 -0.00440856
3.545 0.0024526 -0.00448548
3.55 0.00247715 -0.00456352
3.555 0.00250174 -0.00464271
3.56 0.00252636 -0.00472304
3.565 0.002551 -0.00480454
3.57 0.00257566 -0.00488722
3.575 0.00260034 -0.00497108
3.58 0.00262503 -0.00505615
3.585 0.00264973 -0.00514243
3.59 0.00267442 -0.00522994
3.595 0.0026991 -0.0053187
3.6 0.00272377 -0.00540871
3.605 0.00274842 -0.00549998
3.61 0.00277305 -0.00559254
3.615 0.00279765 -0.00568639
3.62 0.0028222 -0.00578155
3.625 0.00284671 -0.00587803
3.63 0.00287117 -0.00597585
3.635 0.00289557 -0.00607502
3.64 0.00291991 -0.00617555
3.645 0.00294417 -0.00627746
3.65 0.00296835 -0.00638075
3.655 0.00299245 -0.00648545
3.66 0.00301645 -0.00659158
3.665 0.00304034 -0.00669913
3.67 0.00306413 -0.00680813
3.675 0.00308779 -0.00691859
3.68 0.00311133 -0.00703052
3.685 0.00313474 -0.00714395
3.69 0.003158 -0.00725888
3.695 0.00318111 -0.00737532
3.7 0.00320405 -0.0074933
3.705 0.00322683 -0.00761283
3.71 0.00324943 -0.00773392
3.715 0.00327184 -0.00785658
3.72 0.00329405 -0.00798083
3.725 0.00331605 -0.00810669
3.73 0.00333784 -0.00823417
3.735 0.0033594 -0.00836329
3.74 0.00338072 -0.00849405
3.745 0.00340179 -0.00862648
3.75 0.00342261 -0.00876059
3.755 0.00344316 -0.0088964
3.76 0.00346342 -0.00903391
3.765 0.0034834 -0.00917315
3.77 0.00350308 -0.00931412
3.775 0.00352245 -0.00945686
3.78 0.00354149 -0.00960136
3.785 0.0035602 -0.00974765
3.79 0.00357856 -0.00989573
3.795 0.00359656 -0.0100456
3.8 0.00361419 -0.0101974
3.805 0.00363143 -0.010351
3.81 0.00364829 -0.0105064
3.815 0.00366473 -0.0106637
3.82 0.00368075 -0.0108229
3.825 0.00369634 -0.010984
3.83 0.00371148 -0.0111471
3.835 0.00372616 -0.0113121
3.84 0.00374037 -0.011479
3.845 0.00375409 -0.0116479
3.85 0.00376731 -0.0118188
3.855 0.00378001 -0.0119917
3.86 0.00379218 -0.0121666
3.865 0.00380381 -0.0123435
3.87 0.00381488 -0.0125225
3.875 0.00382538 -0.0127035
3.88 0.00383528 -0.0128867
3.885 0.00384459 -0.0130719
3.89 0.00385327 -0.0132592
3.895 0.00386132 -0.0134486
3.9 0.00386872 -0.0136402
3.905 0.00387546 -0.013834
3.91 0.00388151 -0.0140299
3.915 0.00388686 -0.014228
3.92 0.0038915 -0.0144283
3.925 0.00389541 -0.0146308
3.93 0.00389857 -0.0148356
3.935 0.00390096 -0.0150426
3.94 0.00390257 -0.0152519
3.945 0.00390338 -0.0154634
3.95 0.00390337 -0.0156773
3.955 0.00390252 -0.0158934
3.96 0.00390083 -0.0161119
3.965 0.00389826 -0.0163327
3.97 0.00389479 -0.0165559
3.975 0.00389042 -0.0167814
3.98 0.00388513 -0.0170094
3.985 0.00387888 -0.0172397
3.99 0.00387167 -0.0174725
3.995 0.00386348 -0.0177077
4 0.00385428 -0.0179453
4.005 0.00384405 -0.0181854
4.01 0.00383278 -0.018428
4.015 0.00382045 -0.0186731
4.02 0.00380703 -0.0189207
4.025 0.0037925 -0.0191708
4.03 0.00377685 -0.0194235
4.035 0.00376005 -0.0196787
4.04 0.00374208 -0.0199365
4.045 0.00372292 -0.0201968
4.05 0.00370256 -0.0204598
4.055 0.00368095 -0.0207254
4.06 0.0036581 -0.0209936
4.065 0.00363396 -0.0212644
4.07 0.00360853 -0.0215379
4.075 0.00358178 -0.0218141
4.08 0.00355368 -0.022093
4.085 0.00352421 -0.0223746
4.09 0.00349336 -0.0226588
4.095 0.00346109 -0.0229458
4.1 0.00342738 -0.0232356
4.105 0.00339222 -0.0235281
4.11 0.00335556 -0.0238234
4.115 0.00331741 -0.0241215
4.12 0.00327771 -0.0244224
4.125 0.00323647 -0.024726
4.13 0.00319364 -0.0250326
4.135 0.0031492 -0.0253419
4.14 0.00310313 -0.0256541
4.145 0.00305541 -0.0259692
4.15 0.00300601 -0.0262872
4.155 0.00295489 -0.026608
4.16 0.00290205 -0.0269318
4.165 0.00284745 -0.0272585
4.17 0.00279106 -0.0275881
4.175 0.00273286 -0.0279207
4.18 0.00267283 -0.0282562
4.185 0.00261093 -0.0285948
4.19 0.00254714 -0.0289363
4.195 0.00248144 -0.0292808
4.2 0.00241379 -0.0296283
4.205 0.00234417 -0.0299788
4.21 0.00227254 -0.0303324
4.215 0.0021989 -0.030689
4.22 0.0021232 -0.0310487
4.225 0.00204541 -0.0314115
4.23 0.00196552 -0.0317773
4.235 0.00188349 -0.0321463
4.24 0.00179929 -0.0325183
4.245 0.00171289 -0.0328935
4.25 0.00162427 -0.0332718
4.255 0.00153339 -0.0336533
4.26 0.00144024 -0.0340379
4.265 0.00134477 -0.0344257
4.27 0.00124696 -0.0348166
4.275 0.00114678 -0.0352108
4.28 0.0010442 -0.0356081
4.285 0.000939184 -0.0360087
4.29 0.000831711 -0.0364125
4.295 0.000721746 -0.0368195
4.3 0.000609261 -0.0372298
4.305 0.000494224 -0.0376433
4.31 0.000376605 -0.03806
4.315 0.000256372 -0.0384801
4.32 0.000133495 -0.0389034
4.325 7.94262e-06 -0.03933
4.33 -0.000120316 -0.03976
4.335 -0.000251313 -0.0401932
4.34 -0.000385079 -0.0406298
4.345 -0.000521647 -0.0410697
4.35 -0.000661047 -0.0415129
4.355 -0.000803312 -0.0419595
4.36 -0.000948474 -0.0424094
4.365 -0.00109657 -0.0428628
4.37 -0.00124762 -0.0433194
4.375 -0.00140167 -0.0437795
4.38 -0.00155874 -0.044243
4.385 -0.00171887 -0.0447099
4.39 -0.0018821 -0.0451801
4.395 -0.00204845 -0.0456538
4.4 -0.00221795 -0.0461309
4.405 -0.00239065 -0.0466115
4.41 -0.00256658 -0.0470955
4.415 -0.00274576 -0.0475829
4.42 -0.00292823 -0.0480738
4.425 -0.00311403 -0.0485682
4.43 -0.00330319 -0.049066
4.435 -0.00349574 -0.0495673
4.44 -0.00369172 -0.0500721
4.445 -0.00389116 -0.0505804
4.45 -0.00409409 -0.0510921
4.455 -0.00430055 -0.0516074
4.46 -0.00451058 -0.0521262
4.465 -0.00472421 -0.0526485
4.47 -0.00494147 -0.0531743
4.475 -0.00516239 -0.0537037
4.48 -0.00538702 -0.0542365
4.485 -0.00561539 -0.054773
4.49 -0.00584752 -0.0553129
4.495 -0.00608347 -0.0558564
4.5 -0.00632326 -0.0564035
4.505 -0.00656692 -0.0569541
4.51 -0.0068145 -0.0575083
4.515 -0.00706603 -0.058066
4.52 -0.00732154 -0.0586273
4.525 -0.00758107 -0.0591922
4.53 -0.00784465 -0.0597607
4.535 -0.00811233 -0.0603327
4.54 -0.00838413 -0.0609084
4.545 -0.00866009 -0.0614876
4.55 -0.00894025 -0.0620705
4.555 -0.00922464 -0.0626569
4.56 -0.00951331 -0.0632469
4.565 -0.00980628 -0.0638406
4.57 -0.0101036 -0.0644378
4.575 -0.0104053 -0.0650387
4.58 -0.0107114 -0.0656431
4.585 -0.0110219 -0.0662512
4.59 -0.011337 -0.0668629
4.595 -0.0116565 -0.0674783
4.6 -0.0119807 -0.0680972
4.605 -0.0123094 -0.0687198
4.61 -0.0126427 -0.069346
4.615 -0.0129808 -0.0699759
4.62 -0.0133235 -0.0706093
4.625 -0.013671 -0.0712464
4.63 -0.0140232 -0.0718872
4.635 -0.0143803 -0.0725315
4.64 -0.0147422 -0.0731796
4.645 -0.015109 -0.0738312
4.65 -0.0154807 -0.0744865
4.655 -0.0158574 -0.0751454
4.66 -0.0162391 -0.075808
4.665 -0.0166258 -0.0764742
4.67 -0.0170176 -0.077144
4.675 -0.0174145 -0.0778175
4.68 -0.0178166 -0.0784946
4.685 -0.0182238 -0.0791754
4.69 -0.0186363 -0.0798598
4.695 -0.019054 -0.0805478
4.7 -0.019477 -0.0812395
4.705 -0.0199054 -0.0819348
4.71 -0.0203391 -0.0826338
4.715 -0.0207782 -0.0833364
4.72 -0.0212228 -0.0840426
4.725 -0.0216728 -0.0847525
4.73 -0.0221284 -0.085466
4.735 -0.0225895 -0.0861831
4.74 -0.0230562 -0.0869039
4.745 -0.0235285 -0.0876283
4.75 -0.0240065 -0.0883563
4.755 -0.0244902 -0.0890879
4.76 -0.0249796 -0.0898232
4.765 -0.0254749 -0.0905621
4.77 -0.0259759 -0.0913046
4.775 -0.0264827 -0.0920507
4.78 -0.0269955 -0.0928005
4.785 -0.0275142 -0.0935538
4.79 -0.0280388 -0.0943108
4.795 -0.0285694 -0.0950713
4.8 -0.0291061 -0.0958355
4.805 -0.0296488 -0.0966032
4.81 -0.0301977 -0.0973746
4.815 -0.0307526 -0.0981496
4.82 -0.0313138 -0.0989281
4.825 -0.0318812 -0.0997102
4.83 -0.0324548 -0.100496
4.835 -0.0330347 -0.101285
4.84 -0.0336209 -0.102078
4.845 -0.0342135 -0.102875
4.85 -0.0348125 -0.103675
4.855 -0.035418 -0.104478
4.86 -0.0360299 -0.105285
4.865 -0.0366483 -0.106096
4.87 -0.0372732 -0.10691
4.875 -0.0379048 -0.107728
4.88 -0.0385429 -0.108549
4.885 -0.0391877 -0.109374
4.89 -0.0398392 -0.110202
4.895 -0.0404974 -0.111034
4.9 -0.0411624 -0.11187
4.905 -0.0418341 -0.112709
4.91 -0.0425127 -0.113551
4.915 -0.0431982 -0.114397
4.92 -0.0438906 -0.115246
4.925 -0.0445899 -0.116099
4.93 -0.0452961 -0.116956
4.935 -0.0460094 -0.117816
4.94 -0.0467297 -0.118679
4.945 -0.0474571 -0.119546
4.95 -0.0481916 -0.120416
4.955 -0.0489333 -0.12129
4.96 -0.0496821 -0.122167
4.965 -0.0504382 -0.123048
4.97 -0.0512015 -0.123932
4.975 -0.0519721 -0.12482
4.98 -0.0527501 -0.12571
4.985 -0.0535354 -0.126605
4.99 -0.054328 -0.127503
4.995 -0.0551281 -0.128404
5 -0.0559357 -0.129308
5.005 -0.0567508 -0.130216
5.01 -0.0575734 -0.131128
5.015 -0.0584035 -0.132042
5.02 -0.0592413 -0.132961
5.025 -0.0600866 -0.133882
5.03 -0.0609397 -0.134807
5.035 -0.0618004 -0.135735
5.04 -0.0626689 -0.136667
5.045 -0.0635451 -0.137601
5.05 -0.0644292 -0.13854
5.055 -0.0653211 -0.139481
5.06 -0.0662208 -0.140426
5.065 -0.0671284 -0.141374
5.07 -0.068044 -0.142325
5.075 -0.0689675 -0.14328
5.08 -0.0698991 -0.144238
5.085 -0.0708386 -0.145199
5.09 -0.0717862 -0.146163
5.095 -0.0727419 -0.147131
5.1 -0.0737058 -0.148102
5.105 -0.0746778 -0.149076
5.11 -0.0756579 -0.150054
5.115 -0.0766463 -0.151034
5.12 -0.077643 -0.152018
5.125 -0.0786479 -0.153005
5.13 -0.0796612 -0.153995
5.135 -0.0806828 -0.154989
5.14 -0.0817128 -0.155985
5.145 -0.0827512 -0.156985
5.15 -0.083798 -0.157988
5.155 -0.0848533 -0.158994
5.16 -0.0859171 -0.160003
5.165 -0.0869894 -0.161015
5.17 -0.0880703 -0.162031
5.175 -0.0891598 -0.163049
5.18 -0.0902579 -0.164071
5.185 -0.0913647 -0.165095
5.19 -0.0924801 -0.166123
5.195 -0.0936043 -0.167154
5.2 -0.0947372 -0.168188
5.205 -0.0958788 -0.169225
5.21 -0.0970293 -0.170265
5.215 -0.0981886 -0.171308
5.22 -0.0993567 -0.172354
5.225 -0.100534 -0.173403
5.23 -0.10172 -0.174455
5.235 -0.102915 -0.17551
5.24 -0.104118 -0.176567
5.245 -0.105331 -0.177628
5.25 -0.106553 -0.178692
5.255 -0.107784 -0.179759
5.26 -0.109024 -0.180829
5.265 -0.110273 -0.181901
5.27 -0.111532 -0.182977
5.275 -0.112799 -0.184055
5.28 -0.114076 -0.185137
5.285 -0.115361 -0.186221
5.29 -0.116656 -0.187308
5.295 -0.117961 -0.188398
5.3 -0.119274 -0.189491
5.305 -0.120597 -0.190586
5.31 -0.12193 -0.191685
5.315 -0.123271 -0.192786
5.32 -0.124622 -0.19389
5.325 -0.125983 -0.194997
5.33 -0.127353 -0.196106
5.335 -0.128732 -0.197218
5.34 -0.130121 -0.198333
5.345 -0.131519 -0.199451
5.35 -0.132927 -0.200572
5.355 -0.134345 -0.201695
5.36 -0.135772 -0.202821
5.365 -0.137209 -0.20395
5.37 -0.138655 -0.205081
5.375 -0.140111 -0.206215
5.38 -0.141577 -0.207351
5.385 -0.143052 -0.208491
5.39 -0.144537 -0.209632
5.395 -0.146032 -0.210777
5.4 -0.147536 -0.211924
5.405 -0.149051 -0.213074
5.41 -0.150575 -0.214226
5.415 -0.152109 -0.215381
5.42 -0.153653 -0.216538
5.425 -0.155207 -0.217698
5.43 -0.15677 -0.21886
5.435 -0.158344 -0.220025
5.44 -0.159927 -0.221192
5.445 -0.161521 -0.222362
5.45 -0.163124 -0.223534
5.455 -0.164738 -0.224709
5.46 -0.166361 -0.225886
5.465 -0.167995 -0.227066
5.47 -0.169638 -0.228248
5.475 -0.171292 -0.229432
5.48 -0.172955 -0.230619
5.485 -0.174629 -0.231808
5.49 -0.176313 -0.233
5.495 -0.178007 -0.234193
5.5 -0.179711 -0.23539
5.505 -0.181425 -0.236588
5.51 -0.18315 -0.237789
5.515 -0.184884 -0.238992
5.52 -0.186629 -0.240197
5.525 -0.188384 -0.241404
5.53 -0.19015 -0.242614
5.535 -0.191925 -0.243826
5.54 -0.193711 -0.24504
5.545 -0.195507 -0.246256
5.55 -0.197314 -0.247475
5.555 -0.19913 -0.248696
5.56 -0.200957 -0.249918
5.565 -0.202795 -0.251143
5.57 -0.204642 -0.25237
5.575 -0.2065 -0.253599
5.58 -0.208369 -0.25483
5.585 -0.210248 -0.256064
5.59 -0.212137 -0.257299
5.595 -0.214037 -0.258536
5.6 -0.215947 -0.259775
5.605 -0.217867 -0.261016
5.61 -0.219798 -0.26226
5.615 -0.221739 -0.263505
5.62 -0.223691 -0.264752
5.625 -0.225653 -0.266001
5.63 -0.227626 -0.267252
5.635 -0.229609 -0.268504
5.64 -0.231603 -0.269759
5.645 -0.233607 -0.271015
5.65 -0.235622 -0.272274
5.655 -0.237647 -0.273534
5.66 -0.239682 -0.274796
5.665 -0.241728 -0.276059
5.67 -0.243785 -0.277325
5.675 -0.245852 -0.278592
5.68 -0.24793 -0.279861
5.685 -0.250018 -0.281131
5.69 -0.252117 -0.282403
5.695 -0.254226 -0.283677
5.7 -0.256346 -0.284953
5.705 -0.258476 -0.28623
5.71 -0.260617 -0.287508
5.715 -0.262769 -0.288789
5.72 -0.264931 -0.29007
5.725 -0.267103 -0.291354
5.73 -0.269286 -0.292638
5.735 -0.27148 -0.293925
5.74 -0.273684 -0.295213
5.745 -0.275899 -0.296502
5.75 -0.278124 -0.297792
5.755 -0.28036 -0.299085
5.76 -0.282606 -0.300378
5.765 -0.284863 -0.301673
5.77 -0.287131 -0.302969
5.775 -0.289408 -0.304266
5.78 -0.291697 -0.305565
5.785 -0.293996 -0.306865
5.79 -0.296305 -0.308167
5.795 -0.298625 -0.309469
5.8 -0.300956 -0.310773
5.805 -0.303297 -0.312078
5.81 -0.305648 -0.313384
5.815 -0.30801 -0.314691
5.82 -0.310382 -0.315999
5.825 -0.312765 -0.317309
5.83 -0.315158 -0.318619
5.835 -0.317562 -0.319931
5.84 -0.319976 -0.321243
5.845 -0.322401 -0.322557
5.85 -0.324836 -0.323871
5.855 -0.327281 -0.325187
5.86 -0.329737 -0.326503
5.865 -0.332203 -0.32782
5.87 -0.33468 -0.329138
5.875 -0.337166 -0.330457
5.88 -0.339664 -0.331777
5.885 -0.342171 -0.333098
5.89 -0.344689 -0.334419
5.895 -0.347217 -0.335741
5.9 -0.349755 -0.337064
5.905 -0.352304 -0.338387
5.91 -0.354863 -0.339711
5.915 -0.357432 -0.341036
5.92 -0.360011 -0.342361
5.925 -0.3626 -0.343687
5.93 -0.3652 -0.345013
5.935 -0.367809 -0.34634
5.94 -0.370429 -0.347668
5.945 -0.373059 -0.348996
5.95 -0.375699 -0.350324
5.955 -0.378349 -0.351653
5.96 -0.381009 -0.352982
5.965 -0.383679 -0.354311
5.97 -0.386359 -0.355641
5.975 -0.389049 -0.356971
5.98 -0.391749 -0.358301
5.985 -0.394458 -0.359632
5.99 -0.397178 -0.360962
5.995 -0.399907 -0.362293
6 -0.402647 -0.363624
6.005 -0.405396 -0.364955
6.01 -0.408155 -0.366286
6.015 -0.410923 -0.367617
6.02 -0.413701 -0.368949
6.025 -0.416489 -0.37028
6.03 -0.419287 -0.371611
6.035 -0.422094 -0.372942
6.04 -0.42491 -0.374273
6.045 -0.427736 -0.375604
6.05 -0.430572 -0.376934
6.055 -0.433417 -0.378264
6.06 -0.436272 -0.379594
6.065 -0.439136 -0.380924
6.07 -0.442009 -0.382254
6.075 -0.444891 -0.383583
6.08 -0.447783 -0.384911
6.085 -0.450684 -0.38624
6.09 -0.453595 -0.387567
6.095 -0.456514 -0.388895
6.1 -0.459442 -0.390221
6.105 -0.46238 -0.391548
6.11 -0.465327 -0.392873
6.115 -0.468282 -0.394198
6.12 -0.471247 -0.395522
6.125 -0.47422 -0.396846
6.13 -0.477202 -0.398169
6.135 -0.480193 -0.399491
6.14 -0.483193 -0.400812
6.145 -0.486201 -0.402132
6.15 -0.489218 -0.403452
6.155 -0.492244 -0.40477
6.16 -0.495278 -0.406088
6.165 -0.498321 -0.407404
6.17 -0.501372 -0.40872
6.175 -0.504432 -0.410034
6.18 -0.507499 -0.411347
6.185 -0.510576 -0.412659
6.19 -0.51366 -0.41397
6.195 -0.516753 -0.415279
6.2 -0.519853 -0.416588
6.205 -0.522962 -0.417895
6.21 -0.526079 -0.4192
6.215 -0.529203 -0.420504
6.22 -0.532336 -0.421807
6.225 -0.535476 -0.423108
6.23 -0.538624 -0.424408
6.235 -0.54178 -0.425706
6.24 -0.544944 -0.427002
6.245 -0.548115 -0.428297
6.25 -0.551293 -0.42959
6.255 -0.554479 -0.430881
6.26 -0.557673 -0.432171
6.265 -0.560873 -0.433458
6.27 -0.564081 -0.434744
6.275 -0.567296 -0.436028
6.28 -0.570519 -0.43731
6.285 -0.573748 -0.43859
6.29 -0.576984 -0.439868
6.295 -0.580227 -0.441143
6.3 -0.583477 -0.442417
6.305 -0.586734 -0.443688
6.31 -0.589997 -0.444957
6.315 -0.593267 -0.446224
6.32 -0.596543 -0.447488
6.325 -0.599826 -0.44875
6.33 -0.603116 -0.45001
6.335 -0.606411 -0.451267
6.34 -0.609713 -0.452522
6.345 -0.613021 -0.453774
6.35 -0.616335 -0.455023
6.355 -0.619655 -0.45627
6.36 -0.622981 -0.457514
6.365 -0.626312 -0.458756
6.37 -0.62965 -0.459994
6.375 -0.632993 -0.46123
6.38 -0.636341 -0.462463
6.385 -0.639695 -0.463692
6.39 -0.643055 -0.464919
6.395 -0.646419 -0.466143
6.4 -0.649789 -0.467363
6.405 -0.653164 -0.468581
6.41 -0.656544 -0.469795
6.415 -0.659929 -0.471006
6.42 -0.663319 -0.472214
6.425 -0.666714 -0.473418
6.43 -0.670113 -0.474619
6.435 -0.673517 -0.475816
6.44 -0.676925 -0.47701
6.445 -0.680337 -0.478201
6.45 -0.683754 -0.479387
6.455 -0.687175 -0.48057
6.46 -0.6906 -0.48175
6.465 -0.694029 -0.482925
6.47 -0.697462 -0.484097
6.475 -0.700899 -0.485265
6.48 -0.704339 -0.486429
6.485 -0.707783 -0.487589
6.49 -0.711231 -0.488744
6.495 -0.714681 -0.489896
6.5 -0.718135 -0.491044
6.505 -0.721592 -0.492187
6.51 -0.725052 -0.493326
6.515 -0.728515 -0.494461
6.52 -0.731981 -0.495591
6.525 -0.73545 -0.496717
6.53 -0.738921 -0.497839
6.535 -0.742394 -0.498956
6.54 -0.74587 -0.500068
6.545 -0.749349 -0.501176
6.55 -0.752829 -0.502279
6.555 -0.756311 -0.503377
6.56 -0.759795 -0.50447
6.565 -0.763282 -0.505559
6.57 -0.766769 -0.506642
6.575 -0.770258 -0.507721
6.58 -0.773749 -0.508794
6.585 -0.777241 -0.509863
6.59 -0.780734 -0.510926
6.595 -0.784229 -0.511984
6.6 -0.787724 -0.513036
6.605 -0.79122 -0.514084
6.61 -0.794716 -0.515126
6.615 -0.798214 -0.516162
6.62 -0.801711 -0.517193
6.625 -0.805209 -0.518218
6.63 -0.808707 -0.519238
6.635 -0.812206 -0.520252
6.64 -0.815704 -0.52126
6.645 -0.819202 -0.522263
6.65 -0.822699 -0.523259
6.655 -0.826196 -0.52425
6.66 -0.829693 -0.525234
6.665 -0.833189 -0.526213
6.67 -0.836684 -0.527185
6.675 -0.840178 -0.528152
6.68 -0.84367 -0.529111
6.685 -0.847162 -0.530065
6.69 -0.850652 -0.531012
6.695 -0.85414 -0.531953
6.7 -0.857627 -0.532888
6.705 -0.861112 -0.533815
6.71 -0.864595 -0.534737
6.715 -0.868076 -0.535651
6.72 -0.871554 -0.536559
6.725 -0.87503 -0.53746
6.73 -0.878504 -0.538354
6.735 -0.881975 -0.539241
6.74 -0.885443 -0.540121
6.745 -0.888908 -0.540994
6.75 -0.89237 -0.54186
6.755 -0.895828 -0.542719
6.76 -0.899283 -0.543571
6.765 -0.902735 -0.544415
6.77 -0.906183 -0.545252
6.775 -0.909627 -0.546081
6.78 -0.913067 -0.546903
6.785 -0.916502 -0.547718
6.79 -0.919933 -0.548525
6.795 -0.92336 -0.549324
6.8 -0.926782 -0.550115
6.805 -0.9302 -0.550899
6.81 -0.933612 -0.551674
6.815 -0.937019 -0.552442
6.82 -0.940421 -0.553202
6.825 -0.943817 -0.553954
6.83 -0.947208 -0.554697
6.835 -0.950593 -0.555432
6.84 -0.953972 -0.55616
6.845 -0.957345 -0.556878
6.85 -0.960712 -0.557589
6.855 -0.964072 -0.558291
6.86 -0.967426 -0.558984
6.865 -0.970773 -0.559669
6.87 -0.974113 -0.560345
6.875 -0.977446 -0.561013
6.88 -0.980772 -0.561671
6.885 -0.98409 -0.562321
6.89 -0.987401 -0.562962
6.895 -0.990704 -0.563594
6.9 -0.993999 -0.564217
6.905 -0.997286 -0.564831
6.91 -1.00056 -0.565436
6.915 -1.00383 -0.566032
6.92 -1.0071 -0.566618
6.925 -1.01035 -0.567195
6.93 -1.01359 -0.567762
6.935 -1.01683 -0.56832
6.94 -1.02005 -0.568869
6.945 -1.02327 -0.569408
6.95 -1.02648 -0.569937
6.955 -1.02967 -0.570456
6.96 -1.03286 -0.570966
6.965 -1.03604 -0.571466
6.97 -1.0392 -0.571956
6.975 -1.04236 -0.572436
6.98 -1.0455 -0.572906
6.985 -1.04864 -0.573365
6.99 -1.05176 -0.573815
6.995 -1.05487 -0.574254
7 -1.05797 -0.574683
7.005 -1.06106 -0.575102
7.01 -1.06414 -0.57551
7.015 -1.0672 -0.575908
7.02 -1.07025 -0.576295
7.025 -1.07329 -0.576672
7.03 -1.07632 -0.577037
7.035 -1.07934 -0.577393
7.04 -1.08234 -0.577737
7.045 -1.08533 -0.57807
7.05 -1.0883 -0.578393
7.055 -1.09127 -0.578704
7.06 -1.09422 -0.579005
7.065 -1.09715 -0.579294
7.07 -1.10007 -0.579572
7.075 -1.10298 -0.579839
7.08 -1.10587 -0.580095
7.085 -1.10875 -0.580339
7.09 -1.11161 -0.580572
7.095 -1.11446 -0.580793
7.1 -1.11729 -0.581003
7.105 -1.12011 -0.581201
7.11 -1.12291 -0.581388
7.115 -1.1257 -0.581563
7.12 -1.12847 -0.581726
7.125 -1.13123 -0.581877
7.13 -1.13397 -0.582016
7.135 -1.13669 -0.582143
7.14 -1.13939 -0.582259
7.145 -1.14208 -0.582362
7.15 -1.14475 -0.582453
7.155 -1.14741 -0.582532
7.16 -1.15004 -0.582598
7.165 -1.15266 -0.582653
7.17 -1.15527 -0.582695
7.175 -1.15785 -0.582724
7.18 -1.16041 -0.582741
7.185 -1.16296 -0.582745
7.19 -1.16549 -0.582737
7.195 -1.168 -0.582717
7.2 -1.17049 -0.582683
7.205 -1.17296 -0.582637
7.21 -1.17542 -0.582578
7.215 -1.17785 -0.582506
7.22 -1.18026 -0.582421
7.225 -1.18265 -0.582323
7.23 -1.18503 -0.582212
7.235 -1.18738 -0.582088
7.24 -1.18971 -0.581951
7.245 -1.19203 -0.5818
7.25 -1.19432 -0.581637
7.255 -1.19659 -0.58146
7.26 -1.19884 -0.581269
7.265 -1.20106 -0.581065
7.27 -1.20327 -0.580848
7.275 -1.20545 -0.580618
7.28 -1.20761 -0.580373
7.285 -1.20975 -0.580115
7.29 -1.21187 -0.579844
7.295 -1.21397 -0.579559
7.3 -1.21604 -0.57926
7.305 -1.21809 -0.578947
7.31 -1.22011 -0.57862
7.315 -1.22211 -0.578279
7.32 -1.22409 -0.577925
7.325 -1.22605 -0.577556
7.33 -1.22798 -0.577174
7.335 -1.22989 -0.576777
7.34 -1.23177 -0.576366
7.345 -1.23363 -0.575941
7.35 -1.23546 -0.575502
7.355 -1.23727 -0.575048
7.36 -1.23905 -0.57458
7.365 -1.24081 -0.574098
7.37 -1.24255 -0.573601
7.375 -1.24425 -0.57309
7.38 -1.24593 -0.572565
7.385 -1.24759 -0.572025
7.39 -1.24922 -0.57147
7.395 -1.25082 -0.5709
7.4 -1.2524 -0.570316
7.405 -1.25395 -0.569718
7.41 -1.25547 -0.569104
7.415 -1.25697 -0.568476
7.42 -1.25844 -0.567833
7.425 -1.25988 -0.567175
7.43 -1.26129 -0.566503
7.435 -1.26267 -0.565815
7.44 -1.26403 -0.565112
7.445 -1.26536 -0.564395
7.45 -1.26666 -0.563662
7.455 -1.26793 -0.562914
7.46 -1.26918 -0.562152
7.465 -1.27039 -0.561374
7.47 -1.27158 -0.56058
7.475 -1.27273 -0.559772
7.48 -1.27386 -0.558949
7.485 -1.27496 -0.55811
7.49 -1.27602 -0.557256
7.495 -1.27706 -0.556386
7.5 -1.27807 -0.555502
7.505 -1.27905 -0.554602
7.51 -1.27999 -0.553686
7.515 -1.28091 -0.552755
7.52 -1.28179 -0.551809
7.525 -1.28264 -0.550847
7.53 -1.28347 -0.549869
7.535 -1.28426 -0.548876
7.54 -1.28502 -0.547868
7.545 -1.28575 -0.546844
7.55 -1.28644 -0.545804
7.555 -1.2871 -0.544749
7.56 -1.28774 -0.543678
7.565 -1.28834 -0.542591
7.57 -1.2889 -0.541489
7.575 -1.28944 -0.540371
7.58 -1.28994 -0.539237
7.585 -1.29041 -0.538088
7.59 -1.29084 -0.536922
7.595 -1.29124 -0.535741
7.6 -1.29161 -0.534544
7.605 -1.29194 -0.533332
7.61 -1.29225 -0.532103
7.615 -1.29251 -0.530859
7.62 -1.29274 -0.529599
7.625 -1.29294 -0.528323
7.63 -1.29311 -0.527031
7.635 -1.29324 -0.525723
7.64 -1.29333 -0.5244
7.645 -1.29339 -0.52306
7.65 -1.29342 -0.521705
7.655 -1.29341 -0.520333
7.66 -1.29336 -0.518946
7.665 -1.29328 -0.517543
7.67 -1.29316 -0.516123
7.675 -1.29301 -0.514688
7.68 -1.29282 -0.513237
7.685 -1.2926 -0.51177
7.69 -1.29234 -0.510287
7.695 -1.29204 -0.508788
7.7 -1.29171 -0.507273
7.705 -1.29134 -0.505742
7.71 -1.29093 -0.504195
7.715 -1.29049 -0.502633
7.72 -1.29001 -0.501054
7.725 -1.28949 -0.499459
7.73 -1.28894 -0.497849
7.735 -1.28834 -0.496222
7.74 -1.28771 -0.49458
7.745 -1.28705 -0.492921
7.75 -1.28634 -0.491247
7.755 -1.2856 -0.489557
7.76 -1.28482 -0.487851
7.765 -1.284 -0.486129
7.77 -1.28315 -0.484391
7.775 -1.28225 -0.482637
7.78 -1.28132 -0.480867
7.785 -1.28035 -0.479082
7.79 -1.27934 -0.477281
7.795 -1.27829 -0.475463
7.8 -1.2772 -0.473631
7.805 -1.27608 -0.471782
7.81 -1.27491 -0.469918
7.815 -1.27371 -0.468037
7.82 -1.27246 -0.466142
7.825 -1.27118 -0.46423
7.83 -1.26986 -0.462303
7.835 -1.2685 -0.46036
7.84 -1.2671 -0.458401
7.845 -1.26566 -0.456427
7.85 -1.26417 -0.454437
7.855 -1.26265 -0.452432
7.86 -1.26109 -0.450411
7.865 -1.25949 -0.448375
7.87 -1.25785 -0.446323
7.875 -1.25617 -0.444256
7.88 -1.25445 -0.442173
7.885 -1.25269 -0.440075
7.89 -1.25089 -0.437962
7.895 -1.24905 -0.435833
7.9 -1.24716 -0.433689
7.905 -1.24524 -0.43153
7.91 -1.24328 -0.429356
7.915 -1.24127 -0.427166
7.92 -1.23923 -0.424962
7.925 -1.23714 -0.422742
7.93 -1.23501 -0.420507
7.935 -1.23284 -0.418257
7.94 -1.23064 -0.415993
7.945 -1.22838 -0.413713
7.95 -1.22609 -0.411418
7.955 -1.22376 -0.409109
7.96 -1.22139 -0.406785
7.965 -1.21897 -0.404446
7.97 -1.21652 -0.402092
7.975 -1.21402 -0.399724
7.98 -1.21148 -0.397341
7.985 -1.2089 -0.394943
7.99 -1.20628 -0.392531
7.995 -1.20361 -0.390105
8 -1.20091 -0.387664
8.005 -1.19816 -0.385209
8.01 -1.19537 -0.38274
8.015 -1.19254 -0.380256
8.02 -1.18967 -0.377759
8.025 -1.18676 -0.375247
8.03 -1.18381 -0.372721
8.035 -1.18081 -0.370181
8.04 -1.17777 -0.367627
8.045 -1.17469 -0.36506
8.05 -1.17157 -0.362478
8.055 -1.16841 -0.359883
8.06 -1.1652 -0.357275
8.065 -1.16196 -0.354652
8.07 -1.15867 -0.352016
8.075 -1.15534 -0.349367
8.08 -1.15197 -0.346704
8.085 -1.14856 -0.344028
8.09 -1.1451 -0.341339
8.095 -1.14161 -0.338636
8.1 -1.13807 -0.335921
8.105 -1.13449 -0.333192
8.11 -1.13087 -0.330451
8.115 -1.12721 -0.327696
8.12 -1.1235 -0.324929
8.125 -1.11976 -0.322149
8.13 -1.11597 -0.319357
8.135 -1.11214 -0.316552
8.14 -1.10827 -0.313734
8.145 -1.10436 -0.310904
8.15 -1.10041 -0.308062
8.155 -1.09641 -0.305207
8.16 -1.09238 -0.302341
8.165 -1.0883 -0.299462
8.17 -1.08419 -0.296572
8.175 -1.08003 -0.293669
8.18 -1.07583 -0.290755
8.185 -1.07159 -0.287829
8.19 -1.06731 -0.284891
8.195 -1.06298 -0.281942
8.2 -1.05862 -0.278982
8.205 -1.05422 -0.27601
8.21 -1.04977 -0.273027
8.215 -1.04529 -0.270033
8.22 -1.04076 -0.267028
8.225 -1.0362 -0.264012
8.23 -1.03159 -0.260985
8.235 -1.02694 -0.257947
8.24 -1.02226 -0.254899
8.245 -1.01753 -0.25184
8.25 -1.01276 -0.248771
8.255 -1.00796 -0.245692
8.26 -1.00311 -0.242602
8.265 -0.998225 -0.239502
8.27 -0.993299 -0.236392
8.275 -0.988334 -0.233273
8.28 -0.983329 -0.230143
8.285 -0.978286 -0.227004
8.29 -0.973203 -0.223855
8.295 -0.968081 -0.220697
8.3 -0.96292 -0.217529
8.305 -0.95772 -0.214353
8.31 -0.952481 -0.211167
8.315 -0.947204 -0.207972
8.32 -0.941889 -0.204768
8.325 -0.936535 -0.201556
8.33 -0.931143 -0.198335
8.335 -0.925713 -0.195105
8.34 -0.920245 -0.191867
8.345 -0.914739 -0.188621
8.35 -0.909196 -0.185366
8.355 -0.903615 -0.182104
8.36 -0.897997 -0.178833
8.365 -0.892342 -0.175555
8.37 -0.88665 -0.172269
8.375 -0.88092 -0.168976
8.38 -0.875155 -0.165675
8.385 -0.869352 -0.162367
8.39 -0.863513 -0.159052
8.395 -0.857638 -0.15573
8.4 -0.851727 -0.1524
8.405 -0.845781 -0.149065
8.41 -0.839798 -0.145722
8.415 -0.83378 -0.142373
8.42 -0.827727 -0.139018
8.425 -0.821638 -0.135656
8.43 -0.815515 -0.132289
8.435 -0.809356 -0.128915
8.44 -0.803164 -0.125536
8.445 -0.796936 -0.12215
8.45 -0.790675 -0.11876
8.455 -0.78438 -0.115364
8.46 -0.778051 -0.111962
8.465 -0.771688 -0.108556
8.47 -0.765292 -0.105145
8.475 -0.758863 -0.101729
8.48 -0.7524 -0.0983077
8.485 -0.745906 -0.0948823
8.49 -0.739378 -0.0914525
8.495 -0.732819 -0.0880184
8.5 -0.726227 -0.0845803
8.505 -0.719603 -0.0811382
8.51 -0.712948 -0.0776923
8.515 -0.706261 -0.0742427
8.52 -0.699544 -0.0707896
8.525 -0.692795 -0.0673332
8.53 -0.686016 -0.0638736
8.535 -0.679206 -0.0604109
8.54 -0.672366 -0.0569453
8.545 -0.665496 -0.0534769
8.55 -0.658597 -0.050006
8.555 -0.651668 -0.0465326
8.56 -0.64471 -0.043057
8.565 -0.637722 -0.0395792
8.57 -0.630707 -0.0360994
8.575 -0.623663 -0.0326178
8.58 -0.61659 -0.0291346
8.585 -0.60949 -0.0256499
8.59 -0.602362 -0.0221638
8.595 -0.595207 -0.0186765
8.6 -0.588025 -0.0151882
8.605 -0.580816 -0.0116991
8.61 -0.573581 -0.00820924
8.615 -0.566319 -0.00471886
8.62 -0.559032 -0.0012281
8.625 -0.551719 0.00226287
8.63 -0.54438 0.00575389
8.635 -0.537017 0.0092448
8.64 -0.529628 0.0127354
8.645 -0.522215 0.0162256
8.65 -0.514778 0.0197152
8.655 -0.507318 0.023204
8.66 -0.499833 0.0266918
8.665 -0.492326 0.0301786
8.67 -0.484795 0.033664
8.675 -0.477242 0.0371481
8.68 -0.469666 0.0406305
8.685 -0.462069 0.0441111
8.69 -0.454449 0.0475898
8.695 -0.446809 0.0510663
8.7 -0.439147 0.0545406
8.705 -0.431465 0.0580124
8.71 -0.423762 0.0614816
8.715 -0.416039 0.0649479
8.72 -0.408297 0.0684113
8.725 -0.400535 0.0718716
8.73 -0.392754 0.0753285
8.735 -0.384954 0.0787819
8.74 -0.377136 0.0822316
8.745 -0.3693 0.0856776
8.75 -0.361446 0.0891195
8.755 -0.353575 0.0925572
8.76 -0.345686 0.0959905
8.765 -0.337782 0.0994193
8.77 -0.32986 0.102843
8.775 -0.321923 0.106263
8.78 -0.313971 0.109677
8.785 -0.306003 0.113086
8.79 -0.29802 0.116489
8.795 -0.290023 0.119887
8.8 -0.282012 0.123279
8.805 -0.273986 0.126665
8.81 -0.265948 0.130046
8.815 -0.257896 0.133419
8.82 -0.249832 0.136787
8.825 -0.241756 0.140147
8.83 -0.233667 0.143501
8.835 -0.225568 0.146848
8.84 -0.217457 0.150187
8.845 -0.209335 0.15352
8.85 -0.201203 0.156844
8.855 -0.193061 0.160161
8.86 -0.184909 0.163471
8.865 -0.176748 0.166772
8.87 -0.168578 0.170064
8.875 -0.1604 0.173349
8.88 -0.152214 0.176624
8.885 -0.14402 0.179891
8.89 -0.135819 0.183149
8.895 -0.127611 0.186398
8.9 -0.119397 0.189638
8.905 -0.111176 0.192868
8.91 -0.10295 0.196088
8.915 -0.094719 0.199298
8.92 -0.086483 0.202499
8.925 -0.0782425 0.205689
8.93 -0.0699981 0.208869
8.935 -0.0617501 0.212038
8.94 -0.0534989 0.215197
8.945 -0.0452449 0.218344
8.95 -0.0369886 0.221481
8.955 -0.0287304 0.224606
8.96 -0.0204707 0.227719
8.965 -0.0122099 0.230822
8.97 -0.00394844 0.233912
8.975 0.00431326 0.23699
8.98 0.0125748 0.240056
8.985 0.0208357 0.24311
8.99 0.0290956 0.246151
8.995 0.037354 0.24918
9 0.0456106 0.252195
9.005 0.0538648 0.255198
9.01 0.0621162 0.258188
9.015 0.0703645 0.261164
9.02 0.0786092 0.264126
9.025 0.0868498 0.267075
9.03 0.095086 0.27001
9.035 0.103317 0.27293
9.04 0.111543 0.275837
9.045 0.119763 0.278729
9.05 0.127977 0.281606
9.055 0.136184 0.284469
9.06 0.144384 0.287316
9.065 0.152577 0.290149
9.07 0.160762 0.292966
9.075 0.168938 0.295768
9.08 0.177105 0.298554
9.085 0.185263 0.301325
9.09 0.193411 0.304079
9.095 0.201549 0.306817
9.1 0.209676 0.309539
9.105 0.217793 0.312245
9.11 0.225897 0.314934
9.115 0.23399 0.317606
9.12 0.24207 0.320261
9.125 0.250138 0.322899
9.13 0.258192 0.325519
9.135 0.266232 0.328122
9.14 0.274258 0.330708
9.145 0.282269 0.333276
9.15 0.290266 0.335825
9.155 0.298246 0.338357
9.16 0.306211 0.340871
9.165 0.314159 0.343366
9.17 0.32209 0.345842
9.175 0.330004 0.3483
9.18 0.3379 0.350738
9.185 0.345778 0.353158
9.19 0.353637 0.355559
9.195 0.361477 0.35794
9.2 0.369297 0.360301
9.205 0.377097 0.362643
9.21 0.384876 0.364965
9.215 0.392635 0.367267
9.22 0.400372 0.369549
9.225 0.408087 0.371811
9.23 0.41578 0.374052
9.235 0.42345 0.376272
9.24 0.431097 0.378472
9.245 0.43872 0.380651
9.25 0.446319 0.382809
9.255 0.453894 0.384946
9.26 0.461443 0.387061
9.265 0.468967 0.389155
9.27 0.476465 0.391228
9.275 0.483937 0.393279
9.28 0.491382 0.395307
9.285 0.498799 0.397314
9.29 0.506189 0.399299
9.295 0.513551 0.401261
9.3 0.520884 0.403201
9.305 0.528188 0.405118
9.31 0.535462 0.407012
9.315 0.542707 0.408884
9.32 0.549921 0.410733
9.325 0.557104 0.412559
9.33 0.564256 0.414361
9.335 0.571377 0.41614
9.34 0.578465 0.417896
9.345 0.585521 0.419628
9.35 0.592543 0.421336
9.355 0.599533 0.42302
9.36 0.606488 0.42468
9.365 0.613409 0.426317
9.37 0.620296 0.427929
9.375 0.627147 0.429516
9.38 0.633962 0.431079
9.385 0.640742 0.432618
9.39 0.647485 0.434132
9.395 0.654191 0.435621
9.4 0.66086 0.437085
9.405 0.667491 0.438524
9.41 0.674084 0.439938
9.415 0.680638 0.441327
9.42 0.687154 0.44269
9.425 0.69363 0.444028
9.43 0.700066 0.445341
9.435 0.706462 0.446627
9.44 0.712817 0.447888
9.445 0.719132 0.449123
9.45 0.725404 0.450332
9.455 0.731635 0.451515
9.46 0.737824 0.452671
9.465 0.74397 0.453802
9.47 0.750072 0.454906
9.475 0.756132 0.455983
9.48 0.762147 0.457034
9.485 0.768118 0.458059
9.49 0.774045 0.459056
9.495 0.779926 0.460027
9.5 0.785762 0.460971
9.505 0.791552 0.461888
9.51 0.797295 0.462778
9.515 0.802992 0.463641
9.52 0.808642 0.464476
9.525 0.814245 0.465284
9.53 0.8198 0.466065
9.535 0.825307 0.466818
9.54 0.830765 0.467544
9.545 0.836174 0.468242
9.55 0.841534 0.468913
9.555 0.846844 0.469555
9.56 0.852104 0.47017
9.565 0.857314 0.470757
9.57 0.862473 0.471316
9.575 0.867582 0.471848
9.58 0.872638 0.472351
9.585 0.877643 0.472825
9.59 0.882596 0.473272
9.595 0.887496 0.473691
9.6 0.892343 0.474081
9.605 0.897137 0.474443
9.61 0.901878 0.474776
9.615 0.906564 0.475081
9.62 0.911197 0.475358
9.625 0.915775 0.475606
9.63 0.920298 0.475826
9.635 0.924766 0.476017
9.64 0.929178 0.476179
9.645 0.933535 0.476312
9.65 0.937835 0.476417
9.655 0.942079 0.476493
9.66 0.946266 0.47654
9.665 0.950396 0.476559
9.67 0.954469 0.476548
9.675 0.958483 0.476509
9.68 0.96244 0.476441
9.685 0.966339 0.476344
9.69 0.970179 0.476218
9.695 0.97396 0.476063
9.7 0.977682 0.475879
9.705 0.981344 0.475665
9.71 0.984947 0.475423
9.715 0.98849 0.475152
9.72 0.991972 0.474852
9.725 0.995394 0.474523
9.73 0.998755 0.474165
9.735 1.00206 0.473777
9.74 1.00529 0.473361
9.745 1.00847 0.472915
9.75 1.01159 0.472441
9.755 1.01464 0.471937
9.76 1.01763 0.471404
9.765 1.02056 0.470842
9.77 1.02342 0.470252
9.775 1.02623 0.469632
9.78 1.02896 0.468983
9.785 1.03164 0.468305
9.79 1.03425 0.467598
9.795 1.0368 0.466862
9.8 1.03928 0.466097
9.805 1.0417 0.465303
9.81 1.04406 0.46448
9.815 1.04635 0.463629
9.82 1.04857 0.462748
9.825 1.05073 0.461839
9.83 1.05282 0.4609
9.835 1.05485 0.459933
9.84 1.05681 0.458938
9.845 1.05871 0.457913
9.85 1.06054 0.45686
9.855 1.0623 0.455778
9.86 1.064 0.454668
9.865 1.06563 0.453529
9.87 1.0672 0.452361
9.875 1.06869 0.451166
9.88 1.07012 0.449941
9.885 1.07149 0.448689
9.89 1.07278 0.447408
9.895 1.07401 0.446099
9.9 1.07517 0.444761
9.905 1.07626 0.443396
9.91 1.07728 0.442002
9.915 1.07824 0.440581
9.92 1.07913 0.439131
9.925 1.07995 0.437654
9.93 1.0807 0.436149
9.935 1.08138 0.434616
9.94 1.08199 0.433056
9.945 1.08254 0.431468
9.95 1.08301 0.429852
9.955 1.08342 0.428209
9.96 1.08376 0.426539
9.965 1.08403 0.424842
9.97 1.08423 0.423117
9.975 1.08436 0.421365
9.98 1.08442 0.419586
9.985 1.08441 0.417781
9.99 1.08433 0.415948
9.995 1.08419 0.414089
10 1.08397 0.412203
10.005 1.08368 0.410291
10.01 1.08333 0.408352
10.015 1.0829 0.406387
10.02 1.08241 0.404396
10.025 1.08184 0.402379
10.03 1.08121 0.400336
10.035 1.0805 0.398267
10.04 1.07973 0.396172
10.045 1.07888 0.394051
10.05 1.07797 0.391905
10.055 1.07699 0.389734
10.06 1.07593 0.387537
10.065 1.07481 0.385315
10.07 1.07362 0.383068
10.075 1.07235 0.380796
10.08 1.07102 0.378499
10.085 1.06962 0.376178
10.09 1.06815 0.373832
10.095 1.06661 0.371462
10.1 1.065 0.369067
10.105 1.06332 0.366648
10.11 1.06157 0.364206
10.115 1.05975 0.361739
10.12 1.05786 0.359249
10.125 1.0559 0.356735
10.13 1.05387 0.354198
10.135 1.05178 0.351637
10.14 1.04961 0.349054
10.145 1.04738 0.346447
10.15 1.04507 0.343818
10.155 1.0427 0.341166
10.16 1.04026 0.338491
10.165 1.03775 0.335794
10.17 1.03518 0.333075
10.175 1.03253 0.330334
10.18 1.02982 0.327571
10.185 1.02703 0.324787
10.19 1.02418 0.321981
10.195 1.02127 0.319153
10.2 1.01828 0.316305
10.205 1.01523 0.313435
10.21 1.01211 0.310545
10.215 1.00892 0.307633
10.22 1.00567 0.304702
10.225 1.00234 0.30175
10.23 0.998956 0.298778
10.235 0.995502 0.295786
10.24 0.991981 0.292774
10.245 0.988394 0.289743
10.25 0.98474 0.286693
10.255 0.981021 0.283623
10.26 0.977237 0.280534
10.265 0.973387 0.277427
10.27 0.969472 0.2743
10.275 0.965492 0.271156
10.28 0.961447 0.267993
10.285 0.957338 0.264812
10.29 0.953164 0.261614
10.295 0.948926 0.258398
10.3 0.944625 0.255164
10.305 0.94026 0.251913
10.31 0.935831 0.248645
10.315 0.93134 0.245361
10.32 0.926785 0.24206
10.325 0.922168 0.238742
10.33 0.917489 0.235408
10.335 0.912748 0.232059
10.34 0.907945 0.228694
10.345 0.903081 0.225313
10.35 0.898155 0.221917
10.355 0.893168 0.218505
10.36 0.888121 0.215079
10.365 0.883014 0.211639
10.37 0.877846 0.208184
10.375 0.872619 0.204714
10.38 0.867333 0.201231
10.385 0.861987 0.197734
10.39 0.856583 0.194224
10.395 0.85112 0.1907
10.4 0.845599 0.187164
10.405 0.840021 0.183614
10.41 0.834385 0.180052
10.415 0.828692 0.176478
10.42 0.822942 0.172891
10.425 0.817136 0.169293
10.43 0.811274 0.165683
10.435 0.805357 0.162062
10.44 0.799384 0.158429
10.445 0.793356 0.154786
10.45 0.787273 0.151132
10.455 0.781137 0.147468
10.46 0.774947 0.143793
10.465 0.768703 0.140108
10.47 0.762407 0.136414
10.475 0.756057 0.132711
10.48 0.749656 0.128998
10.485 0.743203 0.125276
10.49 0.736699 0.121546
10.495 0.730143 0.117807
10.5 0.723538 0.11406
10.505 0.716882 0.110305
10.51 0.710176 0.106543
10.515 0.703421 0.102773
10.52 0.696617 0.098996
10.525 0.689765 0.0952121
10.53 0.682865 0.0914215
10.535 0.675918 0.0876246
10.54 0.668924 0.0838216
10.545 0.661883 0.0800127
10.55 0.654796 0.0761983
10.555 0.647663 0.0723785
10.56 0.640485 0.0685537
10.565 0.633262 0.0647241
10.57 0.625995 0.0608899
10.575 0.618685 0.0570515
10.58 0.611331 0.0532091
10.585 0.603934 0.0493629
10.59 0.596495 0.0455133
10.595 0.589015 0.0416605
10.6 0.581493 0.0378047
10.605 0.57393 0.0339463
10.61 0.566327 0.0300855
10.615 0.558684 0.0262226
10.62 0.551002 0.0223578
10.625 0.543281 0.0184915
10.63 0.535522 0.0146238
10.635 0.527725 0.0107551
10.64 0.519891 0.00688565
10.645 0.51202 0.00301569
10.65 0.504113 -0.000854487
10.655 0.496171 -0.00472461
10.66 0.488193 -0.00859441
10.665 0.480181 -0.0124636
10.67 0.472135 -0.0163319
10.675 0.464056 -0.0201991
10.68 0.455943 -0.0240649
10.685 0.447799 -0.0279289
10.69 0.439622 -0.031791
10.695 0.431415 -0.0356508
10.7 0.423177 -0.0395081
10.705 0.414908 -0.0433626
10.71 0.406611 -0.047214
10.715 0.398284 -0.0510621
10.72 0.389929 -0.0549065
10.725 0.381546 -0.0587471
10.73 0.373136 -0.0625834
10.735 0.364699 -0.0664153
10.74 0.356236 -0.0702424
10.745 0.347748 -0.0740646
10.75 0.339235 -0.0778814
10.755 0.330698 -0.0816927
10.76 0.322137 -0.0854982
10.765 0.313553 -0.0892975
10.77 0.304947 -0.0930904
10.775 0.296319 -0.0968767
10.78 0.287669 -0.100656
10.785 0.278999 -0.104428
10.79 0.270309 -0.108193
10.795 0.261599 -0.11195
10.8 0.252871 -0.115698
10.805 0.244124 -0.119439
10.81 0.23536 -0.123171
10.815 0.226579 -0.126894
10.82 0.217781 -0.130608
10.825 0.208968 -0.134312
10.83 0.20014 -0.138007
10.835 0.191297 -0.141692
10.84 0.18244 -0.145366
10.845 0.173571 -0.14903
10.85 0.164688 -0.152684
10.855 0.155794 -0.156326
10.86 0.146889 -0.159957
10.865 0.137973 -0.163576
10.87 0.129047 -0.167184
10.875 0.120111 -0.170779
10.88 0.111167 -0.174362
10.885 0.102215 -0.177932
10.89 0.093255 -0.18149
10.895 0.0842885 -0.185034
10.9 0.0753159 -0.188565
10.905 0.0663378 -0.192082
10.91 0.0573549 -0.195585
10.915 0.0483678 -0.199073
10.92 0.0393771 -0.202548
10.925 0.0303836 -0.206007
10.93 0.0213879 -0.209452
10.935 0.0123906 -0.212881
10.94 0.0033924 -0.216294
10.945 -0.00560605 -0.219692
10.95 -0.0146041 -0.223074
10.955 -0.0236011 -0.226439
10.96 -0.0325963 -0.229788
10.965 -0.0415892 -0.23312
10.97 -0.050579 -0.236435
10.975 -0.0595651 -0.239732
10.98 -0.0685468 -0.243012
10.985 -0.0775235 -0.246274
10.99 -0.0864945 -0.249518
10.995 -0.0954592 -0.252744
11 -0.104417 -0.255951
11.005 -0.113367 -0.259139
11.01 -0.122308 -0.262308
11.015 -0.131241 -0.265458
11.02 -0.140164 -0.268588
11.025 -0.149076 -0.271699
11.03 -0.157978 -0.274789
11.035 -0.166868 -0.277859
11.04 -0.175745 -0.280909
11.045 -0.18461 -0.283937
11.05 -0.193461 -0.286945
11.055 -0.202298 -0.289932
11.06 -0.211119 -0.292897
11.065 -0.219925 -0.29584
11.07 -0.228715 -0.298761
11.075 -0.237488 -0.30166
11.08 -0.246243 -0.304537
11.085 -0.25498 -0.307391
11.09 -0.263698 -0.310223
11.095 -0.272396 -0.313031
11.1 -0.281074 -0.315816
11.105 -0.289731 -0.318578
11.11 -0.298367 -0.321315
11.115 -0.30698 -0.324029
11.12 -0.31557 -0.326719
11.125 -0.324137 -0.329384
11.13 -0.33268 -0.332025
11.135 -0.341198 -0.334641
11.14 -0.34969 -0.337232
11.145 -0.358157 -0.339798
11.15 -0.366596 -0.342338
11.155 -0.375008 -0.344853
11.16 -0.383392 -0.347342
11.165 -0.391747 -0.349805
11.17 -0.400073 -0.352242
11.175 -0.408369 -0.354652
11.18 -0.416635 -0.357036
11.185 -0.424869 -0.359392
11.19 -0.433071 -0.361722
11.195 -0.441241 -0.364025
11.2 -0.449377 -0.3663
11.205 -0.45748 -0.368548
11.21 -0.465548 -0.370768
11.215 -0.473581 -0.372961
11.22 -0.481579 -0.375125
11.225 -0.48954 -0.37726
11.23 -0.497465 -0.379368
11.235 -0.505351 -0.381447
11.24 -0.5132 -0.383497
11.245 -0.52101 -0.385518
11.25 -0.528781 -0.387509
11.255 -0.536511 -0.389472
11.26 -0.544201 -0.391405
11.265 -0.55185 -0.393309
11.27 -0.559457 -0.395182
11.275 -0.567022 -0.397026
11.28 -0.574544 -0.39884
11.285 -0.582022 -0.400623
11.29 -0.589456 -0.402376
11.295 -0.596846 -0.404099
11.3 -0.60419 -0.405791
11.305 -0.611488 -0.407452
11.31 -0.61874 -0.409082
11.315 -0.625944 -0.410681
11.32 -0.633101 -0.412249
11.325 -0.64021 -0.413785
11.33 -0.64727 -0.41529
11.335 -0.654281 -0.416763
11.34 -0.661242 -0.418204
11.345 -0.668152 -0.419614
11.35 -0.675012 -0.420991
11.355 -0.68182 -0.422337
11.36 -0.688576 -0.42365
11.365 -0.695279 -0.42493
11.37 -0.701929 -0.426178
11.375 -0.708526 -0.427394
11.38 -0.715068 -0.428577
11.385 -0.721555 -0.429727
11.39 -0.727988 -0.430844
11.395 -0.734364 -0.431928
11.4 -0.740684 -0.432979
11.405 -0.746948 -0.433997
11.41 -0.753154 -0.434982
11.415 -0.759302 -0.435933
11.42 -0.765392 -0.43685
11.425 -0.771423 -0.437734
11.43 -0.777394 -0.438585
11.435 -0.783306 -0.439401
11.44 -0.789158 -0.440184
11.445 -0.794949 -0.440933
11.45 -0.800678 -0.441648
11.455 -0.806346 -0.442329
11.46 -0.811952 -0.442976
11.465 -0.817495 -0.443588
11.47 -0.822975 -0.444167
11.475 -0.828392 -0.444711
11.48 -0.833744 -0.44522
11.485 -0.839032 -0.445696
11.49 -0.844255 -0.446137
11.495 -0.849413 -0.446543
11.5 -0.854505 -0.446915
11.505 -0.859531 -0.447252
11.51 -0.86449 -0.447554
11.515 -0.869383 -0.447822
11.52 -0.874208 -0.448055
11.525 -0.878965 -0.448253
11.53 -0.883654 -0.448417
11.535 -0.888274 -0.448545
11.54 -0.892825 -0.448639
11.545 -0.897307 -0.448698
11.55 -0.901719 -0.448722
11.555 -0.906061 -0.448711
11.56 -0.910333 -0.448666
11.565 -0.914533 -0.448585
11.57 -0.918663 -0.448469
11.575 -0.92272 -0.448319
11.58 -0.926706 -0.448133
11.585 -0.93062 -0.447913
11.59 -0.934461 -0.447657
11.595 -0.938229 -0.447367
11.6 -0.941923 -0.447041
11.605 -0.945544 -0.446681
11.61 -0.949092 -0.446286
11.615 -0.952565 -0.445856
11.62 -0.955963 -0.445391
11.625 -0.959287 -0.444891
11.63 -0.962535 -0.444356
11.635 -0.965708 -0.443786
11.64 -0.968805 -0.443182
11.645 -0.971827 -0.442543
11.65 -0.974772 -0.441869
11.655 -0.977641 -0.441161
11.66 -0.980432 -0.440417
11.665 -0.983147 -0.43964
11.67 -0.985785 -0.438827
11.675 -0.988345 -0.43798
11.68 -0.990827 -0.437099
11.685 -0.993232 -0.436184
11.69 -0.995558 -0.435234
11.695 -0.997806 -0.434249
11.7 -0.999975 -0.433231
11.705 -1.00207 -0.432178
11.71 -1.00408 -0.431091
11.715 -1.00601 -0.42997
11.72 -1.00786 -0.428816
11.725 -1.00963 -0.427627
11.73 -1.01133 -0.426405
11.735 -1.01294 -0.425149
11.74 -1.01447 -0.423859
11.745 -1.01593 -0.422536
11.75 -1.0173 -0.421179
11.755 -1.01859 -0.419789
11.76 -1.0198 -0.418366
11.765 -1.02093 -0.416909
11.77 -1.02198 -0.41542
11.775 -1.02295 -0.413897
11.78 -1.02384 -0.412342
11.785 -1.02465 -0.410754
11.79 -1.02537 -0.409134
11.795 -1.02601 -0.407481
11.8 -1.02658 -0.405795
11.805 -1.02706 -0.404077
11.81 -1.02746 -0.402327
11.815 -1.02777 -0.400545
11.82 -1.02801 -0.398732
11.825 -1.02816 -0.396886
11.83 -1.02823 -0.395009
11.835 -1.02822 -0.3931
11.84 -1.02813 -0.39116
11.845 -1.02795 -0.389189
11.85 -1.0277 -0.387187
11.855 -1.02736 -0.385154
11.86 -1.02694 -0.38309
11.865 -1.02643 -0.380995
11.87 -1.02585 -0.37887
11.875 -1.02518 -0.376715
11.88 -1.02443 -0.374529
11.885 -1.0236 -0.372314
11.89 -1.02269 -0.370069
11.895 -1.02169 -0.367794
11.9 -1.02062 -0.365489
11.905 -1.01946 -0.363156
11.91 -1.01822 -0.360793
11.915 -1.0169 -0.358401
11.92 -1.01549 -0.355981
11.925 -1.01401 -0.353532
11.93 -1.01244 -0.351054
11.935 -1.01079 -0.348548
11.94 -1.00907 -0.346015
11.945 -1.00726 -0.343453
11.95 -1.00536 -0.340864
11.955 -1.00339 -0.338247
11.96 -1.00134 -0.335604
11.965 -0.999205 -0.332933
11.97 -0.996991 -0.330235
11.975 -0.994697 -0.327511
11.98 -0.992322 -0.32476
11.985 -0.989867 -0.321983
11.99 -0.987333 -0.31918
11.995 -0.984718 -0.316351
12 -0.982024 -0.313497
12.005 -0.979251 -0.310618
12.01 -0.976399 -0.307713
12.015 -0.973467 -0.304783
12.02 -0.970457 -0.301829
12.025 -0.967369 -0.298851
12.03 -0.964202 -0.295848
12.035 -0.960957 -0.292821
12.04 -0.957634 -0.28977
12.045 -0.954233 -0.286696
12.05 -0.950755 -0.283599
12.055 -0.9472 -0.280479
12.06 -0.943569 -0.277336
12.065 -0.93986 -0.27417
12.07 -0.936075 -0.270982
12.075 -0.932215 -0.267773
12.08 -0.928278 -0.264541
12.085 -0.924266 -0.261288
12.09 -0.920179 -0.258013
12.095 -0.916017 -0.254718
12.1 -0.91178 -0.251402
12.105 -0.907469 -0.248066
12.11 -0.903085 -0.244709
12.115 -0.898626 -0.241332
12.12 -0.894095 -0.237936
12.125 -0.88949 -0.23452
12.13 -0.884813 -0.231085
12.135 -0.880064 -0.227631
12.14 -0.875243 -0.224159
12.145 -0.87035 -0.220668
12.15 -0.865386 -0.217159
12.155 -0.860352 -0.213633
12.16 -0.855247 -0.210089
12.165 -0.850072 -0.206528
12.17 -0.844828 -0.20295
12.175 -0.839515 -0.199355
12.18 -0.834132 -0.195744
12.185 -0.828682 -0.192118
12.19 -0.823163 -0.188475
12.195 -0.817578 -0.184817
12.2 -0.811925 -0.181143
12.205 -0.806205 -0.177455
12.21 -0.800419 -0.173752
12.215 -0.794568 -0.170035
12.22 -0.788651 -0.166304
12.225 -0.78267 -0.16256
12.23 -0.776624 -0.158802
12.235 -0.770515 -0.155031
12.24 -0.764342 -0.151247
12.245 -0.758106 -0.147451
12.25 -0.751808 -0.143642
12.255 -0.745447 -0.139822
12.26 -0.739026 -0.13599
12.265 -0.732543 -0.132147
12.27 -0.726001 -0.128294
12.275 -0.719398 -0.124429
12.28 -0.712736 -0.120555
12.285 -0.706015 -0.11667
12.29 -0.699236 -0.112776
12.295 -0.692399 -0.108872
12.3 -0.685505 -0.10496
12.305 -0.678555 -0.101038
12.31 -0.671548 -0.0971087
12.315 -0.664486 -0.0931711
12.32 -0.657368 -0.0892258
12.325 -0.650197 -0.0852731
12.33 -0.642971 -0.0813133
12.335 -0.635693 -0.0773468
12.34 -0.628361 -0.0733739
12.345 -0.620978 -0.0693949
12.35 -0.613543 -0.0654102
12.355 -0.606057 -0.0614201
12.36 -0.598521 -0.0574248
12.365 -0.590936 -0.0534248
12.37 -0.583301 -0.0494203
12.375 -0.575618 -0.0454118
12.38 -0.567887 -0.0413994
12.385 -0.560109 -0.0373837
12.39 -0.552284 -0.0333648
12.395 -0.544413 -0.0293431
12.4 -0.536497 -0.025319
12.405 -0.528537 -0.0212928
12.41 -0.520532 -0.0172648
12.415 -0.512484 -0.0132354
12.42 -0.504394 -0.00920491
12.425 -0.496261 -0.00517362
12.43 -0.488087 -0.0011419
12.435 -0.479873 0.00288991
12.44 -0.471618 0.00692148
12.445 -0.463324 0.0109525
12.45 -0.454991 0.0149826
12.455 -0.44662 0.0190114
12.46 -0.438212 0.0230386
12.465 -0.429768 0.027064
12.47 -0.421287 0.031087
12.475 -0.412771 0.0351075
12.48 -0.404221 0.039125
12.485 -0.395637 0.0431392
12.49 -0.38702 0.0471499
12.495 -0.37837 0.0511566
12.5 -0.369689 0.055159
12.505 -0.360977 0.0591568
12.51 -0.352234 0.0631496
12.515 -0.343462 0.0671372
12.52 -0.334661 0.0711191
12.525 -0.325832 0.075095
12.53 -0.316976 0.0790646
12.535 -0.308093 0.0830277
12.54 -0.299185 0.0869837
12.545 -0.290251 0.0909324
12.55 -0.281292 0.0948735
12.555 -0.272311 0.0988066
12.56 -0.263306 0.102731
12.565 -0.254279 0.106648
12.57 -0.24523 0.110555
12.575 -0.236161 0.114453
12.58 -0.227073 0.118341
12.585 -0.217965 0.122219
12.59 -0.208838 0.126087
12.595 -0.199694 0.129945
12.6 -0.190534 0.133791
12.605 -0.181357 0.137626
12.61 -0.172165 0.14145
12.615 -0.162958 0.145261
12.62 -0.153738 0.149061
12.625 -0.144504 0.152847
12.63 -0.135259 0.156621
12.635 -0.126001 0.160382
12.64 -0.116734 0.164129
12.645 -0.107456 0.167862
12.65 -0.0981696 0.171581
12.655 -0.0888746 0.175285
12.66 -0.0795721 0.178975
12.665 -0.0702629 0.182649
12.67 -0.0609478 0.186308
12.675 -0.0516275 0.189952
12.68 -0.0423028 0.193579
12.685 -0.0329745 0.197189
12.69 -0.0236434 0.200783
12.695 -0.0143103 0.20436
12.7 -0.00497602 0.20792
12.705 0.0043587 0.211462
12.71 0.013693 0.214986
12.715 0.0230262 0.218492
12.72 0.0323575 0.221979
12.725 0.0416859 0.225447
12.73 0.0510109 0.228897
12.735 0.0603315 0.232326
12.74 0.069647 0.235736
12.745 0.0789565 0.239126
12.75 0.0882593 0.242496
12.755 0.0975546 0.245845
12.76 0.106842 0.249173
12.765 0.11612 0.252479
12.77 0.125388 0.255765
12.775 0.134645 0.259028
12.78 0.143891 0.262269
12.785 0.153124 0.265488
12.79 0.162345 0.268685
12.795 0.171551 0.271858
12.8 0.180743 0.275008
12.805 0.18992 0.278135
12.81 0.19908 0.281238
12.815 0.208224 0.284317
12.82 0.217349 0.287371
12.825 0.226456 0.290401
12.83 0.235544 0.293407
12.835 0.244611 0.296387
12.84 0.253658 0.299341
12.845 0.262682 0.302271
12.85 0.271685 0.305174
12.855 0.280664 0.308051
12.86 0.289619 0.310902
12.865 0.298549 0.313726
12.87 0.307453 0.316523
12.875 0.316332 0.319293
12.88 0.325183 0.322035
12.885 0.334006 0.32475
12.89 0.3428 0.327437
12.895 0.351565 0.330096
12.9 0.3603 0.332727
12.905 0.369004 0.335329
12.91 0.377676 0.337902
12.915 0.386316 0.340446
12.92 0.394923 0.342961
12.925 0.403495 0.345447
12.93 0.412033 0.347903
12.935 0.420535 0.350328
12.94 0.429001 0.352724
12.945 0.437431 0.355089
12.95 0.445822 0.357424
12.955 0.454175 0.359727
12.96 0.462489 0.362
12.965 0.470763 0.364242
12.97 0.478997 0.366452
12.975 0.487189 0.368631
12.98 0.495339 0.370777
12.985 0.503446 0.372892
12.99 0.51151 0.374975
12.995 0.51953 0.377025
13 0.527505 0.379043
13.005 0.535434 0.381027
13.01 0.543317 0.382979
13.015 0.551153 0.384898
13.02 0.558941 0.386784
13.025 0.566681 0.388636
13.03 0.574372 0.390454
13.035 0.582013 0.392239
13.04 0.589604 0.393989
13.045 0.597144 0.395706
13.05 0.604632 0.397388
13.055 0.612068 0.399036
13.06 0.61945 0.400649
13.065 0.626779 0.402228
13.07 0.634053 0.403771
13.075 0.641273 0.40528
13.08 0.648437 0.406753
13.085 0.655544 0.408191
13.09 0.662595 0.409594
13.095 0.669588 0.410961
13.1 0.676523 0.412292
13.105 0.683399 0.413588
13.11 0.690215 0.414847
13.115 0.696972 0.416071
13.12 0.703668 0.417258
13.125 0.710303 0.418409
13.13 0.716876 0.419523
13.135 0.723386 0.420601
13.14 0.729834 0.421643
13.145 0.736218 0.422647
13.15 0.742537 0.423615
13.155 0.748793 0.424546
13.16 0.754982 0.42544
13.165 0.761106 0.426297
13.17 0.767164 0.427117
13.175 0.773155 0.427899
13.18 0.779078 0.428644
13.185 0.784933 0.429352
13.19 0.79072 0.430022
13.195 0.796437 0.430654
13.2 0.802085 0.431249
13.205 0.807663 0.431806
13.21 0.81317 0.432326
13.215 0.818607 0.432807
13.22 0.823971 0.433251
13.225 0.829264 0.433657
13.23 0.834484 0.434025
13.235 0.839631 0.434355
13.24 0.844704 0.434647
13.245 0.849703 0.434901
13.25 0.854628 0.435117
13.255 0.859478 0.435294
13.26 0.864253 0.435434
13.265 0.868952 0.435535
13.27 0.873575 0.435598
13.275 0.878121 0.435623
13.28 0.88259 0.43561
13.285 0.886981 0.435558
13.29 0.891295 0.435469
13.295 0.895531 0.435341
13.3 0.899687 0.435174
13.305 0.903765 0.43497
13.31 0.907763 0.434727
13.315 0.911682 0.434446
13.32 0.91552 0.434127
13.325 0.919278 0.43377
13.33 0.922955 0.433374
13.335 0.926551 0.43294
13.34 0.930065 0.432469
13.345 0.933497 0.431959
13.35 0.936847 0.431411
13.355 0.940115 0.430825
13.36 0.943299 0.430201
13.365 0.946401 0.429539
13.37 0.949419 0.42884
13.375 0.952353 0.428102
13.38 0.955204 0.427327
13.385 0.95797 0.426514
13.39 0.960651 0.425664
13.395 0.963248 0.424775
13.4 0.965759 0.42385
13.405 0.968186 0.422887
13.41 0.970527 0.421886
13.415 0.972782 0.420849
13.42 0.974951 0.419774
13.425 0.977034 0.418662
13.43 0.97903 0.417512
13.435 0.98094 0.416326
13.44 0.982763 0.415104
13.445 0.984499 0.413844
13.45 0.986148 0.412548
13.455 0.987709 0.411215
13.46 0.989184 0.409846
13.465 0.99057 0.40844
13.47 0.991869 0.406999
13.475 0.993079 0.405521
13.48 0.994202 0.404007
13.485 0.995237 0.402457
13.49 0.996183 0.400872
13.495 0.997041 0.399251
13.5 0.99781 0.397595
13.505 0.998491 0.395904
13.51 0.999083 0.394177
13.515 0.999586 0.392415
13.52 1 0.390622
