0 0 0
0.08 6.59525e-105 0
0.16 9.91595e-99 0
0.24 1.04745e-93 -1.76129e-99
0.32 1.85796e-89 -1.38223e-94
0.4 1.03331e-85 -1.98037e-90
0.48 2.22714e-82 -8.47171e-87
0.56 2.30162e-79 -1.49929e-83
0.64 1.28424e-76 -1.29663e-80
0.72 4.27246e-74 -6.22769e-78
0.8 9.12033e-72 -1.81821e-75
0.88 1.32525e-69 -3.46202e-73
0.96 1.37495e-67 -4.54467e-71
1.04 1.05955e-65 -4.30228e-69
1.12 6.2682e-64 -3.04792e-67
1.2 2.92749e-62 -1.36621e-65
1.16 4.99713e-63 -2.58779e-66
1.14 1.80619e-63 -9.26446e-67
1.16 5.11472e-63 -2.75981e-66
1.18 1.42304e-62 -8.05661e-66
1.2 3.89185e-62 -2.30639e-65
1.22 1.04684e-61 -6.4793e-65
1.24 2.77093e-61 -1.78743e-64
1.26 7.22114e-61 -4.84516e-64
1.28 1.85368e-60 -1.29128e-63
1.3 4.68939e-60 -3.38541e-63
1.32 1.16961e-59 -8.73585e-63
1.34 2.87733e-59 -2.21981e-62
1.36 6.98459e-59 -5.5571e-62
1.38 1.67364e-58 -1.37117e-61
1.4 3.96019e-58 -3.33604e-61
1.42 9.25665e-58 -8.00637e-61
1.44 2.13808e-57 -1.89614e-60
1.46 4.88167e-57 -4.43289e-60
1.48 1.1021e-56 -1.02338e-59
1.5 2.46103e-56 -2.33375e-59
1.52 5.43721e-56 -5.25865e-59
1.54 1.18883e-55 -1.17118e-58
1.56 2.57317e-55 -2.57881e-58
1.58 5.51477e-55 -5.61532e-58
1.6 1.1706e-54 -1.20948e-57
1.62 2.46155e-54 -2.57744e-57
1.64 5.12901e-54 -5.43556e-57
1.66 1.0592e-53 -1.13463e-56
1.68 2.16835e-53 -2.34479e-56
1.7 4.40132e-53 -4.79813e-56
1.72 8.85976e-53 -9.72377e-56
1.74 1.76901e-52 -1.95191e-55
1.76 3.50417e-52 -3.88161e-55
1.78 6.88759e-52 -7.64805e-55
1.8 1.34354e-51 -1.49336e-54
1.82 2.6014e-51 -2.89223e-54
1.84 5.00043e-51 -5.55984e-54
1.86 9.54373e-51 -1.06116e-53
1.88 1.80886e-50 -2.01128e-53
1.9 3.40513e-50 -3.78617e-53
1.92 6.36743e-50 -7.07996e-53
1.94 1.18292e-49 -1.31529e-52
1.96 2.18356e-49 -2.42791e-52
1.98 4.00545e-49 -4.45366e-52
2 7.3024e-49 -8.11956e-52
2.02 1.32331e-48 -1.47139e-51
2.04 2.38392e-48 -2.65069e-51
2.06 4.26978e-48 -4.74758e-51
2.08 7.60413e-48 -8.45505e-51
2.1 1.3467e-47 -1.4974e-50
2.12 2.37201e-47 -2.63745e-50
2.14 4.15556e-47 -4.62058e-50
2.16 7.24191e-47 -8.0523e-50
2.18 1.25554e-46 -1.39603e-49
2.2 2.1657e-46 -2.40805e-49
2.22 3.71706e-46 -4.13301e-49
2.24 6.34851e-46 -7.05893e-49
2.26 1.07908e-45 -1.19983e-48
2.28 1.82549e-45 -2.02976e-48
2.3 3.07387e-45 -3.41784e-48
2.32 5.15237e-45 -5.72893e-48
2.34 8.59759e-45 -9.55969e-48
2.36 1.42833e-44 -1.58816e-47
2.38 2.36262e-44 -2.627e-47
2.4 3.89139e-44 -4.32684e-47
2.42 6.38249e-44 -7.0967e-47
2.44 1.04251e-43 -1.15917e-46
2.46 1.69592e-43 -1.8857e-46
2.48 2.74784e-43 -3.05533e-46
2.5 4.43474e-43 -4.931e-46
2.52 7.12954e-43 -7.92735e-46
2.54 1.14182e-42 -1.26959e-45
2.56 1.82181e-42 -2.02567e-45
2.58 2.89602e-42 -3.22009e-45
2.6 4.58689e-42 -5.10018e-45
2.62 7.23899e-42 -8.04905e-45
2.64 1.13842e-41 -1.26581e-44
2.66 1.78409e-41 -1.98374e-44
2.68 2.78639e-41 -3.0982e-44
2.7 4.33711e-41 -4.82244e-44
2.72 6.72842e-41 -7.48135e-44
2.74 1.0404e-40 -1.15683e-43
2.76 1.60356e-40 -1.783e-43
2.78 2.46368e-40 -2.73937e-43
2.8 3.77329e-40 -4.19553e-43
2.82 5.76117e-40 -6.40586e-43
2.84 8.76951e-40 -9.75084e-43
2.86 1.33086e-39 -1.47979e-42
2.88 2.01372e-39 -2.23906e-42
2.9 3.03805e-39 -3.37801e-42
2.92 4.5702e-39 -5.08162e-42
2.94 6.85549e-39 -7.62264e-42
2.96 1.02547e-38 -1.14022e-41
2.98 1.52968e-38 -1.70085e-41
3 2.27557e-38 -2.53021e-41
3.02 3.37605e-38 -3.75383e-41
3.04 4.99539e-38 -5.55439e-41
3.06 7.37206e-38 -8.19701e-41
3.08 1.08513e-37 -1.20656e-40
3.1 1.59317e-37 -1.77145e-40
3.12 2.33316e-37 -2.59424e-40
3.14 3.40834e-37 -3.78974e-40
3.16 4.96674e-37 -5.52253e-40
3.18 7.22011e-37 -8.02806e-40
3.2 1.04707e-36 -1.16423e-39
3.22 1.51486e-36 -1.68438e-39
3.24 2.18654e-36 -2.43121e-39
3.26 3.14873e-36 -3.50108e-39
3.28 4.524e-36 -5.03025e-39
3.3 6.4853e-36 -7.21102e-39
3.32 9.2762e-36 -1.03142e-38
3.34 1.3239e-35 -1.47205e-38
3.36 1.88536e-35 -2.09634e-38
3.38 2.67919e-35 -2.97899e-38
3.4 3.79918e-35 -4.22432e-38
3.42 5.37609e-35 -5.97768e-38
3.44 7.59177e-35 -8.44131e-38
3.46 1.06987e-34 -1.18959e-37
3.48 1.50467e-34 -1.67305e-37
3.5 2.11195e-34 -2.34828e-37
3.52 2.95848e-34 -3.28954e-37
3.54 4.13624e-34 -4.5991e-37
3.56 5.77172e-34 -6.41759e-37
3.58 8.03853e-34 -8.93806e-37
3.6 1.11745e-33 -1.2425e-36
3.62 1.55051e-33 -1.72401e-36
3.64 2.14742e-33 -2.38772e-36
3.66 2.96873e-33 -3.30093e-36
3.68 4.09677e-33 -4.5552e-36
3.7 5.64338e-33 -6.27488e-36
3.72 7.76019e-33 -8.62858e-36
3.74 1.06525e-32 -1.18445e-35
3.76 1.45976e-32 -1.62311e-35
3.78 1.99697e-32 -2.22043e-35
3.8 2.72729e-32 -3.03247e-35
3.82 3.71849e-32 -4.1346e-35
3.84 5.0616e-32 -5.62801e-35
3.86 6.87862e-32 -7.64835e-35
3.88 9.33285e-32 -1.03772e-34
3.9 1.26426e-31 -1.40573e-34
3.92 1.7099e-31 -1.90124e-34
3.94 2.30902e-31 -2.56741e-34
3.96 3.11326e-31 -3.46164e-34
3.98 4.1912e-31 -4.6602e-34
4 5.63383e-31 -6.26427e-34
4.02 7.56171e-31 -8.40788e-34
4.04 1.01343e-30 -1.12683e-33
4.06 1.35621e-30 -1.50798e-33
4.08 1.81231e-30 -2.01511e-33
4.1 2.41832e-30 -2.68894e-33
4.12 3.22239e-30 -3.58298e-33
4.14 4.28775e-30 -4.76756e-33
4.16 5.69738e-30 -6.33493e-33
4.18 7.56e-30 -8.40599e-33
4.2 1.00179e-29 -1.11389e-32
4.22 1.32568e-29 -1.47403e-32
4.24 1.75195e-29 -1.948e-32
4.26 2.31222e-29 -2.57096e-32
4.28 3.04764e-29 -3.38868e-32
4.3 4.01174e-29 -4.46066e-32
4.32 5.27402e-29 -5.86419e-32
4.34 6.92461e-29 -7.69949e-32
4.36 9.08027e-29 -1.00964e-31
4.38 1.18921e-28 -1.32228e-31
4.4 1.55553e-28 -1.72959e-31
4.42 2.03218e-28 -2.25958e-31
4.44 2.65165e-28 -2.94837e-31
4.46 3.45577e-28 -3.84248e-31
4.48 4.49835e-28 -5.00173e-31
4.5 5.84853e-28 -6.50299e-31
4.52 7.59501e-28 -8.44491e-31
4.54 9.85152e-28 -1.09539e-30
4.56 1.27637e-27 -1.4192e-30
4.58 1.65177e-27 -1.83661e-30
4.6 2.13516e-27 -2.37409e-30
4.62 2.75691e-27 -3.06542e-30
4.64 3.55574e-27 -3.95363e-30
4.66 4.58095e-27 -5.09357e-30
4.68 5.89527e-27 -6.55497e-30
4.7 7.57844e-27 -8.42648e-30
4.72 9.73164e-27 -1.08206e-29
4.74 1.24833e-26 -1.38802e-29
4.76 1.59959e-26 -1.77858e-29
4.78 2.04753e-26 -2.27666e-29
4.8 2.61818e-26 -2.91116e-29
4.82 3.34441e-26 -3.71865e-29
4.84 4.26768e-26 -4.74562e-29
4.86 5.44028e-26 -6.05314e-29
4.88 6.92806e-26 -7.72006e-29
4.9 8.81387e-26 -9.84701e-29
4.92 1.12018e-25 -1.25624e-28
4.94 1.42227e-25 -1.603e-28
4.96 1.80406e-25 -2.04588e-28
4.98 2.2861e-25 -2.61151e-28
5 2.89416e-25 -3.33379e-28
5.02 3.66044e-25 -4.25587e-28
5.04 4.62521e-25 -5.43261e-28
5.06 5.83876e-25 -6.93369e-28
5.08 7.36381e-25 -8.84753e-28
5.1 9.27859e-25 -1.12862e-27
5.12 1.16805e-24 -1.43917e-27
5.14 1.46907e-24 -1.83434e-27
5.16 1.84599e-24 -2.33684e-27
5.18 2.31753e-24 -2.97529e-27
5.2 2.90692e-24 -3.78579e-27
5.22 3.64297e-24 -4.81382e-27
5.24 4.56136e-24 -6.11657e-27
5.26 5.70629e-24 -7.7659e-27
5.28 7.1324e-24 -9.85202e-27
5.3 8.90724e-24 -1.2488e-26
5.32 1.11142e-23 -1.58155e-26
5.34 1.38562e-23 -2.00115e-26
5.36 1.72602e-23 -2.52975e-26
5.38 2.14823e-23 -3.19495e-26
5.4 2.6715e-23 -4.03118e-26
5.42 3.31948e-23 -5.0813e-26
5.44 4.12126e-23 -6.39865e-26
5.46 5.11252e-23 -8.04946e-26
5.48 6.33708e-23 -1.01159e-25
5.5 7.84863e-23 -1.27e-25
5.52 9.71298e-23 -1.59279e-25
5.54 1.20107e-22 -1.99558e-25
5.56 1.48402e-22 -2.49767e-25
5.58 1.8322e-22 -3.12287e-25
5.6 2.26031e-22 -3.90056e-25
5.62 2.78631e-22 -4.86694e-25
5.64 3.43208e-22 -6.06654e-25
5.66 4.22431e-22 -7.55414e-25
5.68 5.19547e-22 -9.39699e-25
5.7 6.38512e-22 -1.16776e-24
5.72 7.84131e-22 -1.44972e-24
5.74 9.62248e-22 -1.79797e-24
5.76 1.17996e-21 -2.22767e-24
5.78 1.44586e-21 -2.75734e-24
5.8 1.77041e-21 -3.40964e-24
5.82 2.16623e-21 -4.21216e-24
5.84 2.64866e-21 -5.19857e-24
5.86 3.23622e-21 -6.40988e-24
5.88 3.95133e-21 -7.89598e-24
5.9 4.82106e-21 -9.71752e-24
5.92 5.87812e-21 -1.19482e-23
5.94 7.16198e-21 -1.46774e-23
5.96 8.72023e-21 -1.80137e-23
5.98 1.06103e-20 -2.20884e-23
6 1.29011e-20 -2.70606e-23
6.02 1.5676e-20 -3.31228e-23
6.04 1.90349e-20 -4.05076e-23
6.06 2.30982e-20 -4.94959e-23
6.08 2.80101e-20 -6.04267e-23
6.1 3.39443e-20 -7.3709e-23
6.12 4.11086e-20 -8.98352e-23
6.14 4.97527e-20 -1.09398e-22
6.16 6.01753e-20 -1.33112e-22
6.18 7.27346e-20 -1.61834e-22
6.2 8.78589e-20 -1.96594e-22
6.22 1.06061e-19 -2.3863e-22
6.24 1.27953e-19 -2.89425e-22
6.26 1.54266e-19 -3.50756e-22
6.28 1.85875e-19 -4.24755e-22
6.3 2.23822e-19 -5.13971e-22
6.32 2.69349e-19 -6.21452e-22
6.34 3.23939e-19 -7.50845e-22
6.36 3.89355e-19 -9.06503e-22
6.38 4.67697e-19 -1.09362e-21
6.4 5.61465e-19 -1.3184e-21
6.42 6.73629e-19 -1.58824e-21
6.44 8.07719e-19 -1.91192e-21
6.46 9.67928e-19 -2.29995e-21
6.48 1.15923e-18 -2.76477e-21
6.5 1.38753e-18 -3.32123e-21
6.52 1.65983e-18 -3.98693e-21
6.54 1.98443e-18 -4.78279e-21
6.56 2.37113e-18 -5.73364e-21
6.58 2.83158e-18 -6.86891e-21
6.6 3.37952e-18 -8.2235e-21
6.62 4.03121e-18 -9.83875e-21
6.64 4.80588e-18 -1.17636e-20
6.66 5.72622e-18 -1.40559e-20
6.68 6.81902e-18 -1.67841e-20
6.7 8.11589e-18 -2.00292e-20
6.72 9.65411e-18 -2.38866e-20
6.74 1.14776e-17 -2.84692e-20
6.76 1.36381e-17 -3.39099e-20
6.78 1.61966e-17 -4.03656e-20
6.8 1.92248e-17 -4.80211e-20
6.82 2.28069e-17 -5.70941e-20
6.84 2.70421e-17 -6.78407e-20
6.86 3.20469e-17 -8.05623e-20
6.88 3.79581e-17 -9.56133e-20
6.9 4.49361e-17 -1.1341e-19
6.92 5.31693e-17 -1.34441e-19
6.94 6.28787e-17 -1.59281e-19
6.96 7.43229e-17 -1.88604e-19
6.98 8.78051e-17 -2.23198e-19
7 1.03681e-16 -2.63989e-19
7.02 1.22364e-16 -3.12061e-19
7.04 1.44343e-16 -3.68685e-19
7.06 1.70184e-16 -4.35344e-19
7.08 2.00552e-16 -5.13776e-19
7.1 2.36221e-16 -6.06011e-19
7.12 2.78099e-16 -7.14422e-19
7.14 3.2724e-16 -8.4178e-19
7.16 3.84878e-16 -9.91319e-19
7.18 4.52449e-16 -1.16681e-18
7.2 5.31627e-16 -1.37266e-18
7.22 6.24363e-16 -1.61398e-18
7.24 7.32927e-16 -1.89677e-18
7.26 8.59961e-16 -2.22796e-18
7.28 1.00854e-15 -2.61567e-18
7.3 1.18223e-15 -3.0693e-18
7.32 1.38519e-15 -3.59981e-18
7.34 1.62224e-15 -4.21993e-18
7.36 1.89899e-15 -4.94444e-18
7.38 2.22192e-15 -5.79051e-18
7.4 2.59859e-15 -6.77807e-18
7.42 3.03773e-15 -7.93024e-18
7.44 3.54948e-15 -9.27383e-18
7.46 4.14558e-15 -1.08399e-17
7.48 4.83962e-15 -1.26644e-17
7.5 5.64734e-15 -1.47892e-17
7.52 6.58695e-15 -1.72623e-17
7.54 7.67952e-15 -2.01397e-17
7.56 8.94939e-15 -2.34858e-17
7.58 1.04247e-14 -2.73754e-17
7.6 1.21379e-14 -3.18947e-17
7.62 1.41266e-14 -3.71433e-17
7.64 1.64341e-14 -4.32362e-17
7.66 1.91104e-14 -5.03061e-17
7.68 2.2213e-14 -5.8506e-17
7.7 2.58084e-14 -6.80126e-17
7.72 2.99731e-14 -7.90294e-17
7.74 3.47953e-14 -9.17906e-17
7.76 4.03765e-14 -1.06566e-16
7.78 4.68335e-14 -1.23667e-16
7.8 5.43007e-14 -1.43451e-16
7.82 6.29326e-14 -1.66329e-16
7.84 7.29068e-14 -1.92774e-16
7.86 8.44276e-14 -2.23329e-16
7.88 9.77293e-14 -2.5862e-16
7.9 1.13081e-13 -2.99362e-16
7.92 1.30792e-13 -3.46381e-16
7.94 1.51217e-13 -4.00619e-16
7.96 1.74761e-13 -4.6316e-16
7.98 2.01892e-13 -5.35248e-16
8 2.33143e-13 -6.18305e-16
8.02 2.69126e-13 -7.13963e-16
8.04 3.10541e-13 -8.24092e-16
8.06 3.58191e-13 -9.50829e-16
8.08 4.12993e-13 -1.09662e-15
8.1 4.75997e-13 -1.26428e-15
8.12 5.48402e-13 -1.45699e-15
8.14 6.31581e-13 -1.67842e-15
8.16 7.271e-13 -1.93276e-15
8.18 8.3675e-13 -2.22478e-15
8.2 9.62574e-13 -2.55994e-15
8.22 1.10691e-12 -2.94448e-15
8.24 1.2724e-12 -3.38549e-15
8.26 1.46211e-12 -3.89108e-15
8.28 1.67947e-12 -4.4705e-15
8.3 1.92845e-12 -5.13428e-15
8.32 2.21353e-12 -5.89443e-15
8.34 2.53982e-12 -6.76462e-15
8.36 2.91316e-12 -7.76042e-15
8.38 3.34018e-12 -8.89956e-15
8.4 3.82841e-12 -1.02022e-14
8.42 4.38645e-12 -1.16912e-14
8.44 5.02404e-12 -1.33928e-14
8.46 5.75227e-12 -1.53365e-14
8.48 6.58374e-12 -1.7556e-14
8.5 7.53275e-12 -2.00896e-14
8.52 8.61556e-12 -2.29806e-14
8.54 9.85059e-12 -2.62785e-14
8.56 1.12588e-11 -3.00391e-14
8.58 1.28638e-11 -3.4326e-14
8.6 1.46926e-11 -3.92109e-14
8.62 1.67757e-11 -4.47756e-14
8.64 1.91476e-11 -5.11124e-14
8.66 2.18475e-11 -5.83261e-14
8.68 2.49197e-11 -6.65352e-14
8.7 2.84144e-11 -7.58739e-14
8.72 3.23883e-11 -8.64943e-14
8.74 3.69058e-11 -9.85681e-14
8.76 4.20394e-11 -1.1229e-13
8.78 4.78712e-11 -1.27879e-13
8.8 5.44943e-11 -1.45584e-13
8.82 6.20133e-11 -1.65686e-13
8.84 7.05468e-11 -1.88502e-13
8.86 8.02287e-11 -2.14389e-13
8.88 9.12098e-11 -2.43752e-13
8.9 1.03661e-10 -2.77048e-13
8.92 1.17773e-10 -3.14789e-13
8.94 1.33765e-10 -3.57557e-13
8.96 1.51879e-10 -4.06006e-13
8.98 1.72393e-10 -4.60873e-13
9 1.95615e-10 -5.22989e-13
9.02 2.21895e-10 -5.9329e-13
9.04 2.51629e-10 -6.72829e-13
9.06 2.85257e-10 -7.62793e-13
9.08 3.2328e-10 -8.64517e-13
9.1 3.66258e-10 -9.79502e-13
9.12 4.14822e-10 -1.10944e-12
9.14 4.69682e-10 -1.25623e-12
9.16 5.31635e-10 -1.422e-12
9.18 6.01578e-10 -1.60916e-12
9.2 6.80517e-10 -1.8204e-12
9.22 7.69583e-10 -2.05874e-12
9.24 8.70046e-10 -2.32759e-12
9.26 9.83329e-10 -2.63077e-12
9.28 1.11103e-09 -2.97254e-12
9.3 1.25495e-09 -3.35772e-12
9.32 1.41709e-09 -3.79169e-12
9.34 1.59971e-09 -4.28048e-12
9.36 1.80534e-09 -4.83086e-12
9.38 2.0368e-09 -5.45042e-12
9.4 2.29728e-09 -6.14765e-12
9.42 2.59031e-09 -6.93206e-12
9.44 2.91989e-09 -7.81429e-12
9.46 3.29045e-09 -8.80628e-12
9.48 3.70699e-09 -9.92135e-12
9.5 4.17507e-09 -1.11744e-11
9.52 4.70092e-09 -1.25822e-11
9.54 5.2915e-09 -1.41633e-11
9.56 5.95461e-09 -1.59386e-11
9.58 6.69895e-09 -1.79314e-11
9.6 7.53422e-09 -2.01677e-11
9.62 8.47129e-09 -2.26765e-11
9.64 9.52227e-09 -2.54904e-11
9.66 1.07007e-08 -2.86456e-11
9.68 1.20216e-08 -3.21825e-11
9.7 1.3502e-08 -3.61461e-11
9.72 1.51605e-08 -4.05868e-11
9.74 1.7018e-08 -4.55607e-11
9.76 1.90981e-08 -5.11302e-11
9.78 2.14265e-08 -5.73652e-11
9.8 2.40324e-08 -6.43431e-11
9.82 2.69481e-08 -7.21504e-11
9.84 3.02094e-08 -8.08836e-11
9.86 3.38565e-08 -9.06496e-11
9.88 3.79337e-08 -1.01568e-10
9.9 4.24909e-08 -1.13771e-10
9.92 4.7583e-08 -1.27408e-10
9.94 5.32714e-08 -1.42641e-10
9.96 5.96244e-08 -1.59654e-10
9.98 6.67176e-08 -1.78649e-10
10 7.46354e-08 -1.99853e-10
10.02 8.34714e-08 -2.23516e-10
10.04 9.33295e-08 -2.49917e-10
10.06 1.04325e-07 -2.79364e-10
10.08 1.16587e-07 -3.12201e-10
10.1 1.30256e-07 -3.48809e-10
10.12 1.45492e-07 -3.89612e-10
10.14 1.62468e-07 -4.35077e-10
10.16 1.8138e-07 -4.85726e-10
10.18 2.02443e-07 -5.42136e-10
10.2 2.25895e-07 -6.04946e-10
10.22 2.52001e-07 -6.74864e-10
10.24 2.81055e-07 -7.52678e-10
10.26 3.13382e-07 -8.39256e-10
10.28 3.49341e-07 -9.35564e-10
10.3 3.8933e-07 -1.04267e-09
10.32 4.33792e-07 -1.16175e-09
10.34 4.83214e-07 -1.29411e-09
10.36 5.38135e-07 -1.44121e-09
10.38 5.99155e-07 -1.60464e-09
10.4 6.66933e-07 -1.78618e-09
10.42 7.42201e-07 -1.98777e-09
10.44 8.25767e-07 -2.21159e-09
10.46 9.18522e-07 -2.46002e-09
10.48 1.02145e-06 -2.73571e-09
10.5 1.13565e-06 -3.04158e-09
10.52 1.26232e-06 -3.38085e-09
10.54 1.40279e-06 -3.75708e-09
10.56 1.55852e-06 -4.17421e-09
10.58 1.73114e-06 -4.63656e-09
10.6 1.92244e-06 -5.14893e-09
10.62 2.13438e-06 -5.71659e-09
10.64 2.36913e-06 -6.34537e-09
10.66 2.6291e-06 -7.0417e-09
10.68 2.91694e-06 -7.81265e-09
10.7 3.23554e-06 -8.66602e-09
10.72 3.58813e-06 -9.61043e-09
10.74 3.97824e-06 -1.06553e-08
10.76 4.40977e-06 -1.18112e-08
10.78 4.887e-06 -1.30895e-08
10.8 5.41467e-06 -1.45028e-08
10.82 5.99797e-06 -1.60652e-08
10.84 6.64263e-06 -1.77919e-08
10.86 7.35494e-06 -1.96999e-08
10.88 8.14183e-06 -2.18076e-08
10.9 9.01092e-06 -2.41355e-08
10.92 9.97059e-06 -2.6706e-08
10.94 1.103e-05 -2.95438e-08
10.96 1.21994e-05 -3.2676e-08
10.98 1.34898e-05 -3.61324e-08
11 1.49135e-05 -3.99457e-08
11.02 1.64838e-05 -4.4152e-08
11.04 1.82156e-05 -4.87906e-08
11.06 2.01249e-05 -5.3905e-08
11.08 2.22297e-05 -5.95427e-08
11.1 2.45493e-05 -6.5756e-08
11.12 2.71052e-05 -7.26023e-08
11.14 2.99209e-05 -8.01443e-08
11.16 3.30221e-05 -8.84511e-08
11.18 3.6437e-05 -9.75983e-08
11.2 4.01967e-05 -1.07669e-07
11.22 4.43349e-05 -1.18754e-07
11.24 4.88891e-05 -1.30952e-07
11.26 5.38998e-05 -1.44374e-07
11.28 5.94117e-05 -1.59138e-07
11.3 6.54738e-05 -1.75376e-07
11.32 7.21395e-05 -1.93231e-07
11.34 7.94676e-05 -2.1286e-07
11.36 8.75221e-05 -2.34435e-07
11.38 9.63733e-05 -2.58144e-07
11.4 0.000106098 -2.84193e-07
11.42 0.000116781 -3.12807e-07
11.44 0.000128512 -3.44233e-07
11.46 0.000141395 -3.78739e-07
11.48 0.000155537 -4.1662e-07
11.5 0.000171059 -4.58199e-07
11.52 0.000188093 -5.03826e-07
11.54 0.000206782 -5.53887e-07
11.56 0.000227283 -6.08801e-07
11.58 0.000249767 -6.69027e-07
11.6 0.000274421 -7.35066e-07
11.62 0.000301449 -8.07465e-07
11.64 0.000331074 -8.8682e-07
11.66 0.00036354 -9.73785e-07
11.68 0.000399112 -1.06907e-06
11.7 0.000438079 -1.17345e-06
11.72 0.000480758 -1.28777e-06
11.74 0.000527493 -1.41296e-06
11.76 0.00057866 -1.55001e-06
11.78 0.000634668 -1.70004e-06
11.8 0.000695964 -1.86423e-06
11.82 0.000763034 -2.04389e-06
11.84 0.000836409 -2.24043e-06
11.86 0.000916667 -2.45541e-06
11.88 0.00100444 -2.69051e-06
11.9 0.0011004 -2.94757e-06
11.92 0.00120531 -3.22858e-06
11.94 0.00131997 -3.53571e-06
11.96 0.00144527 -3.87135e-06
11.98 0.00158216 -4.23805e-06
12 0.00173171 -4.63862e-06
12.02 0.00189504 -5.07612e-06
12.04 0.00207338 -5.55386e-06
12.06 0.0022681 -6.07544e-06
12.08 0.00248065 -6.64478e-06
12.1 0.00271262 -7.26615e-06
12.12 0.00296574 -7.94418e-06
12.14 0.00324189 -8.68389e-06
12.16 0.00354311 -9.49076e-06
12.18 0.00387162 -1.03707e-05
12.2 0.00422983 -1.13302e-05
12.22 0.00462035 -1.23763e-05
12.24 0.00504601 -1.35165e-05
12.26 0.00550991 -1.47591e-05
12.28 0.00601539 -1.61131e-05
12.3 0.00656606 -1.75882e-05
12.32 0.00716588 -1.91949e-05
12.34 0.00781912 -2.09447e-05
12.36 0.00853039 -2.285e-05
12.38 0.00930474 -2.49242e-05
12.4 0.0101476 -2.71819e-05
12.42 0.0110649 -2.9639e-05
12.44 0.012063 -3.23125e-05
12.46 0.0131488 -3.52211e-05
12.48 0.0143299 -3.83849e-05
12.5 0.0156144 -4.18256e-05
12.52 0.0170111 -4.55668e-05
12.54 0.0185295 -4.96342e-05
12.56 0.02018 -5.40554e-05
12.58 0.0219738 -5.88603e-05
12.6 0.0239229 -6.40815e-05
12.62 0.0260406 -6.97539e-05
12.64 0.0283408 -7.59155e-05
12.66 0.0308391 -8.26075e-05
12.68 0.0335519 -8.98743e-05
12.7 0.0364973 -9.77639e-05
12.72 0.0396945 -0.000106328
12.74 0.0431646 -0.000115623
12.76 0.0469302 -0.00012571
12.78 0.0510159 -0.000136654
12.8 0.055448 -0.000148527
12.82 0.0602553 -0.000161404
12.84 0.0654685 -0.000175368
12.86 0.0711211 -0.00019051
12.88 0.0772491 -0.000206924
12.9 0.0838913 -0.000224717
12.92 0.0910898 -0.000243999
12.94 0.0988899 -0.000264893
12.96 0.107341 -0.000287529
12.98 0.116494 -0.00031205
13 0.126409 -0.000338606
13.02 0.137144 -0.000367364
13.04 0.148768 -0.0003985
13.06 0.161351 -0.000432206
13.08 0.17497 -0.000468688
13.1 0.189709 -0.000508168
13.12 0.205657 -0.000550886
13.14 0.22291 -0.000597101
13.16 0.241572 -0.00064709
13.18 0.261755 -0.000701154
13.2 0.28358 -0.000759616
13.22 0.307176 -0.000822823
13.24 0.332684 -0.00089115
13.26 0.360254 -0.000965
13.28 0.390048 -0.00104481
13.3 0.42224 -0.00113104
13.32 0.457018 -0.0012242
13.34 0.494585 -0.00132483
13.36 0.535157 -0.00143351
13.38 0.578969 -0.00155087
13.4 0.626271 -0.00167757
13.42 0.677334 -0.00181435
13.44 0.732449 -0.00196199
13.46 0.791929 -0.00212131
13.48 0.856108 -0.00229323
13.5 0.925349 -0.0024787
13.52 1 -0.00267867
