0 -0 -0
0.08 -0.0415506 9.90406e-06
0.16 -0.164333 0.000156744
0.12 -0.0930678 4.97543e-05
0.16 -0.164416 0.000156014
0.2 -0.254825 0.000377439
0.24 -0.363314 0.000774846
0.28 -0.488706 0.00141993
0.32 -0.629635 0.00239385
0.36 -0.784562 0.00378564
0.4 -0.951786 0.00569036
0.44 -1.12947 0.0082072
0.48 -1.31564 0.0114373
0.52 -1.50822 0.0154817
0.56 -1.70506 0.0204388
0.6 -1.90393 0.0264024
0.64 -2.10256 0.0334593
0.68 -2.29867 0.0416867
0.72 -2.48996 0.0511504
0.76 -2.67418 0.0619027
0.8 -2.84911 0.07398
0.84 -3.01259 0.0874016
0.88 -3.16257 0.102167
0.92 -3.2971 0.118257
0.96 -3.41436 0.135629
1 -3.51268 0.154218
1.04 -3.59055 0.173938
1.08 -3.64665 0.194677
1.12 -3.67984 0.216303
1.16 -3.68921 0.238658
1.2 -3.67405 0.261564
1.24 -3.63387 0.28482
1.28 -3.56843 0.308209
1.32 -3.47772 0.331492
1.36 -3.36196 0.354417
1.4 -3.22162 0.376716
1.44 -3.0574 0.398112
1.48 -2.87021 0.418319
1.52 -2.66122 0.437045
1.56 -2.43178 0.453999
1.6 -2.18347 0.468889
1.64 -1.91804 0.481428
1.68 -1.63743 0.491339
1.72 -1.34371 0.498356
1.76 -1.03912 0.502231
1.8 -0.726016 0.502733
1.84 -0.406839 0.499656
1.88 -0.084117 0.492819
1.92 0.239566 0.482071
1.96 0.561597 0.467294
2 0.879351 0.448404
2.04 1.19022 0.425357
2.08 1.49164 0.398145
2.12 1.78109 0.366805
2.16 2.05616 0.331414
2.2 2.31453 0.292093
2.24 2.55401 0.249007
2.28 2.77256 0.202366
2.32 2.96831 0.152422
2.36 3.13958 0.0994697
2.4 3.28487 0.0438439
2.44 3.40292 -0.0140806
2.48 3.49267 -0.0738934
2.52 3.55332 -0.13515
2.56 3.5843 -0.197377
2.6 3.5853 -0.260072
2.64 3.55625 -0.322713
2.68 3.49734 -0.384759
2.72 3.40901 -0.445656
2.76 3.29197 -0.504841
2.8 3.14715 -0.561751
2.84 2.97573 -0.615824
2.88 2.7791 -0.666505
2.92 2.55889 -0.713255
2.96 2.31691 -0.755555
3 2.05516 -0.79291
3.04 1.77581 -0.824855
3.08 1.48119 -0.850962
3.12 1.17374 -0.870845
3.16 0.856016 -0.884163
3.2 0.530665 -0.890625
3.24 0.200392 -0.889994
3.28 -0.132055 -0.882093
3.32 -0.463912 -0.866803
3.36 -0.79242 -0.844073
3.4 -1.11485 -0.813912
3.44 -1.42853 -0.776401
3.48 -1.73086 -0.731686
3.52 -2.01934 -0.679982
3.56 -2.29159 -0.621571
3.6 -2.54535 -0.556799
3.64 -2.77854 -0.486079
3.68 -2.98924 -0.409883
3.72 -3.17574 -0.328743
3.76 -3.33649 -0.243242
3.8 -3.47021 -0.154016
3.84 -3.57579 -0.0617434
3.88 -3.6524 0.0328581
3.92 -3.69942 0.129038
3.96 -3.71649 0.226018
4 -3.70347 0.323003
4.04 -3.6605 0.419183
4.08 -3.58794 0.513743
4.12 -3.48638 0.605872
4.16 -3.35668 0.694766
4.2 -3.19989 0.779641
4.24 -3.01728 0.859735
4.28 -2.81034 0.934319
4.32 -2.58074 1.0027
4.36 -2.33032 1.06424
4.4 -2.06108 1.11834
4.44 -1.77519 1.16447
4.48 -1.47491 1.20214
4.52 -1.16262 1.23097
4.56 -0.840789 1.25061
4.6 -0.511959 1.26081
4.64 -0.178706 1.26138
4.68 0.156362 1.25223
4.72 0.490632 1.23334
4.76 0.821506 1.20476
4.8 1.14642 1.16665
4.84 1.46287 1.11923
4.88 1.76842 1.06281
4.92 2.06072 0.997761
4.96 2.33754 0.924541
5 2.59677 0.843676
5.04 2.83645 0.755754
5.08 3.05477 0.661425
5.12 3.25007 0.561394
5.16 3.42089 0.456414
5.2 3.56596 0.347282
5.24 3.6842 0.234829
5.28 3.77474 0.119919
5.32 3.83692 0.00343237
5.36 3.87029 -0.113731
5.4 3.87462 -0.230667
5.44 3.84991 -0.34647
5.48 3.79635 -0.460242
5.52 3.71438 -0.5711
5.56 3.60463 -0.678184
5.6 3.46793 -0.78066
5.64 3.30532 -0.877731
5.68 3.11804 -0.96864
5.72 2.90749 -1.05268
5.76 2.67526 -1.12919
5.8 2.42308 -1.19757
5.84 2.15285 -1.2573
5.88 1.86656 -1.30789
5.92 1.56636 -1.34894
5.96 1.25448 -1.38014
6 0.933237 -1.40122
6.04 0.605007 -1.41201
6.08 0.272225 -1.41242
6.12 -0.0626462 -1.40242
6.16 -0.39713 -1.38207
6.2 -0.728755 -1.35151
6.24 -1.05507 -1.31096
6.28 -1.37368 -1.2607
6.32 -1.68221 -1.2011
6.36 -1.97841 -1.13259
6.4 -2.26008 -1.05568
6.44 -2.52516 -0.970917
6.48 -2.77169 -0.878932
6.52 -2.99785 -0.780399
6.56 -3.20198 -0.676042
6.6 -3.38258 -0.56663
6.64 -3.53832 -0.45297
6.68 -3.66805 -0.335898
6.72 -3.77082 -0.216279
6.76 -3.84586 -0.0949958
6.8 -3.89263 0.0270572
6.84 -3.91078 0.148978
6.88 -3.90017 0.269867
6.92 -3.86089 0.388831
6.96 -3.79321 0.504989
7 -3.69764 0.617485
7.04 -3.57486 0.725485
7.08 -3.42579 0.828191
7.12 -3.25152 0.924843
7.16 -3.05333 1.01473
7.2 -2.83266 1.09717
7.24 -2.59115 1.17157
7.28 -2.33057 1.23738
7.32 -2.05283 1.29409
7.36 -1.75998 1.3413
7.4 -1.45416 1.37865
7.44 -1.13763 1.40586
7.48 -0.81272 1.42272
7.52 -0.481818 1.42912
7.56 -0.147361 1.42499
7.6 0.188189 1.41037
7.64 0.522358 1.38536
7.68 0.852684 1.35015
7.72 1.17673 1.30498
7.76 1.49211 1.25019
7.8 1.7965 1.18618
7.84 2.08765 1.11342
7.88 2.3634 1.03244
7.92 2.62173 0.943845
7.96 2.86073 0.848281
8 3.07862 0.746453
8.04 3.2738 0.63911
8.08 3.44482 0.527045
8.12 3.59042 0.411082
8.16 3.70951 0.292079
8.2 3.8012 0.170913
8.24 3.86483 0.0484792
8.28 3.89991 -0.0743183
8.32 3.90618 -0.196572
8.36 3.88358 -0.317378
8.4 3.83228 -0.435842
8.44 3.75265 -0.551089
8.48 3.64528 -0.662266
8.52 3.51095 -0.768548
8.56 3.35065 -0.86915
8.6 3.16557 -0.963324
8.64 2.95707 -1.05037
8.68 2.72668 -1.12965
8.72 2.47611 -1.20057
8.76 2.20721 -1.26261
8.8 1.92196 -1.31529
8.84 1.62249 -1.35824
8.88 1.31099 -1.39113
8.92 0.989786 -1.41371
8.96 0.661245 -1.42582
9 0.327803 -1.42737
9.04 -0.00806835 -1.41833
9.08 -0.343881 -1.39878
9.12 -0.677144 -1.36886
9.16 -1.00539 -1.32879
9.2 -1.32617 -1.27886
9.24 -1.63712 -1.21944
9.28 -1.93592 -1.15098
9.32 -2.22036 -1.07397
9.36 -2.48831 -0.988996
9.4 -2.7378 -0.896678
9.44 -2.96696 -0.797702
9.48 -3.17409 -0.692802
9.52 -3.35764 -0.582756
9.56 -3.51626 -0.468382
9.6 -3.64875 -0.350527
9.64 -3.75413 -0.230067
9.68 -3.83161 -0.107896
9.72 -3.88062 0.0150761
9.76 -3.90077 0.137937
9.8 -3.89192 0.259773
9.84 -3.85414 0.379677
9.88 -3.78769 0.496758
9.92 -3.69306 0.610144
9.96 -3.57096 0.718991
10 -3.42229 0.822489
10.04 -3.24816 0.919867
10.08 -3.04985 1.0104
10.12 -2.82883 1.09341
10.16 -2.58676 1.16828
10.2 -2.32542 1.23445
10.24 -2.04677 1.29143
10.28 -1.75288 1.33879
10.32 -1.44592 1.37618
10.36 -1.1282 1.40331
10.4 -0.802065 1.41999
10.44 -0.469956 1.42609
10.48 -0.134344 1.42156
10.52 0.202268 1.40643
10.56 0.537373 1.38082
10.6 0.868471 1.34491
10.64 1.19309 1.29897
10.68 1.50882 1.24334
10.72 1.81329 1.17845
10.76 2.10423 1.10476
10.8 2.37947 1.02282
10.84 2.63696 0.933258
10.88 2.87477 0.836729
10.92 3.09112 0.733954
10.96 3.2844 0.625701
11 3.45316 0.512777
11.04 3.59614 0.396024
11.08 3.71226 0.276314
11.12 3.80066 0.15454
11.16 3.86068 0.0316123
11.2 3.89185 -0.0915517
11.24 3.89395 -0.214032
11.28 3.86696 -0.334913
11.32 3.81107 -0.453291
11.36 3.72669 -0.568282
11.4 3.61447 -0.679025
11.44 3.47522 -0.784693
11.48 3.31 -0.884494
11.52 3.12003 -0.977683
11.56 2.90673 -1.06356
11.6 2.67169 -1.14148
11.64 2.41667 -1.21087
11.68 2.14357 -1.2712
11.72 1.85444 -1.32202
11.76 1.55143 -1.36295
11.8 1.23682 -1.39368
11.84 0.912947 -1.41399
11.88 0.582245 -1.42371
11.92 0.247185 -1.42277
11.96 -0.0897244 -1.41119
12 -0.425962 -1.38904
12.04 -0.759011 -1.35649
12.08 -1.08638 -1.31378
12.12 -1.40561 -1.26124
12.16 -1.71431 -1.19925
12.2 -2.01018 -1.12828
12.24 -2.29098 -1.04886
12.28 -2.55463 -0.961578
12.32 -2.79913 -0.867094
12.36 -3.02267 -0.766114
12.4 -3.22355 -0.659393
12.44 -3.40027 -0.54773
12.48 -3.55152 -0.431962
12.52 -3.67614 -0.312957
12.56 -3.7732 -0.191606
12.6 -3.84198 -0.0688178
12.64 -3.88195 0.0544859
12.68 -3.89282 0.177381
12.72 -3.87449 0.298946
12.76 -3.82711 0.418269
12.8 -3.75102 0.534455
12.84 -3.6468 0.646632
12.88 -3.51523 0.753959
12.92 -3.35728 0.855629
12.96 -3.17414 0.95088
13 -2.96719 1.039
13.04 -2.73797 1.11932
13.08 -2.4882 1.19124
13.12 -2.21976 1.25421
13.16 -1.93466 1.30778
13.2 -1.63504 1.35153
13.24 -1.32314 1.38513
13.28 -1.00131 1.40833
13.32 -0.671958 1.42096
13.36 -0.337563 1.42292
13.4 -0.000632883 1.4142
13.44 0.336302 1.39485
13.48 0.670711 1.36503
13.52 1 1.32497
