0 0 0
0.08 3.19025e-102 -7.33567e-107
0.16 4.06418e-96 -1.19071e-100
0.24 3.64761e-91 -1.66075e-95
0.32 5.53105e-87 -4.10852e-91
0.4 2.63609e-83 -3.15245e-87
0.48 4.89797e-80 -9.00606e-84
0.56 4.38066e-77 -1.18507e-80
0.64 2.1261e-74 -8.1202e-78
0.72 6.18123e-72 -3.2189e-75
0.8 1.15863e-69 -7.98672e-73
0.88 1.4853e-67 -1.32183e-70
0.96 1.36585e-65 -1.53635e-68
1.04 9.37152e-64 -1.30847e-66
1.12 4.95821e-62 -6.79271e-65
1.08 8.09139e-63 -1.22885e-65
1.06 2.81851e-63 -4.21285e-66
1.08 8.31344e-63 -1.32628e-65
1.1 2.40436e-62 -4.08336e-65
1.12 6.82238e-62 -1.23054e-64
1.14 1.90054e-61 -3.63281e-64
1.16 5.20109e-61 -1.05152e-63
1.18 1.39911e-60 -2.98639e-63
1.2 3.70168e-60 -8.32801e-63
1.22 9.63764e-60 -2.28187e-62
1.24 2.47054e-59 -6.14709e-62
1.26 6.23847e-59 -1.62905e-61
1.28 1.55251e-58 -4.2494e-61
1.3 3.80936e-58 -1.09164e-60
1.32 9.2198e-58 -2.76319e-60
1.34 2.20201e-57 -6.89486e-60
1.36 5.19175e-57 -1.69676e-59
1.38 1.20884e-56 -4.11985e-59
1.4 2.78062e-56 -9.8739e-59
1.42 6.32091e-56 -2.33674e-58
1.44 1.42045e-55 -5.46269e-58
1.46 3.15659e-55 -1.26193e-57
1.48 6.93885e-55 -2.88164e-57
1.5 1.50925e-54 -6.50676e-57
1.52 3.24906e-54 -1.45326e-56
1.54 6.92463e-54 -3.21148e-56
1.56 1.46147e-53 -7.02386e-56
1.58 3.05522e-53 -1.5208e-55
1.6 6.32792e-53 -3.26069e-55
1.62 1.29881e-52 -6.92463e-55
1.64 2.64235e-52 -1.45693e-54
1.66 5.32953e-52 -3.03767e-54
1.68 1.06594e-51 -6.27763e-54
1.7 2.11448e-51 -1.28617e-53
1.72 4.16093e-51 -2.61302e-53
1.74 8.124e-51 -5.26518e-53
1.76 1.57406e-50 -1.05243e-52
1.78 3.02705e-50 -2.0872e-52
1.8 5.77878e-50 -4.10776e-52
1.82 1.09532e-49 -8.024e-52
1.84 2.06161e-49 -1.55595e-51
1.86 3.85383e-49 -2.99563e-51
1.88 7.15594e-49 -5.72712e-51
1.9 1.32004e-48 -1.08745e-50
1.92 2.41945e-48 -2.051e-50
1.94 4.40669e-48 -3.843e-50
1.96 7.97682e-48 -7.15456e-50
1.98 1.43523e-47 -1.32361e-49
2 2.56711e-47 -2.43365e-49
2.02 4.56507e-47 -4.44767e-49
2.04 8.07197e-47 -8.08042e-49
2.06 1.41935e-46 -1.45953e-48
2.08 2.48213e-46 -2.62133e-48
2.1 4.31748e-46 -4.68171e-48
2.12 7.4705e-46 -8.31591e-48
2.14 1.28596e-45 -1.46921e-47
2.16 2.20244e-45 -2.58206e-47
2.18 3.75336e-45 -4.51444e-47
2.2 6.36525e-45 -7.853e-47
2.22 1.07431e-44 -1.35926e-46
2.24 1.80467e-44 -2.34122e-46
2.26 3.01758e-44 -4.01323e-46
2.28 5.0228e-44 -6.84691e-46
2.3 8.3233e-44 -1.16273e-45
2.32 1.37322e-43 -1.96554e-45
2.34 2.25586e-43 -3.30778e-45
2.36 3.69016e-43 -5.54213e-45
2.38 6.0113e-43 -9.24558e-45
2.4 9.75245e-43 -1.53582e-44
2.42 1.57583e-42 -2.54053e-44
2.44 2.53621e-42 -4.18522e-44
2.46 4.06602e-42 -6.86669e-44
2.48 6.49365e-42 -1.12213e-43
2.5 1.03317e-41 -1.82653e-43
2.52 1.63773e-41 -2.96164e-43
2.54 2.58658e-41 -4.78389e-43
2.56 4.07051e-41 -7.69838e-43
2.58 6.38315e-41 -1.23427e-42
2.6 9.97491e-41 -1.9717e-42
2.62 1.55343e-40 -3.13842e-42
2.64 2.41107e-40 -4.97789e-42
2.66 3.72976e-40 -7.868e-42
2.68 5.75083e-40 -1.23934e-41
2.7 8.83847e-40 -1.94557e-41
2.72 1.35407e-39 -3.04404e-41
2.74 2.06798e-39 -4.74704e-41
2.76 3.14854e-39 -7.37876e-41
2.78 4.77915e-39 -1.14328e-40
2.8 7.23251e-39 -1.76582e-40
2.82 1.0913e-38 -2.71884e-40
2.84 1.64184e-38 -4.17334e-40
2.86 2.46302e-38 -6.38649e-40
2.88 3.68448e-38 -9.74399e-40
2.9 5.49628e-38 -1.48226e-39
2.92 8.17643e-38 -2.24823e-39
2.94 1.21305e-37 -3.40017e-39
2.96 1.79484e-37 -5.12767e-39
2.98 2.64864e-37 -7.71108e-39
3 3.8984e-37 -1.15638e-38
3.02 5.72309e-37 -1.72937e-38
3.04 8.38048e-37 -2.57926e-38
3.06 1.2241e-36 -3.83648e-38
3.08 1.78356e-36 -5.69138e-38
3.1 2.59236e-36 -8.42094e-38
3.12 3.75883e-36 -1.24272e-37
3.14 5.4372e-36 -1.82925e-37
3.16 7.84645e-36 -2.68578e-37
3.18 1.12969e-35 -3.93346e-37
3.2 1.62275e-35 -5.74647e-37
3.22 2.3257e-35 -8.37452e-37
3.24 3.3257e-35 -1.21748e-36
3.26 4.74515e-35 -1.76572e-36
3.28 6.75562e-35 -2.55475e-36
3.3 9.59713e-35 -3.68767e-36
3.32 1.36047e-34 -5.31062e-36
3.34 1.9245e-34 -7.63021e-36
3.36 2.7167e-34 -1.0938e-35
3.38 3.82708e-34 -1.56444e-35
3.4 5.3803e-34 -2.23259e-35
3.42 7.54865e-34 -3.17906e-35
3.44 1.05698e-33 -4.51687e-35
3.46 1.47709e-33 -6.40378e-35
3.48 2.06015e-33 -9.05948e-35
3.5 2.86783e-33 -1.27893e-34
3.52 3.98454e-33 -1.80169e-34
3.54 5.52566e-33 -2.53284e-34
3.56 7.64856e-33 -3.55337e-34
3.58 1.05675e-32 -4.97494e-34
3.6 1.45738e-32 -6.95115e-34
3.62 2.00626e-32 -9.69298e-34
3.64 2.75692e-32 -1.34896e-33
3.66 3.78175e-32 -1.87364e-33
3.68 5.17846e-32 -2.59735e-33
3.7 7.07873e-32 -3.59369e-33
3.72 9.65973e-32 -4.96275e-33
3.74 1.31594e-31 -6.84046e-33
3.76 1.7897e-31 -9.41103e-33
3.78 2.42996e-31 -1.29237e-32
3.8 3.29385e-31 -1.77149e-32
3.82 4.4576e-31 -2.42383e-32
3.84 6.02276e-31 -3.31045e-32
3.86 8.1245e-31 -4.51334e-32
3.88 1.09424e-30 -6.14248e-32
3.9 1.47144e-30 -8.3451e-32
3.92 1.97562e-30 -1.1318e-31
3.94 2.64847e-30 -1.53237e-31
3.96 3.54508e-30 -2.07119e-31
3.98 4.73807e-30 -2.79478e-31
4 6.3231e-30 -3.7649e-31
4.02 8.42589e-30 -5.06341e-31
4.04 1.12115e-29 -6.79869e-31
4.06 1.48965e-29 -9.11392e-31
4.08 1.97643e-29 -1.21981e-30
4.1 2.61854e-29 -1.63e-30
4.12 3.46437e-29 -2.17472e-30
4.14 4.57702e-29 -2.89696e-30
4.16 6.03865e-29 -3.85314e-30
4.18 7.95613e-29 -5.1171e-30
4.2 1.04682e-28 -6.78542e-30
4.22 1.3755e-28 -8.98422e-30
4.24 1.80497e-28 -1.18779e-29
4.26 2.36539e-28 -1.56806e-29
4.28 3.09577e-28 -2.06707e-29
4.3 4.04641e-28 -2.72096e-29
4.32 5.28218e-28 -3.57659e-29
4.34 6.88656e-28 -4.69465e-29
4.36 8.96692e-28 -6.15361e-29
4.38 1.16611e-27 -8.0548e-29
4.4 1.51461e-27 -1.05289e-28
4.42 1.96483e-27 -1.37443e-28
4.44 2.54577e-27 -1.79174e-28
4.46 3.29451e-27 -2.33265e-28
4.48 4.25835e-27 -3.03284e-28
4.5 5.49764e-27 -3.93806e-28
4.52 7.08926e-27 -5.10683e-28
4.54 9.131e-27 -6.61397e-28
4.56 1.17472e-26 -8.55501e-28
4.58 1.50957e-26 -1.10518e-27
4.6 1.93766e-26 -1.42594e-27
4.62 2.48435e-26 -1.83752e-27
4.64 3.18173e-26 -2.365e-27
4.66 4.07035e-26 -3.0402e-27
4.68 5.20145e-26 -3.90348e-27
4.7 6.63964e-26 -5.00591e-27
4.72 8.46634e-26 -6.41212e-27
4.74 1.07841e-25 -8.20374e-27
4.76 1.37217e-25 -1.04838e-26
4.78 1.74412e-25 -1.33821e-26
4.8 2.21458e-25 -1.70623e-26
4.82 2.80903e-25 -2.17301e-26
4.84 3.55939e-25 -2.76439e-26
4.86 4.50561e-25 -3.51281e-26
4.88 5.69761e-25 -4.45896e-26
4.9 7.19775e-25 -5.6538e-26
4.92 9.08385e-25 -7.16108e-26
4.94 1.14529e-24 -9.06051e-26
4.96 1.44257e-24 -1.14516e-25
4.98 1.81524e-24 -1.44585e-25
5 2.28201e-24 -1.8236e-25
5.02 2.86606e-24 -2.29767e-25
5.04 3.59618e-24 -2.89202e-25
5.06 4.50807e-24 -3.63642e-25
5.08 5.64593e-24 -4.56785e-25
5.1 7.06446e-24 -5.73213e-25
5.12 8.8313e-24 -7.18608e-25
5.14 1.103e-23 -9e-25
5.16 1.37636e-23 -1.12609e-24
5.18 1.71594e-23 -1.40761e-24
5.2 2.1374e-23 -1.75784e-24
5.22 2.66003e-23 -2.19314e-24
5.24 3.30755e-23 -2.73367e-24
5.26 4.10913e-23 -3.40425e-24
5.28 5.10058e-23 -4.23543e-24
5.3 6.32583e-23 -5.26472e-24
5.32 7.83874e-23 -6.53823e-24
5.34 9.70532e-23 -8.11249e-24
5.36 1.20063e-22 -1.00568e-23
5.38 1.48405e-22 -1.24562e-23
5.4 1.83287e-22 -1.54144e-23
5.42 2.26183e-22 -1.90587e-23
5.44 2.78891e-22 -2.35442e-23
5.46 3.43604e-22 -2.90605e-23
5.48 4.22996e-22 -3.58389e-23
5.5 5.20318e-22 -4.41611e-23
5.52 6.39527e-22 -5.43706e-23
5.54 7.85433e-22 -6.68849e-23
5.56 9.63879e-22 -8.2212e-23
5.58 1.18195e-21 -1.00969e-22
5.6 1.44826e-21 -1.23906e-22
5.62 1.77321e-21 -1.51931e-22
5.64 2.16944e-21 -1.86147e-22
5.66 2.65223e-21 -2.27889e-22
5.68 3.24003e-21 -2.78773e-22
5.7 3.95518e-21 -3.40754e-22
5.72 4.82464e-21 -4.16194e-22
5.74 5.88095e-21 -5.07948e-22
5.76 7.16333e-21 -6.19459e-22
5.78 8.71908e-21 -7.54883e-22
5.8 1.06051e-20 -9.19225e-22
5.82 1.289e-20 -1.11852e-21
5.84 1.56561e-20 -1.36001e-21
5.86 1.90026e-20 -1.65245e-21
5.88 2.30483e-20 -2.0063e-21
5.9 2.7936e-20 -2.43418e-21
5.92 3.38371e-20 -2.95121e-21
5.94 4.09567e-20 -3.57552e-21
5.96 4.95409e-20 -4.32885e-21
5.98 5.9884e-20 -5.23725e-21
6 7.23383e-20 -6.33189e-21
6.02 8.73247e-20 -7.65004e-21
6.04 1.05347e-19 -9.2363e-21
6.06 1.27004e-19 -1.11439e-20
6.08 1.53015e-19 -1.34365e-20
6.1 1.84234e-19 -1.61898e-20
6.12 2.2168e-19 -1.94945e-20
6.14 2.66567e-19 -2.34582e-20
6.16 3.2034e-19 -2.82094e-20
6.18 3.84718e-19 -3.39008e-20
6.2 4.61745e-19 -4.07143e-20
6.22 5.53849e-19 -4.88658e-20
6.24 6.63915e-19 -5.86121e-20
6.26 7.95366e-19 -7.02578e-20
6.28 9.52262e-19 -8.41647e-20
6.3 1.13942e-18 -1.00762e-19
6.32 1.36253e-18 -1.20557e-19
6.34 1.62836e-18 -1.44152e-19
6.36 1.9449e-18 -1.7226e-19
6.38 2.32159e-18 -2.05723e-19
6.4 2.76962e-18 -2.4554e-19
6.42 3.30217e-18 -2.92888e-19
6.44 3.93484e-18 -3.49158e-19
6.46 4.68602e-18 -4.15994e-19
6.48 5.5774e-18 -4.95332e-19
6.5 6.63456e-18 -5.89458e-19
6.52 7.88763e-18 -7.01064e-19
6.54 9.37208e-18 -8.33321e-19
6.56 1.11297e-17 -9.89964e-19
6.58 1.32095e-17 -1.17538e-18
6.6 1.56693e-17 -1.39474e-18
6.62 1.8577e-17 -1.65412e-18
6.64 2.20121e-17 -1.96063e-18
6.66 2.60684e-17 -2.32265e-18
6.68 3.08553e-17 -2.75001e-18
6.7 3.65017e-17 -3.25422e-18
6.72 4.31583e-17 -3.84878e-18
6.74 5.10016e-17 -4.54952e-18
6.76 6.02386e-17 -5.37495e-18
6.78 7.11111e-17 -6.34675e-18
6.8 8.39022e-17 -7.49028e-18
6.82 9.89427e-17 -8.8352e-18
6.84 1.16619e-16 -1.04161e-17
6.86 1.37383e-16 -1.22736e-17
6.88 1.61761e-16 -1.44547e-17
6.9 1.90369e-16 -1.70148e-17
6.92 2.23922e-16 -2.0018e-17
6.94 2.63258e-16 -2.35393e-17
6.96 3.09349e-16 -2.76661e-17
6.98 3.63329e-16 -3.24999e-17
7 4.26518e-16 -3.81594e-17
7.02 5.00451e-16 -4.4782e-17
7.04 5.86912e-16 -5.25282e-17
7.06 6.87977e-16 -6.15839e-17
7.08 8.06057e-16 -7.21656e-17
7.1 9.43949e-16 -8.45245e-17
7.12 1.1049e-15 -9.89522e-17
7.14 1.29269e-15 -1.15787e-16
7.16 1.51167e-15 -1.35421e-16
7.18 1.76692e-15 -1.5831e-16
7.2 2.0643e-15 -1.8498e-16
7.22 2.41062e-15 -2.16041e-16
7.24 2.81373e-15 -2.52201e-16
7.26 3.28274e-15 -2.94276e-16
7.28 3.82817e-15 -3.43212e-16
7.3 4.46221e-15 -4.00102e-16
7.32 5.19889e-15 -4.6621e-16
7.34 6.05447e-15 -5.42994e-16
7.36 7.0477e-15 -6.32138e-16
7.38 8.20021e-15 -7.35587e-16
7.4 9.53696e-15 -8.55584e-16
7.42 1.10867e-14 -9.94713e-16
7.44 1.28827e-14 -1.15596e-15
7.46 1.4963e-14 -1.34275e-15
7.48 1.73718e-14 -1.55904e-15
7.5 2.01595e-14 -1.80938e-15
7.52 2.33847e-14 -2.09902e-15
7.54 2.71141e-14 -2.43398e-15
7.56 3.1425e-14 -2.82117e-15
7.58 3.64058e-14 -3.26857e-15
7.6 4.21584e-14 -3.78532e-15
7.62 4.87994e-14 -4.38192e-15
7.64 5.64631e-14 -5.07042e-15
7.66 6.53032e-14 -5.86465e-15
7.68 7.54961e-14 -6.78048e-15
7.7 8.72442e-14 -7.83609e-15
7.72 1.00779e-13 -9.05232e-15
7.74 1.16367e-13 -1.0453e-14
7.76 1.34311e-13 -1.20656e-14
7.78 1.54959e-13 -1.39213e-14
7.8 1.78711e-13 -1.6056e-14
7.82 2.06021e-13 -1.85105e-14
7.84 2.3741e-13 -2.13318e-14
7.86 2.73473e-13 -2.45734e-14
7.88 3.1489e-13 -2.82963e-14
7.9 3.62439e-13 -3.25706e-14
7.92 4.17005e-13 -3.74758e-14
7.94 4.796e-13 -4.3103e-14
7.96 5.51379e-13 -4.95559e-14
7.98 6.33657e-13 -5.69531e-14
8 7.27935e-13 -6.54293e-14
8.02 8.35922e-13 -7.51383e-14
8.04 9.59565e-13 -8.62554e-14
8.06 1.10108e-12 -9.89799e-14
8.08 1.263e-12 -1.13539e-13
8.1 1.44818e-12 -1.30191e-13
8.12 1.6599e-12 -1.49229e-13
8.14 1.90188e-12 -1.70988e-13
8.16 2.17832e-12 -1.95848e-13
8.18 2.49403e-12 -2.24239e-13
8.2 2.85446e-12 -2.56653e-13
8.22 3.2658e-12 -2.93645e-13
8.24 3.73506e-12 -3.35847e-13
8.26 4.27021e-12 -3.83977e-13
8.28 4.88029e-12 -4.38846e-13
8.3 5.57555e-12 -5.01377e-13
8.32 6.36761e-12 -5.72615e-13
8.34 7.26961e-12 -6.53744e-13
8.36 8.29647e-12 -7.46104e-13
8.38 9.46508e-12 -8.51215e-13
8.4 1.07945e-11 -9.70795e-13
8.42 1.23064e-11 -1.10679e-12
8.44 1.40253e-11 -1.2614e-12
8.46 1.59787e-11 -1.43711e-12
8.48 1.8198e-11 -1.63674e-12
8.5 2.07185e-11 -1.86347e-12
8.52 2.358e-11 -2.12088e-12
8.54 2.68278e-11 -2.41303e-12
8.56 3.05126e-11 -2.74451e-12
8.58 3.46919e-11 -3.12047e-12
8.6 3.94305e-11 -3.54676e-12
8.62 4.48016e-11 -4.02994e-12
8.64 5.08874e-11 -4.57743e-12
8.66 5.7781e-11 -5.19759e-12
8.68 6.5587e-11 -5.89984e-12
8.7 7.44233e-11 -6.69479e-12
8.72 8.44227e-11 -7.59439e-12
8.74 9.57348e-11 -8.61208e-12
8.76 1.08528e-10 -9.76301e-12
8.78 1.22991e-10 -1.10642e-11
8.8 1.39336e-10 -1.25348e-11
8.82 1.57805e-10 -1.41964e-11
8.84 1.78664e-10 -1.60731e-11
8.86 2.02218e-10 -1.81922e-11
8.88 2.28805e-10 -2.05843e-11
8.9 2.58806e-10 -2.32835e-11
8.92 2.9265e-10 -2.63286e-11
8.94 3.30818e-10 -2.97627e-11
8.96 3.73849e-10 -3.36343e-11
8.98 4.22347e-10 -3.79978e-11
9 4.76991e-10 -4.29144e-11
9.02 5.38541e-10 -4.84523e-11
9.04 6.07849e-10 -5.46883e-11
9.06 6.85869e-10 -6.17083e-11
9.08 7.73671e-10 -6.96084e-11
9.1 8.72453e-10 -7.84964e-11
9.12 9.83553e-10 -8.84929e-11
9.14 1.10847e-09 -9.97329e-11
9.16 1.24889e-09 -1.12367e-10
9.18 1.40668e-09 -1.26565e-10
9.2 1.58393e-09 -1.42514e-10
9.22 1.78301e-09 -1.60427e-10
9.24 2.00652e-09 -1.80539e-10
9.26 2.2574e-09 -2.03112e-10
9.28 2.53891e-09 -2.28443e-10
9.3 2.85471e-09 -2.56859e-10
9.32 3.20886e-09 -2.88726e-10
9.34 3.60593e-09 -3.24455e-10
9.36 4.05098e-09 -3.64501e-10
9.38 4.54967e-09 -4.09374e-10
9.4 5.10832e-09 -4.59642e-10
9.42 5.73395e-09 -5.15938e-10
9.44 6.4344e-09 -5.78967e-10
9.46 7.21841e-09 -6.49515e-10
9.48 8.09571e-09 -7.28456e-10
9.5 9.07712e-09 -8.16767e-10
9.52 1.01747e-08 -9.15532e-10
9.54 1.14019e-08 -1.02596e-09
9.56 1.27736e-08 -1.14939e-09
9.58 1.43064e-08 -1.28732e-09
9.6 1.60188e-08 -1.44141e-09
9.62 1.79314e-08 -1.61351e-09
9.64 2.00669e-08 -1.80568e-09
9.66 2.24507e-08 -2.02018e-09
9.68 2.5111e-08 -2.25957e-09
9.7 2.80791e-08 -2.52666e-09
9.72 3.13897e-08 -2.82456e-09
9.74 3.50814e-08 -3.15676e-09
9.76 3.91969e-08 -3.5271e-09
9.78 4.37838e-08 -3.93986e-09
9.8 4.88947e-08 -4.39977e-09
9.82 5.4588e-08 -4.91209e-09
9.84 6.09285e-08 -5.48265e-09
9.86 6.79879e-08 -6.1179e-09
9.88 7.58457e-08 -6.825e-09
9.9 8.45901e-08 -7.61189e-09
9.92 9.43186e-08 -8.48732e-09
9.94 1.05139e-07 -9.46104e-09
9.96 1.17172e-07 -1.05438e-08
9.98 1.30548e-07 -1.17475e-08
10 1.45415e-07 -1.30854e-08
10.02 1.61935e-07 -1.45719e-08
10.04 1.80286e-07 -1.62233e-08
10.06 2.00667e-07 -1.80574e-08
10.08 2.23297e-07 -2.00938e-08
10.1 2.48417e-07 -2.23543e-08
10.12 2.76296e-07 -2.48631e-08
10.14 3.07228e-07 -2.76466e-08
10.16 3.4154e-07 -3.07343e-08
10.18 3.79592e-07 -3.41585e-08
10.2 4.2178e-07 -3.79549e-08
10.22 4.68545e-07 -4.21632e-08
10.24 5.20369e-07 -4.68268e-08
10.26 5.77787e-07 -5.19938e-08
10.28 6.41388e-07 -5.77171e-08
10.3 7.1182e-07 -6.40552e-08
10.32 7.89799e-07 -7.10724e-08
10.34 8.76113e-07 -7.88398e-08
10.36 9.71632e-07 -8.74354e-08
10.38 1.07731e-06 -9.69454e-08
10.4 1.19421e-06 -1.07465e-07
10.42 1.32348e-06 -1.19098e-07
10.44 1.4664e-06 -1.31959e-07
10.46 1.62438e-06 -1.46176e-07
10.48 1.79897e-06 -1.61887e-07
10.5 1.99186e-06 -1.79245e-07
10.52 2.20494e-06 -1.98419e-07
10.54 2.44024e-06 -2.19595e-07
10.56 2.70005e-06 -2.42974e-07
10.58 2.98684e-06 -2.68782e-07
10.6 3.30335e-06 -2.97265e-07
10.62 3.65257e-06 -3.28691e-07
10.64 4.03781e-06 -3.63358e-07
10.66 4.46268e-06 -4.01592e-07
10.68 4.93115e-06 -4.4375e-07
10.7 5.4476e-06 -4.90225e-07
10.72 6.01681e-06 -5.41448e-07
10.74 6.64402e-06 -5.97891e-07
10.76 7.33501e-06 -6.60072e-07
10.78 8.09608e-06 -7.28561e-07
10.8 8.93418e-06 -8.03981e-07
10.82 9.85688e-06 -8.87016e-07
10.84 1.08725e-05 -9.78414e-07
10.86 1.19902e-05 -1.079e-06
10.88 1.322e-05 -1.18966e-06
10.9 1.45728e-05 -1.3114e-06
10.92 1.60605e-05 -1.44528e-06
10.94 1.76964e-05 -1.59249e-06
10.96 1.94947e-05 -1.75432e-06
10.98 2.14712e-05 -1.93219e-06
11 2.36432e-05 -2.12764e-06
11.02 2.60293e-05 -2.34238e-06
11.04 2.86503e-05 -2.57824e-06
11.06 3.15286e-05 -2.83726e-06
11.08 3.46889e-05 -3.12165e-06
11.1 3.81579e-05 -3.43383e-06
11.12 4.19652e-05 -3.77645e-06
11.14 4.61429e-05 -4.1524e-06
11.16 5.0726e-05 -4.56483e-06
11.18 5.57529e-05 -5.0172e-06
11.2 6.12654e-05 -5.51327e-06
11.22 6.73092e-05 -6.05716e-06
11.24 7.39343e-05 -6.65335e-06
11.26 8.1195e-05 -7.30674e-06
11.28 8.91507e-05 -8.02268e-06
11.3 9.78663e-05 -8.807e-06
11.32 0.000107412 -9.66605e-06
11.34 0.000117866 -1.06068e-05
11.36 0.000129311 -1.16367e-05
11.38 0.00014184 -1.27642e-05
11.4 0.000155551 -1.39981e-05
11.42 0.000170554 -1.53482e-05
11.44 0.000186968 -1.68253e-05
11.46 0.000204921 -1.84409e-05
11.48 0.000224554 -2.02076e-05
11.5 0.000246019 -2.21393e-05
11.52 0.000269485 -2.4251e-05
11.54 0.000295131 -2.65589e-05
11.56 0.000323155 -2.90809e-05
11.58 0.000353773 -3.18361e-05
11.6 0.000387217 -3.48458e-05
11.62 0.000423741 -3.81326e-05
11.64 0.000463623 -4.17216e-05
11.66 0.000507161 -4.56396e-05
11.68 0.000554682 -4.9916e-05
11.7 0.000606542 -5.45829e-05
11.72 0.000663125 -5.96749e-05
11.74 0.00072485 -6.52295e-05
11.76 0.000792173 -7.12879e-05
11.78 0.000865586 -7.78944e-05
11.8 0.000945627 -8.50973e-05
11.82 0.00103288 -9.2949e-05
11.84 0.00112797 -0.000101506
11.86 0.00123159 -0.000110831
11.88 0.00134448 -0.00012099
11.9 0.00146744 -0.000132056
11.92 0.00160137 -0.000144108
11.94 0.00174719 -0.00015723
11.96 0.00190595 -0.000171517
11.98 0.00207875 -0.000187068
12 0.00226681 -0.000203992
12.02 0.00247144 -0.000222406
12.04 0.00269406 -0.00024244
12.06 0.00293621 -0.000264231
12.08 0.00319954 -0.000287928
12.1 0.00348587 -0.000313696
12.12 0.00379716 -0.000341708
12.14 0.0041355 -0.000372156
12.16 0.0045032 -0.000405245
12.18 0.00490272 -0.000441199
12.2 0.00533676 -0.000480258
12.22 0.0058082 -0.000522683
12.24 0.00632018 -0.000568756
12.26 0.00687609 -0.000618783
12.28 0.0074796 -0.000673093
12.3 0.00813467 -0.000732044
12.32 0.00884559 -0.000796019
12.34 0.00961698 -0.000865437
12.36 0.0104538 -0.000940746
12.38 0.0113616 -0.00102243
12.4 0.012346 -0.00111102
12.42 0.0134135 -0.00120709
12.44 0.0145708 -0.00131123
12.46 0.0158252 -0.00142412
12.48 0.0171847 -0.00154646
12.5 0.0186579 -0.00167904
12.52 0.020254 -0.00182267
12.54 0.0219829 -0.00197826
12.56 0.0238555 -0.00214677
12.58 0.0258832 -0.00232924
12.6 0.0280786 -0.00252681
12.62 0.0304552 -0.00274068
12.64 0.0330275 -0.00297216
12.66 0.0358111 -0.00322266
12.68 0.0388229 -0.0034937
12.7 0.0420812 -0.00378691
12.72 0.0456054 -0.00410406
12.74 0.0494168 -0.00444705
12.76 0.0535379 -0.00481791
12.78 0.0579934 -0.00521886
12.8 0.0628094 -0.00565226
12.82 0.0680145 -0.00612066
12.84 0.073639 -0.00662682
12.86 0.0797158 -0.00717367
12.88 0.0862803 -0.00776442
12.9 0.0933705 -0.00840247
12.92 0.101027 -0.0090915
12.94 0.109295 -0.00983548
12.96 0.11822 -0.0106387
12.98 0.127853 -0.0115056
13 0.13825 -0.0124412
13.02 0.149469 -0.0134508
13.04 0.161573 -0.0145401
13.06 0.17463 -0.0157151
13.08 0.188713 -0.0169824
13.1 0.203899 -0.018349
13.12 0.220274 -0.0198226
13.14 0.237926 -0.0214111
13.16 0.256954 -0.0231234
13.18 0.277461 -0.0249689
13.2 0.299558 -0.0269574
13.22 0.323365 -0.0290998
13.24 0.349012 -0.0314078
13.26 0.376635 -0.0338936
13.28 0.406382 -0.0365706
13.3 0.438412 -0.039453
13.32 0.472896 -0.0425562
13.34 0.510015 -0.0458965
13.36 0.549964 -0.0494916
13.38 0.592954 -0.0533603
13.4 0.639209 -0.0575228
13.42 0.688969 -0.0620008
13.44 0.742492 -0.0668173
13.46 0.800054 -0.0719974
13.48 0.861951 -0.0775675
13.5 0.928499 -0.0835562
13.52 1 -0.0899906
