0 0 0
0.08 2.4575e-55 -8.12971e-60
0.16 9.30909e-51 -4.87633e-55
0.24 2.7576e-47 -1.26714e-51
0.2 2.06295e-48 -1.22271e-52
0.18 2.29381e-49 -1.56748e-53
0.17 5.20747e-50 -3.49804e-54
0.18 2.5633e-49 -2.07164e-53
0.175 1.17296e-49 -8.76315e-54
0.18 2.5808e-49 -2.12741e-53
0.185 5.55646e-49 -5.0195e-53
0.19 1.17208e-48 -1.15355e-52
0.195 2.42495e-48 -2.58689e-52
0.2 4.9256e-48 -5.67007e-52
0.205 9.8315e-48 -1.21642e-51
0.21 1.92997e-47 -2.55753e-51
0.215 3.729e-47 -5.27587e-51
0.22 7.09675e-47 -1.06894e-50
0.225 1.33122e-46 -2.12917e-50
0.23 2.46283e-46 -4.17292e-50
0.235 4.4965e-46 -8.05352e-50
0.24 8.10608e-46 -1.53167e-49
0.245 1.44368e-45 -2.87257e-49
0.25 2.54136e-45 -5.31587e-49
0.255 4.42383e-45 -9.71248e-49
0.26 7.61824e-45 -1.75296e-48
0.265 1.29842e-44 -3.12696e-48
0.27 2.19101e-44 -5.51549e-48
0.275 3.66189e-44 -9.62393e-48
0.28 6.06381e-44 -1.66191e-47
0.285 9.95193e-44 -2.84132e-47
0.29 1.61929e-43 -4.81117e-47
0.295 2.61294e-43 -8.07146e-47
0.3 4.18252e-43 -1.34204e-46
0.305 6.64307e-43 -2.21222e-46
0.31 1.0472e-42 -3.61632e-46
0.315 1.63881e-42 -5.86413e-46
0.32 2.54661e-42 -9.43526e-46
0.325 3.9303e-42 -1.5067e-45
0.33 6.02574e-42 -2.38852e-45
0.335 9.17915e-42 -3.75974e-45
0.34 1.38958e-41 -5.8777e-45
0.345 2.09091e-41 -9.12786e-45
0.35 3.12775e-41 -1.40841e-44
0.355 4.65207e-41 -2.15957e-44
0.36 6.88092e-41 -3.29127e-44
0.365 1.01228e-40 -4.98649e-44
0.37 1.4814e-40 -7.51158e-44
0.375 2.15685e-40 -1.12523e-43
0.38 3.12469e-40 -1.67646e-43
0.385 4.50492e-40 -2.48456e-43
0.39 6.46421e-40 -3.66327e-43
0.395 9.23302e-40 -5.37418e-43
0.4 1.31287e-39 -7.84574e-43
0.405 1.85866e-39 -1.13996e-42
0.41 2.62014e-39 -1.64865e-42
0.415 3.67822e-39 -2.37358e-42
0.42 5.14263e-39 -3.40222e-42
0.425 7.16158e-39 -4.85567e-42
0.43 9.93454e-39 -6.90097e-42
0.435 1.37291e-38 -9.7676e-42
0.44 1.89029e-38 -1.37697e-41
0.445 2.59324e-38 -1.93357e-41
0.45 3.54504e-38 -2.70477e-41
0.455 4.82945e-38 -3.76944e-41
0.46 6.55699e-38 -5.23401e-41
0.465 8.87307e-38 -7.24164e-41
0.47 1.19684e-37 -9.98433e-41
0.475 1.60924e-37 -1.37187e-40
0.48 2.15703e-37 -1.87867e-40
0.485 2.88252e-37 -2.56426e-40
0.49 3.84057e-37 -3.48882e-40
0.495 5.10212e-37 -4.7318e-40
0.5 6.75871e-37 -6.39787e-40
0.505 8.92813e-37 -8.62446e-40
0.51 1.17615e-36 -1.15916e-39
0.515 1.54524e-36 -1.55343e-39
0.52 2.02481e-36 -2.07589e-39
0.525 2.64633e-36 -2.76633e-39
0.53 3.44986e-36 -3.67634e-39
0.535 4.48616e-36 -4.8726e-39
0.54 5.81949e-36 -6.44112e-39
0.545 7.53098e-36 -8.49256e-39
0.55 9.72285e-36 -1.1169e-38
0.555 1.25236e-35 -1.46523e-38
0.56 1.60945e-35 -1.9175e-38
0.565 2.06374e-35 -2.50334e-38
0.57 2.64046e-35 -3.26047e-38
0.575 3.37107e-35 -4.23676e-38
0.58 4.29472e-35 -5.49285e-38
0.585 5.46006e-35 -7.10542e-38
0.59 6.9274e-35 -9.17118e-38
0.595 8.7714e-35 -1.1812e-37
0.6 1.10843e-34 -1.51808e-37
0.605 1.39798e-34 -1.94697e-37
0.61 1.7598e-34 -2.4919e-37
0.615 2.21109e-34 -3.18291e-37
0.62 2.77297e-34 -4.05746e-37
0.625 3.4713e-34 -5.16218e-37
0.63 4.33771e-34 -6.55505e-37
0.635 5.4108e-34 -8.30799e-37
0.64 6.73763e-34 -1.05101e-36
0.645 8.37548e-34 -1.32714e-36
0.65 1.03939e-33 -1.6728e-36
0.655 1.28775e-33 -2.10474e-36
0.66 1.59284e-33 -2.64358e-36
0.665 1.96704e-33 -3.31464e-36
0.67 2.4253e-33 -4.14898e-36
0.675 2.98567e-33 -5.18466e-36
0.68 3.66985e-33 -6.46818e-36
0.685 4.50398e-33 -8.05634e-36
0.69 5.51945e-33 -1.00184e-35
0.695 6.75391e-33 -1.24387e-35
0.7 8.25249e-33 -1.54196e-35
0.705 1.00691e-32 -1.90856e-35
0.71 1.22684e-32 -2.35876e-35
0.715 1.49272e-32 -2.91081e-35
0.72 1.81374e-32 -3.58679e-35
0.725 2.20081e-32 -4.41335e-35
0.73 2.66693e-32 -5.42263e-35
0.735 3.22752e-32 -6.65335e-35
0.74 3.90087e-32 -8.15205e-35
0.745 4.70868e-32 -9.97465e-35
0.75 5.67659e-32 -1.21882e-34
0.755 6.83494e-32 -1.48732e-34
0.76 8.21954e-32 -1.81258e-34
0.765 9.87263e-32 -2.20609e-34
0.77 1.1844e-31 -2.68159e-34
0.775 1.41922e-31 -3.25547e-34
0.78 1.69861e-31 -3.94721e-34
0.785 2.03065e-31 -4.78005e-34
0.79 2.42485e-31 -5.78155e-34
0.795 2.89231e-31 -6.98449e-34
0.8 3.44607e-31 -8.42771e-34
0.805 4.10135e-31 -1.01572e-33
0.81 4.87595e-31 -1.22275e-33
0.815 5.79066e-31 -1.47029e-33
0.82 6.86969e-31 -1.76595e-33
0.825 8.1413e-31 -2.11869e-33
0.83 9.63835e-31 -2.5391e-33
0.835 1.13991e-30 -3.03961e-33
0.84 1.34679e-30 -3.63488e-33
0.845 1.58963e-30 -4.3421e-33
0.85 1.87442e-30 -5.18147e-33
0.855 2.20809e-30 -6.17668e-33
0.86 2.59865e-30 -7.35549e-33
0.865 3.0554e-30 -8.75039e-33
0.87 3.58906e-30 -1.03994e-32
0.875 4.21203e-30 -1.23469e-32
0.88 4.9386e-30 -1.46448e-32
0.885 5.78525e-30 -1.73535e-32
0.89 6.77098e-30 -2.05436e-32
0.895 7.91765e-30 -2.4297e-32
0.9 9.2504e-30 -2.87094e-32
0.905 1.07981e-29 -3.38916e-32
0.91 1.2594e-29 -3.99726e-32
0.915 1.46761e-29 -4.71021e-32
0.92 1.70881e-29 -5.54534e-32
0.925 1.98801e-29 -6.52277e-32
0.93 2.31092e-29 -7.66576e-32
0.935 2.68411e-29 -9.00123e-32
0.94 3.11505e-29 -1.05603e-31
0.945 3.61232e-29 -1.23789e-31
0.95 4.18567e-29 -1.44985e-31
0.955 4.84626e-29 -1.69669e-31
0.96 5.60679e-29 -1.98392e-31
0.965 6.48172e-29 -2.3179e-31
0.97 7.48754e-29 -2.70592e-31
0.975 8.64299e-29 -3.15637e-31
0.98 9.96937e-29 -3.67891e-31
0.985 1.14909e-28 -4.28462e-31
0.99 1.32351e-28 -4.98619e-31
0.995 1.52331e-28 -5.7982e-31
1 1.75203e-28 -6.73735e-31
1.005 2.01367e-28 -7.82275e-31
1.01 2.31278e-28 -9.07627e-31
1.015 2.65449e-28 -1.05229e-30
1.02 3.04461e-28 -1.21913e-30
1.025 3.48971e-28 -1.4114e-30
1.03 3.99721e-28 -1.63282e-30
1.035 4.57549e-28 -1.88765e-30
1.04 5.23398e-28 -2.18073e-30
1.045 5.98336e-28 -2.51756e-30
1.05 6.83564e-28 -2.90442e-30
1.055 7.80434e-28 -3.34845e-30
1.06 8.90469e-28 -3.85778e-30
1.065 1.01538e-27 -4.4416e-30
1.07 1.1571e-27 -5.11041e-30
1.075 1.3178e-27 -5.87607e-30
1.08 1.49989e-27 -6.75207e-30
1.085 1.70612e-27 -7.75368e-30
1.09 1.93955e-27 -8.8982e-30
1.095 2.20361e-27 -1.02052e-29
1.1 2.50216e-27 -1.16969e-29
1.105 2.83951e-27 -1.33984e-29
1.11 3.22048e-27 -1.53379e-29
1.115 3.65048e-27 -1.75475e-29
1.12 4.13556e-27 -2.00633e-29
1.125 4.68247e-27 -2.29261e-29
1.13 5.29877e-27 -2.61819e-29
1.135 5.99288e-27 -2.98825e-29
1.14 6.77423e-27 -3.40864e-29
1.145 7.6533e-27 -3.88592e-29
1.15 8.64181e-27 -4.4275e-29
1.155 9.75282e-27 -5.0417e-29
1.16 1.10009e-26 -5.73789e-29
1.165 1.24021e-26 -6.52657e-29
1.17 1.39746e-26 -7.41957e-29
1.175 1.57385e-26 -8.43013e-29
1.18 1.77159e-26 -9.57313e-29
1.185 1.99317e-26 -1.08653e-28
1.19 2.24134e-26 -1.23252e-28
1.195 2.51916e-26 -1.3974e-28
1.2 2.83002e-26 -1.58349e-28
1.205 3.17769e-26 -1.79344e-28
1.21 3.56635e-26 -2.03018e-28
1.215 4.00062e-26 -2.29699e-28
1.22 4.48563e-26 -2.59755e-28
1.225 5.02707e-26 -2.93595e-28
1.23 5.63122e-26 -3.31679e-28
1.235 6.30505e-26 -3.74517e-28
1.24 7.05625e-26 -4.2268e-28
1.245 7.89334e-26 -4.76805e-28
1.25 8.82573e-26 -5.37601e-28
1.255 9.86382e-26 -6.05858e-28
1.26 1.10191e-25 -6.82456e-28
1.265 1.23042e-25 -7.68377e-28
1.27 1.37332e-25 -8.6471e-28
1.275 1.53214e-25 -9.72668e-28
1.28 1.70859e-25 -1.0936e-27
1.285 1.90454e-25 -1.22901e-27
1.29 2.12207e-25 -1.38055e-27
1.295 2.36343e-25 -1.55009e-27
1.3 2.63115e-25 -1.73967e-27
1.305 2.92798e-25 -1.95156e-27
1.31 3.25694e-25 -2.18831e-27
1.315 3.62138e-25 -2.4527e-27
1.32 4.02495e-25 -2.74785e-27
1.325 4.4717e-25 -3.07719e-27
1.33 4.96604e-25 -3.44454e-27
1.335 5.51284e-25 -3.8541e-27
1.34 6.11743e-25 -4.31055e-27
1.345 6.78566e-25 -4.81905e-27
1.35 7.52396e-25 -5.38531e-27
1.355 8.33937e-25 -6.01563e-27
1.36 9.2396e-25 -6.71699e-27
1.365 1.02331e-24 -7.49708e-27
1.37 1.13292e-24 -8.36441e-27
1.375 1.2538e-24 -9.32836e-27
1.38 1.38705e-24 -1.03993e-26
1.385 1.53391e-24 -1.15886e-26
1.39 1.69568e-24 -1.29088e-26
1.395 1.87384e-24 -1.4374e-26
1.4 2.06997e-24 -1.59992e-26
1.405 2.2858e-24 -1.78014e-26
1.41 2.52324e-24 -1.97991e-26
1.415 2.78435e-24 -2.20127e-26
1.42 3.07141e-24 -2.44647e-26
1.425 3.38688e-24 -2.71796e-26
1.43 3.73345e-24 -3.01848e-26
1.435 4.11407e-24 -3.35099e-26
1.44 4.53195e-24 -3.71878e-26
1.445 4.99058e-24 -4.12544e-26
1.45 5.49376e-24 -4.57494e-26
1.455 6.04565e-24 -5.0716e-26
1.46 6.65077e-24 -5.6202e-26
1.465 7.31405e-24 -6.22595e-26
1.47 8.04083e-24 -6.89458e-26
1.475 8.83694e-24 -7.63238e-26
1.48 9.70874e-24 -8.44623e-26
1.485 1.06631e-23 -9.34366e-26
1.49 1.17076e-23 -1.03329e-25
1.495 1.28502e-23 -1.14231e-25
1.5 1.41e-23 -1.26241e-25
1.505 1.54664e-23 -1.39466e-25
1.51 1.696e-23 -1.54027e-25
1.515 1.85921e-23 -1.70052e-25
1.52 2.0375e-23 -1.87682e-25
1.525 2.23221e-23 -2.07074e-25
1.53 2.44478e-23 -2.28396e-25
1.535 2.67679e-23 -2.51832e-25
1.54 2.92994e-23 -2.77586e-25
1.545 3.20607e-23 -3.05876e-25
1.55 3.5072e-23 -3.36944e-25
1.555 3.83548e-23 -3.71052e-25
1.56 4.19327e-23 -4.08486e-25
1.565 4.58311e-23 -4.49559e-25
1.57 5.00775e-23 -4.9461e-25
1.575 5.47017e-23 -5.44011e-25
1.58 5.97359e-23 -5.98165e-25
1.585 6.5215e-23 -6.57513e-25
1.59 7.11766e-23 -7.22534e-25
1.595 7.76616e-23 -7.9375e-25
1.6 8.4714e-23 -8.7173e-25
1.605 9.23814e-23 -9.5709e-25
1.61 1.00715e-22 -1.0505e-24
1.615 1.09771e-22 -1.1527e-24
1.62 1.19608e-22 -1.26448e-24
1.625 1.30292e-22 -1.3867e-24
1.63 1.41893e-22 -1.5203e-24
1.635 1.54486e-22 -1.66631e-24
1.64 1.68151e-22 -1.82583e-24
1.645 1.82978e-22 -2.00006e-24
1.65 1.9906e-22 -2.19031e-24
1.655 2.16499e-22 -2.39801e-24
1.66 2.35406e-22 -2.62468e-24
1.665 2.55898e-22 -2.87199e-24
1.67 2.78103e-22 -3.14176e-24
1.675 3.02159e-22 -3.43595e-24
1.68 3.28213e-22 -3.75669e-24
1.685 3.56424e-22 -4.10627e-24
1.69 3.86964e-22 -4.48721e-24
1.695 4.20017e-22 -4.9022e-24
1.7 4.55781e-22 -5.35417e-24
1.705 4.9447e-22 -5.84631e-24
1.71 5.36313e-22 -6.38204e-24
1.715 5.81557e-22 -6.96507e-24
1.72 6.30466e-22 -7.59944e-24
1.725 6.83325e-22 -8.28949e-24
1.73 7.4044e-22 -9.03992e-24
1.735 8.02141e-22 -9.85583e-24
1.74 8.68778e-22 -1.07427e-23
1.745 9.40733e-22 -1.17065e-23
1.75 1.01841e-21 -1.27536e-23
1.755 1.10225e-21 -1.3891e-23
1.76 1.19272e-21 -1.51262e-23
1.765 1.29031e-21 -1.64672e-23
1.77 1.39558e-21 -1.79228e-23
1.775 1.5091e-21 -1.95024e-23
1.78 1.63148e-21 -2.12162e-23
1.785 1.76339e-21 -2.30752e-23
1.79 1.90555e-21 -2.50911e-23
1.795 2.05872e-21 -2.72768e-23
1.8 2.22371e-21 -2.9646e-23
1.805 2.4014e-21 -3.22136e-23
1.81 2.59273e-21 -3.49955e-23
1.815 2.79869e-21 -3.8009e-23
1.82 3.02037e-21 -4.12725e-23
1.825 3.25892e-21 -4.48062e-23
1.83 3.51556e-21 -4.86316e-23
1.835 3.79161e-21 -5.27717e-23
1.84 4.08848e-21 -5.72516e-23
1.845 4.40768e-21 -6.2098e-23
1.85 4.75081e-21 -6.734e-23
1.855 5.11959e-21 -7.30085e-23
1.86 5.51587e-21 -7.91369e-23
1.865 5.94161e-21 -8.57613e-23
1.87 6.39892e-21 -9.29201e-23
1.875 6.89003e-21 -1.00655e-22
1.88 7.41734e-21 -1.09011e-22
1.885 7.98341e-21 -1.18035e-22
1.89 8.59097e-21 -1.27779e-22
1.895 9.24295e-21 -1.38299e-22
1.9 9.94245e-21 -1.49654e-22
1.905 1.06928e-20 -1.61908e-22
1.91 1.14975e-20 -1.75129e-22
1.915 1.23604e-20 -1.89391e-22
1.92 1.32855e-20 -2.04772e-22
1.925 1.42771e-20 -2.21358e-22
1.93 1.53398e-20 -2.39239e-22
1.935 1.64785e-20 -2.58512e-22
1.94 1.76984e-20 -2.79282e-22
1.945 1.90049e-20 -3.01661e-22
1.95 2.04042e-20 -3.25769e-22
1.955 2.19024e-20 -3.51734e-22
1.96 2.35062e-20 -3.79695e-22
1.965 2.52229e-20 -4.09799e-22
1.97 2.70599e-20 -4.42203e-22
1.975 2.90255e-20 -4.77078e-22
1.98 3.11282e-20 -5.14606e-22
1.985 3.33773e-20 -5.54979e-22
1.99 3.57824e-20 -5.98406e-22
1.995 3.83539e-20 -6.45109e-22
2 4.1103e-20 -6.95327e-22
2.005 4.40414e-20 -7.49314e-22
2.01 4.71815e-20 -8.07343e-22
2.015 5.05366e-20 -8.69704e-22
2.02 5.41209e-20 -9.3671e-22
2.025 5.79494e-20 -1.00869e-21
2.03 6.20381e-20 -1.08601e-21
2.035 6.64038e-20 -1.16904e-21
2.04 7.10646e-20 -1.2582e-21
2.045 7.60396e-20 -1.3539e-21
2.05 8.13492e-20 -1.45663e-21
2.055 8.70149e-20 -1.56688e-21
2.06 9.30596e-20 -1.68517e-21
2.065 9.95076e-20 -1.81207e-21
2.07 1.06385e-19 -1.94818e-21
2.075 1.13719e-19 -2.09415e-21
2.08 1.21538e-19 -2.25068e-21
2.085 1.29874e-19 -2.41848e-21
2.09 1.38759e-19 -2.59834e-21
2.095 1.48227e-19 -2.7911e-21
2.1 1.58317e-19 -2.99766e-21
2.105 1.69066e-19 -3.21895e-21
2.11 1.80516e-19 -3.456e-21
2.115 1.92711e-19 -3.70988e-21
2.12 2.05697e-19 -3.98174e-21
2.125 2.19524e-19 -4.27281e-21
2.13 2.34243e-19 -4.58441e-21
2.135 2.49911e-19 -4.91791e-21
2.14 2.66585e-19 -5.27482e-21
2.145 2.84328e-19 -5.6567e-21
2.15 3.03205e-19 -6.06524e-21
2.155 3.23286e-19 -6.50223e-21
2.16 3.44644e-19 -6.96958e-21
2.165 3.67358e-19 -7.46933e-21
2.17 3.91509e-19 -8.00364e-21
2.175 4.17186e-19 -8.5748e-21
2.18 4.4448e-19 -9.18527e-21
2.185 4.7349e-19 -9.83766e-21
2.19 5.04318e-19 -1.05347e-20
2.195 5.37074e-19 -1.12794e-20
2.2 5.71874e-19 -1.20749e-20
2.205 6.0884e-19 -1.29245e-20
2.21 6.48101e-19 -1.38317e-20
2.215 6.89793e-19 -1.48003e-20
2.22 7.34062e-19 -1.58343e-20
2.225 7.8106e-19 -1.6938e-20
2.23 8.30949e-19 -1.81159e-20
2.235 8.83898e-19 -1.93728e-20
2.24 9.40088e-19 -2.07138e-20
2.245 9.99708e-19 -2.21444e-20
2.25 1.06296e-18 -2.36701e-20
2.255 1.13006e-18 -2.52973e-20
2.26 1.20122e-18 -2.70324e-20
2.265 1.27669e-18 -2.88822e-20
2.27 1.35672e-18 -3.08541e-20
2.275 1.44156e-18 -3.29559e-20
2.28 1.5315e-18 -3.51957e-20
2.285 1.62683e-18 -3.75823e-20
2.29 1.72786e-18 -4.0125e-20
2.295 1.83492e-18 -4.28336e-20
2.3 1.94834e-18 -4.57185e-20
2.305 2.0685e-18 -4.87909e-20
2.31 2.19578e-18 -5.20623e-20
2.315 2.33059e-18 -5.55453e-20
2.32 2.47334e-18 -5.92531e-20
2.325 2.62449e-18 -6.31995e-20
2.33 2.78451e-18 -6.73994e-20
2.335 2.95391e-18 -7.18685e-20
2.34 3.1332e-18 -7.66234e-20
2.345 3.32295e-18 -8.16817e-20
2.35 3.52374e-18 -8.7062e-20
2.355 3.73618e-18 -9.27841e-20
2.36 3.96092e-18 -9.88689e-20
2.365 4.19865e-18 -1.05339e-19
2.37 4.45008e-18 -1.12216e-19
2.375 4.71597e-18 -1.19528e-19
2.38 4.99713e-18 -1.27298e-19
2.385 5.29438e-18 -1.35556e-19
2.39 5.60862e-18 -1.4433e-19
2.395 5.94078e-18 -1.53652e-19
2.4 6.29183e-18 -1.63554e-19
2.405 6.6628e-18 -1.74072e-19
2.41 7.05479e-18 -1.85243e-19
2.415 7.46892e-18 -1.97105e-19
2.42 7.90641e-18 -2.09699e-19
2.425 8.36851e-18 -2.23069e-19
2.43 8.85656e-18 -2.37262e-19
2.435 9.37194e-18 -2.52325e-19
2.44 9.91613e-18 -2.68311e-19
2.445 1.04907e-17 -2.85273e-19
2.45 1.10972e-17 -3.0327e-19
2.455 1.17374e-17 -3.22361e-19
2.46 1.24131e-17 -3.42612e-19
2.465 1.31261e-17 -3.64089e-19
2.47 1.38785e-17 -3.86865e-19
2.475 1.46723e-17 -4.11015e-19
2.48 1.55097e-17 -4.36618e-19
2.485 1.6393e-17 -4.6376e-19
2.49 1.73247e-17 -4.92529e-19
2.495 1.83072e-17 -5.23019e-19
2.5 1.93432e-17 -5.55329e-19
2.505 2.04355e-17 -5.89564e-19
2.51 2.15871e-17 -6.25834e-19
2.515 2.2801e-17 -6.64256e-19
2.52 2.40805e-17 -7.04953e-19
2.525 2.54289e-17 -7.48055e-19
2.53 2.68499e-17 -7.93697e-19
2.535 2.83471e-17 -8.42025e-19
2.54 2.99246e-17 -8.93191e-19
2.545 3.15863e-17 -9.47356e-19
2.55 3.33367e-17 -1.00469e-18
2.555 3.51803e-17 -1.06536e-18
2.56 3.71217e-17 -1.12958e-18
2.565 3.91661e-17 -1.19752e-18
2.57 4.13187e-17 -1.2694e-18
2.575 4.35848e-17 -1.34545e-18
2.58 4.59703e-17 -1.42588e-18
2.585 4.84813e-17 -1.51096e-18
2.59 5.1124e-17 -1.60093e-18
2.595 5.3905e-17 -1.69606e-18
2.6 5.68314e-17 -1.79665e-18
2.605 5.99103e-17 -1.90299e-18
2.61 6.31494e-17 -2.0154e-18
2.615 6.65568e-17 -2.13421e-18
2.62 7.01407e-17 -2.25977e-18
2.625 7.391e-17 -2.39245e-18
2.63 7.78739e-17 -2.53265e-18
2.635 8.2042e-17 -2.68077e-18
2.64 8.64243e-17 -2.83724e-18
2.645 9.10314e-17 -3.00252e-18
2.65 9.58745e-17 -3.17708e-18
2.655 1.00965e-16 -3.36143e-18
2.66 1.06315e-16 -3.55608e-18
2.665 1.11937e-16 -3.76161e-18
2.67 1.17845e-16 -3.97859e-18
2.675 1.24053e-16 -4.20763e-18
2.68 1.30574e-16 -4.44939e-18
2.685 1.37425e-16 -4.70454e-18
2.69 1.44621e-16 -4.9738e-18
2.695 1.52179e-16 -5.25791e-18
2.7 1.60117e-16 -5.55767e-18
2.705 1.68452e-16 -5.87391e-18
2.71 1.77203e-16 -6.20749e-18
2.715 1.86391e-16 -6.55934e-18
2.72 1.96037e-16 -6.93041e-18
2.725 2.06163e-16 -7.32172e-18
2.73 2.1679e-16 -7.73432e-18
2.735 2.27944e-16 -8.16934e-18
2.74 2.39649e-16 -8.62795e-18
2.745 2.51931e-16 -9.11137e-18
2.75 2.64818e-16 -9.6209e-18
2.755 2.78338e-16 -1.01579e-17
2.76 2.92521e-16 -1.07238e-17
2.765 3.07398e-16 -1.13201e-17
2.77 3.23001e-16 -1.19483e-17
2.775 3.39366e-16 -1.26102e-17
2.78 3.56526e-16 -1.33073e-17
2.785 3.7452e-16 -1.40417e-17
2.79 3.93386e-16 -1.48151e-17
2.795 4.13165e-16 -1.56295e-17
2.8 4.33898e-16 -1.64871e-17
2.805 4.55631e-16 -1.739e-17
2.81 4.7841e-16 -1.83407e-17
2.815 5.02282e-16 -1.93413e-17
2.82 5.27298e-16 -2.03946e-17
2.825 5.53511e-16 -2.15032e-17
2.83 5.80975e-16 -2.26699e-17
2.835 6.09748e-16 -2.38976e-17
2.84 6.39889e-16 -2.51893e-17
2.845 6.71461e-16 -2.65483e-17
2.85 7.0453e-16 -2.7978e-17
2.855 7.39162e-16 -2.94818e-17
2.86 7.75429e-16 -3.10636e-17
2.865 8.13405e-16 -3.27271e-17
2.87 8.53167e-16 -3.44764e-17
2.875 8.94796e-16 -3.63159e-17
2.88 9.38375e-16 -3.82499e-17
2.885 9.83992e-16 -4.02832e-17
2.89 1.03174e-15 -4.24206e-17
2.895 1.08171e-15 -4.46672e-17
2.9 1.13401e-15 -4.70285e-17
2.905 1.18873e-15 -4.95101e-17
2.91 1.24599e-15 -5.21178e-17
2.915 1.3059e-15 -5.48578e-17
2.92 1.36858e-15 -5.77366e-17
2.925 1.43414e-15 -6.0761e-17
2.93 1.50272e-15 -6.39379e-17
2.935 1.57445e-15 -6.72749e-17
2.94 1.64947e-15 -7.07797e-17
2.945 1.72791e-15 -7.44603e-17
2.95 1.80995e-15 -7.83252e-17
2.955 1.89572e-15 -8.23834e-17
2.96 1.98539e-15 -8.66442e-17
2.965 2.07914e-15 -9.11171e-17
2.97 2.17714e-15 -9.58125e-17
2.975 2.27957e-15 -1.00741e-16
2.98 2.38663e-15 -1.05914e-16
2.985 2.49852e-15 -1.11342e-16
2.99 2.61545e-15 -1.17038e-16
2.995 2.73763e-15 -1.23015e-16
3 2.86529e-15 -1.29286e-16
3.005 2.99867e-15 -1.35865e-16
3.01 3.13801e-15 -1.42766e-16
3.015 3.28357e-15 -1.50004e-16
3.02 3.4356e-15 -1.57596e-16
3.025 3.5944e-15 -1.65558e-16
3.03 3.76025e-15 -1.73908e-16
3.035 3.93344e-15 -1.82662e-16
3.04 4.11429e-15 -1.91841e-16
3.045 4.30313e-15 -2.01465e-16
3.05 4.50029e-15 -2.11552e-16
3.055 4.70612e-15 -2.22127e-16
3.06 4.92098e-15 -2.3321e-16
3.065 5.14527e-15 -2.44825e-16
3.07 5.37938e-15 -2.56997e-16
3.075 5.6237e-15 -2.69752e-16
3.08 5.87869e-15 -2.83116e-16
3.085 6.14477e-15 -2.97117e-16
3.09 6.42242e-15 -3.11785e-16
3.095 6.71211e-15 -3.2715e-16
3.1 7.01434e-15 -3.43244e-16
3.105 7.32964e-15 -3.60099e-16
3.11 7.65855e-15 -3.77752e-16
3.115 8.00163e-15 -3.96237e-16
3.12 8.35946e-15 -4.15592e-16
3.125 8.73265e-15 -4.35857e-16
3.13 9.12184e-15 -4.57074e-16
3.135 9.52768e-15 -4.79284e-16
3.14 9.95085e-15 -5.02532e-16
3.145 1.03921e-14 -5.26866e-16
3.15 1.08521e-14 -5.52333e-16
3.155 1.13316e-14 -5.78985e-16
3.16 1.18315e-14 -6.06874e-16
3.165 1.23525e-14 -6.36055e-16
3.17 1.28956e-14 -6.66587e-16
3.175 1.34616e-14 -6.98528e-16
3.18 1.40515e-14 -7.31942e-16
3.185 1.46661e-14 -7.66893e-16
3.19 1.53066e-14 -8.0345e-16
3.195 1.59739e-14 -8.41683e-16
3.2 1.66691e-14 -8.81665e-16
3.205 1.73934e-14 -9.23475e-16
3.21 1.81479e-14 -9.67191e-16
3.215 1.89338e-14 -1.0129e-15
3.22 1.97524e-14 -1.06068e-15
3.225 2.06049e-14 -1.11063e-15
3.23 2.14928e-14 -1.16285e-15
3.235 2.24174e-14 -1.21742e-15
3.24 2.33801e-14 -1.27446e-15
3.245 2.43826e-14 -1.33407e-15
3.25 2.54262e-14 -1.39636e-15
3.255 2.65128e-14 -1.46144e-15
3.26 2.76439e-14 -1.52944e-15
3.265 2.88214e-14 -1.60048e-15
3.27 3.0047e-14 -1.6747e-15
3.275 3.13226e-14 -1.75222e-15
3.28 3.26501e-14 -1.8332e-15
3.285 3.40317e-14 -1.91777e-15
3.29 3.54694e-14 -2.00609e-15
3.295 3.69653e-14 -2.09832e-15
3.3 3.85218e-14 -2.19462e-15
3.305 4.01412e-14 -2.29518e-15
3.31 4.1826e-14 -2.40016e-15
3.315 4.35786e-14 -2.50976e-15
3.32 4.54016e-14 -2.62416e-15
3.325 4.72979e-14 -2.74358e-15
3.33 4.92701e-14 -2.86822e-15
3.335 5.13213e-14 -2.9983e-15
3.34 5.34544e-14 -3.13405e-15
3.345 5.56725e-14 -3.27571e-15
3.35 5.7979e-14 -3.42352e-15
3.355 6.03772e-14 -3.57773e-15
3.36 6.28706e-14 -3.73862e-15
3.365 6.54627e-14 -3.90646e-15
3.37 6.81574e-14 -4.08154e-15
3.375 7.09585e-14 -4.26415e-15
3.38 7.38701e-14 -4.45462e-15
3.385 7.68963e-14 -4.65325e-15
3.39 8.00415e-14 -4.86039e-15
3.395 8.33101e-14 -5.07639e-15
3.4 8.67067e-14 -5.30161e-15
3.405 9.02362e-14 -5.53643e-15
3.41 9.39036e-14 -5.78123e-15
3.415 9.77139e-14 -6.03642e-15
3.42 1.01673e-13 -6.30244e-15
3.425 1.05785e-13 -6.57971e-15
3.43 1.10057e-13 -6.86869e-15
3.435 1.14495e-13 -7.16986e-15
3.44 1.19104e-13 -7.4837e-15
3.445 1.23891e-13 -7.81074e-15
3.45 1.28863e-13 -8.1515e-15
3.455 1.34026e-13 -8.50652e-15
3.46 1.39388e-13 -8.8764e-15
3.465 1.44955e-13 -9.2617e-15
3.47 1.50736e-13 -9.66306e-15
3.475 1.56738e-13 -1.00811e-14
3.48 1.62969e-13 -1.05165e-14
3.485 1.69438e-13 -1.097e-14
3.49 1.76152e-13 -1.14422e-14
3.495 1.83123e-13 -1.1934e-14
3.5 1.90357e-13 -1.2446e-14
3.505 1.97866e-13 -1.29791e-14
3.51 2.05659e-13 -1.35341e-14
3.515 2.13746e-13 -1.41119e-14
3.52 2.22138e-13 -1.47133e-14
3.525 2.30847e-13 -1.53393e-14
3.53 2.39882e-13 -1.59909e-14
3.535 2.49257e-13 -1.66691e-14
3.54 2.58983e-13 -1.73748e-14
3.545 2.69073e-13 -1.81092e-14
3.55 2.79541e-13 -1.88734e-14
3.555 2.90398e-13 -1.96685e-14
3.56 3.0166e-13 -2.04957e-14
3.565 3.13341e-13 -2.13563e-14
3.57 3.25455e-13 -2.22515e-14
3.575 3.38019e-13 -2.31828e-14
3.58 3.51047e-13 -2.41514e-14
3.585 3.64557e-13 -2.51588e-14
3.59 3.78566e-13 -2.62065e-14
3.595 3.93091e-13 -2.7296e-14
3.6 4.0815e-13 -2.8429e-14
3.605 4.23762e-13 -2.96071e-14
3.61 4.39946e-13 -3.08319e-14
3.615 4.56724e-13 -3.21054e-14
3.62 4.74115e-13 -3.34292e-14
3.625 4.9214e-13 -3.48054e-14
3.63 5.10823e-13 -3.62359e-14
3.635 5.30185e-13 -3.77228e-14
3.64 5.50251e-13 -3.92681e-14
3.645 5.71045e-13 -4.08741e-14
3.65 5.92593e-13 -4.2543e-14
3.655 6.14919e-13 -4.42773e-14
3.66 6.38052e-13 -4.60792e-14
3.665 6.6202e-13 -4.79515e-14
3.67 6.8685e-13 -4.98967e-14
3.675 7.12573e-13 -5.19174e-14
3.68 7.39219e-13 -5.40166e-14
3.685 7.6682e-13 -5.61971e-14
3.69 7.95409e-13 -5.84619e-14
3.695 8.2502e-13 -6.08142e-14
3.7 8.55687e-13 -6.32571e-14
3.705 8.87447e-13 -6.5794e-14
3.71 9.20336e-13 -6.84284e-14
3.715 9.54393e-13 -7.11638e-14
3.72 9.89659e-13 -7.40039e-14
3.725 1.02617e-12 -7.69526e-14
3.73 1.06398e-12 -8.00139e-14
3.735 1.10312e-12 -8.31917e-14
3.74 1.14364e-12 -8.64904e-14
3.745 1.18558e-12 -8.99144e-14
3.75 1.229e-12 -9.34681e-14
3.755 1.27395e-12 -9.71563e-14
3.76 1.32047e-12 -1.00984e-13
3.765 1.36861e-12 -1.04956e-13
3.77 1.41844e-12 -1.09077e-13
3.775 1.47001e-12 -1.13354e-13
3.78 1.52337e-12 -1.17791e-13
3.785 1.57859e-12 -1.22394e-13
3.79 1.63572e-12 -1.27169e-13
3.795 1.69484e-12 -1.32123e-13
3.8 1.75601e-12 -1.37261e-13
3.805 1.81928e-12 -1.42591e-13
3.81 1.88475e-12 -1.48119e-13
3.815 1.95247e-12 -1.53852e-13
3.82 2.02252e-12 -1.59797e-13
3.825 2.09498e-12 -1.65962e-13
3.83 2.16992e-12 -1.72354e-13
3.835 2.24744e-12 -1.78982e-13
3.84 2.3276e-12 -1.85854e-13
3.845 2.41051e-12 -1.92979e-13
3.85 2.49624e-12 -2.00364e-13
3.855 2.58489e-12 -2.08021e-13
3.86 2.67656e-12 -2.15957e-13
3.865 2.77135e-12 -2.24182e-13
3.87 2.86934e-12 -2.32707e-13
3.875 2.97066e-12 -2.41543e-13
3.88 3.0754e-12 -2.50699e-13
3.885 3.18368e-12 -2.60187e-13
3.89 3.29561e-12 -2.70019e-13
3.895 3.41131e-12 -2.80206e-13
3.9 3.5309e-12 -2.9076e-13
3.905 3.65451e-12 -3.01695e-13
3.91 3.78225e-12 -3.13023e-13
3.915 3.91428e-12 -3.24757e-13
3.92 4.05071e-12 -3.36912e-13
3.925 4.1917e-12 -3.49503e-13
3.93 4.33739e-12 -3.62542e-13
3.935 4.48793e-12 -3.76047e-13
3.94 4.64347e-12 -3.90033e-13
3.945 4.80417e-12 -4.04517e-13
3.95 4.97019e-12 -4.19514e-13
3.955 5.14171e-12 -4.35043e-13
3.96 5.3189e-12 -4.51121e-13
3.965 5.50193e-12 -4.67767e-13
3.97 5.69099e-12 -4.85e-13
3.975 5.88627e-12 -5.0284e-13
3.98 6.08796e-12 -5.21307e-13
3.985 6.29627e-12 -5.40422e-13
3.99 6.51141e-12 -5.60207e-13
3.995 6.73358e-12 -5.80684e-13
4 6.963e-12 -6.01876e-13
4.005 7.19991e-12 -6.23808e-13
4.01 7.44454e-12 -6.46502e-13
4.015 7.69712e-12 -6.69986e-13
4.02 7.9579e-12 -6.94284e-13
4.025 8.22714e-12 -7.19425e-13
4.03 8.50509e-12 -7.45435e-13
4.035 8.79204e-12 -7.72343e-13
4.04 9.08825e-12 -8.00179e-13
4.045 9.39401e-12 -8.28973e-13
4.05 9.70961e-12 -8.58757e-13
4.055 1.00354e-11 -8.89563e-13
4.06 1.03716e-11 -9.21425e-13
4.065 1.07186e-11 -9.54376e-13
4.07 1.10767e-11 -9.88452e-13
4.075 1.14462e-11 -1.02369e-12
4.08 1.18276e-11 -1.06013e-12
4.085 1.22211e-11 -1.09781e-12
4.09 1.26271e-11 -1.13676e-12
4.095 1.3046e-11 -1.17704e-12
4.1 1.34782e-11 -1.21867e-12
4.105 1.39242e-11 -1.26172e-12
4.11 1.43842e-11 -1.30621e-12
4.115 1.48588e-11 -1.3522e-12
4.12 1.53484e-11 -1.39974e-12
4.125 1.58534e-11 -1.44888e-12
4.13 1.63743e-11 -1.49966e-12
4.135 1.69116e-11 -1.55214e-12
4.14 1.74657e-11 -1.60637e-12
4.145 1.80372e-11 -1.66241e-12
4.15 1.86266e-11 -1.72031e-12
4.155 1.92345e-11 -1.78014e-12
4.16 1.98613e-11 -1.84196e-12
4.165 2.05076e-11 -1.90583e-12
4.17 2.11741e-11 -1.97181e-12
4.175 2.18612e-11 -2.03996e-12
4.18 2.25697e-11 -2.11037e-12
4.185 2.33002e-11 -2.18309e-12
4.19 2.40533e-11 -2.25821e-12
4.195 2.48296e-11 -2.33579e-12
4.2 2.56299e-11 -2.41592e-12
4.205 2.64549e-11 -2.49866e-12
4.21 2.73053e-11 -2.58411e-12
4.215 2.81818e-11 -2.67235e-12
4.22 2.90853e-11 -2.76346e-12
4.225 3.00164e-11 -2.85754e-12
4.23 3.0976e-11 -2.95467e-12
4.235 3.1965e-11 -3.05494e-12
4.24 3.29842e-11 -3.15847e-12
4.245 3.40344e-11 -3.26534e-12
4.25 3.51166e-11 -3.37566e-12
4.255 3.62317e-11 -3.48953e-12
4.26 3.73807e-11 -3.60706e-12
4.265 3.85645e-11 -3.72838e-12
4.27 3.97842e-11 -3.85358e-12
4.275 4.10407e-11 -3.98279e-12
4.28 4.23352e-11 -4.11613e-12
4.285 4.36687e-11 -4.25373e-12
4.29 4.50424e-11 -4.39571e-12
4.295 4.64574e-11 -4.54221e-12
4.3 4.79148e-11 -4.69337e-12
4.305 4.9416e-11 -4.84932e-12
4.31 5.09622e-11 -5.01021e-12
4.315 5.25545e-11 -5.17619e-12
4.32 5.41945e-11 -5.34741e-12
4.325 5.58834e-11 -5.52403e-12
4.33 5.76225e-11 -5.70621e-12
4.335 5.94135e-11 -5.89412e-12
4.34 6.12576e-11 -6.08792e-12
4.345 6.31564e-11 -6.2878e-12
4.35 6.51115e-11 -6.49393e-12
4.355 6.71244e-11 -6.7065e-12
4.36 6.91968e-11 -6.92571e-12
4.365 7.13304e-11 -7.15174e-12
4.37 7.35268e-11 -7.3848e-12
4.375 7.57879e-11 -7.62509e-12
4.38 7.81154e-11 -7.87284e-12
4.385 8.05112e-11 -8.12825e-12
4.39 8.29772e-11 -8.39157e-12
4.395 8.55155e-11 -8.663e-12
4.4 8.81279e-11 -8.94281e-12
4.405 9.08166e-11 -9.23122e-12
4.41 9.35836e-11 -9.52849e-12
4.415 9.64313e-11 -9.83488e-12
4.42 9.93617e-11 -1.01507e-11
4.425 1.02377e-10 -1.04761e-11
4.43 1.0548e-10 -1.08115e-11
4.435 1.08673e-10 -1.11571e-11
4.44 1.11958e-10 -1.15132e-11
4.445 1.15338e-10 -1.18801e-11
4.45 1.18816e-10 -1.22582e-11
4.455 1.22393e-10 -1.26478e-11
4.46 1.26074e-10 -1.30491e-11
4.465 1.2986e-10 -1.34626e-11
4.47 1.33755e-10 -1.38885e-11
4.475 1.37762e-10 -1.43273e-11
4.48 1.41883e-10 -1.47792e-11
4.485 1.46122e-10 -1.52448e-11
4.49 1.50482e-10 -1.57243e-11
4.495 1.54966e-10 -1.62182e-11
4.5 1.59578e-10 -1.67268e-11
4.505 1.64321e-10 -1.72506e-11
4.51 1.69199e-10 -1.77901e-11
4.515 1.74215e-10 -1.83456e-11
4.52 1.79373e-10 -1.89176e-11
4.525 1.84677e-10 -1.95066e-11
4.53 1.90131e-10 -2.0113e-11
4.535 1.95738e-10 -2.07374e-11
4.54 2.01504e-10 -2.13803e-11
4.545 2.07431e-10 -2.20421e-11
4.55 2.13525e-10 -2.27234e-11
4.555 2.1979e-10 -2.34248e-11
4.56 2.26231e-10 -2.41467e-11
4.565 2.32852e-10 -2.48899e-11
4.57 2.39658e-10 -2.56548e-11
4.575 2.46654e-10 -2.6442e-11
4.58 2.53845e-10 -2.72523e-11
4.585 2.61236e-10 -2.80862e-11
4.59 2.68833e-10 -2.89444e-11
4.595 2.7664e-10 -2.98275e-11
4.6 2.84664e-10 -3.07362e-11
4.605 2.9291e-10 -3.16714e-11
4.61 3.01385e-10 -3.26335e-11
4.615 3.10093e-10 -3.36235e-11
4.62 3.19042e-10 -3.46421e-11
4.625 3.28237e-10 -3.569e-11
4.63 3.37686e-10 -3.6768e-11
4.635 3.47394e-10 -3.78771e-11
4.64 3.57368e-10 -3.90179e-11
4.645 3.67616e-10 -4.01915e-11
4.65 3.78144e-10 -4.13986e-11
4.655 3.8896e-10 -4.26402e-11
4.66 4.00072e-10 -4.39173e-11
4.665 4.11486e-10 -4.52307e-11
4.67 4.23212e-10 -4.65815e-11
4.675 4.35256e-10 -4.79706e-11
4.68 4.47628e-10 -4.93992e-11
4.685 4.60335e-10 -5.08682e-11
4.69 4.73386e-10 -5.23787e-11
4.695 4.86791e-10 -5.39319e-11
4.7 5.00558e-10 -5.55289e-11
4.705 5.14697e-10 -5.71709e-11
4.71 5.29217e-10 -5.8859e-11
4.715 5.44127e-10 -6.05945e-11
4.72 5.59439e-10 -6.23787e-11
4.725 5.75162e-10 -6.42129e-11
4.73 5.91307e-10 -6.60983e-11
4.735 6.07884e-10 -6.80363e-11
4.74 6.24904e-10 -7.00284e-11
4.745 6.4238e-10 -7.20759e-11
4.75 6.60322e-10 -7.41804e-11
4.755 6.78742e-10 -7.63432e-11
4.76 6.97652e-10 -7.8566e-11
4.765 7.17065e-10 -8.08504e-11
4.77 7.36994e-10 -8.31978e-11
4.775 7.57451e-10 -8.56101e-11
4.78 7.78449e-10 -8.80888e-11
4.785 8.00004e-10 -9.06358e-11
4.79 8.22127e-10 -9.32527e-11
4.795 8.44835e-10 -9.59414e-11
4.8 8.68141e-10 -9.87039e-11
4.805 8.9206e-10 -1.01542e-10
4.81 9.16608e-10 -1.04457e-10
4.815 9.41801e-10 -1.07453e-10
4.82 9.67654e-10 -1.10529e-10
4.825 9.94184e-10 -1.1369e-10
4.83 1.02141e-09 -1.16936e-10
4.835 1.04934e-09 -1.20271e-10
4.84 1.07801e-09 -1.23695e-10
4.845 1.10742e-09 -1.27213e-10
4.85 1.13759e-09 -1.30825e-10
4.855 1.16856e-09 -1.34535e-10
4.86 1.20032e-09 -1.38345e-10
4.865 1.23291e-09 -1.42258e-10
4.87 1.26634e-09 -1.46275e-10
4.875 1.30064e-09 -1.504e-10
4.88 1.33582e-09 -1.54636e-10
4.885 1.37191e-09 -1.58985e-10
4.89 1.40893e-09 -1.63451e-10
4.895 1.4469e-09 -1.68035e-10
4.9 1.48585e-09 -1.72742e-10
4.905 1.5258e-09 -1.77574e-10
4.91 1.56678e-09 -1.82534e-10
4.915 1.6088e-09 -1.87626e-10
4.92 1.6519e-09 -1.92853e-10
4.925 1.6961e-09 -1.98218e-10
4.93 1.74142e-09 -2.03725e-10
4.935 1.7879e-09 -2.09377e-10
4.94 1.83557e-09 -2.15178e-10
4.945 1.88445e-09 -2.21132e-10
4.95 1.93456e-09 -2.27242e-10
4.955 1.98595e-09 -2.33512e-10
4.96 2.03864e-09 -2.39947e-10
4.965 2.09266e-09 -2.4655e-10
4.97 2.14805e-09 -2.53326e-10
4.975 2.20484e-09 -2.60278e-10
4.98 2.26306e-09 -2.67412e-10
4.985 2.32274e-09 -2.74731e-10
4.99 2.38392e-09 -2.82241e-10
4.995 2.44664e-09 -2.89945e-10
5 2.51093e-09 -2.9785e-10
5.005 2.57684e-09 -3.05958e-10
5.01 2.64439e-09 -3.14277e-10
5.015 2.71363e-09 -3.22809e-10
5.02 2.7846e-09 -3.31562e-10
5.025 2.85734e-09 -3.40541e-10
5.03 2.93188e-09 -3.4975e-10
5.035 3.00829e-09 -3.59195e-10
5.04 3.08659e-09 -3.68882e-10
5.045 3.16683e-09 -3.78818e-10
5.05 3.24906e-09 -3.89007e-10
5.055 3.33333e-09 -3.99457e-10
5.06 3.41968e-09 -4.10173e-10
5.065 3.50816e-09 -4.21162e-10
5.07 3.59883e-09 -4.32431e-10
5.075 3.69172e-09 -4.43985e-10
5.08 3.78691e-09 -4.55833e-10
5.085 3.88443e-09 -4.6798e-10
5.09 3.98434e-09 -4.80435e-10
5.095 4.08671e-09 -4.93204e-10
5.1 4.19158e-09 -5.06295e-10
5.105 4.29901e-09 -5.19717e-10
5.11 4.40907e-09 -5.33475e-10
5.115 4.52181e-09 -5.4758e-10
5.12 4.6373e-09 -5.62038e-10
5.125 4.7556e-09 -5.76858e-10
5.13 4.87678e-09 -5.92049e-10
5.135 5.0009e-09 -6.0762e-10
5.14 5.12802e-09 -6.23579e-10
5.145 5.25823e-09 -6.39936e-10
5.15 5.39159e-09 -6.567e-10
5.155 5.52817e-09 -6.73881e-10
5.16 5.66804e-09 -6.91488e-10
5.165 5.81129e-09 -7.09531e-10
5.17 5.95799e-09 -7.28022e-10
5.175 6.10821e-09 -7.46969e-10
5.18 6.26204e-09 -7.66384e-10
5.185 6.41957e-09 -7.86277e-10
5.19 6.58086e-09 -8.06661e-10
5.195 6.74602e-09 -8.27546e-10
5.2 6.91513e-09 -8.48943e-10
5.205 7.08827e-09 -8.70866e-10
5.21 7.26554e-09 -8.93325e-10
5.215 7.44704e-09 -9.16334e-10
5.22 7.63285e-09 -9.39904e-10
5.225 7.82308e-09 -9.6405e-10
5.23 8.01783e-09 -9.88784e-10
5.235 8.21719e-09 -1.01412e-09
5.24 8.42127e-09 -1.04007e-09
5.245 8.63018e-09 -1.06665e-09
5.25 8.84403e-09 -1.09388e-09
5.255 9.06292e-09 -1.12176e-09
5.26 9.28697e-09 -1.15032e-09
5.265 9.5163e-09 -1.17957e-09
5.27 9.75102e-09 -1.20952e-09
5.275 9.99125e-09 -1.2402e-09
5.28 1.02371e-08 -1.27161e-09
5.285 1.04887e-08 -1.30377e-09
5.29 1.07463e-08 -1.33671e-09
5.295 1.10098e-08 -1.37044e-09
5.3 1.12795e-08 -1.40497e-09
5.305 1.15555e-08 -1.44033e-09
5.31 1.18379e-08 -1.47653e-09
5.315 1.21268e-08 -1.5136e-09
5.32 1.24225e-08 -1.55154e-09
5.325 1.27251e-08 -1.59039e-09
5.33 1.30347e-08 -1.63016e-09
5.335 1.33514e-08 -1.67088e-09
5.34 1.36755e-08 -1.71255e-09
5.345 1.4007e-08 -1.75522e-09
5.35 1.43463e-08 -1.79889e-09
5.355 1.46933e-08 -1.84359e-09
5.36 1.50483e-08 -1.88934e-09
5.365 1.54115e-08 -1.93617e-09
5.37 1.5783e-08 -1.9841e-09
5.375 1.61631e-08 -2.03315e-09
5.38 1.65518e-08 -2.08335e-09
5.385 1.69495e-08 -2.13473e-09
5.39 1.73562e-08 -2.18731e-09
5.395 1.77723e-08 -2.24112e-09
5.4 1.81978e-08 -2.29618e-09
5.405 1.8633e-08 -2.35252e-09
5.41 1.90782e-08 -2.41017e-09
5.415 1.95334e-08 -2.46916e-09
5.42 1.9999e-08 -2.52952e-09
5.425 2.04751e-08 -2.59128e-09
5.43 2.09621e-08 -2.65447e-09
5.435 2.146e-08 -2.71911e-09
5.44 2.19692e-08 -2.78525e-09
5.445 2.24899e-08 -2.85292e-09
5.45 2.30224e-08 -2.92214e-09
5.455 2.35668e-08 -2.99295e-09
5.46 2.41235e-08 -3.06538e-09
5.465 2.46927e-08 -3.13948e-09
5.47 2.52747e-08 -3.21528e-09
5.475 2.58697e-08 -3.2928e-09
5.48 2.64781e-08 -3.3721e-09
5.485 2.71e-08 -3.45321e-09
5.49 2.77359e-08 -3.53617e-09
5.495 2.83859e-08 -3.62101e-09
5.5 2.90505e-08 -3.70779e-09
5.505 2.97298e-08 -3.79653e-09
5.51 3.04242e-08 -3.88729e-09
5.515 3.11341e-08 -3.9801e-09
5.52 3.18597e-08 -4.075e-09
5.525 3.26014e-08 -4.17206e-09
5.53 3.33596e-08 -4.2713e-09
5.535 3.41345e-08 -4.37278e-09
5.54 3.49265e-08 -4.47654e-09
5.545 3.5736e-08 -4.58263e-09
5.55 3.65633e-08 -4.69111e-09
5.555 3.74088e-08 -4.80201e-09
5.56 3.8273e-08 -4.9154e-09
5.565 3.91561e-08 -5.03133e-09
5.57 4.00586e-08 -5.14984e-09
5.575 4.09808e-08 -5.271e-09
5.58 4.19233e-08 -5.39486e-09
5.585 4.28863e-08 -5.52147e-09
5.59 4.38704e-08 -5.6509e-09
5.595 4.4876e-08 -5.7832e-09
5.6 4.59035e-08 -5.91843e-09
5.605 4.69533e-08 -6.05666e-09
5.61 4.8026e-08 -6.19794e-09
5.615 4.91219e-08 -6.34235e-09
5.62 5.02417e-08 -6.48994e-09
5.625 5.13857e-08 -6.64078e-09
5.63 5.25544e-08 -6.79494e-09
5.635 5.37484e-08 -6.95249e-09
5.64 5.49682e-08 -7.1135e-09
5.645 5.62144e-08 -7.27804e-09
5.65 5.74873e-08 -7.44618e-09
5.655 5.87877e-08 -7.618e-09
5.66 6.0116e-08 -7.79357e-09
5.665 6.14728e-08 -7.97298e-09
5.67 6.28588e-08 -8.15629e-09
5.675 6.42744e-08 -8.34359e-09
5.68 6.57203e-08 -8.53496e-09
5.685 6.71971e-08 -8.73049e-09
5.69 6.87055e-08 -8.93026e-09
5.695 7.0246e-08 -9.13436e-09
5.7 7.18194e-08 -9.34287e-09
5.705 7.34262e-08 -9.55588e-09
5.71 7.50672e-08 -9.77349e-09
5.715 7.67431e-08 -9.9958e-09
5.72 7.84544e-08 -1.02229e-08
5.725 8.02021e-08 -1.04549e-08
5.73 8.19867e-08 -1.06918e-08
5.735 8.3809e-08 -1.09338e-08
5.74 8.56698e-08 -1.11811e-08
5.745 8.75699e-08 -1.14336e-08
5.75 8.951e-08 -1.16915e-08
5.755 9.14909e-08 -1.19549e-08
5.76 9.35135e-08 -1.22239e-08
5.765 9.55785e-08 -1.24987e-08
5.77 9.76868e-08 -1.27793e-08
5.775 9.98393e-08 -1.30658e-08
5.78 1.02037e-07 -1.33585e-08
5.785 1.0428e-07 -1.36573e-08
5.79 1.06571e-07 -1.39625e-08
5.795 1.08909e-07 -1.42741e-08
5.8 1.11296e-07 -1.45923e-08
5.805 1.13732e-07 -1.49172e-08
5.81 1.16219e-07 -1.5249e-08
5.815 1.18758e-07 -1.55877e-08
5.82 1.21349e-07 -1.59336e-08
5.825 1.23994e-07 -1.62867e-08
5.83 1.26694e-07 -1.66472e-08
5.835 1.2945e-07 -1.70153e-08
5.84 1.32262e-07 -1.7391e-08
5.845 1.35133e-07 -1.77746e-08
5.85 1.38063e-07 -1.81663e-08
5.855 1.41053e-07 -1.8566e-08
5.86 1.44104e-07 -1.89741e-08
5.865 1.47218e-07 -1.93907e-08
5.87 1.50396e-07 -1.9816e-08
5.875 1.53639e-07 -2.025e-08
5.88 1.56949e-07 -2.06931e-08
5.885 1.60326e-07 -2.11453e-08
5.89 1.63772e-07 -2.16069e-08
5.895 1.67288e-07 -2.2078e-08
5.9 1.70876e-07 -2.25588e-08
5.905 1.74537e-07 -2.30495e-08
5.91 1.78273e-07 -2.35503e-08
5.915 1.82084e-07 -2.40614e-08
5.92 1.85973e-07 -2.4583e-08
5.925 1.8994e-07 -2.51152e-08
5.93 1.93988e-07 -2.56584e-08
5.935 1.98118e-07 -2.62127e-08
5.94 2.02331e-07 -2.67783e-08
5.945 2.06629e-07 -2.73555e-08
5.95 2.11013e-07 -2.79444e-08
5.955 2.15486e-07 -2.85453e-08
5.96 2.20049e-07 -2.91584e-08
5.965 2.24704e-07 -2.97839e-08
5.97 2.29452e-07 -3.04222e-08
5.975 2.34295e-07 -3.10733e-08
5.98 2.39235e-07 -3.17377e-08
5.985 2.44273e-07 -3.24155e-08
5.99 2.49413e-07 -3.31069e-08
5.995 2.54655e-07 -3.38124e-08
6 2.60001e-07 -3.4532e-08
6.005 2.65454e-07 -3.52661e-08
6.01 2.71016e-07 -3.60149e-08
6.015 2.76687e-07 -3.67788e-08
6.02 2.82472e-07 -3.7558e-08
6.025 2.88371e-07 -3.83528e-08
6.03 2.94387e-07 -3.91635e-08
6.035 3.00522e-07 -3.99904e-08
6.04 3.06778e-07 -4.08338e-08
6.045 3.13157e-07 -4.1694e-08
6.05 3.19663e-07 -4.25713e-08
6.055 3.26296e-07 -4.3466e-08
6.06 3.3306e-07 -4.43786e-08
6.065 3.39957e-07 -4.53092e-08
6.07 3.46989e-07 -4.62583e-08
6.075 3.54159e-07 -4.72262e-08
6.08 3.6147e-07 -4.82132e-08
6.085 3.68923e-07 -4.92197e-08
6.09 3.76522e-07 -5.02461e-08
6.095 3.8427e-07 -5.12927e-08
6.1 3.92169e-07 -5.23599e-08
6.105 4.00221e-07 -5.3448e-08
6.11 4.0843e-07 -5.45575e-08
6.115 4.16799e-07 -5.56888e-08
6.12 4.25331e-07 -5.68423e-08
6.125 4.34027e-07 -5.80183e-08
6.13 4.42892e-07 -5.92173e-08
6.135 4.51929e-07 -6.04397e-08
6.14 4.61141e-07 -6.1686e-08
6.145 4.7053e-07 -6.29565e-08
6.15 4.80101e-07 -6.42517e-08
6.155 4.89855e-07 -6.55721e-08
6.16 4.99798e-07 -6.69182e-08
6.165 5.09932e-07 -6.82903e-08
6.17 5.2026e-07 -6.96891e-08
6.175 5.30787e-07 -7.11148e-08
6.18 5.41515e-07 -7.25682e-08
6.185 5.52449e-07 -7.40496e-08
6.19 5.63592e-07 -7.55595e-08
6.195 5.74947e-07 -7.70985e-08
6.2 5.8652e-07 -7.86671e-08
6.205 5.98313e-07 -8.02659e-08
6.21 6.1033e-07 -8.18953e-08
6.215 6.22576e-07 -8.3556e-08
6.22 6.35055e-07 -8.52485e-08
6.225 6.4777e-07 -8.69733e-08
6.23 6.60727e-07 -8.87311e-08
6.235 6.73928e-07 -9.05225e-08
6.24 6.8738e-07 -9.2348e-08
6.245 7.01086e-07 -9.42082e-08
6.25 7.1505e-07 -9.61038e-08
6.255 7.29278e-07 -9.80355e-08
6.26 7.43774e-07 -1.00004e-07
6.265 7.58543e-07 -1.02009e-07
6.27 7.73589e-07 -1.04053e-07
6.275 7.88917e-07 -1.06135e-07
6.28 8.04533e-07 -1.08257e-07
6.285 8.20442e-07 -1.10418e-07
6.29 8.36648e-07 -1.12621e-07
6.295 8.53157e-07 -1.14864e-07
6.3 8.69975e-07 -1.1715e-07
6.305 8.87106e-07 -1.19479e-07
6.31 9.04556e-07 -1.21852e-07
6.315 9.22332e-07 -1.24269e-07
6.32 9.40437e-07 -1.26731e-07
6.325 9.58879e-07 -1.2924e-07
6.33 9.77663e-07 -1.31795e-07
6.335 9.96796e-07 -1.34398e-07
6.34 1.01628e-06 -1.37049e-07
6.345 1.03613e-06 -1.3975e-07
6.35 1.05634e-06 -1.42501e-07
6.355 1.07693e-06 -1.45303e-07
6.36 1.09789e-06 -1.48157e-07
6.365 1.11925e-06 -1.51064e-07
6.37 1.14099e-06 -1.54025e-07
6.375 1.16314e-06 -1.5704e-07
6.38 1.18569e-06 -1.60111e-07
6.385 1.20865e-06 -1.63239e-07
6.39 1.23204e-06 -1.66425e-07
6.395 1.25585e-06 -1.69669e-07
6.4 1.2801e-06 -1.72973e-07
6.405 1.30479e-06 -1.76337e-07
6.41 1.32993e-06 -1.79763e-07
6.415 1.35552e-06 -1.83252e-07
6.42 1.38159e-06 -1.86805e-07
6.425 1.40813e-06 -1.90423e-07
6.43 1.43515e-06 -1.94107e-07
6.435 1.46266e-06 -1.97858e-07
6.44 1.49067e-06 -2.01678e-07
6.445 1.51918e-06 -2.05567e-07
6.45 1.54821e-06 -2.09527e-07
6.455 1.57777e-06 -2.13558e-07
6.46 1.60786e-06 -2.17663e-07
6.465 1.63849e-06 -2.21842e-07
6.47 1.66967e-06 -2.26097e-07
6.475 1.70141e-06 -2.30429e-07
6.48 1.73373e-06 -2.34839e-07
6.485 1.76662e-06 -2.39329e-07
6.49 1.80011e-06 -2.43899e-07
6.495 1.83419e-06 -2.48552e-07
6.5 1.86888e-06 -2.53289e-07
6.505 1.90419e-06 -2.5811e-07
6.51 1.94014e-06 -2.63019e-07
6.515 1.97672e-06 -2.68015e-07
6.52 2.01395e-06 -2.731e-07
6.525 2.05185e-06 -2.78277e-07
6.53 2.09042e-06 -2.83546e-07
6.535 2.12968e-06 -2.88909e-07
6.54 2.16963e-06 -2.94368e-07
6.545 2.21029e-06 -2.99924e-07
6.55 2.25167e-06 -3.05578e-07
6.555 2.29378e-06 -3.11333e-07
6.56 2.33664e-06 -3.17191e-07
6.565 2.38025e-06 -3.23152e-07
6.57 2.42463e-06 -3.29218e-07
6.575 2.46979e-06 -3.35392e-07
6.58 2.51574e-06 -3.41676e-07
6.585 2.56251e-06 -3.4807e-07
6.59 2.61009e-06 -3.54576e-07
6.595 2.6585e-06 -3.61198e-07
6.6 2.70777e-06 -3.67935e-07
6.605 2.7579e-06 -3.74792e-07
6.61 2.8089e-06 -3.81768e-07
6.615 2.86079e-06 -3.88867e-07
6.62 2.91359e-06 -3.9609e-07
6.625 2.9673e-06 -4.0344e-07
6.63 3.02195e-06 -4.10918e-07
6.635 3.07756e-06 -4.18526e-07
6.64 3.13412e-06 -4.26268e-07
6.645 3.19167e-06 -4.34144e-07
6.65 3.25021e-06 -4.42157e-07
6.655 3.30977e-06 -4.50309e-07
6.66 3.37036e-06 -4.58603e-07
6.665 3.43199e-06 -4.67041e-07
6.67 3.49469e-06 -4.75625e-07
6.675 3.55847e-06 -4.84358e-07
6.68 3.62334e-06 -4.93241e-07
6.685 3.68933e-06 -5.02278e-07
6.69 3.75646e-06 -5.11471e-07
6.695 3.82473e-06 -5.20822e-07
6.7 3.89418e-06 -5.30334e-07
6.705 3.96481e-06 -5.4001e-07
6.71 4.03666e-06 -5.49851e-07
6.715 4.10973e-06 -5.59862e-07
6.72 4.18405e-06 -5.70044e-07
6.725 4.25963e-06 -5.80401e-07
6.73 4.33651e-06 -5.90934e-07
6.735 4.41469e-06 -6.01648e-07
6.74 4.4942e-06 -6.12544e-07
6.745 4.57506e-06 -6.23626e-07
6.75 4.65729e-06 -6.34896e-07
6.755 4.74091e-06 -6.46359e-07
6.76 4.82595e-06 -6.58016e-07
6.765 4.91243e-06 -6.69871e-07
6.77 5.00037e-06 -6.81926e-07
6.775 5.08979e-06 -6.94186e-07
6.78 5.18071e-06 -7.06653e-07
6.785 5.27317e-06 -7.19331e-07
6.79 5.36719e-06 -7.32223e-07
6.795 5.46278e-06 -7.45332e-07
6.8 5.55998e-06 -7.58662e-07
6.805 5.6588e-06 -7.72217e-07
6.81 5.75929e-06 -7.85999e-07
6.815 5.86145e-06 -8.00012e-07
6.82 5.96532e-06 -8.1426e-07
6.825 6.07092e-06 -8.28747e-07
6.83 6.17828e-06 -8.43476e-07
6.835 6.28744e-06 -8.58452e-07
6.84 6.39841e-06 -8.73677e-07
6.845 6.51122e-06 -8.89157e-07
6.85 6.6259e-06 -9.04894e-07
6.855 6.74249e-06 -9.20893e-07
6.86 6.86101e-06 -9.37158e-07
6.865 6.9815e-06 -9.53694e-07
6.87 7.10397e-06 -9.70503e-07
6.875 7.22847e-06 -9.87591e-07
6.88 7.35502e-06 -1.00496e-06
6.885 7.48365e-06 -1.02262e-06
6.89 7.61441e-06 -1.04057e-06
6.895 7.74731e-06 -1.05882e-06
6.9 7.8824e-06 -1.07736e-06
6.905 8.01971e-06 -1.09621e-06
6.91 8.15926e-06 -1.11538e-06
6.915 8.30111e-06 -1.13485e-06
6.92 8.44527e-06 -1.15465e-06
6.925 8.59179e-06 -1.17477e-06
6.93 8.7407e-06 -1.19522e-06
6.935 8.89204e-06 -1.216e-06
6.94 9.04584e-06 -1.23713e-06
6.945 9.20215e-06 -1.2586e-06
6.95 9.36099e-06 -1.28041e-06
6.955 9.52242e-06 -1.30259e-06
6.96 9.68647e-06 -1.32512e-06
6.965 9.85317e-06 -1.34802e-06
6.97 1.00226e-05 -1.3713e-06
6.975 1.01947e-05 -1.39495e-06
6.98 1.03696e-05 -1.41898e-06
6.985 1.05474e-05 -1.4434e-06
6.99 1.0728e-05 -1.46822e-06
6.995 1.09115e-05 -1.49344e-06
7 1.1098e-05 -1.51906e-06
7.005 1.12875e-05 -1.5451e-06
7.01 1.148e-05 -1.57155e-06
7.015 1.16756e-05 -1.59844e-06
7.02 1.18743e-05 -1.62575e-06
7.025 1.20762e-05 -1.6535e-06
7.03 1.22813e-05 -1.6817e-06
7.035 1.24897e-05 -1.71034e-06
7.04 1.27015e-05 -1.73945e-06
7.045 1.29166e-05 -1.76902e-06
7.05 1.31351e-05 -1.79906e-06
7.055 1.33571e-05 -1.82958e-06
7.06 1.35826e-05 -1.86059e-06
7.065 1.38117e-05 -1.89209e-06
7.07 1.40445e-05 -1.92409e-06
7.075 1.42809e-05 -1.9566e-06
7.08 1.45211e-05 -1.98962e-06
7.085 1.4765e-05 -2.02317e-06
7.09 1.50128e-05 -2.05724e-06
7.095 1.52645e-05 -2.09186e-06
7.1 1.55202e-05 -2.12702e-06
7.105 1.57799e-05 -2.16274e-06
7.11 1.60437e-05 -2.19901e-06
7.115 1.63116e-05 -2.23586e-06
7.12 1.65838e-05 -2.27329e-06
7.125 1.68601e-05 -2.31131e-06
7.13 1.71408e-05 -2.34992e-06
7.135 1.74259e-05 -2.38914e-06
7.14 1.77155e-05 -2.42897e-06
7.145 1.80096e-05 -2.46943e-06
7.15 1.83082e-05 -2.51051e-06
7.155 1.86115e-05 -2.55224e-06
7.16 1.89195e-05 -2.59461e-06
7.165 1.92323e-05 -2.63765e-06
7.17 1.955e-05 -2.68136e-06
7.175 1.98726e-05 -2.72574e-06
7.18 2.02001e-05 -2.77082e-06
7.185 2.05328e-05 -2.81659e-06
7.19 2.08706e-05 -2.86307e-06
7.195 2.12135e-05 -2.91027e-06
7.2 2.15618e-05 -2.9582e-06
7.205 2.19155e-05 -3.00686e-06
7.21 2.22746e-05 -3.05628e-06
7.215 2.26392e-05 -3.10646e-06
7.22 2.30094e-05 -3.15741e-06
7.225 2.33852e-05 -3.20915e-06
7.23 2.37669e-05 -3.26168e-06
7.235 2.41544e-05 -3.31501e-06
7.24 2.45478e-05 -3.36916e-06
7.245 2.49472e-05 -3.42414e-06
7.25 2.53527e-05 -3.47996e-06
7.255 2.57644e-05 -3.53663e-06
7.26 2.61823e-05 -3.59417e-06
7.265 2.66066e-05 -3.65258e-06
7.27 2.70374e-05 -3.71189e-06
7.275 2.74747e-05 -3.77209e-06
7.28 2.79186e-05 -3.83321e-06
7.285 2.83692e-05 -3.89526e-06
7.29 2.88267e-05 -3.95824e-06
7.295 2.92911e-05 -4.02218e-06
7.3 2.97625e-05 -4.08709e-06
7.305 3.02409e-05 -4.15297e-06
7.31 3.07266e-05 -4.21985e-06
7.315 3.12197e-05 -4.28774e-06
7.32 3.17201e-05 -4.35665e-06
7.325 3.2228e-05 -4.4266e-06
7.33 3.27436e-05 -4.4976e-06
7.335 3.32668e-05 -4.56966e-06
7.34 3.37979e-05 -4.64281e-06
7.345 3.4337e-05 -4.71705e-06
7.35 3.48841e-05 -4.7924e-06
7.355 3.54394e-05 -4.86888e-06
7.36 3.60029e-05 -4.9465e-06
7.365 3.65748e-05 -5.02527e-06
7.37 3.71553e-05 -5.10522e-06
7.375 3.77443e-05 -5.18636e-06
7.38 3.83421e-05 -5.26871e-06
7.385 3.89488e-05 -5.35227e-06
7.39 3.95645e-05 -5.43708e-06
7.395 4.01892e-05 -5.52315e-06
7.4 4.08232e-05 -5.61049e-06
7.405 4.14666e-05 -5.69911e-06
7.41 4.21194e-05 -5.78905e-06
7.415 4.27819e-05 -5.88032e-06
7.42 4.34541e-05 -5.97293e-06
7.425 4.41362e-05 -6.0669e-06
7.43 4.48283e-05 -6.16226e-06
7.435 4.55305e-05 -6.25902e-06
7.44 4.62431e-05 -6.35719e-06
7.445 4.69661e-05 -6.45681e-06
7.45 4.76996e-05 -6.55789e-06
7.455 4.84439e-05 -6.66044e-06
7.46 4.9199e-05 -6.76449e-06
7.465 4.99652e-05 -6.87006e-06
7.47 5.07425e-05 -6.97717e-06
7.475 5.15311e-05 -7.08584e-06
7.48 5.23311e-05 -7.19609e-06
7.485 5.31428e-05 -7.30795e-06
7.49 5.39662e-05 -7.42143e-06
7.495 5.48016e-05 -7.53655e-06
7.5 5.5649e-05 -7.65334e-06
7.505 5.65087e-05 -7.77182e-06
7.51 5.73809e-05 -7.89202e-06
7.515 5.82655e-05 -8.01395e-06
7.52 5.9163e-05 -8.13764e-06
7.525 6.00733e-05 -8.26311e-06
7.53 6.09968e-05 -8.39039e-06
7.535 6.19335e-05 -8.51949e-06
7.54 6.28836e-05 -8.65046e-06
7.545 6.38474e-05 -8.7833e-06
7.55 6.48249e-05 -8.91804e-06
7.555 6.58164e-05 -9.05472e-06
7.56 6.68221e-05 -9.19335e-06
7.565 6.78422e-05 -9.33396e-06
7.57 6.88768e-05 -9.47657e-06
7.575 6.99261e-05 -9.62122e-06
7.58 7.09903e-05 -9.76793e-06
7.585 7.20697e-05 -9.91673e-06
7.59 7.31644e-05 -1.00676e-05
7.595 7.42746e-05 -1.02207e-05
7.6 7.54005e-05 -1.03759e-05
7.605 7.65424e-05 -1.05333e-05
7.61 7.77004e-05 -1.0693e-05
7.615 7.88747e-05 -1.08549e-05
7.62 8.00656e-05 -1.10191e-05
7.625 8.12733e-05 -1.11856e-05
7.63 8.2498e-05 -1.13545e-05
7.635 8.37399e-05 -1.15257e-05
7.64 8.49993e-05 -1.16993e-05
7.645 8.62763e-05 -1.18754e-05
7.65 8.75712e-05 -1.20539e-05
7.655 8.88842e-05 -1.2235e-05
7.66 9.02156e-05 -1.24186e-05
7.665 9.15656e-05 -1.26047e-05
7.67 9.29344e-05 -1.27935e-05
7.675 9.43224e-05 -1.29849e-05
7.68 9.57296e-05 -1.31789e-05
7.685 9.71564e-05 -1.33757e-05
7.69 9.8603e-05 -1.35752e-05
7.695 0.00010007 -1.37774e-05
7.7 0.000101557 -1.39825e-05
7.705 0.000103064 -1.41904e-05
7.71 0.000104593 -1.44012e-05
7.715 0.000106143 -1.46149e-05
7.72 0.000107714 -1.48316e-05
7.725 0.000109306 -1.50512e-05
7.73 0.000110921 -1.52739e-05
7.735 0.000112558 -1.54996e-05
7.74 0.000114217 -1.57285e-05
7.745 0.000115899 -1.59605e-05
7.75 0.000117604 -1.61957e-05
7.755 0.000119333 -1.64341e-05
7.76 0.000121085 -1.66758e-05
7.765 0.000122861 -1.69207e-05
7.77 0.000124662 -1.71691e-05
7.775 0.000126487 -1.74208e-05
7.78 0.000128337 -1.76759e-05
7.785 0.000130212 -1.79346e-05
7.79 0.000132112 -1.81967e-05
7.795 0.000134039 -1.84625e-05
7.8 0.000135991 -1.87318e-05
7.805 0.00013797 -1.90048e-05
7.81 0.000139976 -1.92814e-05
7.815 0.000142009 -1.95619e-05
7.82 0.000144069 -1.98461e-05
7.825 0.000146158 -2.01342e-05
7.83 0.000148274 -2.04261e-05
7.835 0.000150419 -2.0722e-05
7.84 0.000152593 -2.10218e-05
7.845 0.000154796 -2.13257e-05
7.85 0.000157028 -2.16337e-05
7.855 0.000159291 -2.19458e-05
7.86 0.000161583 -2.22622e-05
7.865 0.000163907 -2.25827e-05
7.87 0.000166261 -2.29075e-05
7.875 0.000168647 -2.32367e-05
7.88 0.000171065 -2.35702e-05
7.885 0.000173515 -2.39083e-05
7.89 0.000175998 -2.42508e-05
7.895 0.000178513 -2.45978e-05
7.9 0.000181062 -2.49495e-05
7.905 0.000183645 -2.53059e-05
7.91 0.000186262 -2.56669e-05
7.915 0.000188914 -2.60328e-05
7.92 0.000191601 -2.64035e-05
7.925 0.000194323 -2.67791e-05
7.93 0.000197081 -2.71597e-05
7.935 0.000199876 -2.75453e-05
7.94 0.000202707 -2.79359e-05
7.945 0.000205576 -2.83317e-05
7.95 0.000208482 -2.87328e-05
7.955 0.000211427 -2.9139e-05
7.96 0.00021441 -2.95506e-05
7.965 0.000217432 -2.99676e-05
7.97 0.000220494 -3.03901e-05
7.975 0.000223595 -3.08181e-05
7.98 0.000226737 -3.12517e-05
7.985 0.000229921 -3.16909e-05
7.99 0.000233145 -3.21359e-05
7.995 0.000236412 -3.25866e-05
8 0.000239721 -3.30432e-05
8.005 0.000243073 -3.35058e-05
8.01 0.000246468 -3.39743e-05
8.015 0.000249908 -3.4449e-05
8.02 0.000253392 -3.49297e-05
8.025 0.00025692 -3.54167e-05
8.03 0.000260495 -3.591e-05
8.035 0.000264116 -3.64096e-05
8.04 0.000267783 -3.69157e-05
8.045 0.000271498 -3.74284e-05
8.05 0.00027526 -3.79476e-05
8.055 0.00027907 -3.84734e-05
8.06 0.00028293 -3.90061e-05
8.065 0.000286839 -3.95455e-05
8.07 0.000290798 -4.00919e-05
8.075 0.000294807 -4.06452e-05
8.08 0.000298868 -4.12057e-05
8.085 0.000302981 -4.17733e-05
8.09 0.000307146 -4.23481e-05
8.095 0.000311364 -4.29302e-05
8.1 0.000315636 -4.35198e-05
8.105 0.000319962 -4.41168e-05
8.11 0.000324343 -4.47214e-05
8.115 0.000328779 -4.53337e-05
8.12 0.000333272 -4.59538e-05
8.125 0.000337821 -4.65817e-05
8.13 0.000342428 -4.72175e-05
8.135 0.000347093 -4.78614e-05
8.14 0.000351817 -4.85134e-05
8.145 0.0003566 -4.91736e-05
8.15 0.000361444 -4.98421e-05
8.155 0.000366348 -5.0519e-05
8.16 0.000371314 -5.12045e-05
8.165 0.000376342 -5.18985e-05
8.17 0.000381434 -5.26012e-05
8.175 0.000386589 -5.33127e-05
8.18 0.000391808 -5.40331e-05
8.185 0.000397092 -5.47625e-05
8.19 0.000402443 -5.5501e-05
8.195 0.00040786 -5.62487e-05
8.2 0.000413344 -5.70057e-05
8.205 0.000418897 -5.77722e-05
8.21 0.000424518 -5.85481e-05
8.215 0.000430209 -5.93337e-05
8.22 0.000435971 -6.0129e-05
8.225 0.000441804 -6.09342e-05
8.23 0.000447709 -6.17493e-05
8.235 0.000453687 -6.25745e-05
8.24 0.000459739 -6.34098e-05
8.245 0.000465865 -6.42555e-05
8.25 0.000472067 -6.51116e-05
8.255 0.000478345 -6.59782e-05
8.26 0.0004847 -6.68554e-05
8.265 0.000491133 -6.77434e-05
8.27 0.000497645 -6.86423e-05
8.275 0.000504236 -6.95522e-05
8.28 0.000510908 -7.04733e-05
8.285 0.000517662 -7.14056e-05
8.29 0.000524498 -7.23492e-05
8.295 0.000531417 -7.33044e-05
8.3 0.00053842 -7.42712e-05
8.305 0.000545509 -7.52497e-05
8.31 0.000552684 -7.62402e-05
8.315 0.000559945 -7.72426e-05
8.32 0.000567295 -7.82572e-05
8.325 0.000574734 -7.92841e-05
8.33 0.000582262 -8.03235e-05
8.335 0.000589882 -8.13753e-05
8.34 0.000597593 -8.24399e-05
8.345 0.000605397 -8.35173e-05
8.35 0.000613296 -8.46077e-05
8.355 0.000621289 -8.57112e-05
8.36 0.000629378 -8.68279e-05
8.365 0.000637565 -8.79581e-05
8.37 0.000645849 -8.91018e-05
8.375 0.000654232 -9.02592e-05
8.38 0.000662716 -9.14304e-05
8.385 0.000671301 -9.26156e-05
8.39 0.000679989 -9.3815e-05
8.395 0.00068878 -9.50287e-05
8.4 0.000697676 -9.62568e-05
8.405 0.000706677 -9.74995e-05
8.41 0.000715785 -9.8757e-05
8.415 0.000725002 -0.000100029
8.42 0.000734327 -0.000101317
8.425 0.000743763 -0.00010262
8.43 0.000753311 -0.000103938
8.435 0.000762971 -0.000105272
8.44 0.000772746 -0.000106621
8.445 0.000782635 -0.000107986
8.45 0.000792641 -0.000109368
8.455 0.000802765 -0.000110766
8.46 0.000813007 -0.00011218
8.465 0.00082337 -0.00011361
8.47 0.000833854 -0.000115058
8.475 0.00084446 -0.000116522
8.48 0.000855191 -0.000118004
8.485 0.000866047 -0.000119503
8.49 0.00087703 -0.000121019
8.495 0.000888141 -0.000122553
8.5 0.000899381 -0.000124105
8.505 0.000910751 -0.000125675
8.51 0.000922254 -0.000127263
8.515 0.00093389 -0.00012887
8.52 0.000945661 -0.000130495
8.525 0.000957569 -0.000132139
8.53 0.000969613 -0.000133802
8.535 0.000981797 -0.000135485
8.54 0.000994122 -0.000137186
8.545 0.00100659 -0.000138908
8.55 0.0010192 -0.000140649
8.555 0.00103195 -0.00014241
8.56 0.00104485 -0.000144191
8.565 0.0010579 -0.000145993
8.57 0.0010711 -0.000147815
8.575 0.00108445 -0.000149659
8.58 0.00109796 -0.000151523
8.585 0.00111161 -0.000153409
8.59 0.00112542 -0.000155316
8.595 0.00113939 -0.000157245
8.6 0.00115352 -0.000159196
8.605 0.00116781 -0.000161169
8.61 0.00118226 -0.000163164
8.615 0.00119688 -0.000165182
8.62 0.00121166 -0.000167223
8.625 0.00122661 -0.000169287
8.63 0.00124173 -0.000171375
8.635 0.00125701 -0.000173486
8.64 0.00127247 -0.000175621
8.645 0.00128811 -0.000177779
8.65 0.00130392 -0.000179963
8.655 0.00131991 -0.00018217
8.66 0.00133607 -0.000184403
8.665 0.00135242 -0.00018666
8.67 0.00136895 -0.000188943
8.675 0.00138567 -0.000191251
8.68 0.00140257 -0.000193585
8.685 0.00141966 -0.000195945
8.69 0.00143695 -0.000198332
8.695 0.00145442 -0.000200745
8.7 0.00147209 -0.000203185
8.705 0.00148996 -0.000205652
8.71 0.00150802 -0.000208146
8.715 0.00152628 -0.000210668
8.72 0.00154475 -0.000213218
8.725 0.00156342 -0.000215796
8.73 0.0015823 -0.000218403
8.735 0.00160138 -0.000221038
8.74 0.00162068 -0.000223702
8.745 0.00164018 -0.000226396
8.75 0.0016599 -0.00022912
8.755 0.00167984 -0.000231873
8.76 0.0017 -0.000234656
8.765 0.00172038 -0.00023747
8.77 0.00174098 -0.000240315
8.775 0.0017618 -0.000243191
8.78 0.00178286 -0.000246098
8.785 0.00180414 -0.000249037
8.79 0.00182565 -0.000252008
8.795 0.0018474 -0.000255012
8.8 0.00186939 -0.000258048
8.805 0.00189161 -0.000261117
8.81 0.00191408 -0.000264219
8.815 0.00193678 -0.000267355
8.82 0.00195974 -0.000270524
8.825 0.00198294 -0.000273728
8.83 0.00200639 -0.000276967
8.835 0.0020301 -0.00028024
8.84 0.00205406 -0.000283549
8.845 0.00207827 -0.000286894
8.85 0.00210275 -0.000290274
8.855 0.00212749 -0.00029369
8.86 0.0021525 -0.000297143
8.865 0.00217777 -0.000300634
8.87 0.00220331 -0.000304161
8.875 0.00222913 -0.000307726
8.88 0.00225522 -0.000311329
8.885 0.00228159 -0.000314971
8.89 0.00230824 -0.000318651
8.895 0.00233517 -0.00032237
8.9 0.00236239 -0.000326129
8.905 0.00238989 -0.000329928
8.91 0.00241769 -0.000333767
8.915 0.00244579 -0.000337646
8.92 0.00247417 -0.000341567
8.925 0.00250286 -0.000345529
8.93 0.00253186 -0.000349533
8.935 0.00256115 -0.000353579
8.94 0.00259076 -0.000357667
8.945 0.00262067 -0.000361798
8.95 0.0026509 -0.000365973
8.955 0.00268145 -0.000370191
8.96 0.00271231 -0.000374454
8.965 0.0027435 -0.000378761
8.97 0.00277501 -0.000383113
8.975 0.00280686 -0.000387511
8.98 0.00283903 -0.000391954
8.985 0.00287154 -0.000396444
8.99 0.00290439 -0.00040098
8.995 0.00293757 -0.000405563
9 0.0029711 -0.000410194
9.005 0.00300498 -0.000414873
9.01 0.00303921 -0.0004196
9.015 0.00307379 -0.000424376
9.02 0.00310873 -0.000429201
9.025 0.00314403 -0.000434076
9.03 0.0031797 -0.000439001
9.035 0.00321572 -0.000443977
9.04 0.00325212 -0.000449004
9.045 0.0032889 -0.000454083
9.05 0.00332604 -0.000459213
9.055 0.00336357 -0.000464396
9.06 0.00340149 -0.000469632
9.065 0.00343978 -0.000474921
9.07 0.00347847 -0.000480265
9.075 0.00351756 -0.000485662
9.08 0.00355704 -0.000491115
9.085 0.00359692 -0.000496623
9.09 0.00363721 -0.000502187
9.095 0.0036779 -0.000507807
9.1 0.00371901 -0.000513484
9.105 0.00376053 -0.000519218
9.11 0.00380247 -0.000525011
9.115 0.00384483 -0.000530861
9.12 0.00388762 -0.000536771
9.125 0.00393084 -0.00054274
9.13 0.0039745 -0.000548769
9.135 0.00401859 -0.000554859
9.14 0.00406312 -0.00056101
9.145 0.0041081 -0.000567222
9.15 0.00415353 -0.000573496
9.155 0.00419942 -0.000579833
9.16 0.00424576 -0.000586233
9.165 0.00429256 -0.000592697
9.17 0.00433983 -0.000599225
9.175 0.00438757 -0.000605818
9.18 0.00443578 -0.000612477
9.185 0.00448447 -0.000619201
9.19 0.00453364 -0.000625992
9.195 0.00458329 -0.00063285
9.2 0.00463344 -0.000639776
9.205 0.00468408 -0.000646771
9.21 0.00473522 -0.000653834
9.215 0.00478687 -0.000660966
9.22 0.00483902 -0.000668169
9.225 0.00489168 -0.000675442
9.23 0.00494486 -0.000682787
9.235 0.00499856 -0.000690204
9.24 0.00505279 -0.000697693
9.245 0.00510754 -0.000705255
9.25 0.00516283 -0.000712891
9.255 0.00521865 -0.000720601
9.26 0.00527502 -0.000728387
9.265 0.00533194 -0.000736248
9.27 0.00538941 -0.000744185
9.275 0.00544744 -0.0007522
9.28 0.00550603 -0.000760291
9.285 0.00556518 -0.000768462
9.29 0.00562491 -0.000776711
9.295 0.00568521 -0.000785039
9.3 0.00574609 -0.000793448
9.305 0.00580756 -0.000801938
9.31 0.00586962 -0.000810509
9.315 0.00593227 -0.000819162
9.32 0.00599553 -0.000827899
9.325 0.00605939 -0.000836719
9.33 0.00612386 -0.000845623
9.335 0.00618895 -0.000854613
9.34 0.00625465 -0.000863688
9.345 0.00632099 -0.000872849
9.35 0.00638795 -0.000882098
9.355 0.00645555 -0.000891435
9.36 0.00652379 -0.00090086
9.365 0.00659268 -0.000910374
9.37 0.00666222 -0.000919979
9.375 0.00673241 -0.000929674
9.38 0.00680327 -0.00093946
9.385 0.0068748 -0.00094934
9.39 0.006947 -0.000959312
9.395 0.00701988 -0.000969377
9.4 0.00709344 -0.000979538
9.405 0.00716769 -0.000989793
9.41 0.00724264 -0.00100014
9.415 0.00731829 -0.00101059
9.42 0.00739465 -0.00102114
9.425 0.00747172 -0.00103178
9.43 0.0075495 -0.00104253
9.435 0.00762801 -0.00105337
9.44 0.00770726 -0.00106432
9.445 0.00778723 -0.00107536
9.45 0.00786795 -0.00108651
9.455 0.00794941 -0.00109776
9.46 0.00803163 -0.00110912
9.465 0.00811461 -0.00112058
9.47 0.00819835 -0.00113215
9.475 0.00828287 -0.00114382
9.48 0.00836816 -0.0011556
9.485 0.00845423 -0.00116749
9.49 0.0085411 -0.00117949
9.495 0.00862876 -0.00119159
9.5 0.00871722 -0.00120381
9.505 0.0088065 -0.00121614
9.51 0.00889658 -0.00122858
9.515 0.00898749 -0.00124114
9.52 0.00907922 -0.00125381
9.525 0.00917179 -0.0012666
9.53 0.0092652 -0.0012795
9.535 0.00935946 -0.00129252
9.54 0.00945457 -0.00130565
9.545 0.00955054 -0.00131891
9.55 0.00964738 -0.00133228
9.555 0.00974509 -0.00134578
9.56 0.00984368 -0.0013594
9.565 0.00994316 -0.00137314
9.57 0.0100435 -0.001387
9.575 0.0101448 -0.00140099
9.58 0.010247 -0.0014151
9.585 0.0103501 -0.00142934
9.59 0.0104541 -0.00144371
9.595 0.010559 -0.0014582
9.6 0.0106649 -0.00147283
9.605 0.0107717 -0.00148758
9.61 0.0108795 -0.00150246
9.615 0.0109882 -0.00151748
9.62 0.0110979 -0.00153263
9.625 0.0112086 -0.00154792
9.63 0.0113202 -0.00156334
9.635 0.0114328 -0.00157889
9.64 0.0115465 -0.00159459
9.645 0.0116611 -0.00161042
9.65 0.0117767 -0.00162639
9.655 0.0118934 -0.0016425
9.66 0.012011 -0.00165875
9.665 0.0121297 -0.00167515
9.67 0.0122495 -0.00169169
9.675 0.0123702 -0.00170837
9.68 0.0124921 -0.0017252
9.685 0.012615 -0.00174217
9.69 0.0127389 -0.00175929
9.695 0.012864 -0.00177657
9.7 0.0129901 -0.00179399
9.705 0.0131173 -0.00181156
9.71 0.0132457 -0.00182928
9.715 0.0133751 -0.00184716
9.72 0.0135056 -0.00186519
9.725 0.0136373 -0.00188338
9.73 0.0137701 -0.00190172
9.735 0.0139041 -0.00192022
9.74 0.0140392 -0.00193888
9.745 0.0141754 -0.0019577
9.75 0.0143128 -0.00197668
9.755 0.0144514 -0.00199583
9.76 0.0145912 -0.00201513
9.765 0.0147322 -0.0020346
9.77 0.0148743 -0.00205424
9.775 0.0150177 -0.00207404
9.78 0.0151623 -0.00209402
9.785 0.0153081 -0.00211416
9.79 0.0154552 -0.00213447
9.795 0.0156035 -0.00215495
9.8 0.015753 -0.00217561
9.805 0.0159038 -0.00219644
9.81 0.0160559 -0.00221744
9.815 0.0162093 -0.00223863
9.82 0.0163639 -0.00225999
9.825 0.0165199 -0.00228152
9.83 0.0166771 -0.00230324
9.835 0.0168357 -0.00232514
9.84 0.0169955 -0.00234723
9.845 0.0171568 -0.0023695
9.85 0.0173193 -0.00239195
9.855 0.0174832 -0.00241459
9.86 0.0176485 -0.00243742
9.865 0.0178151 -0.00246043
9.87 0.0179831 -0.00248364
9.875 0.0181525 -0.00250704
9.88 0.0183233 -0.00253063
9.885 0.0184956 -0.00255442
9.89 0.0186692 -0.0025784
9.895 0.0188442 -0.00260258
9.9 0.0190207 -0.00262696
9.905 0.0191987 -0.00265153
9.91 0.0193781 -0.00267631
9.915 0.0195589 -0.00270129
9.92 0.0197412 -0.00272648
9.925 0.0199251 -0.00275187
9.93 0.0201104 -0.00277746
9.935 0.0202972 -0.00280327
9.94 0.0204855 -0.00282928
9.945 0.0206754 -0.00285551
9.95 0.0208668 -0.00288194
9.955 0.0210597 -0.00290859
9.96 0.0212542 -0.00293546
9.965 0.0214503 -0.00296254
9.97 0.0216479 -0.00298984
9.975 0.0218472 -0.00301736
9.98 0.022048 -0.00304509
9.985 0.0222504 -0.00307306
9.99 0.0224545 -0.00310124
9.995 0.0226601 -0.00312965
10 0.0228675 -0.00315828
10.005 0.0230764 -0.00318715
10.01 0.0232871 -0.00321624
10.015 0.0234994 -0.00324557
10.02 0.0237133 -0.00327512
10.025 0.023929 -0.00330491
10.03 0.0241464 -0.00333494
10.035 0.0243655 -0.0033652
10.04 0.0245863 -0.0033957
10.045 0.0248089 -0.00342644
10.05 0.0250332 -0.00345742
10.055 0.0252592 -0.00348865
10.06 0.0254871 -0.00352012
10.065 0.0257167 -0.00355184
10.07 0.0259481 -0.0035838
10.075 0.0261813 -0.00361601
10.08 0.0264163 -0.00364847
10.085 0.0266532 -0.00368119
10.09 0.0268919 -0.00371416
10.095 0.0271324 -0.00374738
10.1 0.0273748 -0.00378087
10.105 0.0276191 -0.00381461
10.11 0.0278652 -0.00384861
10.115 0.0281133 -0.00388287
10.12 0.0283632 -0.00391739
10.125 0.0286151 -0.00395219
10.13 0.0288689 -0.00398724
10.135 0.0291247 -0.00402257
10.14 0.0293824 -0.00405817
10.145 0.0296421 -0.00409403
10.15 0.0299037 -0.00413017
10.155 0.0301673 -0.00416659
10.16 0.030433 -0.00420328
10.165 0.0307007 -0.00424025
10.17 0.0309703 -0.0042775
10.175 0.0312421 -0.00431504
10.18 0.0315158 -0.00435285
10.185 0.0317917 -0.00439095
10.19 0.0320696 -0.00442934
10.195 0.0323496 -0.00446802
10.2 0.0326317 -0.00450698
10.205 0.0329159 -0.00454624
10.21 0.0332023 -0.00458579
10.215 0.0334907 -0.00462564
10.22 0.0337814 -0.00466578
10.225 0.0340742 -0.00470623
10.23 0.0343691 -0.00474697
10.235 0.0346663 -0.00478801
10.24 0.0349656 -0.00482936
10.245 0.0352672 -0.00487102
10.25 0.035571 -0.00491298
10.255 0.0358771 -0.00495525
10.26 0.0361853 -0.00499784
10.265 0.0364959 -0.00504074
10.27 0.0368087 -0.00508395
10.275 0.0371239 -0.00512747
10.28 0.0374413 -0.00517132
10.285 0.0377611 -0.00521549
10.29 0.0380831 -0.00525998
10.295 0.0384076 -0.00530479
10.3 0.0387343 -0.00534993
10.305 0.0390635 -0.00539539
10.31 0.039395 -0.00544119
10.315 0.039729 -0.00548731
10.32 0.0400653 -0.00553377
10.325 0.0404041 -0.00558056
10.33 0.0407453 -0.00562769
10.335 0.041089 -0.00567516
10.34 0.0414351 -0.00572297
10.345 0.0417837 -0.00577113
10.35 0.0421348 -0.00581962
10.355 0.0424884 -0.00586847
10.36 0.0428445 -0.00591766
10.365 0.0432032 -0.0059672
10.37 0.0435644 -0.00601709
10.375 0.0439282 -0.00606733
10.38 0.0442945 -0.00611794
10.385 0.0446634 -0.0061689
10.39 0.045035 -0.00622022
10.395 0.0454091 -0.0062719
10.4 0.0457859 -0.00632394
10.405 0.0461653 -0.00637635
10.41 0.0465474 -0.00642913
10.415 0.0469322 -0.00648227
10.42 0.0473196 -0.00653579
10.425 0.0477098 -0.00658968
10.43 0.0481026 -0.00664394
10.435 0.0484982 -0.00669859
10.44 0.0488966 -0.00675361
10.445 0.0492977 -0.00680901
10.45 0.0497015 -0.0068648
10.455 0.0501082 -0.00692097
10.46 0.0505176 -0.00697753
10.465 0.0509299 -0.00703447
10.47 0.051345 -0.00709181
10.475 0.051763 -0.00714954
10.48 0.0521838 -0.00720767
10.485 0.0526075 -0.00726619
10.49 0.053034 -0.00732511
10.495 0.0534635 -0.00738444
10.5 0.0538959 -0.00744416
10.505 0.0543313 -0.00750429
10.51 0.0547695 -0.00756483
10.515 0.0552108 -0.00762578
10.52 0.055655 -0.00768714
10.525 0.0561022 -0.00774891
10.53 0.0565524 -0.0078111
10.535 0.0570057 -0.00787371
10.54 0.057462 -0.00793673
10.545 0.0579213 -0.00800018
10.55 0.0583837 -0.00806405
10.555 0.0588492 -0.00812835
10.56 0.0593177 -0.00819307
10.565 0.0597894 -0.00825822
10.57 0.0602642 -0.00832381
10.575 0.0607422 -0.00838983
10.58 0.0612233 -0.00845629
10.585 0.0617076 -0.00852318
10.59 0.0621951 -0.00859051
10.595 0.0626858 -0.00865829
10.6 0.0631797 -0.00872651
10.605 0.0636768 -0.00879518
10.61 0.0641772 -0.0088643
10.615 0.0646808 -0.00893387
10.62 0.0651877 -0.00900389
10.625 0.065698 -0.00907436
10.63 0.0662115 -0.00914529
10.635 0.0667283 -0.00921669
10.64 0.0672485 -0.00928854
10.645 0.0677721 -0.00936086
10.65 0.068299 -0.00943364
10.655 0.0688293 -0.00950689
10.66 0.069363 -0.00958061
10.665 0.0699001 -0.0096548
10.67 0.0704407 -0.00972947
10.675 0.0709847 -0.00980461
10.68 0.0715322 -0.00988024
10.685 0.0720831 -0.00995634
10.69 0.0726376 -0.0100329
10.695 0.0731955 -0.01011
10.7 0.073757 -0.0101876
10.705 0.074322 -0.0102656
10.71 0.0748906 -0.0103441
10.715 0.0754628 -0.0104232
10.72 0.0760385 -0.0105027
10.725 0.0766179 -0.0105827
10.73 0.0772008 -0.0106632
10.735 0.0777874 -0.0107443
10.74 0.0783777 -0.0108258
10.745 0.0789716 -0.0109078
10.75 0.0795692 -0.0109904
10.755 0.0801705 -0.0110734
10.76 0.0807755 -0.011157
10.765 0.0813843 -0.0112411
10.77 0.0819967 -0.0113257
10.775 0.082613 -0.0114108
10.78 0.083233 -0.0114965
10.785 0.0838568 -0.0115826
10.79 0.0844844 -0.0116693
10.795 0.0851159 -0.0117565
10.8 0.0857512 -0.0118443
10.805 0.0863903 -0.0119326
10.81 0.0870333 -0.0120214
10.815 0.0876802 -0.0121107
10.82 0.088331 -0.0122006
10.825 0.0889857 -0.0122911
10.83 0.0896444 -0.0123821
10.835 0.0903069 -0.0124736
10.84 0.0909735 -0.0125656
10.845 0.091644 -0.0126583
10.85 0.0923186 -0.0127514
10.855 0.0929971 -0.0128452
10.86 0.0936797 -0.0129394
10.865 0.0943663 -0.0130343
10.87 0.0950569 -0.0131297
10.875 0.0957517 -0.0132257
10.88 0.0964505 -0.0133222
10.885 0.0971534 -0.0134193
10.89 0.0978605 -0.0135169
10.895 0.0985716 -0.0136152
10.9 0.099287 -0.013714
10.905 0.100006 -0.0138134
10.91 0.10073 -0.0139133
10.915 0.101458 -0.0140139
10.92 0.10219 -0.014115
10.925 0.102926 -0.0142167
10.93 0.103667 -0.014319
10.935 0.104412 -0.0144219
10.94 0.105161 -0.0145253
10.945 0.105914 -0.0146294
10.95 0.106672 -0.0147341
10.955 0.107434 -0.0148393
10.96 0.1082 -0.0149452
10.965 0.108971 -0.0150516
10.97 0.109746 -0.0151587
10.975 0.110525 -0.0152664
10.98 0.111309 -0.0153746
10.985 0.112098 -0.0154835
10.99 0.11289 -0.015593
10.995 0.113687 -0.0157031
11 0.114489 -0.0158138
11.005 0.115295 -0.0159252
11.01 0.116105 -0.0160371
11.015 0.11692 -0.0161497
11.02 0.11774 -0.0162629
11.025 0.118564 -0.0163767
11.03 0.119393 -0.0164912
11.035 0.120226 -0.0166063
11.04 0.121064 -0.016722
11.045 0.121906 -0.0168383
11.05 0.122753 -0.0169553
11.055 0.123604 -0.017073
11.06 0.124461 -0.0171912
11.065 0.125322 -0.0173101
11.07 0.126187 -0.0174297
11.075 0.127057 -0.0175499
11.08 0.127932 -0.0176707
11.085 0.128812 -0.0177922
11.09 0.129696 -0.0179144
11.095 0.130585 -0.0180372
11.1 0.131479 -0.0181606
11.105 0.132377 -0.0182847
11.11 0.133281 -0.0184095
11.115 0.134189 -0.018535
11.12 0.135102 -0.0186611
11.125 0.136019 -0.0187878
11.13 0.136942 -0.0189153
11.135 0.137869 -0.0190434
11.14 0.138802 -0.0191721
11.145 0.139739 -0.0193016
11.15 0.140681 -0.0194317
11.155 0.141628 -0.0195625
11.16 0.14258 -0.019694
11.165 0.143536 -0.0198261
11.17 0.144498 -0.019959
11.175 0.145465 -0.0200925
11.18 0.146436 -0.0202267
11.185 0.147413 -0.0203616
11.19 0.148395 -0.0204972
11.195 0.149381 -0.0206335
11.2 0.150373 -0.0207705
11.205 0.15137 -0.0209081
11.21 0.152371 -0.0210465
11.215 0.153378 -0.0211856
11.22 0.15439 -0.0213253
11.225 0.155407 -0.0214658
11.23 0.156429 -0.021607
11.235 0.157456 -0.0217489
11.24 0.158488 -0.0218914
11.245 0.159526 -0.0220347
11.25 0.160568 -0.0221787
11.255 0.161616 -0.0223235
11.26 0.162669 -0.0224689
11.265 0.163727 -0.022615
11.27 0.16479 -0.0227619
11.275 0.165858 -0.0229095
11.28 0.166932 -0.0230578
11.285 0.168011 -0.0232068
11.29 0.169095 -0.0233566
11.295 0.170184 -0.023507
11.3 0.171279 -0.0236582
11.305 0.172379 -0.0238102
11.31 0.173484 -0.0239628
11.315 0.174595 -0.0241162
11.32 0.17571 -0.0242703
11.325 0.176832 -0.0244252
11.33 0.177958 -0.0245808
11.335 0.17909 -0.0247371
11.34 0.180227 -0.0248942
11.345 0.181369 -0.025052
11.35 0.182517 -0.0252106
11.355 0.18367 -0.0253699
11.36 0.184829 -0.0255299
11.365 0.185993 -0.0256907
11.37 0.187163 -0.0258522
11.375 0.188337 -0.0260145
11.38 0.189518 -0.0261775
11.385 0.190703 -0.0263413
11.39 0.191895 -0.0265059
11.395 0.193091 -0.0266711
11.4 0.194293 -0.0268372
11.405 0.195501 -0.027004
11.41 0.196714 -0.0271715
11.415 0.197932 -0.0273399
11.42 0.199156 -0.0275089
11.425 0.200386 -0.0276788
11.43 0.201621 -0.0278494
11.435 0.202862 -0.0280207
11.44 0.204108 -0.0281929
11.445 0.205359 -0.0283657
11.45 0.206616 -0.0285394
11.455 0.207879 -0.0287138
11.46 0.209148 -0.028889
11.465 0.210421 -0.029065
11.47 0.211701 -0.0292417
11.475 0.212986 -0.0294192
11.48 0.214277 -0.0295975
11.485 0.215573 -0.0297766
11.49 0.216875 -0.0299564
11.495 0.218182 -0.030137
11.5 0.219495 -0.0303184
11.505 0.220814 -0.0305005
11.51 0.222138 -0.0306835
11.515 0.223468 -0.0308672
11.52 0.224804 -0.0310517
11.525 0.226145 -0.0312369
11.53 0.227492 -0.031423
11.535 0.228845 -0.0316098
11.54 0.230203 -0.0317974
11.545 0.231567 -0.0319858
11.55 0.232937 -0.032175
11.555 0.234312 -0.032365
11.56 0.235693 -0.0325557
11.565 0.23708 -0.0327473
11.57 0.238472 -0.0329396
11.575 0.23987 -0.0331327
11.58 0.241274 -0.0333266
11.585 0.242683 -0.0335213
11.59 0.244098 -0.0337168
11.595 0.245519 -0.0339131
11.6 0.246946 -0.0341101
11.605 0.248378 -0.034308
11.61 0.249816 -0.0345066
11.615 0.25126 -0.034706
11.62 0.252709 -0.0349062
11.625 0.254165 -0.0351072
11.63 0.255626 -0.035309
11.635 0.257092 -0.0355116
11.64 0.258565 -0.035715
11.645 0.260043 -0.0359192
11.65 0.261527 -0.0361242
11.655 0.263016 -0.0363299
11.66 0.264512 -0.0365365
11.665 0.266013 -0.0367438
11.67 0.26752 -0.036952
11.675 0.269032 -0.0371609
11.68 0.27055 -0.0373706
11.685 0.272074 -0.0375811
11.69 0.273604 -0.0377924
11.695 0.27514 -0.0380045
11.7 0.276681 -0.0382174
11.705 0.278228 -0.0384311
11.71 0.279781 -0.0386456
11.715 0.281339 -0.0388609
11.72 0.282903 -0.0390769
11.725 0.284473 -0.0392938
11.73 0.286049 -0.0395115
11.735 0.28763 -0.0397299
11.74 0.289218 -0.0399491
11.745 0.29081 -0.0401691
11.75 0.292409 -0.04039
11.755 0.294013 -0.0406116
11.76 0.295623 -0.0408339
11.765 0.297239 -0.0410571
11.77 0.29886 -0.0412811
11.775 0.300488 -0.0415058
11.78 0.30212 -0.0417314
11.785 0.303759 -0.0419577
11.79 0.305403 -0.0421848
11.795 0.307053 -0.0424127
11.8 0.308708 -0.0426414
11.805 0.31037 -0.0428709
11.81 0.312037 -0.0431011
11.815 0.313709 -0.0433322
11.82 0.315387 -0.043564
11.825 0.317071 -0.0437966
11.83 0.318761 -0.0440299
11.835 0.320456 -0.0442641
11.84 0.322157 -0.044499
11.845 0.323863 -0.0447347
11.85 0.325575 -0.0449712
11.855 0.327293 -0.0452085
11.86 0.329016 -0.0454465
11.865 0.330745 -0.0456853
11.87 0.332479 -0.0459249
11.875 0.334219 -0.0461652
11.88 0.335965 -0.0464064
11.885 0.337716 -0.0466482
11.89 0.339473 -0.0468909
11.895 0.341235 -0.0471343
11.9 0.343003 -0.0473785
11.905 0.344776 -0.0476234
11.91 0.346555 -0.0478691
11.915 0.348339 -0.0481156
11.92 0.350129 -0.0483628
11.925 0.351924 -0.0486108
11.93 0.353725 -0.0488595
11.935 0.355531 -0.049109
11.94 0.357342 -0.0493592
11.945 0.359159 -0.0496102
11.95 0.360982 -0.0498619
11.955 0.36281 -0.0501144
11.96 0.364643 -0.0503676
11.965 0.366481 -0.0506216
11.97 0.368325 -0.0508763
11.975 0.370175 -0.0511317
11.98 0.372029 -0.0513879
11.985 0.373889 -0.0516448
11.99 0.375754 -0.0519025
11.995 0.377625 -0.0521609
12 0.379501 -0.05242
12.005 0.381382 -0.0526798
12.01 0.383268 -0.0529403
12.015 0.385159 -0.0532016
12.02 0.387056 -0.0534636
12.025 0.388958 -0.0537263
12.03 0.390865 -0.0539897
12.035 0.392777 -0.0542539
12.04 0.394695 -0.0545187
12.045 0.396617 -0.0547843
12.05 0.398545 -0.0550505
12.055 0.400477 -0.0553175
12.06 0.402415 -0.0555852
12.065 0.404358 -0.0558535
12.07 0.406306 -0.0561226
12.075 0.408258 -0.0563923
12.08 0.410216 -0.0566627
12.085 0.412179 -0.0569338
12.09 0.414147 -0.0572056
12.095 0.416119 -0.0574781
12.1 0.418097 -0.0577513
12.105 0.420079 -0.0580251
12.11 0.422066 -0.0582996
12.115 0.424058 -0.0585748
12.12 0.426055 -0.0588506
12.125 0.428057 -0.0591271
12.13 0.430063 -0.0594042
12.135 0.432074 -0.059682
12.14 0.43409 -0.0599605
12.145 0.436111 -0.0602396
12.15 0.438136 -0.0605193
12.155 0.440166 -0.0607997
12.16 0.442201 -0.0610807
12.165 0.44424 -0.0613624
12.17 0.446283 -0.0616447
12.175 0.448331 -0.0619276
12.18 0.450384 -0.0622112
12.185 0.452441 -0.0624953
12.19 0.454503 -0.0627801
12.195 0.456569 -0.0630655
12.2 0.458639 -0.0633515
12.205 0.460714 -0.0636381
12.21 0.462793 -0.0639253
12.215 0.464877 -0.0642131
12.22 0.466965 -0.0645014
12.225 0.469057 -0.0647904
12.23 0.471153 -0.06508
12.235 0.473253 -0.0653701
12.24 0.475358 -0.0656608
12.245 0.477467 -0.0659521
12.25 0.47958 -0.066244
12.255 0.481697 -0.0665364
12.26 0.483818 -0.0668293
12.265 0.485943 -0.0671229
12.27 0.488072 -0.0674169
12.275 0.490204 -0.0677116
12.28 0.492341 -0.0680067
12.285 0.494482 -0.0683024
12.29 0.496626 -0.0685986
12.295 0.498775 -0.0688954
12.3 0.500927 -0.0691926
12.305 0.503083 -0.0694904
12.31 0.505242 -0.0697887
12.315 0.507405 -0.0700875
12.32 0.509572 -0.0703868
12.325 0.511742 -0.0706866
12.33 0.513916 -0.0709869
12.335 0.516094 -0.0712877
12.34 0.518275 -0.071589
12.345 0.520459 -0.0718907
12.35 0.522647 -0.0721929
12.355 0.524838 -0.0724955
12.36 0.527033 -0.0727987
12.365 0.52923 -0.0731022
12.37 0.531431 -0.0734063
12.375 0.533636 -0.0737107
12.38 0.535843 -0.0740157
12.385 0.538053 -0.074321
12.39 0.540267 -0.0746268
12.395 0.542484 -0.0749329
12.4 0.544703 -0.0752395
12.405 0.546926 -0.0755465
12.41 0.549151 -0.0758539
12.415 0.55138 -0.0761617
12.42 0.553611 -0.0764699
12.425 0.555845 -0.0767785
12.43 0.558082 -0.0770875
12.435 0.560321 -0.0773968
12.44 0.562563 -0.0777065
12.445 0.564808 -0.0780166
12.45 0.567055 -0.078327
12.455 0.569305 -0.0786377
12.46 0.571557 -0.0789488
12.465 0.573811 -0.0792602
12.47 0.576068 -0.079572
12.475 0.578328 -0.0798841
12.48 0.580589 -0.0801965
12.485 0.582853 -0.0805092
12.49 0.585119 -0.0808222
12.495 0.587387 -0.0811355
12.5 0.589657 -0.0814491
12.505 0.591929 -0.0817629
12.51 0.594204 -0.0820771
12.515 0.59648 -0.0823915
12.52 0.598758 -0.0827061
12.525 0.601038 -0.0830211
12.53 0.603319 -0.0833362
12.535 0.605603 -0.0836516
12.54 0.607888 -0.0839672
12.545 0.610174 -0.0842831
12.55 0.612463 -0.0845992
12.555 0.614752 -0.0849155
12.56 0.617043 -0.0852319
12.565 0.619336 -0.0855486
12.57 0.62163 -0.0858655
12.575 0.623925 -0.0861825
12.58 0.626222 -0.0864998
12.585 0.628519 -0.0868171
12.59 0.630818 -0.0871347
12.595 0.633118 -0.0874524
12.6 0.635419 -0.0877702
12.605 0.637721 -0.0880881
12.61 0.640024 -0.0884062
12.615 0.642327 -0.0887244
12.62 0.644632 -0.0890427
12.625 0.646937 -0.0893611
12.63 0.649243 -0.0896796
12.635 0.651549 -0.0899982
12.64 0.653856 -0.0903169
12.645 0.656163 -0.0906356
12.65 0.658471 -0.0909544
12.655 0.66078 -0.0912733
12.66 0.663088 -0.0915921
12.665 0.665397 -0.0919111
12.67 0.667706 -0.09223
12.675 0.670015 -0.092549
12.68 0.672324 -0.0928679
12.685 0.674633 -0.0931869
12.69 0.676942 -0.0935059
12.695 0.679251 -0.0938248
12.7 0.68156 -0.0941437
12.705 0.683869 -0.0944626
12.71 0.686177 -0.0947814
12.715 0.688485 -0.0951002
12.72 0.690792 -0.0954189
12.725 0.693099 -0.0957376
12.73 0.695405 -0.0960562
12.735 0.697711 -0.0963746
12.74 0.700016 -0.096693
12.745 0.70232 -0.0970113
12.75 0.704623 -0.0973294
12.755 0.706926 -0.0976475
12.76 0.709227 -0.0979654
12.765 0.711527 -0.0982831
12.77 0.713826 -0.0986007
12.775 0.716124 -0.0989181
12.78 0.718421 -0.0992354
12.785 0.720717 -0.0995524
12.79 0.723011 -0.0998693
12.795 0.725303 -0.100186
12.8 0.727594 -0.100502
12.805 0.729883 -0.100819
12.81 0.732171 -0.101135
12.815 0.734457 -0.10145
12.82 0.736741 -0.101766
12.825 0.739023 -0.102081
12.83 0.741303 -0.102396
12.835 0.743582 -0.102711
12.84 0.745858 -0.103025
12.845 0.748131 -0.103339
12.85 0.750403 -0.103653
12.855 0.752672 -0.103966
12.86 0.754939 -0.10428
12.865 0.757203 -0.104592
12.87 0.759465 -0.104905
12.875 0.761724 -0.105217
12.88 0.76398 -0.105529
12.885 0.766234 -0.10584
12.89 0.768485 -0.106151
12.895 0.770732 -0.106461
12.9 0.772977 -0.106771
12.905 0.775219 -0.107081
12.91 0.777457 -0.10739
12.915 0.779692 -0.107699
12.92 0.781924 -0.108007
12.925 0.784152 -0.108315
12.93 0.786377 -0.108622
12.935 0.788598 -0.108929
12.94 0.790816 -0.109235
12.945 0.79303 -0.109541
12.95 0.79524 -0.109846
12.955 0.797446 -0.110151
12.96 0.799648 -0.110455
12.965 0.801846 -0.110759
12.97 0.80404 -0.111062
12.975 0.80623 -0.111364
12.98 0.808415 -0.111666
12.985 0.810596 -0.111968
12.99 0.812773 -0.112268
12.995 0.814945 -0.112568
13 0.817112 -0.112868
13.005 0.819275 -0.113166
13.01 0.821432 -0.113464
13.015 0.823585 -0.113762
13.02 0.825733 -0.114059
13.025 0.827876 -0.114355
13.03 0.830014 -0.11465
13.035 0.832146 -0.114944
13.04 0.834273 -0.115238
13.045 0.836395 -0.115531
13.05 0.838512 -0.115824
13.055 0.840622 -0.116115
13.06 0.842727 -0.116406
13.065 0.844827 -0.116696
13.07 0.84692 -0.116985
13.075 0.849007 -0.117273
13.08 0.851089 -0.117561
13.085 0.853164 -0.117848
13.09 0.855234 -0.118133
13.095 0.857297 -0.118418
13.1 0.859353 -0.118702
13.105 0.861403 -0.118986
13.11 0.863447 -0.119268
13.115 0.865484 -0.119549
13.12 0.867514 -0.11983
13.125 0.869538 -0.120109
13.13 0.871554 -0.120388
13.135 0.873564 -0.120665
13.14 0.875566 -0.120942
13.145 0.877562 -0.121218
13.15 0.87955 -0.121492
13.155 0.881531 -0.121766
13.16 0.883504 -0.122038
13.165 0.88547 -0.12231
13.17 0.887428 -0.12258
13.175 0.889378 -0.12285
13.18 0.891321 -0.123118
13.185 0.893256 -0.123385
13.19 0.895183 -0.123652
13.195 0.897101 -0.123917
13.2 0.899012 -0.124181
13.205 0.900914 -0.124443
13.21 0.902808 -0.124705
13.215 0.904694 -0.124965
13.22 0.906571 -0.125225
13.225 0.908439 -0.125483
13.23 0.910299 -0.12574
13.235 0.912149 -0.125995
13.24 0.913991 -0.12625
13.245 0.915824 -0.126503
13.25 0.917648 -0.126755
13.255 0.919462 -0.127005
13.26 0.921268 -0.127255
13.265 0.923064 -0.127503
13.27 0.92485 -0.12775
13.275 0.926627 -0.127995
13.28 0.928394 -0.128239
13.285 0.930152 -0.128482
13.29 0.9319 -0.128723
13.295 0.933637 -0.128963
13.3 0.935365 -0.129202
13.305 0.937083 -0.129439
13.31 0.93879 -0.129675
13.315 0.940487 -0.12991
13.32 0.942173 -0.130143
13.325 0.94385 -0.130374
13.33 0.945515 -0.130604
13.335 0.94717 -0.130833
13.34 0.948814 -0.13106
13.345 0.950447 -0.131285
13.35 0.952069 -0.131509
13.355 0.95368 -0.131732
13.36 0.95528 -0.131953
13.365 0.956868 -0.132172
13.37 0.958446 -0.13239
13.375 0.960011 -0.132607
13.38 0.961566 -0.132821
13.385 0.963108 -0.133034
13.39 0.964639 -0.133246
13.395 0.966158 -0.133456
13.4 0.967665 -0.133664
13.405 0.96916 -0.13387
13.41 0.970643 -0.134075
13.415 0.972113 -0.134278
13.42 0.973571 -0.13448
13.425 0.975017 -0.134679
13.43 0.976451 -0.134877
13.435 0.977871 -0.135074
13.44 0.979279 -0.135268
13.445 0.980675 -0.135461
13.45 0.982057 -0.135652
13.455 0.983426 -0.135841
13.46 0.984783 -0.136028
13.465 0.986126 -0.136214
13.47 0.987456 -0.136397
13.475 0.988772 -0.136579
13.48 0.990075 -0.136759
13.485 0.991364 -0.136937
13.49 0.99264 -0.137114
13.495 0.993902 -0.137288
13.5 0.99515 -0.13746
13.505 0.996384 -0.137631
13.51 0.997605 -0.137799
13.515 0.998811 -0.137966
13.52 1 -0.13813
