0 0 0
0.08 1.33183e-97 0
0.16 1.30907e-91 -4.70149e-100
0.24 9.10563e-87 -2.50613e-92
0.32 1.08069e-82 -1.14442e-87
0.4 4.04805e-79 -1.05116e-83
0.48 5.96752e-76 -2.99606e-80
0.56 4.26196e-73 -3.60651e-77
0.64 1.66511e-70 -2.16137e-74
0.72 3.92617e-68 -7.30512e-72
0.8 6.0141e-66 -1.52294e-69
0.88 6.34734e-64 -2.09946e-67
0.96 4.84035e-62 -2.02206e-65
1.04 2.77348e-60 -1.13336e-63
1 4.40511e-61 -2.00652e-64
0.98 1.49818e-61 -6.72366e-65
1 4.53806e-61 -2.17887e-64
1.02 1.34501e-60 -6.8833e-64
1.04 3.90341e-60 -2.12217e-63
1.06 1.11012e-59 -6.39223e-63
1.08 3.09616e-59 -1.88298e-62
1.1 8.47452e-59 -5.42958e-62
1.12 2.2779e-58 -1.53386e-61
1.14 6.01671e-58 -4.24864e-61
1.16 1.56261e-57 -1.15475e-60
1.18 3.99259e-57 -3.08178e-60
1.2 1.00418e-56 -8.08122e-60
1.22 2.48738e-56 -2.08344e-59
1.24 6.07105e-56 -5.28408e-59
1.26 1.46076e-55 -1.3191e-58
1.28 3.4664e-55 -3.24289e-58
1.3 8.11619e-55 -7.85496e-58
1.32 1.87575e-54 -1.8755e-57
1.34 4.28069e-54 -4.41611e-57
1.36 9.65011e-54 -1.02588e-56
1.38 2.14973e-53 -2.35209e-56
1.4 4.73388e-53 -5.32454e-56
1.42 1.0308e-52 -1.19051e-55
1.44 2.22017e-52 -2.63e-55
1.46 4.73137e-52 -5.74237e-55
1.48 9.97933e-52 -1.23958e-54
1.5 2.08376e-51 -2.64625e-54
1.52 4.30866e-51 -5.58836e-54
1.54 8.82457e-51 -1.16775e-53
1.56 1.79065e-50 -2.41515e-53
1.58 3.60074e-50 -4.94499e-53
1.6 7.17694e-50 -1.00258e-52
1.62 1.41823e-49 -2.01327e-52
1.64 2.77909e-49 -4.005e-52
1.66 5.40129e-49 -7.89427e-52
1.68 1.0414e-48 -1.5421e-51
1.7 1.99223e-48 -2.98594e-51
1.72 3.78222e-48 -5.73187e-51
1.74 7.12711e-48 -1.09101e-50
1.76 1.33326e-47 -2.05942e-50
1.78 2.47639e-47 -3.85578e-50
1.8 4.5677e-47 -7.16126e-50
1.82 8.36788e-47 -1.31957e-49
1.84 1.52278e-46 -2.41267e-49
1.86 2.75312e-46 -4.37757e-49
1.88 4.94583e-46 -7.88288e-49
1.9 8.82952e-46 -1.40895e-48
1.92 1.56666e-45 -2.50095e-48
1.94 2.76319e-45 -4.41158e-48
1.96 4.84499e-45 -7.73562e-48
1.98 8.44648e-45 -1.3486e-47
2 1.46423e-44 -2.33785e-47
2.02 2.52428e-44 -4.0304e-47
2.04 4.32825e-44 -6.91071e-47
2.06 7.38206e-44 -1.17866e-46
2.08 1.2525e-43 -1.99981e-46
2.1 2.11424e-43 -3.37571e-46
2.12 3.551e-43 -5.66971e-46
2.14 5.93481e-43 -9.47582e-46
2.16 9.87101e-43 -1.57606e-45
2.18 1.63401e-42 -2.60894e-45
2.2 2.69229e-42 -4.29865e-45
2.22 4.4157e-42 -7.05033e-45
2.24 7.20981e-42 -1.15116e-44
2.26 1.172e-41 -1.87128e-44
2.28 1.89691e-41 -3.02871e-44
2.3 3.05712e-41 -4.88116e-44
2.32 4.90632e-41 -7.83369e-44
2.34 7.84168e-41 -1.25204e-43
2.36 1.24825e-40 -1.99302e-43
2.38 1.97907e-40 -3.15989e-43
2.4 3.1255e-40 -4.99034e-43
2.42 4.91703e-40 -7.85079e-43
2.44 7.70617e-40 -1.23041e-42
2.46 1.20324e-39 -1.92116e-42
2.48 1.87185e-39 -2.9887e-42
2.5 2.90149e-39 -4.63267e-42
2.52 4.48152e-39 -7.15543e-42
2.54 6.89777e-39 -1.10133e-41
2.56 1.05802e-38 -1.68929e-41
2.58 1.61736e-38 -2.58236e-41
2.6 2.46414e-38 -3.93437e-41
2.62 3.74192e-38 -5.97454e-41
2.64 5.66389e-38 -9.04326e-41
2.66 8.54571e-38 -1.36445e-40
2.68 1.28533e-37 -2.05222e-40
2.7 1.92723e-37 -3.07712e-40
2.72 2.88088e-37 -4.59977e-40
2.74 4.29348e-37 -6.8552e-40
2.76 6.37977e-37 -1.01863e-39
2.78 9.45211e-37 -1.50917e-39
2.8 1.39637e-36 -2.22952e-39
2.82 2.05701e-36 -3.28433e-39
2.84 3.02173e-36 -4.82465e-39
2.86 4.42663e-36 -7.0678e-39
2.88 6.46707e-36 -1.03257e-38
2.9 9.42266e-36 -1.50447e-38
2.92 1.36926e-35 -2.18624e-38
2.94 1.98456e-35 -3.16866e-38
2.96 2.86894e-35 -4.5807e-38
2.98 4.13688e-35 -6.60516e-38
3 5.95022e-35 -9.50042e-38
3.02 8.53721e-35 -1.3631e-37
3.04 1.2219e-34 -1.95095e-37
3.06 1.74465e-34 -2.7856e-37
3.08 2.48511e-34 -3.96786e-37
3.1 3.53152e-34 -5.63862e-37
3.12 5.00691e-34 -7.9943e-37
3.14 7.08244e-34 -1.13082e-36
3.16 9.99569e-34 -1.59596e-36
3.18 1.40758e-33 -2.24741e-36
3.2 1.97777e-33 -3.15781e-36
3.22 2.77288e-33 -4.42733e-36
3.24 3.87931e-33 -6.19391e-36
3.26 5.41571e-33 -8.647e-36
3.28 7.54476e-33 -1.20464e-35
3.3 1.0489e-32 -1.67474e-35
3.32 1.45525e-32 -2.32353e-35
3.34 2.01494e-32 -3.21716e-35
3.36 2.78433e-32 -4.4456e-35
3.38 3.83991e-32 -6.13101e-35
3.4 5.28539e-32 -8.43893e-35
3.42 7.261e-32 -1.15933e-34
3.44 9.95612e-32 -1.58965e-34
3.46 1.3626e-31 -2.1756e-34
3.48 1.8614e-31 -2.97201e-34
3.5 2.53813e-31 -4.05252e-34
3.52 3.45463e-31 -5.51585e-34
3.54 4.69365e-31 -7.49413e-34
3.56 6.36577e-31 -1.01639e-33
3.58 8.61848e-31 -1.37607e-33
3.6 1.16482e-30 -1.85981e-33
3.62 1.57161e-30 -2.50932e-33
3.64 2.11688e-30 -3.37992e-33
3.66 2.84657e-30 -4.54498e-33
3.68 3.82146e-30 -6.10155e-33
3.7 5.12186e-30 -8.17784e-33
3.72 6.85369e-30 -1.0943e-32
3.74 9.15646e-30 -1.46197e-32
3.76 1.22136e-29 -1.95009e-32
3.78 1.62661e-29 -2.59712e-32
3.8 2.16296e-29 -3.4535e-32
3.82 2.87179e-29 -4.58525e-32
3.84 3.80715e-29 -6.07869e-32
3.86 5.03962e-29 -8.04652e-32
3.88 6.66121e-29 -1.06356e-31
3.9 8.7917e-29 -1.40373e-31
3.92 1.15868e-28 -1.85001e-31
3.94 1.52487e-28 -2.43469e-31
3.96 2.00395e-28 -3.19961e-31
3.98 2.62985e-28 -4.19896e-31
4 3.44646e-28 -5.50281e-31
4.02 4.51045e-28 -7.20161e-31
4.04 5.89488e-28 -9.41207e-31
4.06 7.69389e-28 -1.22845e-30
4.08 1.00286e-27 -1.60121e-30
4.1 1.30545e-27 -2.08435e-30
4.12 1.69712e-27 -2.70971e-30
4.14 2.20346e-27 -3.51817e-30
4.16 2.85722e-27 -4.56198e-30
4.18 3.70025e-27 -5.90801e-30
4.2 4.78601e-27 -7.6416e-30
4.22 6.18269e-27 -9.87161e-30
4.24 7.97714e-27 -1.27367e-29
4.26 1.02799e-26 -1.64134e-29
4.28 1.32314e-26 -2.11259e-29
4.3 1.701e-26 -2.7159e-29
4.32 2.18418e-26 -3.48737e-29
4.34 2.80132e-26 -4.47274e-29
4.36 3.58868e-26 -5.72987e-29
4.38 4.59204e-26 -7.33189e-29
4.4 5.86925e-26 -9.37114e-29
4.42 7.49322e-26 -1.19641e-28
4.44 9.55582e-26 -1.52573e-28
4.46 1.21727e-25 -1.94356e-28
4.48 1.54891e-25 -2.47308e-28
4.5 1.96877e-25 -3.14345e-28
4.52 2.49974e-25 -3.99122e-28
4.54 3.17051e-25 -5.0622e-28
4.56 4.01701e-25 -6.41377e-28
4.58 5.08418e-25 -8.11766e-28
4.6 6.42814e-25 -1.02635e-27
4.62 8.11897e-25 -1.29632e-27
4.64 1.02441e-24 -1.63562e-27
4.66 1.29122e-24 -2.06164e-27
4.68 1.6259e-24 -2.596e-27
4.7 2.04528e-24 -3.26564e-27
4.72 2.57029e-24 -4.10524e-27
4.74 3.22688e-24 -5.15926e-27
4.76 4.04727e-24 -6.48359e-27
4.78 5.07133e-24 -8.14843e-27
4.8 6.34841e-24 -1.0242e-26
4.82 7.93954e-24 -1.28751e-26
4.84 9.9201e-24 -1.61867e-26
4.86 1.23831e-23 -2.03513e-26
4.88 1.54434e-23 -2.55875e-26
4.9 1.92422e-23 -3.21691e-26
4.92 2.39535e-23 -4.04388e-26
4.94 2.97914e-23 -5.08248e-26
4.96 3.70188e-23 -6.38625e-26
4.98 4.59586e-23 -8.02193e-26
5 5.70068e-23 -1.00728e-25
5.02 7.06487e-23 -1.26425e-25
5.04 8.7479e-23 -1.586e-25
5.06 1.08225e-22 -1.98855e-25
5.08 1.33776e-22 -2.49181e-25
5.1 1.65219e-22 -3.12045e-25
5.12 2.03879e-22 -3.90504e-25
5.14 2.51375e-22 -4.88341e-25
5.16 3.09677e-22 -6.10231e-25
5.18 3.81186e-22 -7.61949e-25
5.2 4.68822e-22 -9.50615e-25
5.22 5.76136e-22 -1.185e-24
5.24 7.07442e-22 -1.47592e-24
5.26 8.67976e-22 -1.83663e-24
5.28 1.06409e-21 -2.28345e-24
5.3 1.30348e-21 -2.83639e-24
5.32 1.59548e-21 -3.51995e-24
5.34 1.95136e-21 -4.36417e-24
5.36 2.38477e-21 -5.40574e-24
5.38 2.91221e-21 -6.68951e-24
5.4 3.55358e-21 -8.27023e-24
5.42 4.33292e-21 -1.02146e-23
5.44 5.27919e-21 -1.2604e-23
5.46 6.42731e-21 -1.55372e-23
5.48 7.81931e-21 -1.91345e-23
5.5 9.50576e-21 -2.35418e-23
5.52 1.15475e-20 -2.89363e-23
5.54 1.40175e-20 -3.55327e-23
5.56 1.70036e-20 -4.35909e-23
5.58 2.0611e-20 -5.34254e-23
5.6 2.49659e-20 -6.54162e-23
5.62 3.02196e-20 -8.00223e-23
5.64 3.65531e-20 -9.77973e-23
5.66 4.4183e-20 -1.19409e-22
5.68 5.33685e-20 -1.4566e-22
5.7 6.44192e-20 -1.77518e-22
5.72 7.77048e-20 -2.16146e-22
5.74 9.36665e-20 -2.6294e-22
5.76 1.12831e-19 -3.19575e-22
5.78 1.35825e-19 -3.88061e-22
5.8 1.63396e-19 -4.70805e-22
5.82 1.96433e-19 -5.70689e-22
5.84 2.35994e-19 -6.9116e-22
5.86 2.83337e-19 -8.36338e-22
5.88 3.39957e-19 -1.01114e-21
5.9 4.07627e-19 -1.22145e-21
5.92 4.88454e-19 -1.47425e-21
5.94 5.84934e-19 -1.7779e-21
5.96 7.00027e-19 -2.14232e-21
5.98 8.37238e-19 -2.57932e-21
6 1.00072e-18 -3.10295e-21
6.02 1.19537e-18 -3.7299e-21
6.04 1.42701e-18 -4.47997e-21
6.06 1.70248e-18 -5.37665e-21
6.08 2.0299e-18 -6.44778e-21
6.1 2.41881e-18 -7.72635e-21
6.12 2.8805e-18 -9.25139e-21
6.14 3.42825e-18 -1.10691e-20
6.16 4.07773e-18 -1.32341e-20
6.18 4.84739e-18 -1.58107e-20
6.2 5.75893e-18 -1.88753e-20
6.22 6.83788e-18 -2.25174e-20
6.24 8.11425e-18 -2.68431e-20
6.26 9.6233e-18 -3.1977e-20
6.28 1.14064e-17 -3.8066e-20
6.3 1.35123e-17 -4.52829e-20
6.32 1.59978e-17 -5.38307e-20
6.34 1.89298e-17 -6.39484e-20
6.36 2.23867e-17 -7.59163e-20
6.38 2.64601e-17 -9.00635e-20
6.4 3.12573e-17 -1.06776e-19
6.42 3.69039e-17 -1.26507e-19
6.44 4.35466e-17 -1.49786e-19
6.46 5.13571e-17 -1.77233e-19
6.48 6.05357e-17 -2.09577e-19
6.5 7.13163e-17 -2.47666e-19
6.52 8.39718e-17 -2.92493e-19
6.54 9.88206e-17 -3.45219e-19
6.56 1.16233e-16 -4.07198e-19
6.58 1.36643e-16 -4.80012e-19
6.6 1.60552e-16 -5.65503e-19
6.62 1.88546e-16 -6.6582e-19
6.64 2.21307e-16 -7.83466e-19
6.66 2.59627e-16 -9.21355e-19
6.68 3.04426e-16 -1.08288e-18
6.7 3.56774e-16 -1.27198e-18
6.72 4.17913e-16 -1.49325e-18
6.74 4.89282e-16 -1.75201e-18
6.76 5.72554e-16 -2.05445e-18
6.78 6.69664e-16 -2.40775e-18
6.8 7.82858e-16 -2.82023e-18
6.82 9.14736e-16 -3.30156e-18
6.84 1.06831e-15 -3.86292e-18
6.86 1.24705e-15 -4.51727e-18
6.88 1.455e-15 -5.27963e-18
6.9 1.69682e-15 -6.16736e-18
6.92 1.97787e-15 -7.20053e-18
6.94 2.30438e-15 -8.40237e-18
6.96 2.68352e-15 -9.79969e-18
6.98 3.12356e-15 -1.14235e-17
7 3.63407e-15 -1.33095e-17
7.02 4.22605e-15 -1.5499e-17
7.04 4.91218e-15 -1.80395e-17
7.06 5.70709e-15 -2.0986e-17
7.08 6.62759e-15 -2.44015e-17
7.1 7.69305e-15 -2.83589e-17
7.12 8.92576e-15 -3.2942e-17
7.14 1.03513e-14 -3.8247e-17
7.16 1.19992e-14 -4.43849e-17
7.18 1.39032e-14 -5.14831e-17
7.2 1.61021e-14 -5.96879e-17
7.22 1.86407e-14 -6.91676e-17
7.24 2.15699e-14 -8.01151e-17
7.26 2.49486e-14 -9.2752e-17
7.28 2.8844e-14 -1.07332e-16
7.3 3.33331e-14 -1.24147e-16
7.32 3.85044e-14 -1.43531e-16
7.34 4.4459e-14 -1.65866e-16
7.36 5.13125e-14 -1.9159e-16
7.38 5.91974e-14 -2.21203e-16
7.4 6.82653e-14 -2.55281e-16
7.42 7.86892e-14 -2.94478e-16
7.44 9.06669e-14 -3.39543e-16
7.46 1.04425e-13 -3.91334e-16
7.48 1.2022e-13 -4.5083e-16
7.5 1.38348e-13 -5.19146e-16
7.52 1.59144e-13 -5.97558e-16
7.54 1.82993e-13 -6.8752e-16
7.56 2.10329e-13 -7.90691e-16
7.58 2.41653e-13 -9.08962e-16
7.6 2.77529e-13 -1.04449e-15
7.62 3.18606e-13 -1.19972e-15
7.64 3.65616e-13 -1.37745e-15
7.66 4.19398e-13 -1.58086e-15
7.68 4.80902e-13 -1.81357e-15
7.7 5.5121e-13 -2.07969e-15
7.72 6.31552e-13 -2.3839e-15
7.74 7.23324e-13 -2.73151e-15
7.76 8.28112e-13 -3.12856e-15
7.78 9.47718e-13 -3.58191e-15
7.8 1.08418e-12 -4.09932e-15
7.82 1.23983e-12 -4.68964e-15
7.84 1.41729e-12 -5.36288e-15
7.86 1.61953e-12 -6.13039e-15
7.88 1.84995e-12 -7.00504e-15
7.9 2.11236e-12 -8.00141e-15
7.92 2.4111e-12 -9.13601e-15
7.94 2.75107e-12 -1.04275e-14
7.96 3.13783e-12 -1.18972e-14
7.98 3.57765e-12 -1.35688e-14
8 4.07764e-12 -1.54696e-14
8.02 4.64582e-12 -1.76301e-14
8.04 5.29127e-12 -2.00849e-14
8.06 6.02423e-12 -2.28732e-14
8.08 6.85627e-12 -2.60389e-14
8.1 7.80046e-12 -2.96321e-14
8.12 8.87154e-12 -3.3709e-14
8.14 1.00861e-11 -3.83329e-14
8.16 1.1463e-11 -4.35755e-14
8.18 1.30233e-11 -4.95175e-14
8.2 1.47908e-11 -5.62499e-14
8.22 1.67924e-11 -6.38751e-14
8.24 1.90584e-11 -7.25085e-14
8.26 2.16227e-11 -8.22801e-14
8.28 2.45236e-11 -9.33362e-14
8.3 2.78043e-11 -1.05841e-13
8.32 3.15133e-11 -1.19981e-13
8.34 3.5705e-11 -1.35963e-13
8.36 4.04407e-11 -1.54021e-13
8.38 4.57893e-11 -1.74419e-13
8.4 5.18281e-11 -1.97451e-13
8.42 5.86439e-11 -2.23451e-13
8.44 6.63342e-11 -2.52789e-13
8.46 7.50084e-11 -2.85884e-13
8.48 8.47893e-11 -3.23206e-13
8.5 9.58145e-11 -3.6528e-13
8.52 1.08238e-10 -4.12695e-13
8.54 1.22234e-10 -4.66114e-13
8.56 1.37995e-10 -5.26276e-13
8.58 1.55738e-10 -5.94012e-13
8.6 1.75707e-10 -6.70251e-13
8.62 1.98174e-10 -7.56033e-13
8.64 2.23443e-10 -8.52523e-13
8.66 2.51856e-10 -9.61023e-13
8.68 2.83792e-10 -1.08299e-12
8.7 3.19679e-10 -1.22005e-12
8.72 3.59993e-10 -1.37403e-12
8.74 4.05266e-10 -1.54697e-12
8.76 4.56092e-10 -1.74113e-12
8.78 5.13136e-10 -1.95905e-12
8.8 5.77139e-10 -2.20358e-12
8.82 6.48928e-10 -2.47787e-12
8.84 7.29428e-10 -2.78545e-12
8.86 8.19666e-10 -3.13027e-12
8.88 9.20793e-10 -3.51671e-12
8.9 1.03409e-09 -3.94968e-12
8.92 1.16098e-09 -4.43462e-12
8.94 1.30306e-09 -4.97763e-12
8.96 1.46209e-09 -5.58547e-12
8.98 1.64005e-09 -6.26569e-12
9 1.83914e-09 -7.02668e-12
9.02 2.06179e-09 -7.8778e-12
9.04 2.31074e-09 -8.82944e-12
9.06 2.58899e-09 -9.89318e-12
9.08 2.89992e-09 -1.10819e-11
9.1 3.24726e-09 -1.24098e-11
9.12 3.63517e-09 -1.38929e-11
9.14 4.06826e-09 -1.55488e-11
9.16 4.55167e-09 -1.73971e-11
9.18 5.09108e-09 -1.94597e-11
9.2 5.69283e-09 -2.17606e-11
9.22 6.36393e-09 -2.43268e-11
9.24 7.11216e-09 -2.71881e-11
9.26 7.94616e-09 -3.03774e-11
9.28 8.87552e-09 -3.39315e-11
9.3 9.91085e-09 -3.78909e-11
9.32 1.10639e-08 -4.23007e-11
9.34 1.23478e-08 -4.72109e-11
9.36 1.37769e-08 -5.26766e-11
9.38 1.53672e-08 -5.87592e-11
9.4 1.71366e-08 -6.55265e-11
9.42 1.91045e-08 -7.30535e-11
9.44 2.12927e-08 -8.14232e-11
9.46 2.37253e-08 -9.07277e-11
9.48 2.64287e-08 -1.01069e-10
9.5 2.94324e-08 -1.12558e-10
9.52 3.27689e-08 -1.25321e-10
9.54 3.64741e-08 -1.39494e-10
9.56 4.05876e-08 -1.5523e-10
9.58 4.51533e-08 -1.72695e-10
9.6 5.02195e-08 -1.92076e-10
9.62 5.58398e-08 -2.13576e-10
9.64 6.20732e-08 -2.37422e-10
9.66 6.89847e-08 -2.63863e-10
9.68 7.66462e-08 -2.93174e-10
9.7 8.5137e-08 -3.25657e-10
9.72 9.45444e-08 -3.61647e-10
9.74 1.04965e-07 -4.01514e-10
9.76 1.16505e-07 -4.45663e-10
9.78 1.29281e-07 -4.94543e-10
9.8 1.43422e-07 -5.48646e-10
9.82 1.5907e-07 -6.08517e-10
9.84 1.76383e-07 -6.74755e-10
9.86 1.95531e-07 -7.48017e-10
9.88 2.16705e-07 -8.29029e-10
9.9 2.40112e-07 -9.18591e-10
9.92 2.65984e-07 -1.01758e-09
9.94 2.94571e-07 -1.12696e-09
9.96 3.26152e-07 -1.24779e-09
9.98 3.61032e-07 -1.38125e-09
10 3.99545e-07 -1.52862e-09
10.02 4.42062e-07 -1.6913e-09
10.04 4.88985e-07 -1.87084e-09
10.06 5.40761e-07 -2.06896e-09
10.08 5.97878e-07 -2.28751e-09
10.1 6.60872e-07 -2.52855e-09
10.12 7.3033e-07 -2.79433e-09
10.14 8.069e-07 -3.08732e-09
10.16 8.9129e-07 -3.41024e-09
10.18 9.84276e-07 -3.76605e-09
10.2 1.08671e-06 -4.15802e-09
10.22 1.19953e-06 -4.58973e-09
10.24 1.32376e-06 -5.06509e-09
10.26 1.46051e-06 -5.5884e-09
10.28 1.61103e-06 -6.16437e-09
10.3 1.77665e-06 -6.79815e-09
10.32 1.95886e-06 -7.49539e-09
10.34 2.15926e-06 -8.26226e-09
10.36 2.37963e-06 -9.10555e-09
10.38 2.62191e-06 -1.00326e-08
10.4 2.8882e-06 -1.10517e-08
10.42 3.18082e-06 -1.21715e-08
10.44 3.50232e-06 -1.34017e-08
10.46 3.85545e-06 -1.47531e-08
10.48 4.24326e-06 -1.62371e-08
10.5 4.66904e-06 -1.78665e-08
10.52 5.13642e-06 -1.96551e-08
10.54 5.64936e-06 -2.1618e-08
10.56 6.21216e-06 -2.37717e-08
10.58 6.82955e-06 -2.61343e-08
10.6 7.50668e-06 -2.87256e-08
10.62 8.24916e-06 -3.15669e-08
10.64 9.06313e-06 -3.46819e-08
10.66 9.95528e-06 -3.8096e-08
10.68 1.09329e-05 -4.18373e-08
10.7 1.2004e-05 -4.59363e-08
10.72 1.31773e-05 -5.04261e-08
10.74 1.44621e-05 -5.53431e-08
10.76 1.58689e-05 -6.07267e-08
10.78 1.74089e-05 -6.662e-08
10.8 1.90943e-05 -7.307e-08
10.82 2.09385e-05 -8.01277e-08
10.84 2.29561e-05 -8.78488e-08
10.86 2.51629e-05 -9.6294e-08
10.88 2.75761e-05 -1.05529e-07
10.9 3.02145e-05 -1.15626e-07
10.92 3.30986e-05 -1.26664e-07
10.94 3.62506e-05 -1.38726e-07
10.96 3.96946e-05 -1.51906e-07
10.98 4.3457e-05 -1.66305e-07
11 4.75664e-05 -1.82031e-07
11.02 5.20539e-05 -1.99205e-07
11.04 5.69532e-05 -2.17955e-07
11.06 6.23012e-05 -2.38421e-07
11.08 6.81378e-05 -2.60758e-07
11.1 7.45063e-05 -2.8513e-07
11.12 8.14538e-05 -3.11718e-07
11.14 8.90316e-05 -3.40718e-07
11.16 9.72951e-05 -3.72343e-07
11.18 0.000106305 -4.06823e-07
11.2 0.000116126 -4.44408e-07
11.22 0.000126829 -4.85371e-07
11.24 0.000138493 -5.30006e-07
11.26 0.000151199 -5.78634e-07
11.28 0.000165039 -6.316e-07
11.3 0.000180111 -6.89282e-07
11.32 0.000196522 -7.52087e-07
11.34 0.000214387 -8.20457e-07
11.36 0.000233831 -8.94871e-07
11.38 0.00025499 -9.75848e-07
11.4 0.000278011 -1.06395e-06
11.42 0.000303053 -1.15979e-06
11.44 0.000330288 -1.26402e-06
11.46 0.000359903 -1.37735e-06
11.48 0.000392099 -1.50057e-06
11.5 0.000427096 -1.63451e-06
11.52 0.00046513 -1.78006e-06
11.54 0.000506456 -1.93822e-06
11.56 0.000551352 -2.11004e-06
11.58 0.000600116 -2.29666e-06
11.6 0.000653073 -2.49933e-06
11.62 0.000710572 -2.71939e-06
11.64 0.000772992 -2.95827e-06
11.66 0.000840742 -3.21756e-06
11.68 0.000914263 -3.49893e-06
11.7 0.000994033 -3.80421e-06
11.72 0.00108057 -4.13538e-06
11.74 0.00117442 -4.49457e-06
11.76 0.0012762 -4.88408e-06
11.78 0.00138654 -5.30638e-06
11.8 0.00150616 -5.76417e-06
11.82 0.00163581 -6.26034e-06
11.84 0.0017763 -6.79801e-06
11.86 0.00192851 -7.38054e-06
11.88 0.0020934 -8.01157e-06
11.9 0.00227198 -8.69502e-06
11.92 0.00246536 -9.43511e-06
11.94 0.00267474 -1.02364e-05
11.96 0.00290138 -1.11038e-05
11.98 0.00314669 -1.20426e-05
12 0.00341213 -1.30585e-05
12.02 0.00369933 -1.41576e-05
12.04 0.00401001 -1.53466e-05
12.06 0.00434603 -1.66326e-05
12.08 0.0047094 -1.80233e-05
12.1 0.00510228 -1.95268e-05
12.12 0.00552698 -2.11522e-05
12.14 0.00598602 -2.2909e-05
12.16 0.00648207 -2.48074e-05
12.18 0.00701804 -2.68587e-05
12.2 0.00759705 -2.90746e-05
12.22 0.00822244 -3.1468e-05
12.24 0.00889781 -3.40527e-05
12.26 0.00962704 -3.68436e-05
12.28 0.0104143 -3.98565e-05
12.3 0.0112641 -4.31086e-05
12.32 0.0121811 -4.66183e-05
12.34 0.0131707 -5.04054e-05
12.36 0.0142382 -5.44911e-05
12.38 0.0153898 -5.88982e-05
12.4 0.0166318 -6.36514e-05
12.42 0.017971 -6.87768e-05
12.44 0.0194149 -7.43028e-05
12.46 0.0209714 -8.02597e-05
12.48 0.022649 -8.66801e-05
12.5 0.0244569 -9.35988e-05
12.52 0.0264047 -0.000101053
12.54 0.0285031 -0.000109084
12.56 0.0307633 -0.000117734
12.58 0.0331974 -0.00012705
12.6 0.0358183 -0.00013708
12.62 0.03864 -0.000147879
12.64 0.0416774 -0.000159504
12.66 0.0449463 -0.000172014
12.68 0.048464 -0.000185477
12.7 0.0522487 -0.000199961
12.72 0.0563202 -0.000215543
12.74 0.0606993 -0.000232303
12.76 0.0654087 -0.000250326
12.78 0.0704724 -0.000269705
12.8 0.0759163 -0.00029054
12.82 0.081768 -0.000312935
12.84 0.0880571 -0.000337004
12.86 0.0948153 -0.000362868
12.88 0.102076 -0.000390657
12.9 0.109877 -0.000420509
12.92 0.118255 -0.000452573
12.94 0.127252 -0.000487007
12.96 0.136913 -0.000523981
12.98 0.147285 -0.000563677
13 0.158419 -0.000606287
13.02 0.170369 -0.000652019
13.04 0.183192 -0.000701095
13.06 0.19695 -0.000753751
13.08 0.211711 -0.00081024
13.1 0.227543 -0.000870832
13.12 0.244522 -0.000935814
13.14 0.26273 -0.0010055
13.16 0.282251 -0.00108021
13.18 0.303177 -0.00116029
13.2 0.325607 -0.00124613
13.22 0.349644 -0.00133813
13.24 0.3754 -0.0014367
13.26 0.402995 -0.00154231
13.28 0.432554 -0.00165543
13.3 0.464213 -0.0017766
13.32 0.498117 -0.00190635
13.34 0.534419 -0.00204528
13.36 0.573284 -0.00219402
13.38 0.614885 -0.00235324
13.4 0.659411 -0.00252364
13.42 0.707058 -0.00270599
13.44 0.758039 -0.0029011
13.46 0.812579 -0.00310983
13.48 0.870918 -0.0033331
13.5 0.933313 -0.00357189
13.52 1 -0.00382711
