0 0 0
0.08 1.22833e-82 -3.1607e-87
0.16 4.54786e-77 -1.58833e-81
0.24 1.21625e-72 -7.16005e-77
0.32 5.78643e-69 -5.87272e-73
0.4 8.87318e-66 -1.49318e-69
0.48 5.56888e-63 -1.46178e-66
0.56 1.7449e-60 -6.77023e-64
0.64 3.09506e-58 -1.69463e-61
0.72 3.4232e-56 -1.85132e-59
0.68 4.40673e-57 -2.74391e-60
0.66 1.22769e-57 -7.49607e-61
0.65 6.20572e-58 -3.61316e-61
0.66 1.23247e-57 -7.60852e-61
0.67 2.42324e-57 -1.58222e-60
0.68 4.7173e-57 -3.25051e-60
0.69 9.09441e-57 -6.60003e-60
0.7 1.73682e-56 -1.32508e-59
0.71 3.28659e-56 -2.63156e-59
0.72 6.16399e-56 -5.17164e-59
0.73 1.14606e-55 -1.0061e-58
0.74 2.11294e-55 -1.93821e-58
0.75 3.86365e-55 -3.69864e-58
0.76 7.00863e-55 -6.99351e-58
0.77 1.26149e-54 -1.31064e-57
0.78 2.2534e-54 -2.43513e-57
0.79 3.99559e-54 -4.48665e-57
0.8 7.0338e-54 -8.19952e-57
0.81 1.22955e-53 -1.48669e-56
0.82 2.13462e-53 -2.67493e-56
0.83 3.68118e-53 -4.77703e-56
0.84 6.3069e-53 -8.46918e-56
0.85 1.07368e-52 -1.49089e-55
0.86 1.81646e-52 -2.60647e-55
0.87 3.05446e-52 -4.52621e-55
0.88 5.10574e-52 -7.80852e-55
0.89 8.48512e-52 -1.33851e-54
0.9 1.40213e-51 -2.28015e-54
0.91 2.30412e-51 -3.86063e-54
0.92 3.76581e-51 -6.49783e-54
0.93 6.12213e-51 -1.08731e-53
0.94 9.90112e-51 -1.80913e-53
0.95 1.59314e-50 -2.99349e-53
0.96 2.55067e-50 -4.92637e-53
0.97 4.06381e-50 -8.06438e-53
0.98 6.44367e-50 -1.31329e-52
0.99 1.01694e-49 -2.12786e-52
1 1.59759e-49 -3.43056e-52
1.01 2.49848e-49 -5.50394e-52
1.02 3.89017e-49 -8.78845e-52
1.03 6.03089e-49 -1.39676e-51
1.04 9.31001e-49 -2.20976e-51
1.05 1.43123e-48 -3.48034e-51
1.06 2.19127e-48 -5.45746e-51
1.07 3.34148e-48 -8.52095e-51
1.08 5.07545e-48 -1.3248e-50
1.09 7.67948e-48 -2.05123e-50
1.1 1.15756e-47 -3.16311e-50
1.11 1.73834e-47 -4.85827e-50
1.12 2.601e-47 -7.43275e-50
1.13 3.8778e-47 -1.13279e-49
1.14 5.761e-47 -1.71993e-49
1.15 8.52913e-47 -2.60176e-49
1.16 1.25844e-46 -3.92141e-49
1.17 1.85057e-46 -5.88935e-49
1.18 2.71236e-46 -8.8139e-49
1.19 3.96264e-46 -1.31454e-48
1.2 5.77085e-46 -1.95391e-48
1.21 8.37791e-46 -2.89462e-48
1.22 1.21254e-45 -4.27423e-48
1.23 1.7496e-45 -6.29109e-48
1.24 2.51703e-45 -9.23038e-48
1.25 3.61049e-45 -1.35009e-47
1.26 5.16404e-45 -1.96868e-47
1.27 7.36515e-45 -2.86207e-47
1.28 1.04751e-44 -4.14858e-47
1.29 1.48574e-44 -5.99586e-47
1.3 2.10159e-44 -8.64089e-47
1.31 2.9648e-44 -1.24176e-46
1.32 4.1716e-44 -1.77956e-46
1.33 5.85446e-44 -2.54329e-46
1.34 8.19527e-44 -3.62503e-46
1.35 1.14433e-43 -5.15315e-46
1.36 1.5939e-43 -7.30634e-46
1.37 2.2147e-43 -1.03326e-45
1.38 3.06991e-43 -1.45753e-45
1.39 4.24529e-43 -2.05087e-45
1.4 5.85701e-43 -2.87867e-45
1.41 8.06206e-43 -4.03081e-45
1.42 1.10721e-42 -5.63058e-45
1.43 1.5172e-42 -7.84677e-45
1.44 2.07444e-42 -1.09099e-44
1.45 2.83016e-42 -1.5134e-44
1.46 3.85293e-42 -2.09463e-44
1.47 5.23423e-42 -2.89264e-44
1.48 7.09591e-42 -3.98591e-44
1.49 9.59995e-42 -5.4805e-44
1.5 1.29613e-41 -7.51944e-44
1.51 1.74645e-41 -1.02952e-43
1.52 2.34858e-41 -1.40664e-43
1.53 3.15216e-41 -1.91796e-43
1.54 4.22253e-41 -2.60985e-43
1.55 5.64562e-41 -3.54426e-43
1.56 7.53418e-41 -4.80375e-43
1.57 1.00359e-40 -6.49815e-43
1.58 1.33438e-40 -8.77335e-43
1.59 1.771e-40 -1.18227e-42
1.6 2.34631e-40 -1.59022e-42
1.61 3.10302e-40 -2.13499e-42
1.62 4.09665e-40 -2.86115e-42
1.63 5.39916e-40 -3.8274e-42
1.64 7.10374e-40 -5.11086e-42
1.65 9.33081e-40 -6.81273e-42
1.66 1.22358e-39 -9.06557e-42
1.67 1.60189e-39 -1.20427e-41
1.68 2.09379e-39 -1.59705e-41
1.69 2.73236e-39 -2.1144e-41
1.7 3.56007e-39 -2.79471e-41
1.71 4.63126e-39 -3.68788e-41
1.72 6.01549e-39 -4.85866e-41
1.73 7.80154e-39 -6.39092e-41
1.74 1.01027e-38 -8.39317e-41
1.75 1.3063e-38 -1.10056e-40
1.76 1.6866e-38 -1.44089e-40
1.77 2.17444e-38 -1.88359e-40
1.78 2.79935e-38 -2.45861e-40
1.79 3.59872e-38 -3.20439e-40
1.8 4.61986e-38 -4.17027e-40
1.81 5.9225e-38 -5.4194e-40
1.82 7.58198e-38 -7.03255e-40
1.83 9.69323e-38 -9.11292e-40
1.84 1.23757e-37 -1.17921e-39
1.85 1.57795e-37 -1.52378e-39
1.86 2.00929e-37 -1.96632e-39
1.87 2.55521e-37 -2.53394e-39
1.88 3.24526e-37 -3.26101e-39
1.89 4.11641e-37 -4.19113e-39
1.9 5.21482e-37 -5.37945e-39
1.91 6.59807e-37 -6.89571e-39
1.92 8.33793e-37 -8.82794e-39
1.93 1.05237e-36 -1.12872e-38
1.94 1.32663e-36 -1.44133e-38
1.95 1.67037e-36 -1.83823e-38
1.96 2.10069e-36 -2.34152e-38
1.97 2.63875e-36 -2.97895e-38
1.98 3.31079e-36 -3.78533e-38
1.99 4.1492e-36 -4.80423e-38
2 5.19401e-36 -6.09015e-38
2.01 6.49458e-36 -7.7112e-38
2.02 8.11175e-36 -9.75238e-38
2.03 1.01204e-35 -1.23197e-37
2.04 1.26126e-35 -1.55451e-37
2.05 1.57016e-35 -1.95927e-37
2.06 1.9526e-35 -2.46668e-37
2.07 2.42562e-35 -3.10205e-37
2.08 3.01006e-35 -3.8968e-37
2.09 3.73143e-35 -4.88987e-37
2.1 4.62089e-35 -6.12941e-37
2.11 5.71653e-35 -7.67498e-37
2.12 7.06479e-35 -9.60014e-37
2.13 8.72228e-35 -1.19957e-36
2.14 1.07579e-34 -1.49734e-36
2.15 1.32556e-34 -1.86712e-36
2.16 1.63173e-34 -2.32585e-36
2.17 2.00667e-34 -2.89438e-36
2.18 2.46539e-34 -3.59828e-36
2.19 3.02612e-34 -4.46894e-36
2.2 3.71088e-34 -5.54484e-36
2.21 4.54635e-34 -6.8731e-36
2.22 5.56478e-34 -8.51134e-36
2.23 6.80513e-34 -1.053e-35
2.24 8.31438e-34 -1.30152e-35
2.25 1.01492e-33 -1.60718e-35
2.26 1.2378e-33 -1.98278e-35
2.27 1.50829e-33 -2.44392e-35
2.28 1.83627e-33 -3.00956e-35
2.29 2.23364e-33 -3.70276e-35
2.3 2.71466e-33 -4.55154e-35
2.31 3.29647e-33 -5.58992e-35
2.32 3.99958e-33 -6.85915e-35
2.33 4.8486e-33 -8.40922e-35
2.34 5.87296e-33 -1.03006e-34
2.35 7.10789e-33 -1.26067e-34
2.36 8.59547e-33 -1.54158e-34
2.37 1.0386e-32 -1.8835e-34
2.38 1.25394e-32 -2.29933e-34
2.39 1.51272e-32 -2.80462e-34
2.4 1.82347e-32 -3.41815e-34
2.41 2.19634e-32 -4.16248e-34
2.42 2.64339e-32 -5.06479e-34
2.43 3.179e-32 -6.15774e-34
2.44 3.82022e-32 -7.48056e-34
2.45 4.58729e-32 -9.08038e-34
2.46 5.50425e-32 -1.10137e-33
2.47 6.59959e-32 -1.33482e-33
2.48 7.90705e-32 -1.6165e-33
2.49 9.4666e-32 -1.95613e-33
2.5 1.13255e-31 -2.36531e-33
2.51 1.35397e-31 -2.85792e-33
2.52 1.61751e-31 -3.45054e-33
2.53 1.93099e-31 -4.16295e-33
2.54 2.30359e-31 -5.01874e-33
2.55 2.74616e-31 -6.04603e-33
2.56 3.2715e-31 -7.27829e-33
2.57 3.89466e-31 -8.75539e-33
2.58 4.63336e-31 -1.05247e-32
2.59 5.50843e-31 -1.26426e-32
2.6 6.54437e-31 -1.51759e-32
2.61 7.76995e-31 -1.82042e-32
2.62 9.21895e-31 -2.18215e-32
2.63 1.0931e-30 -2.61395e-32
2.64 1.29525e-30 -3.12904e-32
2.65 1.5338e-30 -3.7431e-32
2.66 1.81511e-30 -4.47463e-32
2.67 2.14666e-30 -5.34554e-32
2.68 2.53715e-30 -6.38169e-32
2.69 2.9968e-30 -7.61365e-32
2.7 3.53752e-30 -9.07747e-32
2.71 4.17322e-30 -1.08157e-31
2.72 4.92014e-30 -1.28783e-31
2.73 5.79721e-30 -1.53245e-31
2.74 6.82649e-30 -1.82237e-31
2.75 8.0337e-30 -2.16575e-31
2.76 9.44876e-30 -2.57222e-31
2.77 1.11065e-29 -3.05305e-31
2.78 1.30474e-29 -3.62151e-31
2.79 1.53185e-29 -4.29317e-31
2.8 1.79746e-29 -5.08626e-31
2.81 2.10791e-29 -6.02218e-31
2.82 2.47057e-29 -7.12599e-31
2.83 2.89398e-29 -8.42705e-31
2.84 3.38804e-29 -9.95968e-31
2.85 3.96424e-29 -1.1764e-30
2.86 4.63585e-29 -1.38871e-30
2.87 5.41827e-29 -1.63836e-30
2.88 6.32926e-29 -1.93177e-30
2.89 7.38941e-29 -2.2764e-30
2.9 8.62248e-29 -2.68097e-30
2.91 1.00559e-28 -3.15563e-30
2.92 1.17214e-28 -3.71221e-30
2.93 1.36555e-28 -4.36449e-30
2.94 1.59004e-28 -5.12848e-30
2.95 1.85047e-28 -6.02285e-30
2.96 2.15243e-28 -7.06925e-30
2.97 2.50238e-28 -8.29286e-30
2.98 2.90774e-28 -9.72293e-30
2.99 3.37705e-28 -1.13934e-29
3 3.92013e-28 -1.33436e-29
3.01 4.54826e-28 -1.56191e-29
3.02 5.27441e-28 -1.82729e-29
3.03 6.11346e-28 -2.13662e-29
3.04 7.0825e-28 -2.49699e-29
3.05 8.20115e-28 -2.9166e-29
3.06 9.49186e-28 -3.40493e-29
3.07 1.09804e-27 -3.97295e-29
3.08 1.26963e-27 -4.63333e-29
3.09 1.46734e-27 -5.40068e-29
3.1 1.69503e-27 -6.2919e-29
3.11 1.95713e-27 -7.32644e-29
3.12 2.25871e-27 -8.52675e-29
3.13 2.60555e-27 -9.9187e-29
3.14 3.00425e-27 -1.15321e-28
3.15 3.46238e-27 -1.34012e-28
3.16 3.98856e-27 -1.55656e-28
3.17 4.59262e-27 -1.80706e-28
3.18 5.28578e-27 -2.09684e-28
3.19 6.08084e-27 -2.4319e-28
3.2 6.99238e-27 -2.81913e-28
3.21 8.03701e-27 -3.26644e-28
3.22 9.23364e-27 -3.7829e-28
3.23 1.06038e-26 -4.37893e-28
3.24 1.2172e-26 -5.06645e-28
3.25 1.39661e-26 -5.85914e-28
3.26 1.60178e-26 -6.77267e-28
3.27 1.8363e-26 -7.82496e-28
3.28 2.10428e-26 -9.03653e-28
3.29 2.41034e-26 -1.04309e-27
3.3 2.75975e-26 -1.20348e-27
3.31 3.15851e-26 -1.38789e-27
3.32 3.61339e-26 -1.59984e-27
3.33 4.13208e-26 -1.84331e-27
3.34 4.72329e-26 -2.12287e-27
3.35 5.3969e-26 -2.44373e-27
3.36 6.16407e-26 -2.81183e-27
3.37 7.03747e-26 -3.23394e-27
3.38 8.03142e-26 -3.71776e-27
3.39 9.16209e-26 -4.27209e-27
3.4 1.04478e-25 -4.9069e-27
3.41 1.19093e-25 -5.63359e-27
3.42 1.35699e-25 -6.46508e-27
3.43 1.5456e-25 -7.41609e-27
3.44 1.75975e-25 -8.50333e-27
3.45 2.0028e-25 -9.74579e-27
3.46 2.27855e-25 -1.1165e-26
3.47 2.59128e-25 -1.27855e-26
3.48 2.94582e-25 -1.4635e-26
3.49 3.3476e-25 -1.6745e-26
3.5 3.80276e-25 -1.91512e-26
3.51 4.3182e-25 -2.18941e-26
3.52 4.90169e-25 -2.50194e-26
3.53 5.56198e-25 -2.85791e-26
3.54 6.3089e-25 -3.26319e-26
3.55 7.15353e-25 -3.72442e-26
3.56 8.10829e-25 -4.24911e-26
3.57 9.18717e-25 -4.84575e-26
3.58 1.04059e-24 -5.52396e-26
3.59 1.1782e-24 -6.29456e-26
3.6 1.33355e-24 -7.1698e-26
3.61 1.50884e-24 -8.1635e-26
3.62 1.70658e-24 -9.29126e-26
3.63 1.92956e-24 -1.05707e-25
3.64 2.18091e-24 -1.20215e-25
3.65 2.46415e-24 -1.36662e-25
3.66 2.78323e-24 -1.55299e-25
3.67 3.14254e-24 -1.76409e-25
3.68 3.54704e-24 -2.00311e-25
3.69 4.00224e-24 -2.27366e-25
3.7 4.51435e-24 -2.57976e-25
3.71 5.09027e-24 -2.92597e-25
3.72 5.73776e-24 -3.31739e-25
3.73 6.46546e-24 -3.75976e-25
3.74 7.28305e-24 -4.25953e-25
3.75 8.20134e-24 -4.82395e-25
3.76 9.23239e-24 -5.46113e-25
3.77 1.03897e-23 -6.18019e-25
3.78 1.16883e-23 -6.99138e-25
3.79 1.31449e-23 -7.90615e-25
3.8 1.47784e-23 -8.93738e-25
3.81 1.66096e-23 -1.00995e-24
3.82 1.86617e-23 -1.14085e-24
3.83 2.09608e-23 -1.28827e-24
3.84 2.35357e-23 -1.45421e-24
3.85 2.64187e-23 -1.64095e-24
3.86 2.96456e-23 -1.85102e-24
3.87 3.32564e-23 -2.08724e-24
3.88 3.72955e-23 -2.35279e-24
3.89 4.18123e-23 -2.6512e-24
3.9 4.68619e-23 -2.98642e-24
3.91 5.25053e-23 -3.36288e-24
3.92 5.88106e-23 -3.78548e-24
3.93 6.58534e-23 -4.25974e-24
3.94 7.37174e-23 -4.79179e-24
3.95 8.2496e-23 -5.38846e-24
3.96 9.22926e-23 -6.0574e-24
3.97 1.03222e-22 -6.8071e-24
3.98 1.15412e-22 -7.64703e-24
3.99 1.29004e-22 -8.58775e-24
4 1.44155e-22 -9.64102e-24
4.01 1.61038e-22 -1.08199e-23
4.02 1.79847e-22 -1.2139e-23
4.03 2.00796e-22 -1.36144e-23
4.04 2.2412e-22 -1.52642e-23
4.05 2.50083e-22 -1.71084e-23
4.06 2.78975e-22 -1.91693e-23
4.07 3.11116e-22 -2.14716e-23
4.08 3.46864e-22 -2.40427e-23
4.09 3.86612e-22 -2.69132e-23
4.1 4.30795e-22 -3.01169e-23
4.11 4.79894e-22 -3.36914e-23
4.12 5.34443e-22 -3.76784e-23
4.13 5.95029e-22 -4.21241e-23
4.14 6.62304e-22 -4.70798e-23
4.15 7.36984e-22 -5.26023e-23
4.16 8.19864e-22 -5.87546e-23
4.17 9.1182e-22 -6.56064e-23
4.18 1.01382e-21 -7.3235e-23
4.19 1.12693e-21 -8.1726e-23
4.2 1.25232e-21 -9.11741e-23
4.21 1.3913e-21 -1.01684e-22
4.22 1.5453e-21 -1.13371e-22
4.23 1.7159e-21 -1.26365e-22
4.24 1.90483e-21 -1.40806e-22
4.25 2.11402e-21 -1.56851e-22
4.26 2.34558e-21 -1.74674e-22
4.27 2.60184e-21 -1.94465e-22
4.28 2.88535e-21 -2.16436e-22
4.29 3.19894e-21 -2.4082e-22
4.3 3.54572e-21 -2.67875e-22
4.31 3.92909e-21 -2.97883e-22
4.32 4.35283e-21 -3.31159e-22
4.33 4.82106e-21 -3.68048e-22
4.34 5.33833e-21 -4.08931e-22
4.35 5.90963e-21 -4.54229e-22
4.36 6.54046e-21 -5.04403e-22
4.37 7.23686e-21 -5.59964e-22
4.38 8.00544e-21 -6.21473e-22
4.39 8.8535e-21 -6.8955e-22
4.4 9.78903e-21 -7.64874e-22
4.41 1.08208e-20 -8.48195e-22
4.42 1.19585e-20 -9.40337e-22
4.43 1.32126e-20 -1.04221e-21
4.44 1.45947e-20 -1.15481e-21
4.45 1.61176e-20 -1.27923e-21
4.46 1.77952e-20 -1.41667e-21
4.47 1.96428e-20 -1.56847e-21
4.48 2.16772e-20 -1.73608e-21
4.49 2.39167e-20 -1.9211e-21
4.5 2.63815e-20 -2.12527e-21
4.51 2.90935e-20 -2.35054e-21
4.52 3.2077e-20 -2.59901e-21
4.53 3.53584e-20 -2.87301e-21
4.54 3.89665e-20 -3.17508e-21
4.55 4.29331e-20 -3.50801e-21
4.56 4.72927e-20 -3.87487e-21
4.57 5.20834e-20 -4.27901e-21
4.58 5.73465e-20 -4.72411e-21
4.59 6.31273e-20 -5.21421e-21
4.6 6.94755e-20 -5.75372e-21
4.61 7.64452e-20 -6.34747e-21
4.62 8.40955e-20 -7.00077e-21
4.63 9.24911e-20 -7.71941e-21
4.64 1.01703e-19 -8.50974e-21
4.65 1.11807e-19 -9.37869e-21
4.66 1.2289e-19 -1.03339e-20
4.67 1.35041e-19 -1.13836e-20
4.68 1.48362e-19 -1.25369e-20
4.69 1.62962e-19 -1.38038e-20
4.7 1.78962e-19 -1.51951e-20
4.71 1.9649e-19 -1.67226e-20
4.72 2.15689e-19 -1.83994e-20
4.73 2.36715e-19 -2.02395e-20
4.74 2.59736e-19 -2.22585e-20
4.75 2.84936e-19 -2.44732e-20
4.76 3.12517e-19 -2.6902e-20
4.77 3.42696e-19 -2.9565e-20
4.78 3.75713e-19 -3.24842e-20
4.79 4.11826e-19 -3.56834e-20
4.8 4.51317e-19 -3.91889e-20
4.81 4.94496e-19 -4.30289e-20
4.82 5.41696e-19 -4.72346e-20
4.83 5.93281e-19 -5.18397e-20
4.84 6.49649e-19 -5.68811e-20
4.85 7.11229e-19 -6.23989e-20
4.86 7.78492e-19 -6.84367e-20
4.87 8.51947e-19 -7.50423e-20
4.88 9.32149e-19 -8.22674e-20
4.89 1.0197e-18 -9.01684e-20
4.9 1.11526e-18 -9.88068e-20
4.91 1.21953e-18 -1.08249e-19
4.92 1.33329e-18 -1.18569e-19
4.93 1.45739e-18 -1.29844e-19
4.94 1.59272e-18 -1.42161e-19
4.95 1.74029e-18 -1.55613e-19
4.96 1.90117e-18 -1.70303e-19
4.97 2.07652e-18 -1.86339e-19
4.98 2.26762e-18 -2.03843e-19
4.99 2.47584e-18 -2.22945e-19
5 2.70267e-18 -2.43786e-19
5.01 2.94972e-18 -2.6652e-19
5.02 3.21876e-18 -2.91314e-19
5.03 3.51168e-18 -3.18349e-19
5.04 3.83055e-18 -3.47822e-19
5.05 4.17761e-18 -3.79947e-19
5.06 4.55527e-18 -4.14954e-19
5.07 4.96617e-18 -4.53096e-19
5.08 5.41314e-18 -4.94644e-19
5.09 5.89927e-18 -5.39894e-19
5.1 6.42789e-18 -5.89167e-19
5.11 7.00262e-18 -6.42809e-19
5.12 7.62737e-18 -7.01196e-19
5.13 8.30637e-18 -7.64737e-19
5.14 9.0442e-18 -8.33872e-19
5.15 9.84583e-18 -9.09081e-19
5.16 1.07166e-17 -9.9088e-19
5.17 1.16624e-17 -1.07983e-18
5.18 1.26893e-17 -1.17654e-18
5.19 1.38044e-17 -1.28167e-18
5.2 1.50147e-17 -1.39592e-18
5.21 1.63284e-17 -1.52008e-18
5.22 1.77539e-17 -1.65496e-18
5.23 1.93006e-17 -1.80147e-18
5.24 2.09784e-17 -1.96058e-18
5.25 2.27982e-17 -2.13335e-18
5.26 2.47716e-17 -2.32091e-18
5.27 2.69113e-17 -2.5245e-18
5.28 2.92308e-17 -2.74543e-18
5.29 3.1745e-17 -2.98516e-18
5.3 3.44696e-17 -3.24523e-18
5.31 3.74218e-17 -3.52731e-18
5.32 4.06201e-17 -3.83322e-18
5.33 4.40845e-17 -4.16491e-18
5.34 4.78364e-17 -4.52449e-18
5.35 5.18991e-17 -4.91423e-18
5.36 5.62976e-17 -5.3366e-18
5.37 6.1059e-17 -5.79424e-18
5.38 6.62122e-17 -6.29002e-18
5.39 7.17888e-17 -6.82702e-18
5.4 7.78224e-17 -7.40857e-18
5.41 8.43496e-17 -8.03825e-18
5.42 9.14096e-17 -8.71994e-18
5.43 9.90446e-17 -9.45781e-18
5.44 1.073e-16 -1.02564e-17
5.45 1.16226e-16 -1.11204e-17
5.46 1.25874e-16 -1.20552e-17
5.47 1.36301e-16 -1.30664e-17
5.48 1.47569e-16 -1.41599e-17
5.49 1.59744e-16 -1.53424e-17
5.5 1.72896e-16 -1.66209e-17
5.51 1.87102e-16 -1.80029e-17
5.52 2.02444e-16 -1.94965e-17
5.53 2.19011e-16 -2.11106e-17
5.54 2.36896e-16 -2.28545e-17
5.55 2.56203e-16 -2.47385e-17
5.56 2.77041e-16 -2.67733e-17
5.57 2.99529e-16 -2.89708e-17
5.58 3.23793e-16 -3.13435e-17
5.59 3.4997e-16 -3.39051e-17
5.6 3.78206e-16 -3.66702e-17
5.61 4.08659e-16 -3.96544e-17
5.62 4.41498e-16 -4.28745e-17
5.63 4.76906e-16 -4.63488e-17
5.64 5.15077e-16 -5.00967e-17
5.65 5.5622e-16 -5.41391e-17
5.66 6.00562e-16 -5.84985e-17
5.67 6.48344e-16 -6.3199e-17
5.68 6.99825e-16 -6.82665e-17
5.69 7.55283e-16 -7.3729e-17
5.7 8.15019e-16 -7.96161e-17
5.71 8.79352e-16 -8.59601e-17
5.72 9.48626e-16 -9.27954e-17
5.73 1.02321e-15 -1.00159e-16
5.74 1.1035e-15 -1.0809e-16
5.75 1.18992e-15 -1.16632e-16
5.76 1.28293e-15 -1.25829e-16
5.77 1.38301e-15 -1.35732e-16
5.78 1.49069e-15 -1.46392e-16
5.79 1.60652e-15 -1.57865e-16
5.8 1.73111e-15 -1.70212e-16
5.81 1.86511e-15 -1.83498e-16
5.82 2.00919e-15 -1.97792e-16
5.83 2.16411e-15 -2.13167e-16
5.84 2.33065e-15 -2.29705e-16
5.85 2.50966e-15 -2.47489e-16
5.86 2.70205e-15 -2.66611e-16
5.87 2.90878e-15 -2.87169e-16
5.88 3.13091e-15 -3.09267e-16
5.89 3.36954e-15 -3.33019e-16
5.9 3.62587e-15 -3.58543e-16
5.91 3.90117e-15 -3.85968e-16
5.92 4.1968e-15 -4.15431e-16
5.93 4.51423e-15 -4.47081e-16
5.94 4.85502e-15 -4.81074e-16
5.95 5.22085e-15 -5.17579e-16
5.96 5.61349e-15 -5.56776e-16
5.97 6.03485e-15 -5.98858e-16
5.98 6.48699e-15 -6.44031e-16
5.99 6.97209e-15 -6.92515e-16
6 7.49248e-15 -7.44547e-16
6.01 8.05066e-15 -8.00378e-16
6.02 8.64929e-15 -8.60278e-16
6.03 9.29123e-15 -9.24535e-16
6.04 9.97952e-15 -9.93456e-16
6.05 1.07174e-14 -1.06737e-15
6.06 1.15084e-14 -1.14663e-15
6.07 1.23561e-14 -1.23161e-15
6.08 1.32646e-14 -1.32271e-15
6.09 1.42381e-14 -1.42036e-15
6.1 1.52811e-14 -1.52501e-15
6.11 1.63984e-14 -1.63716e-15
6.12 1.75952e-14 -1.75732e-15
6.13 1.8877e-14 -1.88606e-15
6.14 2.02496e-14 -2.02396e-15
6.15 2.17193e-14 -2.17166e-15
6.16 2.32927e-14 -2.32984e-15
6.17 2.4977e-14 -2.49921e-15
6.18 2.67798e-14 -2.68055e-15
6.19 2.87091e-14 -2.87467e-15
6.2 3.07737e-14 -3.08246e-15
6.21 3.29827e-14 -3.30485e-15
6.22 3.53459e-14 -3.54282e-15
6.23 3.78738e-14 -3.79746e-15
6.24 4.05776e-14 -4.06988e-15
6.25 4.34691e-14 -4.36129e-15
6.26 4.6561e-14 -4.67298e-15
6.27 4.98669e-14 -5.00631e-15
6.28 5.3401e-14 -5.36276e-15
6.29 5.71788e-14 -5.74387e-15
6.3 6.12165e-14 -6.15131e-15
6.31 6.55315e-14 -6.58683e-15
6.32 7.01424e-14 -7.05232e-15
6.33 7.50687e-14 -7.54977e-15
6.34 8.03316e-14 -8.08133e-15
6.35 8.59534e-14 -8.64926e-15
6.36 9.19577e-14 -9.25598e-15
6.37 9.837e-14 -9.90406e-15
6.38 1.05217e-13 -1.05962e-14
6.39 1.12528e-13 -1.13354e-14
6.4 1.20333e-13 -1.21247e-14
6.41 1.28664e-13 -1.29675e-14
6.42 1.37556e-13 -1.38671e-14
6.43 1.47046e-13 -1.48274e-14
6.44 1.57172e-13 -1.58523e-14
6.45 1.67976e-13 -1.69461e-14
6.46 1.79503e-13 -1.81132e-14
6.47 1.91799e-13 -1.93584e-14
6.48 2.04915e-13 -2.06868e-14
6.49 2.18902e-13 -2.21039e-14
6.5 2.33818e-13 -2.36152e-14
6.51 2.49722e-13 -2.52269e-14
6.52 2.66678e-13 -2.69456e-14
6.53 2.84753e-13 -2.8778e-14
6.54 3.0402e-13 -3.07316e-14
6.55 3.24555e-13 -3.2814e-14
6.56 3.46438e-13 -3.50335e-14
6.57 3.69755e-13 -3.73989e-14
6.58 3.94599e-13 -3.99196e-14
6.59 4.21066e-13 -4.26053e-14
6.6 4.49259e-13 -4.54666e-14
6.61 4.79288e-13 -4.85146e-14
6.62 5.11268e-13 -5.17612e-14
6.63 5.45323e-13 -5.5219e-14
6.64 5.81583e-13 -5.89011e-14
6.65 6.20188e-13 -6.28219e-14
6.66 6.61284e-13 -6.69963e-14
6.67 7.05027e-13 -7.14402e-14
6.68 7.51584e-13 -7.61706e-14
6.69 8.0113e-13 -8.12053e-14
6.7 8.53851e-13 -8.65634e-14
6.71 9.09946e-13 -9.22651e-14
6.72 9.69623e-13 -9.83316e-14
6.73 1.03311e-12 -1.04786e-13
6.74 1.10063e-12 -1.11652e-13
6.75 1.17244e-12 -1.18954e-13
6.76 1.24881e-12 -1.26721e-13
6.77 1.33001e-12 -1.34981e-13
6.78 1.41635e-12 -1.43764e-13
6.79 1.50814e-12 -1.53102e-13
6.8 1.6057e-12 -1.6303e-13
6.81 1.70941e-12 -1.73583e-13
6.82 1.81962e-12 -1.848e-13
6.83 1.93674e-12 -1.96721e-13
6.84 2.06119e-12 -2.09389e-13
6.85 2.19342e-12 -2.2285e-13
6.86 2.33389e-12 -2.37152e-13
6.87 2.4831e-12 -2.52345e-13
6.88 2.64158e-12 -2.68484e-13
6.89 2.8099e-12 -2.85627e-13
6.9 2.98864e-12 -3.03832e-13
6.91 3.17844e-12 -3.23165e-13
6.92 3.37994e-12 -3.43693e-13
6.93 3.59387e-12 -3.65488e-13
6.94 3.82096e-12 -3.88626e-13
6.95 4.06199e-12 -4.13186e-13
6.96 4.3178e-12 -4.39255e-13
6.97 4.58926e-12 -4.66922e-13
6.98 4.87732e-12 -4.96282e-13
6.99 5.18294e-12 -5.27435e-13
7 5.50718e-12 -5.60488e-13
7.01 5.85113e-12 -5.95554e-13
7.02 6.21596e-12 -6.32751e-13
7.03 6.6029e-12 -6.72204e-13
7.04 7.01324e-12 -7.14048e-13
7.05 7.44836e-12 -7.58422e-13
7.06 7.90972e-12 -8.05475e-13
7.07 8.39886e-12 -8.55363e-13
7.08 8.91738e-12 -9.08253e-13
7.09 9.46701e-12 -9.64321e-13
7.1 1.00496e-11 -1.02375e-12
7.11 1.0667e-11 -1.08674e-12
7.12 1.13212e-11 -1.15349e-12
7.13 1.20144e-11 -1.22422e-12
7.14 1.27489e-11 -1.29917e-12
7.15 1.3527e-11 -1.37858e-12
7.16 1.43513e-11 -1.4627e-12
7.17 1.52243e-11 -1.5518e-12
7.18 1.6149e-11 -1.64618e-12
7.19 1.71282e-11 -1.74613e-12
7.2 1.81652e-11 -1.85198e-12
7.21 1.92631e-11 -1.96406e-12
7.22 2.04255e-11 -2.08273e-12
7.23 2.1656e-11 -2.20836e-12
7.24 2.29586e-11 -2.34136e-12
7.25 2.43372e-11 -2.48213e-12
7.26 2.57964e-11 -2.63112e-12
7.27 2.73405e-11 -2.7888e-12
7.28 2.89744e-11 -2.95566e-12
7.29 3.07031e-11 -3.13222e-12
7.3 3.25321e-11 -3.31901e-12
7.31 3.44669e-11 -3.51663e-12
7.32 3.65134e-11 -3.72567e-12
7.33 3.86781e-11 -3.94679e-12
7.34 4.09674e-11 -4.18064e-12
7.35 4.33883e-11 -4.42796e-12
7.36 4.59482e-11 -4.68948e-12
7.37 4.86548e-11 -4.966e-12
7.38 5.15162e-11 -5.25836e-12
7.39 5.45411e-11 -5.56743e-12
7.4 5.77386e-11 -5.89414e-12
7.41 6.11181e-11 -6.23947e-12
7.42 6.46898e-11 -6.60445e-12
7.43 6.84642e-11 -6.99016e-12
7.44 7.24525e-11 -7.39775e-12
7.45 7.66664e-11 -7.82841e-12
7.46 8.11184e-11 -8.28342e-12
7.47 8.58215e-11 -8.76411e-12
7.48 9.07894e-11 -9.27188e-12
7.49 9.60366e-11 -9.80822e-12
7.5 1.01578e-10 -1.03747e-11
7.51 1.07431e-10 -1.09729e-11
7.52 1.1361e-10 -1.16046e-11
7.53 1.20135e-10 -1.22717e-11
7.54 1.27024e-10 -1.2976e-11
7.55 1.34297e-10 -1.37195e-11
7.56 1.41974e-10 -1.45043e-11
7.57 1.50077e-10 -1.53328e-11
7.58 1.58629e-10 -1.62072e-11
7.59 1.67654e-10 -1.713e-11
7.6 1.77178e-10 -1.81039e-11
7.61 1.87227e-10 -1.91315e-11
7.62 1.9783e-10 -2.02157e-11
7.63 2.09016e-10 -2.13596e-11
7.64 2.20816e-10 -2.25663e-11
7.65 2.33263e-10 -2.38391e-11
7.66 2.46391e-10 -2.51817e-11
7.67 2.60236e-10 -2.65977e-11
7.68 2.74837e-10 -2.8091e-11
7.69 2.90233e-10 -2.96657e-11
7.7 3.06466e-10 -3.1326e-11
7.71 3.23581e-10 -3.30766e-11
7.72 3.41624e-10 -3.49221e-11
7.73 3.60644e-10 -3.68676e-11
7.74 3.80691e-10 -3.89183e-11
7.75 4.01821e-10 -4.10797e-11
7.76 4.24089e-10 -4.33576e-11
7.77 4.47555e-10 -4.57581e-11
7.78 4.72282e-10 -4.82876e-11
7.79 4.98335e-10 -5.09528e-11
7.8 5.25782e-10 -5.37609e-11
7.81 5.54698e-10 -5.67191e-11
7.82 5.85157e-10 -5.98353e-11
7.83 6.17239e-10 -6.31177e-11
7.84 6.51029e-10 -6.65748e-11
7.85 6.86614e-10 -7.02157e-11
7.86 7.24088e-10 -7.40498e-11
7.87 7.63546e-10 -7.80872e-11
7.88 8.05092e-10 -8.23381e-11
7.89 8.48831e-10 -8.68136e-11
7.9 8.94877e-10 -9.15253e-11
7.91 9.43347e-10 -9.6485e-11
7.92 9.94366e-10 -1.01706e-10
7.93 1.04806e-09 -1.072e-10
7.94 1.10457e-09 -1.12983e-10
7.95 1.16404e-09 -1.19069e-10
7.96 1.22661e-09 -1.25472e-10
7.97 1.29245e-09 -1.3221e-10
7.98 1.36172e-09 -1.39299e-10
7.99 1.43459e-09 -1.46756e-10
8 1.51124e-09 -1.54601e-10
8.01 1.59187e-09 -1.62853e-10
8.02 1.67668e-09 -1.71532e-10
8.03 1.76586e-09 -1.8066e-10
8.04 1.85965e-09 -1.90259e-10
8.05 1.95828e-09 -2.00354e-10
8.06 2.06198e-09 -2.10967e-10
8.07 2.17101e-09 -2.22127e-10
8.08 2.28563e-09 -2.33858e-10
8.09 2.40612e-09 -2.46191e-10
8.1 2.53278e-09 -2.59155e-10
8.11 2.6659e-09 -2.72782e-10
8.12 2.80581e-09 -2.87103e-10
8.13 2.95285e-09 -3.02154e-10
8.14 3.10736e-09 -3.1797e-10
8.15 3.26972e-09 -3.34589e-10
8.16 3.4403e-09 -3.52051e-10
8.17 3.61952e-09 -3.70397e-10
8.18 3.80779e-09 -3.8967e-10
8.19 4.00557e-09 -4.09916e-10
8.2 4.21331e-09 -4.31182e-10
8.21 4.4315e-09 -4.53518e-10
8.22 4.66066e-09 -4.76977e-10
8.23 4.9013e-09 -5.01613e-10
8.24 5.154e-09 -5.27482e-10
8.25 5.41934e-09 -5.54646e-10
8.26 5.69792e-09 -5.83166e-10
8.27 5.9904e-09 -6.13109e-10
8.28 6.29744e-09 -6.44543e-10
8.29 6.61974e-09 -6.77539e-10
8.3 6.95804e-09 -7.12174e-10
8.31 7.3131e-09 -7.48526e-10
8.32 7.68574e-09 -7.86678e-10
8.33 8.0768e-09 -8.26715e-10
8.34 8.48715e-09 -8.68728e-10
8.35 8.91771e-09 -9.12811e-10
8.36 9.36946e-09 -9.59064e-10
8.37 9.84341e-09 -1.00759e-09
8.38 1.03406e-08 -1.05849e-09
8.39 1.08621e-08 -1.11189e-09
8.4 1.14092e-08 -1.16791e-09
8.41 1.1983e-08 -1.22665e-09
8.42 1.25847e-08 -1.28827e-09
8.43 1.32157e-08 -1.35288e-09
8.44 1.38775e-08 -1.42064e-09
8.45 1.45713e-08 -1.49168e-09
8.46 1.52988e-08 -1.56617e-09
8.47 1.60615e-08 -1.64427e-09
8.48 1.68611e-08 -1.72614e-09
8.49 1.76992e-08 -1.81196e-09
8.5 1.85778e-08 -1.90192e-09
8.51 1.94986e-08 -1.99621e-09
8.52 2.04637e-08 -2.09504e-09
8.53 2.14751e-08 -2.1986e-09
8.54 2.25349e-08 -2.30713e-09
8.55 2.36455e-08 -2.42085e-09
8.56 2.48091e-08 -2.54e-09
8.57 2.60282e-08 -2.66484e-09
8.58 2.73054e-08 -2.79562e-09
8.59 2.86433e-08 -2.93263e-09
8.6 3.00448e-08 -3.07614e-09
8.61 3.15127e-08 -3.22646e-09
8.62 3.30501e-08 -3.38391e-09
8.63 3.46603e-08 -3.54879e-09
8.64 3.63465e-08 -3.72147e-09
8.65 3.81122e-08 -3.90228e-09
8.66 3.9961e-08 -4.09161e-09
8.67 4.18967e-08 -4.28984e-09
8.68 4.39233e-08 -4.49738e-09
8.69 4.60449e-08 -4.71465e-09
8.7 4.82658e-08 -4.94209e-09
8.71 5.05906e-08 -5.18017e-09
8.72 5.30238e-08 -5.42936e-09
8.73 5.55705e-08 -5.69016e-09
8.74 5.82356e-08 -5.9631e-09
8.75 6.10247e-08 -6.24873e-09
8.76 6.39431e-08 -6.54761e-09
8.77 6.69968e-08 -6.86034e-09
8.78 7.01918e-08 -7.18755e-09
8.79 7.35345e-08 -7.52988e-09
8.8 7.70313e-08 -7.888e-09
8.81 8.06893e-08 -8.26263e-09
8.82 8.45156e-08 -8.65449e-09
8.83 8.85176e-08 -9.06436e-09
8.84 9.27032e-08 -9.49303e-09
8.85 9.70806e-08 -9.94134e-09
8.86 1.01658e-07 -1.04102e-08
8.87 1.06445e-07 -1.09004e-08
8.88 1.1145e-07 -1.1413e-08
8.89 1.16683e-07 -1.19489e-08
8.9 1.22154e-07 -1.25093e-08
8.91 1.27874e-07 -1.30951e-08
8.92 1.33853e-07 -1.37074e-08
8.93 1.40102e-07 -1.43475e-08
8.94 1.46635e-07 -1.50165e-08
8.95 1.53462e-07 -1.57158e-08
8.96 1.60597e-07 -1.64466e-08
8.97 1.68054e-07 -1.72103e-08
8.98 1.75846e-07 -1.80083e-08
8.99 1.83988e-07 -1.88422e-08
9 1.92494e-07 -1.97135e-08
9.01 2.01382e-07 -2.06238e-08
9.02 2.10667e-07 -2.15748e-08
9.03 2.20367e-07 -2.25682e-08
9.04 2.30499e-07 -2.3606e-08
9.05 2.41083e-07 -2.46899e-08
9.06 2.52137e-07 -2.58221e-08
9.07 2.63681e-07 -2.70045e-08
9.08 2.75738e-07 -2.82394e-08
9.09 2.88328e-07 -2.95289e-08
9.1 3.01475e-07 -3.08755e-08
9.11 3.15202e-07 -3.22814e-08
9.12 3.29534e-07 -3.37494e-08
9.13 3.44498e-07 -3.5282e-08
9.14 3.60119e-07 -3.6882e-08
9.15 3.76426e-07 -3.85522e-08
9.16 3.93448e-07 -4.02957e-08
9.17 4.11214e-07 -4.21155e-08
9.18 4.29758e-07 -4.40148e-08
9.19 4.49111e-07 -4.5997e-08
9.2 4.69308e-07 -4.80657e-08
9.21 4.90384e-07 -5.02244e-08
9.22 5.12376e-07 -5.2477e-08
9.23 5.35322e-07 -5.48273e-08
9.24 5.59264e-07 -5.72795e-08
9.25 5.84241e-07 -5.98379e-08
9.26 6.10299e-07 -6.25069e-08
9.27 6.37481e-07 -6.52911e-08
9.28 6.65835e-07 -6.81953e-08
9.29 6.95409e-07 -7.12245e-08
9.3 7.26255e-07 -7.4384e-08
9.31 7.58424e-07 -7.76791e-08
9.32 7.91973e-07 -8.11154e-08
9.33 8.26958e-07 -8.46988e-08
9.34 8.63438e-07 -8.84354e-08
9.35 9.01475e-07 -9.23315e-08
9.36 9.41134e-07 -9.63937e-08
9.37 9.82481e-07 -1.00629e-07
9.38 1.02559e-06 -1.05044e-07
9.39 1.07052e-06 -1.09647e-07
9.4 1.11736e-06 -1.14444e-07
9.41 1.16618e-06 -1.19445e-07
9.42 1.21707e-06 -1.24657e-07
9.43 1.2701e-06 -1.3009e-07
9.44 1.32537e-06 -1.35751e-07
9.45 1.38297e-06 -1.41651e-07
9.46 1.44298e-06 -1.47798e-07
9.47 1.50552e-06 -1.54204e-07
9.48 1.57068e-06 -1.60878e-07
9.49 1.63857e-06 -1.67832e-07
9.5 1.70929e-06 -1.75076e-07
9.51 1.78297e-06 -1.82623e-07
9.52 1.85972e-06 -1.90485e-07
9.53 1.93966e-06 -1.98673e-07
9.54 2.02293e-06 -2.07203e-07
9.55 2.10966e-06 -2.16086e-07
9.56 2.19998e-06 -2.25338e-07
9.57 2.29404e-06 -2.34973e-07
9.58 2.39199e-06 -2.45006e-07
9.59 2.49399e-06 -2.55454e-07
9.6 2.60019e-06 -2.66332e-07
9.61 2.71076e-06 -2.77658e-07
9.62 2.82588e-06 -2.8945e-07
9.63 2.94573e-06 -3.01727e-07
9.64 3.07049e-06 -3.14506e-07
9.65 3.20036e-06 -3.27809e-07
9.66 3.33554e-06 -3.41657e-07
9.67 3.47625e-06 -3.56069e-07
9.68 3.62269e-06 -3.7107e-07
9.69 3.77509e-06 -3.86681e-07
9.7 3.9337e-06 -4.02927e-07
9.71 4.09874e-06 -4.19834e-07
9.72 4.27048e-06 -4.37426e-07
9.73 4.44918e-06 -4.5573e-07
9.74 4.6351e-06 -4.74775e-07
9.75 4.82854e-06 -4.94589e-07
9.76 5.02978e-06 -5.15203e-07
9.77 5.23912e-06 -5.36647e-07
9.78 5.45689e-06 -5.58953e-07
9.79 5.6834e-06 -5.82156e-07
9.8 5.919e-06 -6.0629e-07
9.81 6.16404e-06 -6.3139e-07
9.82 6.41889e-06 -6.57495e-07
9.83 6.68392e-06 -6.84643e-07
9.84 6.95952e-06 -7.12874e-07
9.85 7.2461e-06 -7.4223e-07
9.86 7.54409e-06 -7.72755e-07
9.87 7.85392e-06 -8.04492e-07
9.88 8.17604e-06 -8.37488e-07
9.89 8.51093e-06 -8.71793e-07
9.9 8.85907e-06 -9.07455e-07
9.91 9.22097e-06 -9.44526e-07
9.92 9.59716e-06 -9.83061e-07
9.93 9.98817e-06 -1.02311e-06
9.94 1.03946e-05 -1.06474e-06
9.95 1.0817e-05 -1.10801e-06
9.96 1.12559e-05 -1.15298e-06
9.97 1.17121e-05 -1.1997e-06
9.98 1.21861e-05 -1.24826e-06
9.99 1.26787e-05 -1.29872e-06
10 1.31904e-05 -1.35114e-06
10.01 1.37222e-05 -1.40561e-06
10.02 1.42746e-05 -1.4622e-06
10.03 1.48486e-05 -1.52099e-06
10.04 1.54448e-05 -1.58206e-06
10.05 1.60641e-05 -1.64551e-06
10.06 1.67074e-05 -1.71141e-06
10.07 1.73756e-05 -1.77985e-06
10.08 1.80696e-05 -1.85094e-06
10.09 1.87904e-05 -1.92478e-06
10.1 1.9539e-05 -2.00146e-06
10.11 2.03163e-05 -2.08108e-06
10.12 2.11235e-05 -2.16377e-06
10.13 2.19616e-05 -2.24963e-06
10.14 2.28319e-05 -2.33877e-06
10.15 2.37355e-05 -2.43133e-06
10.16 2.46735e-05 -2.52742e-06
10.17 2.56474e-05 -2.62719e-06
10.18 2.66584e-05 -2.73075e-06
10.19 2.77079e-05 -2.83825e-06
10.2 2.87972e-05 -2.94984e-06
10.21 2.99279e-05 -3.06566e-06
10.22 3.11014e-05 -3.18588e-06
10.23 3.23194e-05 -3.31064e-06
10.24 3.35834e-05 -3.44012e-06
10.25 3.48951e-05 -3.57449e-06
10.26 3.62563e-05 -3.71392e-06
10.27 3.76687e-05 -3.8586e-06
10.28 3.91342e-05 -4.00872e-06
10.29 4.06547e-05 -4.16448e-06
10.3 4.22322e-05 -4.32608e-06
10.31 4.38688e-05 -4.49373e-06
10.32 4.55666e-05 -4.66764e-06
10.33 4.73278e-05 -4.84806e-06
10.34 4.91547e-05 -5.0352e-06
10.35 5.10497e-05 -5.22931e-06
10.36 5.30151e-05 -5.43064e-06
10.37 5.50535e-05 -5.63945e-06
10.38 5.71675e-05 -5.85601e-06
10.39 5.93599e-05 -6.08059e-06
10.4 6.16334e-05 -6.31348e-06
10.41 6.39908e-05 -6.55497e-06
10.42 6.64353e-05 -6.80537e-06
10.43 6.89698e-05 -7.065e-06
10.44 7.15976e-05 -7.33419e-06
10.45 7.4322e-05 -7.61327e-06
10.46 7.71463e-05 -7.90259e-06
10.47 8.00742e-05 -8.20251e-06
10.48 8.31092e-05 -8.51341e-06
10.49 8.62552e-05 -8.83568e-06
10.5 8.95161e-05 -9.16971e-06
10.51 9.28958e-05 -9.51592e-06
10.52 9.63985e-05 -9.87474e-06
10.53 0.000100029 -1.02466e-05
10.54 0.000103791 -1.0632e-05
10.55 0.000107689 -1.10313e-05
10.56 0.000111729 -1.14451e-05
10.57 0.000115914 -1.18739e-05
10.58 0.000120251 -1.23181e-05
10.59 0.000124744 -1.27784e-05
10.6 0.000129399 -1.32553e-05
10.61 0.000134222 -1.37493e-05
10.62 0.000139218 -1.4261e-05
10.63 0.000144393 -1.47912e-05
10.64 0.000149753 -1.53403e-05
10.65 0.000155306 -1.59091e-05
10.66 0.000161056 -1.64982e-05
10.67 0.000167012 -1.71083e-05
10.68 0.000173181 -1.77401e-05
10.69 0.000179569 -1.83945e-05
10.7 0.000186183 -1.90721e-05
10.71 0.000193033 -1.97738e-05
10.72 0.000200126 -2.05003e-05
10.73 0.000207469 -2.12526e-05
10.74 0.000215073 -2.20315e-05
10.75 0.000222945 -2.28379e-05
10.76 0.000231094 -2.36727e-05
10.77 0.000239531 -2.45369e-05
10.78 0.000248264 -2.54315e-05
10.79 0.000257304 -2.63575e-05
10.8 0.000266661 -2.73161e-05
10.81 0.000276346 -2.83082e-05
10.82 0.000286369 -2.9335e-05
10.83 0.000296743 -3.03976e-05
10.84 0.000307479 -3.14974e-05
10.85 0.000318589 -3.26355e-05
10.86 0.000330086 -3.38132e-05
10.87 0.000341982 -3.50318e-05
10.88 0.000354291 -3.62928e-05
10.89 0.000367027 -3.75974e-05
10.9 0.000380204 -3.89472e-05
10.91 0.000393836 -4.03437e-05
10.92 0.000407939 -4.17883e-05
10.93 0.000422528 -4.32828e-05
10.94 0.000437619 -4.48288e-05
10.95 0.00045323 -4.64279e-05
10.96 0.000469377 -4.80819e-05
10.97 0.000486077 -4.97927e-05
10.98 0.00050335 -5.15621e-05
10.99 0.000521213 -5.3392e-05
11 0.000539687 -5.52844e-05
11.01 0.000558791 -5.72414e-05
11.02 0.000578545 -5.9265e-05
11.03 0.000598973 -6.13576e-05
11.04 0.000620094 -6.35212e-05
11.05 0.000641932 -6.57583e-05
11.06 0.00066451 -6.80711e-05
11.07 0.000687853 -7.04623e-05
11.08 0.000711984 -7.29343e-05
11.09 0.000736931 -7.54898e-05
11.1 0.000762718 -7.81314e-05
11.11 0.000789374 -8.0862e-05
11.12 0.000816926 -8.36844e-05
11.13 0.000845403 -8.66015e-05
11.14 0.000874835 -8.96165e-05
11.15 0.000905253 -9.27325e-05
11.16 0.000936689 -9.59527e-05
11.17 0.000969174 -9.92805e-05
11.18 0.00100274 -0.000102719
11.19 0.00103743 -0.000106273
11.2 0.00107327 -0.000109944
11.21 0.00111031 -0.000113738
11.22 0.00114857 -0.000117658
11.23 0.0011881 -0.000121707
11.24 0.00122894 -0.00012589
11.25 0.00127113 -0.000130212
11.26 0.00131471 -0.000134677
11.27 0.00135973 -0.000139288
11.28 0.00140623 -0.000144052
11.29 0.00145426 -0.000148972
11.3 0.00150386 -0.000154053
11.31 0.0015551 -0.000159302
11.32 0.00160801 -0.000164722
11.33 0.00166265 -0.000170319
11.34 0.00171908 -0.0001761
11.35 0.00177735 -0.000182069
11.36 0.00183751 -0.000188232
11.37 0.00189964 -0.000194596
11.38 0.00196378 -0.000201167
11.39 0.00203 -0.000207951
11.4 0.00209838 -0.000214954
11.41 0.00216896 -0.000222185
11.42 0.00224182 -0.000229649
11.43 0.00231704 -0.000237354
11.44 0.00239468 -0.000245308
11.45 0.00247483 -0.000253518
11.46 0.00255755 -0.000261991
11.47 0.00264292 -0.000270737
11.48 0.00273104 -0.000279764
11.49 0.00282197 -0.000289079
11.5 0.00291582 -0.000298692
11.51 0.00301266 -0.000308613
11.52 0.00311259 -0.00031885
11.53 0.00321571 -0.000329413
11.54 0.00332211 -0.000340312
11.55 0.00343188 -0.000351558
11.56 0.00354514 -0.00036316
11.57 0.003662 -0.00037513
11.58 0.00378255 -0.000387479
11.59 0.00390691 -0.000400218
11.6 0.00403519 -0.00041336
11.61 0.00416752 -0.000426916
11.62 0.00430402 -0.000440899
11.63 0.00444481 -0.000455321
11.64 0.00459002 -0.000470196
11.65 0.00473979 -0.000485538
11.66 0.00489424 -0.00050136
11.67 0.00505353 -0.000517677
11.68 0.00521779 -0.000534504
11.69 0.00538718 -0.000551856
11.7 0.00556185 -0.000569749
11.71 0.00574195 -0.000588198
11.72 0.00592764 -0.000607221
11.73 0.0061191 -0.000626834
11.74 0.0063165 -0.000647054
11.75 0.00652 -0.000667901
11.76 0.00672979 -0.000689392
11.77 0.00694607 -0.000711547
11.78 0.007169 -0.000734384
11.79 0.00739881 -0.000757925
11.8 0.00763568 -0.00078219
11.81 0.00787982 -0.0008072
11.82 0.00813145 -0.000832976
11.83 0.00839079 -0.000859543
11.84 0.00865806 -0.000886922
11.85 0.0089335 -0.000915137
11.86 0.00921733 -0.000944213
11.87 0.00950982 -0.000974175
11.88 0.00981121 -0.00100505
11.89 0.0101218 -0.00103686
11.9 0.0104417 -0.00106964
11.91 0.0107714 -0.00110341
11.92 0.011111 -0.0011382
11.93 0.011461 -0.00117405
11.94 0.0118214 -0.00121097
11.95 0.0121928 -0.00124901
11.96 0.0125753 -0.0012882
11.97 0.0129693 -0.00132856
11.98 0.0133752 -0.00137014
11.99 0.0137932 -0.00141296
12 0.0142238 -0.00145707
12.01 0.0146672 -0.00150249
12.02 0.0151239 -0.00154928
12.03 0.0155942 -0.00159745
12.04 0.0160785 -0.00164707
12.05 0.0165772 -0.00169816
12.06 0.0170908 -0.00175076
12.07 0.0176196 -0.00180493
12.08 0.018164 -0.00186071
12.09 0.0187246 -0.00191813
12.1 0.0193018 -0.00197725
12.11 0.019896 -0.00203812
12.12 0.0205077 -0.00210078
12.13 0.0211374 -0.00216529
12.14 0.0217856 -0.0022317
12.15 0.0224529 -0.00230005
12.16 0.0231397 -0.00237041
12.17 0.0238467 -0.00244283
12.18 0.0245743 -0.00251737
12.19 0.0253232 -0.00259408
12.2 0.0260939 -0.00267304
12.21 0.0268871 -0.00275429
12.22 0.0277034 -0.00283791
12.23 0.0285434 -0.00292395
12.24 0.0294077 -0.0030125
12.25 0.0302971 -0.00310361
12.26 0.0312123 -0.00319736
12.27 0.0321539 -0.00329381
12.28 0.0331227 -0.00339306
12.29 0.0341194 -0.00349516
12.3 0.0351448 -0.0036002
12.31 0.0361997 -0.00370827
12.32 0.0372849 -0.00381943
12.33 0.0384012 -0.00393378
12.34 0.0395495 -0.00405141
12.35 0.0407306 -0.00417241
12.36 0.0419455 -0.00429686
12.37 0.043195 -0.00442485
12.38 0.0444801 -0.0045565
12.39 0.0458018 -0.00469189
12.4 0.047161 -0.00483113
12.41 0.0485588 -0.00497432
12.42 0.0499962 -0.00512156
12.43 0.0514743 -0.00527298
12.44 0.0529941 -0.00542867
12.45 0.0545569 -0.00558876
12.46 0.0561637 -0.00575336
12.47 0.0578157 -0.00592259
12.48 0.0595142 -0.00609658
12.49 0.0612604 -0.00627546
12.5 0.0630555 -0.00645935
12.51 0.0649009 -0.00664839
12.52 0.0667979 -0.00684271
12.53 0.0687479 -0.00704247
12.54 0.0707522 -0.00724779
12.55 0.0728124 -0.00745884
12.56 0.0749299 -0.00767575
12.57 0.0771063 -0.0078987
12.58 0.079343 -0.00812782
12.59 0.0816417 -0.0083633
12.6 0.0840039 -0.00860529
12.61 0.0864315 -0.00885396
12.62 0.088926 -0.0091095
12.63 0.0914893 -0.00937209
12.64 0.0941232 -0.00964189
12.65 0.0968294 -0.00991912
12.66 0.09961 -0.010204
12.67 0.102467 -0.0104966
12.68 0.105402 -0.0107973
12.69 0.108417 -0.0111061
12.7 0.111514 -0.0114234
12.71 0.114696 -0.0117494
12.72 0.117965 -0.0120842
12.73 0.121323 -0.0124282
12.74 0.124771 -0.0127815
12.75 0.128314 -0.0131443
12.76 0.131952 -0.013517
12.77 0.135688 -0.0138998
12.78 0.139526 -0.0142929
12.79 0.143467 -0.0146966
12.8 0.147514 -0.0151112
12.81 0.151671 -0.015537
12.82 0.155938 -0.0159742
12.83 0.160321 -0.0164231
12.84 0.164821 -0.0168841
12.85 0.169441 -0.0173574
12.86 0.174185 -0.0178433
12.87 0.179055 -0.0183422
12.88 0.184055 -0.0188544
12.89 0.189188 -0.0193803
12.9 0.194458 -0.0199201
12.91 0.199868 -0.0204743
12.92 0.205421 -0.0210431
12.93 0.211121 -0.0216271
12.94 0.216972 -0.0222264
12.95 0.222977 -0.0228416
12.96 0.229141 -0.023473
12.97 0.235467 -0.0241211
12.98 0.24196 -0.0247861
12.99 0.248623 -0.0254687
13 0.25546 -0.0261691
13.01 0.262477 -0.0268879
13.02 0.269678 -0.0276256
13.03 0.277066 -0.0283824
13.04 0.284648 -0.0291591
13.05 0.292427 -0.0299559
13.06 0.300408 -0.0307735
13.07 0.308596 -0.0316124
13.08 0.316998 -0.032473
13.09 0.325616 -0.0333559
13.1 0.334458 -0.0342616
13.11 0.343529 -0.0351908
13.12 0.352833 -0.0361439
13.13 0.362378 -0.0371217
13.14 0.372168 -0.0381246
13.15 0.38221 -0.0391532
13.16 0.392509 -0.0402083
13.17 0.403073 -0.0412904
13.18 0.413907 -0.0424002
13.19 0.425018 -0.0435384
13.2 0.436412 -0.0447057
13.21 0.448098 -0.0459027
13.22 0.46008 -0.0471303
13.23 0.472368 -0.048389
13.24 0.484968 -0.0496797
13.25 0.497887 -0.0510031
13.26 0.511133 -0.05236
13.27 0.524714 -0.0537513
13.28 0.538639 -0.0551777
13.29 0.552914 -0.0566401
13.3 0.567549 -0.0581393
13.31 0.582553 -0.0596762
13.32 0.597933 -0.0612517
13.33 0.613699 -0.0628668
13.34 0.62986 -0.0645223
13.35 0.646425 -0.0662193
13.36 0.663405 -0.0679586
13.37 0.680808 -0.0697413
13.38 0.698644 -0.0715685
13.39 0.716924 -0.0734411
13.4 0.735659 -0.0753603
13.41 0.754858 -0.077327
13.42 0.774534 -0.0793426
13.43 0.794696 -0.081408
13.44 0.815356 -0.0835244
13.45 0.836526 -0.0856931
13.46 0.858218 -0.0879152
13.47 0.880444 -0.090192
13.48 0.903216 -0.0925247
13.49 0.926548 -0.0949148
13.5 0.950451 -0.0973634
13.51 0.974939 -0.0998719
13.52 1 -0.102439
