0 0 0
0.08 1.30684e-74 -1.41226e-80
0.16 2.7357e-69 -7.35886e-75
0.24 4.19891e-65 -4.75499e-70
0.32 1.17908e-61 -3.73437e-66
0.4 1.0851e-58 -7.33765e-63
0.48 4.19366e-56 -5.10069e-60
0.56 8.26886e-54 -1.06905e-57
0.52 9.10129e-55 -1.37631e-58
0.5 2.12303e-55 -3.11658e-59
0.49 9.54648e-56 -1.29654e-59
0.5 2.13975e-55 -3.21434e-59
0.51 4.72107e-55 -7.7862e-59
0.52 1.0258e-54 -1.84589e-58
0.53 2.19622e-54 -4.28891e-58
0.54 4.63563e-54 -9.77863e-58
0.55 9.65138e-54 -2.1901e-57
0.56 1.98304e-53 -4.82301e-57
0.57 4.02288e-53 -1.04522e-56
0.58 8.06117e-53 -2.2308e-56
0.59 1.59624e-52 -4.69229e-56
0.6 3.12469e-52 -9.73319e-56
0.61 6.04913e-52 -1.99217e-55
0.62 1.15854e-51 -4.0256e-55
0.63 2.19588e-51 -8.03506e-55
0.64 4.12032e-51 -1.5849e-54
0.65 7.65616e-51 -3.09074e-54
0.66 1.40922e-50 -5.96137e-54
0.67 2.57015e-50 -1.13768e-53
0.68 4.64585e-50 -2.14901e-53
0.69 8.32559e-50 -4.01932e-53
0.7 1.4795e-49 -7.44565e-53
0.71 2.60776e-49 -1.36653e-52
0.72 4.56007e-49 -2.48559e-52
0.73 7.91267e-49 -4.48178e-52
0.74 1.36274e-48 -8.01305e-52
0.75 2.32985e-48 -1.42095e-51
0.76 3.95505e-48 -2.49974e-51
0.77 6.66756e-48 -4.36362e-51
0.78 1.11648e-47 -7.56008e-51
0.79 1.85726e-47 -1.30024e-50
0.8 3.06981e-47 -2.22036e-50
0.81 5.04235e-47 -3.76539e-50
0.82 8.23197e-47 -6.3425e-50
0.83 1.33595e-46 -1.06133e-49
0.84 2.1555e-46 -1.76463e-49
0.85 3.45815e-46 -2.91566e-49
0.86 5.51737e-46 -4.78817e-49
0.87 8.75524e-46 -7.81656e-49
0.88 1.38199e-45 -1.26863e-48
0.89 2.17019e-45 -2.04735e-48
0.9 3.39074e-45 -3.28578e-48
0.91 5.27159e-45 -5.24486e-48
0.92 8.15622e-45 -8.32779e-48
0.93 1.25597e-44 -1.31546e-47
0.94 1.92513e-44 -2.06742e-47
0.95 2.93745e-44 -3.23318e-47
0.96 4.46225e-44 -5.03185e-47
0.97 6.74913e-44 -7.79412e-47
0.98 1.01647e-43 -1.20169e-46
0.99 1.52449e-43 -1.84435e-46
1 2.2771e-43 -2.81815e-46
1.01 3.38766e-43 -4.28737e-46
1.02 5.02007e-43 -6.49477e-46
1.03 7.41049e-43 -9.79759e-46
1.04 1.08979e-42 -1.47195e-45
1.05 1.59673e-42 -2.20252e-45
1.06 2.33098e-42 -3.28272e-45
1.07 3.39076e-42 -4.8738e-45
1.08 4.91513e-42 -7.20862e-45
1.09 7.10035e-42 -1.06223e-44
1.1 1.02226e-41 -1.55955e-44
1.11 1.4669e-41 -2.2815e-44
1.12 2.0981e-41 -3.32591e-44
1.13 2.99134e-41 -4.83168e-44
1.14 4.25148e-41 -6.99536e-44
1.15 6.02386e-41 -1.00942e-43
1.16 8.50927e-41 -1.45181e-43
1.17 1.19844e-40 -2.08135e-43
1.18 1.68293e-40 -2.97445e-43
1.19 2.35649e-40 -4.23755e-43
1.2 3.29029e-40 -6.01857e-43
1.21 4.58134e-40 -8.52243e-43
1.22 6.36153e-40 -1.20323e-42
1.23 8.80968e-40 -1.69382e-42
1.24 1.21676e-39 -2.37761e-42
1.25 1.67618e-39 -3.32805e-42
1.26 2.30312e-39 -4.64551e-42
1.27 3.15658e-39 -6.46682e-42
1.28 4.31555e-39 -8.97802e-42
1.29 5.88561e-39 -1.24314e-41
1.3 8.00755e-39 -1.71684e-41
1.31 1.08686e-38 -2.36495e-41
1.32 1.47176e-38 -3.24951e-41
1.33 1.98836e-38 -4.4538e-41
1.34 2.68021e-38 -6.08947e-41
1.35 3.60472e-38 -8.30573e-41
1.36 4.83746e-38 -1.13017e-40
1.37 6.47769e-38 -1.53422e-40
1.38 8.65554e-38 -2.07791e-40
1.39 1.15412e-37 -2.80785e-40
1.4 1.5357e-37 -3.7857e-40
1.41 2.03925e-37 -5.09279e-40
1.42 2.70246e-37 -6.8362e-40
1.43 3.57421e-37 -9.15668e-40
1.44 4.7179e-37 -1.22387e-39
1.45 6.2155e-37 -1.63239e-39
1.46 8.17284e-37 -2.17277e-39
1.47 1.07263e-36 -2.88612e-39
1.48 1.40515e-36 -3.82596e-39
1.49 1.83737e-36 -5.06177e-39
1.5 2.39819e-36 -6.68361e-39
1.51 3.1246e-36 -8.80803e-39
1.52 4.06387e-36 -1.15855e-38
1.53 5.27631e-36 -1.52101e-38
1.54 6.8387e-36 -1.99314e-38
1.55 8.84874e-36 -2.60701e-38
1.56 1.14304e-35 -3.40375e-38
1.57 1.47409e-35 -4.43602e-38
1.58 1.89792e-35 -5.77109e-38
1.59 2.43968e-35 -7.4948e-38
1.6 3.1311e-35 -9.71651e-38
1.61 4.01215e-35 -1.25753e-37
1.62 5.13314e-35 -1.62476e-37
1.63 6.55729e-35 -2.09572e-37
1.64 8.36386e-35 -2.69875e-37
1.65 1.06522e-34 -3.46961e-37
1.66 1.35466e-34 -4.45346e-37
1.67 1.72023e-34 -5.70717e-37
1.68 2.1813e-34 -7.30228e-37
1.69 2.76202e-34 -9.32864e-37
1.7 3.4924e-34 -1.18989e-36
1.71 4.40977e-34 -1.51542e-36
1.72 5.56046e-34 -1.9271e-36
1.73 7.00186e-34 -2.44695e-36
1.74 8.80505e-34 -3.10245e-36
1.75 1.10579e-33 -3.92779e-36
1.76 1.38689e-33 -4.96551e-36
1.77 1.73718e-33 -6.26842e-36
1.78 2.17316e-33 -7.90199e-36
1.79 2.71509e-33 -9.94731e-36
1.8 3.3879e-33 -1.25047e-35
1.81 4.22218e-33 -1.56979e-35
1.82 5.25544e-33 -1.96798e-35
1.83 6.53359e-33 -2.46384e-35
1.84 8.11283e-33 -3.08054e-35
1.85 1.00618e-32 -3.84652e-35
1.86 1.24643e-32 -4.79667e-35
1.87 1.54224e-32 -5.97379e-35
1.88 1.90605e-32 -7.43023e-35
1.89 2.353e-32 -9.23001e-35
1.9 2.90148e-32 -1.14513e-34
1.91 3.57381e-32 -1.41895e-34
1.92 4.39706e-32 -1.75607e-34
1.93 5.40403e-32 -2.17062e-34
1.94 6.63441e-32 -2.67978e-34
1.95 8.13619e-32 -3.30439e-34
1.96 9.96733e-32 -4.06973e-34
1.97 1.21978e-31 -5.00641e-34
1.98 1.49118e-31 -6.15146e-34
1.99 1.82108e-31 -7.54962e-34
2 2.22172e-31 -9.25489e-34
2.01 2.70775e-31 -1.13324e-33
2.02 3.2968e-31 -1.38605e-33
2.03 4.01003e-31 -1.69336e-33
2.04 4.87278e-31 -2.0665e-33
2.05 5.91539e-31 -2.51907e-33
2.06 7.17419e-31 -3.0674e-33
2.07 8.69256e-31 -3.73101e-33
2.08 1.05224e-30 -4.53328e-33
2.09 1.27254e-30 -5.50217e-33
2.1 1.53755e-30 -6.67105e-33
2.11 1.85604e-30 -8.07969e-33
2.12 2.23847e-30 -9.77554e-33
2.13 2.69726e-30 -1.1815e-32
2.14 3.24719e-30 -1.42653e-32
2.15 3.90579e-30 -1.7206e-32
2.16 4.69385e-30 -2.07318e-32
2.17 5.63602e-30 -2.49549e-32
2.18 6.76149e-30 -3.00081e-32
2.19 8.1048e-30 -3.60485e-32
2.2 9.70677e-30 -4.32619e-32
2.21 1.16157e-29 -5.18676e-32
2.22 1.38884e-29 -6.21244e-32
2.23 1.65922e-29 -7.43371e-32
2.24 1.98062e-29 -8.88648e-32
2.25 2.36237e-29 -1.0613e-31
2.26 2.81544e-29 -1.26628e-31
2.27 3.35274e-29 -1.50942e-31
2.28 3.98944e-29 -1.79754e-31
2.29 4.74335e-29 -2.13866e-31
2.3 5.63536e-29 -2.54214e-31
2.31 6.68998e-29 -3.01899e-31
2.32 7.93594e-29 -3.58218e-31
2.33 9.40684e-29 -4.24691e-31
2.34 1.1142e-28 -5.03096e-31
2.35 1.31875e-28 -5.95511e-31
2.36 1.5597e-28 -7.04366e-31
2.37 1.84334e-28 -8.32494e-31
2.38 2.17697e-28 -9.83206e-31
2.39 2.56915e-28 -1.16036e-30
2.4 3.02982e-28 -1.36844e-30
2.41 3.57057e-28 -1.6127e-30
2.42 4.20489e-28 -1.89922e-30
2.43 4.94846e-28 -2.23508e-30
2.44 5.81951e-28 -2.62852e-30
2.45 6.83922e-28 -3.0891e-30
2.46 8.03215e-28 -3.62793e-30
2.47 9.42681e-28 -4.25787e-30
2.48 1.10563e-27 -4.99386e-30
2.49 1.29588e-27 -5.8532e-30
2.5 1.51787e-27 -6.8559e-30
2.51 1.77674e-27 -8.02514e-30
2.52 2.07841e-27 -9.38772e-30
2.53 2.42974e-27 -1.09746e-29
2.54 2.83865e-27 -1.28216e-29
2.55 3.31429e-27 -1.49699e-29
2.56 3.86719e-27 -1.74673e-29
2.57 4.50954e-27 -2.03686e-29
2.58 5.25533e-27 -2.37372e-29
2.59 6.12071e-27 -2.76459e-29
2.6 7.12425e-27 -3.21788e-29
2.61 8.28734e-27 -3.74322e-29
2.62 9.63455e-27 -4.35172e-29
2.63 1.11941e-26 -5.05614e-29
2.64 1.29984e-26 -5.87112e-29
2.65 1.50847e-26 -6.81347e-29
2.66 1.74958e-26 -7.90247e-29
2.67 2.02804e-26 -9.16025e-29
2.68 2.34949e-26 -1.06121e-28
2.69 2.72033e-26 -1.22872e-28
2.7 3.14794e-26 -1.42186e-28
2.71 3.64072e-26 -1.64443e-28
2.72 4.20829e-26 -1.9008e-28
2.73 4.86166e-26 -2.19591e-28
2.74 5.6134e-26 -2.53546e-28
2.75 6.47785e-26 -2.92591e-28
2.76 7.47139e-26 -3.37467e-28
2.77 8.61268e-26 -3.89017e-28
2.78 9.92303e-26 -4.48202e-28
2.79 1.14267e-25 -5.16119e-28
2.8 1.31513e-25 -5.94016e-28
2.81 1.51283e-25 -6.83313e-28
2.82 1.73935e-25 -7.85627e-28
2.83 1.99875e-25 -9.02796e-28
2.84 2.29568e-25 -1.03691e-27
2.85 2.63537e-25 -1.19034e-27
2.86 3.02381e-25 -1.36579e-27
2.87 3.46777e-25 -1.56632e-27
2.88 3.97493e-25 -1.79539e-27
2.89 4.55402e-25 -2.05695e-27
2.9 5.21491e-25 -2.35547e-27
2.91 5.96881e-25 -2.69599e-27
2.92 6.82841e-25 -3.08425e-27
2.93 7.80804e-25 -3.52673e-27
2.94 8.92396e-25 -4.03077e-27
2.95 1.01945e-24 -4.60466e-27
2.96 1.16405e-24 -5.25779e-27
2.97 1.32854e-24 -6.00075e-27
2.98 1.51557e-24 -6.84553e-27
2.99 1.72814e-24 -7.80563e-27
3 1.96961e-24 -8.89631e-27
3.01 2.2438e-24 -1.01348e-26
3.02 2.55501e-24 -1.15404e-26
3.03 2.90807e-24 -1.31352e-26
3.04 3.30845e-24 -1.49436e-26
3.05 3.76228e-24 -1.69934e-26
3.06 4.27649e-24 -1.9316e-26
3.07 4.85884e-24 -2.19464e-26
3.08 5.51811e-24 -2.49241e-26
3.09 6.26411e-24 -2.82937e-26
3.1 7.10792e-24 -3.2105e-26
3.11 8.06197e-24 -3.64142e-26
3.12 9.14019e-24 -4.12843e-26
3.13 1.03583e-23 -4.67861e-26
3.14 1.17338e-23 -5.29989e-26
3.15 1.32864e-23 -6.00118e-26
3.16 1.50383e-23 -6.79247e-26
3.17 1.70141e-23 -7.68493e-26
3.18 1.92418e-23 -8.69111e-26
3.19 2.17523e-23 -9.82506e-26
3.2 2.45805e-23 -1.11025e-25
3.21 2.77652e-23 -1.2541e-25
3.22 3.13502e-23 -1.41602e-25
3.23 3.53841e-23 -1.59822e-25
3.24 3.99213e-23 -1.80316e-25
3.25 4.50228e-23 -2.03359e-25
3.26 5.07566e-23 -2.29257e-25
3.27 5.71985e-23 -2.58354e-25
3.28 6.44334e-23 -2.91032e-25
3.29 7.25558e-23 -3.27719e-25
3.3 8.16713e-23 -3.68892e-25
3.31 9.18974e-23 -4.15081e-25
3.32 1.03365e-22 -4.6688e-25
3.33 1.16221e-22 -5.24948e-25
3.34 1.30628e-22 -5.9002e-25
3.35 1.46767e-22 -6.62916e-25
3.36 1.6484e-22 -7.44547e-25
3.37 1.85071e-22 -8.35927e-25
3.38 2.0771e-22 -9.38185e-25
3.39 2.33036e-22 -1.05258e-24
3.4 2.61357e-22 -1.18049e-24
3.41 2.93016e-22 -1.32349e-24
3.42 3.28394e-22 -1.48329e-24
3.43 3.67916e-22 -1.6618e-24
3.44 4.12051e-22 -1.86115e-24
3.45 4.61322e-22 -2.0837e-24
3.46 5.16307e-22 -2.33205e-24
3.47 5.7765e-22 -2.60912e-24
3.48 6.46061e-22 -2.91812e-24
3.49 7.22331e-22 -3.26262e-24
3.5 8.07335e-22 -3.64657e-24
3.51 9.02043e-22 -4.07434e-24
3.52 1.00753e-21 -4.55079e-24
3.53 1.12498e-21 -5.08128e-24
3.54 1.25571e-21 -5.67177e-24
3.55 1.40117e-21 -6.32881e-24
3.56 1.56299e-21 -7.0597e-24
3.57 1.74293e-21 -7.87246e-24
3.58 1.94297e-21 -8.77599e-24
3.59 2.16528e-21 -9.78011e-24
3.6 2.41226e-21 -1.08957e-23
3.61 2.68658e-21 -1.21347e-23
3.62 2.99115e-21 -1.35104e-23
3.63 3.32923e-21 -1.50374e-23
3.64 3.70437e-21 -1.67319e-23
3.65 4.12052e-21 -1.86115e-23
3.66 4.58203e-21 -2.06961e-23
3.67 5.09368e-21 -2.30071e-23
3.68 5.66077e-21 -2.55685e-23
3.69 6.2891e-21 -2.84065e-23
3.7 6.9851e-21 -3.15502e-23
3.71 7.75582e-21 -3.50314e-23
3.72 8.60905e-21 -3.88853e-23
3.73 9.55335e-21 -4.31505e-23
3.74 1.05981e-20 -4.78696e-23
3.75 1.17538e-20 -5.30894e-23
3.76 1.30317e-20 -5.88615e-23
3.77 1.44444e-20 -6.52425e-23
3.78 1.60058e-20 -7.22947e-23
3.79 1.77308e-20 -8.00865e-23
3.8 1.96363e-20 -8.86931e-23
3.81 2.17405e-20 -9.81971e-23
3.82 2.40634e-20 -1.08689e-22
3.83 2.66272e-20 -1.20269e-22
3.84 2.9456e-20 -1.33047e-22
3.85 3.25764e-20 -1.47141e-22
3.86 3.60176e-20 -1.62684e-22
3.87 3.98115e-20 -1.7982e-22
3.88 4.39932e-20 -1.98708e-22
3.89 4.86011e-20 -2.19521e-22
3.9 5.36774e-20 -2.4245e-22
3.91 5.92681e-20 -2.67702e-22
3.92 6.5424e-20 -2.95506e-22
3.93 7.22003e-20 -3.26114e-22
3.94 7.96576e-20 -3.59797e-22
3.95 8.78625e-20 -3.96857e-22
3.96 9.68875e-20 -4.37621e-22
3.97 1.06812e-19 -4.82448e-22
3.98 1.17723e-19 -5.31732e-22
3.99 1.29716e-19 -5.85901e-22
4 1.42895e-19 -6.45426e-22
4.01 1.57373e-19 -7.1082e-22
4.02 1.73274e-19 -7.82644e-22
4.03 1.90735e-19 -8.61511e-22
4.04 2.09904e-19 -9.48091e-22
4.05 2.30942e-19 -1.04312e-21
4.06 2.54027e-19 -1.14738e-21
4.07 2.79351e-19 -1.26177e-21
4.08 3.07125e-19 -1.38722e-21
4.09 3.3758e-19 -1.52478e-21
4.1 3.70965e-19 -1.67557e-21
4.11 4.07555e-19 -1.84084e-21
4.12 4.47648e-19 -2.02193e-21
4.13 4.91569e-19 -2.22031e-21
4.14 5.39673e-19 -2.43759e-21
4.15 5.92345e-19 -2.6755e-21
4.16 6.50007e-19 -2.93595e-21
4.17 7.13117e-19 -3.221e-21
4.18 7.82175e-19 -3.53292e-21
4.19 8.57724e-19 -3.87416e-21
4.2 9.40356e-19 -4.24739e-21
4.21 1.03071e-18 -4.65552e-21
4.22 1.1295e-18 -5.10172e-21
4.23 1.23748e-18 -5.58942e-21
4.24 1.35547e-18 -6.12241e-21
4.25 1.48439e-18 -6.70496e-21
4.26 1.6252e-18 -7.34178e-21
4.27 1.77899e-18 -8.03803e-21
4.28 1.9469e-18 -8.79935e-21
4.29 2.13019e-18 -9.6319e-21
4.3 2.33023e-18 -1.05424e-20
4.31 2.54851e-18 -1.15382e-20
4.32 2.78664e-18 -1.26274e-20
4.33 3.04636e-18 -1.38188e-20
4.34 3.32958e-18 -1.51219e-20
4.35 3.63836e-18 -1.65473e-20
4.36 3.97494e-18 -1.81064e-20
4.37 4.34174e-18 -1.98117e-20
4.38 4.7414e-18 -2.1677e-20
4.39 5.17677e-18 -2.37171e-20
4.4 5.65095e-18 -2.59485e-20
4.41 6.16729e-18 -2.83889e-20
4.42 6.72943e-18 -3.10578e-20
4.43 7.3413e-18 -3.39764e-20
4.44 8.00718e-18 -3.7168e-20
4.45 8.73169e-18 -4.06578e-20
4.46 9.51984e-18 -4.44734e-20
4.47 1.0377e-17 -4.8645e-20
4.48 1.13092e-17 -5.32054e-20
4.49 1.23226e-17 -5.81905e-20
4.5 1.34242e-17 -6.36393e-20
4.51 1.46213e-17 -6.95943e-20
4.52 1.59221e-17 -7.61021e-20
4.53 1.73353e-17 -8.32133e-20
4.54 1.88701e-17 -9.09828e-20
4.55 2.0537e-17 -9.94707e-20
4.56 2.23467e-17 -1.08743e-19
4.57 2.43112e-17 -1.18869e-19
4.58 2.64434e-17 -1.29929e-19
4.59 2.87572e-17 -1.42005e-19
4.6 3.12674e-17 -1.5519e-19
4.61 3.39904e-17 -1.69584e-19
4.62 3.69435e-17 -1.85294e-19
4.63 4.01457e-17 -2.02441e-19
4.64 4.36174e-17 -2.21151e-19
4.65 4.73804e-17 -2.41564e-19
4.66 5.14586e-17 -2.63833e-19
4.67 5.58776e-17 -2.88122e-19
4.68 6.06649e-17 -3.14611e-19
4.69 6.58504e-17 -3.43493e-19
4.7 7.14661e-17 -3.74981e-19
4.71 7.75467e-17 -4.09303e-19
4.72 8.41296e-17 -4.46709e-19
4.73 9.12548e-17 -4.87469e-19
4.74 9.89658e-17 -5.31876e-19
4.75 1.07309e-16 -5.80248e-19
4.76 1.16336e-16 -6.3293e-19
4.77 1.26099e-16 -6.90295e-19
4.78 1.36657e-16 -7.52749e-19
4.79 1.48074e-16 -8.20731e-19
4.8 1.60417e-16 -8.94717e-19
4.81 1.73758e-16 -9.75222e-19
4.82 1.88176e-16 -1.0628e-18
4.83 2.03755e-16 -1.15807e-18
4.84 2.20587e-16 -1.26167e-18
4.85 2.38768e-16 -1.37431e-18
4.86 2.58403e-16 -1.49676e-18
4.87 2.79606e-16 -1.62985e-18
4.88 3.02497e-16 -1.77448e-18
4.89 3.27207e-16 -1.93161e-18
4.9 3.53877e-16 -2.10229e-18
4.91 3.82656e-16 -2.28765e-18
4.92 4.13707e-16 -2.48892e-18
4.93 4.47203e-16 -2.70742e-18
4.94 4.83332e-16 -2.94457e-18
4.95 5.22293e-16 -3.20192e-18
4.96 5.64303e-16 -3.48113e-18
4.97 6.09592e-16 -3.784e-18
4.98 6.58409e-16 -4.11247e-18
4.99 7.1102e-16 -4.46863e-18
5 7.67711e-16 -4.85472e-18
5.01 8.28788e-16 -5.2732e-18
5.02 8.94582e-16 -5.72668e-18
5.03 9.65444e-16 -6.21798e-18
5.04 1.04175e-15 -6.75016e-18
5.05 1.12392e-15 -7.3265e-18
5.06 1.21237e-15 -7.95053e-18
5.07 1.30758e-15 -8.62607e-18
5.08 1.41004e-15 -9.35722e-18
5.09 1.5203e-15 -1.01484e-17
5.1 1.63892e-15 -1.10044e-17
5.11 1.76652e-15 -1.19302e-17
5.12 1.90376e-15 -1.29315e-17
5.13 2.05136e-15 -1.40141e-17
5.14 2.21005e-15 -1.51844e-17
5.15 2.38066e-15 -1.64492e-17
5.16 2.56404e-15 -1.7816e-17
5.17 2.76114e-15 -1.92925e-17
5.18 2.97293e-15 -2.08874e-17
5.19 3.20049e-15 -2.26098e-17
5.2 3.44495e-15 -2.44694e-17
5.21 3.70753e-15 -2.64769e-17
5.22 3.98953e-15 -2.86435e-17
5.23 4.29234e-15 -3.09815e-17
5.24 4.61745e-15 -3.35037e-17
5.25 4.96645e-15 -3.62243e-17
5.26 5.34104e-15 -3.91583e-17
5.27 5.74305e-15 -4.23217e-17
5.28 6.17441e-15 -4.57319e-17
5.29 6.63721e-15 -4.94074e-17
5.3 7.13367e-15 -5.33681e-17
5.31 7.66615e-15 -5.76352e-17
5.32 8.23719e-15 -6.22316e-17
5.33 8.8495e-15 -6.71817e-17
5.34 9.50596e-15 -7.25118e-17
5.35 1.02097e-14 -7.82499e-17
5.36 1.09639e-14 -8.4426e-17
5.37 1.17722e-14 -9.10724e-17
5.38 1.26383e-14 -9.82236e-17
5.39 1.35662e-14 -1.05916e-16
5.4 1.45602e-14 -1.1419e-16
5.41 1.56249e-14 -1.23087e-16
5.42 1.67651e-14 -1.32653e-16
5.43 1.7986e-14 -1.42935e-16
5.44 1.92931e-14 -1.53986e-16
5.45 2.06923e-14 -1.65861e-16
5.46 2.21901e-14 -1.78618e-16
5.47 2.37929e-14 -1.92321e-16
5.48 2.55081e-14 -2.07038e-16
5.49 2.73431e-14 -2.2284e-16
5.5 2.93063e-14 -2.39805e-16
5.51 3.14061e-14 -2.58015e-16
5.52 3.36518e-14 -2.77558e-16
5.53 3.60533e-14 -2.98527e-16
5.54 3.8621e-14 -3.21022e-16
5.55 4.13661e-14 -3.45152e-16
5.56 4.43004e-14 -3.71029e-16
5.57 4.74366e-14 -3.98776e-16
5.58 5.0788e-14 -4.28522e-16
5.59 5.43691e-14 -4.60407e-16
5.6 5.81951e-14 -4.94577e-16
5.61 6.22822e-14 -5.31191e-16
5.62 6.66476e-14 -5.70417e-16
5.63 7.13098e-14 -6.12434e-16
5.64 7.62882e-14 -6.57432e-16
5.65 8.16036e-14 -7.05616e-16
5.66 8.72781e-14 -7.57203e-16
5.67 9.33353e-14 -8.12423e-16
5.68 9.98001e-14 -8.71523e-16
5.69 1.06699e-13 -9.34765e-16
5.7 1.1406e-13 -1.00243e-15
5.71 1.21914e-13 -1.07481e-15
5.72 1.30292e-13 -1.15223e-15
5.73 1.39229e-13 -1.23502e-15
5.74 1.48759e-13 -1.32354e-15
5.75 1.58923e-13 -1.41817e-15
5.76 1.69759e-13 -1.51932e-15
5.77 1.81312e-13 -1.62743e-15
5.78 1.93627e-13 -1.74294e-15
5.79 2.06753e-13 -1.86635e-15
5.8 2.20741e-13 -1.99818e-15
5.81 2.35647e-13 -2.13898e-15
5.82 2.51529e-13 -2.28935e-15
5.83 2.68448e-13 -2.44989e-15
5.84 2.86471e-13 -2.62128e-15
5.85 3.05667e-13 -2.80422e-15
5.86 3.26109e-13 -2.99947e-15
5.87 3.47877e-13 -3.20781e-15
5.88 3.71053e-13 -3.43009e-15
5.89 3.95726e-13 -3.66722e-15
5.9 4.21989e-13 -3.92014e-15
5.91 4.49941e-13 -4.18987e-15
5.92 4.79689e-13 -4.47747e-15
5.93 5.11342e-13 -4.78411e-15
5.94 5.4502e-13 -5.11097e-15
5.95 5.80847e-13 -5.45935e-15
5.96 6.18957e-13 -5.83062e-15
5.97 6.5949e-13 -6.22621e-15
5.98 7.02596e-13 -6.64767e-15
5.99 7.48433e-13 -7.09662e-15
6 7.97167e-13 -7.57478e-15
6.01 8.48977e-13 -8.084e-15
6.02 9.0405e-13 -8.6262e-15
6.03 9.62584e-13 -9.20344e-15
6.04 1.02479e-12 -9.81792e-15
6.05 1.0909e-12 -1.04719e-14
6.06 1.16113e-12 -1.11679e-14
6.07 1.23575e-12 -1.19085e-14
6.08 1.31501e-12 -1.26964e-14
6.09 1.3992e-12 -1.35346e-14
6.1 1.48861e-12 -1.4426e-14
6.11 1.58356e-12 -1.53741e-14
6.12 1.68437e-12 -1.63823e-14
6.13 1.79141e-12 -1.74541e-14
6.14 1.90503e-12 -1.85935e-14
6.15 2.02564e-12 -1.98047e-14
6.16 2.15364e-12 -2.10919e-14
6.17 2.28948e-12 -2.24597e-14
6.18 2.43363e-12 -2.39131e-14
6.19 2.58656e-12 -2.54571e-14
6.2 2.7488e-12 -2.70972e-14
6.21 2.9209e-12 -2.88391e-14
6.22 3.10344e-12 -3.06891e-14
6.23 3.29703e-12 -3.26534e-14
6.24 3.50232e-12 -3.47389e-14
6.25 3.71999e-12 -3.69529e-14
6.26 3.95077e-12 -3.93029e-14
6.27 4.19541e-12 -4.1797e-14
6.28 4.45472e-12 -4.44437e-14
6.29 4.72956e-12 -4.72519e-14
6.3 5.02083e-12 -5.02313e-14
6.31 5.32946e-12 -5.33918e-14
6.32 5.65648e-12 -5.67441e-14
6.33 6.00292e-12 -6.02993e-14
6.34 6.36992e-12 -6.40692e-14
6.35 6.75864e-12 -6.80665e-14
6.36 7.17034e-12 -7.23042e-14
6.37 7.60633e-12 -7.67964e-14
6.38 8.06799e-12 -8.15577e-14
6.39 8.55678e-12 -8.66037e-14
6.4 9.07425e-12 -9.19508e-14
6.41 9.62203e-12 -9.76162e-14
6.42 1.02018e-11 -1.03618e-13
6.43 1.08154e-11 -1.09976e-13
6.44 1.14648e-11 -1.16711e-13
6.45 1.21519e-11 -1.23843e-13
6.46 1.28789e-11 -1.31395e-13
6.47 1.3648e-11 -1.39391e-13
6.48 1.44616e-11 -1.47857e-13
6.49 1.53221e-11 -1.56819e-13
6.5 1.62322e-11 -1.66305e-13
6.51 1.71946e-11 -1.76344e-13
6.52 1.82123e-11 -1.86968e-13
6.53 1.92883e-11 -1.98209e-13
6.54 2.04259e-11 -2.10102e-13
6.55 2.16284e-11 -2.22683e-13
6.56 2.28994e-11 -2.35992e-13
6.57 2.42427e-11 -2.50067e-13
6.58 2.56623e-11 -2.64952e-13
6.59 2.71624e-11 -2.80692e-13
6.6 2.87474e-11 -2.97334e-13
6.61 3.04218e-11 -3.14928e-13
6.62 3.21907e-11 -3.33526e-13
6.63 3.40592e-11 -3.53184e-13
6.64 3.60326e-11 -3.73959e-13
6.65 3.81167e-11 -3.95913e-13
6.66 4.03174e-11 -4.19111e-13
6.67 4.26412e-11 -4.43621e-13
6.68 4.50945e-11 -4.69513e-13
6.69 4.76845e-11 -4.96863e-13
6.7 5.04184e-11 -5.2575e-13
6.71 5.3304e-11 -5.56257e-13
6.72 5.63494e-11 -5.88473e-13
6.73 5.95633e-11 -6.22488e-13
6.74 6.29545e-11 -6.58401e-13
6.75 6.65325e-11 -6.96313e-13
6.76 7.03073e-11 -7.3633e-13
6.77 7.42894e-11 -7.78567e-13
6.78 7.84896e-11 -8.23142e-13
6.79 8.29197e-11 -8.70179e-13
6.8 8.75917e-11 -9.1981e-13
6.81 9.25184e-11 -9.72172e-13
6.82 9.77132e-11 -1.02741e-12
6.83 1.0319e-10 -1.08568e-12
6.84 1.08964e-10 -1.14713e-12
6.85 1.15051e-10 -1.21194e-12
6.86 1.21466e-10 -1.28029e-12
6.87 1.28228e-10 -1.35235e-12
6.88 1.35354e-10 -1.42833e-12
6.89 1.42863e-10 -1.50843e-12
6.9 1.50774e-10 -1.59286e-12
6.91 1.5911e-10 -1.68185e-12
6.92 1.67892e-10 -1.77564e-12
6.93 1.77142e-10 -1.87447e-12
6.94 1.86885e-10 -1.97862e-12
6.95 1.97146e-10 -2.08835e-12
6.96 2.07953e-10 -2.20395e-12
6.97 2.19332e-10 -2.32572e-12
6.98 2.31314e-10 -2.45399e-12
6.99 2.43929e-10 -2.58909e-12
7 2.57209e-10 -2.73136e-12
7.01 2.71188e-10 -2.88117e-12
7.02 2.85903e-10 -3.03892e-12
7.03 3.01389e-10 -3.205e-12
7.04 3.17686e-10 -3.37983e-12
7.05 3.34836e-10 -3.56387e-12
7.06 3.52881e-10 -3.75759e-12
7.07 3.71866e-10 -3.96146e-12
7.08 3.91839e-10 -4.17601e-12
7.09 4.12849e-10 -4.40177e-12
7.1 4.34949e-10 -4.6393e-12
7.11 4.58192e-10 -4.88921e-12
7.12 4.82636e-10 -5.15211e-12
7.13 5.08341e-10 -5.42865e-12
7.14 5.3537e-10 -5.71951e-12
7.15 5.63788e-10 -6.02541e-12
7.16 5.93665e-10 -6.3471e-12
7.17 6.25072e-10 -6.68536e-12
7.18 6.58085e-10 -7.04101e-12
7.19 6.92785e-10 -7.41493e-12
7.2 7.29252e-10 -7.808e-12
7.21 7.67576e-10 -8.22119e-12
7.22 8.07846e-10 -8.65547e-12
7.23 8.50158e-10 -9.11189e-12
7.24 8.94612e-10 -9.59153e-12
7.25 9.41314e-10 -1.00955e-11
7.26 9.90371e-10 -1.06251e-11
7.27 1.0419e-09 -1.11815e-11
7.28 1.09602e-09 -1.17659e-11
7.29 1.15286e-09 -1.23799e-11
7.3 1.21254e-09 -1.30248e-11
7.31 1.27521e-09 -1.37021e-11
7.32 1.34102e-09 -1.44133e-11
7.33 1.4101e-09 -1.51602e-11
7.34 1.48262e-09 -1.59445e-11
7.35 1.55875e-09 -1.67678e-11
7.36 1.63865e-09 -1.76323e-11
7.37 1.72252e-09 -1.85397e-11
7.38 1.81053e-09 -1.94921e-11
7.39 1.90288e-09 -2.04918e-11
7.4 1.99979e-09 -2.15409e-11
7.41 2.10146e-09 -2.26419e-11
7.42 2.20813e-09 -2.37972e-11
7.43 2.32003e-09 -2.50093e-11
7.44 2.43741e-09 -2.6281e-11
7.45 2.56052e-09 -2.76151e-11
7.46 2.68965e-09 -2.90145e-11
7.47 2.82506e-09 -3.04824e-11
7.48 2.96706e-09 -3.20219e-11
7.49 3.11595e-09 -3.36364e-11
7.5 3.27207e-09 -3.53294e-11
7.51 3.43573e-09 -3.71047e-11
7.52 3.60731e-09 -3.8966e-11
7.53 3.78716e-09 -4.09174e-11
7.54 3.97567e-09 -4.2963e-11
7.55 4.17324e-09 -4.51074e-11
7.56 4.3803e-09 -4.73549e-11
7.57 4.59728e-09 -4.97105e-11
7.58 4.82464e-09 -5.21792e-11
7.59 5.06286e-09 -5.47661e-11
7.6 5.31243e-09 -5.74767e-11
7.61 5.57389e-09 -6.03167e-11
7.62 5.84778e-09 -6.32921e-11
7.63 6.13465e-09 -6.64091e-11
7.64 6.43512e-09 -6.96742e-11
7.65 6.7498e-09 -7.30941e-11
7.66 7.07934e-09 -7.66759e-11
7.67 7.42441e-09 -8.0427e-11
7.68 7.78572e-09 -8.43551e-11
7.69 8.16401e-09 -8.84682e-11
7.7 8.56004e-09 -9.27748e-11
7.71 8.97462e-09 -9.72836e-11
7.72 9.40858e-09 -1.02004e-10
7.73 9.86281e-09 -1.06945e-10
7.74 1.03382e-08 -1.12117e-10
7.75 1.08357e-08 -1.1753e-10
7.76 1.13563e-08 -1.23195e-10
7.77 1.19011e-08 -1.29123e-10
7.78 1.24711e-08 -1.35327e-10
7.79 1.30674e-08 -1.41818e-10
7.8 1.36913e-08 -1.48609e-10
7.81 1.43439e-08 -1.55714e-10
7.82 1.50265e-08 -1.63146e-10
7.83 1.57405e-08 -1.70921e-10
7.84 1.64872e-08 -1.79052e-10
7.85 1.72682e-08 -1.87557e-10
7.86 1.80848e-08 -1.96451e-10
7.87 1.89386e-08 -2.05752e-10
7.88 1.98314e-08 -2.15478e-10
7.89 2.07648e-08 -2.25647e-10
7.9 2.17406e-08 -2.36278e-10
7.91 2.27606e-08 -2.47393e-10
7.92 2.38268e-08 -2.59011e-10
7.93 2.49412e-08 -2.71156e-10
7.94 2.61058e-08 -2.8385e-10
7.95 2.7323e-08 -2.97116e-10
7.96 2.85949e-08 -3.1098e-10
7.97 2.99239e-08 -3.25468e-10
7.98 3.13125e-08 -3.40607e-10
7.99 3.27632e-08 -3.56424e-10
8 3.42788e-08 -3.7295e-10
8.01 3.5862e-08 -3.90214e-10
8.02 3.75158e-08 -4.08248e-10
8.03 3.92431e-08 -4.27086e-10
8.04 4.10471e-08 -4.46762e-10
8.05 4.29311e-08 -4.67311e-10
8.06 4.48985e-08 -4.88772e-10
8.07 4.69529e-08 -5.11182e-10
8.08 4.90979e-08 -5.34583e-10
8.09 5.13374e-08 -5.59016e-10
8.1 5.36754e-08 -5.84525e-10
8.11 5.61162e-08 -6.11157e-10
8.12 5.86639e-08 -6.38957e-10
8.13 6.13231e-08 -6.67976e-10
8.14 6.40986e-08 -6.98266e-10
8.15 6.69952e-08 -7.29879e-10
8.16 7.00181e-08 -7.62871e-10
8.17 7.31724e-08 -7.973e-10
8.18 7.64637e-08 -8.33226e-10
8.19 7.98978e-08 -8.70712e-10
8.2 8.34805e-08 -9.09824e-10
8.21 8.72181e-08 -9.50627e-10
8.22 9.1117e-08 -9.93194e-10
8.23 9.5184e-08 -1.0376e-09
8.24 9.94259e-08 -1.08391e-09
8.25 1.0385e-07 -1.13222e-09
8.26 1.08464e-07 -1.1826e-09
8.27 1.13275e-07 -1.23515e-09
8.28 1.18293e-07 -1.28994e-09
8.29 1.23524e-07 -1.34707e-09
8.3 1.28978e-07 -1.40664e-09
8.31 1.34665e-07 -1.46875e-09
8.32 1.40593e-07 -1.53349e-09
8.33 1.46772e-07 -1.60099e-09
8.34 1.53213e-07 -1.67135e-09
8.35 1.59927e-07 -1.74469e-09
8.36 1.66924e-07 -1.82113e-09
8.37 1.74216e-07 -1.90079e-09
8.38 1.81815e-07 -1.98381e-09
8.39 1.89733e-07 -2.07032e-09
8.4 1.97984e-07 -2.16046e-09
8.41 2.0658e-07 -2.25439e-09
8.42 2.15536e-07 -2.35224e-09
8.43 2.24865e-07 -2.45419e-09
8.44 2.34584e-07 -2.56039e-09
8.45 2.44708e-07 -2.67101e-09
8.46 2.55252e-07 -2.78624e-09
8.47 2.66234e-07 -2.90625e-09
8.48 2.77671e-07 -3.03125e-09
8.49 2.89581e-07 -3.16141e-09
8.5 3.01983e-07 -3.29696e-09
8.51 3.14897e-07 -3.4381e-09
8.52 3.28342e-07 -3.58506e-09
8.53 3.42341e-07 -3.73807e-09
8.54 3.56914e-07 -3.89737e-09
8.55 3.72084e-07 -4.06319e-09
8.56 3.87876e-07 -4.23581e-09
8.57 4.04312e-07 -4.41549e-09
8.58 4.2142e-07 -4.60251e-09
8.59 4.39224e-07 -4.79715e-09
8.6 4.57752e-07 -4.99971e-09
8.61 4.77033e-07 -5.21051e-09
8.62 4.97096e-07 -5.42985e-09
8.63 5.17972e-07 -5.65809e-09
8.64 5.39691e-07 -5.89555e-09
8.65 5.62286e-07 -6.14261e-09
8.66 5.85793e-07 -6.39963e-09
8.67 6.10245e-07 -6.667e-09
8.68 6.3568e-07 -6.94512e-09
8.69 6.62135e-07 -7.2344e-09
8.7 6.89649e-07 -7.53527e-09
8.71 7.18264e-07 -7.84818e-09
8.72 7.48022e-07 -8.1736e-09
8.73 7.78966e-07 -8.51199e-09
8.74 8.11142e-07 -8.86387e-09
8.75 8.44597e-07 -9.22973e-09
8.76 8.7938e-07 -9.61013e-09
8.77 9.1554e-07 -1.00056e-08
8.78 9.53132e-07 -1.04167e-08
8.79 9.92209e-07 -1.08441e-08
8.8 1.03283e-06 -1.12884e-08
8.81 1.07504e-06 -1.17501e-08
8.82 1.11892e-06 -1.223e-08
8.83 1.16452e-06 -1.27288e-08
8.84 1.21191e-06 -1.32471e-08
8.85 1.26115e-06 -1.37858e-08
8.86 1.31232e-06 -1.43455e-08
8.87 1.36549e-06 -1.4927e-08
8.88 1.42072e-06 -1.55312e-08
8.89 1.47811e-06 -1.61589e-08
8.9 1.53772e-06 -1.68111e-08
8.91 1.59965e-06 -1.74885e-08
8.92 1.66397e-06 -1.81922e-08
8.93 1.73079e-06 -1.89231e-08
8.94 1.80018e-06 -1.96822e-08
8.95 1.87224e-06 -2.04706e-08
8.96 1.94709e-06 -2.12893e-08
8.97 2.0248e-06 -2.21396e-08
8.98 2.1055e-06 -2.30225e-08
8.99 2.18929e-06 -2.39392e-08
9 2.27629e-06 -2.4891e-08
9.01 2.36661e-06 -2.58792e-08
9.02 2.46038e-06 -2.69051e-08
9.03 2.55772e-06 -2.797e-08
9.04 2.65876e-06 -2.90755e-08
9.05 2.76363e-06 -3.0223e-08
9.06 2.87249e-06 -3.1414e-08
9.07 2.98546e-06 -3.26501e-08
9.08 3.1027e-06 -3.39329e-08
9.09 3.22437e-06 -3.52642e-08
9.1 3.35062e-06 -3.66456e-08
9.11 3.48162e-06 -3.8079e-08
9.12 3.61755e-06 -3.95663e-08
9.13 3.75857e-06 -4.11095e-08
9.14 3.90488e-06 -4.27104e-08
9.15 4.05665e-06 -4.43712e-08
9.16 4.2141e-06 -4.60941e-08
9.17 4.37741e-06 -4.78812e-08
9.18 4.54681e-06 -4.97349e-08
9.19 4.7225e-06 -5.16575e-08
9.2 4.90472e-06 -5.36514e-08
9.21 5.09369e-06 -5.57193e-08
9.22 5.28965e-06 -5.78638e-08
9.23 5.49285e-06 -6.00875e-08
9.24 5.70355e-06 -6.23932e-08
9.25 5.92201e-06 -6.4784e-08
9.26 6.14851e-06 -6.72627e-08
9.27 6.38332e-06 -6.98324e-08
9.28 6.62675e-06 -7.24965e-08
9.29 6.87909e-06 -7.5258e-08
9.3 7.14066e-06 -7.81206e-08
9.31 7.41178e-06 -8.10878e-08
9.32 7.69278e-06 -8.41631e-08
9.33 7.98401e-06 -8.73503e-08
9.34 8.28582e-06 -9.06535e-08
9.35 8.59858e-06 -9.40765e-08
9.36 8.92268e-06 -9.76236e-08
9.37 9.25851e-06 -1.01299e-07
9.38 9.60647e-06 -1.05107e-07
9.39 9.96698e-06 -1.09053e-07
9.4 1.03405e-05 -1.13141e-07
9.41 1.07274e-05 -1.17376e-07
9.42 1.11282e-05 -1.21763e-07
9.43 1.15434e-05 -1.26307e-07
9.44 1.19735e-05 -1.31014e-07
9.45 1.24189e-05 -1.35889e-07
9.46 1.28802e-05 -1.40938e-07
9.47 1.3358e-05 -1.46168e-07
9.48 1.38528e-05 -1.51583e-07
9.49 1.43652e-05 -1.57191e-07
9.5 1.48957e-05 -1.62998e-07
9.51 1.5445e-05 -1.69011e-07
9.52 1.60138e-05 -1.75237e-07
9.53 1.66027e-05 -1.81682e-07
9.54 1.72123e-05 -1.88355e-07
9.55 1.78434e-05 -1.95263e-07
9.56 1.84967e-05 -2.02414e-07
9.57 1.91729e-05 -2.09816e-07
9.58 1.98729e-05 -2.17477e-07
9.59 2.05973e-05 -2.25407e-07
9.6 2.13471e-05 -2.33614e-07
9.61 2.21231e-05 -2.42108e-07
9.62 2.2926e-05 -2.50897e-07
9.63 2.3757e-05 -2.59993e-07
9.64 2.46168e-05 -2.69404e-07
9.65 2.55064e-05 -2.79142e-07
9.66 2.64269e-05 -2.89218e-07
9.67 2.73792e-05 -2.99642e-07
9.68 2.83644e-05 -3.10426e-07
9.69 2.93835e-05 -3.21583e-07
9.7 3.04378e-05 -3.33123e-07
9.71 3.15283e-05 -3.45061e-07
9.72 3.26563e-05 -3.57408e-07
9.73 3.3823e-05 -3.70179e-07
9.74 3.50295e-05 -3.83387e-07
9.75 3.62774e-05 -3.97047e-07
9.76 3.75678e-05 -4.11172e-07
9.77 3.89022e-05 -4.2578e-07
9.78 4.0282e-05 -4.40884e-07
9.79 4.17087e-05 -4.56502e-07
9.8 4.31838e-05 -4.7265e-07
9.81 4.47089e-05 -4.89345e-07
9.82 4.62855e-05 -5.06604e-07
9.83 4.79155e-05 -5.24447e-07
9.84 4.96004e-05 -5.42892e-07
9.85 5.1342e-05 -5.61958e-07
9.86 5.31422e-05 -5.81665e-07
9.87 5.50029e-05 -6.02034e-07
9.88 5.6926e-05 -6.23086e-07
9.89 5.89134e-05 -6.44843e-07
9.9 6.09673e-05 -6.67327e-07
9.91 6.30897e-05 -6.90561e-07
9.92 6.52829e-05 -7.14571e-07
9.93 6.7549e-05 -7.39379e-07
9.94 6.98905e-05 -7.65012e-07
9.95 7.23096e-05 -7.91495e-07
9.96 7.48089e-05 -8.18856e-07
9.97 7.73909e-05 -8.47122e-07
9.98 8.00582e-05 -8.76322e-07
9.99 8.28135e-05 -9.06486e-07
10 8.56595e-05 -9.37642e-07
10.01 8.85992e-05 -9.69824e-07
10.02 9.16353e-05 -1.00306e-06
10.03 9.4771e-05 -1.03739e-06
10.04 9.80094e-05 -1.07284e-06
10.05 0.000101354 -1.10945e-06
10.06 0.000104807 -1.14726e-06
10.07 0.000108373 -1.1863e-06
10.08 0.000112055 -1.22661e-06
10.09 0.000115857 -1.26823e-06
10.1 0.000119782 -1.3112e-06
10.11 0.000123834 -1.35557e-06
10.12 0.000128018 -1.40136e-06
10.13 0.000132336 -1.44864e-06
10.14 0.000136794 -1.49745e-06
10.15 0.000141395 -1.54782e-06
10.16 0.000146145 -1.59982e-06
10.17 0.000151047 -1.65348e-06
10.18 0.000156106 -1.70887e-06
10.19 0.000161327 -1.76603e-06
10.2 0.000166715 -1.82502e-06
10.21 0.000172276 -1.88589e-06
10.22 0.000178013 -1.94871e-06
10.23 0.000183933 -2.01352e-06
10.24 0.000190041 -2.08039e-06
10.25 0.000196343 -2.14939e-06
10.26 0.000202845 -2.22057e-06
10.27 0.000209553 -2.294e-06
10.28 0.000216472 -2.36976e-06
10.29 0.00022361 -2.4479e-06
10.3 0.000230972 -2.52851e-06
10.31 0.000238567 -2.61165e-06
10.32 0.000246399 -2.69741e-06
10.33 0.000254478 -2.78585e-06
10.34 0.000262809 -2.87707e-06
10.35 0.000271401 -2.97113e-06
10.36 0.000280262 -3.06814e-06
10.37 0.000289398 -3.16817e-06
10.38 0.000298819 -3.27131e-06
10.39 0.000308533 -3.37766e-06
10.4 0.000318548 -3.48731e-06
10.41 0.000328874 -3.60036e-06
10.42 0.000339519 -3.71691e-06
10.43 0.000350494 -3.83706e-06
10.44 0.000361806 -3.96091e-06
10.45 0.000373468 -4.08859e-06
10.46 0.000385488 -4.22019e-06
10.47 0.000397878 -4.35583e-06
10.48 0.000410647 -4.49564e-06
10.49 0.000423808 -4.63972e-06
10.5 0.000437371 -4.78822e-06
10.51 0.000451348 -4.94125e-06
10.52 0.000465752 -5.09894e-06
10.53 0.000480594 -5.26144e-06
10.54 0.000495887 -5.42888e-06
10.55 0.000511645 -5.6014e-06
10.56 0.00052788 -5.77915e-06
10.57 0.000544607 -5.96228e-06
10.58 0.000561839 -6.15095e-06
10.59 0.000579591 -6.34531e-06
10.6 0.000597879 -6.54553e-06
10.61 0.000616716 -6.75177e-06
10.62 0.000636119 -6.9642e-06
10.63 0.000656105 -7.18302e-06
10.64 0.000676689 -7.40838e-06
10.65 0.000697889 -7.64049e-06
10.66 0.000719722 -7.87953e-06
10.67 0.000742206 -8.12569e-06
10.68 0.000765359 -8.37919e-06
10.69 0.000789201 -8.64023e-06
10.7 0.000813751 -8.90901e-06
10.71 0.000839029 -9.18577e-06
10.72 0.000865055 -9.47071e-06
10.73 0.00089185 -9.76408e-06
10.74 0.000919436 -1.00661e-05
10.75 0.000947835 -1.0377e-05
10.76 0.000977069 -1.06971e-05
10.77 0.00100716 -1.10266e-05
10.78 0.00103814 -1.13658e-05
10.79 0.00107002 -1.17148e-05
10.8 0.00110284 -1.20741e-05
10.81 0.00113662 -1.24439e-05
10.82 0.00117138 -1.28245e-05
10.83 0.00120715 -1.32162e-05
10.84 0.00124396 -1.36192e-05
10.85 0.00128184 -1.4034e-05
10.86 0.00132082 -1.44607e-05
10.87 0.00136093 -1.48999e-05
10.88 0.0014022 -1.53517e-05
10.89 0.00144466 -1.58166e-05
10.9 0.00148834 -1.62948e-05
10.91 0.00153328 -1.67869e-05
10.92 0.00157951 -1.7293e-05
10.93 0.00162706 -1.78137e-05
10.94 0.00167598 -1.83493e-05
10.95 0.0017263 -1.89002e-05
10.96 0.00177806 -1.94669e-05
10.97 0.00183129 -2.00497e-05
10.98 0.00188604 -2.06491e-05
10.99 0.00194234 -2.12656e-05
11 0.00200025 -2.18996e-05
11.01 0.00205979 -2.25515e-05
11.02 0.00212102 -2.32219e-05
11.03 0.00218399 -2.39113e-05
11.04 0.00224872 -2.46201e-05
11.05 0.00231529 -2.53489e-05
11.06 0.00238372 -2.60982e-05
11.07 0.00245408 -2.68685e-05
11.08 0.00252642 -2.76605e-05
11.09 0.00260077 -2.84746e-05
11.1 0.00267721 -2.93115e-05
11.11 0.00275579 -3.01718e-05
11.12 0.00283655 -3.10561e-05
11.13 0.00291957 -3.1965e-05
11.14 0.00300489 -3.28992e-05
11.15 0.00309258 -3.38594e-05
11.16 0.00318271 -3.48461e-05
11.17 0.00327533 -3.58602e-05
11.18 0.0033705 -3.69022e-05
11.19 0.00346831 -3.79731e-05
11.2 0.00356881 -3.90734e-05
11.21 0.00367207 -4.02041e-05
11.22 0.00377818 -4.13658e-05
11.23 0.00388719 -4.25593e-05
11.24 0.00399919 -4.37856e-05
11.25 0.00411425 -4.50454e-05
11.26 0.00423245 -4.63396e-05
11.27 0.00435388 -4.76691e-05
11.28 0.00447862 -4.90348e-05
11.29 0.00460674 -5.04376e-05
11.3 0.00473834 -5.18785e-05
11.31 0.00487351 -5.33585e-05
11.32 0.00501234 -5.48785e-05
11.33 0.00515492 -5.64396e-05
11.34 0.00530135 -5.80428e-05
11.35 0.00545173 -5.96892e-05
11.36 0.00560614 -6.13799e-05
11.37 0.00576471 -6.31161e-05
11.38 0.00592753 -6.48988e-05
11.39 0.00609471 -6.67292e-05
11.4 0.00626636 -6.86086e-05
11.41 0.00644259 -7.05381e-05
11.42 0.00662353 -7.25191e-05
11.43 0.00680927 -7.45529e-05
11.44 0.00699996 -7.66407e-05
11.45 0.00719571 -7.87839e-05
11.46 0.00739664 -8.09839e-05
11.47 0.00760289 -8.32421e-05
11.48 0.00781459 -8.556e-05
11.49 0.00803187 -8.7939e-05
11.5 0.00825488 -9.03806e-05
11.51 0.00848375 -9.28865e-05
11.52 0.00871863 -9.54582e-05
11.53 0.00895967 -9.80974e-05
11.54 0.00920702 -0.000100806
11.55 0.00946084 -0.000103585
11.56 0.00972128 -0.000106436
11.57 0.00998851 -0.000109362
11.58 0.0102627 -0.000112364
11.59 0.010544 -0.000115444
11.6 0.0108326 -0.000118604
11.61 0.0111287 -0.000121846
11.62 0.0114324 -0.000125171
11.63 0.011744 -0.000128583
11.64 0.0120636 -0.000132082
11.65 0.0123915 -0.000135672
11.66 0.0127278 -0.000139354
11.67 0.0130727 -0.00014313
11.68 0.0134264 -0.000147003
11.69 0.0137892 -0.000150976
11.7 0.0141613 -0.00015505
11.71 0.0145429 -0.000159227
11.72 0.0149341 -0.000163511
11.73 0.0153354 -0.000167904
11.74 0.0157468 -0.000172409
11.75 0.0161687 -0.000177028
11.76 0.0166012 -0.000181764
11.77 0.0170447 -0.000186619
11.78 0.0174993 -0.000191598
11.79 0.0179655 -0.000196701
11.8 0.0184433 -0.000201933
11.81 0.0189332 -0.000207297
11.82 0.0194353 -0.000212795
11.83 0.01995 -0.00021843
11.84 0.0204776 -0.000224207
11.85 0.0210184 -0.000230128
11.86 0.0215727 -0.000236196
11.87 0.0221407 -0.000242416
11.88 0.0227229 -0.00024879
11.89 0.0233195 -0.000255323
11.9 0.0239309 -0.000262017
11.91 0.0245575 -0.000268877
11.92 0.0251995 -0.000275906
11.93 0.0258573 -0.000283109
11.94 0.0265314 -0.000290489
11.95 0.027222 -0.000298051
11.96 0.0279296 -0.000305798
11.97 0.0286545 -0.000313735
11.98 0.0293972 -0.000321867
11.99 0.030158 -0.000330197
12 0.0309374 -0.000338731
12.01 0.0317358 -0.000347472
12.02 0.0325536 -0.000356426
12.03 0.0333912 -0.000365597
12.04 0.0342492 -0.000374991
12.05 0.0351279 -0.000384613
12.06 0.0360279 -0.000394467
12.07 0.0369496 -0.000404558
12.08 0.0378936 -0.000414893
12.09 0.0388602 -0.000425477
12.1 0.03985 -0.000436315
12.11 0.0408636 -0.000447413
12.12 0.0419015 -0.000458776
12.13 0.0429642 -0.000470412
12.14 0.0440523 -0.000482325
12.15 0.0451663 -0.000494522
12.16 0.0463068 -0.000507009
12.17 0.0474744 -0.000519794
12.18 0.0486697 -0.000532881
12.19 0.0498933 -0.000546279
12.2 0.0511459 -0.000559993
12.21 0.0524281 -0.000574031
12.22 0.0537405 -0.000588401
12.23 0.0550837 -0.000603108
12.24 0.0564586 -0.000618162
12.25 0.0578657 -0.000633568
12.26 0.0593058 -0.000649336
12.27 0.0607796 -0.000665472
12.28 0.0622878 -0.000681985
12.29 0.0638311 -0.000698883
12.3 0.0654104 -0.000716175
12.31 0.0670265 -0.000733869
12.32 0.06868 -0.000751973
12.33 0.0703718 -0.000770497
12.34 0.0721028 -0.00078945
12.35 0.0738738 -0.00080884
12.36 0.0756856 -0.000828678
12.37 0.0775391 -0.000848972
12.38 0.0794352 -0.000869733
12.39 0.0813749 -0.00089097
12.4 0.083359 -0.000912694
12.41 0.0853886 -0.000934915
12.42 0.0874644 -0.000957644
12.43 0.0895877 -0.000980892
12.44 0.0917592 -0.00100467
12.45 0.0939802 -0.00102899
12.46 0.0962516 -0.00105385
12.47 0.0985744 -0.00107929
12.48 0.10095 -0.0011053
12.49 0.103379 -0.00113189
12.5 0.105863 -0.00115909
12.51 0.108403 -0.0011869
12.52 0.110999 -0.00121533
12.53 0.113655 -0.0012444
12.54 0.116369 -0.00127412
12.55 0.119145 -0.00130451
12.56 0.121982 -0.00133558
12.57 0.124883 -0.00136734
12.58 0.127848 -0.00139981
12.59 0.130879 -0.00143299
12.6 0.133978 -0.00146692
12.61 0.137145 -0.0015016
12.62 0.140382 -0.00153704
12.63 0.143691 -0.00157327
12.64 0.147073 -0.0016103
12.65 0.150529 -0.00164814
12.66 0.154061 -0.00168681
12.67 0.157671 -0.00172633
12.68 0.161359 -0.00176672
12.69 0.165129 -0.00180799
12.7 0.168981 -0.00185016
12.71 0.172916 -0.00189326
12.72 0.176938 -0.00193729
12.73 0.181047 -0.00198227
12.74 0.185244 -0.00202824
12.75 0.189533 -0.0020752
12.76 0.193915 -0.00212317
12.77 0.198391 -0.00217218
12.78 0.202964 -0.00222225
12.79 0.207635 -0.00227339
12.8 0.212407 -0.00232564
12.81 0.21728 -0.002379
12.82 0.222259 -0.00243351
12.83 0.227343 -0.00248918
12.84 0.232536 -0.00254604
12.85 0.23784 -0.00260411
12.86 0.243257 -0.00266342
12.87 0.248789 -0.00272398
12.88 0.254438 -0.00278584
12.89 0.260206 -0.002849
12.9 0.266097 -0.00291349
12.91 0.272112 -0.00297935
12.92 0.278253 -0.00304659
12.93 0.284524 -0.00311525
12.94 0.290926 -0.00318535
12.95 0.297463 -0.00325692
12.96 0.304136 -0.00332998
12.97 0.310949 -0.00340457
12.98 0.317903 -0.00348072
12.99 0.325003 -0.00355845
13 0.33225 -0.0036378
13.01 0.339647 -0.0037188
13.02 0.347198 -0.00380147
13.03 0.354905 -0.00388585
13.04 0.362771 -0.00397198
13.05 0.370799 -0.00405988
13.06 0.378992 -0.00414959
13.07 0.387354 -0.00424114
13.08 0.395887 -0.00433457
13.09 0.404595 -0.00442991
13.1 0.413481 -0.0045272
13.11 0.422548 -0.00462648
13.12 0.4318 -0.00472778
13.13 0.44124 -0.00483113
13.14 0.450871 -0.00493659
13.15 0.460698 -0.00504418
13.16 0.470724 -0.00515396
13.17 0.480952 -0.00526594
13.18 0.491386 -0.00538019
13.19 0.502031 -0.00549673
13.2 0.512889 -0.00561562
13.21 0.523965 -0.00573689
13.22 0.535263 -0.0058606
13.23 0.546787 -0.00598677
13.24 0.558541 -0.00611546
13.25 0.570529 -0.00624672
13.26 0.582755 -0.00638059
13.27 0.595224 -0.00651711
13.28 0.60794 -0.00665634
13.29 0.620908 -0.00679833
13.3 0.634132 -0.00694312
13.31 0.647617 -0.00709076
13.32 0.661368 -0.00724131
13.33 0.675388 -0.00739482
13.34 0.689683 -0.00755135
13.35 0.704259 -0.00771093
13.36 0.719119 -0.00787364
13.37 0.73427 -0.00803952
13.38 0.749715 -0.00820863
13.39 0.765461 -0.00838103
13.4 0.781512 -0.00855678
13.41 0.797875 -0.00873594
13.42 0.814554 -0.00891856
13.43 0.831555 -0.0091047
13.44 0.848884 -0.00929444
13.45 0.866547 -0.00948782
13.46 0.884548 -0.00968492
13.47 0.902895 -0.0098858
13.48 0.921593 -0.0100905
13.49 0.940648 -0.0102992
13.5 0.960067 -0.0105118
13.51 0.979856 -0.0107284
13.52 1 -0.010949
