0 0 0
0.08 1.00323e-103 -2.29068e-108
0.16 1.38941e-97 -4.02672e-102
0.24 1.35377e-92 -6.06499e-97
0.32 2.22169e-88 -1.61755e-92
0.4 1.14455e-84 -1.33855e-88
0.48 2.29188e-81 -4.11619e-85
0.56 2.20476e-78 -5.82272e-82
0.64 1.14802e-75 -4.27987e-79
0.72 3.57248e-73 -1.81615e-76
0.8 7.1504e-71 -4.81309e-74
0.88 9.76497e-69 -8.4893e-72
0.96 9.54401e-67 -1.0492e-69
1.04 6.94437e-65 -9.48093e-68
1.12 3.88776e-63 -5.17258e-66
1.08 6.2131e-64 -9.63963e-67
1.12 5.1544e-63 -8.65283e-66
1.1 1.82957e-63 -3.0249e-66
1.12 5.28521e-63 -9.28902e-66
1.14 1.49849e-62 -2.79344e-65
1.16 4.17249e-62 -8.23332e-65
1.18 1.14169e-61 -2.38019e-64
1.2 3.07165e-61 -6.75413e-64
1.22 8.13017e-61 -1.88253e-63
1.24 2.11818e-60 -5.15715e-63
1.26 5.43477e-60 -1.38943e-62
1.28 1.37392e-59 -3.68358e-62
1.3 3.42373e-59 -9.61489e-62
1.32 8.4137e-59 -2.4722e-61
1.34 2.03988e-58 -6.26465e-61
1.36 4.88118e-58 -1.56525e-60
1.38 1.15322e-57 -3.85779e-60
1.4 2.69109e-57 -9.38295e-60
1.42 6.20471e-57 -2.25299e-59
1.44 1.41396e-56 -5.34273e-59
1.46 3.1858e-56 -1.25172e-58
1.48 7.09895e-56 -2.89831e-58
1.5 1.56493e-55 -6.63462e-58
1.52 3.41386e-55 -1.50197e-57
1.54 7.3716e-55 -3.36363e-57
1.56 1.57601e-54 -7.45398e-57
1.58 3.33693e-54 -1.63501e-56
1.6 6.99893e-54 -3.55074e-56
1.62 1.4545e-53 -7.63655e-56
1.64 2.99565e-53 -1.62691e-55
1.66 6.11588e-53 -3.43415e-55
1.68 1.23796e-52 -7.18397e-55
1.7 2.485e-52 -1.48969e-54
1.72 4.94764e-52 -3.06269e-54
1.74 9.77248e-52 -6.24418e-54
1.76 1.91526e-51 -1.2627e-53
1.78 3.72511e-51 -2.53313e-53
1.8 7.19145e-51 -5.0423e-53
1.82 1.37826e-50 -9.9607e-53
1.84 2.6227e-50 -1.95306e-52
1.86 4.9561e-50 -3.80169e-52
1.88 9.30181e-50 -7.34755e-52
1.9 1.73418e-49 -1.4102e-51
1.92 3.21204e-49 -2.68817e-51
1.94 5.91136e-49 -5.09015e-51
1.96 1.08111e-48 -9.57559e-51
1.98 1.96509e-48 -1.78986e-50
2 3.55043e-48 -3.32467e-50
2.02 6.377e-48 -6.13775e-50
2.04 1.13878e-47 -1.1263e-49
2.06 2.02208e-47 -2.05463e-49
2.08 3.5706e-47 -3.7265e-49
2.1 6.27069e-47 -6.72052e-49
2.12 1.09538e-46 -1.20528e-48
2.14 1.90341e-46 -2.1498e-48
2.16 3.2905e-46 -3.81402e-48
2.18 5.65972e-46 -6.73104e-48
2.2 9.68658e-46 -1.18179e-47
2.22 1.64979e-45 -2.06441e-47
2.24 2.79645e-45 -3.5883e-47
2.26 4.71782e-45 -6.20667e-47
2.28 7.92265e-45 -1.06842e-46
2.3 1.32442e-44 -1.83053e-46
2.32 2.20418e-44 -3.12173e-46
2.34 3.65227e-44 -5.29949e-46
2.36 6.02569e-44 -8.95624e-46
2.38 9.89944e-44 -1.50697e-45
2.4 1.61959e-43 -2.52463e-45
2.42 2.63889e-43 -4.21154e-45
2.44 4.28241e-43 -6.99619e-45
2.46 6.92204e-43 -1.15742e-44
2.48 1.11452e-42 -1.90701e-44
2.5 1.78761e-42 -3.12954e-44
2.52 2.85642e-42 -5.11561e-44
2.54 4.54732e-42 -8.32974e-44
2.56 7.21278e-42 -1.35116e-43
2.58 1.13995e-41 -2.18348e-43
2.6 1.79527e-41 -3.51546e-43
2.62 2.81748e-41 -5.63938e-43
2.64 4.40654e-41 -9.014e-43
2.66 6.86856e-41 -1.4357e-42
2.68 1.06705e-40 -2.27873e-42
2.7 1.65227e-40 -3.60434e-42
2.72 2.55017e-40 -5.68176e-42
2.74 3.9235e-40 -8.92657e-42
2.76 6.01747e-40 -1.39782e-41
2.78 9.20047e-40 -2.18174e-41
2.8 1.40243e-39 -3.39435e-41
2.82 2.1313e-39 -5.26419e-41
2.84 3.22939e-39 -8.13855e-41
2.86 4.87895e-39 -1.25435e-40
2.88 7.34987e-39 -1.92737e-40
2.9 1.10407e-38 -2.95259e-40
2.92 1.65386e-38 -4.50971e-40
2.94 2.47057e-38 -6.86779e-40
2.96 3.68052e-38 -1.04286e-39
2.98 5.4683e-38 -1.57902e-39
3 8.10291e-38 -2.38408e-39
3.02 1.19754e-37 -3.58953e-39
3.04 1.76529e-37 -5.38955e-39
3.06 2.59558e-37 -8.07014e-39
3.08 3.80675e-37 -1.20514e-38
3.1 5.56923e-37 -1.79486e-38
3.12 8.1277e-37 -2.66612e-38
3.14 1.18328e-36 -3.94997e-38
3.16 1.71856e-36 -5.83696e-38
3.18 2.49008e-36 -8.60343e-38
3.2 3.59954e-36 -1.26491e-37
3.22 5.19133e-36 -1.85508e-37
3.24 7.46997e-36 -2.71391e-37
3.26 1.07246e-35 -3.96063e-37
3.28 1.5363e-35 -5.76613e-37
3.3 2.19591e-35 -8.37463e-37
3.32 3.1319e-35 -1.21344e-36
3.34 4.45727e-35 -1.75411e-36
3.36 6.33005e-35 -2.5298e-36
3.38 8.97085e-35 -3.64015e-36
3.4 1.2687e-34 -5.22598e-36
3.42 1.79057e-34 -7.48584e-36
3.44 2.522e-34 -1.06991e-35
3.46 3.54507e-34 -1.5258e-35
3.48 4.9733e-34 -2.17121e-35
3.5 6.96324e-34 -3.08297e-35
3.52 9.73051e-34 -4.36827e-35
3.54 1.35714e-33 -6.17634e-35
3.56 1.88926e-33 -8.71452e-35
3.58 2.62508e-33 -1.22703e-34
3.6 3.64071e-33 -1.72416e-34
3.62 5.04e-33 -2.41777e-34
3.64 6.96442e-33 -3.38361e-34
3.66 9.60634e-33 -4.72584e-34
3.68 1.32269e-32 -6.58752e-34
3.7 1.81799e-32 -9.16465e-34
3.72 2.49441e-32 -1.27253e-33
3.74 3.41659e-32 -1.76356e-33
3.76 4.67172e-32 -2.43943e-33
3.78 6.37714e-32 -3.36799e-33
3.8 8.69056e-32 -4.64135e-33
3.82 1.18236e-31 -6.38437e-33
3.84 1.60597e-31 -8.76595e-33
3.86 2.17781e-31 -1.20142e-32
3.88 2.94852e-31 -1.64367e-32
3.9 3.98562e-31 -2.24472e-32
3.92 5.37902e-31 -3.06019e-32
3.94 7.24821e-31 -4.16467e-32
3.96 9.75184e-31 -5.65802e-32
3.98 1.31002e-30 -7.67374e-32
4 1.75715e-30 -1.039e-31
4.02 2.35335e-30 -1.40443e-31
4.04 3.14716e-30 -1.89524e-31
4.06 4.20252e-30 -2.55338e-31
4.08 5.60359e-30 -3.43449e-31
4.1 7.46095e-30 -4.61221e-31
4.12 9.91973e-30 -6.18391e-31
4.14 1.31701e-29 -8.27814e-31
4.16 1.74609e-29 -1.10643e-30
4.18 2.31173e-29 -1.47653e-30
4.2 3.0564e-29 -1.9674e-30
4.22 4.03541e-29 -2.6175e-30
4.24 5.3208e-29 -3.47716e-30
4.26 7.00619e-29 -4.6123e-30
4.28 9.21316e-29 -6.10898e-30
4.3 1.20994e-28 -8.07951e-30
4.32 1.5869e-28 -1.06702e-29
4.34 2.07861e-28 -1.40714e-29
4.36 2.71918e-28 -1.85305e-29
4.38 3.55264e-28 -2.43682e-29
4.4 4.63572e-28 -3.20005e-29
4.42 6.04142e-28 -4.19652e-29
4.44 7.86364e-28 -5.49577e-29
4.46 1.02229e-27 -7.18753e-29
4.48 1.32739e-27 -9.38747e-29
4.5 1.72146e-27 -1.22445e-28
4.52 2.22985e-27 -1.595e-28
4.54 2.88495e-27 -2.07498e-28
4.56 3.72814e-27 -2.69591e-28
4.58 4.81216e-27 -3.49818e-28
4.6 6.20421e-27 -4.53345e-28
4.62 7.98978e-27 -5.86772e-28
4.64 1.02776e-26 -7.58524e-28
4.66 1.32056e-26 -9.79342e-28
4.68 1.69488e-26 -1.2629e-27
4.7 2.17291e-26 -1.62659e-27
4.72 2.7827e-26 -2.0925e-27
4.74 3.55974e-26 -2.68867e-27
4.76 4.54886e-26 -3.45062e-27
4.78 5.80659e-26 -4.42335e-27
4.8 7.40423e-26 -5.66374e-27
4.82 9.43151e-26 -7.24365e-27
4.84 1.20013e-25 -9.25378e-27
4.86 1.52556e-25 -1.18084e-26
4.88 1.93723e-25 -1.50515e-26
4.9 2.45749e-25 -1.91641e-26
4.92 3.11433e-25 -2.43738e-26
4.94 3.94278e-25 -3.0966e-26
4.96 4.98665e-25 -3.92988e-26
4.98 6.30067e-25 -4.98209e-26
5 7.95317e-25 -6.30935e-26
5.02 1.00294e-24 -7.98184e-26
5.04 1.26354e-24 -1.00872e-25
5.06 1.59033e-24 -1.27348e-25
5.08 1.99976e-24 -1.60608e-25
5.1 2.51223e-24 -2.02351e-25
5.12 3.15308e-24 -2.54688e-25
5.14 3.95376e-24 -3.20244e-25
5.16 4.95322e-24 -4.02276e-25
5.18 6.19967e-24 -5.04828e-25
5.2 7.75278e-24 -6.3291e-25
5.22 9.68629e-24 -7.92727e-25
5.24 1.20912e-23 -9.91955e-25
5.26 1.508e-23 -1.24008e-24
5.28 1.8791e-23 -1.54882e-24
5.3 2.3395e-23 -1.93264e-24
5.32 2.91018e-23 -2.40935e-24
5.34 3.61698e-23 -3.00091e-24
5.36 4.49161e-23 -3.73434e-24
5.38 5.57305e-23 -4.64284e-24
5.4 6.90906e-23 -5.76723e-24
5.42 8.55825e-23 -7.1576e-24
5.44 1.05923e-22 -8.8754e-24
5.46 1.30992e-22 -1.09959e-23
5.48 1.61861e-22 -1.36113e-23
5.5 1.99844e-22 -1.68344e-23
5.52 2.46542e-22 -2.08031e-23
5.54 3.03911e-22 -2.56858e-23
5.56 3.74333e-22 -3.16882e-23
5.58 4.60712e-22 -3.90608e-23
5.6 5.66582e-22 -4.81093e-23
5.62 6.96242e-22 -5.92057e-23
5.64 8.54919e-22 -7.28027e-23
5.66 1.04896e-21 -8.94506e-23
5.68 1.28607e-21 -1.09818e-22
5.7 1.57558e-21 -1.34717e-22
5.72 1.92884e-21 -1.65132e-22
5.74 2.35955e-21 -2.02256e-22
5.76 2.88431e-21 -2.47536e-22
5.78 3.52321e-21 -3.02721e-22
5.8 4.3005e-21 -3.69929e-22
5.82 5.24549e-21 -4.51717e-22
5.84 6.39356e-21 -5.51176e-22
5.86 7.78737e-21 -6.72036e-22
5.88 9.47833e-21 -8.18794e-22
5.9 1.15284e-20 -9.96873e-22
5.92 1.40121e-20 -1.2128e-21
5.94 1.70191e-20 -1.47444e-21
5.96 2.06571e-20 -1.79125e-21
5.98 2.50558e-20 -2.17458e-21
6 3.03705e-20 -2.63809e-21
6.02 3.67877e-20 -3.19815e-21
6.04 4.4531e-20 -3.87444e-21
6.06 5.38683e-20 -4.6905e-21
6.08 6.51204e-20 -5.67456e-21
6.1 7.86711e-20 -6.86043e-21
6.12 9.49797e-20 -8.28852e-21
6.14 1.14595e-19 -1.00072e-20
6.16 1.38172e-19 -1.20742e-20
6.18 1.66493e-19 -1.45586e-20
6.2 2.00491e-19 -1.75426e-20
6.22 2.41279e-19 -2.11246e-20
6.24 2.90184e-19 -2.54215e-20
6.26 3.48783e-19 -3.05728e-20
6.28 4.18955e-19 -3.67445e-20
6.3 5.02936e-19 -4.41341e-20
6.32 6.03381e-19 -5.29765e-20
6.34 7.23447e-19 -6.35509e-20
6.36 8.66879e-19 -7.61887e-20
6.38 1.03813e-18 -9.12834e-20
6.4 1.24246e-18 -1.09302e-19
6.42 1.48612e-18 -1.30797e-19
6.44 1.77653e-18 -1.56426e-19
6.46 2.12244e-18 -1.86964e-19
6.48 2.53422e-18 -2.2333e-19
6.5 3.02415e-18 -2.66612e-19
6.52 3.6067e-18 -3.18096e-19
6.54 4.29902e-18 -3.79299e-19
6.56 5.12131e-18 -4.52015e-19
6.58 6.09744e-18 -5.38362e-19
6.6 7.25553e-18 -6.40835e-19
6.62 8.62875e-18 -7.62379e-19
6.64 1.02562e-17 -9.06462e-19
6.66 1.21838e-17 -1.07717e-18
6.68 1.44658e-17 -1.27931e-18
6.7 1.71658e-17 -1.51854e-18
6.72 2.03587e-17 -1.80151e-18
6.74 2.41325e-17 -2.13605e-18
6.76 2.85904e-17 -2.53132e-18
6.78 3.38538e-17 -2.9981e-18
6.8 4.00648e-17 -3.54906e-18
6.82 4.73904e-17 -4.19902e-18
6.84 5.6026e-17 -4.96536e-18
6.86 6.62007e-17 -5.86845e-18
6.88 7.81826e-17 -6.93216e-18
6.9 9.22855e-17 -8.1844e-18
6.92 1.08877e-16 -9.65782e-18
6.94 1.28385e-16 -1.13906e-17
6.96 1.51312e-16 -1.34274e-17
6.98 1.78243e-16 -1.58203e-17
7 2.09863e-16 -1.86302e-17
7.02 2.46968e-16 -2.19282e-17
7.04 2.9049e-16 -2.5797e-17
7.06 3.41513e-16 -3.03332e-17
7.08 4.01301e-16 -3.56494e-17
7.1 4.71326e-16 -4.18767e-17
7.12 5.53301e-16 -4.91677e-17
7.14 6.4922e-16 -5.76999e-17
7.16 7.61403e-16 -6.768e-17
7.18 8.92543e-16 -7.9348e-17
7.2 1.04577e-15 -9.29831e-17
7.22 1.22473e-15 -1.08909e-16
7.24 1.43364e-15 -1.27503e-16
7.26 1.6774e-15 -1.492e-16
7.28 1.9617e-15 -1.74508e-16
7.3 2.29311e-15 -2.04014e-16
7.32 2.67929e-15 -2.38399e-16
7.34 3.12907e-15 -2.78449e-16
7.36 3.65269e-15 -3.2508e-16
7.38 4.26201e-15 -3.79346e-16
7.4 4.97072e-15 -4.4247e-16
7.42 5.79469e-15 -5.15866e-16
7.44 6.75224e-15 -6.01166e-16
7.46 7.86452e-15 -7.00258e-16
7.48 9.15599e-15 -8.15322e-16
7.5 1.06549e-14 -9.48874e-16
7.52 1.23937e-14 -1.10382e-15
7.54 1.441e-14 -1.2835e-15
7.56 1.67472e-14 -1.49178e-15
7.58 1.9455e-14 -1.73312e-15
7.6 2.2591e-14 -2.01263e-15
7.62 2.62213e-14 -2.33621e-15
7.64 3.04221e-14 -2.71067e-15
7.66 3.5281e-14 -3.14382e-15
7.68 4.08988e-14 -3.64464e-15
7.7 4.73914e-14 -4.22348e-15
7.72 5.48919e-14 -4.89221e-15
7.74 6.35531e-14 -5.66447e-15
7.76 7.35508e-14 -6.55592e-15
7.78 8.50864e-14 -7.58456e-15
7.8 9.83912e-14 -8.771e-15
7.82 1.1373e-13 -1.01389e-14
7.84 1.31408e-13 -1.17154e-14
7.86 1.51772e-13 -1.35316e-14
7.88 1.75222e-13 -1.56231e-14
7.9 2.02216e-13 -1.80307e-14
7.92 2.33275e-13 -2.0801e-14
7.94 2.68999e-13 -2.39875e-14
7.96 3.10072e-13 -2.76513e-14
7.98 3.57278e-13 -3.18622e-14
8 4.1151e-13 -3.67e-14
8.02 4.73792e-13 -4.22561e-14
8.04 5.45291e-13 -4.86346e-14
8.06 6.27339e-13 -5.59545e-14
8.08 7.21458e-13 -6.43515e-14
8.1 8.29384e-13 -7.39806e-14
8.12 9.53096e-13 -8.50183e-14
8.14 1.09485e-12 -9.7666e-14
8.16 1.25722e-12 -1.12153e-13
8.18 1.44313e-12 -1.28742e-13
8.2 1.65592e-12 -1.47729e-13
8.22 1.89938e-12 -1.69453e-13
8.24 2.17784e-12 -1.94301e-13
8.26 2.49622e-12 -2.22712e-13
8.28 2.8601e-12 -2.55183e-13
8.3 3.27584e-12 -2.92283e-13
8.32 3.75066e-12 -3.34656e-13
8.34 4.29276e-12 -3.83035e-13
8.36 4.91147e-12 -4.3825e-13
8.38 5.61736e-12 -5.01247e-13
8.4 6.42243e-12 -5.73096e-13
8.42 7.34029e-12 -6.55014e-13
8.44 8.3864e-12 -7.48378e-13
8.46 9.57825e-12 -8.54751e-13
8.48 1.09357e-11 -9.75905e-13
8.5 1.24812e-11 -1.11385e-12
8.52 1.42402e-11 -1.27085e-12
8.54 1.62416e-11 -1.44948e-12
8.56 1.85179e-11 -1.65265e-12
8.58 2.11061e-11 -1.88367e-12
8.6 2.4048e-11 -2.14625e-12
8.62 2.73906e-11 -2.44462e-12
8.64 3.11874e-11 -2.78352e-12
8.66 3.54987e-11 -3.16835e-12
8.68 4.03926e-11 -3.60519e-12
8.7 4.59459e-11 -4.10089e-12
8.72 5.22455e-11 -4.66322e-12
8.74 5.93894e-11 -5.30092e-12
8.76 6.74881e-11 -6.02385e-12
8.78 7.66662e-11 -6.84315e-12
8.8 8.70644e-11 -7.77136e-12
8.82 9.8841e-11 -8.82264e-12
8.84 1.12175e-10 -1.00129e-11
8.86 1.27266e-10 -1.13601e-11
8.88 1.44342e-10 -1.28845e-11
8.9 1.63658e-10 -1.46088e-11
8.92 1.85499e-10 -1.65586e-11
8.94 2.1019e-10 -1.87628e-11
8.96 2.38092e-10 -2.12537e-11
8.98 2.69614e-10 -2.40678e-11
9 3.05216e-10 -2.7246e-11
9.02 3.45411e-10 -3.08344e-11
9.04 3.9078e-10 -3.48846e-11
9.06 4.41972e-10 -3.94548e-11
9.08 4.99718e-10 -4.46101e-11
9.1 5.64838e-10 -5.04237e-11
9.12 6.3825e-10 -5.69776e-11
9.14 7.20986e-10 -6.43641e-11
9.16 8.14203e-10 -7.26862e-11
9.18 9.19197e-10 -8.20598e-11
9.2 1.03742e-09 -9.26146e-11
9.22 1.17051e-09 -1.04496e-10
9.24 1.32027e-09 -1.17867e-10
9.26 1.48876e-09 -1.3291e-10
9.28 1.67826e-09 -1.49828e-10
9.3 1.89134e-09 -1.68851e-10
9.32 2.13084e-09 -1.90234e-10
9.34 2.39998e-09 -2.14263e-10
9.36 2.70233e-09 -2.41257e-10
9.38 3.0419e-09 -2.71574e-10
9.4 3.42317e-09 -3.05614e-10
9.42 3.85112e-09 -3.43822e-10
9.44 4.33134e-09 -3.86697e-10
9.46 4.87007e-09 -4.34796e-10
9.48 5.47427e-09 -4.8874e-10
9.5 6.1517e-09 -5.49222e-10
9.52 6.91103e-09 -6.17017e-10
9.54 7.76194e-09 -6.92988e-10
9.56 8.71519e-09 -7.78097e-10
9.58 9.78281e-09 -8.73418e-10
9.6 1.09782e-08 -9.80146e-10
9.62 1.23163e-08 -1.09962e-09
9.64 1.38137e-08 -1.23331e-09
9.66 1.54889e-08 -1.38288e-09
9.68 1.73627e-08 -1.55018e-09
9.7 1.94578e-08 -1.73724e-09
9.72 2.17999e-08 -1.94635e-09
9.74 2.44174e-08 -2.18005e-09
9.76 2.73419e-08 -2.44116e-09
9.78 3.06085e-08 -2.73282e-09
9.8 3.42563e-08 -3.05852e-09
9.82 3.83287e-08 -3.42213e-09
9.84 4.2874e-08 -3.82796e-09
9.86 4.79458e-08 -4.28079e-09
9.88 5.36036e-08 -4.78595e-09
9.9 5.99135e-08 -5.34934e-09
9.92 6.69488e-08 -5.97749e-09
9.94 7.4791e-08 -6.67769e-09
9.96 8.35303e-08 -7.45799e-09
9.98 9.3267e-08 -8.32733e-09
10 1.04112e-07 -9.29565e-09
10.02 1.16189e-07 -1.03739e-08
10.04 1.29633e-07 -1.15744e-08
10.06 1.44597e-07 -1.29104e-08
10.08 1.61248e-07 -1.43971e-08
10.1 1.79771e-07 -1.6051e-08
10.12 2.00372e-07 -1.78904e-08
10.14 2.23279e-07 -1.99357e-08
10.16 2.48742e-07 -2.22092e-08
10.18 2.77042e-07 -2.4736e-08
10.2 3.08484e-07 -2.75434e-08
10.22 3.43412e-07 -3.0662e-08
10.24 3.82201e-07 -3.41253e-08
10.26 4.25267e-07 -3.79706e-08
10.28 4.73072e-07 -4.2239e-08
10.3 5.26124e-07 -4.69758e-08
10.32 5.84984e-07 -5.22313e-08
10.34 6.50273e-07 -5.80609e-08
10.36 7.22677e-07 -6.45256e-08
10.38 8.02952e-07 -7.16931e-08
10.4 8.91931e-07 -7.96379e-08
10.42 9.90537e-07 -8.84422e-08
10.44 1.09979e-06 -9.81968e-08
10.46 1.2208e-06 -1.09002e-07
10.48 1.35481e-06 -1.20967e-07
10.5 1.50318e-06 -1.34215e-07
10.52 1.66741e-06 -1.48878e-07
10.54 1.84915e-06 -1.65106e-07
10.56 2.05024e-06 -1.83061e-07
10.58 2.27266e-06 -2.02921e-07
10.6 2.51865e-06 -2.24884e-07
10.62 2.79061e-06 -2.49168e-07
10.64 3.09125e-06 -2.76011e-07
10.66 3.42349e-06 -3.05676e-07
10.68 3.79059e-06 -3.38454e-07
10.7 4.19611e-06 -3.74662e-07
10.72 4.64397e-06 -4.1465e-07
10.74 5.13848e-06 -4.58804e-07
10.76 5.68438e-06 -5.07547e-07
10.78 6.28687e-06 -5.61343e-07
10.8 6.95169e-06 -6.20704e-07
10.82 7.68512e-06 -6.86191e-07
10.84 8.49406e-06 -7.5842e-07
10.86 9.3861e-06 -8.38068e-07
10.88 1.03695e-05 -9.25879e-07
10.9 1.14535e-05 -1.02267e-06
10.92 1.26481e-05 -1.12933e-06
10.94 1.39643e-05 -1.24685e-06
10.96 1.5414e-05 -1.37629e-06
10.98 1.70107e-05 -1.51886e-06
11 1.87687e-05 -1.67583e-06
11.02 2.07039e-05 -1.84862e-06
11.04 2.28339e-05 -2.03881e-06
11.06 2.51777e-05 -2.24808e-06
11.08 2.77561e-05 -2.4783e-06
11.1 3.05922e-05 -2.73153e-06
11.12 3.3711e-05 -3.01001e-06
11.14 3.71399e-05 -3.31617e-06
11.16 4.09091e-05 -3.65272e-06
11.18 4.50515e-05 -4.02259e-06
11.2 4.9603e-05 -4.42899e-06
11.22 5.46031e-05 -4.87544e-06
11.24 6.00948e-05 -5.36579e-06
11.26 6.61253e-05 -5.90425e-06
11.28 7.27461e-05 -6.49541e-06
11.3 8.00134e-05 -7.1443e-06
11.32 8.79889e-05 -7.85643e-06
11.34 9.67397e-05 -8.63778e-06
11.36 0.000106339 -9.49492e-06
11.38 0.000116868 -1.0435e-05
11.4 0.000128413 -1.14659e-05
11.42 0.000141071 -1.25961e-05
11.44 0.000154946 -1.38349e-05
11.46 0.000170151 -1.51926e-05
11.48 0.000186811 -1.66801e-05
11.5 0.000205062 -1.83098e-05
11.52 0.000225052 -2.00946e-05
11.54 0.000246941 -2.20491e-05
11.56 0.000270907 -2.4189e-05
11.58 0.000297141 -2.65314e-05
11.6 0.000325852 -2.9095e-05
11.62 0.000357268 -3.19001e-05
11.64 0.000391636 -3.49688e-05
11.66 0.000429228 -3.83254e-05
11.68 0.000470338 -4.19961e-05
11.7 0.000515287 -4.60095e-05
11.72 0.000564423 -5.03968e-05
11.74 0.000618127 -5.5192e-05
11.76 0.000676813 -6.0432e-05
11.78 0.00074093 -6.61569e-05
11.8 0.000810967 -7.24105e-05
11.82 0.000887458 -7.92404e-05
11.84 0.000970982 -8.66981e-05
11.86 0.00106217 -9.484e-05
11.88 0.0011617 -0.000103727
11.9 0.00127032 -0.000113426
11.92 0.00138884 -0.000124009
11.94 0.00151814 -0.000135554
11.96 0.00165917 -0.000148146
11.98 0.00181297 -0.000161879
12 0.00198066 -0.000176852
12.02 0.00216347 -0.000193175
12.04 0.00236272 -0.000210966
12.06 0.00257985 -0.000230353
12.08 0.00281643 -0.000251477
12.1 0.00307414 -0.000274488
12.12 0.00335484 -0.000299551
12.14 0.0036605 -0.000326843
12.16 0.0039933 -0.000356558
12.18 0.00435558 -0.000388906
12.2 0.00474987 -0.000424113
12.22 0.00517895 -0.000462424
12.24 0.00564578 -0.000504107
12.26 0.00615361 -0.000549451
12.28 0.00670594 -0.000598768
12.3 0.00730656 -0.000652397
12.32 0.00795958 -0.000710705
12.34 0.00866945 -0.000774089
12.36 0.00944099 -0.000842979
12.38 0.0102794 -0.00091784
12.4 0.0111903 -0.000999177
12.42 0.0121799 -0.00108753
12.44 0.0132547 -0.0011835
12.46 0.0144218 -0.00128772
12.48 0.0156891 -0.00140087
12.5 0.0170648 -0.0015237
12.52 0.0185579 -0.00165702
12.54 0.0201783 -0.00180171
12.56 0.0219365 -0.00195869
12.58 0.0238438 -0.00212899
12.6 0.0259126 -0.00231371
12.62 0.0281561 -0.00251404
12.64 0.0305888 -0.00273125
12.66 0.0332262 -0.00296674
12.68 0.0360849 -0.00322199
12.7 0.039183 -0.00349863
12.72 0.0425402 -0.00379838
12.74 0.0461773 -0.00412314
12.76 0.0501172 -0.00447493
12.78 0.0543842 -0.00485593
12.8 0.0590049 -0.00526851
12.82 0.0640078 -0.00571521
12.84 0.0694235 -0.00619878
12.86 0.0752852 -0.00672216
12.88 0.0816286 -0.00728856
12.9 0.0884922 -0.00790141
12.92 0.0959175 -0.00856441
12.94 0.103949 -0.00928154
12.96 0.112635 -0.0100571
12.98 0.122027 -0.0108957
13 0.132182 -0.0118024
13.02 0.143159 -0.0127825
13.04 0.155022 -0.0138418
13.06 0.167842 -0.0149865
13.08 0.181694 -0.0162233
13.1 0.196658 -0.0175595
13.12 0.212821 -0.0190026
13.14 0.230276 -0.0205612
13.16 0.249124 -0.0222441
13.18 0.269473 -0.0240611
13.2 0.291439 -0.0260224
13.22 0.315146 -0.0281392
13.24 0.340729 -0.0304235
13.26 0.368332 -0.0328881
13.28 0.39811 -0.035547
13.3 0.430229 -0.0384149
13.32 0.464869 -0.0415078
13.34 0.50222 -0.0448429
13.36 0.542491 -0.0484386
13.38 0.585901 -0.0523147
13.4 0.63269 -0.0564925
13.42 0.683111 -0.0609946
13.44 0.73744 -0.0658455
13.46 0.79597 -0.0710716
13.48 0.859017 -0.076701
13.5 0.926918 -0.0827639
13.52 1 -0.0892893
