0 -0 -0
0.08 -7.25252e-43 2.54808e-46
0.16 -8.81561e-39 2.36316e-42
0.12 -7.09844e-40 2.22572e-43
0.1 -6.28551e-41 2.39465e-44
0.09 -9.19164e-42 3.77399e-45
0.085 -2.7437e-42 1.08662e-45
0.09 -9.62347e-42 4.26844e-45
0.095 -3.15522e-41 1.55822e-44
0.1 -9.73653e-41 5.32546e-44
0.105 -2.84444e-40 1.71477e-43
0.11 -7.90684e-40 5.23055e-43
0.115 -2.10051e-39 1.51861e-42
0.12 -5.35341e-39 4.21417e-42
0.125 -1.31335e-38 1.12184e-41
0.13 -3.11078e-38 2.87416e-41
0.135 -7.1325e-38 7.1072e-41
0.14 -1.5868e-37 1.70062e-40
0.145 -3.43263e-37 3.94671e-40
0.15 -7.234e-37 8.90181e-40
0.155 -1.48771e-36 1.955e-39
0.16 -2.99035e-36 4.18767e-39
0.165 -5.88298e-36 8.76237e-39
0.17 -1.13423e-35 1.79349e-38
0.175 -2.14555e-35 3.59551e-38
0.18 -3.98638e-35 7.06825e-38
0.185 -7.28191e-35 1.36401e-37
0.19 -1.30898e-34 2.58648e-37
0.195 -2.3174e-34 4.82368e-37
0.2 -4.04378e-34 8.85507e-37
0.205 -6.95986e-34 1.60136e-36
0.21 -1.1823e-33 2.85483e-36
0.215 -1.98352e-33 5.02065e-36
0.22 -3.28835e-33 8.71563e-36
0.225 -5.38989e-33 1.49435e-35
0.23 -8.73901e-33 2.53193e-35
0.235 -1.40226e-32 4.24154e-35
0.24 -2.22774e-32 7.02868e-35
0.245 -3.50552e-32 1.15265e-34
0.25 -5.46586e-32 1.87143e-34
0.255 -8.44774e-32 3.0094e-34
0.26 -1.29463e-31 4.79485e-34
0.265 -1.96797e-31 7.57202e-34
0.27 -2.96814e-31 1.18559e-33
0.275 -4.44296e-31 1.84111e-33
0.28 -6.60236e-31 2.83646e-33
0.285 -9.74264e-31 4.33657e-33
0.29 -1.42794e-30 6.58119e-33
0.295 -2.07923e-30 9.91658e-33
0.3 -3.00849e-30 1.48396e-32
0.305 -4.3265e-30 2.20589e-32
0.31 -6.18521e-30 3.25792e-32
0.315 -8.79194e-30 4.78171e-32
0.32 -1.24281e-29 6.97585e-32
0.325 -1.74739e-29 1.01173e-31
0.33 -2.44406e-29 1.45902e-31
0.335 -3.40125e-29 2.09248e-31
0.34 -4.71013e-29 2.98495e-31
0.345 -6.49172e-29 4.23601e-31
0.35 -8.90588e-29 5.98115e-31
0.355 -1.2163e-28 8.40393e-31
0.36 -1.6539e-28 1.17519e-30
0.365 -2.23939e-28 1.63577e-30
0.37 -3.01965e-28 2.26662e-30
0.375 -4.05541e-28 3.127e-30
0.38 -5.42517e-28 4.29558e-30
0.385 -7.22994e-28 5.87637e-30
0.39 -9.59936e-28 8.00636e-30
0.395 -1.26992e-27 1.08654e-29
0.4 -1.67409e-27 1.46887e-29
0.405 -2.1993e-27 1.97829e-29
0.41 -2.8796e-27 2.65464e-29
0.415 -3.758e-27 3.54951e-29
0.42 -4.88869e-27 4.72951e-29
0.425 -6.33973e-27 6.28035e-29
0.43 -8.19642e-27 8.31202e-29
0.435 -1.05654e-26 1.09652e-28
0.44 -1.35793e-26 1.44194e-28
0.445 -1.74035e-26 1.8903e-28
0.45 -2.22427e-26 2.47057e-28
0.455 -2.83502e-26 3.21938e-28
0.46 -3.60386e-26 4.18298e-28
0.465 -4.56929e-26 5.41959e-28
0.47 -5.7786e-26 7.00228e-28
0.475 -7.28975e-26 9.02258e-28
0.48 -9.17364e-26 1.15948e-27
0.485 -1.15168e-25 1.48616e-27
0.49 -1.44246e-25 1.9e-27
0.495 -1.80251e-25 2.42302e-27
0.5 -2.24738e-25 3.08243e-27
0.505 -2.79587e-25 3.91188e-27
0.51 -3.4707e-25 4.95283e-27
0.515 -4.2993e-25 6.2563e-27
0.52 -5.31465e-25 7.8849e-27
0.525 -6.55641e-25 9.91537e-27
0.53 -8.07214e-25 1.24415e-26
0.535 -9.91879e-25 1.55779e-26
0.54 -1.21644e-24 1.9464e-26
0.545 -1.48903e-24 2.42693e-26
0.55 -1.81932e-24 3.01998e-26
0.555 -2.21881e-24 3.75049e-26
0.56 -2.7012e-24 4.6486e-26
0.565 -3.28267e-24 5.75075e-26
0.57 -3.98243e-24 7.1008e-26
0.575 -4.82315e-24 8.75156e-26
0.58 -5.83161e-24 1.07665e-25
0.585 -7.03938e-24 1.32216e-25
0.59 -8.48359e-24 1.62081e-25
0.595 -1.02079e-23 1.98349e-25
0.6 -1.22635e-23 2.42319e-25
0.605 -1.47106e-23 2.95542e-25
0.61 -1.76193e-23 3.59863e-25
0.615 -2.10719e-23 4.37475e-25
0.62 -2.51642e-23 5.30979e-25
0.625 -3.00083e-23 6.43459e-25
0.63 -3.57342e-23 7.78566e-25
0.635 -4.24935e-23 9.40613e-25
0.64 -5.04623e-23 1.13469e-24
0.645 -5.98447e-23 1.36681e-24
0.65 -7.08773e-23 1.64402e-24
0.655 -8.38343e-23 1.97464e-24
0.66 -9.90323e-23 2.36842e-24
0.665 -1.16837e-22 2.83681e-24
0.67 -1.37671e-22 3.3932e-24
0.675 -1.62021e-22 4.05328e-24
0.68 -1.90446e-22 4.83536e-24
0.685 -2.23591e-22 5.76083e-24
0.69 -2.62195e-22 6.85463e-24
0.695 -3.07107e-22 8.14579e-24
0.7 -3.59302e-22 9.66809e-24
0.705 -4.19893e-22 1.14608e-23
0.71 -4.90158e-22 1.35694e-23
0.715 -5.71552e-22 1.60468e-23
0.72 -6.65743e-22 1.89542e-23
0.725 -7.7463e-22 2.23622e-23
0.73 -9.00378e-22 2.63529e-23
0.735 -1.04545e-21 3.10206e-23
0.74 -1.21266e-21 3.64743e-23
0.745 -1.4052e-21 4.28396e-23
0.75 -1.62668e-21 5.02611e-23
0.755 -1.88122e-21 5.89052e-23
0.76 -2.17348e-21 6.89629e-23
0.765 -2.50873e-21 8.06536e-23
0.77 -2.89297e-21 9.42291e-23
0.775 -3.33294e-21 1.09978e-22
0.78 -3.83629e-21 1.28229e-22
0.785 -4.41164e-21 1.49362e-22
0.79 -5.06873e-21 1.73807e-22
0.795 -5.81852e-21 2.02057e-22
0.8 -6.67338e-21 2.34675e-22
0.805 -7.64722e-21 2.72302e-22
0.81 -8.75569e-21 3.15668e-22
0.815 -1.00164e-20 3.65603e-22
0.82 -1.1449e-20 4.23053e-22
0.825 -1.30758e-20 4.89091e-22
0.83 -1.49216e-20 5.64937e-22
0.835 -1.70143e-20 6.51973e-22
0.84 -1.93851e-20 7.51767e-22
0.845 -2.20688e-20 8.66094e-22
0.85 -2.51046e-20 9.96965e-22
0.855 -2.85362e-20 1.14665e-21
0.86 -3.24122e-20 1.31772e-21
0.865 -3.67871e-20 1.51308e-21
0.87 -4.17217e-20 1.736e-21
0.875 -4.72835e-20 1.99018e-21
0.88 -5.35479e-20 2.27977e-21
0.885 -6.0599e-20 2.60946e-21
0.89 -6.85299e-20 2.98453e-21
0.895 -7.74446e-20 3.4109e-21
0.9 -8.74584e-20 3.89525e-21
0.905 -9.86994e-20 4.44505e-21
0.91 -1.1131e-19 5.06872e-21
0.915 -1.25447e-19 5.77568e-21
0.92 -1.41287e-19 6.57648e-21
0.925 -1.59022e-19 7.48298e-21
0.93 -1.78867e-19 8.50841e-21
0.935 -2.0106e-19 9.66761e-21
0.94 -2.25863e-19 1.09771e-20
0.945 -2.53567e-19 1.24555e-20
0.95 -2.84492e-19 1.41234e-20
0.955 -3.18991e-19 1.6004e-20
0.96 -3.57457e-19 1.81229e-20
0.965 -4.00321e-19 2.05089e-20
0.97 -4.48056e-19 2.3194e-20
0.975 -5.01188e-19 2.62137e-20
0.98 -5.60294e-19 2.96077e-20
0.985 -6.26007e-19 3.34201e-20
0.99 -6.99027e-19 3.76999e-20
0.995 -7.80122e-19 4.25015e-20
1 -8.70136e-19 4.78854e-20
1.005 -9.69997e-19 5.39186e-20
1.01 -1.08072e-18 6.06756e-20
1.015 -1.20344e-18 6.82389e-20
1.02 -1.33936e-18 7.66998e-20
1.025 -1.48983e-18 8.61596e-20
1.03 -1.65634e-18 9.67304e-20
1.035 -1.84049e-18 1.08536e-19
1.04 -2.04405e-18 1.21714e-19
1.045 -2.26896e-18 1.36415e-19
1.05 -2.51733e-18 1.52807e-19
1.055 -2.79148e-18 1.71075e-19
1.06 -3.09394e-18 1.91423e-19
1.065 -3.42748e-18 2.14075e-19
1.07 -3.7951e-18 2.3928e-19
1.075 -4.20012e-18 2.6731e-19
1.08 -4.64612e-18 2.98468e-19
1.085 -5.13703e-18 3.33085e-19
1.09 -5.67712e-18 3.71525e-19
1.095 -6.27106e-18 4.1419e-19
1.1 -6.92391e-18 4.6152e-19
1.105 -7.64121e-18 5.14002e-19
1.11 -8.42898e-18 5.72167e-19
1.115 -9.29376e-18 6.36601e-19
1.12 -1.02427e-17 7.07945e-19
1.125 -1.12834e-17 7.86905e-19
1.13 -1.24245e-17 8.74251e-19
1.135 -1.3675e-17 9.70832e-19
1.14 -1.50448e-17 1.07757e-18
1.145 -1.65447e-17 1.19549e-18
1.15 -1.81865e-17 1.3257e-18
1.155 -1.99827e-17 1.46942e-18
1.16 -2.19471e-17 1.62798e-18
1.165 -2.40947e-17 1.80283e-18
1.17 -2.64416e-17 1.99557e-18
1.175 -2.90052e-17 2.20793e-18
1.18 -3.18044e-17 2.44182e-18
1.185 -3.48599e-17 2.6993e-18
1.19 -3.81937e-17 2.98265e-18
1.195 -4.18299e-17 3.29432e-18
1.2 -4.57943e-17 3.63702e-18
1.205 -5.0115e-17 4.01367e-18
1.21 -5.48222e-17 4.42747e-18
1.215 -5.99487e-17 4.88191e-18
1.22 -6.55298e-17 5.38077e-18
1.225 -7.16036e-17 5.92819e-18
1.23 -7.82112e-17 6.52866e-18
1.235 -8.5397e-17 7.18705e-18
1.24 -9.32088e-17 7.90869e-18
1.245 -1.01698e-16 8.69934e-18
1.25 -1.10921e-16 9.56528e-18
1.255 -1.20937e-16 1.05133e-17
1.26 -1.3181e-16 1.15509e-17
1.265 -1.4361e-16 1.26859e-17
1.27 -1.56412e-16 1.39272e-17
1.275 -1.70296e-16 1.52842e-17
1.28 -1.85348e-16 1.67672e-17
1.285 -2.01662e-16 1.83872e-17
1.29 -2.19338e-16 2.01562e-17
1.295 -2.38483e-16 2.20874e-17
1.3 -2.59212e-16 2.41948e-17
1.305 -2.81649e-16 2.64937e-17
1.31 -3.05928e-16 2.90007e-17
1.315 -3.32191e-16 3.17337e-17
1.32 -3.60592e-16 3.4712e-17
1.325 -3.91296e-16 3.79565e-17
1.33 -4.24478e-16 4.14898e-17
1.335 -4.60328e-16 4.53364e-17
1.34 -4.99048e-16 4.95227e-17
1.345 -5.40857e-16 5.40772e-17
1.35 -5.85986e-16 5.90307e-17
1.355 -6.34686e-16 6.44163e-17
1.36 -6.87222e-16 7.027e-17
1.365 -7.43882e-16 7.66302e-17
1.37 -8.0497e-16 8.35388e-17
1.375 -8.70815e-16 9.10406e-17
1.38 -9.41765e-16 9.91841e-17
1.385 -1.0182e-15 1.08021e-16
1.39 -1.10051e-15 1.17608e-16
1.395 -1.18913e-15 1.28006e-16
1.4 -1.28451e-15 1.39279e-16
1.405 -1.38715e-15 1.51498e-16
1.41 -1.49756e-15 1.64737e-16
1.415 -1.61631e-15 1.79079e-16
1.42 -1.74397e-15 1.9461e-16
1.425 -1.8812e-15 2.11423e-16
1.43 -2.02867e-15 2.2962e-16
1.435 -2.18709e-15 2.49309e-16
1.44 -2.35724e-15 2.70605e-16
1.445 -2.53993e-15 2.93634e-16
1.45 -2.73605e-15 3.18529e-16
1.455 -2.94652e-15 3.45435e-16
1.46 -3.17234e-15 3.74505e-16
1.465 -3.41456e-15 4.05905e-16
1.47 -3.67431e-15 4.39812e-16
1.475 -3.95279e-15 4.76417e-16
1.48 -4.25127e-15 5.15923e-16
1.485 -4.57112e-15 5.58548e-16
1.49 -4.91377e-15 6.04528e-16
1.495 -5.28076e-15 6.54112e-16
1.5 -5.67374e-15 7.07569e-16
1.505 -6.09443e-15 7.65187e-16
1.51 -6.54467e-15 8.27272e-16
1.515 -7.02645e-15 8.94154e-16
1.52 -7.54183e-15 9.66186e-16
1.525 -8.09303e-15 1.04374e-15
1.53 -8.68242e-15 1.12723e-15
1.535 -9.31247e-15 1.21707e-15
1.54 -9.98586e-15 1.31374e-15
1.545 -1.07054e-14 1.41771e-15
1.55 -1.1474e-14 1.52952e-15
1.555 -1.2295e-14 1.64973e-15
1.56 -1.31716e-14 1.77893e-15
1.565 -1.41074e-14 1.91777e-15
1.57 -1.51062e-14 2.06692e-15
1.575 -1.6172e-14 2.22712e-15
1.58 -1.73091e-14 2.39915e-15
1.585 -1.85219e-14 2.58382e-15
1.59 -1.98153e-14 2.78203e-15
1.595 -2.11941e-14 2.99472e-15
1.6 -2.26639e-14 3.22288e-15
1.605 -2.42303e-14 3.4676e-15
1.61 -2.58992e-14 3.73001e-15
1.615 -2.7677e-14 4.01133e-15
1.62 -2.95704e-14 4.31284e-15
1.625 -3.15866e-14 4.63594e-15
1.63 -3.37329e-14 4.98207e-15
1.635 -3.60174e-14 5.35282e-15
1.64 -3.84484e-14 5.74982e-15
1.645 -4.10349e-14 6.17486e-15
1.65 -4.37861e-14 6.62981e-15
1.655 -4.67121e-14 7.11667e-15
1.66 -4.98232e-14 7.63757e-15
1.665 -5.31307e-14 8.19476e-15
1.67 -5.6646e-14 8.79064e-15
1.675 -6.03817e-14 9.42777e-15
1.68 -6.43506e-14 1.01089e-14
1.685 -6.85666e-14 1.08368e-14
1.69 -7.30442e-14 1.16146e-14
1.695 -7.77987e-14 1.24456e-14
1.7 -8.28462e-14 1.33331e-14
1.705 -8.82039e-14 1.42809e-14
1.71 -9.38896e-14 1.52929e-14
1.715 -9.99224e-14 1.6373e-14
1.72 -1.06322e-13 1.75258e-14
1.725 -1.1311e-13 1.87559e-14
1.73 -1.20308e-13 2.00681e-14
1.735 -1.2794e-13 2.14677e-14
1.74 -1.36031e-13 2.29602e-14
1.745 -1.44605e-13 2.45515e-14
1.75 -1.53691e-13 2.62477e-14
1.755 -1.63318e-13 2.80554e-14
1.76 -1.73516e-13 2.99816e-14
1.765 -1.84316e-13 3.20337e-14
1.77 -1.95753e-13 3.42194e-14
1.775 -2.07862e-13 3.65471e-14
1.78 -2.20679e-13 3.90254e-14
1.785 -2.34245e-13 4.16637e-14
1.79 -2.486e-13 4.44717e-14
1.795 -2.63787e-13 4.74597e-14
1.8 -2.79853e-13 5.06388e-14
1.805 -2.96844e-13 5.40205e-14
1.81 -3.14812e-13 5.76171e-14
1.815 -3.33809e-13 6.14416e-14
1.82 -3.53891e-13 6.55076e-14
1.825 -3.75117e-13 6.98296e-14
1.83 -3.97547e-13 7.44229e-14
1.835 -4.21246e-13 7.93036e-14
1.84 -4.46282e-13 8.44889e-14
1.845 -4.72725e-13 8.99967e-14
1.85 -5.00651e-13 9.58462e-14
1.855 -5.30138e-13 1.02057e-13
1.86 -5.61269e-13 1.08651e-13
1.865 -5.94128e-13 1.15651e-13
1.87 -6.28807e-13 1.23079e-13
1.875 -6.65402e-13 1.30961e-13
1.88 -7.0401e-13 1.39323e-13
1.885 -7.44738e-13 1.48194e-13
1.89 -7.87695e-13 1.57601e-13
1.895 -8.32995e-13 1.67576e-13
1.9 -8.80759e-13 1.78152e-13
1.905 -9.31114e-13 1.89363e-13
1.91 -9.84191e-13 2.01245e-13
1.915 -1.04013e-12 2.13836e-13
1.92 -1.09908e-12 2.27176e-13
1.925 -1.16118e-12 2.41308e-13
1.93 -1.2266e-12 2.56275e-13
1.935 -1.29551e-12 2.72126e-13
1.94 -1.36808e-12 2.88909e-13
1.945 -1.44449e-12 3.06676e-13
1.95 -1.52494e-12 3.25482e-13
1.955 -1.60963e-12 3.45385e-13
1.96 -1.69876e-12 3.66446e-13
1.965 -1.79255e-12 3.88727e-13
1.97 -1.89124e-12 4.12297e-13
1.975 -1.99507e-12 4.37225e-13
1.98 -2.10429e-12 4.63587e-13
1.985 -2.21916e-12 4.91459e-13
1.99 -2.33995e-12 5.20925e-13
1.995 -2.46696e-12 5.52071e-13
2 -2.60049e-12 5.84987e-13
2.005 -2.74084e-12 6.19769e-13
2.01 -2.88836e-12 6.56517e-13
2.015 -3.04338e-12 6.95337e-13
2.02 -3.20626e-12 7.36338e-13
2.025 -3.37737e-12 7.79638e-13
2.03 -3.55712e-12 8.25358e-13
2.035 -3.74591e-12 8.73627e-13
2.04 -3.94416e-12 9.24579e-13
2.045 -4.15232e-12 9.78355e-13
2.05 -4.37087e-12 1.0351e-12
2.055 -4.60028e-12 1.09498e-12
2.06 -4.84106e-12 1.15815e-12
2.065 -5.09375e-12 1.22479e-12
2.07 -5.3589e-12 1.29506e-12
2.075 -5.63709e-12 1.36917e-12
2.08 -5.92892e-12 1.44731e-12
2.085 -6.23501e-12 1.52969e-12
2.09 -6.55603e-12 1.61653e-12
2.095 -6.89266e-12 1.70804e-12
2.1 -7.24561e-12 1.80448e-12
2.105 -7.61563e-12 1.9061e-12
2.11 -8.00349e-12 2.01315e-12
2.115 -8.41e-12 2.12592e-12
2.12 -8.83601e-12 2.24468e-12
2.125 -9.28239e-12 2.36975e-12
2.13 -9.75005e-12 2.50144e-12
2.135 -1.024e-11 2.64008e-12
2.14 -1.07531e-11 2.78603e-12
2.145 -1.12905e-11 2.93964e-12
2.15 -1.18533e-11 3.10129e-12
2.155 -1.24426e-11 3.27139e-12
2.16 -1.30595e-11 3.45035e-12
2.165 -1.37052e-11 3.6386e-12
2.17 -1.43812e-11 3.83662e-12
2.175 -1.50885e-11 4.04487e-12
2.18 -1.58287e-11 4.26386e-12
2.185 -1.66032e-11 4.4941e-12
2.19 -1.74134e-11 4.73616e-12
2.195 -1.82609e-11 4.99059e-12
2.2 -1.91473e-11 5.25801e-12
2.205 -2.00743e-11 5.53903e-12
2.21 -2.10437e-11 5.83432e-12
2.215 -2.20572e-11 6.14456e-12
2.22 -2.31167e-11 6.47046e-12
2.225 -2.42243e-11 6.81277e-12
2.23 -2.53819e-11 7.17228e-12
2.235 -2.65917e-11 7.5498e-12
2.24 -2.78558e-11 7.94619e-12
2.245 -2.91767e-11 8.36233e-12
2.25 -3.05566e-11 8.79917e-12
2.255 -3.1998e-11 9.25767e-12
2.26 -3.35035e-11 9.73884e-12
2.265 -3.50758e-11 1.02438e-11
2.27 -3.67177e-11 1.07735e-11
2.275 -3.84321e-11 1.13293e-11
2.28 -4.02218e-11 1.19123e-11
2.285 -4.20902e-11 1.25238e-11
2.29 -4.40403e-11 1.3165e-11
2.295 -4.60757e-11 1.38374e-11
2.3 -4.81996e-11 1.45424e-11
2.305 -5.04158e-11 1.52815e-11
2.31 -5.27281e-11 1.60563e-11
2.315 -5.51403e-11 1.68683e-11
2.32 -5.76564e-11 1.77193e-11
2.325 -6.02808e-11 1.8611e-11
2.33 -6.30176e-11 1.95453e-11
2.335 -6.58716e-11 2.05241e-11
2.34 -6.88473e-11 2.15494e-11
2.345 -7.19496e-11 2.26233e-11
2.35 -7.51835e-11 2.3748e-11
2.355 -7.85544e-11 2.49257e-11
2.36 -8.20676e-11 2.61588e-11
2.365 -8.57288e-11 2.74498e-11
2.37 -8.95438e-11 2.88013e-11
2.375 -9.35187e-11 3.02158e-11
2.38 -9.76596e-11 3.16962e-11
2.385 -1.01973e-10 3.32455e-11
2.39 -1.06466e-10 3.48665e-11
2.395 -1.11146e-10 3.65625e-11
2.4 -1.16019e-10 3.83368e-11
2.405 -1.21093e-10 4.01927e-11
2.41 -1.26375e-10 4.21338e-11
2.415 -1.31875e-10 4.41638e-11
2.42 -1.376e-10 4.62865e-11
2.425 -1.43559e-10 4.8506e-11
2.43 -1.49761e-10 5.08264e-11
2.435 -1.56215e-10 5.3252e-11
2.44 -1.6293e-10 5.57874e-11
2.445 -1.69918e-10 5.84372e-11
2.45 -1.77186e-10 6.12063e-11
2.455 -1.84748e-10 6.40998e-11
2.46 -1.92613e-10 6.7123e-11
2.465 -2.00793e-10 7.02813e-11
2.47 -2.093e-10 7.35805e-11
2.475 -2.18145e-10 7.70265e-11
2.48 -2.27342e-10 8.06254e-11
2.485 -2.36904e-10 8.43837e-11
2.49 -2.46844e-10 8.8308e-11
2.495 -2.57175e-10 9.24053e-11
2.5 -2.67914e-10 9.66826e-11
2.505 -2.79074e-10 1.01148e-10
2.51 -2.90671e-10 1.05808e-10
2.515 -3.0272e-10 1.10672e-10
2.52 -3.15239e-10 1.15748e-10
2.525 -3.28245e-10 1.21044e-10
2.53 -3.41755e-10 1.2657e-10
2.535 -3.55788e-10 1.32334e-10
2.54 -3.70361e-10 1.38348e-10
2.545 -3.85496e-10 1.4462e-10
2.55 -4.01212e-10 1.51162e-10
2.555 -4.17529e-10 1.57984e-10
2.56 -4.3447e-10 1.65097e-10
2.565 -4.52056e-10 1.72514e-10
2.57 -4.70311e-10 1.80247e-10
2.575 -4.89258e-10 1.88307e-10
2.58 -5.08922e-10 1.96709e-10
2.585 -5.29328e-10 2.05466e-10
2.59 -5.50502e-10 2.14592e-10
2.595 -5.72471e-10 2.24102e-10
2.6 -5.95263e-10 2.34011e-10
2.605 -6.18907e-10 2.44335e-10
2.61 -6.43432e-10 2.5509e-10
2.615 -6.6887e-10 2.66292e-10
2.62 -6.95251e-10 2.77961e-10
2.625 -7.22609e-10 2.90114e-10
2.63 -7.50976e-10 3.02769e-10
2.635 -7.80389e-10 3.15948e-10
2.64 -8.10882e-10 3.29668e-10
2.645 -8.42492e-10 3.43953e-10
2.65 -8.75259e-10 3.58824e-10
2.655 -9.09221e-10 3.74303e-10
2.66 -9.44418e-10 3.90414e-10
2.665 -9.80894e-10 4.07181e-10
2.67 -1.01869e-09 4.24629e-10
2.675 -1.05785e-09 4.42785e-10
2.68 -1.09842e-09 4.61675e-10
2.685 -1.14046e-09 4.81327e-10
2.69 -1.184e-09 5.01771e-10
2.695 -1.22909e-09 5.23036e-10
2.7 -1.2758e-09 5.45154e-10
2.705 -1.32417e-09 5.68156e-10
2.71 -1.37426e-09 5.92077e-10
2.715 -1.42613e-09 6.16949e-10
2.72 -1.47982e-09 6.4281e-10
2.725 -1.53542e-09 6.69696e-10
2.73 -1.59296e-09 6.97645e-10
2.735 -1.65253e-09 7.26697e-10
2.74 -1.71419e-09 7.56893e-10
2.745 -1.778e-09 7.88275e-10
2.75 -1.84403e-09 8.20887e-10
2.755 -1.91236e-09 8.54775e-10
2.76 -1.98306e-09 8.89985e-10
2.765 -2.05621e-09 9.26566e-10
2.77 -2.13188e-09 9.64569e-10
2.775 -2.21016e-09 1.00404e-09
2.78 -2.29113e-09 1.04505e-09
2.785 -2.37487e-09 1.08763e-09
2.79 -2.46148e-09 1.13186e-09
2.795 -2.55105e-09 1.17778e-09
2.8 -2.64366e-09 1.22546e-09
2.805 -2.73942e-09 1.27497e-09
2.81 -2.83842e-09 1.32637e-09
2.815 -2.94077e-09 1.37973e-09
2.82 -3.04657e-09 1.43511e-09
2.825 -3.15593e-09 1.49259e-09
2.83 -3.26896e-09 1.55225e-09
2.835 -3.38577e-09 1.61416e-09
2.84 -3.50649e-09 1.67841e-09
2.845 -3.63123e-09 1.74507e-09
2.85 -3.76012e-09 1.81422e-09
2.855 -3.89328e-09 1.88597e-09
2.86 -4.03085e-09 1.96039e-09
2.865 -4.17296e-09 2.03759e-09
2.87 -4.31976e-09 2.11766e-09
2.875 -4.47137e-09 2.2007e-09
2.88 -4.62796e-09 2.28681e-09
2.885 -4.78967e-09 2.37611e-09
2.89 -4.95665e-09 2.4687e-09
2.895 -5.12908e-09 2.56469e-09
2.9 -5.3071e-09 2.6642e-09
2.905 -5.49089e-09 2.76736e-09
2.91 -5.68062e-09 2.87429e-09
2.915 -5.87648e-09 2.98511e-09
2.92 -6.07863e-09 3.09997e-09
2.925 -6.28728e-09 3.219e-09
2.93 -6.50261e-09 3.34234e-09
2.935 -6.72482e-09 3.47014e-09
2.94 -6.95411e-09 3.60255e-09
2.945 -7.1907e-09 3.73973e-09
2.95 -7.43479e-09 3.88183e-09
2.955 -7.68661e-09 4.02903e-09
2.96 -7.94639e-09 4.18149e-09
2.965 -8.21435e-09 4.33939e-09
2.97 -8.49074e-09 4.50292e-09
2.975 -8.77579e-09 4.67226e-09
2.98 -9.06977e-09 4.8476e-09
2.985 -9.37293e-09 5.02914e-09
2.99 -9.68553e-09 5.2171e-09
2.995 -1.00078e-08 5.41168e-09
3 -1.03401e-08 5.6131e-09
3.005 -1.06827e-08 5.82159e-09
3.01 -1.10359e-08 6.03737e-09
3.015 -1.13999e-08 6.2607e-09
3.02 -1.17752e-08 6.49181e-09
3.025 -1.21619e-08 6.73097e-09
3.03 -1.25604e-08 6.97842e-09
3.035 -1.29711e-08 7.23445e-09
3.04 -1.33943e-08 7.49933e-09
3.045 -1.38304e-08 7.77334e-09
3.05 -1.42797e-08 8.05679e-09
3.055 -1.47425e-08 8.34998e-09
3.06 -1.52193e-08 8.65321e-09
3.065 -1.57105e-08 8.96682e-09
3.07 -1.62164e-08 9.29114e-09
3.075 -1.67374e-08 9.6265e-09
3.08 -1.72741e-08 9.97326e-09
3.085 -1.78267e-08 1.03318e-08
3.09 -1.83958e-08 1.07024e-08
3.095 -1.89817e-08 1.10856e-08
3.1 -1.9585e-08 1.14817e-08
3.105 -2.02061e-08 1.18912e-08
3.11 -2.08456e-08 1.23143e-08
3.115 -2.15038e-08 1.27517e-08
3.12 -2.21814e-08 1.32036e-08
3.125 -2.28787e-08 1.36707e-08
3.13 -2.35965e-08 1.41533e-08
3.135 -2.43352e-08 1.46519e-08
3.14 -2.50953e-08 1.5167e-08
3.145 -2.58775e-08 1.56992e-08
3.15 -2.66823e-08 1.6249e-08
3.155 -2.75104e-08 1.68169e-08
3.16 -2.83623e-08 1.74034e-08
3.165 -2.92387e-08 1.80092e-08
3.17 -3.01402e-08 1.86349e-08
3.175 -3.10675e-08 1.92809e-08
3.18 -3.20213e-08 1.99481e-08
3.185 -3.30022e-08 2.06369e-08
3.19 -3.40111e-08 2.13482e-08
3.195 -3.50485e-08 2.20824e-08
3.2 -3.61153e-08 2.28405e-08
3.205 -3.72121e-08 2.36229e-08
3.21 -3.83399e-08 2.44306e-08
3.215 -3.94993e-08 2.52643e-08
3.22 -4.06912e-08 2.61246e-08
3.225 -4.19165e-08 2.70126e-08
3.23 -4.31759e-08 2.79289e-08
3.235 -4.44704e-08 2.88744e-08
3.24 -4.58009e-08 2.98499e-08
3.245 -4.71682e-08 3.08565e-08
3.25 -4.85733e-08 3.18949e-08
3.255 -5.00172e-08 3.29662e-08
3.26 -5.15008e-08 3.40713e-08
3.265 -5.30251e-08 3.52112e-08
3.27 -5.45913e-08 3.63869e-08
3.275 -5.62002e-08 3.75995e-08
3.28 -5.7853e-08 3.885e-08
3.285 -5.95507e-08 4.01396e-08
3.29 -6.12946e-08 4.14694e-08
3.295 -6.30856e-08 4.28405e-08
3.3 -6.49251e-08 4.42542e-08
3.305 -6.68142e-08 4.57118e-08
3.31 -6.87541e-08 4.72144e-08
3.315 -7.0746e-08 4.87633e-08
3.32 -7.27913e-08 5.036e-08
3.325 -7.48913e-08 5.20057e-08
3.33 -7.70472e-08 5.37019e-08
3.335 -7.92605e-08 5.545e-08
3.34 -8.15325e-08 5.72515e-08
3.345 -8.38646e-08 5.91079e-08
3.35 -8.62584e-08 6.10208e-08
3.355 -8.87152e-08 6.29918e-08
3.36 -9.12366e-08 6.50225e-08
3.365 -9.38242e-08 6.71147e-08
3.37 -9.64796e-08 6.92699e-08
3.375 -9.92043e-08 7.14901e-08
3.38 -1.02e-07 7.3777e-08
3.385 -1.04868e-07 7.61325e-08
3.39 -1.07811e-07 7.85586e-08
3.395 -1.1083e-07 8.10571e-08
3.4 -1.13927e-07 8.36301e-08
3.405 -1.17104e-07 8.62797e-08
3.41 -1.20362e-07 8.9008e-08
3.415 -1.23704e-07 9.18171e-08
3.42 -1.27131e-07 9.47094e-08
3.425 -1.30646e-07 9.7687e-08
3.43 -1.34251e-07 1.00752e-07
3.435 -1.37947e-07 1.03908e-07
3.44 -1.41737e-07 1.07156e-07
3.445 -1.45622e-07 1.10499e-07
3.45 -1.49606e-07 1.1394e-07
3.455 -1.5369e-07 1.17481e-07
3.46 -1.57877e-07 1.21126e-07
3.465 -1.62169e-07 1.24876e-07
3.47 -1.66568e-07 1.28735e-07
3.475 -1.71076e-07 1.32706e-07
3.48 -1.75698e-07 1.36791e-07
3.485 -1.80434e-07 1.40994e-07
3.49 -1.85287e-07 1.45319e-07
3.495 -1.9026e-07 1.49767e-07
3.5 -1.95356e-07 1.54343e-07
3.505 -2.00578e-07 1.59049e-07
3.51 -2.05928e-07 1.6389e-07
3.515 -2.11409e-07 1.68869e-07
3.52 -2.17024e-07 1.73989e-07
3.525 -2.22776e-07 1.79255e-07
3.53 -2.28668e-07 1.8467e-07
3.535 -2.34704e-07 1.90237e-07
3.54 -2.40885e-07 1.95962e-07
3.545 -2.47216e-07 2.01848e-07
3.55 -2.537e-07 2.079e-07
3.555 -2.60339e-07 2.14121e-07
3.56 -2.67139e-07 2.20516e-07
3.565 -2.74101e-07 2.27089e-07
3.57 -2.8123e-07 2.33846e-07
3.575 -2.88528e-07 2.40791e-07
3.58 -2.96001e-07 2.47929e-07
3.585 -3.0365e-07 2.55265e-07
3.59 -3.11482e-07 2.62804e-07
3.595 -3.19498e-07 2.7055e-07
3.6 -3.27703e-07 2.7851e-07
3.605 -3.36101e-07 2.86689e-07
3.61 -3.44697e-07 2.95093e-07
3.615 -3.53494e-07 3.03726e-07
3.62 -3.62497e-07 3.12596e-07
3.625 -3.71709e-07 3.21708e-07
3.63 -3.81136e-07 3.31067e-07
3.635 -3.90782e-07 3.40682e-07
3.64 -4.00651e-07 3.50557e-07
3.645 -4.10749e-07 3.60699e-07
3.65 -4.21079e-07 3.71115e-07
3.655 -4.31647e-07 3.81812e-07
3.66 -4.42457e-07 3.92798e-07
3.665 -4.53515e-07 4.04078e-07
3.67 -4.64826e-07 4.15661e-07
3.675 -4.76395e-07 4.27553e-07
3.68 -4.88227e-07 4.39764e-07
3.685 -5.00328e-07 4.523e-07
3.69 -5.12702e-07 4.65169e-07
3.695 -5.25356e-07 4.7838e-07
3.7 -5.38296e-07 4.91941e-07
3.705 -5.51527e-07 5.05861e-07
3.71 -5.65054e-07 5.20149e-07
3.715 -5.78885e-07 5.34813e-07
3.72 -5.93025e-07 5.49863e-07
3.725 -6.0748e-07 5.65307e-07
3.73 -6.22256e-07 5.81157e-07
3.735 -6.37361e-07 5.97421e-07
3.74 -6.528e-07 6.14109e-07
3.745 -6.6858e-07 6.31232e-07
3.75 -6.84708e-07 6.488e-07
3.755 -7.01191e-07 6.66825e-07
3.76 -7.18035e-07 6.85316e-07
3.765 -7.35249e-07 7.04285e-07
3.77 -7.52838e-07 7.23743e-07
3.775 -7.70811e-07 7.43703e-07
3.78 -7.89175e-07 7.64176e-07
3.785 -8.07938e-07 7.85174e-07
3.79 -8.27107e-07 8.0671e-07
3.795 -8.4669e-07 8.28796e-07
3.8 -8.66695e-07 8.51445e-07
3.805 -8.87131e-07 8.74672e-07
3.81 -9.08005e-07 8.98488e-07
3.815 -9.29326e-07 9.22909e-07
3.82 -9.51103e-07 9.47948e-07
3.825 -9.73344e-07 9.73619e-07
3.83 -9.96058e-07 9.99938e-07
3.835 -1.01925e-06 1.02692e-06
3.84 -1.04294e-06 1.05458e-06
3.845 -1.06713e-06 1.08293e-06
3.85 -1.09183e-06 1.112e-06
3.855 -1.11704e-06 1.14179e-06
3.86 -1.14279e-06 1.17232e-06
3.865 -1.16908e-06 1.20361e-06
3.87 -1.19591e-06 1.23568e-06
3.875 -1.22331e-06 1.26855e-06
3.88 -1.25127e-06 1.30222e-06
3.885 -1.27982e-06 1.33673e-06
3.89 -1.30895e-06 1.3721e-06
3.895 -1.33869e-06 1.40833e-06
3.9 -1.36904e-06 1.44545e-06
3.905 -1.40002e-06 1.48348e-06
3.91 -1.43163e-06 1.52245e-06
3.915 -1.46389e-06 1.56236e-06
3.92 -1.49681e-06 1.60325e-06
3.925 -1.5304e-06 1.64513e-06
3.93 -1.56468e-06 1.68804e-06
3.935 -1.59965e-06 1.73198e-06
3.94 -1.63532e-06 1.77698e-06
3.945 -1.67172e-06 1.82308e-06
3.95 -1.70886e-06 1.87028e-06
3.955 -1.74674e-06 1.91862e-06
3.96 -1.78538e-06 1.96812e-06
3.965 -1.8248e-06 2.01881e-06
3.97 -1.865e-06 2.07072e-06
3.975 -1.90601e-06 2.12386e-06
3.98 -1.94783e-06 2.17827e-06
3.985 -1.99048e-06 2.23397e-06
3.99 -2.03398e-06 2.291e-06
3.995 -2.07834e-06 2.34939e-06
4 -2.12357e-06 2.40915e-06
4.005 -2.16969e-06 2.47033e-06
4.01 -2.21672e-06 2.53295e-06
4.015 -2.26468e-06 2.59704e-06
4.02 -2.31357e-06 2.66264e-06
4.025 -2.36341e-06 2.72978e-06
4.03 -2.41423e-06 2.7985e-06
4.035 -2.46603e-06 2.86881e-06
4.04 -2.51884e-06 2.94077e-06
4.045 -2.57267e-06 3.01441e-06
4.05 -2.62754e-06 3.08976e-06
4.055 -2.68346e-06 3.16685e-06
4.06 -2.74046e-06 3.24573e-06
4.065 -2.79856e-06 3.32644e-06
4.07 -2.85776e-06 3.40901e-06
4.075 -2.9181e-06 3.49348e-06
4.08 -2.97958e-06 3.57989e-06
4.085 -3.04224e-06 3.66829e-06
4.09 -3.10608e-06 3.75871e-06
4.095 -3.17114e-06 3.8512e-06
4.1 -3.23742e-06 3.9458e-06
4.105 -3.30495e-06 4.04256e-06
4.11 -3.37376e-06 4.14152e-06
4.115 -3.44385e-06 4.24273e-06
4.12 -3.51526e-06 4.34623e-06
4.125 -3.588e-06 4.45207e-06
4.13 -3.6621e-06 4.56031e-06
4.135 -3.73758e-06 4.67098e-06
4.14 -3.81446e-06 4.78415e-06
4.145 -3.89277e-06 4.89986e-06
4.15 -3.97253e-06 5.01816e-06
4.155 -4.05375e-06 5.13911e-06
4.16 -4.13648e-06 5.26277e-06
4.165 -4.22072e-06 5.38918e-06
4.17 -4.30651e-06 5.51841e-06
4.175 -4.39386e-06 5.65051e-06
4.18 -4.48282e-06 5.78555e-06
4.185 -4.57339e-06 5.92357e-06
4.19 -4.66561e-06 6.06465e-06
4.195 -4.75951e-06 6.20884e-06
4.2 -4.85511e-06 6.35621e-06
4.205 -4.95243e-06 6.50682e-06
4.21 -5.05151e-06 6.66074e-06
4.215 -5.15237e-06 6.81803e-06
4.22 -5.25504e-06 6.97877e-06
4.225 -5.35956e-06 7.14301e-06
4.23 -5.46594e-06 7.31084e-06
4.235 -5.57422e-06 7.48232e-06
4.24 -5.68443e-06 7.65753e-06
4.245 -5.7966e-06 7.83653e-06
4.25 -5.91076e-06 8.01942e-06
4.255 -6.02694e-06 8.20625e-06
4.26 -6.14517e-06 8.39712e-06
4.265 -6.26548e-06 8.5921e-06
4.27 -6.38792e-06 8.79128e-06
4.275 -6.5125e-06 8.99473e-06
4.28 -6.63926e-06 9.20254e-06
4.285 -6.76824e-06 9.4148e-06
4.29 -6.89948e-06 9.63159e-06
4.295 -7.03299e-06 9.853e-06
4.3 -7.16883e-06 1.00791e-05
4.305 -7.30702e-06 1.03101e-05
4.31 -7.44761e-06 1.05459e-05
4.315 -7.59062e-06 1.07867e-05
4.32 -7.7361e-06 1.10326e-05
4.325 -7.88408e-06 1.12837e-05
4.33 -8.0346e-06 1.15401e-05
4.335 -8.1877e-06 1.18019e-05
4.34 -8.34342e-06 1.20692e-05
4.345 -8.5018e-06 1.23421e-05
4.35 -8.66287e-06 1.26207e-05
4.355 -8.82668e-06 1.29051e-05
4.36 -8.99327e-06 1.31955e-05
4.365 -9.16268e-06 1.34919e-05
4.37 -9.33496e-06 1.37944e-05
4.375 -9.51014e-06 1.41033e-05
4.38 -9.68827e-06 1.44185e-05
4.385 -9.86939e-06 1.47403e-05
4.39 -1.00535e-05 1.50687e-05
4.395 -1.02408e-05 1.54038e-05
4.4 -1.04311e-05 1.57459e-05
4.405 -1.06247e-05 1.6095e-05
4.41 -1.08214e-05 1.64513e-05
4.415 -1.10215e-05 1.68148e-05
4.42 -1.12248e-05 1.71858e-05
4.425 -1.14315e-05 1.75644e-05
4.43 -1.16416e-05 1.79506e-05
4.435 -1.18552e-05 1.83448e-05
4.44 -1.20723e-05 1.87469e-05
4.445 -1.22929e-05 1.91572e-05
4.45 -1.25172e-05 1.95758e-05
4.455 -1.27451e-05 2.00028e-05
4.46 -1.29768e-05 2.04385e-05
4.465 -1.32122e-05 2.08829e-05
4.47 -1.34515e-05 2.13363e-05
4.475 -1.36946e-05 2.17988e-05
4.48 -1.39417e-05 2.22706e-05
4.485 -1.41928e-05 2.27518e-05
4.49 -1.44479e-05 2.32426e-05
4.495 -1.47071e-05 2.37432e-05
4.5 -1.49705e-05 2.42538e-05
4.505 -1.52381e-05 2.47745e-05
4.51 -1.551e-05 2.53056e-05
4.515 -1.57863e-05 2.58472e-05
4.52 -1.6067e-05 2.63995e-05
4.525 -1.63521e-05 2.69628e-05
4.53 -1.66418e-05 2.75371e-05
4.535 -1.69361e-05 2.81227e-05
4.54 -1.7235e-05 2.87199e-05
4.545 -1.75386e-05 2.93288e-05
4.55 -1.78471e-05 2.99496e-05
4.555 -1.81604e-05 3.05826e-05
4.56 -1.84786e-05 3.1228e-05
4.565 -1.88019e-05 3.18859e-05
4.57 -1.91302e-05 3.25567e-05
4.575 -1.94636e-05 3.32405e-05
4.58 -1.98023e-05 3.39376e-05
4.585 -2.01462e-05 3.46481e-05
4.59 -2.04955e-05 3.53725e-05
4.595 -2.08502e-05 3.61108e-05
4.6 -2.12104e-05 3.68634e-05
4.605 -2.15762e-05 3.76305e-05
4.61 -2.19476e-05 3.84124e-05
4.615 -2.23248e-05 3.92093e-05
4.62 -2.27078e-05 4.00214e-05
4.625 -2.30966e-05 4.08491e-05
4.63 -2.34915e-05 4.16926e-05
4.635 -2.38924e-05 4.25523e-05
4.64 -2.42994e-05 4.34283e-05
4.645 -2.47126e-05 4.4321e-05
4.65 -2.51321e-05 4.52306e-05
4.655 -2.5558e-05 4.61575e-05
4.66 -2.59904e-05 4.7102e-05
4.665 -2.64294e-05 4.80643e-05
4.67 -2.6875e-05 4.90448e-05
4.675 -2.73273e-05 5.00438e-05
4.68 -2.77864e-05 5.10616e-05
4.685 -2.82525e-05 5.20985e-05
4.69 -2.87256e-05 5.31549e-05
4.695 -2.92058e-05 5.42311e-05
4.7 -2.96932e-05 5.53275e-05
4.705 -3.01879e-05 5.64443e-05
4.71 -3.06899e-05 5.75819e-05
4.715 -3.11995e-05 5.87408e-05
4.72 -3.17167e-05 5.99212e-05
4.725 -3.22415e-05 6.11236e-05
4.73 -3.27742e-05 6.23482e-05
4.735 -3.33147e-05 6.35956e-05
4.74 -3.38633e-05 6.4866e-05
4.745 -3.44199e-05 6.61598e-05
4.75 -3.49848e-05 6.74775e-05
4.755 -3.5558e-05 6.88195e-05
4.76 -3.61396e-05 7.01861e-05
4.765 -3.67298e-05 7.15779e-05
4.77 -3.73286e-05 7.29951e-05
4.775 -3.79362e-05 7.44383e-05
4.78 -3.85527e-05 7.59079e-05
4.785 -3.91781e-05 7.74042e-05
4.79 -3.98127e-05 7.89279e-05
4.795 -4.04565e-05 8.04792e-05
4.8 -4.11097e-05 8.20588e-05
4.805 -4.17724e-05 8.3667e-05
4.81 -4.24446e-05 8.53044e-05
4.815 -4.31266e-05 8.69714e-05
4.82 -4.38184e-05 8.86685e-05
4.825 -4.45203e-05 9.03962e-05
4.83 -4.52322e-05 9.2155e-05
4.835 -4.59543e-05 9.39455e-05
4.84 -4.66869e-05 9.57681e-05
4.845 -4.74299e-05 9.76234e-05
4.85 -4.81836e-05 9.9512e-05
4.855 -4.89481e-05 0.000101434
4.86 -4.97234e-05 0.000103391
4.865 -5.05099e-05 0.000105383
4.87 -5.13075e-05 0.00010741
4.875 -5.21164e-05 0.000109473
4.88 -5.29369e-05 0.000111572
4.885 -5.3769e-05 0.000113709
4.89 -5.46128e-05 0.000115884
4.895 -5.54686e-05 0.000118097
4.9 -5.63365e-05 0.00012035
4.905 -5.72166e-05 0.000122642
4.91 -5.81091e-05 0.000124974
4.915 -5.90142e-05 0.000127348
4.92 -5.9932e-05 0.000129763
4.925 -6.08626e-05 0.00013222
4.93 -6.18063e-05 0.000134721
4.935 -6.27632e-05 0.000137265
4.94 -6.37334e-05 0.000139853
4.945 -6.47172e-05 0.000142487
4.95 -6.57146e-05 0.000145167
4.955 -6.6726e-05 0.000147893
4.96 -6.77514e-05 0.000150667
4.965 -6.8791e-05 0.000153489
4.97 -6.98451e-05 0.000156359
4.975 -7.09137e-05 0.000159279
4.98 -7.19971e-05 0.00016225
4.985 -7.30955e-05 0.000165272
4.99 -7.4209e-05 0.000168346
4.995 -7.53378e-05 0.000171473
5 -7.64822e-05 0.000174653
5.005 -7.76423e-05 0.000177888
5.01 -7.88183e-05 0.000181179
5.015 -8.00104e-05 0.000184526
5.02 -8.12188e-05 0.00018793
5.025 -8.24438e-05 0.000191392
5.03 -8.36854e-05 0.000194913
5.035 -8.4944e-05 0.000198494
5.04 -8.62198e-05 0.000202136
5.045 -8.75129e-05 0.00020584
5.05 -8.88235e-05 0.000209606
5.055 -9.0152e-05 0.000213436
5.06 -9.14984e-05 0.000217331
5.065 -9.28631e-05 0.000221292
5.07 -9.42463e-05 0.00022532
5.075 -9.56481e-05 0.000229415
5.08 -9.70688e-05 0.000233579
5.085 -9.85087e-05 0.000237813
5.09 -9.99679e-05 0.000242118
5.095 -0.000101447 0.000246495
5.1 -0.000102946 0.000250946
5.105 -0.000104464 0.000255471
5.11 -0.000106004 0.000260071
5.115 -0.000107563 0.000264748
5.12 -0.000109144 0.000269502
5.125 -0.000110746 0.000274336
5.13 -0.000112369 0.00027925
5.135 -0.000114014 0.000284245
5.14 -0.00011568 0.000289323
5.145 -0.000117369 0.000294485
5.15 -0.00011908 0.000299732
5.155 -0.000120814 0.000305066
5.16 -0.000122571 0.000310487
5.165 -0.000124351 0.000315998
5.17 -0.000126155 0.000321599
5.175 -0.000127983 0.000327292
5.18 -0.000129834 0.000333078
5.185 -0.00013171 0.000338959
5.19 -0.000133611 0.000344936
5.195 -0.000135537 0.00035101
5.2 -0.000137488 0.000357184
5.205 -0.000139465 0.000363457
5.21 -0.000141467 0.000369833
5.215 -0.000143496 0.000376313
5.22 -0.000145551 0.000382897
5.225 -0.000147634 0.000389588
5.23 -0.000149743 0.000396388
5.235 -0.00015188 0.000403297
5.24 -0.000154045 0.000410317
5.245 -0.000156238 0.000417451
5.25 -0.00015846 0.000424699
5.255 -0.00016071 0.000432064
5.26 -0.00016299 0.000439547
5.265 -0.000165299 0.00044715
5.27 -0.000167638 0.000454875
5.275 -0.000170008 0.000462723
5.28 -0.000172408 0.000470696
5.285 -0.000174839 0.000478797
5.29 -0.000177302 0.000487027
5.295 -0.000179796 0.000495387
5.3 -0.000182323 0.000503881
5.305 -0.000184882 0.000512509
5.31 -0.000187473 0.000521274
5.315 -0.000190099 0.000530177
5.32 -0.000192758 0.000539222
5.325 -0.000195451 0.000548409
5.33 -0.000198178 0.000557741
5.335 -0.000200941 0.00056722
5.34 -0.000203738 0.000576848
5.345 -0.000206572 0.000586627
5.35 -0.000209442 0.00059656
5.355 -0.000212348 0.000606649
5.36 -0.000215291 0.000616895
5.365 -0.000218272 0.000627301
5.37 -0.000221291 0.00063787
5.375 -0.000224348 0.000648604
5.38 -0.000227444 0.000659505
5.385 -0.000230579 0.000670575
5.39 -0.000233755 0.000681818
5.395 -0.00023697 0.000693235
5.4 -0.000240226 0.000704828
5.405 -0.000243523 0.000716602
5.41 -0.000246862 0.000728557
5.415 -0.000250243 0.000740696
5.42 -0.000253666 0.000753023
5.425 -0.000257133 0.00076554
5.43 -0.000260643 0.000778249
5.435 -0.000264198 0.000791154
5.44 -0.000267797 0.000804257
5.445 -0.000271442 0.00081756
5.45 -0.000275132 0.000831067
5.455 -0.000278869 0.00084478
5.46 -0.000282652 0.000858703
5.465 -0.000286483 0.000872838
5.47 -0.000290361 0.000887189
5.475 -0.000294288 0.000901758
5.48 -0.000298264 0.000916548
5.485 -0.00030229 0.000931562
5.49 -0.000306366 0.000946804
5.495 -0.000310493 0.000962277
5.5 -0.000314671 0.000977984
5.505 -0.000318901 0.000993928
5.51 -0.000323184 0.00101011
5.515 -0.00032752 0.00102654
5.52 -0.000331909 0.00104322
5.525 -0.000336354 0.00106014
5.53 -0.000340853 0.00107732
5.535 -0.000345408 0.00109476
5.54 -0.000350019 0.00111246
5.545 -0.000354687 0.00113042
5.55 -0.000359413 0.00114865
5.555 -0.000364197 0.00116716
5.56 -0.00036904 0.00118594
5.565 -0.000373943 0.001205
5.57 -0.000378907 0.00122434
5.575 -0.000383931 0.00124397
5.58 -0.000389017 0.00126389
5.585 -0.000394166 0.0012841
5.59 -0.000399378 0.00130462
5.595 -0.000404653 0.00132544
5.6 -0.000409994 0.00134656
5.605 -0.0004154 0.001368
5.61 -0.000420872 0.00138975
5.615 -0.000426411 0.00141182
5.62 -0.000432017 0.00143422
5.625 -0.000437692 0.00145694
5.63 -0.000443437 0.00148
5.635 -0.000449251 0.00150339
5.64 -0.000455136 0.00152713
5.645 -0.000461093 0.00155121
5.65 -0.000467122 0.00157564
5.655 -0.000473225 0.00160043
5.66 -0.000479402 0.00162558
5.665 -0.000485653 0.0016511
5.67 -0.000491981 0.00167698
5.675 -0.000498385 0.00170324
5.68 -0.000504867 0.00172988
5.685 -0.000511427 0.00175691
5.69 -0.000518067 0.00178433
5.695 -0.000524787 0.00181214
5.7 -0.000531588 0.00184035
5.705 -0.000538471 0.00186897
5.71 -0.000545437 0.00189799
5.715 -0.000552487 0.00192744
5.72 -0.000559622 0.00195731
5.725 -0.000566843 0.0019876
5.73 -0.000574151 0.00201833
5.735 -0.000581546 0.0020495
5.74 -0.00058903 0.00208111
5.745 -0.000596604 0.00211317
5.75 -0.000604269 0.00214569
5.755 -0.000612026 0.00217867
5.76 -0.000619876 0.00221212
5.765 -0.000627819 0.00224604
5.77 -0.000635857 0.00228044
5.775 -0.000643992 0.00231533
5.78 -0.000652223 0.00235071
5.785 -0.000660553 0.0023866
5.79 -0.000668982 0.00242298
5.795 -0.000677512 0.00245988
5.8 -0.000686143 0.0024973
5.805 -0.000694876 0.00253524
5.81 -0.000703714 0.00257372
5.815 -0.000712656 0.00261273
5.82 -0.000721705 0.00265229
5.825 -0.000730861 0.00269241
5.83 -0.000740125 0.00273308
5.835 -0.000749499 0.00277432
5.84 -0.000758984 0.00281613
5.845 -0.000768581 0.00285853
5.85 -0.000778292 0.00290151
5.855 -0.000788117 0.00294509
5.86 -0.000798059 0.00298928
5.865 -0.000808117 0.00303407
5.87 -0.000818294 0.00307949
5.875 -0.000828591 0.00312553
5.88 -0.000839009 0.0031722
5.885 -0.00084955 0.00321952
5.89 -0.000860214 0.00326749
5.895 -0.000871004 0.00331612
5.9 -0.00088192 0.00336542
5.905 -0.000892964 0.00341539
5.91 -0.000904138 0.00346604
5.915 -0.000915443 0.00351739
5.92 -0.000926879 0.00356944
5.925 -0.00093845 0.0036222
5.93 -0.000950155 0.00367568
5.935 -0.000961998 0.00372988
5.94 -0.000973978 0.00378482
5.945 -0.000986098 0.00384051
5.95 -0.000998359 0.00389695
5.955 -0.00101076 0.00395415
5.96 -0.00102331 0.00401213
5.965 -0.00103601 0.0040709
5.97 -0.00104885 0.00413045
5.975 -0.00106184 0.00419081
5.98 -0.00107498 0.00425197
5.985 -0.00108827 0.00431397
5.99 -0.00110172 0.00437679
5.995 -0.00111532 0.00444045
6 -0.00112908 0.00450497
6.005 -0.001143 0.00457035
6.01 -0.00115708 0.0046366
6.015 -0.00117133 0.00470374
6.02 -0.00118573 0.00477177
6.025 -0.00120031 0.00484071
6.03 -0.00121505 0.00491056
6.035 -0.00122996 0.00498134
6.04 -0.00124504 0.00505306
6.045 -0.00126029 0.00512572
6.05 -0.00127572 0.00519935
6.055 -0.00129133 0.00527395
6.06 -0.00130712 0.00534954
6.065 -0.00132308 0.00542612
6.07 -0.00133923 0.00550371
6.075 -0.00135557 0.00558232
6.08 -0.00137209 0.00566196
6.085 -0.0013888 0.00574264
6.09 -0.0014057 0.00582438
6.095 -0.00142279 0.00590719
6.1 -0.00144008 0.00599108
6.105 -0.00145756 0.00607607
6.11 -0.00147525 0.00616216
6.115 -0.00149313 0.00624937
6.12 -0.00151122 0.00633772
6.125 -0.00152951 0.00642721
6.13 -0.00154801 0.00651787
6.135 -0.00156672 0.00660969
6.14 -0.00158565 0.00670271
6.145 -0.00160478 0.00679693
6.15 -0.00162413 0.00689236
6.155 -0.0016437 0.00698902
6.16 -0.0016635 0.00708692
6.165 -0.00168351 0.00718609
6.17 -0.00170375 0.00728652
6.175 -0.00172422 0.00738825
6.18 -0.00174492 0.00749127
6.185 -0.00176585 0.00759562
6.19 -0.00178702 0.00770129
6.195 -0.00180843 0.00780832
6.2 -0.00183007 0.0079167
6.205 -0.00185196 0.00802647
6.21 -0.00187409 0.00813763
6.215 -0.00189647 0.0082502
6.22 -0.0019191 0.0083642
6.225 -0.00194199 0.00847964
6.23 -0.00196513 0.00859655
6.235 -0.00198852 0.00871492
6.24 -0.00201218 0.00883479
6.245 -0.0020361 0.00895617
6.25 -0.00206029 0.00907908
6.255 -0.00208475 0.00920353
6.26 -0.00210948 0.00932954
6.265 -0.00213448 0.00945714
6.27 -0.00215976 0.00958632
6.275 -0.00218532 0.00971713
6.28 -0.00221117 0.00984956
6.285 -0.0022373 0.00998365
6.29 -0.00226372 0.0101194
6.295 -0.00229043 0.0102569
6.3 -0.00231744 0.010396
6.305 -0.00234474 0.0105369
6.31 -0.00237235 0.0106795
6.315 -0.00240025 0.0108239
6.32 -0.00242847 0.0109701
6.325 -0.002457 0.011118
6.33 -0.00248584 0.0112678
6.335 -0.00251499 0.0114195
6.34 -0.00254447 0.011573
6.345 -0.00257427 0.0117284
6.35 -0.00260439 0.0118857
6.355 -0.00263485 0.0120449
6.36 -0.00266564 0.0122061
6.365 -0.00269676 0.0123692
6.37 -0.00272822 0.0125344
6.375 -0.00276003 0.0127015
6.38 -0.00279218 0.0128707
6.385 -0.00282469 0.0130419
6.39 -0.00285754 0.0132152
6.395 -0.00289076 0.0133906
6.4 -0.00292433 0.0135682
6.405 -0.00295827 0.0137479
6.41 -0.00299258 0.0139297
6.415 -0.00302725 0.0141138
6.42 -0.00306231 0.0143
6.425 -0.00309774 0.0144885
6.43 -0.00313355 0.0146793
6.435 -0.00316975 0.0148723
6.44 -0.00320634 0.0150677
6.445 -0.00324333 0.0152654
6.45 -0.00328071 0.0154655
6.455 -0.0033185 0.0156679
6.46 -0.00335669 0.0158728
6.465 -0.00339529 0.0160801
6.47 -0.0034343 0.0162899
6.475 -0.00347373 0.0165021
6.48 -0.00351359 0.0167169
6.485 -0.00355387 0.0169342
6.49 -0.00359458 0.0171541
6.495 -0.00363573 0.0173766
6.5 -0.00367731 0.0176017
6.505 -0.00371934 0.0178294
6.51 -0.00376181 0.0180599
6.515 -0.00380474 0.018293
6.52 -0.00384812 0.0185289
6.525 -0.00389196 0.0187675
6.53 -0.00393627 0.019009
6.535 -0.00398105 0.0192532
6.54 -0.0040263 0.0195003
6.545 -0.00407203 0.0197503
6.55 -0.00411825 0.0200032
6.555 -0.00416495 0.020259
6.56 -0.00421214 0.0205178
6.565 -0.00425983 0.0207796
6.57 -0.00430803 0.0210445
6.575 -0.00435673 0.0213124
6.58 -0.00440594 0.0215834
6.585 -0.00445567 0.0218575
6.59 -0.00450592 0.0221347
6.595 -0.00455669 0.0224152
6.6 -0.004608 0.0226989
6.605 -0.00465985 0.0229858
6.61 -0.00471223 0.023276
6.615 -0.00476517 0.0235695
6.62 -0.00481865 0.0238664
6.625 -0.00487269 0.0241667
6.63 -0.0049273 0.0244704
6.635 -0.00498247 0.0247775
6.64 -0.00503821 0.0250882
6.645 -0.00509454 0.0254023
6.65 -0.00515144 0.02572
6.655 -0.00520894 0.0260414
6.66 -0.00526703 0.0263663
6.665 -0.00532572 0.0266949
6.67 -0.00538502 0.0270272
6.675 -0.00544493 0.0273633
6.68 -0.00550546 0.0277031
6.685 -0.00556661 0.0280467
6.69 -0.00562839 0.0283942
6.695 -0.0056908 0.0287456
6.7 -0.00575385 0.0291009
6.705 -0.00581755 0.0294602
6.71 -0.00588191 0.0298235
6.715 -0.00594692 0.0301908
6.72 -0.00601259 0.0305622
6.725 -0.00607894 0.0309377
6.73 -0.00614596 0.0313174
6.735 -0.00621367 0.0317013
6.74 -0.00628206 0.0320895
6.745 -0.00635115 0.0324819
6.75 -0.00642095 0.0328786
6.755 -0.00649145 0.0332797
6.76 -0.00656266 0.0336853
6.765 -0.0066346 0.0340952
6.77 -0.00670726 0.0345097
6.775 -0.00678066 0.0349287
6.78 -0.0068548 0.0353523
6.785 -0.00692969 0.0357805
6.79 -0.00700533 0.0362134
6.795 -0.00708173 0.036651
6.8 -0.0071589 0.0370933
6.805 -0.00723685 0.0375405
6.81 -0.00731558 0.0379925
6.815 -0.00739509 0.0384494
6.82 -0.00747541 0.0389112
6.825 -0.00755652 0.039378
6.83 -0.00763845 0.0398499
6.835 -0.00772119 0.0403268
6.84 -0.00780476 0.0408089
6.845 -0.00788915 0.0412961
6.85 -0.00797439 0.0417885
6.855 -0.00806048 0.0422863
6.86 -0.00814742 0.0427893
6.865 -0.00823522 0.0432977
6.87 -0.00832389 0.0438116
6.875 -0.00841344 0.0443309
6.88 -0.00850387 0.0448557
6.885 -0.00859519 0.0453861
6.89 -0.00868742 0.0459221
6.895 -0.00878055 0.0464638
6.9 -0.0088746 0.0470112
6.905 -0.00896957 0.0475644
6.91 -0.00906547 0.0481234
6.915 -0.00916232 0.0486883
6.92 -0.00926011 0.0492591
6.925 -0.00935886 0.049836
6.93 -0.00945857 0.0504188
6.935 -0.00955926 0.0510078
6.94 -0.00966093 0.0516029
6.945 -0.00976359 0.0522043
6.95 -0.00986724 0.0528119
6.955 -0.0099719 0.0534258
6.96 -0.0100776 0.0540461
6.965 -0.0101843 0.0546728
6.97 -0.010292 0.0553061
6.975 -0.0104008 0.0559458
6.98 -0.0105106 0.0565922
6.985 -0.0106215 0.0572453
6.99 -0.0107335 0.057905
6.995 -0.0108465 0.0585716
7 -0.0109606 0.059245
7.005 -0.0110758 0.0599253
7.01 -0.0111921 0.0606126
7.015 -0.0113096 0.0613069
7.02 -0.0114281 0.0620082
7.025 -0.0115478 0.0627168
7.03 -0.0116687 0.0634325
7.035 -0.0117906 0.0641555
7.04 -0.0119138 0.0648859
7.045 -0.0120381 0.0656236
7.05 -0.0121636 0.0663689
7.055 -0.0122903 0.0671216
7.06 -0.0124182 0.067882
7.065 -0.0125473 0.06865
7.07 -0.0126776 0.0694257
7.075 -0.0128091 0.0702092
7.08 -0.0129419 0.0710006
7.085 -0.013076 0.0717999
7.09 -0.0132113 0.0726072
7.095 -0.0133478 0.0734226
7.1 -0.0134857 0.074246
7.105 -0.0136248 0.0750777
7.11 -0.0137653 0.0759177
7.115 -0.013907 0.076766
7.12 -0.0140501 0.0776226
7.125 -0.0141945 0.0784878
7.13 -0.0143403 0.0793615
7.135 -0.0144874 0.0802439
7.14 -0.0146359 0.0811349
7.145 -0.0147858 0.0820347
7.15 -0.014937 0.0829433
7.155 -0.0150897 0.0838608
7.16 -0.0152437 0.0847874
7.165 -0.0153992 0.0857229
7.17 -0.0155561 0.0866676
7.175 -0.0157145 0.0876216
7.18 -0.0158743 0.0885848
7.185 -0.0160356 0.0895573
7.19 -0.0161984 0.0905393
7.195 -0.0163626 0.0915308
7.2 -0.0165284 0.0925319
7.205 -0.0166957 0.0935427
7.21 -0.0168645 0.0945632
7.215 -0.0170348 0.0955935
7.22 -0.0172067 0.0966337
7.225 -0.0173802 0.097684
7.23 -0.0175552 0.0987443
7.235 -0.0177318 0.0998147
7.24 -0.01791 0.100895
7.245 -0.0180898 0.101986
7.25 -0.0182713 0.103088
7.255 -0.0184544 0.104199
7.26 -0.0186391 0.105322
7.265 -0.0188255 0.106455
7.27 -0.0190136 0.107599
7.275 -0.0192033 0.108753
7.28 -0.0193948 0.109919
7.285 -0.0195879 0.111095
7.29 -0.0197828 0.112283
7.295 -0.0199795 0.113481
7.3 -0.0201778 0.114691
7.305 -0.020378 0.115912
7.31 -0.0205799 0.117145
7.315 -0.0207836 0.118389
7.32 -0.0209892 0.119645
7.325 -0.0211965 0.120912
7.33 -0.0214057 0.122191
7.335 -0.0216167 0.123482
7.34 -0.0218296 0.124785
7.345 -0.0220443 0.1261
7.35 -0.022261 0.127428
7.355 -0.0224795 0.128767
7.36 -0.0227 0.130119
7.365 -0.0229224 0.131483
7.37 -0.0231467 0.13286
7.375 -0.023373 0.134249
7.38 -0.0236012 0.135651
7.385 -0.0238315 0.137065
7.39 -0.0240637 0.138493
7.395 -0.024298 0.139934
7.4 -0.0245343 0.141387
7.405 -0.0247726 0.142854
7.41 -0.025013 0.144334
7.415 -0.0252555 0.145828
7.42 -0.0255001 0.147335
7.425 -0.0257467 0.148856
7.43 -0.0259955 0.15039
7.435 -0.0262464 0.151938
7.44 -0.0264995 0.1535
7.445 -0.0267547 0.155076
7.45 -0.0270121 0.156666
7.455 -0.0272718 0.15827
7.46 -0.0275336 0.159888
7.465 -0.0277976 0.161521
7.47 -0.0280639 0.163168
7.475 -0.0283325 0.16483
7.48 -0.0286033 0.166507
7.485 -0.0288764 0.168198
7.49 -0.0291518 0.169905
7.495 -0.0294295 0.171626
7.5 -0.0297096 0.173363
7.505 -0.029992 0.175114
7.51 -0.0302768 0.176881
7.515 -0.030564 0.178664
7.52 -0.0308536 0.180462
7.525 -0.0311456 0.182276
7.53 -0.0314401 0.184105
7.535 -0.031737 0.185951
7.54 -0.0320363 0.187812
7.545 -0.0323382 0.18969
7.55 -0.0326425 0.191584
7.555 -0.0329494 0.193494
7.56 -0.0332588 0.19542
7.565 -0.0335708 0.197363
7.57 -0.0338853 0.199323
7.575 -0.0342024 0.2013
7.58 -0.0345222 0.203293
7.585 -0.0348445 0.205304
7.59 -0.0351695 0.207331
7.595 -0.0354972 0.209376
7.6 -0.0358275 0.211439
7.605 -0.0361605 0.213518
7.61 -0.0364962 0.215616
7.615 -0.0368347 0.217731
7.62 -0.0371759 0.219864
7.625 -0.0375198 0.222015
7.63 -0.0378666 0.224184
7.635 -0.0382161 0.226371
7.64 -0.0385685 0.228576
7.645 -0.0389237 0.2308
7.65 -0.0392818 0.233043
7.655 -0.0396427 0.235304
7.66 -0.0400065 0.237584
7.665 -0.0403732 0.239883
7.67 -0.0407429 0.242201
7.675 -0.0411155 0.244538
7.68 -0.0414911 0.246895
7.685 -0.0418696 0.249271
7.69 -0.0422512 0.251666
7.695 -0.0426358 0.254082
7.7 -0.0430234 0.256517
7.705 -0.0434141 0.258972
7.71 -0.0438078 0.261447
7.715 -0.0442047 0.263942
7.72 -0.0446047 0.266457
7.725 -0.0450078 0.268993
7.73 -0.0454141 0.27155
7.735 -0.0458235 0.274127
7.74 -0.0462362 0.276725
7.745 -0.046652 0.279344
7.75 -0.0470711 0.281985
7.755 -0.0474934 0.284646
7.76 -0.0479191 0.287329
7.765 -0.048348 0.290033
7.77 -0.0487802 0.292759
7.775 -0.0492158 0.295507
7.78 -0.0496547 0.298276
7.785 -0.050097 0.301068
7.79 -0.0505427 0.303881
7.795 -0.0509917 0.306717
7.8 -0.0514443 0.309576
7.805 -0.0519003 0.312457
7.81 -0.0523597 0.315361
7.815 -0.0528227 0.318287
7.82 -0.0532892 0.321237
7.825 -0.0537592 0.32421
7.83 -0.0542327 0.327206
7.835 -0.0547099 0.330225
7.84 -0.0551906 0.333268
7.845 -0.055675 0.336334
7.85 -0.056163 0.339425
7.855 -0.0566546 0.342539
7.86 -0.05715 0.345677
7.865 -0.057649 0.34884
7.87 -0.0581518 0.352027
7.875 -0.0586583 0.355238
7.88 -0.0591686 0.358475
7.885 -0.0596827 0.361736
7.89 -0.0602005 0.365021
7.895 -0.0607223 0.368332
7.9 -0.0612478 0.371669
7.905 -0.0617772 0.37503
7.91 -0.0623106 0.378417
7.915 -0.0628478 0.38183
7.92 -0.063389 0.385268
7.925 -0.0639341 0.388733
7.93 -0.0644833 0.392223
7.935 -0.0650364 0.39574
7.94 -0.0655935 0.399283
7.945 -0.0661547 0.402853
7.95 -0.06672 0.406449
7.955 -0.0672894 0.410072
7.96 -0.0678628 0.413722
7.965 -0.0684404 0.4174
7.97 -0.0690222 0.421104
7.975 -0.0696081 0.424836
7.98 -0.0701982 0.428595
7.985 -0.0707926 0.432382
7.99 -0.0713912 0.436197
7.995 -0.0719941 0.44004
8 -0.0726012 0.443911
8.005 -0.0732127 0.447811
8.01 -0.0738285 0.451739
8.015 -0.0744486 0.455695
8.02 -0.0750732 0.45968
8.025 -0.0757021 0.463694
8.03 -0.0763355 0.467738
8.035 -0.0769733 0.47181
8.04 -0.0776155 0.475912
8.045 -0.0782623 0.480043
8.05 -0.0789136 0.484204
8.055 -0.0795694 0.488394
8.06 -0.0802297 0.492615
8.065 -0.0808947 0.496865
8.07 -0.0815643 0.501146
8.075 -0.0822384 0.505458
8.08 -0.0829173 0.5098
8.085 -0.0836008 0.514172
8.09 -0.084289 0.518576
8.095 -0.0849819 0.52301
8.1 -0.0856795 0.527476
8.105 -0.086382 0.531973
8.11 -0.0870892 0.536501
8.115 -0.0878012 0.541061
8.12 -0.088518 0.545653
8.125 -0.0892397 0.550277
8.13 -0.0899663 0.554933
8.135 -0.0906978 0.559621
8.14 -0.0914342 0.564342
8.145 -0.0921756 0.569095
8.15 -0.0929219 0.573881
8.155 -0.0936732 0.578699
8.16 -0.0944295 0.583551
8.165 -0.0951909 0.588436
8.17 -0.0959573 0.593354
8.175 -0.0967289 0.598306
8.18 -0.0975055 0.603291
8.185 -0.0982872 0.608311
8.19 -0.0990741 0.613364
8.195 -0.0998662 0.618451
8.2 -0.100664 0.623572
8.205 -0.101466 0.628728
8.21 -0.102274 0.633918
8.215 -0.103087 0.639144
8.22 -0.103905 0.644404
8.225 -0.104729 0.649699
8.23 -0.105558 0.655029
8.235 -0.106392 0.660394
8.24 -0.107232 0.665795
8.245 -0.108077 0.671232
8.25 -0.108927 0.676704
8.255 -0.109783 0.682213
8.26 -0.110645 0.687757
8.265 -0.111512 0.693338
8.27 -0.112384 0.698955
8.275 -0.113262 0.704609
8.28 -0.114146 0.7103
8.285 -0.115035 0.716027
8.29 -0.11593 0.721791
8.295 -0.116831 0.727593
8.3 -0.117737 0.733432
8.305 -0.118648 0.739308
8.31 -0.119566 0.745222
8.315 -0.120489 0.751174
8.32 -0.121418 0.757164
8.325 -0.122353 0.763192
8.33 -0.123293 0.769258
8.335 -0.12424 0.775362
8.34 -0.125192 0.781505
8.345 -0.12615 0.787687
8.35 -0.127114 0.793908
8.355 -0.128084 0.800167
8.36 -0.129059 0.806466
8.365 -0.130041 0.812804
8.37 -0.131029 0.819181
8.375 -0.132023 0.825599
8.38 -0.133022 0.832055
8.385 -0.134028 0.838552
8.39 -0.13504 0.845089
8.395 -0.136058 0.851666
8.4 -0.137082 0.858283
8.405 -0.138112 0.864941
8.41 -0.139148 0.87164
8.415 -0.14019 0.878379
8.42 -0.141239 0.885159
8.425 -0.142294 0.89198
8.43 -0.143355 0.898843
8.435 -0.144422 0.905747
8.44 -0.145496 0.912692
8.445 -0.146576 0.919679
8.45 -0.147662 0.926708
8.455 -0.148755 0.933778
8.46 -0.149854 0.940891
8.465 -0.150959 0.948046
8.47 -0.152071 0.955244
8.475 -0.153189 0.962484
8.48 -0.154313 0.969766
8.485 -0.155444 0.977091
8.49 -0.156582 0.98446
8.495 -0.157726 0.991871
8.5 -0.158877 0.999326
8.505 -0.160034 1.00682
8.51 -0.161197 1.01436
8.515 -0.162368 1.02195
8.52 -0.163545 1.02958
8.525 -0.164728 1.03725
8.53 -0.165918 1.04497
8.535 -0.167115 1.05273
8.54 -0.168319 1.06053
8.545 -0.169529 1.06838
8.55 -0.170746 1.07628
8.555 -0.17197 1.08422
8.56 -0.1732 1.0922
8.565 -0.174437 1.10023
8.57 -0.175681 1.1083
8.575 -0.176932 1.11642
8.58 -0.17819 1.12458
8.585 -0.179454 1.13279
8.59 -0.180726 1.14105
8.595 -0.182004 1.14935
8.6 -0.18329 1.1577
8.605 -0.184582 1.16609
8.61 -0.185881 1.17453
8.615 -0.187187 1.18301
8.62 -0.1885 1.19154
8.625 -0.18982 1.20012
8.63 -0.191147 1.20874
8.635 -0.192481 1.21742
8.64 -0.193823 1.22613
8.645 -0.195171 1.2349
8.65 -0.196526 1.24371
8.655 -0.197889 1.25257
8.66 -0.199258 1.26147
8.665 -0.200635 1.27043
8.67 -0.202019 1.27943
8.675 -0.20341 1.28847
8.68 -0.204808 1.29757
8.685 -0.206214 1.30671
8.69 -0.207626 1.31591
8.695 -0.209046 1.32515
8.7 -0.210474 1.33443
8.705 -0.211908 1.34377
8.71 -0.21335 1.35315
8.715 -0.214799 1.36259
8.72 -0.216255 1.37207
8.725 -0.217719 1.3816
8.73 -0.219189 1.39117
8.735 -0.220668 1.4008
8.74 -0.222153 1.41048
8.745 -0.223646 1.4202
8.75 -0.225147 1.42998
8.755 -0.226655 1.4398
8.76 -0.22817 1.44967
8.765 -0.229693 1.45959
8.77 -0.231223 1.46957
8.775 -0.23276 1.47959
8.78 -0.234305 1.48966
8.785 -0.235858 1.49978
8.79 -0.237418 1.50995
8.795 -0.238985 1.52017
8.8 -0.24056 1.53044
8.805 -0.242143 1.54076
8.81 -0.243733 1.55113
8.815 -0.245331 1.56155
8.82 -0.246936 1.57202
8.825 -0.248548 1.58254
8.83 -0.250169 1.59311
8.835 -0.251797 1.60373
8.84 -0.253432 1.6144
8.845 -0.255075 1.62512
8.85 -0.256726 1.6359
8.855 -0.258384 1.64672
8.86 -0.26005 1.6576
8.865 -0.261724 1.66852
8.87 -0.263405 1.6795
8.875 -0.265094 1.69052
8.88 -0.266791 1.7016
8.885 -0.268495 1.71273
8.89 -0.270207 1.72391
8.895 -0.271926 1.73514
8.9 -0.273654 1.74643
8.905 -0.275389 1.75776
8.91 -0.277131 1.76915
8.915 -0.278882 1.78058
8.92 -0.28064 1.79207
8.925 -0.282406 1.80361
8.93 -0.284179 1.8152
8.935 -0.285961 1.82684
8.94 -0.28775 1.83854
8.945 -0.289546 1.85028
8.95 -0.291351 1.86208
8.955 -0.293163 1.87393
8.96 -0.294983 1.88583
8.965 -0.296811 1.89778
8.97 -0.298646 1.90978
8.975 -0.300489 1.92184
8.98 -0.30234 1.93394
8.985 -0.304199 1.9461
8.99 -0.306066 1.95831
8.995 -0.30794 1.97057
9 -0.309822 1.98289
9.005 -0.311712 1.99525
9.01 -0.313609 2.00767
9.015 -0.315515 2.02014
9.02 -0.317428 2.03266
9.025 -0.319349 2.04523
9.03 -0.321277 2.05786
9.035 -0.323214 2.07053
9.04 -0.325158 2.08326
9.045 -0.32711 2.09604
9.05 -0.329069 2.10887
9.055 -0.331037 2.12175
9.06 -0.333012 2.13469
9.065 -0.334995 2.14768
9.07 -0.336985 2.16071
9.075 -0.338984 2.1738
9.08 -0.34099 2.18695
9.085 -0.343004 2.20014
9.09 -0.345025 2.21338
9.095 -0.347054 2.22668
9.1 -0.349091 2.24003
9.105 -0.351136 2.25343
9.11 -0.353188 2.26688
9.115 -0.355248 2.28038
9.12 -0.357316 2.29393
9.125 -0.359392 2.30754
9.13 -0.361475 2.32119
9.135 -0.363565 2.3349
9.14 -0.365664 2.34866
9.145 -0.36777 2.36247
9.15 -0.369883 2.37633
9.155 -0.372005 2.39024
9.16 -0.374134 2.4042
9.165 -0.37627 2.41821
9.17 -0.378414 2.43228
9.175 -0.380566 2.44639
9.18 -0.382725 2.46056
9.185 -0.384892 2.47477
9.19 -0.387066 2.48904
9.195 -0.389248 2.50336
9.2 -0.391437 2.51772
9.205 -0.393634 2.53214
9.21 -0.395838 2.54661
9.215 -0.39805 2.56112
9.22 -0.40027 2.57569
9.225 -0.402496 2.59031
9.23 -0.40473 2.60497
9.235 -0.406972 2.61969
9.24 -0.409221 2.63446
9.245 -0.411477 2.64927
9.25 -0.413741 2.66414
9.255 -0.416012 2.67905
9.26 -0.41829 2.69401
9.265 -0.420576 2.70903
9.27 -0.422868 2.72409
9.275 -0.425169 2.7392
9.28 -0.427476 2.75435
9.285 -0.429791 2.76956
9.29 -0.432112 2.78481
9.295 -0.434441 2.80012
9.3 -0.436777 2.81547
9.305 -0.439121 2.83087
9.31 -0.441471 2.84631
9.315 -0.443828 2.86181
9.32 -0.446193 2.87735
9.325 -0.448564 2.89294
9.33 -0.450943 2.90857
9.335 -0.453329 2.92426
9.34 -0.455721 2.93999
9.345 -0.45812 2.95576
9.35 -0.460527 2.97158
9.355 -0.46294 2.98745
9.36 -0.46536 3.00337
9.365 -0.467787 3.01933
9.37 -0.470221 3.03534
9.375 -0.472661 3.05139
9.38 -0.475108 3.06749
9.385 -0.477562 3.08363
9.39 -0.480023 3.09982
9.395 -0.48249 3.11605
9.4 -0.484964 3.13233
9.405 -0.487444 3.14865
9.41 -0.489931 3.16501
9.415 -0.492425 3.18142
9.42 -0.494924 3.19788
9.425 -0.497431 3.21437
9.43 -0.499944 3.23091
9.435 -0.502463 3.2475
9.44 -0.504988 3.26412
9.445 -0.50752 3.28079
9.45 -0.510058 3.2975
9.455 -0.512603 3.31425
9.46 -0.515153 3.33105
9.465 -0.51771 3.34788
9.47 -0.520273 3.36476
9.475 -0.522842 3.38168
9.48 -0.525417 3.39864
9.485 -0.527997 3.41564
9.49 -0.530584 3.43268
9.495 -0.533177 3.44976
9.5 -0.535776 3.46688
9.505 -0.53838 3.48404
9.51 -0.540991 3.50124
9.515 -0.543607 3.51848
9.52 -0.546229 3.53576
9.525 -0.548856 3.55307
9.53 -0.551489 3.57042
9.535 -0.554128 3.58782
9.54 -0.556772 3.60524
9.545 -0.559421 3.62271
9.55 -0.562076 3.64021
9.555 -0.564737 3.65775
9.56 -0.567403 3.67533
9.565 -0.570074 3.69294
9.57 -0.57275 3.71059
9.575 -0.575431 3.72827
9.58 -0.578118 3.74599
9.585 -0.58081 3.76374
9.59 -0.583506 3.78152
9.595 -0.586208 3.79934
9.6 -0.588915 3.8172
9.605 -0.591626 3.83508
9.61 -0.594343 3.85301
9.615 -0.597064 3.87096
9.62 -0.599789 3.88894
9.625 -0.60252 3.90696
9.63 -0.605255 3.92501
9.635 -0.607995 3.94309
9.64 -0.610739 3.9612
9.645 -0.613487 3.97934
9.65 -0.61624 3.99751
9.655 -0.618997 4.01571
9.66 -0.621759 4.03394
9.665 -0.624525 4.0522
9.67 -0.627294 4.07048
9.675 -0.630068 4.0888
9.68 -0.632846 4.10714
9.685 -0.635628 4.12551
9.69 -0.638414 4.14391
9.695 -0.641204 4.16233
9.7 -0.643997 4.18078
9.705 -0.646794 4.19926
9.71 -0.649595 4.21776
9.715 -0.652399 4.23628
9.72 -0.655207 4.25483
9.725 -0.658018 4.2734
9.73 -0.660832 4.292
9.735 -0.66365 4.31062
9.74 -0.666471 4.32926
9.745 -0.669296 4.34793
9.75 -0.672123 4.36661
9.755 -0.674953 4.38532
9.76 -0.677787 4.40405
9.765 -0.680623 4.42279
9.77 -0.683462 4.44156
9.775 -0.686304 4.46035
9.78 -0.689148 4.47916
9.785 -0.691995 4.49798
9.79 -0.694845 4.51682
9.795 -0.697697 4.53568
9.8 -0.700551 4.55456
9.805 -0.703408 4.57345
9.81 -0.706267 4.59236
9.815 -0.709128 4.61128
9.82 -0.711991 4.63022
9.825 -0.714856 4.64918
9.83 -0.717723 4.66815
9.835 -0.720592 4.68713
9.84 -0.723462 4.70612
9.845 -0.726335 4.72513
9.85 -0.729209 4.74414
9.855 -0.732084 4.76317
9.86 -0.734961 4.78221
9.865 -0.737839 4.80126
9.87 -0.740718 4.82032
9.875 -0.743599 4.83939
9.88 -0.74648 4.85847
9.885 -0.749363 4.87756
9.89 -0.752247 4.89665
9.895 -0.755131 4.91575
9.9 -0.758016 4.93485
9.905 -0.760902 4.95397
9.91 -0.763788 4.97308
9.915 -0.766675 4.9922
9.92 -0.769563 5.01133
9.925 -0.77245 5.03046
9.93 -0.775338 5.04959
9.935 -0.778226 5.06872
9.94 -0.781114 5.08786
9.945 -0.784002 5.107
9.95 -0.78689 5.12613
9.955 -0.789777 5.14527
9.96 -0.792665 5.16441
9.965 -0.795551 5.18354
9.97 -0.798438 5.20267
9.975 -0.801323 5.2218
9.98 -0.804208 5.24093
9.985 -0.807093 5.26005
9.99 -0.809976 5.27917
9.995 -0.812858 5.29829
10 -0.815739 5.31739
10.005 -0.81862 5.33649
10.01 -0.821498 5.35559
10.015 -0.824376 5.37467
10.02 -0.827251 5.39375
10.025 -0.830126 5.41282
10.03 -0.832998 5.43188
10.035 -0.835869 5.45093
10.04 -0.838738 5.46996
10.045 -0.841605 5.48899
10.05 -0.84447 5.508
10.055 -0.847332 5.527
10.06 -0.850193 5.54599
10.065 -0.853051 5.56496
10.07 -0.855906 5.58392
10.075 -0.858759 5.60286
10.08 -0.861609 5.62179
10.085 -0.864456 5.64069
10.09 -0.867301 5.65958
10.095 -0.870142 5.67845
10.1 -0.87298 5.69731
10.105 -0.875815 5.71614
10.11 -0.878646 5.73495
10.115 -0.881474 5.75374
10.12 -0.884299 5.77251
10.125 -0.88712 5.79125
10.13 -0.889937 5.80997
10.135 -0.89275 5.82867
10.14 -0.895559 5.84734
10.145 -0.898364 5.86598
10.15 -0.901164 5.8846
10.155 -0.903961 5.90319
10.16 -0.906752 5.92176
10.165 -0.90954 5.94029
10.17 -0.912322 5.9588
10.175 -0.9151 5.97727
10.18 -0.917873 5.99571
10.185 -0.92064 6.01413
10.19 -0.923403 6.03251
10.195 -0.92616 6.05085
10.2 -0.928912 6.06916
10.205 -0.931658 6.08744
10.21 -0.934399 6.10568
10.215 -0.937134 6.12389
10.22 -0.939863 6.14205
10.225 -0.942586 6.16018
10.23 -0.945303 6.17827
10.235 -0.948014 6.19632
10.24 -0.950718 6.21433
10.245 -0.953416 6.2323
10.25 -0.956108 6.25023
10.255 -0.958792 6.26811
10.26 -0.96147 6.28595
10.265 -0.964141 6.30375
10.27 -0.966805 6.3215
10.275 -0.969462 6.33921
10.28 -0.972111 6.35687
10.285 -0.974753 6.37448
10.29 -0.977387 6.39204
10.295 -0.980013 6.40955
10.3 -0.982632 6.42701
10.305 -0.985243 6.44443
10.31 -0.987846 6.46179
10.315 -0.99044 6.47909
10.32 -0.993026 6.49635
10.325 -0.995604 6.51355
10.33 -0.998173 6.53069
10.335 -1.00073 6.54778
10.34 -1.00329 6.56481
10.345 -1.00583 6.58178
10.35 -1.00836 6.5987
10.355 -1.01089 6.61556
10.36 -1.0134 6.63235
10.365 -1.01591 6.64909
10.37 -1.0184 6.66576
10.375 -1.02089 6.68237
10.38 -1.02337 6.69892
10.385 -1.02583 6.7154
10.39 -1.02829 6.73182
10.395 -1.03073 6.74817
10.4 -1.03317 6.76445
10.405 -1.03559 6.78067
10.41 -1.03801 6.79682
10.415 -1.04041 6.81289
10.42 -1.04281 6.8289
10.425 -1.04519 6.84483
10.43 -1.04756 6.8607
10.435 -1.04992 6.87649
10.44 -1.05226 6.8922
10.445 -1.0546 6.90785
10.45 -1.05693 6.92341
10.455 -1.05924 6.9389
10.46 -1.06154 6.95431
10.465 -1.06383 6.96964
10.47 -1.0661 6.9849
10.475 -1.06837 7.00007
10.48 -1.07062 7.01516
10.485 -1.07286 7.03017
10.49 -1.07508 7.0451
10.495 -1.0773 7.05994
10.5 -1.0795 7.0747
10.505 -1.08168 7.08937
10.51 -1.08386 7.10396
10.515 -1.08602 7.11846
10.52 -1.08816 7.13287
10.525 -1.0903 7.14719
10.53 -1.09242 7.16143
10.535 -1.09452 7.17557
10.54 -1.09661 7.18962
10.545 -1.09869 7.20357
10.55 -1.10075 7.21744
10.555 -1.1028 7.2312
10.56 -1.10483 7.24488
10.565 -1.10685 7.25845
10.57 -1.10885 7.27193
10.575 -1.11084 7.28531
10.58 -1.11281 7.2986
10.585 -1.11477 7.31178
10.59 -1.11671 7.32486
10.595 -1.11864 7.33784
10.6 -1.12055 7.35072
10.605 -1.12244 7.36349
10.61 -1.12432 7.37616
10.615 -1.12619 7.38872
10.62 -1.12803 7.40118
10.625 -1.12986 7.41353
10.63 -1.13168 7.42577
10.635 -1.13347 7.4379
10.64 -1.13525 7.44993
10.645 -1.13701 7.46184
10.65 -1.13876 7.47364
10.655 -1.14049 7.48533
10.66 -1.1422 7.4969
10.665 -1.14389 7.50836
10.67 -1.14557 7.51971
10.675 -1.14722 7.53093
10.68 -1.14886 7.54205
10.685 -1.15049 7.55304
10.69 -1.15209 7.56391
10.695 -1.15368 7.57467
10.7 -1.15524 7.5853
10.705 -1.15679 7.59582
10.71 -1.15832 7.60621
10.715 -1.15983 7.61647
10.72 -1.16132 7.62661
10.725 -1.16279 7.63663
10.73 -1.16425 7.64652
10.735 -1.16568 7.65629
10.74 -1.16709 7.66592
10.745 -1.16849 7.67543
10.75 -1.16986 7.68481
10.755 -1.17122 7.69406
10.76 -1.17255 7.70317
10.765 -1.17387 7.71215
10.77 -1.17516 7.72101
10.775 -1.17643 7.72972
10.78 -1.17769 7.7383
10.785 -1.17892 7.74675
10.79 -1.18013 7.75506
10.795 -1.18132 7.76323
10.8 -1.18249 7.77126
10.805 -1.18364 7.77916
10.81 -1.18476 7.78691
10.815 -1.18587 7.79453
10.82 -1.18695 7.802
10.825 -1.18801 7.80933
10.83 -1.18905 7.81651
10.835 -1.19007 7.82355
10.84 -1.19106 7.83045
10.845 -1.19203 7.8372
10.85 -1.19298 7.8438
10.855 -1.19391 7.85025
10.86 -1.19482 7.85656
10.865 -1.1957 7.86272
10.87 -1.19656 7.86872
10.875 -1.1974 7.87458
10.88 -1.19821 7.88028
10.885 -1.199 7.88583
10.89 -1.19976 7.89123
10.895 -1.20051 7.89647
10.9 -1.20123 7.90155
10.905 -1.20192 7.90649
10.91 -1.20259 7.91126
10.915 -1.20324 7.91587
10.92 -1.20386 7.92033
10.925 -1.20446 7.92463
10.93 -1.20504 7.92877
10.935 -1.20559 7.93275
10.94 -1.20611 7.93656
10.945 -1.20661 7.94021
10.95 -1.20709 7.9437
10.955 -1.20754 7.94703
10.96 -1.20796 7.95019
10.965 -1.20836 7.95319
10.97 -1.20874 7.95601
10.975 -1.20909 7.95868
10.98 -1.20941 7.96117
10.985 -1.20971 7.96349
10.99 -1.20998 7.96565
10.995 -1.21023 7.96763
11 -1.21045 7.96945
11.005 -1.21064 7.97109
11.01 -1.21081 7.97256
11.015 -1.21095 7.97386
11.02 -1.21107 7.97498
11.025 -1.21115 7.97593
11.03 -1.21122 7.9767
11.035 -1.21125 7.9773
11.04 -1.21126 7.97772
11.045 -1.21124 7.97797
11.05 -1.21119 7.97803
11.055 -1.21112 7.97792
11.06 -1.21102 7.97762
11.065 -1.21089 7.97715
11.07 -1.21074 7.97649
11.075 -1.21055 7.97566
11.08 -1.21034 7.97464
11.085 -1.2101 7.97344
11.09 -1.20984 7.97205
11.095 -1.20954 7.97048
11.1 -1.20922 7.96873
11.105 -1.20887 7.96679
11.11 -1.20849 7.96466
11.115 -1.20808 7.96235
11.12 -1.20765 7.95985
11.125 -1.20718 7.95716
11.13 -1.20669 7.95429
11.135 -1.20616 7.95122
11.14 -1.20561 7.94797
11.145 -1.20503 7.94452
11.15 -1.20442 7.94088
11.155 -1.20379 7.93705
11.16 -1.20312 7.93303
11.165 -1.20242 7.92882
11.17 -1.2017 7.92441
11.175 -1.20094 7.91981
11.18 -1.20016 7.91501
11.185 -1.19934 7.91002
11.19 -1.1985 7.90484
11.195 -1.19762 7.89945
11.2 -1.19672 7.89387
11.205 -1.19578 7.8881
11.21 -1.19482 7.88212
11.215 -1.19383 7.87595
11.22 -1.1928 7.86958
11.225 -1.19175 7.86301
11.23 -1.19066 7.85624
11.235 -1.18955 7.84927
11.24 -1.1884 7.8421
11.245 -1.18723 7.83473
11.25 -1.18602 7.82716
11.255 -1.18478 7.81938
11.26 -1.18351 7.8114
11.265 -1.18221 7.80322
11.27 -1.18088 7.79484
11.275 -1.17952 7.78625
11.28 -1.17813 7.77746
11.285 -1.17671 7.76847
11.29 -1.17526 7.75926
11.295 -1.17377 7.74986
11.3 -1.17225 7.74025
11.305 -1.17071 7.73043
11.31 -1.16913 7.7204
11.315 -1.16752 7.71017
11.32 -1.16588 7.69973
11.325 -1.1642 7.68909
11.33 -1.1625 7.67823
11.335 -1.16076 7.66717
11.34 -1.159 7.6559
11.345 -1.1572 7.64442
11.35 -1.15537 7.63273
11.355 -1.1535 7.62084
11.36 -1.15161 7.60873
11.365 -1.14968 7.59641
11.37 -1.14772 7.58388
11.375 -1.14573 7.57115
11.38 -1.14371 7.5582
11.385 -1.14166 7.54504
11.39 -1.13957 7.53167
11.395 -1.13746 7.51808
11.4 -1.13531 7.50429
11.405 -1.13312 7.49028
11.41 -1.13091 7.47607
11.415 -1.12866 7.46164
11.42 -1.12638 7.44699
11.425 -1.12407 7.43214
11.43 -1.12173 7.41707
11.435 -1.11936 7.40179
11.44 -1.11695 7.3863
11.445 -1.11451 7.37059
11.45 -1.11204 7.35467
11.455 -1.10953 7.33853
11.46 -1.107 7.32219
11.465 -1.10443 7.30563
11.47 -1.10183 7.28885
11.475 -1.09919 7.27186
11.48 -1.09653 7.25466
11.485 -1.09383 7.23724
11.49 -1.0911 7.21961
11.495 -1.08833 7.20177
11.5 -1.08554 7.18371
11.505 -1.08271 7.16544
11.51 -1.07985 7.14695
11.515 -1.07696 7.12825
11.52 -1.07403 7.10934
11.525 -1.07108 7.09021
11.53 -1.06809 7.07087
11.535 -1.06507 7.05131
11.54 -1.06201 7.03154
11.545 -1.05892 7.01155
11.55 -1.05581 6.99136
11.555 -1.05265 6.97094
11.56 -1.04947 6.95032
11.565 -1.04626 6.92948
11.57 -1.04301 6.90843
11.575 -1.03973 6.88716
11.58 -1.03641 6.86568
11.585 -1.03307 6.84399
11.59 -1.02969 6.82209
11.595 -1.02628 6.79997
11.6 -1.02284 6.77764
11.605 -1.01937 6.7551
11.61 -1.01587 6.73235
11.615 -1.01233 6.70938
11.62 -1.00876 6.6862
11.625 -1.00516 6.66282
11.63 -1.00153 6.63922
11.635 -0.997861 6.6154
11.64 -0.994164 6.59138
11.645 -0.990436 6.56715
11.65 -0.986676 6.54271
11.655 -0.982885 6.51806
11.66 -0.979061 6.4932
11.665 -0.975207 6.46812
11.67 -0.97132 6.44285
11.675 -0.967403 6.41736
11.68 -0.963454 6.39166
11.685 -0.959473 6.36576
11.69 -0.955461 6.33965
11.695 -0.951418 6.31333
11.7 -0.947344 6.2868
11.705 -0.943239 6.26007
11.71 -0.939103 6.23313
11.715 -0.934935 6.20599
11.72 -0.930737 6.17864
11.725 -0.926508 6.15109
11.73 -0.922248 6.12333
11.735 -0.917958 6.09537
11.74 -0.913637 6.06721
11.745 -0.909285 6.03885
11.75 -0.904903 6.01028
11.755 -0.900491 5.98151
11.76 -0.896048 5.95254
11.765 -0.891576 5.92337
11.77 -0.887073 5.894
11.775 -0.88254 5.86443
11.78 -0.877977 5.83466
11.785 -0.873384 5.80469
11.79 -0.868761 5.77453
11.795 -0.864109 5.74416
11.8 -0.859428 5.71361
11.805 -0.854716 5.68285
11.81 -0.849976 5.6519
11.815 -0.845206 5.62076
11.82 -0.840407 5.58942
11.825 -0.835579 5.55789
11.83 -0.830722 5.52617
11.835 -0.825837 5.49426
11.84 -0.820922 5.46215
11.845 -0.815979 5.42986
11.85 -0.811007 5.39737
11.855 -0.806008 5.3647
11.86 -0.800979 5.33184
11.865 -0.795923 5.29879
11.87 -0.790839 5.26555
11.875 -0.785727 5.23213
11.88 -0.780587 5.19853
11.885 -0.775419 5.16474
11.89 -0.770224 5.13076
11.895 -0.765001 5.09661
11.9 -0.759752 5.06227
11.905 -0.754475 5.02776
11.91 -0.749171 4.99306
11.915 -0.74384 4.95818
11.92 -0.738483 4.92313
11.925 -0.733099 4.8879
11.93 -0.727688 4.85249
11.935 -0.722252 4.81691
11.94 -0.716789 4.78116
11.945 -0.7113 4.74523
11.95 -0.705786 4.70913
11.955 -0.700246 4.67285
11.96 -0.69468 4.63641
11.965 -0.689089 4.5998
11.97 -0.683472 4.56302
11.975 -0.677831 4.52607
11.98 -0.672165 4.48896
11.985 -0.666474 4.45168
11.99 -0.660758 4.41424
11.995 -0.655018 4.37663
12 -0.649254 4.33886
12.005 -0.643466 4.30094
12.01 -0.637654 4.26285
12.015 -0.631818 4.2246
12.02 -0.625958 4.1862
12.025 -0.620076 4.14764
12.03 -0.61417 4.10892
12.035 -0.608241 4.07005
12.04 -0.602289 4.03103
12.045 -0.596314 3.99186
12.05 -0.590317 3.95254
12.055 -0.584298 3.91306
12.06 -0.578257 3.87344
12.065 -0.572194 3.83368
12.07 -0.566109 3.79376
12.075 -0.560002 3.75371
12.08 -0.553875 3.71351
12.085 -0.547726 3.67317
12.09 -0.541556 3.63269
12.095 -0.535365 3.59207
12.1 -0.529154 3.55131
12.105 -0.522923 3.51041
12.11 -0.516672 3.46938
12.115 -0.5104 3.42822
12.12 -0.504109 3.38693
12.125 -0.497799 3.3455
12.13 -0.491469 3.30394
12.135 -0.48512 3.26226
12.14 -0.478752 3.22045
12.145 -0.472366 3.17851
12.15 -0.465961 3.13645
12.155 -0.459538 3.09427
12.16 -0.453097 3.05197
12.165 -0.446638 3.00955
12.17 -0.440161 2.967
12.175 -0.433668 2.92435
12.18 -0.427157 2.88157
12.185 -0.42063 2.83869
12.19 -0.414085 2.79569
12.195 -0.407525 2.75258
12.2 -0.400948 2.70936
12.205 -0.394355 2.66603
12.21 -0.387747 2.6226
12.215 -0.381123 2.57907
12.22 -0.374484 2.53543
12.225 -0.36783 2.49168
12.23 -0.361161 2.44784
12.235 -0.354478 2.40391
12.24 -0.347781 2.35987
12.245 -0.341069 2.31574
12.25 -0.334344 2.27152
12.255 -0.327606 2.2272
12.26 -0.320854 2.1828
12.265 -0.314089 2.1383
12.27 -0.307311 2.09372
12.275 -0.300521 2.04906
12.28 -0.293719 2.00431
12.285 -0.286904 1.95948
12.29 -0.280078 1.91457
12.295 -0.273241 1.86958
12.3 -0.266392 1.82452
12.305 -0.259533 1.77938
12.31 -0.252663 1.73416
12.315 -0.245782 1.68888
12.32 -0.238891 1.64353
12.325 -0.231991 1.59811
12.33 -0.22508 1.55262
12.335 -0.218161 1.50707
12.34 -0.211232 1.46145
12.345 -0.204295 1.41578
12.35 -0.197349 1.37004
12.355 -0.190395 1.32425
12.36 -0.183434 1.27841
12.365 -0.176464 1.23251
12.37 -0.169487 1.18656
12.375 -0.162503 1.14056
12.38 -0.155512 1.09451
12.385 -0.148515 1.04842
12.39 -0.141511 1.00228
12.395 -0.134501 0.9561
12.4 -0.127486 0.909879
12.405 -0.120465 0.86362
12.41 -0.11344 0.817325
12.415 -0.106409 0.770995
12.42 -0.0993741 0.724632
12.425 -0.0923348 0.678239
12.43 -0.0852916 0.631816
12.435 -0.0782447 0.585367
12.44 -0.0711945 0.538893
12.445 -0.0641413 0.492396
12.45 -0.0570853 0.445877
12.455 -0.0500268 0.39934
12.46 -0.0429663 0.352785
12.465 -0.0359038 0.306215
12.47 -0.0288399 0.259632
12.475 -0.0217746 0.213038
12.48 -0.0147085 0.166435
12.485 -0.0076417 0.119824
12.49 -0.00057458 0.0732088
12.495 0.00649257 0.0265899
12.5 0.0135594 -0.0200301
12.505 0.0206257 -0.0666492
12.51 0.0276911 -0.113265
12.515 0.0347553 -0.159877
12.52 0.0418179 -0.206481
12.525 0.0488787 -0.253076
12.53 0.0559374 -0.299661
12.535 0.0629937 -0.346232
12.54 0.0700471 -0.392788
12.545 0.0770975 -0.439326
12.55 0.0841445 -0.485846
12.555 0.0911878 -0.532344
12.56 0.0982271 -0.578818
12.565 0.105262 -0.625267
12.57 0.112292 -0.671688
12.575 0.119318 -0.71808
12.58 0.126338 -0.764439
12.585 0.133352 -0.810765
12.59 0.14036 -0.857054
12.595 0.147363 -0.903306
12.6 0.154358 -0.949517
12.605 0.161347 -0.995686
12.61 0.168329 -1.04181
12.615 0.175303 -1.08789
12.62 0.182269 -1.13392
12.625 0.189227 -1.17989
12.63 0.196176 -1.22582
12.635 0.203117 -1.27169
12.64 0.210048 -1.3175
12.645 0.21697 -1.36326
12.65 0.223883 -1.40895
12.655 0.230785 -1.45457
12.66 0.237676 -1.50014
12.665 0.244557 -1.54563
12.67 0.251427 -1.59105
12.675 0.258285 -1.63641
12.68 0.265132 -1.68168
12.685 0.271966 -1.72688
12.69 0.278788 -1.772
12.695 0.285597 -1.81704
12.7 0.292394 -1.862
12.705 0.299177 -1.90687
12.71 0.305946 -1.95166
12.715 0.312701 -1.99635
12.72 0.319441 -2.04096
12.725 0.326167 -2.08546
12.73 0.332878 -2.12988
12.735 0.339574 -2.17419
12.74 0.346254 -2.21841
12.745 0.352918 -2.26252
12.75 0.359565 -2.30653
12.755 0.366196 -2.35043
12.76 0.37281 -2.39422
12.765 0.379406 -2.4379
12.77 0.385985 -2.48146
12.775 0.392546 -2.52491
12.78 0.399089 -2.56824
12.785 0.405612 -2.61146
12.79 0.412117 -2.65455
12.795 0.418603 -2.69751
12.8 0.425069 -2.74035
12.805 0.431515 -2.78306
12.81 0.437941 -2.82564
12.815 0.444346 -2.86809
12.82 0.45073 -2.9104
12.825 0.457093 -2.95258
12.83 0.463434 -2.99461
12.835 0.469754 -3.03651
12.84 0.476051 -3.07826
12.845 0.482325 -3.11986
12.85 0.488577 -3.16132
12.855 0.494806 -3.20262
12.86 0.501011 -3.24377
12.865 0.507192 -3.28477
12.87 0.513349 -3.32562
12.875 0.519481 -3.3663
12.88 0.525589 -3.40682
12.885 0.531671 -3.44718
12.89 0.537728 -3.48738
12.895 0.54376 -3.52741
12.9 0.549765 -3.56726
12.905 0.555743 -3.60695
12.91 0.561695 -3.64646
12.915 0.56762 -3.6858
12.92 0.573518 -3.72496
12.925 0.579388 -3.76394
12.93 0.58523 -3.80274
12.935 0.591043 -3.84135
12.94 0.596828 -3.87978
12.945 0.602584 -3.91802
12.95 0.608311 -3.95607
12.955 0.614008 -3.99393
12.96 0.619675 -4.03159
12.965 0.625312 -4.06906
12.97 0.630919 -4.10633
12.975 0.636495 -4.1434
12.98 0.642039 -4.18026
12.985 0.647553 -4.21692
12.99 0.653034 -4.25338
12.995 0.658484 -4.28962
13 0.663901 -4.32566
13.005 0.669285 -4.36148
13.01 0.674637 -4.39709
13.015 0.679955 -4.43248
13.02 0.68524 -4.46766
13.025 0.690491 -4.50261
13.03 0.695708 -4.53734
13.035 0.700891 -4.57184
13.04 0.706039 -4.60612
13.045 0.711152 -4.64018
13.05 0.716229 -4.674
13.055 0.721271 -4.70758
13.06 0.726277 -4.74094
13.065 0.731247 -4.77406
13.07 0.736181 -4.80694
13.075 0.741078 -4.83958
13.08 0.745937 -4.87198
13.085 0.75076 -4.90414
13.09 0.755545 -4.93605
13.095 0.760292 -4.96771
13.1 0.765001 -4.99912
13.105 0.769671 -5.03029
13.11 0.774303 -5.0612
13.115 0.778896 -5.09185
13.12 0.78345 -5.12225
13.125 0.787964 -5.15239
13.13 0.792438 -5.18227
13.135 0.796873 -5.21189
13.14 0.801267 -5.24125
13.145 0.80562 -5.27034
13.15 0.809933 -5.29916
13.155 0.814205 -5.32772
13.16 0.818435 -5.356
13.165 0.822624 -5.38401
13.17 0.82677 -5.41175
13.175 0.830875 -5.43921
13.18 0.834937 -5.4664
13.185 0.838957 -5.4933
13.19 0.842934 -5.51993
13.195 0.846868 -5.54627
13.2 0.850758 -5.57233
13.205 0.854605 -5.5981
13.21 0.858408 -5.62359
13.215 0.862167 -5.64879
13.22 0.865882 -5.6737
13.225 0.869552 -5.69831
13.23 0.873177 -5.72264
13.235 0.876758 -5.74666
13.24 0.880293 -5.77039
13.245 0.883782 -5.79383
13.25 0.887226 -5.81696
13.255 0.890624 -5.83979
13.26 0.893976 -5.86232
13.265 0.897282 -5.88455
13.27 0.90054 -5.90647
13.275 0.903753 -5.92808
13.28 0.906918 -5.94939
13.285 0.910036 -5.97038
13.29 0.913106 -5.99107
13.295 0.916129 -6.01144
13.3 0.919104 -6.0315
13.305 0.922032 -6.05124
13.31 0.92491 -6.07067
13.315 0.927741 -6.08978
13.32 0.930523 -6.10857
13.325 0.933256 -6.12704
13.33 0.93594 -6.14519
13.335 0.938575 -6.16301
13.34 0.94116 -6.18051
13.345 0.943696 -6.19769
13.35 0.946182 -6.21454
13.355 0.948618 -6.23106
13.36 0.951005 -6.24725
13.365 0.953341 -6.26311
13.37 0.955626 -6.27864
13.375 0.957861 -6.29384
13.38 0.960045 -6.30871
13.385 0.962178 -6.32324
13.39 0.96426 -6.33743
13.395 0.966291 -6.35129
13.4 0.968271 -6.36481
13.405 0.970199 -6.37799
13.41 0.972075 -6.39083
13.415 0.973899 -6.40333
13.42 0.975672 -6.41549
13.425 0.977392 -6.42731
13.43 0.97906 -6.43878
13.435 0.980676 -6.4499
13.44 0.982239 -6.46069
13.445 0.983749 -6.47112
13.45 0.985206 -6.48121
13.455 0.986611 -6.49095
13.46 0.987963 -6.50034
13.465 0.989261 -6.50938
13.47 0.990506 -6.51807
13.475 0.991698 -6.52641
13.48 0.992836 -6.53439
13.485 0.99392 -6.54203
13.49 0.994951 -6.54931
13.495 0.995928 -6.55623
13.5 0.996851 -6.5628
13.505 0.99772 -6.56901
13.51 0.998535 -6.57487
13.515 0.999295 -6.58037
13.52 1 -6.58551
