0 0 0
0.08 7.4854e-101 -1.73367e-105
0.16 8.75927e-95 -2.59505e-99
0.24 7.23158e-90 -3.34756e-94
0.32 1.01192e-85 -7.67253e-90
0.4 4.45642e-82 -5.45221e-86
0.48 7.67473e-79 -1.44546e-82
0.56 6.37536e-76 -1.76747e-79
0.64 2.88141e-73 -1.12793e-76
0.72 7.81995e-71 -4.1732e-74
0.8 1.37169e-68 -9.68684e-72
0.88 1.64953e-66 -1.5033e-69
0.96 1.42631e-64 -1.64216e-67
1.04 9.22334e-63 -1.03038e-65
1 1.40206e-63 -1.85531e-66
1.04 1.26639e-62 -1.82083e-65
1.02 4.32227e-63 -6.12919e-66
1.04 1.30411e-62 -1.97587e-65
1.06 3.85321e-62 -6.22101e-65
1.08 1.11575e-61 -1.91489e-64
1.1 3.16855e-61 -5.76794e-64
1.12 8.83095e-61 -1.70165e-63
1.14 2.41708e-60 -4.921e-63
1.16 6.50106e-60 -1.39605e-62
1.18 1.71927e-59 -3.88801e-62
1.2 4.47314e-59 -1.06372e-61
1.22 1.14558e-58 -2.86071e-61
1.24 2.88936e-58 -7.56717e-61
1.26 7.18051e-58 -1.96993e-60
1.28 1.75907e-57 -5.04965e-60
1.3 4.24993e-57 -1.27522e-59
1.32 1.01305e-56 -3.17417e-59
1.34 2.38344e-56 -7.79113e-59
1.36 5.53699e-56 -1.88662e-58
1.38 1.27056e-55 -4.50879e-58
1.4 2.88087e-55 -1.06391e-57
1.42 6.45661e-55 -2.47957e-57
1.44 1.4308e-54 -5.71003e-57
1.46 3.13605e-54 -1.29968e-56
1.48 6.80056e-54 -2.92495e-56
1.5 1.45944e-53 -6.51053e-56
1.52 3.1005e-53 -1.43372e-55
1.54 6.52217e-53 -3.12456e-55
1.56 1.35887e-52 -6.74077e-55
1.58 2.80476e-52 -1.43994e-54
1.6 5.73652e-52 -3.0465e-54
1.62 1.16287e-51 -6.38544e-54
1.64 2.33692e-51 -1.32622e-53
1.66 4.65665e-51 -2.73005e-53
1.68 9.20257e-51 -5.57129e-53
1.7 1.804e-50 -1.12736e-52
1.72 3.50861e-50 -2.26243e-52
1.74 6.77153e-50 -4.50384e-52
1.76 1.29708e-49 -8.89543e-52
1.78 2.46632e-49 -1.74344e-51
1.8 4.65592e-49 -3.39139e-51
1.82 8.72778e-49 -6.54869e-51
1.84 1.62484e-48 -1.25548e-50
1.86 3.00465e-48 -2.39006e-50
1.88 5.51965e-48 -4.51877e-50
1.9 1.00746e-47 -8.48614e-50
1.92 1.82725e-47 -1.58321e-49
1.94 3.29369e-47 -2.93473e-49
1.96 5.90111e-47 -5.40575e-49
1.98 1.05101e-46 -9.89598e-49
2 1.86102e-46 -1.80066e-48
2.02 3.27658e-46 -3.25706e-48
2.04 5.73669e-46 -5.85726e-48
2.06 9.98899e-46 -1.04734e-47
2.08 1.73e-45 -1.86231e-47
2.1 2.98046e-45 -3.29335e-47
2.12 5.10826e-45 -5.79278e-47
2.14 8.71082e-45 -1.01355e-46
2.16 1.47802e-44 -1.76423e-46
2.18 2.49563e-44 -3.05535e-46
2.2 4.19369e-44 -5.26501e-46
2.22 7.01398e-44 -9.0284e-46
2.24 1.16768e-43 -1.54076e-45
2.26 1.93512e-43 -2.61701e-45
2.28 3.19267e-43 -4.42448e-45
2.3 5.24439e-43 -7.44626e-45
2.32 8.57757e-43 -1.24758e-44
2.34 1.39699e-42 -2.08106e-44
2.36 2.26576e-42 -3.45637e-44
2.38 3.65978e-42 -5.71619e-44
2.4 5.88776e-42 -9.414e-44
2.42 9.43463e-42 -1.54402e-43
2.44 1.50595e-41 -2.52214e-43
2.46 2.39459e-41 -4.10351e-43
2.48 3.7933e-41 -6.65022e-43
2.5 5.98678e-41 -1.07359e-42
2.52 9.41424e-41 -1.72659e-42
2.54 1.47509e-40 -2.76638e-42
2.56 2.30313e-40 -4.41603e-42
2.58 3.58349e-40 -7.02385e-42
2.6 5.55659e-40 -1.11317e-41
2.62 8.58708e-40 -1.758e-41
2.64 1.32264e-39 -2.76672e-41
2.66 2.03056e-39 -4.33933e-41
2.68 3.10737e-39 -6.78288e-41
2.7 4.74015e-39 -1.05672e-40
2.72 7.2083e-39 -1.64088e-40
2.74 1.09279e-38 -2.53974e-40
2.76 1.65166e-38 -3.91845e-40
2.78 2.4889e-38 -6.02658e-40
2.8 3.73949e-38 -9.24009e-40
2.82 5.60214e-38 -1.41237e-39
2.84 8.36859e-38 -2.15232e-39
2.86 1.24659e-37 -3.27014e-39
2.88 1.85175e-37 -4.95386e-39
2.9 2.74315e-37 -7.48266e-39
2.92 4.05265e-37 -1.12699e-38
2.94 5.97128e-37 -1.69257e-38
2.96 8.77506e-37 -2.53487e-38
2.98 1.28618e-36 -3.78582e-38
3 1.88035e-36 -5.63865e-38
3.02 2.74205e-36 -8.37556e-38
3.04 3.98865e-36 -1.24077e-37
3.06 5.78767e-36 -1.83324e-37
3.08 8.37767e-36 -2.70156e-37
3.1 1.20976e-35 -3.97087e-37
3.12 1.74277e-35 -5.82168e-37
3.14 2.50475e-35 -8.51361e-37
3.16 3.59156e-35 -1.24192e-36
3.18 5.13817e-35 -1.80719e-36
3.2 7.33419e-35 -2.62331e-36
3.22 1.04454e-34 -3.79882e-36
3.24 1.48438e-34 -5.48793e-36
3.26 2.10482e-34 -7.90936e-36
3.28 2.97818e-34 -1.13726e-35
3.3 4.20498e-34 -1.63144e-35
3.32 5.92466e-34 -2.335e-35
3.34 8.33031e-34 -3.33441e-35
3.36 1.16887e-33 -4.75092e-35
3.38 1.63678e-33 -6.75417e-35
3.4 2.28741e-33 -9.58102e-35
3.42 3.19034e-33 -1.35615e-34
3.44 4.44095e-33 -1.91543e-34
3.46 6.16984e-33 -2.69961e-34
3.48 8.55537e-33 -3.79682e-34
3.5 1.18408e-32 -5.32881e-34
3.52 1.63571e-32 -7.46351e-34
3.54 2.25542e-32 -1.0432e-33
3.56 3.1042e-32 -1.45516e-33
3.58 4.26467e-32 -2.02573e-33
3.6 5.84844e-32 -2.81442e-33
3.62 8.00613e-32 -3.90249e-33
3.64 1.09406e-31 -5.40067e-33
3.66 1.49247e-31 -7.45961e-33
3.68 2.03245e-31 -1.02838e-32
3.7 2.7631e-31 -1.41504e-32
3.72 3.75007e-31 -1.94344e-32
3.74 5.08109e-31 -2.66421e-32
3.76 6.87317e-31 -3.64557e-32
3.78 9.28211e-31 -4.97934e-32
3.8 1.25151e-30 -6.78884e-32
3.82 1.6847e-30 -9.2394e-32
3.84 2.26425e-30 -1.25523e-31
3.86 3.03838e-30 -1.70233e-31
3.88 4.07085e-30 -2.30467e-31
3.9 5.44576e-30 -3.11479e-31
3.92 7.27394e-30 -4.20253e-31
3.94 9.70117e-30 -5.66056e-31
3.96 1.2919e-29 -7.61174e-31
3.98 1.71787e-29 -1.02186e-30
4 2.28094e-29 -1.36957e-30
4.02 3.02417e-29 -1.83264e-30
4.04 4.00381e-29 -2.44833e-30
4.06 5.29323e-29 -3.26568e-30
4.08 6.98804e-29 -4.34904e-30
4.1 9.21258e-29 -5.78275e-30
4.12 1.21284e-28 -7.67724e-30
4.14 1.59453e-28 -1.01768e-29
4.16 2.09348e-28 -1.34697e-29
4.18 2.74486e-28 -1.78014e-29
4.2 3.5941e-28 -2.34911e-29
4.22 4.69987e-28 -3.09538e-29
4.24 6.13779e-28 -4.07277e-29
4.26 8.00523e-28 -5.35106e-29
4.28 1.04274e-27 -7.02049e-29
4.3 1.35652e-27 -9.1977e-29
4.32 1.76248e-27 -1.20332e-28
4.34 2.28706e-27 -1.5721e-28
4.36 2.9641e-27 -2.05107e-28
4.38 3.83684e-27 -2.67233e-28
4.4 4.9605e-27 -3.47705e-28
4.42 6.40547e-27 -4.51804e-28
4.44 8.26144e-27 -5.86293e-28
4.46 1.06425e-26 -7.59816e-28
4.48 1.36938e-26 -9.83416e-28
4.5 1.75993e-26 -1.27118e-27
4.52 2.25924e-26 -1.64105e-27
4.54 2.8969e-26 -2.11586e-27
4.56 3.71031e-26 -2.72463e-27
4.58 4.74677e-26 -3.5042e-27
4.6 6.06597e-26 -4.50129e-27
4.62 7.74321e-26 -5.77506e-27
4.64 9.87336e-26 -7.40033e-27
4.66 1.25758e-25 -9.47168e-27
4.68 1.60007e-25 -1.21084e-26
4.7 2.03365e-25 -1.54611e-26
4.72 2.58197e-25 -1.9719e-26
4.74 3.27469e-25 -2.51206e-26
4.76 4.14894e-25 -3.19654e-26
4.78 5.25113e-25 -4.06292e-26
4.8 6.63932e-25 -5.15834e-26
4.82 8.38595e-25 -6.54182e-26
4.84 1.05814e-24 -8.28722e-26
4.86 1.33382e-24 -1.04869e-25
4.88 1.67966e-24 -1.3256e-25
4.9 2.11309e-24 -1.67384e-25
4.92 2.65577e-24 -2.11132e-25
4.94 3.33458e-24 -2.66035e-25
4.96 4.18288e-24 -3.34864e-25
4.98 5.24198e-24 -4.21066e-25
5 6.56304e-24 -5.28915e-25
5.02 8.20931e-24 -6.63714e-25
5.04 1.0259e-23 -8.3203e-25
5.06 1.28086e-23 -1.04199e-24
5.08 1.59772e-23 -1.30364e-24
5.1 1.99115e-23 -1.62939e-24
5.12 2.47923e-23 -2.03457e-24
5.14 3.08419e-23 -2.53805e-24
5.16 3.83337e-23 -3.1631e-24
5.18 4.76033e-23 -3.93836e-24
5.2 5.90627e-23 -4.89901e-24
5.22 7.32173e-23 -6.08832e-24
5.24 9.0686e-23 -7.55938e-24
5.26 1.12227e-22 -9.37728e-24
5.28 1.38766e-22 -1.16218e-23
5.3 1.71437e-22 -1.43906e-23
5.32 2.11624e-22 -1.78032e-23
5.34 2.61015e-22 -2.20055e-23
5.36 3.21668e-22 -2.71759e-23
5.38 3.96092e-22 -3.35319e-23
5.4 4.87341e-22 -4.13389e-23
5.42 5.99128e-22 -5.09198e-23
5.44 7.35971e-22 -6.26681e-23
5.46 9.03352e-22 -7.7062e-23
5.48 1.10793e-21 -9.46829e-23
5.5 1.35777e-21 -1.16237e-22
5.52 1.66267e-21 -1.4258e-22
5.54 2.03447e-21 -1.74751e-22
5.56 2.48751e-21 -2.14008e-22
5.58 3.03912e-21 -2.61873e-22
5.6 3.71026e-21 -3.2019e-22
5.62 4.52623e-21 -3.91184e-22
5.64 5.51754e-21 -4.77546e-22
5.66 6.72101e-21 -5.82521e-22
5.68 8.18098e-21 -7.10024e-22
5.7 9.95086e-21 -8.64774e-22
5.72 1.20949e-20 -1.05245e-21
5.74 1.46904e-20 -1.2799e-21
5.76 1.78301e-20 -1.55534e-21
5.78 2.16255e-20 -1.88866e-21
5.8 2.62105e-20 -2.29172e-21
5.82 3.17455e-20 -2.77877e-21
5.84 3.84226e-20 -3.36689e-21
5.86 4.64722e-20 -4.07655e-21
5.88 5.61697e-20 -4.93227e-21
5.9 6.78448e-20 -5.9634e-21
5.92 8.18914e-20 -7.20504e-21
5.94 9.878e-20 -8.69912e-21
5.96 1.19072e-19 -1.04957e-20
5.98 1.43438e-19 -1.26547e-20
6 1.72677e-19 -1.52474e-20
6.02 2.0774e-19 -1.83589e-20
6.04 2.49762e-19 -2.20904e-20
6.06 3.00089e-19 -2.65627e-20
6.08 3.60328e-19 -3.19192e-20
6.1 4.32383e-19 -3.83306e-20
6.12 5.18521e-19 -4.59999e-20
6.14 6.21427e-19 -5.51678e-20
6.16 7.44293e-19 -6.61203e-20
6.18 8.909e-19 -7.91966e-20
6.2 1.06573e-18 -9.47987e-20
6.22 1.27408e-18 -1.13403e-19
6.24 1.52225e-18 -1.35573e-19
6.26 1.81765e-18 -1.61977e-19
6.28 2.16908e-18 -1.93404e-19
6.3 2.58691e-18 -2.30787e-19
6.32 3.0834e-18 -2.75228e-19
6.34 3.67301e-18 -3.28028e-19
6.36 4.37281e-18 -3.90723e-19
6.38 5.20291e-18 -4.65122e-19
6.4 6.18701e-18 -5.53359e-19
6.42 7.35301e-18 -6.57948e-19
6.44 8.73377e-18 -7.81848e-19
6.46 1.03679e-17 -9.28539e-19
6.48 1.23009e-17 -1.10212e-18
6.5 1.45861e-17 -1.30739e-18
6.52 1.72861e-17 -1.55002e-18
6.54 2.04746e-17 -1.83663e-18
6.56 2.42378e-17 -2.17501e-18
6.58 2.86771e-17 -2.5743e-18
6.6 3.39109e-17 -3.0452e-18
6.62 4.00783e-17 -3.60025e-18
6.64 4.73418e-17 -4.25414e-18
6.66 5.58918e-17 -5.02404e-18
6.68 6.59508e-17 -5.93007e-18
6.7 7.77791e-17 -6.99572e-18
6.72 9.16805e-17 -8.24847e-18
6.74 1.0801e-16 -9.72037e-18
6.76 1.27182e-16 -1.14489e-17
6.78 1.4968e-16 -1.34777e-17
6.8 1.76067e-16 -1.58577e-17
6.82 2.06999e-16 -1.86484e-17
6.84 2.43243e-16 -2.19188e-17
6.86 2.85688e-16 -2.57496e-17
6.88 3.35372e-16 -3.02346e-17
6.9 3.93499e-16 -3.54827e-17
6.92 4.61472e-16 -4.16208e-17
6.94 5.40919e-16 -4.87963e-17
6.96 6.33732e-16 -5.71804e-17
6.98 7.42108e-16 -6.6972e-17
7 8.68595e-16 -7.84017e-17
7.02 1.01615e-15 -9.17372e-17
7.04 1.1882e-15 -1.07289e-16
7.06 1.38872e-15 -1.25416e-16
7.08 1.62231e-15 -1.46536e-16
7.1 1.89429e-15 -1.7113e-16
7.12 2.21083e-15 -1.99758e-16
7.14 2.57906e-15 -2.33064e-16
7.16 3.00722e-15 -2.71795e-16
7.18 3.50484e-15 -3.16816e-16
7.2 4.08292e-15 -3.69122e-16
7.22 4.75418e-15 -4.29865e-16
7.24 5.53328e-15 -5.00375e-16
7.26 6.43714e-15 -5.82184e-16
7.28 7.48527e-15 -6.77061e-16
7.3 8.70017e-15 -7.87044e-16
7.32 1.01077e-14 -9.14482e-16
7.34 1.17379e-14 -1.06208e-15
7.36 1.36248e-14 -1.23295e-15
7.38 1.58082e-14 -1.43068e-15
7.4 1.83335e-14 -1.6594e-15
7.42 2.1253e-14 -1.92383e-15
7.44 2.46267e-14 -2.22943e-15
7.46 2.85238e-14 -2.58246e-15
7.48 3.30234e-14 -2.99011e-15
7.5 3.82165e-14 -3.46062e-15
7.52 4.42076e-14 -4.00346e-15
7.54 5.11164e-14 -4.6295e-15
7.56 5.90802e-14 -5.35117e-15
7.58 6.82562e-14 -6.18276e-15
7.6 7.88247e-14 -7.14059e-15
7.62 9.0992e-14 -8.24339e-15
7.64 1.04994e-13 -9.51259e-15
7.66 1.21102e-13 -1.09727e-14
7.68 1.39624e-13 -1.26517e-14
7.7 1.60914e-13 -1.45818e-14
7.72 1.85376e-13 -1.67995e-14
7.74 2.1347e-13 -1.93467e-14
7.76 2.45725e-13 -2.22711e-14
7.78 2.82741e-13 -2.56275e-14
7.8 3.25205e-13 -2.9478e-14
7.82 3.739e-13 -3.38936e-14
7.84 4.29718e-13 -3.89554e-14
7.86 4.93676e-13 -4.47557e-14
7.88 5.66936e-13 -5.13996e-14
7.9 6.50815e-13 -5.9007e-14
7.92 7.46819e-13 -6.77143e-14
7.94 8.56658e-13 -7.76768e-14
7.96 9.82278e-13 -8.9071e-14
7.98 1.12589e-12 -1.02098e-13
8 1.29002e-12 -1.16986e-13
8.02 1.47753e-12 -1.33995e-13
8.04 1.69165e-12 -1.53419e-13
8.06 1.93609e-12 -1.75594e-13
8.08 2.21503e-12 -2.00899e-13
8.1 2.53323e-12 -2.29767e-13
8.12 2.89609e-12 -2.62687e-13
8.14 3.30971e-12 -3.00214e-13
8.16 3.78104e-12 -3.42977e-13
8.18 4.31794e-12 -3.9169e-13
8.2 4.9293e-12 -4.47161e-13
8.22 5.62522e-12 -5.10305e-13
8.24 6.4171e-12 -5.82158e-13
8.26 7.31787e-12 -6.63893e-13
8.28 8.34215e-12 -7.56836e-13
8.3 9.50646e-12 -8.62488e-13
8.32 1.08295e-11 -9.82545e-13
8.34 1.23324e-11 -1.11892e-12
8.36 1.4039e-11 -1.27379e-12
8.38 1.59762e-11 -1.44959e-12
8.4 1.81745e-11 -1.64909e-12
8.42 2.06683e-11 -1.87541e-12
8.44 2.34963e-11 -2.13206e-12
8.46 2.67022e-11 -2.423e-12
8.48 3.03353e-11 -2.75273e-12
8.5 3.44512e-11 -3.12627e-12
8.52 3.91124e-11 -3.54932e-12
8.54 4.43896e-11 -4.02827e-12
8.56 5.03622e-11 -4.57034e-12
8.58 5.71195e-11 -5.18364e-12
8.6 6.47623e-11 -5.87732e-12
8.62 7.34037e-11 -6.66165e-12
8.64 8.31712e-11 -7.54818e-12
8.66 9.42079e-11 -8.54993e-12
8.68 1.06675e-10 -9.6815e-12
8.7 1.20753e-10 -1.09593e-11
8.72 1.36645e-10 -1.24018e-11
8.74 1.54579e-10 -1.40297e-11
8.76 1.74812e-10 -1.58663e-11
8.78 1.97632e-10 -1.79376e-11
8.8 2.23359e-10 -2.02729e-11
8.82 2.52357e-10 -2.29051e-11
8.84 2.85031e-10 -2.5871e-11
8.86 3.21836e-10 -2.92119e-11
8.88 3.63281e-10 -3.2974e-11
8.9 4.09937e-10 -3.72092e-11
8.92 4.62443e-10 -4.19755e-11
8.94 5.21516e-10 -4.73379e-11
8.96 5.87957e-10 -5.33691e-11
8.98 6.62661e-10 -6.01506e-11
9 7.46633e-10 -6.77733e-11
9.02 8.40993e-10 -7.63392e-11
9.04 9.46996e-10 -8.5962e-11
9.06 1.06604e-09 -9.6769e-11
9.08 1.1997e-09 -1.08902e-10
9.1 1.34972e-09 -1.22521e-10
9.12 1.51805e-09 -1.37802e-10
9.14 1.70687e-09 -1.54944e-10
9.16 1.91863e-09 -1.74167e-10
9.18 2.15602e-09 -1.95718e-10
9.2 2.42209e-09 -2.19873e-10
9.22 2.72022e-09 -2.46937e-10
9.24 3.05416e-09 -2.77254e-10
9.26 3.42812e-09 -3.11203e-10
9.28 3.84678e-09 -3.4921e-10
9.3 4.31534e-09 -3.91748e-10
9.32 4.83961e-09 -4.39344e-10
9.34 5.42605e-09 -4.92584e-10
9.36 6.08185e-09 -5.5212e-10
9.38 6.81502e-09 -6.18681e-10
9.4 7.63444e-09 -6.93073e-10
9.42 8.55004e-09 -7.76196e-10
9.44 9.57279e-09 -8.69048e-10
9.46 1.0715e-08 -9.72741e-10
9.48 1.19901e-08 -1.08851e-09
9.5 1.34134e-08 -1.21772e-09
9.52 1.50015e-08 -1.36191e-09
9.54 1.67732e-08 -1.52275e-09
9.56 1.8749e-08 -1.70213e-09
9.58 2.0952e-08 -1.90213e-09
9.6 2.34076e-08 -2.12507e-09
9.62 2.6144e-08 -2.3735e-09
9.64 2.91925e-08 -2.65028e-09
9.66 3.2588e-08 -2.95854e-09
9.68 3.63688e-08 -3.3018e-09
9.7 4.05776e-08 -3.68392e-09
9.72 4.52618e-08 -4.10918e-09
9.74 5.04735e-08 -4.58235e-09
9.76 5.62707e-08 -5.10868e-09
9.78 6.27176e-08 -5.69399e-09
9.8 6.98852e-08 -6.34473e-09
9.82 7.7852e-08 -7.06803e-09
9.84 8.67049e-08 -7.87179e-09
9.86 9.65399e-08 -8.76471e-09
9.88 1.07463e-07 -9.75645e-09
9.9 1.19593e-07 -1.08577e-08
9.92 1.33057e-07 -1.20801e-08
9.94 1.48001e-07 -1.34369e-08
9.96 1.64582e-07 -1.49423e-08
9.98 1.82976e-07 -1.66122e-08
10 2.03374e-07 -1.84642e-08
10.02 2.25991e-07 -2.05176e-08
10.04 2.51061e-07 -2.27938e-08
10.06 2.78844e-07 -2.53162e-08
10.08 3.09626e-07 -2.8111e-08
10.1 3.43723e-07 -3.12067e-08
10.12 3.81482e-07 -3.46349e-08
10.14 4.23287e-07 -3.84304e-08
10.16 4.6956e-07 -4.26316e-08
10.18 5.20766e-07 -4.72807e-08
10.2 5.77419e-07 -5.24243e-08
10.22 6.40083e-07 -5.81137e-08
10.24 7.09379e-07 -6.44053e-08
10.26 7.85992e-07 -7.13611e-08
10.28 8.70674e-07 -7.90495e-08
10.3 9.64253e-07 -8.75458e-08
10.32 1.06764e-06 -9.69325e-08
10.34 1.18184e-06 -1.07301e-07
10.36 1.30795e-06 -1.1875e-07
10.38 1.44718e-06 -1.31391e-07
10.4 1.60086e-06 -1.45345e-07
10.42 1.77046e-06 -1.60743e-07
10.44 1.95757e-06 -1.77731e-07
10.46 2.16397e-06 -1.96471e-07
10.48 2.39158e-06 -2.17136e-07
10.5 2.64254e-06 -2.39922e-07
10.52 2.91917e-06 -2.65038e-07
10.54 3.22404e-06 -2.92718e-07
10.56 3.55995e-06 -3.23216e-07
10.58 3.92998e-06 -3.56812e-07
10.6 4.3375e-06 -3.93812e-07
10.62 4.78622e-06 -4.34553e-07
10.64 5.2802e-06 -4.79402e-07
10.66 5.82387e-06 -5.28763e-07
10.68 6.42211e-06 -5.83079e-07
10.7 7.08025e-06 -6.42834e-07
10.72 7.80414e-06 -7.08558e-07
10.74 8.60017e-06 -7.80832e-07
10.76 9.47534e-06 -8.60291e-07
10.78 1.04373e-05 -9.47632e-07
10.8 1.14945e-05 -1.04362e-06
10.82 1.2656e-05 -1.14907e-06
10.84 1.39319e-05 -1.26492e-06
10.86 1.53332e-05 -1.39215e-06
10.88 1.68718e-05 -1.53184e-06
10.9 1.8561e-05 -1.6852e-06
10.92 2.04149e-05 -1.85353e-06
10.94 2.24492e-05 -2.03823e-06
10.96 2.46811e-05 -2.24087e-06
10.98 2.71293e-05 -2.46315e-06
11 2.9814e-05 -2.70691e-06
11.02 3.27577e-05 -2.97417e-06
11.04 3.59845e-05 -3.26715e-06
11.06 3.9521e-05 -3.58824e-06
11.08 4.33962e-05 -3.94008e-06
11.1 4.76416e-05 -4.32554e-06
11.12 5.22917e-05 -4.74773e-06
11.14 5.73839e-05 -5.21007e-06
11.16 6.29592e-05 -5.71628e-06
11.18 6.90623e-05 -6.2704e-06
11.2 7.57417e-05 -6.87684e-06
11.22 8.30504e-05 -7.54043e-06
11.24 9.10461e-05 -8.26638e-06
11.26 9.97916e-05 -9.06042e-06
11.28 0.000109355 -9.92876e-06
11.3 0.000119812 -1.08782e-05
11.32 0.000131243 -1.1916e-05
11.34 0.000143735 -1.30502e-05
11.36 0.000157386 -1.42897e-05
11.38 0.0001723 -1.56437e-05
11.4 0.00018859 -1.71227e-05
11.42 0.00020638 -1.87379e-05
11.44 0.000225804 -2.05015e-05
11.46 0.000247008 -2.24267e-05
11.48 0.000270152 -2.4528e-05
11.5 0.000295407 -2.6821e-05
11.52 0.000322961 -2.93228e-05
11.54 0.000353017 -3.20517e-05
11.56 0.000385798 -3.5028e-05
11.58 0.000421542 -3.82733e-05
11.6 0.00046051 -4.18114e-05
11.62 0.000502986 -4.5668e-05
11.64 0.000549277 -4.98709e-05
11.66 0.000599714 -5.44503e-05
11.68 0.000654661 -5.94391e-05
11.7 0.000714509 -6.48729e-05
11.72 0.000779682 -7.07903e-05
11.74 0.000850643 -7.7233e-05
11.76 0.00092789 -8.42466e-05
11.78 0.00101197 -9.18801e-05
11.8 0.00110346 -0.000100187
11.82 0.001203 -0.000109225
11.84 0.00131128 -0.000119056
11.86 0.00142904 -0.000129748
11.88 0.00155711 -0.000141376
11.9 0.00169633 -0.000154017
11.92 0.00184768 -0.000167758
11.94 0.00201216 -0.000182692
11.96 0.0021909 -0.00019892
11.98 0.00238508 -0.000216551
12 0.00259601 -0.000235702
12.02 0.00282509 -0.000256501
12.04 0.00307384 -0.000279086
12.06 0.0033439 -0.000303606
12.08 0.00363705 -0.000330222
12.1 0.0039552 -0.000359108
12.12 0.00430042 -0.000390452
12.14 0.00467496 -0.000424458
12.16 0.00508123 -0.000461345
12.18 0.00552185 -0.00050135
12.2 0.00599963 -0.00054473
12.22 0.00651763 -0.000591761
12.24 0.00707912 -0.000642741
12.26 0.00768767 -0.000697993
12.28 0.0083471 -0.000757865
12.3 0.00906154 -0.000822732
12.32 0.00983545 -0.000892999
12.34 0.0106736 -0.000969102
12.36 0.0115813 -0.00105151
12.38 0.012564 -0.00114074
12.4 0.0136278 -0.00123732
12.42 0.0147792 -0.00134186
12.44 0.0160252 -0.00145499
12.46 0.0173733 -0.00157739
12.48 0.0188317 -0.00170981
12.5 0.0204092 -0.00185303
12.52 0.022115 -0.00200791
12.54 0.0239595 -0.00217538
12.56 0.0259536 -0.00235643
12.58 0.028109 -0.00255212
12.6 0.0304384 -0.00276362
12.62 0.0329554 -0.00299215
12.64 0.0356747 -0.00323905
12.66 0.0386122 -0.00350575
12.68 0.0417847 -0.0037938
12.7 0.0452106 -0.00410485
12.72 0.0489094 -0.00444068
12.74 0.0529023 -0.00480321
12.76 0.0572121 -0.00519451
12.78 0.061863 -0.00561679
12.8 0.0668813 -0.00607242
12.82 0.0722952 -0.00656396
12.84 0.0781348 -0.00709417
12.86 0.0844328 -0.00766599
12.88 0.091224 -0.00828259
12.9 0.0985459 -0.00894738
12.92 0.106439 -0.009664
12.94 0.114946 -0.0104364
12.96 0.124113 -0.0112687
12.98 0.133991 -0.0121656
13 0.144632 -0.0131317
13.02 0.156094 -0.0141724
13.04 0.168439 -0.0152932
13.06 0.181731 -0.0165001
13.08 0.196043 -0.0177995
13.1 0.211448 -0.0191982
13.12 0.22803 -0.0207038
13.14 0.245874 -0.0223239
13.16 0.265075 -0.0240672
13.18 0.285731 -0.0259426
13.2 0.30795 -0.02796
13.22 0.331846 -0.0301296
13.24 0.357543 -0.0324628
13.26 0.385172 -0.0349713
13.28 0.414873 -0.037668
13.3 0.446798 -0.0405666
13.32 0.481108 -0.0436817
13.34 0.517975 -0.047029
13.36 0.557584 -0.0506252
13.38 0.600132 -0.0544884
13.4 0.645832 -0.0586377
13.42 0.69491 -0.0630937
13.44 0.747607 -0.0678782
13.46 0.804182 -0.0730149
13.48 0.864911 -0.0785287
13.5 0.930091 -0.0844466
13.52 1 -0.090794
