0 -0 -0
0.08 -8.59887e-09 8.57642e-13
0.16 -4.47231e-07 1.27638e-10
0.12 -9.53155e-08 1.97142e-11
0.1 -3.27246e-08 5.05519e-12
0.12 -9.7557e-08 2.1607e-11
0.14 -2.45656e-07 7.37086e-11
0.16 -5.46588e-07 2.13185e-10
0.18 -1.1064e-06 5.43637e-10
0.2 -2.07843e-06 1.25538e-09
0.22 -3.67539e-06 2.67554e-09
0.24 -6.18265e-06 5.3371e-09
0.26 -9.97275e-06 1.00709e-08
0.28 -1.55209e-05 1.81252e-08
0.3 -2.34216e-05 3.13175e-08
0.32 -3.44059e-05 5.22229e-08
0.34 -4.936e-05 8.44061e-08
0.36 -6.93443e-05 1.327e-07
0.38 -9.56128e-05 2.03537e-07
0.4 -0.000129633 3.05344e-07
0.42 -0.000173109 4.48992e-07
0.44 -0.000227998 6.4833e-07
0.46 -0.000296535 9.20783e-07
0.48 -0.000381255 1.28804e-06
0.5 -0.000485009 1.77681e-06
0.52 -0.000610993 2.41973e-06
0.54 -0.00076276 3.25628e-06
0.56 -0.000944248 4.33387e-06
0.58 -0.0011598 5.70902e-06
0.6 -0.00141416 7.44863e-06
0.62 -0.00171255 9.63142e-06
0.64 -0.00206062 1.23494e-05
0.66 -0.0024645 1.57096e-05
0.68 -0.00293081 1.98356e-05
0.7 -0.00346668 2.48699e-05
0.72 -0.00407976 3.09755e-05
0.74 -0.00477821 3.83381e-05
0.76 -0.00557075 4.71688e-05
0.78 -0.00646664 5.77059e-05
0.8 -0.00747569 7.02181e-05
0.82 -0.00860827 8.50066e-05
0.84 -0.00987531 0.000102408
0.86 -0.0112883 0.000122798
0.88 -0.0128593 0.000146593
0.9 -0.0146009 0.000174255
0.92 -0.0165263 0.000206292
0.94 -0.0186492 0.000243265
0.96 -0.0209837 0.00028579
0.98 -0.0235448 0.000334538
1 -0.0263475 0.000390247
1.02 -0.0294077 0.000453714
1.04 -0.0327415 0.000525811
1.06 -0.0363656 0.000607478
1.08 -0.040297 0.000699735
1.1 -0.0445532 0.000803681
1.12 -0.049152 0.000920499
1.14 -0.0541114 0.00105146
1.16 -0.0594499 0.00119792
1.18 -0.0651862 0.00136135
1.2 -0.071339 0.00154329
1.22 -0.0779274 0.00174542
1.24 -0.0849706 0.00196948
1.26 -0.0924877 0.00221735
1.28 -0.100498 0.00249103
1.3 -0.109021 0.0027926
1.32 -0.118075 0.00312429
1.34 -0.127679 0.00348843
1.36 -0.137853 0.00388749
1.38 -0.148615 0.00432404
1.4 -0.159983 0.00480081
1.42 -0.171974 0.00532062
1.44 -0.184607 0.00588646
1.46 -0.197898 0.00650141
1.48 -0.211863 0.00716872
1.5 -0.226518 0.00789174
1.52 -0.241879 0.00867396
1.54 -0.257959 0.00951901
1.56 -0.274771 0.0104306
1.58 -0.292329 0.0114127
1.6 -0.310644 0.0124693
1.62 -0.329727 0.0136044
1.64 -0.349586 0.0148224
1.66 -0.37023 0.0161276
1.68 -0.391666 0.0175245
1.7 -0.413901 0.0190177
1.72 -0.436938 0.0206118
1.74 -0.46078 0.0223117
1.76 -0.48543 0.0241223
1.78 -0.510887 0.0260485
1.8 -0.537149 0.0280953
1.82 -0.564215 0.030268
1.84 -0.592078 0.0325716
1.86 -0.620733 0.0350114
1.88 -0.650171 0.0375927
1.9 -0.680383 0.0403208
1.92 -0.711356 0.043201
1.94 -0.743078 0.0462387
1.96 -0.775531 0.0494392
1.98 -0.8087 0.0528079
2 -0.842565 0.0563501
2.02 -0.877104 0.0600709
2.04 -0.912294 0.0639757
2.06 -0.94811 0.0680696
2.08 -0.984525 0.0723577
2.1 -1.02151 0.0768449
2.12 -1.05903 0.081536
2.14 -1.09706 0.0864359
2.16 -1.13556 0.091549
2.18 -1.17449 0.0968798
2.2 -1.21382 0.102432
2.22 -1.2535 0.108211
2.24 -1.29349 0.114219
2.26 -1.33375 0.120461
2.28 -1.37423 0.126939
2.3 -1.41488 0.133657
2.32 -1.45565 0.140617
2.34 -1.4965 0.147822
2.36 -1.53736 0.155274
2.38 -1.5782 0.162975
2.4 -1.61894 0.170925
2.42 -1.65953 0.179127
2.44 -1.69991 0.187581
2.46 -1.74003 0.196286
2.48 -1.77983 0.205242
2.5 -1.81924 0.21445
2.52 -1.85819 0.223906
2.54 -1.89664 0.233611
2.56 -1.9345 0.243561
2.58 -1.97173 0.253754
2.6 -2.00824 0.264186
2.62 -2.04399 0.274854
2.64 -2.07889 0.285753
2.66 -2.11289 0.296877
2.68 -2.14592 0.308222
2.7 -2.17791 0.319781
2.72 -2.2088 0.331547
2.74 -2.23851 0.343513
2.76 -2.267 0.35567
2.78 -2.29418 0.368009
2.8 -2.32001 0.380521
2.82 -2.3444 0.393196
2.84 -2.36731 0.406022
2.86 -2.38867 0.418988
2.88 -2.40841 0.432083
2.9 -2.42649 0.445292
2.92 -2.44285 0.458603
2.94 -2.45742 0.472
2.96 -2.47015 0.48547
2.98 -2.481 0.498996
3 -2.48991 0.512562
3.02 -2.49683 0.526151
3.04 -2.50171 0.539745
3.06 -2.50452 0.553327
3.08 -2.50521 0.566877
3.1 -2.50374 0.580376
3.12 -2.50008 0.593803
3.14 -2.49419 0.607139
3.16 -2.48603 0.620363
3.18 -2.47559 0.633451
3.2 -2.46284 0.646383
3.22 -2.44775 0.659136
3.24 -2.4303 0.671686
3.26 -2.41049 0.684011
3.28 -2.38829 0.696086
3.3 -2.36371 0.707888
3.32 -2.33672 0.719393
3.34 -2.30734 0.730574
3.36 -2.27556 0.741409
3.38 -2.24139 0.751871
3.4 -2.20483 0.761936
3.42 -2.16591 0.771579
3.44 -2.12463 0.780774
3.46 -2.08101 0.789496
3.48 -2.03509 0.797721
3.5 -1.98688 0.805423
3.52 -1.93643 0.812579
3.54 -1.88375 0.819162
3.56 -1.82891 0.82515
3.58 -1.77192 0.830518
3.6 -1.71285 0.835243
3.62 -1.65175 0.839303
3.64 -1.58866 0.842674
3.66 -1.52365 0.845336
3.68 -1.45678 0.847267
3.7 -1.3881 0.848447
3.72 -1.3177 0.848856
3.74 -1.24564 0.848476
3.76 -1.172 0.847288
3.78 -1.09685 0.845276
3.8 -1.02028 0.842424
3.82 -0.942369 0.838717
3.84 -0.86321 0.834142
3.86 -0.782891 0.828685
3.88 -0.701504 0.822336
3.9 -0.619147 0.815084
3.92 -0.535917 0.80692
3.94 -0.451915 0.797838
3.96 -0.367243 0.787831
3.98 -0.282006 0.776895
4 -0.196312 0.765027
4.02 -0.110267 0.752224
4.04 -0.0239836 0.738488
4.06 0.0624284 0.72382
4.08 0.148856 0.708222
4.1 0.235185 0.6917
4.12 0.321302 0.67426
4.14 0.407091 0.655911
4.16 0.492436 0.636662
4.18 0.577221 0.616525
4.2 0.661331 0.595513
4.22 0.744648 0.573641
4.24 0.827057 0.550926
4.26 0.908442 0.527386
4.28 0.988689 0.503041
4.3 1.06768 0.477914
4.32 1.14531 0.452027
4.34 1.22146 0.425406
4.36 1.29603 0.398077
4.38 1.3689 0.370069
4.4 1.43996 0.341413
4.42 1.50912 0.312138
4.44 1.57626 0.282279
4.46 1.6413 0.25187
4.48 1.70412 0.220946
4.5 1.76464 0.189546
4.52 1.82277 0.157707
4.54 1.8784 0.12547
4.56 1.93147 0.0928747
4.58 1.98188 0.0599642
4.6 2.02956 0.0267816
4.62 2.07443 -0.00662898
4.64 2.11641 -0.0402223
4.66 2.15545 -0.0739525
4.68 2.19147 -0.107773
4.7 2.22443 -0.141635
4.72 2.25425 -0.175492
4.74 2.2809 -0.209295
4.76 2.30432 -0.242994
4.78 2.32448 -0.27654
4.8 2.34133 -0.309883
4.82 2.35485 -0.342974
4.84 2.365 -0.375762
4.86 2.37177 -0.408197
4.88 2.37514 -0.44023
4.9 2.37509 -0.47181
4.92 2.37162 -0.502888
4.94 2.36473 -0.533414
4.96 2.35441 -0.56334
4.98 2.34068 -0.592619
5 2.32355 -0.621201
5.02 2.30304 -0.649041
5.04 2.27917 -0.676092
5.06 2.25197 -0.70231
5.08 2.22147 -0.72765
5.1 2.18771 -0.752069
5.12 2.15074 -0.775525
5.14 2.1106 -0.797978
5.16 2.06736 -0.819389
5.18 2.02105 -0.839719
5.2 1.97176 -0.858932
5.22 1.91954 -0.876993
5.24 1.86448 -0.893869
5.26 1.80664 -0.909529
5.28 1.74611 -0.923943
5.3 1.68297 -0.937083
5.32 1.61731 -0.948922
5.34 1.54924 -0.959437
5.36 1.47884 -0.968606
5.38 1.40621 -0.976408
5.4 1.33147 -0.982826
5.42 1.25472 -0.987843
5.44 1.17607 -0.991446
5.46 1.09564 -0.993624
5.48 1.01354 -0.994366
5.5 0.929903 -0.993667
5.52 0.844846 -0.991521
5.54 0.758495 -0.987927
5.56 0.670979 -0.982883
5.58 0.582429 -0.976392
5.6 0.492977 -0.968459
5.62 0.402757 -0.95909
5.64 0.311904 -0.948294
5.66 0.220556 -0.936084
5.68 0.128849 -0.922473
5.7 0.036924 -0.907477
5.72 -0.0550809 -0.891114
5.74 -0.147026 -0.873406
5.76 -0.23877 -0.854375
5.78 -0.330174 -0.834046
5.8 -0.421098 -0.812447
5.82 -0.511402 -0.789606
5.84 -0.600948 -0.765557
5.86 -0.689597 -0.740331
5.88 -0.777213 -0.713965
5.9 -0.863659 -0.686496
5.92 -0.948803 -0.657964
5.94 -1.03251 -0.628409
5.96 -1.11465 -0.597876
5.98 -1.1951 -0.566408
6 -1.27373 -0.534053
6.02 -1.35041 -0.500857
6.04 -1.42503 -0.466871
6.06 -1.49747 -0.432145
6.08 -1.56762 -0.396731
6.1 -1.63535 -0.360684
6.12 -1.70057 -0.324058
6.14 -1.76317 -0.286907
6.16 -1.82305 -0.24929
6.18 -1.88012 -0.211264
6.2 -1.93427 -0.172887
6.22 -1.98543 -0.134219
6.24 -2.03352 -0.0953189
6.26 -2.07845 -0.0562477
6.28 -2.12015 -0.0170661
6.3 -2.15854 0.0221648
6.32 -2.19358 0.0613835
6.34 -2.2252 0.100528
6.36 -2.25334 0.139538
6.38 -2.27796 0.178351
6.4 -2.29901 0.216906
6.42 -2.31647 0.255141
6.44 -2.33029 0.292996
6.46 -2.34046 0.33041
6.48 -2.34694 0.367325
6.5 -2.34974 0.40368
6.52 -2.34883 0.439417
6.54 -2.34422 0.474479
6.56 -2.33592 0.50881
6.58 -2.32392 0.542353
6.6 -2.30825 0.575055
6.62 -2.28893 0.606862
6.64 -2.26598 0.637723
6.66 -2.23944 0.667587
6.68 -2.20934 0.696405
6.7 -2.17574 0.72413
6.72 -2.13867 0.750717
6.74 -2.0982 0.77612
6.76 -2.05439 0.800299
6.78 -2.0073 0.823213
6.8 -1.957 0.844824
6.82 -1.90358 0.865096
6.84 -1.84712 0.883994
6.86 -1.78769 0.901486
6.88 -1.72541 0.917543
6.9 -1.66036 0.932137
6.92 -1.59264 0.945244
6.94 -1.52236 0.95684
6.96 -1.44964 0.966904
6.98 -1.37458 0.97542
7 -1.29731 0.982371
7.02 -1.21794 0.987744
7.04 -1.13661 0.99153
7.06 -1.05345 0.99372
7.08 -0.96858 0.994309
7.1 -0.882144 0.993295
7.12 -0.794279 0.990677
7.14 -0.705127 0.986458
7.16 -0.61483 0.980643
7.18 -0.523534 0.97324
7.2 -0.431387 0.96426
7.22 -0.338537 0.953715
7.24 -0.245136 0.941622
7.26 -0.151333 0.927998
7.28 -0.0572828 0.912864
7.3 0.0368627 0.896244
7.32 0.13095 0.878163
7.34 0.224825 0.858649
7.36 0.318335 0.837733
7.38 0.411325 0.815448
7.4 0.503645 0.791829
7.42 0.595142 0.766914
7.44 0.685666 0.740742
7.46 0.775067 0.713356
7.48 0.863198 0.684798
7.5 0.949914 0.655115
7.52 1.03507 0.624355
7.54 1.11853 0.592568
7.56 1.20014 0.559805
7.58 1.27979 0.526119
7.6 1.35732 0.491565
7.62 1.43262 0.456199
7.64 1.50556 0.420079
7.66 1.57601 0.383264
7.68 1.64386 0.345815
7.7 1.70899 0.307792
7.72 1.77129 0.269259
7.74 1.83067 0.230278
7.76 1.88701 0.190915
7.78 1.94022 0.151233
7.8 1.99022 0.111299
7.82 2.03691 0.0711784
7.84 2.08022 0.0309383
7.86 2.12008 -0.00935478
7.88 2.15641 -0.0496338
7.9 2.18915 -0.0898317
7.92 2.21824 -0.129882
7.94 2.24364 -0.169716
7.96 2.2653 -0.20927
7.98 2.28318 -0.248475
8 2.29724 -0.287267
8.02 2.30747 -0.325581
8.04 2.31385 -0.363351
8.06 2.31635 -0.400515
8.08 2.31498 -0.43701
8.1 2.30972 -0.472774
8.12 2.3006 -0.507747
8.14 2.28763 -0.54187
8.16 2.27081 -0.575085
8.18 2.25018 -0.607336
8.2 2.22577 -0.638567
8.22 2.19762 -0.668726
8.24 2.16578 -0.697762
8.26 2.13029 -0.725624
8.28 2.09122 -0.752266
8.3 2.04862 -0.777641
8.32 2.00257 -0.801706
8.34 1.95314 -0.82442
8.36 1.90042 -0.845743
8.38 1.84449 -0.865639
8.4 1.78544 -0.884074
8.42 1.72337 -0.901014
8.44 1.65839 -0.916432
8.46 1.59061 -0.9303
8.48 1.52013 -0.942593
8.5 1.44707 -0.95329
8.52 1.37157 -0.962371
8.54 1.29373 -0.969822
8.56 1.21371 -0.975627
8.58 1.13162 -0.979777
8.6 1.04761 -0.982263
8.62 0.961821 -0.98308
8.64 0.874396 -0.982226
8.66 0.785484 -0.979702
8.68 0.695235 -0.975511
8.7 0.603802 -0.969659
8.72 0.51134 -0.962155
8.74 0.418007 -0.953012
8.76 0.323961 -0.942244
8.78 0.229362 -0.929868
8.8 0.134372 -0.915906
8.82 0.0391516 -0.900379
8.84 -0.0561353 -0.883315
8.86 -0.151326 -0.86474
8.88 -0.246259 -0.844687
8.9 -0.34077 -0.823189
8.92 -0.434698 -0.800281
8.94 -0.527882 -0.776004
8.96 -0.620161 -0.750396
8.98 -0.711378 -0.723503
9 -0.801374 -0.695368
9.02 -0.889996 -0.666041
9.04 -0.977091 -0.63557
9.06 -1.06251 -0.604008
9.08 -1.1461 -0.571409
9.1 -1.22772 -0.537827
9.12 -1.30723 -0.50332
9.14 -1.38449 -0.467948
9.16 -1.45937 -0.43177
9.18 -1.53174 -0.394849
9.2 -1.60147 -0.357247
9.22 -1.66844 -0.31903
9.24 -1.73253 -0.280262
9.26 -1.79364 -0.241012
9.28 -1.85165 -0.201345
9.3 -1.90647 -0.161331
9.32 -1.95799 -0.121038
9.34 -2.00613 -0.0805357
9.36 -2.0508 -0.0398942
9.38 -2.09193 0.000816262
9.4 -2.12944 0.0415254
9.42 -2.16327 0.0821629
9.44 -2.19335 0.122658
9.46 -2.21963 0.162941
9.48 -2.24207 0.202942
9.5 -2.26063 0.242591
9.52 -2.27526 0.28182
9.54 -2.28595 0.32056
9.56 -2.29267 0.358744
9.58 -2.29541 0.396306
9.6 -2.29417 0.433179
9.62 -2.28894 0.4693
9.64 -2.27974 0.504606
9.66 -2.26657 0.539035
9.68 -2.24946 0.572526
9.7 -2.22844 0.605021
9.72 -2.20354 0.636464
9.74 -2.17481 0.666799
9.76 -2.14228 0.695973
9.78 -2.10603 0.723934
9.8 -2.0661 0.750634
9.82 -2.02258 0.776025
9.84 -1.97552 0.800064
9.86 -1.92502 0.822706
9.88 -1.87116 0.843913
9.9 -1.81404 0.863646
9.92 -1.75374 0.881871
9.94 -1.69038 0.898556
9.96 -1.62407 0.913671
9.98 -1.55492 0.927188
10 -1.48305 0.939084
10.02 -1.40859 0.949337
10.04 -1.33166 0.957929
10.06 -1.2524 0.964845
10.08 -1.17094 0.970071
10.1 -1.08744 0.973597
10.12 -1.00203 0.975418
10.14 -0.914862 0.975529
10.16 -0.826092 0.97393
10.18 -0.735873 0.970623
10.2 -0.644363 0.965612
10.22 -0.551723 0.958907
10.24 -0.458113 0.950519
10.26 -0.363699 0.940462
10.28 -0.268647 0.928752
10.3 -0.173122 0.915411
10.32 -0.0772926 0.90046
10.34 0.0186724 0.883927
10.36 0.114605 0.865838
10.38 0.210335 0.846227
10.4 0.305695 0.825126
10.42 0.400518 0.802573
10.44 0.494635 0.778606
10.46 0.58788 0.753268
10.48 0.68009 0.726603
10.5 0.771102 0.698657
10.52 0.860753 0.669479
10.54 0.948887 0.639121
10.56 1.03535 0.607636
10.58 1.11998 0.575078
10.6 1.20264 0.541505
10.62 1.28317 0.506976
10.64 1.36144 0.471552
10.66 1.4373 0.435295
10.68 1.51062 0.398269
10.7 1.58128 0.360539
10.72 1.64913 0.322172
10.74 1.71407 0.283234
10.76 1.77598 0.243796
10.78 1.83475 0.203927
10.8 1.89027 0.163696
10.82 1.94244 0.123176
10.84 1.99117 0.0824372
10.86 2.03638 0.0415527
10.88 2.07798 0.000594637
10.9 2.1159 -0.0403645
10.92 2.15006 -0.0812521
10.94 2.18041 -0.121996
10.96 2.2069 -0.162523
10.98 2.22947 -0.202762
11 2.24808 -0.242641
11.02 2.26271 -0.282089
11.04 2.27331 -0.321037
11.06 2.27989 -0.359414
11.08 2.28241 -0.397153
11.1 2.28087 -0.434187
11.12 2.27528 -0.470449
11.14 2.26565 -0.505874
11.16 2.25199 -0.540401
11.18 2.23432 -0.573966
11.2 2.21268 -0.60651
11.22 2.1871 -0.637975
11.24 2.15763 -0.668304
11.26 2.12432 -0.697444
11.28 2.08723 -0.725342
11.3 2.04642 -0.751948
11.32 2.00196 -0.777215
11.34 1.95394 -0.801097
11.36 1.90243 -0.823551
11.38 1.84754 -0.844536
11.4 1.78934 -0.864017
11.42 1.72796 -0.881956
11.44 1.6635 -0.898321
11.46 1.59606 -0.913084
11.48 1.52578 -0.926218
11.5 1.45278 -0.937698
11.52 1.37718 -0.947504
11.54 1.29912 -0.955617
11.56 1.21874 -0.962024
11.58 1.13618 -0.966712
11.6 1.05159 -0.969672
11.62 0.965127 -0.970899
11.64 0.876935 -0.970391
11.66 0.787174 -0.968147
11.68 0.696006 -0.964171
11.7 0.603592 -0.95847
11.72 0.510098 -0.951055
11.74 0.415692 -0.941937
11.76 0.320541 -0.931134
11.78 0.224817 -0.918663
11.8 0.128689 -0.904546
11.82 0.0323316 -0.88881
11.84 -0.0640841 -0.871481
11.86 -0.160385 -0.852591
11.88 -0.256398 -0.832172
11.9 -0.351952 -0.810262
11.92 -0.446874 -0.786899
11.94 -0.540996 -0.762124
11.96 -0.634146 -0.735983
11.98 -0.726159 -0.708521
12 -0.816869 -0.679788
12.02 -0.906113 -0.649834
12.04 -0.99373 -0.618714
12.06 -1.07956 -0.586483
12.08 -1.16346 -0.553199
12.1 -1.24526 -0.518921
12.12 -1.32483 -0.483711
12.14 -1.40202 -0.447632
12.16 -1.47668 -0.410748
12.18 -1.54869 -0.373126
12.2 -1.61792 -0.334833
12.22 -1.68424 -0.295938
12.24 -1.74753 -0.25651
12.26 -1.80767 -0.216621
12.28 -1.86457 -0.176343
12.3 -1.9181 -0.135747
12.32 -1.96819 -0.0949063
12.34 -2.01473 -0.0538952
12.36 -2.05764 -0.0127869
12.38 -2.09685 0.0283443
12.4 -2.13228 0.0694245
12.42 -2.16387 0.11038
12.44 -2.19156 0.151136
12.46 -2.21531 0.19162
12.48 -2.23505 0.231758
12.5 -2.25077 0.271479
12.52 -2.26243 0.31071
12.54 -2.27001 0.34938
12.56 -2.2735 0.387421
12.58 -2.27288 0.424763
12.6 -2.26816 0.461338
12.62 -2.25935 0.49708
12.64 -2.24646 0.531926
12.66 -2.22952 0.565811
12.68 -2.20855 0.598674
12.7 -2.18359 0.630456
12.72 -2.15469 0.6611
12.74 -2.12189 0.690549
12.76 -2.08526 0.71875
12.78 -2.04486 0.745653
12.8 -2.00077 0.771208
12.82 -1.95306 0.795368
12.84 -1.90182 0.818091
12.86 -1.84714 0.839334
12.88 -1.78911 0.85906
12.9 -1.72786 0.877231
12.92 -1.66347 0.893815
12.94 -1.59608 0.908782
12.96 -1.5258 0.922104
12.98 -1.45275 0.933758
13 -1.37708 0.94372
13.02 -1.29891 0.951974
13.04 -1.21839 0.958505
13.06 -1.13566 0.963299
13.08 -1.05088 0.966348
13.1 -0.964194 0.967646
13.12 -0.875759 0.967191
13.14 -0.785738 0.964984
13.16 -0.694292 0.961027
13.18 -0.601587 0.955328
13.2 -0.507792 0.947897
13.22 -0.413076 0.938747
13.24 -0.317611 0.927894
13.26 -0.22157 0.915358
13.28 -0.125126 0.901162
13.3 -0.0284562 0.885331
13.32 0.0682657 0.867892
13.34 0.164864 0.848879
13.36 0.261162 0.828325
13.38 0.356987 0.806267
13.4 0.452163 0.782745
13.42 0.546519 0.757802
13.44 0.639881 0.731482
13.46 0.732082 0.703833
13.48 0.822952 0.674906
13.5 0.912327 0.644752
13.52 1 0.613443
