0 0 0
0.08 3.97914e-24 -2.17014e-27
0.16 6.14142e-21 -4.26858e-24
0.12 6.14139e-22 -4.45614e-25
0.1 8.23126e-23 -6.07505e-26
0.09 2.05482e-23 -1.39241e-26
0.085 9.29398e-24 -5.72052e-27
0.09 2.06804e-23 -1.42668e-26
0.095 4.40701e-23 -3.38677e-26
0.1 9.03396e-23 -7.6915e-26
0.105 1.78815e-22 -1.67831e-25
0.11 3.42873e-22 -3.53165e-25
0.115 6.38695e-22 -7.18997e-25
0.12 1.15865e-21 -1.42016e-24
0.125 2.05138e-21 -2.72824e-24
0.13 3.55144e-21 -5.10863e-24
0.135 6.0223e-21 -9.34204e-24
0.14 1.00178e-20 -1.67125e-23
0.145 1.6369e-20 -2.92936e-23
0.15 2.63047e-20 -5.03776e-23
0.155 4.16184e-20 -8.51088e-23
0.16 6.48939e-20 -1.41409e-22
0.165 9.98112e-20 -2.31306e-22
0.17 1.51554e-19 -3.7283e-22
0.175 2.27346e-19 -5.92678e-22
0.18 3.37164e-19 -9.29928e-22
0.185 4.94651e-19 -1.44116e-21
0.19 7.18307e-19 -2.20748e-21
0.195 1.03301e-18 -3.34398e-21
0.2 1.47197e-18 -5.01253e-21
0.205 2.07917e-18 -7.43881e-21
0.21 2.91244e-18 -1.09348e-20
0.215 4.04738e-18 -1.59285e-20
0.22 5.5821e-18 -2.30027e-20
0.225 7.64324e-18 -3.29448e-20
0.23 1.03932e-17 -4.68123e-20
0.235 1.40393e-17 -6.60153e-20
0.24 1.88445e-17 -9.2423e-20
0.245 2.51408e-17 -1.28498e-19
0.25 3.33456e-17 -1.77465e-19
0.255 4.39807e-17 -2.43527e-19
0.26 5.76957e-17 -3.32128e-19
0.265 7.52961e-17 -4.50288e-19
0.27 9.77763e-17 -6.07013e-19
0.275 1.26359e-16 -8.13802e-19
0.28 1.62541e-16 -1.08527e-18
0.285 2.08151e-16 -1.43992e-18
0.29 2.65411e-16 -1.90106e-18
0.295 3.37014e-16 -2.49796e-18
0.3 4.26212e-16 -3.26719e-18
0.305 5.36923e-16 -4.25431e-18
0.31 6.73844e-16 -5.51585e-18
0.315 8.42601e-16 -7.12172e-18
0.32 1.0499e-15 -9.15805e-18
0.325 1.30373e-15 -1.17306e-17
0.33 1.61355e-15 -1.49689e-17
0.335 1.99058e-15 -1.9031e-17
0.34 2.44803e-15 -2.41092e-17
0.345 3.00149e-15 -3.04365e-17
0.35 3.66924e-15 -3.82953e-17
0.355 4.4727e-15 -4.80258e-17
0.36 5.43694e-15 -6.00373e-17
0.365 6.59116e-15 -7.4821e-17
0.37 7.96939e-15 -9.29649e-17
0.375 9.61112e-15 -1.15171e-16
0.38 1.15621e-14 -1.42274e-16
0.385 1.38754e-14 -1.75268e-16
0.39 1.66121e-14 -2.15331e-16
0.395 1.98427e-14 -2.63853e-16
0.4 2.36483e-14 -3.22479e-16
0.405 2.81218e-14 -3.93145e-16
0.41 3.33701e-14 -4.78124e-16
0.415 3.95151e-14 -5.80085e-16
0.42 4.66964e-14 -7.02151e-16
0.425 5.50729e-14 -8.47971e-16
0.43 6.48256e-14 -1.0218e-15
0.435 7.61606e-14 -1.2286e-15
0.44 8.93113e-14 -1.47411e-15
0.445 1.04543e-13 -1.76502e-15
0.45 1.22155e-13 -2.10906e-15
0.455 1.42486e-13 -2.51517e-15
0.46 1.65919e-13 -2.99367e-15
0.465 1.92885e-13 -3.55644e-15
0.47 2.23869e-13 -4.21716e-15
0.475 2.59416e-13 -4.99154e-15
0.48 3.0014e-13 -5.8976e-15
0.485 3.46726e-13 -6.956e-15
0.49 3.99944e-13 -8.19033e-15
0.495 4.60655e-13 -9.62756e-15
0.5 5.29819e-13 -1.12985e-14
0.505 6.0851e-13 -1.3238e-14
0.51 6.97924e-13 -1.54861e-14
0.515 7.99394e-13 -1.8088e-14
0.52 9.14401e-13 -2.10951e-14
0.525 1.04459e-12 -2.45655e-14
0.53 1.19179e-12 -2.85651e-14
0.535 1.35804e-12 -3.31684e-14
0.54 1.54556e-12 -3.84594e-14
0.545 1.75686e-12 -4.4533e-14
0.55 1.99467e-12 -5.14959e-14
0.555 2.26204e-12 -5.94683e-14
0.56 2.5623e-12 -6.85853e-14
0.565 2.89917e-12 -7.89986e-14
0.57 3.2767e-12 -9.08783e-14
0.575 3.69937e-12 -1.04415e-13
0.58 4.17211e-12 -1.19822e-13
0.585 4.70033e-12 -1.37338e-13
0.59 5.28996e-12 -1.57229e-13
0.595 5.94753e-12 -1.79793e-13
0.6 6.68017e-12 -2.05362e-13
0.605 7.49571e-12 -2.34304e-13
0.61 8.40269e-12 -2.67032e-13
0.615 9.41049e-12 -3.04001e-13
0.62 1.05293e-11 -3.45719e-13
0.625 1.17703e-11 -3.92751e-13
0.63 1.31457e-11 -4.45721e-13
0.635 1.46688e-11 -5.05322e-13
0.64 1.6354e-11 -5.72319e-13
0.645 1.8217e-11 -6.47562e-13
0.65 2.0275e-11 -7.31987e-13
0.655 2.25467e-11 -8.26628e-13
0.66 2.50522e-11 -9.3263e-13
0.665 2.78135e-11 -1.05125e-12
0.67 3.08545e-11 -1.18388e-12
0.675 3.4201e-11 -1.33204e-12
0.68 3.7881e-11 -1.49741e-12
0.685 4.19249e-11 -1.68185e-12
0.69 4.63655e-11 -1.88738e-12
0.695 5.12383e-11 -2.11623e-12
0.7 5.65816e-11 -2.37085e-12
0.705 6.24371e-11 -2.65392e-12
0.71 6.88494e-11 -2.96837e-12
0.715 7.58669e-11 -3.31742e-12
0.72 8.35417e-11 -3.70458e-12
0.725 9.19299e-11 -4.1337e-12
0.73 1.01092e-10 -4.60898e-12
0.735 1.11094e-10 -5.13502e-12
0.74 1.22005e-10 -5.71681e-12
0.745 1.339e-10 -6.35982e-12
0.75 1.46862e-10 -7.06999e-12
0.755 1.60977e-10 -7.85383e-12
0.76 1.76338e-10 -8.71837e-12
0.765 1.93046e-10 -9.67131e-12
0.77 2.1121e-10 -1.0721e-11
0.775 2.30944e-10 -1.18765e-11
0.78 2.52372e-10 -1.31476e-11
0.785 2.75627e-10 -1.45452e-11
0.79 3.00852e-10 -1.60807e-11
0.795 3.28199e-10 -1.77668e-11
0.8 3.57829e-10 -1.96171e-11
0.805 3.89918e-10 -2.16464e-11
0.81 4.24652e-10 -2.38707e-11
0.815 4.62228e-10 -2.63073e-11
0.82 5.0286e-10 -2.89749e-11
0.825 5.46774e-10 -3.18938e-11
0.83 5.94213e-10 -3.50859e-11
0.835 6.45433e-10 -3.85746e-11
0.84 7.0071e-10 -4.23857e-11
0.845 7.60337e-10 -4.65464e-11
0.85 8.24626e-10 -5.10866e-11
0.855 8.9391e-10 -5.60382e-11
0.86 9.68542e-10 -6.14355e-11
0.865 1.0489e-09 -6.73157e-11
0.87 1.13538e-09 -7.37188e-11
0.875 1.22842e-09 -8.06875e-11
0.88 1.32845e-09 -8.82683e-11
0.885 1.43598e-09 -9.65105e-11
0.89 1.55149e-09 -1.05468e-10
0.895 1.67555e-09 -1.15197e-10
0.9 1.80872e-09 -1.2576e-10
0.905 1.9516e-09 -1.37223e-10
0.91 2.10486e-09 -1.49656e-10
0.915 2.26917e-09 -1.63136e-10
0.92 2.44527e-09 -1.77743e-10
0.925 2.63391e-09 -1.93566e-10
0.93 2.83593e-09 -2.10696e-10
0.935 3.05217e-09 -2.29235e-10
0.94 3.28356e-09 -2.49289e-10
0.945 3.53106e-09 -2.70972e-10
0.95 3.79568e-09 -2.94407e-10
0.955 4.07852e-09 -3.19724e-10
0.96 4.38072e-09 -3.47063e-10
0.965 4.70347e-09 -3.76574e-10
0.97 5.04806e-09 -4.08415e-10
0.975 5.41583e-09 -4.42756e-10
0.98 5.8082e-09 -4.79779e-10
0.985 6.22667e-09 -5.19677e-10
0.99 6.67282e-09 -5.62657e-10
0.995 7.14831e-09 -6.08937e-10
1 7.65491e-09 -6.58753e-10
1.005 8.19447e-09 -7.12353e-10
1.01 8.76893e-09 -7.70002e-10
1.015 9.38036e-09 -8.31985e-10
1.02 1.00309e-08 -8.986e-10
1.025 1.07229e-08 -9.70168e-10
1.03 1.14587e-08 -1.04703e-09
1.035 1.22408e-08 -1.12954e-09
1.04 1.30718e-08 -1.21809e-09
1.045 1.39547e-08 -1.31309e-09
1.05 1.48923e-08 -1.41497e-09
1.055 1.58877e-08 -1.52418e-09
1.06 1.69441e-08 -1.64122e-09
1.065 1.80649e-08 -1.76661e-09
1.07 1.92538e-08 -1.90089e-09
1.075 2.05145e-08 -2.04464e-09
1.08 2.18508e-08 -2.19848e-09
1.085 2.3267e-08 -2.36307e-09
1.09 2.47674e-08 -2.5391e-09
1.095 2.63565e-08 -2.7273e-09
1.1 2.80391e-08 -2.92844e-09
1.105 2.98202e-08 -3.14336e-09
1.11 3.17051e-08 -3.37291e-09
1.115 3.36992e-08 -3.61803e-09
1.12 3.58083e-08 -3.87967e-09
1.125 3.80384e-08 -4.15888e-09
1.13 4.03958e-08 -4.45673e-09
1.135 4.28871e-08 -4.77438e-09
1.14 4.55193e-08 -5.11304e-09
1.145 4.82995e-08 -5.47399e-09
1.15 5.12353e-08 -5.85858e-09
1.155 5.43347e-08 -6.26825e-09
1.16 5.76059e-08 -6.70449e-09
1.165 6.10575e-08 -7.16891e-09
1.17 6.46987e-08 -7.66317e-09
1.175 6.85387e-08 -8.18904e-09
1.18 7.25876e-08 -8.74839e-09
1.185 7.68555e-08 -9.34319e-09
1.19 8.13533e-08 -9.9755e-09
1.195 8.60921e-08 -1.06475e-08
1.2 9.10838e-08 -1.13615e-08
1.205 9.63405e-08 -1.21199e-08
1.21 1.01875e-07 -1.29252e-08
1.215 1.07701e-07 -1.37802e-08
1.22 1.13831e-07 -1.46877e-08
1.225 1.20281e-07 -1.56505e-08
1.23 1.27066e-07 -1.66719e-08
1.235 1.34201e-07 -1.77551e-08
1.24 1.41702e-07 -1.89036e-08
1.245 1.49587e-07 -2.01209e-08
1.25 1.57874e-07 -2.14109e-08
1.255 1.66581e-07 -2.27776e-08
1.26 1.75727e-07 -2.42252e-08
1.265 1.85333e-07 -2.57581e-08
1.27 1.95419e-07 -2.73808e-08
1.275 2.06007e-07 -2.90984e-08
1.28 2.17119e-07 -3.09158e-08
1.285 2.2878e-07 -3.28384e-08
1.29 2.41014e-07 -3.48719e-08
1.295 2.53845e-07 -3.7022e-08
1.3 2.67301e-07 -3.9295e-08
1.305 2.8141e-07 -4.16973e-08
1.31 2.96199e-07 -4.42357e-08
1.315 3.11698e-07 -4.69173e-08
1.32 3.27939e-07 -4.97495e-08
1.325 3.44952e-07 -5.27401e-08
1.33 3.62773e-07 -5.58973e-08
1.335 3.81434e-07 -5.92296e-08
1.34 4.00973e-07 -6.27459e-08
1.345 4.21425e-07 -6.64555e-08
1.35 4.42831e-07 -7.03683e-08
1.355 4.6523e-07 -7.44945e-08
1.36 4.88663e-07 -7.88447e-08
1.365 5.13174e-07 -8.34303e-08
1.37 5.38807e-07 -8.82627e-08
1.375 5.65609e-07 -9.33544e-08
1.38 5.93628e-07 -9.87181e-08
1.385 6.22914e-07 -1.04367e-07
1.39 6.53519e-07 -1.10315e-07
1.395 6.85495e-07 -1.16577e-07
1.4 7.18899e-07 -1.23169e-07
1.405 7.53788e-07 -1.30105e-07
1.41 7.90222e-07 -1.37402e-07
1.415 8.28262e-07 -1.45079e-07
1.42 8.67971e-07 -1.53153e-07
1.425 9.09417e-07 -1.61642e-07
1.43 9.52667e-07 -1.70567e-07
1.435 9.97792e-07 -1.79947e-07
1.44 1.04487e-06 -1.89805e-07
1.445 1.09396e-06 -2.00163e-07
1.45 1.14516e-06 -2.11044e-07
1.455 1.19855e-06 -2.22471e-07
1.46 1.2542e-06 -2.34472e-07
1.465 1.3122e-06 -2.4707e-07
1.47 1.37265e-06 -2.60295e-07
1.475 1.43564e-06 -2.74175e-07
1.48 1.50126e-06 -2.88739e-07
1.485 1.5696e-06 -3.04019e-07
1.49 1.64078e-06 -3.20046e-07
1.495 1.7149e-06 -3.36855e-07
1.5 1.79207e-06 -3.54479e-07
1.505 1.87239e-06 -3.72956e-07
1.51 1.956e-06 -3.92324e-07
1.515 2.04299e-06 -4.1262e-07
1.52 2.13351e-06 -4.33888e-07
1.525 2.22768e-06 -4.56168e-07
1.53 2.32562e-06 -4.79506e-07
1.535 2.42748e-06 -5.03948e-07
1.54 2.5334e-06 -5.2954e-07
1.545 2.64352e-06 -5.56333e-07
1.55 2.75799e-06 -5.84378e-07
1.555 2.87696e-06 -6.1373e-07
1.56 3.0006e-06 -6.44443e-07
1.565 3.12906e-06 -6.76576e-07
1.57 3.26252e-06 -7.10189e-07
1.575 3.40115e-06 -7.45343e-07
1.58 3.54513e-06 -7.82105e-07
1.585 3.69464e-06 -8.20541e-07
1.59 3.84987e-06 -8.60721e-07
1.595 4.01103e-06 -9.02717e-07
1.6 4.17831e-06 -9.46605e-07
1.605 4.35191e-06 -9.92462e-07
1.61 4.53207e-06 -1.04037e-06
1.615 4.71898e-06 -1.09041e-06
1.62 4.91289e-06 -1.14267e-06
1.625 5.11402e-06 -1.19725e-06
1.63 5.32262e-06 -1.25423e-06
1.635 5.53893e-06 -1.31371e-06
1.64 5.76321e-06 -1.37579e-06
1.645 5.99572e-06 -1.44058e-06
1.65 6.23673e-06 -1.50819e-06
1.655 6.48651e-06 -1.57872e-06
1.66 6.74535e-06 -1.65229e-06
1.665 7.01355e-06 -1.72902e-06
1.67 7.2914e-06 -1.80904e-06
1.675 7.57921e-06 -1.89247e-06
1.68 7.87731e-06 -1.97945e-06
1.685 8.18602e-06 -2.07012e-06
1.69 8.50567e-06 -2.16461e-06
1.695 8.83661e-06 -2.26308e-06
1.7 9.1792e-06 -2.36567e-06
1.705 9.5338e-06 -2.47255e-06
1.71 9.90078e-06 -2.58388e-06
1.715 1.02805e-05 -2.69983e-06
1.72 1.06734e-05 -2.82057e-06
1.725 1.10799e-05 -2.94629e-06
1.73 1.15004e-05 -3.07716e-06
1.735 1.19353e-05 -3.21339e-06
1.74 1.2385e-05 -3.35517e-06
1.745 1.285e-05 -3.50271e-06
1.75 1.33308e-05 -3.65622e-06
1.755 1.38278e-05 -3.81593e-06
1.76 1.43416e-05 -3.98206e-06
1.765 1.48725e-05 -4.15484e-06
1.77 1.54212e-05 -4.33453e-06
1.775 1.59881e-05 -4.52136e-06
1.78 1.65739e-05 -4.71561e-06
1.785 1.71789e-05 -4.91753e-06
1.79 1.78039e-05 -5.1274e-06
1.795 1.84494e-05 -5.34551e-06
1.8 1.91159e-05 -5.57216e-06
1.805 1.98041e-05 -5.80764e-06
1.81 2.05146e-05 -6.05227e-06
1.815 2.12481e-05 -6.30637e-06
1.82 2.20052e-05 -6.57028e-06
1.825 2.27865e-05 -6.84435e-06
1.83 2.35928e-05 -7.12892e-06
1.835 2.44247e-05 -7.42436e-06
1.84 2.52831e-05 -7.73106e-06
1.845 2.61685e-05 -8.04939e-06
1.85 2.70818e-05 -8.37976e-06
1.855 2.80238e-05 -8.72259e-06
1.86 2.89951e-05 -9.07831e-06
1.865 2.99967e-05 -9.44734e-06
1.87 3.10294e-05 -9.83015e-06
1.875 3.2094e-05 -1.02272e-05
1.88 3.31913e-05 -1.0639e-05
1.885 3.43223e-05 -1.1066e-05
1.89 3.54879e-05 -1.15087e-05
1.895 3.6689e-05 -1.19676e-05
1.9 3.79265e-05 -1.24434e-05
1.905 3.92014e-05 -1.29365e-05
1.91 4.05147e-05 -1.34476e-05
1.915 4.18674e-05 -1.39771e-05
1.92 4.32606e-05 -1.45258e-05
1.925 4.46952e-05 -1.50943e-05
1.93 4.61724e-05 -1.56831e-05
1.935 4.76934e-05 -1.6293e-05
1.94 4.92591e-05 -1.69246e-05
1.945 5.08708e-05 -1.75787e-05
1.95 5.25296e-05 -1.82559e-05
1.955 5.42368e-05 -1.89571e-05
1.96 5.59935e-05 -1.96829e-05
1.965 5.78011e-05 -2.04342e-05
1.97 5.96607e-05 -2.12117e-05
1.975 6.15738e-05 -2.20164e-05
1.98 6.35416e-05 -2.2849e-05
1.985 6.55656e-05 -2.37104e-05
1.99 6.7647e-05 -2.46015e-05
1.995 6.97873e-05 -2.55233e-05
2 7.1988e-05 -2.64768e-05
2.005 7.42505e-05 -2.74628e-05
2.01 7.65763e-05 -2.84824e-05
2.015 7.8967e-05 -2.95366e-05
2.02 8.14242e-05 -3.06265e-05
2.025 8.39494e-05 -3.17532e-05
2.03 8.65442e-05 -3.29178e-05
2.035 8.92104e-05 -3.41215e-05
2.04 9.19496e-05 -3.53654e-05
2.045 9.47636e-05 -3.66507e-05
2.05 9.7654e-05 -3.79788e-05
2.055 0.000100623 -3.93508e-05
2.06 0.000103672 -4.0768e-05
2.065 0.000106802 -4.2232e-05
2.07 0.000110017 -4.37439e-05
2.075 0.000113318 -4.53052e-05
2.08 0.000116706 -4.69175e-05
2.085 0.000120184 -4.85821e-05
2.09 0.000123754 -5.03006e-05
2.095 0.000127418 -5.20747e-05
2.1 0.000131178 -5.39058e-05
2.105 0.000135036 -5.57956e-05
2.11 0.000138994 -5.77459e-05
2.115 0.000143055 -5.97584e-05
2.12 0.000147221 -6.18348e-05
2.125 0.000151494 -6.3977e-05
2.13 0.000155877 -6.61869e-05
2.135 0.000160371 -6.84663e-05
2.14 0.00016498 -7.08173e-05
2.145 0.000169706 -7.32418e-05
2.15 0.000174551 -7.5742e-05
2.155 0.000179518 -7.83199e-05
2.16 0.000184609 -8.09777e-05
2.165 0.000189828 -8.37176e-05
2.17 0.000195176 -8.6542e-05
2.175 0.000200657 -8.9453e-05
2.18 0.000206274 -9.24532e-05
2.185 0.000212028 -9.5545e-05
2.19 0.000217924 -9.87308e-05
2.195 0.000223964 -0.000102013
2.2 0.00023015 -0.000105395
2.205 0.000236487 -0.000108879
2.21 0.000242977 -0.000112467
2.215 0.000249622 -0.000116163
2.22 0.000256428 -0.000119969
2.225 0.000263395 -0.000123888
2.23 0.000270528 -0.000127924
2.235 0.000277831 -0.00013208
2.24 0.000285306 -0.000136357
2.245 0.000292956 -0.000140761
2.25 0.000300786 -0.000145294
2.255 0.000308799 -0.000149959
2.26 0.000316997 -0.00015476
2.265 0.000325386 -0.000159701
2.27 0.000333969 -0.000164784
2.275 0.000342748 -0.000170015
2.28 0.000351729 -0.000175396
2.285 0.000360914 -0.000180931
2.29 0.000370309 -0.000186625
2.295 0.000379916 -0.000192481
2.3 0.000389739 -0.000198504
2.305 0.000399783 -0.000204697
2.31 0.000410052 -0.000211066
2.315 0.00042055 -0.000217613
2.32 0.000431281 -0.000224345
2.325 0.000442249 -0.000231265
2.33 0.000453459 -0.000238378
2.335 0.000464914 -0.00024569
2.34 0.000476621 -0.000253204
2.345 0.000488581 -0.000260926
2.35 0.000500802 -0.00026886
2.355 0.000513286 -0.000277013
2.36 0.000526039 -0.00028539
2.365 0.000539065 -0.000293995
2.37 0.000552369 -0.000302835
2.375 0.000565956 -0.000311914
2.38 0.00057983 -0.00032124
2.385 0.000593997 -0.000330817
2.39 0.000608462 -0.000340652
2.395 0.000623229 -0.000350751
2.4 0.000638304 -0.000361119
2.405 0.000653692 -0.000371765
2.41 0.000669397 -0.000382693
2.415 0.000685426 -0.000393911
2.42 0.000701784 -0.000405425
2.425 0.000718475 -0.000417243
2.43 0.000735506 -0.000429371
2.435 0.000752881 -0.000441816
2.44 0.000770607 -0.000454587
2.445 0.000788689 -0.000467689
2.45 0.000807132 -0.000481132
2.455 0.000825943 -0.000494922
2.46 0.000845127 -0.000509068
2.465 0.000864689 -0.000523577
2.47 0.000884636 -0.000538458
2.475 0.000904974 -0.000553719
2.48 0.000925708 -0.00056937
2.485 0.000946844 -0.000585417
2.49 0.00096839 -0.000601871
2.495 0.00099035 -0.00061874
2.5 0.00101273 -0.000636034
2.505 0.00103554 -0.000653761
2.51 0.00105878 -0.000671932
2.515 0.00108246 -0.000690556
2.52 0.00110659 -0.000709642
2.525 0.00113117 -0.000729202
2.53 0.00115621 -0.000749245
2.535 0.00118171 -0.000769782
2.54 0.00120769 -0.000790823
2.545 0.00123414 -0.000812379
2.55 0.00126108 -0.000834461
2.555 0.00128851 -0.00085708
2.56 0.00131644 -0.000880248
2.565 0.00134488 -0.000903977
2.57 0.00137383 -0.000928277
2.575 0.00140329 -0.000953162
2.58 0.00143329 -0.000978643
2.585 0.00146381 -0.00100473
2.59 0.00149488 -0.00103144
2.595 0.00152649 -0.00105879
2.6 0.00155866 -0.00108678
2.605 0.00159138 -0.00111543
2.61 0.00162468 -0.00114476
2.615 0.00165855 -0.00117477
2.62 0.001693 -0.00120549
2.625 0.00172804 -0.00123692
2.63 0.00176368 -0.00126909
2.635 0.00179993 -0.00130199
2.64 0.00183678 -0.00133566
2.645 0.00187425 -0.0013701
2.65 0.00191235 -0.00140534
2.655 0.00195108 -0.00144138
2.66 0.00199045 -0.00147824
2.665 0.00203047 -0.00151594
2.67 0.00207115 -0.00155449
2.675 0.00211249 -0.00159392
2.68 0.00215449 -0.00163423
2.685 0.00219718 -0.00167545
2.69 0.00224055 -0.0017176
2.695 0.00228461 -0.00176068
2.7 0.00232937 -0.00180472
2.705 0.00237483 -0.00184974
2.71 0.00242101 -0.00189576
2.715 0.00246791 -0.00194279
2.72 0.00251555 -0.00199085
2.725 0.00256391 -0.00203997
2.73 0.00261302 -0.00209016
2.735 0.00266289 -0.00214144
2.74 0.0027135 -0.00219383
2.745 0.00276489 -0.00224736
2.75 0.00281705 -0.00230205
2.755 0.00286998 -0.00235791
2.76 0.00292371 -0.00241496
2.765 0.00297823 -0.00247324
2.77 0.00303355 -0.00253276
2.775 0.00308968 -0.00259354
2.78 0.00314662 -0.00265561
2.785 0.00320439 -0.00271898
2.79 0.00326299 -0.00278369
2.795 0.00332242 -0.00284976
2.8 0.00338269 -0.00291721
2.805 0.00344382 -0.00298607
2.81 0.0035058 -0.00305635
2.815 0.00356865 -0.00312809
2.82 0.00363237 -0.00320131
2.825 0.00369696 -0.00327604
2.83 0.00376243 -0.0033523
2.835 0.0038288 -0.00343012
2.84 0.00389606 -0.00350952
2.845 0.00396422 -0.00359054
2.85 0.00403329 -0.0036732
2.855 0.00410328 -0.00375753
2.86 0.00417418 -0.00384355
2.865 0.00424601 -0.0039313
2.87 0.00431878 -0.00402081
2.875 0.00439248 -0.00411209
2.88 0.00446712 -0.00420519
2.885 0.00454271 -0.00430014
2.89 0.00461925 -0.00439696
2.895 0.00469675 -0.00449568
2.9 0.00477521 -0.00459634
2.905 0.00485464 -0.00469897
2.91 0.00493505 -0.0048036
2.915 0.00501643 -0.00491025
2.92 0.00509879 -0.00501898
2.925 0.00518214 -0.0051298
2.93 0.00526648 -0.00524275
2.935 0.00535182 -0.00535787
2.94 0.00543815 -0.00547519
2.945 0.00552548 -0.00559474
2.95 0.00561381 -0.00571656
2.955 0.00570316 -0.00584069
2.96 0.00579351 -0.00596716
2.965 0.00588488 -0.006096
2.97 0.00597726 -0.00622726
2.975 0.00607067 -0.00636097
2.98 0.00616509 -0.00649717
2.985 0.00626053 -0.0066359
2.99 0.006357 -0.00677719
2.995 0.0064545 -0.00692108
3 0.00655302 -0.00706762
3.005 0.00665257 -0.00721684
3.01 0.00675315 -0.00736878
3.015 0.00685476 -0.00752349
3.02 0.00695739 -0.007681
3.025 0.00706106 -0.00784135
3.03 0.00716575 -0.00800459
3.035 0.00727147 -0.00817076
3.04 0.00737822 -0.0083399
3.045 0.007486 -0.00851206
3.05 0.0075948 -0.00868727
3.055 0.00770462 -0.00886559
3.06 0.00781547 -0.00904705
3.065 0.00792733 -0.0092317
3.07 0.00804021 -0.00941959
3.075 0.0081541 -0.00961075
3.08 0.008269 -0.00980525
3.085 0.0083849 -0.0100031
3.09 0.00850181 -0.0102044
3.095 0.00861971 -0.0104092
3.1 0.0087386 -0.0106174
3.105 0.00885848 -0.0108293
3.11 0.00897934 -0.0110447
3.115 0.00910117 -0.0112638
3.12 0.00922398 -0.0114866
3.125 0.00934774 -0.0117132
3.13 0.00947246 -0.0119436
3.135 0.00959812 -0.0121778
3.14 0.00972472 -0.012416
3.145 0.00985225 -0.0126581
3.15 0.00998071 -0.0129042
3.155 0.0101101 -0.0131544
3.16 0.0102403 -0.0134087
3.165 0.0103715 -0.0136672
3.17 0.0105035 -0.0139299
3.175 0.0106364 -0.0141969
3.18 0.0107702 -0.0144682
3.185 0.0109048 -0.0147439
3.19 0.0110402 -0.0150241
3.195 0.0111765 -0.0153087
3.2 0.0113135 -0.015598
3.205 0.0114514 -0.0158918
3.21 0.01159 -0.0161903
3.215 0.0117294 -0.0164935
3.22 0.0118695 -0.0168015
3.225 0.0120104 -0.0171143
3.23 0.012152 -0.017432
3.235 0.0122942 -0.0177547
3.24 0.0124371 -0.0180824
3.245 0.0125807 -0.0184152
3.25 0.012725 -0.0187531
3.255 0.0128698 -0.0190962
3.26 0.0130152 -0.0194445
3.265 0.0131612 -0.0197982
3.27 0.0133078 -0.0201573
3.275 0.0134549 -0.0205218
3.28 0.0136025 -0.0208917
3.285 0.0137505 -0.0212673
3.29 0.0138991 -0.0216485
3.295 0.014048 -0.0220353
3.3 0.0141974 -0.0224279
3.305 0.0143471 -0.0228264
3.31 0.0144972 -0.0232307
3.315 0.0146477 -0.0236409
3.32 0.0147984 -0.0240572
3.325 0.0149493 -0.0244795
3.33 0.0151006 -0.024908
3.335 0.015252 -0.0253426
3.34 0.0154036 -0.0257836
3.345 0.0155553 -0.0262308
3.35 0.0157071 -0.0266845
3.355 0.015859 -0.0271446
3.36 0.016011 -0.0276113
3.365 0.0161629 -0.0280845
3.37 0.0163148 -0.0285644
3.375 0.0164667 -0.0290511
3.38 0.0166184 -0.0295445
3.385 0.01677 -0.0300449
3.39 0.0169214 -0.0305521
3.395 0.0170725 -0.0310664
3.4 0.0172234 -0.0315877
3.405 0.017374 -0.0321162
3.41 0.0175242 -0.0326519
3.415 0.0176741 -0.0331949
3.42 0.0178234 -0.0337452
3.425 0.0179723 -0.034303
3.43 0.0181207 -0.0348682
3.435 0.0182685 -0.035441
3.44 0.0184156 -0.0360214
3.445 0.0185621 -0.0366095
3.45 0.0187078 -0.0372054
3.455 0.0188527 -0.0378091
3.46 0.0189968 -0.0384208
3.465 0.01914 -0.0390404
3.47 0.0192823 -0.039668
3.475 0.0194236 -0.0403038
3.48 0.0195638 -0.0409478
3.485 0.019703 -0.0416
3.49 0.0198409 -0.0422606
3.495 0.0199776 -0.0429295
3.5 0.0201131 -0.043607
3.505 0.0202472 -0.044293
3.51 0.0203799 -0.0449876
3.515 0.0205111 -0.0456909
3.52 0.0206408 -0.0464029
3.525 0.0207689 -0.0471238
3.53 0.0208953 -0.0478535
3.535 0.02102 -0.0485923
3.54 0.0211429 -0.0493401
3.545 0.0212639 -0.0500969
3.55 0.021383 -0.050863
3.555 0.0215001 -0.0516383
3.56 0.0216151 -0.052423
3.565 0.0217279 -0.053217
3.57 0.0218385 -0.0540205
3.575 0.0219468 -0.0548335
3.58 0.0220528 -0.0556562
3.585 0.0221562 -0.0564885
3.59 0.0222572 -0.0573305
3.595 0.0223555 -0.0581824
3.6 0.0224512 -0.0590441
3.605 0.022544 -0.0599158
3.61 0.022634 -0.0607974
3.615 0.0227211 -0.0616892
3.62 0.0228052 -0.0625911
3.625 0.0228861 -0.0635033
3.63 0.0229638 -0.0644257
3.635 0.0230383 -0.0653585
3.64 0.0231093 -0.0663017
3.645 0.0231769 -0.0672554
3.65 0.023241 -0.0682197
3.655 0.0233014 -0.0691946
3.66 0.023358 -0.0701801
3.665 0.0234108 -0.0711764
3.67 0.0234597 -0.0721836
3.675 0.0235045 -0.0732016
3.68 0.0235453 -0.0742305
3.685 0.0235817 -0.0752705
3.69 0.0236139 -0.0763215
3.695 0.0236416 -0.0773837
3.7 0.0236648 -0.0784571
3.705 0.0236834 -0.0795417
3.71 0.0236972 -0.0806377
3.715 0.0237062 -0.081745
3.72 0.0237102 -0.0828637
3.725 0.0237092 -0.083994
3.73 0.023703 -0.0851358
3.735 0.0236915 -0.0862893
3.74 0.0236746 -0.0874544
3.745 0.0236522 -0.0886313
3.75 0.0236242 -0.0898199
3.755 0.0235905 -0.0910204
3.76 0.0235509 -0.0922328
3.765 0.0235053 -0.0934571
3.77 0.0234537 -0.0946935
3.775 0.0233958 -0.0959419
3.78 0.0233317 -0.0972025
3.785 0.0232611 -0.0984752
3.79 0.0231839 -0.0997601
3.795 0.0231001 -0.101057
3.8 0.0230094 -0.102367
3.805 0.0229118 -0.103689
3.81 0.0228071 -0.105023
3.815 0.0226952 -0.10637
3.82 0.022576 -0.107729
3.825 0.0224494 -0.109101
3.83 0.0223152 -0.110485
3.835 0.0221732 -0.111882
3.84 0.0220234 -0.113292
3.845 0.0218657 -0.114715
3.85 0.0216998 -0.11615
3.855 0.0215256 -0.117598
3.86 0.0213431 -0.119059
3.865 0.0211521 -0.120533
3.87 0.0209524 -0.12202
3.875 0.0207438 -0.12352
3.88 0.0205264 -0.125032
3.885 0.0202998 -0.126558
3.89 0.020064 -0.128097
3.895 0.0198189 -0.129649
3.9 0.0195642 -0.131214
3.905 0.0192998 -0.132792
3.91 0.0190257 -0.134384
3.915 0.0187416 -0.135989
3.92 0.0184474 -0.137607
3.925 0.0181429 -0.139238
3.93 0.017828 -0.140882
3.935 0.0175026 -0.14254
3.94 0.0171664 -0.144212
3.945 0.0168194 -0.145896
3.95 0.0164614 -0.147594
3.955 0.0160922 -0.149306
3.96 0.0157117 -0.15103
3.965 0.0153197 -0.152769
3.97 0.014916 -0.154521
3.975 0.0145006 -0.156286
3.98 0.0140732 -0.158064
3.985 0.0136337 -0.159857
3.99 0.013182 -0.161662
3.995 0.0127178 -0.163482
4 0.012241 -0.165315
4.005 0.0117514 -0.167161
4.01 0.011249 -0.169021
4.015 0.0107334 -0.170894
4.02 0.0102046 -0.172781
4.025 0.00966243 -0.174682
4.03 0.00910665 -0.176596
4.035 0.00853713 -0.178524
4.04 0.0079537 -0.180465
4.045 0.00735619 -0.18242
4.05 0.00674444 -0.184388
4.055 0.00611828 -0.18637
4.06 0.00547754 -0.188365
4.065 0.00482206 -0.190374
4.07 0.00415165 -0.192397
4.075 0.00346615 -0.194433
4.08 0.00276539 -0.196482
4.085 0.00204919 -0.198545
4.09 0.0013174 -0.200621
4.095 0.000569824 -0.202711
4.1 -0.000193698 -0.204814
4.105 -0.000973342 -0.206931
4.11 -0.00176928 -0.209061
4.115 -0.00258169 -0.211204
4.12 -0.00341074 -0.21336
4.125 -0.00425661 -0.21553
4.13 -0.00511948 -0.217714
4.135 -0.00599951 -0.21991
4.14 -0.00689688 -0.22212
4.145 -0.00781178 -0.224342
4.15 -0.00874437 -0.226578
4.155 -0.00969483 -0.228827
4.16 -0.0106633 -0.231089
4.165 -0.0116501 -0.233364
4.17 -0.0126552 -0.235652
4.175 -0.0136789 -0.237953
4.18 -0.0147214 -0.240267
4.185 -0.0157828 -0.242594
4.19 -0.0168633 -0.244934
4.195 -0.0179631 -0.247286
4.2 -0.0190823 -0.249651
4.205 -0.0202212 -0.252029
4.21 -0.02138 -0.254419
4.215 -0.0225587 -0.256822
4.22 -0.0237576 -0.259237
4.225 -0.0249768 -0.261665
4.23 -0.0262166 -0.264105
4.235 -0.0274771 -0.266557
4.24 -0.0287584 -0.269022
4.245 -0.0300608 -0.271499
4.25 -0.0313845 -0.273988
4.255 -0.0327296 -0.276489
4.26 -0.0340962 -0.279002
4.265 -0.0354847 -0.281527
4.27 -0.036895 -0.284063
4.275 -0.0383275 -0.286612
4.28 -0.0397823 -0.289172
4.285 -0.0412596 -0.291744
4.29 -0.0427595 -0.294327
4.295 -0.0442822 -0.296922
4.3 -0.045828 -0.299528
4.305 -0.0473968 -0.302146
4.31 -0.0489891 -0.304774
4.315 -0.0506048 -0.307414
4.32 -0.0522443 -0.310065
4.325 -0.0539076 -0.312726
4.33 -0.0555949 -0.315399
4.335 -0.0573065 -0.318082
4.34 -0.0590424 -0.320776
4.345 -0.0608029 -0.323481
4.35 -0.0625881 -0.326196
4.355 -0.0643982 -0.328921
4.36 -0.0662333 -0.331657
4.365 -0.0680937 -0.334403
4.37 -0.0699795 -0.337158
4.375 -0.0718908 -0.339924
4.38 -0.0738278 -0.3427
4.385 -0.0757908 -0.345485
4.39 -0.0777798 -0.34828
4.395 -0.079795 -0.351085
4.4 -0.0818366 -0.353899
4.405 -0.0839048 -0.356722
4.41 -0.0859997 -0.359555
4.415 -0.0881215 -0.362396
4.42 -0.0902703 -0.365247
4.425 -0.0924463 -0.368106
4.43 -0.0946496 -0.370974
4.435 -0.0968805 -0.373851
4.44 -0.099139 -0.376736
4.445 -0.101425 -0.379629
4.45 -0.10374 -0.382531
4.455 -0.106082 -0.38544
4.46 -0.108453 -0.388358
4.465 -0.110852 -0.391283
4.47 -0.11328 -0.394217
4.475 -0.115737 -0.397157
4.48 -0.118222 -0.400105
4.485 -0.120737 -0.403061
4.49 -0.12328 -0.406023
4.495 -0.125853 -0.408993
4.5 -0.128456 -0.411969
4.505 -0.131088 -0.414953
4.51 -0.13375 -0.417942
4.515 -0.136442 -0.420939
4.52 -0.139164 -0.423941
4.525 -0.141916 -0.42695
4.53 -0.144698 -0.429965
4.535 -0.147511 -0.432985
4.54 -0.150355 -0.436012
4.545 -0.153229 -0.439043
4.55 -0.156134 -0.442081
4.555 -0.159071 -0.445123
4.56 -0.162038 -0.448171
4.565 -0.165037 -0.451224
4.57 -0.168067 -0.454281
4.575 -0.171128 -0.457343
4.58 -0.174221 -0.46041
4.585 -0.177346 -0.46348
4.59 -0.180503 -0.466555
4.595 -0.183692 -0.469634
4.6 -0.186913 -0.472717
4.605 -0.190167 -0.475804
4.61 -0.193453 -0.478894
4.615 -0.196771 -0.481987
4.62 -0.200122 -0.485084
4.625 -0.203505 -0.488184
4.63 -0.206922 -0.491286
4.635 -0.210371 -0.494392
4.64 -0.213854 -0.497499
4.645 -0.21737 -0.500609
4.65 -0.220919 -0.503722
4.655 -0.224501 -0.506836
4.66 -0.228117 -0.509952
4.665 -0.231767 -0.51307
4.67 -0.23545 -0.516189
4.675 -0.239167 -0.51931
4.68 -0.242918 -0.522431
4.685 -0.246703 -0.525554
4.69 -0.250522 -0.528678
4.695 -0.254375 -0.531802
4.7 -0.258262 -0.534926
4.705 -0.262184 -0.538051
4.71 -0.26614 -0.541176
4.715 -0.270131 -0.544301
4.72 -0.274157 -0.547425
4.725 -0.278217 -0.550549
4.73 -0.282312 -0.553673
4.735 -0.286441 -0.556795
4.74 -0.290606 -0.559917
4.745 -0.294806 -0.563037
4.75 -0.299041 -0.566156
4.755 -0.303311 -0.569274
4.76 -0.307616 -0.572389
4.765 -0.311956 -0.575503
4.77 -0.316332 -0.578615
4.775 -0.320744 -0.581724
4.78 -0.325191 -0.584831
4.785 -0.329673 -0.587935
4.79 -0.334191 -0.591037
4.795 -0.338745 -0.594135
4.8 -0.343335 -0.59723
4.805 -0.34796 -0.600322
4.81 -0.352621 -0.60341
4.815 -0.357319 -0.606494
4.82 -0.362052 -0.609575
4.825 -0.366821 -0.612651
4.83 -0.371626 -0.615723
4.835 -0.376467 -0.61879
4.84 -0.381345 -0.621853
4.845 -0.386259 -0.62491
4.85 -0.391208 -0.627963
4.855 -0.396195 -0.63101
4.86 -0.401217 -0.634052
4.865 -0.406276 -0.637088
4.87 -0.411371 -0.640118
4.875 -0.416503 -0.643142
4.88 -0.421671 -0.64616
4.885 -0.426876 -0.649171
4.89 -0.432117 -0.652176
4.895 -0.437394 -0.655174
4.9 -0.442708 -0.658165
4.905 -0.448059 -0.661149
4.91 -0.453446 -0.664126
4.915 -0.45887 -0.667094
4.92 -0.464331 -0.670055
4.925 -0.469828 -0.673009
4.93 -0.475362 -0.675954
4.935 -0.480932 -0.67889
4.94 -0.486539 -0.681818
4.945 -0.492183 -0.684738
4.95 -0.497863 -0.687648
4.955 -0.50358 -0.69055
4.96 -0.509334 -0.693442
4.965 -0.515125 -0.696324
4.97 -0.520952 -0.699197
4.975 -0.526815 -0.70206
4.98 -0.532716 -0.704914
4.985 -0.538653 -0.707756
4.99 -0.544627 -0.710589
4.995 -0.550637 -0.713411
5 -0.556684 -0.716222
5.005 -0.562767 -0.719022
5.01 -0.568887 -0.721811
5.015 -0.575044 -0.724589
5.02 -0.581237 -0.727355
5.025 -0.587467 -0.730109
5.03 -0.593733 -0.732852
5.035 -0.600036 -0.735582
5.04 -0.606375 -0.7383
5.045 -0.61275 -0.741006
5.05 -0.619162 -0.743699
5.055 -0.62561 -0.746379
5.06 -0.632095 -0.749046
5.065 -0.638615 -0.7517
5.07 -0.645172 -0.754341
5.075 -0.651765 -0.756968
5.08 -0.658395 -0.759582
5.085 -0.66506 -0.762181
5.09 -0.671761 -0.764767
5.095 -0.678499 -0.767338
5.1 -0.685272 -0.769894
5.105 -0.692081 -0.772437
5.11 -0.698926 -0.774964
5.115 -0.705807 -0.777476
5.12 -0.712723 -0.779973
5.125 -0.719675 -0.782455
5.13 -0.726663 -0.784921
5.135 -0.733686 -0.787372
5.14 -0.740745 -0.789807
5.145 -0.747839 -0.792225
5.15 -0.754969 -0.794628
5.155 -0.762133 -0.797014
5.16 -0.769333 -0.799384
5.165 -0.776568 -0.801737
5.17 -0.783838 -0.804073
5.175 -0.791143 -0.806392
5.18 -0.798483 -0.808693
5.185 -0.805858 -0.810978
5.19 -0.813267 -0.813244
5.195 -0.820711 -0.815493
5.2 -0.82819 -0.817724
5.205 -0.835703 -0.819937
5.21 -0.84325 -0.822132
5.215 -0.850832 -0.824309
5.22 -0.858448 -0.826466
5.225 -0.866097 -0.828605
5.23 -0.873781 -0.830726
5.235 -0.881499 -0.832827
5.24 -0.88925 -0.834909
5.245 -0.897036 -0.836971
5.25 -0.904854 -0.839014
5.255 -0.912706 -0.841038
5.26 -0.920592 -0.843041
5.265 -0.928511 -0.845025
5.27 -0.936462 -0.846988
5.275 -0.944447 -0.848931
5.28 -0.952465 -0.850853
5.285 -0.960516 -0.852755
5.29 -0.968599 -0.854636
5.295 -0.976714 -0.856497
5.3 -0.984862 -0.858336
5.305 -0.993043 -0.860153
5.31 -1.00126 -0.86195
5.315 -1.0095 -0.863725
5.32 -1.01778 -0.865478
5.325 -1.02608 -0.867209
5.33 -1.03442 -0.868919
5.335 -1.0428 -0.870606
5.34 -1.0512 -0.872271
5.345 -1.05963 -0.873913
5.35 -1.0681 -0.875533
5.355 -1.07659 -0.877131
5.36 -1.08512 -0.878705
5.365 -1.09368 -0.880256
5.37 -1.10226 -0.881785
5.375 -1.11088 -0.88329
5.38 -1.11953 -0.884771
5.385 -1.12821 -0.886229
5.39 -1.13692 -0.887664
5.395 -1.14565 -0.889074
5.4 -1.15442 -0.890461
5.405 -1.16322 -0.891823
5.41 -1.17204 -0.893162
5.415 -1.1809 -0.894475
5.42 -1.18978 -0.895765
5.425 -1.1987 -0.89703
5.43 -1.20764 -0.89827
5.435 -1.21661 -0.899485
5.44 -1.2256 -0.900675
5.445 -1.23463 -0.90184
5.45 -1.24368 -0.902979
5.455 -1.25277 -0.904094
5.46 -1.26187 -0.905183
5.465 -1.27101 -0.906246
5.47 -1.28017 -0.907283
5.475 -1.28936 -0.908295
5.48 -1.29858 -0.90928
5.485 -1.30782 -0.91024
5.49 -1.31709 -0.911173
5.495 -1.32639 -0.912079
5.5 -1.33571 -0.91296
5.505 -1.34506 -0.913813
5.51 -1.35443 -0.91464
5.515 -1.36383 -0.915441
5.52 -1.37325 -0.916214
5.525 -1.3827 -0.91696
5.53 -1.39218 -0.917679
5.535 -1.40167 -0.918371
5.54 -1.4112 -0.919035
5.545 -1.42074 -0.919672
5.55 -1.43031 -0.920281
5.555 -1.43991 -0.920862
5.56 -1.44952 -0.921416
5.565 -1.45916 -0.921942
5.57 -1.46883 -0.92244
5.575 -1.47851 -0.922909
5.58 -1.48822 -0.923351
5.585 -1.49795 -0.923764
5.59 -1.50771 -0.924148
5.595 -1.51748 -0.924504
5.6 -1.52728 -0.924832
5.605 -1.5371 -0.925131
5.61 -1.54694 -0.9254
5.615 -1.5568 -0.925641
5.62 -1.56668 -0.925853
5.625 -1.57658 -0.926036
5.63 -1.5865 -0.92619
5.635 -1.59644 -0.926314
5.64 -1.6064 -0.926409
5.645 -1.61638 -0.926475
5.65 -1.62638 -0.926511
5.655 -1.6364 -0.926517
5.66 -1.64644 -0.926493
5.665 -1.65649 -0.92644
5.67 -1.66657 -0.926357
5.675 -1.67666 -0.926244
5.68 -1.68677 -0.9261
5.685 -1.6969 -0.925927
5.69 -1.70704 -0.925723
5.695 -1.7172 -0.925489
5.7 -1.72738 -0.925225
5.705 -1.73757 -0.92493
5.71 -1.74778 -0.924605
5.715 -1.758 -0.924248
5.72 -1.76824 -0.923862
5.725 -1.7785 -0.923444
5.73 -1.78877 -0.922996
5.735 -1.79906 -0.922516
5.74 -1.80936 -0.922006
5.745 -1.81967 -0.921465
5.75 -1.83 -0.920892
5.755 -1.84034 -0.920289
5.76 -1.85069 -0.919654
5.765 -1.86106 -0.918987
5.77 -1.87143 -0.91829
5.775 -1.88183 -0.917561
5.78 -1.89223 -0.9168
5.785 -1.90264 -0.916008
5.79 -1.91307 -0.915184
5.795 -1.92351 -0.914328
5.8 -1.93395 -0.913441
5.805 -1.94441 -0.912522
5.81 -1.95488 -0.911571
5.815 -1.96536 -0.910588
5.82 -1.97584 -0.909573
5.825 -1.98634 -0.908526
5.83 -1.99685 -0.907446
5.835 -2.00736 -0.906335
5.84 -2.01788 -0.905192
5.845 -2.02841 -0.904016
5.85 -2.03895 -0.902808
5.855 -2.04949 -0.901568
5.86 -2.06004 -0.900295
5.865 -2.0706 -0.89899
5.87 -2.08116 -0.897653
5.875 -2.09173 -0.896282
5.88 -2.1023 -0.89488
5.885 -2.11288 -0.893445
5.89 -2.12347 -0.891977
5.895 -2.13405 -0.890476
5.9 -2.14465 -0.888943
5.905 -2.15524 -0.887377
5.91 -2.16584 -0.885778
5.915 -2.17644 -0.884147
5.92 -2.18705 -0.882482
5.925 -2.19766 -0.880785
5.93 -2.20827 -0.879055
5.935 -2.21888 -0.877292
5.94 -2.22949 -0.875496
5.945 -2.2401 -0.873667
5.95 -2.25071 -0.871805
5.955 -2.26132 -0.86991
5.96 -2.27194 -0.867981
5.965 -2.28255 -0.86602
5.97 -2.29316 -0.864026
5.975 -2.30377 -0.861998
5.98 -2.31438 -0.859938
5.985 -2.32498 -0.857844
5.99 -2.33558 -0.855717
5.995 -2.34618 -0.853557
6 -2.35678 -0.851364
6.005 -2.36737 -0.849137
6.01 -2.37796 -0.846878
6.015 -2.38854 -0.844585
6.02 -2.39912 -0.842258
6.025 -2.40969 -0.839899
6.03 -2.42026 -0.837506
6.035 -2.43082 -0.83508
6.04 -2.44137 -0.832621
6.045 -2.45192 -0.830128
6.05 -2.46246 -0.827602
6.055 -2.47299 -0.825043
6.06 -2.48351 -0.822451
6.065 -2.49403 -0.819825
6.07 -2.50453 -0.817166
6.075 -2.51503 -0.814474
6.08 -2.52551 -0.811749
6.085 -2.53599 -0.80899
6.09 -2.54645 -0.806198
6.095 -2.55691 -0.803373
6.1 -2.56735 -0.800515
6.105 -2.57778 -0.797623
6.11 -2.5882 -0.794698
6.115 -2.5986 -0.79174
6.12 -2.60899 -0.788749
6.125 -2.61937 -0.785725
6.13 -2.62973 -0.782667
6.135 -2.64008 -0.779577
6.14 -2.65041 -0.776453
6.145 -2.66073 -0.773296
6.15 -2.67103 -0.770107
6.155 -2.68132 -0.766884
6.16 -2.69159 -0.763628
6.165 -2.70184 -0.760339
6.17 -2.71207 -0.757018
6.175 -2.72228 -0.753663
6.18 -2.73248 -0.750276
6.185 -2.74266 -0.746855
6.19 -2.75281 -0.743402
6.195 -2.76295 -0.739916
6.2 -2.77306 -0.736398
6.205 -2.78316 -0.732847
6.21 -2.79323 -0.729263
6.215 -2.80328 -0.725646
6.22 -2.81331 -0.721997
6.225 -2.82332 -0.718315
6.23 -2.8333 -0.714601
6.235 -2.84326 -0.710855
6.24 -2.85319 -0.707076
6.245 -2.8631 -0.703264
6.25 -2.87299 -0.699421
6.255 -2.88284 -0.695545
6.26 -2.89268 -0.691637
6.265 -2.90248 -0.687697
6.27 -2.91226 -0.683725
6.275 -2.92201 -0.679721
6.28 -2.93173 -0.675685
6.285 -2.94142 -0.671617
6.29 -2.95109 -0.667517
6.295 -2.96072 -0.663385
6.3 -2.97033 -0.659222
6.305 -2.9799 -0.655027
6.31 -2.98944 -0.650801
6.315 -2.99895 -0.646543
6.32 -3.00843 -0.642253
6.325 -3.01788 -0.637933
6.33 -3.02729 -0.633581
6.335 -3.03667 -0.629198
6.34 -3.04601 -0.624784
6.345 -3.05532 -0.620338
6.35 -3.06459 -0.615862
6.355 -3.07383 -0.611355
6.36 -3.08303 -0.606817
6.365 -3.0922 -0.602248
6.37 -3.10133 -0.597649
6.375 -3.11042 -0.593019
6.38 -3.11947 -0.588359
6.385 -3.12848 -0.583669
6.39 -3.13746 -0.578948
6.395 -3.14639 -0.574197
6.4 -3.15529 -0.569416
6.405 -3.16414 -0.564605
6.41 -3.17295 -0.559764
6.415 -3.18172 -0.554894
6.42 -3.19045 -0.549994
6.425 -3.19913 -0.545064
6.43 -3.20777 -0.540104
6.435 -3.21637 -0.535116
6.44 -3.22492 -0.530098
6.445 -3.23343 -0.525051
6.45 -3.24189 -0.519975
6.455 -3.2503 -0.51487
6.46 -3.25867 -0.509737
6.465 -3.26699 -0.504574
6.47 -3.27527 -0.499383
6.475 -3.28349 -0.494164
6.48 -3.29167 -0.488916
6.485 -3.2998 -0.48364
6.49 -3.30787 -0.478337
6.495 -3.3159 -0.473005
6.5 -3.32388 -0.467645
6.505 -3.3318 -0.462258
6.51 -3.33968 -0.456843
6.515 -3.3475 -0.451401
6.52 -3.35526 -0.445931
6.525 -3.36298 -0.440434
6.53 -3.37064 -0.434911
6.535 -3.37824 -0.42936
6.54 -3.38579 -0.423783
6.545 -3.39328 -0.418179
6.55 -3.40072 -0.412549
6.555 -3.4081 -0.406892
6.56 -3.41543 -0.401209
6.565 -3.42269 -0.3955
6.57 -3.4299 -0.389766
6.575 -3.43705 -0.384006
6.58 -3.44414 -0.37822
6.585 -3.45117 -0.372408
6.59 -3.45813 -0.366572
6.595 -3.46504 -0.360711
6.6 -3.47189 -0.354824
6.605 -3.47867 -0.348913
6.61 -3.48539 -0.342977
6.615 -3.49205 -0.337017
6.62 -3.49864 -0.331033
6.625 -3.50517 -0.325024
6.63 -3.51163 -0.318992
6.635 -3.51803 -0.312936
6.64 -3.52437 -0.306856
6.645 -3.53063 -0.300753
6.65 -3.53683 -0.294627
6.655 -3.54296 -0.288478
6.66 -3.54903 -0.282305
6.665 -3.55502 -0.276111
6.67 -3.56095 -0.269893
6.675 -3.5668 -0.263654
6.68 -3.57259 -0.257392
6.685 -3.5783 -0.251109
6.69 -3.58395 -0.244804
6.695 -3.58952 -0.238477
6.7 -3.59502 -0.232129
6.705 -3.60045 -0.22576
6.71 -3.6058 -0.219369
6.715 -3.61108 -0.212958
6.72 -3.61628 -0.206527
6.725 -3.62141 -0.200075
6.73 -3.62647 -0.193603
6.735 -3.63145 -0.187112
6.74 -3.63635 -0.1806
6.745 -3.64117 -0.174069
6.75 -3.64592 -0.167519
6.755 -3.65059 -0.160949
6.76 -3.65518 -0.154361
6.765 -3.65969 -0.147754
6.77 -3.66412 -0.141129
6.775 -3.66847 -0.134485
6.78 -3.67274 -0.127824
6.785 -3.67693 -0.121144
6.79 -3.68104 -0.114447
6.795 -3.68506 -0.107733
6.8 -3.68901 -0.101002
6.805 -3.69286 -0.094254
6.81 -3.69664 -0.0874893
6.815 -3.70033 -0.0807081
6.82 -3.70394 -0.0739109
6.825 -3.70746 -0.0670977
6.83 -3.71089 -0.0602688
6.835 -3.71424 -0.0534245
6.84 -3.7175 -0.046565
6.845 -3.72068 -0.0396905
6.85 -3.72376 -0.0328013
6.855 -3.72676 -0.0258977
6.86 -3.72967 -0.0189798
6.865 -3.73249 -0.0120479
6.87 -3.73522 -0.00510234
6.875 -3.73786 0.00185671
6.88 -3.74041 0.00882897
6.885 -3.74287 0.0158142
6.89 -3.74524 0.0228121
6.895 -3.74751 0.0298225
6.9 -3.7497 0.036845
6.905 -3.75179 0.0438795
6.91 -3.75378 0.0509256
6.915 -3.75568 0.0579832
6.92 -3.75749 0.0650518
6.925 -3.7592 0.0721313
6.93 -3.76082 0.0792215
6.935 -3.76234 0.0863219
6.94 -3.76377 0.0934324
6.945 -3.76509 0.100553
6.95 -3.76632 0.107682
6.955 -3.76746 0.114821
6.96 -3.76849 0.121969
6.965 -3.76943 0.129126
6.97 -3.77027 0.136291
6.975 -3.77101 0.143464
6.98 -3.77165 0.150645
6.985 -3.77218 0.157833
6.99 -3.77262 0.165029
6.995 -3.77296 0.172231
7 -3.77319 0.17944
7.005 -3.77333 0.186656
7.01 -3.77336 0.193878
7.015 -3.77329 0.201105
7.02 -3.77311 0.208338
7.025 -3.77283 0.215576
7.03 -3.77245 0.222819
7.035 -3.77196 0.230067
7.04 -3.77137 0.237319
7.045 -3.77068 0.244575
7.05 -3.76987 0.251835
7.055 -3.76897 0.259098
7.06 -3.76795 0.266364
7.065 -3.76683 0.273632
7.07 -3.7656 0.280904
7.075 -3.76427 0.288177
7.08 -3.76283 0.295453
7.085 -3.76127 0.302729
7.09 -3.75962 0.310007
7.095 -3.75785 0.317286
7.1 -3.75597 0.324566
7.105 -3.75398 0.331846
7.11 -3.75189 0.339125
7.115 -3.74968 0.346405
7.12 -3.74736 0.353683
7.125 -3.74494 0.360961
7.13 -3.7424 0.368237
7.135 -3.73975 0.375512
7.14 -3.73698 0.382784
7.145 -3.73411 0.390054
7.15 -3.73112 0.397322
7.155 -3.72802 0.404587
7.16 -3.72481 0.411848
7.165 -3.72149 0.419106
7.17 -3.71805 0.42636
7.175 -3.7145 0.433609
7.18 -3.71083 0.440854
7.185 -3.70705 0.448094
7.19 -3.70315 0.455328
7.195 -3.69914 0.462557
7.2 -3.69501 0.46978
7.205 -3.69077 0.476997
7.21 -3.68642 0.484206
7.215 -3.68194 0.491409
7.22 -3.67736 0.498605
7.225 -3.67265 0.505793
7.23 -3.66783 0.512973
7.235 -3.66289 0.520144
7.24 -3.65783 0.527307
7.245 -3.65266 0.534461
7.25 -3.64737 0.541605
7.255 -3.64196 0.548739
7.26 -3.63644 0.555864
7.265 -3.63079 0.562978
7.27 -3.62503 0.570081
7.275 -3.61915 0.577173
7.28 -3.61315 0.584254
7.285 -3.60703 0.591322
7.29 -3.6008 0.598379
7.295 -3.59444 0.605423
7.3 -3.58797 0.612453
7.305 -3.58137 0.619471
7.31 -3.57466 0.626475
7.315 -3.56782 0.633465
7.32 -3.56087 0.640441
7.325 -3.5538 0.647402
7.33 -3.5466 0.654348
7.335 -3.53929 0.661279
7.34 -3.53186 0.668194
7.345 -3.5243 0.675092
7.35 -3.51663 0.681975
7.355 -3.50883 0.68884
7.36 -3.50092 0.695688
7.365 -3.49288 0.702519
7.37 -3.48473 0.709332
7.375 -3.47645 0.716126
7.38 -3.46805 0.722902
7.385 -3.45953 0.729659
7.39 -3.45089 0.736396
7.395 -3.44213 0.743114
7.4 -3.43325 0.749812
7.405 -3.42424 0.756489
7.41 -3.41512 0.763145
7.415 -3.40587 0.76978
7.42 -3.39651 0.776394
7.425 -3.38702 0.782986
7.43 -3.37741 0.789555
7.435 -3.36768 0.796102
7.44 -3.35783 0.802626
7.445 -3.34786 0.809127
7.45 -3.33776 0.815603
7.455 -3.32755 0.822056
7.46 -3.31721 0.828485
7.465 -3.30676 0.834888
7.47 -3.29618 0.841266
7.475 -3.28549 0.847619
7.48 -3.27467 0.853946
7.485 -3.26373 0.860247
7.49 -3.25267 0.866521
7.495 -3.24149 0.872768
7.5 -3.23019 0.878987
7.505 -3.21877 0.885179
7.51 -3.20723 0.891343
7.515 -3.19557 0.897479
7.52 -3.18379 0.903586
7.525 -3.17189 0.909663
7.53 -3.15987 0.915711
7.535 -3.14774 0.921729
7.54 -3.13548 0.927717
7.545 -3.1231 0.933675
7.55 -3.11061 0.939601
7.555 -3.09799 0.945496
7.56 -3.08526 0.95136
7.565 -3.07241 0.957191
7.57 -3.05944 0.96299
7.575 -3.04635 0.968756
7.58 -3.03315 0.974489
7.585 -3.01983 0.980189
7.59 -3.00639 0.985855
7.595 -2.99283 0.991487
7.6 -2.97916 0.997084
7.605 -2.96537 1.00265
7.61 -2.95146 1.00817
7.615 -2.93744 1.01367
7.62 -2.9233 1.01912
7.625 -2.90905 1.02454
7.63 -2.89468 1.02992
7.635 -2.8802 1.03527
7.64 -2.8656 1.04058
7.645 -2.85089 1.04585
7.65 -2.83607 1.05108
7.655 -2.82113 1.05628
7.66 -2.80608 1.06143
7.665 -2.79091 1.06655
7.67 -2.77563 1.07163
7.675 -2.76025 1.07666
7.68 -2.74474 1.08166
7.685 -2.72913 1.08662
7.69 -2.71341 1.09153
7.695 -2.69757 1.09641
7.7 -2.68163 1.10124
7.705 -2.66557 1.10604
7.71 -2.64941 1.11079
7.715 -2.63314 1.11549
7.72 -2.61676 1.12016
7.725 -2.60027 1.12478
7.73 -2.58367 1.12936
7.735 -2.56696 1.1339
7.74 -2.55015 1.13839
7.745 -2.53323 1.14283
7.75 -2.51621 1.14724
7.755 -2.49908 1.15159
7.76 -2.48185 1.1559
7.765 -2.46451 1.16017
7.77 -2.44707 1.16439
7.775 -2.42952 1.16856
7.78 -2.41187 1.17269
7.785 -2.39412 1.17677
7.79 -2.37627 1.1808
7.795 -2.35832 1.18479
7.8 -2.34026 1.18873
7.805 -2.32211 1.19262
7.81 -2.30386 1.19646
7.815 -2.2855 1.20025
7.82 -2.26705 1.20399
7.825 -2.2485 1.20769
7.83 -2.22986 1.21133
7.835 -2.21111 1.21493
7.84 -2.19227 1.21847
7.845 -2.17334 1.22197
7.85 -2.15431 1.22541
7.855 -2.13519 1.2288
7.86 -2.11597 1.23214
7.865 -2.09666 1.23543
7.87 -2.07726 1.23867
7.875 -2.05777 1.24185
7.88 -2.03819 1.24499
7.885 -2.01851 1.24807
7.89 -1.99875 1.25109
7.895 -1.9789 1.25407
7.9 -1.95896 1.25699
7.905 -1.93893 1.25985
7.91 -1.91882 1.26267
7.915 -1.89862 1.26542
7.92 -1.87833 1.26813
7.925 -1.85796 1.27078
7.93 -1.83751 1.27337
7.935 -1.81697 1.27591
7.94 -1.79636 1.27839
7.945 -1.77566 1.28082
7.95 -1.75488 1.28319
7.955 -1.73402 1.2855
7.96 -1.71308 1.28776
7.965 -1.69206 1.28996
7.97 -1.67097 1.29211
7.975 -1.6498 1.29419
7.98 -1.62855 1.29622
7.985 -1.60723 1.29819
7.99 -1.58584 1.30011
7.995 -1.56437 1.30196
8 -1.54283 1.30376
8.005 -1.52122 1.3055
8.01 -1.49954 1.30718
8.015 -1.47778 1.3088
8.02 -1.45596 1.31036
8.025 -1.43407 1.31186
8.03 -1.41212 1.31331
8.035 -1.39009 1.31469
8.04 -1.36801 1.31601
8.045 -1.34585 1.31727
8.05 -1.32364 1.31848
8.055 -1.30136 1.31962
8.06 -1.27902 1.3207
8.065 -1.25662 1.32172
8.07 -1.23416 1.32268
8.075 -1.21164 1.32358
8.08 -1.18907 1.32441
8.085 -1.16643 1.32519
8.09 -1.14374 1.3259
8.095 -1.121 1.32655
8.1 -1.0982 1.32714
8.105 -1.07535 1.32767
8.11 -1.05245 1.32813
8.115 -1.0295 1.32853
8.12 -1.00649 1.32887
8.125 -0.983441 1.32915
8.13 -0.960342 1.32936
8.135 -0.937196 1.32951
8.14 -0.914003 1.3296
8.145 -0.890767 1.32962
8.15 -0.867486 1.32958
8.155 -0.844163 1.32948
8.16 -0.820799 1.32931
8.165 -0.797394 1.32908
8.17 -0.77395 1.32878
8.175 -0.750467 1.32843
8.18 -0.726948 1.328
8.185 -0.703392 1.32751
8.19 -0.679801 1.32696
8.195 -0.656176 1.32635
8.2 -0.632519 1.32566
8.205 -0.60883 1.32492
8.21 -0.58511 1.32411
8.215 -0.561361 1.32323
8.22 -0.537583 1.32229
8.225 -0.513779 1.32129
8.23 -0.489948 1.32022
8.235 -0.466092 1.31908
8.24 -0.442213 1.31788
8.245 -0.418311 1.31662
8.25 -0.394387 1.31529
8.255 -0.370444 1.31389
8.26 -0.346481 1.31243
8.265 -0.3225 1.3109
8.27 -0.298503 1.30931
8.275 -0.27449 1.30765
8.28 -0.250462 1.30593
8.285 -0.226422 1.30414
8.29 -0.202369 1.30229
8.295 -0.178305 1.30037
8.3 -0.154232 1.29838
8.305 -0.130151 1.29633
8.31 -0.106063 1.29421
8.315 -0.0819681 1.29203
8.32 -0.0578688 1.28978
8.325 -0.0337661 1.28747
8.33 -0.00966108 1.28509
8.335 0.014445 1.28264
8.34 0.0385508 1.28013
8.345 0.0626553 1.27756
8.35 0.086757 1.27492
8.355 0.110855 1.27221
8.36 0.134948 1.26944
8.365 0.159034 1.2666
8.37 0.183112 1.2637
8.375 0.207182 1.26073
8.38 0.231241 1.2577
8.385 0.255289 1.2546
8.39 0.279324 1.25143
8.395 0.303345 1.2482
8.4 0.327351 1.24491
8.405 0.351341 1.24155
8.41 0.375312 1.23813
8.415 0.399264 1.23464
8.42 0.423196 1.23108
8.425 0.447106 1.22747
8.43 0.470993 1.22378
8.435 0.494856 1.22004
8.44 0.518694 1.21622
8.445 0.542504 1.21235
8.45 0.566286 1.20841
8.455 0.590039 1.2044
8.46 0.613761 1.20034
8.465 0.637451 1.1962
8.47 0.661107 1.19201
8.475 0.684729 1.18775
8.48 0.708315 1.18343
8.485 0.731863 1.17904
8.49 0.755373 1.17459
8.495 0.778842 1.17008
8.5 0.802271 1.1655
8.505 0.825657 1.16087
8.51 0.848999 1.15617
8.515 0.872296 1.1514
8.52 0.895546 1.14658
8.525 0.918748 1.14169
8.53 0.941901 1.13674
8.535 0.965004 1.13173
8.54 0.988055 1.12666
8.545 1.01105 1.12153
8.55 1.034 1.11633
8.555 1.05688 1.11108
8.56 1.07971 1.10576
8.565 1.10249 1.10039
8.57 1.1252 1.09495
8.575 1.14785 1.08945
8.58 1.17044 1.0839
8.585 1.19296 1.07828
8.59 1.21542 1.0726
8.595 1.23782 1.06687
8.6 1.26014 1.06107
8.605 1.2824 1.05522
8.61 1.30459 1.04931
8.615 1.3267 1.04334
8.62 1.34874 1.03731
8.625 1.37071 1.03123
8.63 1.3926 1.02509
8.635 1.41442 1.01889
8.64 1.43615 1.01263
8.645 1.45781 1.00632
8.65 1.47939 0.999945
8.655 1.50088 0.993519
8.66 1.52229 0.987038
8.665 1.54362 0.9805
8.67 1.56486 0.973908
8.675 1.58601 0.967261
8.68 1.60708 0.960559
8.685 1.62805 0.953802
8.69 1.64893 0.946992
8.695 1.66972 0.940128
8.7 1.69042 0.93321
8.705 1.71102 0.92624
8.71 1.73153 0.919217
8.715 1.75193 0.912141
8.72 1.77224 0.905013
8.725 1.79245 0.897834
8.73 1.81256 0.890603
8.735 1.83256 0.883321
8.74 1.85246 0.875989
8.745 1.87226 0.868606
8.75 1.89195 0.861173
8.755 1.91153 0.853691
8.76 1.931 0.846159
8.765 1.95036 0.838579
8.77 1.96961 0.83095
8.775 1.98875 0.823273
8.78 2.00777 0.815549
8.785 2.02668 0.807777
8.79 2.04547 0.799958
8.795 2.06414 0.792092
8.8 2.08269 0.784181
8.805 2.10113 0.776223
8.81 2.11944 0.768221
8.815 2.13763 0.760173
8.82 2.1557 0.752081
8.825 2.17364 0.743945
8.83 2.19146 0.735765
8.835 2.20915 0.727542
8.84 2.22671 0.719276
8.845 2.24414 0.710968
8.85 2.26144 0.702618
8.855 2.2786 0.694226
8.86 2.29564 0.685793
8.865 2.31254 0.67732
8.87 2.32931 0.668806
8.875 2.34593 0.660253
8.88 2.36242 0.651661
8.885 2.37878 0.64303
8.89 2.39499 0.63436
8.895 2.41106 0.625653
8.9 2.42699 0.616908
8.905 2.44277 0.608127
8.91 2.45842 0.599309
8.915 2.47391 0.590455
8.92 2.48926 0.581566
8.925 2.50446 0.572641
8.93 2.51952 0.563683
8.935 2.53442 0.55469
8.94 2.54917 0.545664
8.945 2.56377 0.536605
8.95 2.57822 0.527513
8.955 2.59252 0.51839
8.96 2.60666 0.509235
8.965 2.62064 0.500049
8.97 2.63447 0.490833
8.975 2.64814 0.481587
8.98 2.66165 0.472311
8.985 2.675 0.463007
8.99 2.68819 0.453675
8.995 2.70121 0.444314
9 2.71408 0.434927
9.005 2.72678 0.425513
9.01 2.73932 0.416072
9.015 2.75169 0.406607
9.02 2.76389 0.397116
9.025 2.77593 0.3876
9.03 2.7878 0.378061
9.035 2.7995 0.368498
9.04 2.81103 0.358913
9.045 2.82239 0.349305
9.05 2.83357 0.339675
9.055 2.84459 0.330025
9.06 2.85543 0.320353
9.065 2.86609 0.310662
9.07 2.87659 0.300951
9.075 2.8869 0.291222
9.08 2.89704 0.281474
9.085 2.907 0.271709
9.09 2.91678 0.261926
9.095 2.92638 0.252127
9.1 2.93581 0.242313
9.105 2.94505 0.232482
9.11 2.95411 0.222637
9.115 2.96299 0.212778
9.12 2.97168 0.202906
9.125 2.9802 0.19302
9.13 2.98852 0.183122
9.135 2.99667 0.173213
9.14 3.00462 0.163292
9.145 3.01239 0.15336
9.15 3.01998 0.143419
9.155 3.02737 0.133469
9.16 3.03458 0.123509
9.165 3.0416 0.113542
9.17 3.04842 0.103567
9.175 3.05506 0.0935857
9.18 3.06151 0.0835978
9.185 3.06776 0.0736044
9.19 3.07383 0.0636059
9.195 3.0797 0.0536031
9.2 3.08538 0.0435966
9.205 3.09086 0.033587
9.21 3.09615 0.0235749
9.215 3.10124 0.0135609
9.22 3.10614 0.00354576
9.225 3.11085 -0.00647
9.23 3.11536 -0.0164857
9.235 3.11967 -0.0265007
9.24 3.12378 -0.0365144
9.245 3.1277 -0.0465262
9.25 3.13142 -0.0565353
9.255 3.13494 -0.0665412
9.26 3.13826 -0.0765433
9.265 3.14138 -0.0865408
9.27 3.1443 -0.0965331
9.275 3.14703 -0.10652
9.28 3.14955 -0.1165
9.285 3.15187 -0.126473
9.29 3.15399 -0.136438
9.295 3.15591 -0.146395
9.3 3.15763 -0.156343
9.305 3.15914 -0.166281
9.31 3.16046 -0.176209
9.315 3.16157 -0.186126
9.32 3.16248 -0.196031
9.325 3.16318 -0.205924
9.33 3.16368 -0.215805
9.335 3.16398 -0.225671
9.34 3.16408 -0.235524
9.345 3.16397 -0.245361
9.35 3.16365 -0.255183
9.355 3.16314 -0.264989
9.36 3.16242 -0.274778
9.365 3.16149 -0.284549
9.37 3.16036 -0.294303
9.375 3.15903 -0.304038
9.38 3.15749 -0.313753
9.385 3.15574 -0.323448
9.39 3.15379 -0.333123
9.395 3.15164 -0.342776
9.4 3.14928 -0.352407
9.405 3.14672 -0.362016
9.41 3.14395 -0.371601
9.415 3.14097 -0.381162
9.42 3.1378 -0.390699
9.425 3.13441 -0.40021
9.43 3.13082 -0.409696
9.435 3.12703 -0.419155
9.44 3.12303 -0.428587
9.445 3.11883 -0.437991
9.45 3.11442 -0.447366
9.455 3.10981 -0.456713
9.46 3.10499 -0.466029
9.465 3.09997 -0.475316
9.47 3.09475 -0.484571
9.475 3.08932 -0.493795
9.48 3.08369 -0.502986
9.485 3.07785 -0.512145
9.49 3.07182 -0.521269
9.495 3.06557 -0.53036
9.5 3.05913 -0.539416
9.505 3.05248 -0.548436
9.51 3.04563 -0.557421
9.515 3.03858 -0.566368
9.52 3.03133 -0.575278
9.525 3.02388 -0.584151
9.53 3.01622 -0.592984
9.535 3.00837 -0.601779
9.54 3.00031 -0.610533
9.545 2.99206 -0.619247
9.55 2.9836 -0.627921
9.555 2.97495 -0.636552
9.56 2.9661 -0.645141
9.565 2.95705 -0.653687
9.57 2.9478 -0.66219
9.575 2.93835 -0.670649
9.58 2.92871 -0.679063
9.585 2.91887 -0.687431
9.59 2.90883 -0.695754
9.595 2.8986 -0.70403
9.6 2.88818 -0.712259
9.605 2.87756 -0.72044
9.61 2.86675 -0.728573
9.615 2.85574 -0.736658
9.62 2.84454 -0.744692
9.625 2.83315 -0.752677
9.63 2.82157 -0.760611
9.635 2.8098 -0.768494
9.64 2.79783 -0.776325
9.645 2.78568 -0.784104
9.65 2.77334 -0.791829
9.655 2.76081 -0.799502
9.66 2.7481 -0.80712
9.665 2.73519 -0.814683
9.67 2.7221 -0.822192
9.675 2.70883 -0.829645
9.68 2.69537 -0.837041
9.685 2.68173 -0.844381
9.69 2.66791 -0.851663
9.695 2.6539 -0.858887
9.7 2.63971 -0.866053
9.705 2.62535 -0.87316
9.71 2.6108 -0.880207
9.715 2.59608 -0.887195
9.72 2.58117 -0.894122
9.725 2.56609 -0.900987
9.73 2.55084 -0.907791
9.735 2.53541 -0.914533
9.74 2.5198 -0.921213
9.745 2.50402 -0.927829
9.75 2.48807 -0.934381
9.755 2.47195 -0.94087
9.76 2.45566 -0.947294
9.765 2.4392 -0.953652
9.77 2.42257 -0.959945
9.775 2.40577 -0.966172
9.78 2.38881 -0.972333
9.785 2.37168 -0.978426
9.79 2.35439 -0.984452
9.795 2.33694 -0.990409
9.8 2.31932 -0.996299
9.805 2.30154 -1.00212
9.81 2.28361 -1.00787
9.815 2.26551 -1.01355
9.82 2.24726 -1.01916
9.825 2.22885 -1.0247
9.83 2.21029 -1.03017
9.835 2.19157 -1.03557
9.84 2.1727 -1.04089
9.845 2.15368 -1.04615
9.85 2.13451 -1.05133
9.855 2.11518 -1.05643
9.86 2.09572 -1.06147
9.865 2.0761 -1.06643
9.87 2.05634 -1.07131
9.875 2.03644 -1.07612
9.88 2.01639 -1.08086
9.885 1.9962 -1.08552
9.89 1.97587 -1.0901
9.895 1.9554 -1.0946
9.9 1.9348 -1.09903
9.905 1.91406 -1.10339
9.91 1.89319 -1.10766
9.915 1.87218 -1.11186
9.92 1.85104 -1.11598
9.925 1.82977 -1.12002
9.93 1.80837 -1.12398
9.935 1.78684 -1.12786
9.94 1.76519 -1.13167
9.945 1.74341 -1.13539
9.95 1.72151 -1.13903
9.955 1.69948 -1.14259
9.96 1.67734 -1.14607
9.965 1.65508 -1.14947
9.97 1.6327 -1.15279
9.975 1.6102 -1.15603
9.98 1.58759 -1.15919
9.985 1.56487 -1.16226
9.99 1.54203 -1.16525
9.995 1.51909 -1.16816
10 1.49604 -1.17098
10.005 1.47288 -1.17372
10.01 1.44961 -1.17638
10.015 1.42625 -1.17895
10.02 1.40278 -1.18144
10.025 1.37921 -1.18385
10.03 1.35554 -1.18617
10.035 1.33178 -1.1884
10.04 1.30792 -1.19056
10.045 1.28396 -1.19262
10.05 1.25992 -1.1946
10.055 1.23578 -1.1965
10.06 1.21156 -1.19831
10.065 1.18724 -1.20003
10.07 1.16285 -1.20167
10.075 1.13837 -1.20322
10.08 1.1138 -1.20468
10.085 1.08916 -1.20606
10.09 1.06444 -1.20735
10.095 1.03964 -1.20855
10.1 1.01477 -1.20967
10.105 0.989823 -1.2107
10.11 0.964805 -1.21164
10.115 0.939717 -1.21249
10.12 0.914562 -1.21326
10.125 0.88934 -1.21394
10.13 0.864055 -1.21453
10.135 0.838706 -1.21504
10.14 0.813297 -1.21545
10.145 0.787828 -1.21578
10.15 0.762303 -1.21602
10.155 0.736722 -1.21617
10.16 0.711087 -1.21623
10.165 0.685401 -1.2162
10.17 0.659665 -1.21609
10.175 0.633881 -1.21589
10.18 0.60805 -1.2156
10.185 0.582176 -1.21522
10.19 0.556259 -1.21475
10.195 0.530301 -1.21419
10.2 0.504304 -1.21355
10.205 0.478271 -1.21281
10.21 0.452203 -1.21199
10.215 0.426101 -1.21108
10.22 0.399968 -1.21008
10.225 0.373806 -1.20899
10.23 0.347617 -1.20781
10.235 0.321402 -1.20655
10.24 0.295164 -1.20519
10.245 0.268903 -1.20375
10.25 0.242623 -1.20222
10.255 0.216325 -1.2006
10.26 0.190012 -1.19889
10.265 0.163684 -1.19709
10.27 0.137344 -1.19521
10.275 0.110994 -1.19324
10.28 0.0846358 -1.19118
10.285 0.0582713 -1.18903
10.29 0.0319025 -1.1868
10.295 0.00553124 -1.18447
10.3 -0.0208404 -1.18206
10.305 -0.0472105 -1.17956
10.31 -0.0735772 -1.17698
10.315 -0.0999385 -1.17431
10.32 -0.126292 -1.17155
10.325 -0.152637 -1.1687
10.33 -0.17897 -1.16577
10.335 -0.20529 -1.16275
10.34 -0.231595 -1.15964
10.345 -0.257883 -1.15645
10.35 -0.284151 -1.15317
10.355 -0.310399 -1.14981
10.36 -0.336623 -1.14636
10.365 -0.362822 -1.14283
10.37 -0.388994 -1.13921
10.375 -0.415138 -1.1355
10.38 -0.44125 -1.13172
10.385 -0.46733 -1.12784
10.39 -0.493375 -1.12389
10.395 -0.519382 -1.11984
10.4 -0.545351 -1.11572
10.405 -0.57128 -1.11151
10.41 -0.597165 -1.10722
10.415 -0.623006 -1.10284
10.42 -0.648801 -1.09839
10.425 -0.674546 -1.09385
10.43 -0.700242 -1.08923
10.435 -0.725884 -1.08452
10.44 -0.751472 -1.07974
10.445 -0.777004 -1.07487
10.45 -0.802478 -1.06993
10.455 -0.827891 -1.0649
10.46 -0.853242 -1.05979
10.465 -0.878528 -1.05461
10.47 -0.903749 -1.04934
10.475 -0.928901 -1.044
10.48 -0.953984 -1.03857
10.485 -0.978994 -1.03307
10.49 -1.00393 -1.02749
10.495 -1.02879 -1.02183
10.5 -1.05358 -1.0161
10.505 -1.07828 -1.01028
10.51 -1.1029 -1.0044
10.515 -1.12744 -0.998431
10.52 -1.15189 -0.992391
10.525 -1.17626 -0.986276
10.53 -1.20054 -0.980086
10.535 -1.22472 -0.973822
10.54 -1.24881 -0.967483
10.545 -1.27281 -0.961072
10.55 -1.29671 -0.954587
10.555 -1.32052 -0.94803
10.56 -1.34422 -0.941401
10.565 -1.36782 -0.9347
10.57 -1.39132 -0.927927
10.575 -1.41471 -0.921085
10.58 -1.43799 -0.914172
10.585 -1.46116 -0.907189
10.59 -1.48422 -0.900137
10.595 -1.50717 -0.893016
10.6 -1.53 -0.885827
10.605 -1.55272 -0.878571
10.61 -1.57532 -0.871247
10.615 -1.5978 -0.863857
10.62 -1.62015 -0.8564
10.625 -1.64238 -0.848878
10.63 -1.66449 -0.841291
10.635 -1.68647 -0.833639
10.64 -1.70831 -0.825924
10.645 -1.73003 -0.818145
10.65 -1.75162 -0.810303
10.655 -1.77307 -0.802399
10.66 -1.79438 -0.794433
10.665 -1.81556 -0.786407
10.67 -1.83659 -0.778319
10.675 -1.85749 -0.770172
10.68 -1.87824 -0.761966
10.685 -1.89885 -0.753701
10.69 -1.91931 -0.745377
10.695 -1.93962 -0.736996
10.7 -1.95978 -0.728559
10.705 -1.9798 -0.720065
10.71 -1.99966 -0.711515
10.715 -2.01936 -0.702911
10.72 -2.03891 -0.694252
10.725 -2.0583 -0.68554
10.73 -2.07753 -0.676774
10.735 -2.09661 -0.667956
10.74 -2.11551 -0.659086
10.745 -2.13426 -0.650165
10.75 -2.15284 -0.641194
10.755 -2.17125 -0.632173
10.76 -2.1895 -0.623103
10.765 -2.20757 -0.613984
10.77 -2.22547 -0.604818
10.775 -2.2432 -0.595605
10.78 -2.26076 -0.586345
10.785 -2.27814 -0.57704
10.79 -2.29534 -0.567689
10.795 -2.31236 -0.558295
10.8 -2.32921 -0.548857
10.805 -2.34587 -0.539376
10.81 -2.36235 -0.529854
10.815 -2.37864 -0.520289
10.82 -2.39475 -0.510685
10.825 -2.41067 -0.50104
10.83 -2.42641 -0.491356
10.835 -2.44195 -0.481634
10.84 -2.45731 -0.471874
10.845 -2.47247 -0.462077
10.85 -2.48743 -0.452244
10.855 -2.50221 -0.442375
10.86 -2.51678 -0.432472
10.865 -2.53116 -0.422535
10.87 -2.54535 -0.412565
10.875 -2.55933 -0.402562
10.88 -2.57311 -0.392527
10.885 -2.58669 -0.382462
10.89 -2.60006 -0.372367
10.895 -2.61323 -0.362242
10.9 -2.6262 -0.352089
10.905 -2.63896 -0.341909
10.91 -2.65151 -0.331701
10.915 -2.66385 -0.321467
10.92 -2.67598 -0.311208
10.925 -2.6879 -0.300924
10.93 -2.69961 -0.290616
10.935 -2.71111 -0.280286
10.94 -2.72239 -0.269933
10.945 -2.73346 -0.259559
10.95 -2.74431 -0.249165
10.955 -2.75495 -0.238751
10.96 -2.76536 -0.228317
10.965 -2.77556 -0.217866
10.97 -2.78554 -0.207398
10.975 -2.7953 -0.196913
10.98 -2.80483 -0.186412
10.985 -2.81415 -0.175897
10.99 -2.82324 -0.165368
10.995 -2.83211 -0.154825
11 -2.84075 -0.14427
11.005 -2.84916 -0.133704
11.01 -2.85736 -0.123127
11.015 -2.86532 -0.112541
11.02 -2.87305 -0.101945
11.025 -2.88056 -0.0913411
11.03 -2.88784 -0.08073
11.035 -2.89489 -0.0701124
11.04 -2.90171 -0.0594893
11.045 -2.90829 -0.0488614
11.05 -2.91465 -0.0382295
11.055 -2.92077 -0.0275946
11.06 -2.92666 -0.0169575
11.065 -2.93231 -0.00631897
11.07 -2.93773 0.00432006
11.075 -2.94292 0.0149588
11.08 -2.94787 0.0255963
11.085 -2.95259 0.0362318
11.09 -2.95707 0.0468645
11.095 -2.96131 0.0574934
11.1 -2.96532 0.0681177
11.105 -2.96908 0.0787366
11.11 -2.97261 0.0893492
11.115 -2.97591 0.0999547
11.12 -2.97896 0.110552
11.125 -2.98177 0.121141
11.13 -2.98435 0.13172
11.135 -2.98668 0.142288
11.14 -2.98878 0.152845
11.145 -2.99063 0.16339
11.15 -2.99225 0.173921
11.155 -2.99362 0.184439
11.16 -2.99476 0.194942
11.165 -2.99565 0.205429
11.17 -2.9963 0.215899
11.175 -2.99671 0.226353
11.18 -2.99688 0.236787
11.185 -2.9968 0.247203
11.19 -2.99649 0.257599
11.195 -2.99593 0.267975
11.2 -2.99513 0.278328
11.205 -2.99409 0.288659
11.21 -2.99281 0.298967
11.215 -2.99128 0.309251
11.22 -2.98951 0.319509
11.225 -2.9875 0.329742
11.23 -2.98525 0.339948
11.235 -2.98276 0.350127
11.24 -2.98003 0.360277
11.245 -2.97705 0.370398
11.25 -2.97383 0.38049
11.255 -2.97037 0.39055
11.26 -2.96667 0.400578
11.265 -2.96273 0.410574
11.27 -2.95855 0.420537
11.275 -2.95413 0.430466
11.28 -2.94947 0.440359
11.285 -2.94457 0.450217
11.29 -2.93943 0.460038
11.295 -2.93405 0.469822
11.3 -2.92843 0.479568
11.305 -2.92257 0.489274
11.31 -2.91647 0.498941
11.315 -2.91014 0.508567
11.32 -2.90357 0.518152
11.325 -2.89676 0.527694
11.33 -2.88972 0.537193
11.335 -2.88244 0.546649
11.34 -2.87492 0.556059
11.345 -2.86717 0.565425
11.35 -2.85919 0.574744
11.355 -2.85097 0.584016
11.36 -2.84252 0.593241
11.365 -2.83384 0.602416
11.37 -2.82492 0.611543
11.375 -2.81577 0.62062
11.38 -2.80639 0.629645
11.385 -2.79678 0.638619
11.39 -2.78695 0.647541
11.395 -2.77688 0.65641
11.4 -2.76659 0.665224
11.405 -2.75607 0.673985
11.41 -2.74532 0.682689
11.415 -2.73434 0.691338
11.42 -2.72315 0.69993
11.425 -2.71172 0.708465
11.43 -2.70008 0.716941
11.435 -2.68821 0.725358
11.44 -2.67612 0.733715
11.445 -2.66382 0.742012
11.45 -2.65129 0.750248
11.455 -2.63854 0.758423
11.46 -2.62558 0.766534
11.465 -2.6124 0.774583
11.47 -2.599 0.782567
11.475 -2.58539 0.790487
11.48 -2.57156 0.798342
11.485 -2.55753 0.80613
11.49 -2.54328 0.813852
11.495 -2.52882 0.821507
11.5 -2.51415 0.829094
11.505 -2.49928 0.836613
11.51 -2.4842 0.844062
11.515 -2.46891 0.851441
11.52 -2.45342 0.85875
11.525 -2.43772 0.865987
11.53 -2.42182 0.873153
11.535 -2.40572 0.880247
11.54 -2.38943 0.887267
11.545 -2.37293 0.894214
11.55 -2.35624 0.901087
11.555 -2.33935 0.907884
11.56 -2.32226 0.914607
11.565 -2.30499 0.921253
11.57 -2.28752 0.927823
11.575 -2.26986 0.934316
11.58 -2.25201 0.940731
11.585 -2.23398 0.947068
11.59 -2.21576 0.953325
11.595 -2.19735 0.959504
11.6 -2.17877 0.965602
11.605 -2.16 0.97162
11.61 -2.14105 0.977558
11.615 -2.12192 0.983413
11.62 -2.10261 0.989187
11.625 -2.08313 0.994878
11.63 -2.06348 1.00049
11.635 -2.04365 1.00601
11.64 -2.02365 1.01145
11.645 -2.00349 1.01681
11.65 -1.98315 1.02208
11.655 -1.96265 1.02726
11.66 -1.94199 1.03236
11.665 -1.92116 1.03737
11.67 -1.90017 1.0423
11.675 -1.87902 1.04714
11.68 -1.85772 1.05189
11.685 -1.83626 1.05655
11.69 -1.81464 1.06113
11.695 -1.79288 1.06561
11.7 -1.77096 1.07001
11.705 -1.7489 1.07431
11.71 -1.72668 1.07853
11.715 -1.70432 1.08265
11.72 -1.68182 1.08669
11.725 -1.65918 1.09063
11.73 -1.6364 1.09448
11.735 -1.61348 1.09824
11.74 -1.59043 1.10191
11.745 -1.56724 1.10548
11.75 -1.54391 1.10896
11.755 -1.52046 1.11235
11.76 -1.49688 1.11564
11.765 -1.47318 1.11884
11.77 -1.44935 1.12195
11.775 -1.4254 1.12496
11.78 -1.40133 1.12788
11.785 -1.37713 1.1307
11.79 -1.35283 1.13342
11.795 -1.32841 1.13605
11.8 -1.30387 1.13858
11.805 -1.27923 1.14102
11.81 -1.25448 1.14336
11.815 -1.22962 1.14561
11.82 -1.20466 1.14775
11.825 -1.17959 1.1498
11.83 -1.15443 1.15175
11.835 -1.12917 1.15361
11.84 -1.10381 1.15537
11.845 -1.07836 1.15703
11.85 -1.05282 1.15859
11.855 -1.02719 1.16005
11.86 -1.00147 1.16141
11.865 -0.975664 1.16268
11.87 -0.949778 1.16385
11.875 -0.923811 1.16492
11.88 -0.897765 1.16589
11.885 -0.871643 1.16676
11.89 -0.845447 1.16753
11.895 -0.819179 1.1682
11.9 -0.792841 1.16877
11.905 -0.766436 1.16924
11.91 -0.739965 1.16962
11.915 -0.713432 1.16989
11.92 -0.686838 1.17006
11.925 -0.660185 1.17014
11.93 -0.633476 1.17011
11.935 -0.606713 1.16999
11.94 -0.579898 1.16976
11.945 -0.553034 1.16944
11.95 -0.526122 1.16901
11.955 -0.499166 1.16849
11.96 -0.472167 1.16787
11.965 -0.445127 1.16714
11.97 -0.41805 1.16632
11.975 -0.390937 1.1654
11.98 -0.36379 1.16437
11.985 -0.336612 1.16325
11.99 -0.309406 1.16203
11.995 -0.282173 1.16071
12 -0.254915 1.15928
12.005 -0.227636 1.15776
12.01 -0.200338 1.15614
12.015 -0.173022 1.15443
12.02 -0.145691 1.15261
12.025 -0.118348 1.15069
12.03 -0.090995 1.14868
12.035 -0.063634 1.14656
12.04 -0.0362674 1.14435
12.045 -0.00889781 1.14204
12.05 0.0184726 1.13963
12.055 0.0458414 1.13712
12.06 0.0732063 1.13452
12.065 0.100565 1.13182
12.07 0.127915 1.12902
12.075 0.155254 1.12612
12.08 0.182579 1.12313
12.085 0.209889 1.12004
12.09 0.237181 1.11685
12.095 0.264452 1.11357
12.1 0.291701 1.11019
12.105 0.318924 1.10672
12.11 0.34612 1.10315
12.115 0.373286 1.09948
12.12 0.40042 1.09572
12.125 0.427519 1.09187
12.13 0.454582 1.08792
12.135 0.481605 1.08388
12.14 0.508586 1.07974
12.145 0.535524 1.07551
12.15 0.562415 1.07119
12.155 0.589258 1.06677
12.16 0.61605 1.06227
12.165 0.642788 1.05767
12.17 0.669471 1.05298
12.175 0.696095 1.04819
12.18 0.72266 1.04332
12.185 0.749162 1.03836
12.19 0.775599 1.0333
12.195 0.801969 1.02816
12.2 0.828269 1.02293
12.205 0.854497 1.01761
12.21 0.880651 1.0122
12.215 0.906729 1.0067
12.22 0.932728 1.00112
12.225 0.958646 0.995448
12.23 0.984481 0.989691
12.235 1.01023 0.983847
12.24 1.03589 0.977918
12.245 1.06146 0.971904
12.25 1.08694 0.965805
12.255 1.11233 0.959623
12.26 1.13761 0.953356
12.265 1.1628 0.947007
12.27 1.18789 0.940576
12.275 1.21288 0.934062
12.28 1.23775 0.927467
12.285 1.26252 0.920791
12.29 1.28718 0.914035
12.295 1.31173 0.907199
12.3 1.33617 0.900285
12.305 1.36048 0.893291
12.31 1.38468 0.88622
12.315 1.40876 0.879071
12.32 1.43271 0.871845
12.325 1.45654 0.864544
12.33 1.48025 0.857166
12.335 1.50382 0.849714
12.34 1.52726 0.842188
12.345 1.55057 0.834588
12.35 1.57374 0.826915
12.355 1.59677 0.819169
12.36 1.61967 0.811352
12.365 1.64242 0.803464
12.37 1.66503 0.795505
12.375 1.68749 0.787477
12.38 1.70981 0.779379
12.385 1.73197 0.771214
12.39 1.75399 0.76298
12.395 1.77585 0.75468
12.4 1.79755 0.746314
12.405 1.8191 0.737882
12.41 1.84048 0.729385
12.415 1.86171 0.720824
12.42 1.88277 0.7122
12.425 1.90366 0.703514
12.43 1.92439 0.694765
12.435 1.94495 0.685956
12.44 1.96534 0.677086
12.445 1.98555 0.668156
12.45 2.00559 0.659168
12.455 2.02546 0.650122
12.46 2.04515 0.641018
12.465 2.06465 0.631858
12.47 2.08397 0.622643
12.475 2.10311 0.613372
12.48 2.12207 0.604048
12.485 2.14084 0.59467
12.49 2.15942 0.58524
12.495 2.17781 0.575758
12.5 2.196 0.566226
12.505 2.214 0.556643
12.51 2.23181 0.547011
12.515 2.24942 0.537331
12.52 2.26683 0.527604
12.525 2.28404 0.51783
12.53 2.30105 0.50801
12.535 2.31786 0.498145
12.54 2.33446 0.488236
12.545 2.35086 0.478284
12.55 2.36704 0.46829
12.555 2.38302 0.458254
12.56 2.39878 0.448178
12.565 2.41434 0.438062
12.57 2.42968 0.427907
12.575 2.4448 0.417714
12.58 2.45971 0.407485
12.585 2.4744 0.397219
12.59 2.48887 0.386918
12.595 2.50312 0.376582
12.6 2.51715 0.366213
12.605 2.53095 0.355812
12.61 2.54453 0.345379
12.615 2.55789 0.334915
12.62 2.57101 0.324422
12.625 2.58391 0.3139
12.63 2.59658 0.30335
12.635 2.60902 0.292773
12.64 2.62122 0.28217
12.645 2.6332 0.271542
12.65 2.64494 0.26089
12.655 2.65644 0.250214
12.66 2.66771 0.239516
12.665 2.67874 0.228797
12.67 2.68953 0.218058
12.675 2.70008 0.207299
12.68 2.71039 0.196521
12.685 2.72046 0.185727
12.69 2.73028 0.174915
12.695 2.73987 0.164088
12.7 2.74921 0.153246
12.705 2.7583 0.142391
12.71 2.76715 0.131523
12.715 2.77575 0.120643
12.72 2.7841 0.109753
12.725 2.7922 0.0988524
12.73 2.80006 0.0879432
12.735 2.80766 0.0770262
12.74 2.81502 0.0661022
12.745 2.82212 0.0551724
12.75 2.82897 0.0442376
12.755 2.83557 0.0332989
12.76 2.84191 0.0223571
12.765 2.848 0.0114134
12.77 2.85383 0.000468668
12.775 2.85941 -0.0104761
12.78 2.86473 -0.02142
12.785 2.8698 -0.0323619
12.79 2.87461 -0.043301
12.795 2.87916 -0.0542361
12.8 2.88345 -0.0651664
12.805 2.88748 -0.0760909
12.81 2.89126 -0.0870085
12.815 2.89477 -0.0979183
12.82 2.89803 -0.108819
12.825 2.90103 -0.119711
12.83 2.90376 -0.130591
12.835 2.90624 -0.14146
12.84 2.90845 -0.152316
12.845 2.9104 -0.163159
12.85 2.91209 -0.173986
12.855 2.91352 -0.184798
12.86 2.91469 -0.195594
12.865 2.91559 -0.206372
12.87 2.91623 -0.217131
12.875 2.91661 -0.227871
12.88 2.91673 -0.23859
12.885 2.91659 -0.249288
12.89 2.91618 -0.259963
12.895 2.91551 -0.270615
12.9 2.91458 -0.281243
12.905 2.91338 -0.291845
12.91 2.91192 -0.302421
12.915 2.9102 -0.31297
12.92 2.90822 -0.32349
12.925 2.90597 -0.333982
12.93 2.90346 -0.344443
12.935 2.90069 -0.354873
12.94 2.89766 -0.365271
12.945 2.89437 -0.375636
12.95 2.89081 -0.385967
12.955 2.887 -0.396263
12.96 2.88292 -0.406524
12.965 2.87858 -0.416747
12.97 2.87398 -0.426933
12.975 2.86913 -0.437081
12.98 2.86401 -0.447189
12.985 2.85863 -0.457256
12.99 2.853 -0.467282
12.995 2.84711 -0.477266
13 2.84095 -0.487206
13.005 2.83455 -0.497103
13.01 2.82788 -0.506954
13.015 2.82096 -0.516759
13.02 2.81378 -0.526518
13.025 2.80635 -0.536229
13.03 2.79866 -0.545891
13.035 2.79072 -0.555504
13.04 2.78253 -0.565066
13.045 2.77409 -0.574578
13.05 2.76539 -0.584037
13.055 2.75644 -0.593443
13.06 2.74724 -0.602795
13.065 2.73779 -0.612092
13.07 2.72809 -0.621334
13.075 2.71815 -0.630519
13.08 2.70796 -0.639647
13.085 2.69752 -0.648717
13.09 2.68684 -0.657728
13.095 2.67591 -0.666679
13.1 2.66474 -0.675569
13.105 2.65332 -0.684398
13.11 2.64167 -0.693165
13.115 2.62977 -0.701868
13.12 2.61764 -0.710508
13.125 2.60526 -0.719083
13.13 2.59265 -0.727592
13.135 2.57981 -0.736035
13.14 2.56672 -0.744411
13.145 2.55341 -0.752719
13.15 2.53986 -0.760959
13.155 2.52608 -0.769129
13.16 2.51207 -0.777229
13.165 2.49783 -0.785258
13.17 2.48336 -0.793216
13.175 2.46866 -0.801101
13.18 2.45374 -0.808912
13.185 2.4386 -0.81665
13.19 2.42323 -0.824314
13.195 2.40764 -0.831902
13.2 2.39183 -0.839414
13.205 2.37581 -0.846849
13.21 2.35956 -0.854207
13.215 2.3431 -0.861487
13.22 2.32643 -0.868688
13.225 2.30954 -0.875809
13.23 2.29244 -0.882851
13.235 2.27513 -0.889811
13.24 2.25762 -0.89669
13.245 2.23989 -0.903487
13.25 2.22196 -0.910201
13.255 2.20383 -0.916832
13.26 2.1855 -0.923379
13.265 2.16696 -0.929841
13.27 2.14823 -0.936218
13.275 2.1293 -0.942509
13.28 2.11017 -0.948714
13.285 2.09085 -0.954831
13.29 2.07134 -0.960861
13.295 2.05164 -0.966803
13.3 2.03175 -0.972656
13.305 2.01168 -0.97842
13.31 1.99142 -0.984093
13.315 1.97097 -0.989677
13.32 1.95035 -0.995169
13.325 1.92954 -1.00057
13.33 1.90856 -1.00588
13.335 1.8874 -1.0111
13.34 1.86607 -1.01622
13.345 1.84457 -1.02125
13.35 1.8229 -1.02619
13.355 1.80106 -1.03103
13.36 1.77905 -1.03577
13.365 1.75688 -1.04043
13.37 1.73455 -1.04498
13.375 1.71206 -1.04944
13.38 1.68941 -1.0538
13.385 1.66661 -1.05807
13.39 1.64365 -1.06224
13.395 1.62054 -1.06631
13.4 1.59728 -1.07028
13.405 1.57388 -1.07415
13.41 1.55033 -1.07793
13.415 1.52663 -1.0816
13.42 1.5028 -1.08518
13.425 1.47882 -1.08865
13.43 1.45471 -1.09203
13.435 1.43047 -1.0953
13.44 1.40609 -1.09847
13.445 1.38159 -1.10154
13.45 1.35695 -1.10451
13.455 1.33219 -1.10738
13.46 1.30731 -1.11014
13.465 1.2823 -1.1128
13.47 1.25718 -1.11536
13.475 1.23194 -1.11782
13.48 1.20659 -1.12017
13.485 1.18113 -1.12242
13.49 1.15555 -1.12456
13.495 1.12987 -1.1266
13.5 1.10409 -1.12854
13.505 1.0782 -1.13037
13.51 1.05221 -1.1321
13.515 1.02613 -1.13372
13.52 1 -1.13524
