0 0 0
0.08 1.48682e-76 -4.0024e-81
0.16 3.50713e-71 -1.31569e-75
0.24 6.04543e-67 -3.94164e-71
0.32 1.89497e-63 -2.16997e-67
0.4 1.9394e-60 -3.71447e-64
0.48 8.28937e-58 -2.48502e-61
0.56 1.79904e-55 -5.25424e-59
0.52 1.92796e-56 -6.74765e-60
0.5 4.36787e-57 -1.5515e-60
0.52 2.16157e-56 -8.77458e-60
0.51 9.82894e-57 -3.777e-60
0.52 2.17756e-56 -9.0125e-60
0.53 4.75191e-56 -2.11002e-59
0.54 1.02197e-55 -4.85175e-59
0.55 2.16725e-55 -1.09664e-58
0.56 4.53417e-55 -2.4386e-58
0.57 9.36297e-55 -5.33882e-58
0.58 1.90921e-54 -1.15153e-57
0.59 3.84594e-54 -2.4485e-57
0.6 7.65667e-54 -5.1354e-57
0.61 1.50707e-53 -1.063e-56
0.62 2.93388e-53 -2.17265e-56
0.63 5.65094e-53 -4.38687e-56
0.64 1.07724e-52 -8.75421e-56
0.65 2.03311e-52 -1.72726e-55
0.66 3.80008e-52 -3.37089e-55
0.67 7.03619e-52 -6.50938e-55
0.68 1.29097e-51 -1.24421e-54
0.69 2.3477e-51 -2.35478e-54
0.7 4.23281e-51 -4.41412e-54
0.71 7.56798e-51 -8.19797e-54
0.72 1.34214e-50 -1.50889e-53
0.73 2.36146e-50 -2.75307e-53
0.74 4.12306e-50 -4.98075e-53
0.75 7.14508e-50 -8.93711e-53
0.76 1.22921e-49 -1.59084e-52
0.77 2.09972e-49 -2.80981e-52
0.78 3.56199e-49 -4.92543e-52
0.79 6.00199e-49 -8.57069e-52
0.8 1.00471e-48 -1.48074e-51
0.81 1.67111e-48 -2.54045e-51
0.82 2.76219e-48 -4.32906e-51
0.83 4.53787e-48 -7.32828e-51
0.84 7.41076e-48 -1.23256e-50
0.85 1.20323e-47 -2.06006e-50
0.86 1.94253e-47 -3.42205e-50
0.87 3.11872e-47 -5.65054e-50
0.88 4.98001e-47 -9.27586e-50
0.89 7.91013e-47 -1.51404e-49
0.9 1.24993e-46 -2.45754e-49
0.91 1.96512e-46 -3.9673e-49
0.92 3.07425e-46 -6.37055e-49
0.93 4.78611e-46 -1.01765e-48
0.94 7.41593e-46 -1.61736e-48
0.95 1.14375e-45 -2.55772e-48
0.96 1.75599e-45 -4.02515e-48
0.97 2.68397e-45 -6.30436e-48
0.98 4.08449e-45 -9.82818e-48
0.99 6.18932e-45 -1.52518e-47
1 9.33961e-45 -2.35627e-47
1.01 1.40356e-44 -3.6243e-47
1.02 2.10081e-44 -5.55084e-47
1.03 3.13204e-44 -8.46575e-47
1.04 4.65144e-44 -1.28582e-46
1.05 6.88175e-44 -1.94509e-46
1.06 1.01436e-43 -2.93073e-46
1.07 1.4897e-43 -4.39868e-46
1.08 2.17996e-43 -6.57677e-46
1.09 3.17885e-43 -9.79663e-46
1.1 4.61944e-43 -1.45394e-45
1.11 6.69013e-43 -2.15005e-45
1.12 9.65678e-43 -3.16822e-45
1.13 1.38934e-42 -4.65234e-45
1.14 1.99245e-42 -6.80842e-45
1.15 2.84835e-42 -9.93038e-45
1.16 4.05931e-42 -1.44363e-44
1.17 5.76745e-42 -2.09189e-44
1.18 8.16983e-42 -3.02164e-44
1.19 1.15388e-41 -4.35101e-44
1.2 1.62498e-41 -6.24603e-44
1.21 2.28191e-41 -8.93937e-44
1.22 3.19543e-41 -1.27562e-43
1.23 4.46232e-41 -1.81496e-43
1.24 6.21461e-41 -2.57493e-43
1.25 8.6319e-41 -3.64283e-43
1.26 1.19579e-40 -5.13931e-43
1.27 1.65228e-40 -7.23077e-43
1.28 2.27721e-40 -1.0146e-42
1.29 3.13065e-40 -1.4199e-42
1.3 4.29332e-40 -1.98192e-42
1.31 5.8735e-40 -2.75933e-42
1.32 8.01604e-40 -3.83197e-42
1.33 1.09144e-39 -5.30838e-42
1.34 1.48262e-39 -7.33563e-42
1.35 2.00939e-39 -1.01127e-41
1.36 2.7172e-39 -1.39079e-41
1.37 3.66617e-39 -1.90828e-41
1.38 4.93576e-39 -2.61229e-41
1.39 6.63067e-39 -3.56791e-41
1.4 8.88869e-39 -4.86221e-41
1.41 1.18907e-38 -6.61143e-41
1.42 1.58737e-38 -8.97042e-41
1.43 2.11477e-38 -1.2145e-40
1.44 2.81175e-38 -1.64084e-40
1.45 3.73103e-38 -2.21223e-40
1.46 4.9412e-38 -2.97646e-40
1.47 6.53128e-38 -3.99659e-40
1.48 8.61663e-38 -5.35565e-40
1.49 1.13465e-37 -7.16273e-40
1.5 1.49136e-37 -9.56093e-40
1.51 1.95663e-37 -1.27376e-39
1.52 2.56243e-37 -1.69377e-39
1.53 3.34983e-37 -2.24807e-39
1.54 4.37151e-37 -2.97828e-39
1.55 5.69491e-37 -3.9385e-39
1.56 7.40625e-37 -5.19895e-39
1.57 9.61561e-37 -6.85065e-39
1.58 1.24632e-36 -9.01132e-39
1.59 1.61276e-36 -1.1833e-38
1.6 2.08354e-36 -1.55118e-38
1.61 2.68742e-36 -2.03e-38
1.62 3.46084e-36 -2.65222e-38
1.63 4.44986e-36 -3.45947e-38
1.64 5.71268e-36 -4.50511e-38
1.65 7.32266e-36 -5.85742e-38
1.66 9.3722e-36 -7.60363e-38
1.67 1.19775e-35 -9.85499e-38
1.68 1.52845e-35 -1.27533e-37
1.69 1.94761e-35 -1.64788e-37
1.7 2.47816e-35 -2.12605e-37
1.71 3.14874e-35 -2.73889e-37
1.72 3.99516e-35 -3.5232e-37
1.73 5.06207e-35 -4.52553e-37
1.74 6.40509e-35 -5.80466e-37
1.75 8.09342e-35 -7.43476e-37
1.76 1.02131e-34 -9.50928e-37
1.77 1.28707e-34 -1.21458e-36
1.78 1.61987e-34 -1.5492e-36
1.79 2.03607e-34 -1.97333e-36
1.8 2.55593e-34 -2.51021e-36
1.81 3.20444e-34 -3.18893e-36
1.82 4.01247e-34 -4.04584e-36
1.83 5.018e-34 -5.12637e-36
1.84 6.26783e-34 -6.48716e-36
1.85 7.81944e-34 -8.19875e-36
1.86 9.74344e-34 -1.03489e-35
1.87 1.21264e-33 -1.30468e-35
1.88 1.50745e-33 -1.64278e-35
1.89 1.87174e-33 -2.06599e-35
1.9 2.3214e-33 -2.5951e-35
1.91 2.8758e-33 -3.25584e-35
1.92 3.55859e-33 -4.08002e-35
1.93 4.39857e-33 -5.10687e-35
1.94 5.43084e-33 -6.38479e-35
1.95 6.69803e-33 -7.97341e-35
1.96 8.25197e-33 -9.94606e-35
1.97 1.01555e-32 -1.23929e-34
1.98 1.2485e-32 -1.54246e-34
1.99 1.53327e-32 -1.9177e-34
2 1.88103e-32 -2.38164e-34
2.01 2.3053e-32 -2.95465e-34
2.02 2.82239e-32 -3.66164e-34
2.03 3.45198e-32 -4.53302e-34
2.04 4.2178e-32 -5.60593e-34
2.05 5.14843e-32 -6.92564e-34
2.06 6.27825e-32 -8.54731e-34
2.07 7.64858e-32 -1.0538e-33
2.08 9.30908e-32 -1.29794e-33
2.09 1.13193e-31 -1.59706e-33
2.1 1.37506e-31 -1.96317e-33
2.11 1.66887e-31 -2.41088e-33
2.12 2.02357e-31 -2.95783e-33
2.13 2.45143e-31 -3.6254e-33
2.14 2.96705e-31 -4.43944e-33
2.15 3.58791e-31 -5.43118e-33
2.16 4.33482e-31 -6.63831e-33
2.17 5.2326e-31 -8.10627e-33
2.18 6.3108e-31 -9.88984e-33
2.19 7.6046e-31 -1.20549e-32
2.2 9.15577e-31 -1.46809e-32
2.21 1.1014e-30 -1.7863e-32
2.22 1.32382e-30 -2.17158e-32
2.23 1.58983e-30 -2.63766e-32
2.24 1.90771e-30 -3.20101e-32
2.25 2.28728e-30 -3.88136e-32
2.26 2.74014e-30 -4.70233e-32
2.27 3.28003e-30 -5.69215e-32
2.28 3.92315e-30 -6.88459e-32
2.29 4.68866e-30 -8.31996e-32
2.3 5.59914e-30 -1.00464e-31
2.31 6.68124e-30 -1.21212e-31
2.32 7.96632e-30 -1.46127e-31
2.33 9.49132e-30 -1.76022e-31
2.34 1.12997e-29 -2.11867e-31
2.35 1.34425e-29 -2.54811e-31
2.36 1.59798e-29 -3.0622e-31
2.37 1.89819e-29 -3.67718e-31
2.38 2.25316e-29 -4.41229e-31
2.39 2.67256e-29 -5.29034e-31
2.4 3.16776e-29 -6.33834e-31
2.41 3.75202e-29 -7.58828e-31
2.42 4.44091e-29 -9.07798e-31
2.43 5.25259e-29 -1.08522e-30
2.44 6.20829e-29 -1.29636e-30
2.45 7.33282e-29 -1.54747e-30
2.46 8.65511e-29 -1.8459e-30
2.47 1.02089e-28 -2.2003e-30
2.48 1.20335e-28 -2.6209e-30
2.49 1.41748e-28 -3.11972e-30
2.5 1.66859e-28 -3.71088e-30
2.51 1.96291e-28 -4.41102e-30
2.52 2.30763e-28 -5.23968e-30
2.53 2.71114e-28 -6.21977e-30
2.54 3.18315e-28 -7.37821e-30
2.55 3.73497e-28 -8.74655e-30
2.56 4.37967e-28 -1.03618e-29
2.57 5.13244e-28 -1.22672e-29
2.58 6.01085e-28 -1.45135e-29
2.59 7.03524e-28 -1.71599e-29
2.6 8.22918e-28 -2.02759e-29
2.61 9.61989e-28 -2.39423e-29
2.62 1.12388e-27 -2.82537e-29
2.63 1.31224e-27 -3.33204e-29
2.64 1.53125e-27 -3.92711e-29
2.65 1.78576e-27 -4.62558e-29
2.66 2.08135e-27 -5.44491e-29
2.67 2.42446e-27 -6.40544e-29
2.68 2.8225e-27 -7.53081e-29
2.69 3.28402e-27 -8.84855e-29
2.7 3.81882e-27 -1.03906e-28
2.71 4.43822e-27 -1.21941e-28
2.72 5.1552e-27 -1.43022e-28
2.73 5.98467e-27 -1.67649e-28
2.74 6.94377e-27 -1.96401e-28
2.75 8.05216e-27 -2.2995e-28
2.76 9.33241e-27 -2.69075e-28
2.77 1.08104e-26 -3.14676e-28
2.78 1.25157e-26 -3.67796e-28
2.79 1.44823e-26 -4.29639e-28
2.8 1.67491e-26 -5.016e-28
2.81 1.93605e-26 -5.85286e-28
2.82 2.23674e-26 -6.82555e-28
2.83 2.5828e-26 -7.9555e-28
2.84 2.98087e-26 -9.26744e-28
2.85 3.43854e-26 -1.07898e-27
2.86 3.96446e-26 -1.25555e-27
2.87 4.56852e-26 -1.46023e-27
2.88 5.262e-26 -1.69737e-27
2.89 6.05774e-26 -1.97198e-27
2.9 6.97038e-26 -2.2898e-27
2.91 8.01659e-26 -2.65744e-27
2.92 9.21535e-26 -3.08251e-27
2.93 1.05883e-25 -3.57372e-27
2.94 1.21599e-25 -4.14106e-27
2.95 1.39581e-25 -4.79602e-27
2.96 1.60147e-25 -5.55174e-27
2.97 1.83657e-25 -6.42328e-27
2.98 2.10519e-25 -7.42791e-27
2.99 2.41199e-25 -8.58537e-27
3 2.76223e-25 -9.91826e-27
3.01 3.16188e-25 -1.14524e-26
3.02 3.61771e-25 -1.32174e-26
3.03 4.13738e-25 -1.52469e-26
3.04 4.72958e-25 -1.75795e-26
3.05 5.40412e-25 -2.02591e-26
3.06 6.17215e-25 -2.3336e-26
3.07 7.04622e-25 -2.68673e-26
3.08 8.04055e-25 -3.09183e-26
3.09 9.17122e-25 -3.55633e-26
3.1 1.04564e-24 -4.08869e-26
3.11 1.19165e-24 -4.69854e-26
3.12 1.35747e-24 -5.39685e-26
3.13 1.54571e-24 -6.19607e-26
3.14 1.75931e-24 -7.11038e-26
3.15 2.0016e-24 -8.15587e-26
3.16 2.2763e-24 -9.35083e-26
3.17 2.58763e-24 -1.0716e-25
3.18 2.94034e-24 -1.2275e-25
3.19 3.33976e-24 -1.40545e-25
3.2 3.79189e-24 -1.60847e-25
3.21 4.3035e-24 -1.84001e-25
3.22 4.88219e-24 -2.10395e-25
3.23 5.53647e-24 -2.4047e-25
3.24 6.27596e-24 -2.74723e-25
3.25 7.11141e-24 -3.1372e-25
3.26 8.05493e-24 -3.58097e-25
3.27 9.12008e-24 -4.08576e-25
3.28 1.03221e-23 -4.65971e-25
3.29 1.1678e-23 -5.31203e-25
3.3 1.3207e-23 -6.0531e-25
3.31 1.49305e-23 -6.89465e-25
3.32 1.68726e-23 -7.84991e-25
3.33 1.90601e-23 -8.93379e-25
3.34 2.15232e-23 -1.01631e-24
3.35 2.42955e-23 -1.15568e-24
3.36 2.74148e-23 -1.31362e-24
3.37 3.09233e-23 -1.49254e-24
3.38 3.4868e-23 -1.69514e-24
3.39 3.93016e-23 -1.92445e-24
3.4 4.42831e-23 -2.18391e-24
3.41 4.98779e-23 -2.47735e-24
3.42 5.61596e-23 -2.8091e-24
3.43 6.321e-23 -3.18401e-24
3.44 7.11204e-23 -3.60753e-24
3.45 7.99926e-23 -4.08578e-24
3.46 8.99403e-23 -4.62561e-24
3.47 1.0109e-22 -5.23473e-24
3.48 1.13582e-22 -5.92176e-24
3.49 1.27575e-22 -6.69637e-24
3.5 1.43242e-22 -7.5694e-24
3.51 1.60779e-22 -8.55298e-24
3.52 1.80401e-22 -9.66069e-24
3.53 2.02351e-22 -1.09077e-23
3.54 2.26895e-22 -1.23111e-23
3.55 2.54332e-22 -1.38898e-23
3.56 2.84992e-22 -1.56651e-23
3.57 3.19243e-22 -1.76607e-23
3.58 3.57494e-22 -1.99032e-23
3.59 4.00197e-22 -2.24222e-23
3.6 4.47856e-22 -2.52507e-23
3.61 5.01029e-22 -2.84256e-23
3.62 5.60336e-22 -3.19881e-23
3.63 6.26463e-22 -3.59841e-23
3.64 7.00171e-22 -4.04648e-23
3.65 7.82305e-22 -4.5487e-23
3.66 8.73799e-22 -5.11143e-23
3.67 9.75689e-22 -5.74174e-23
3.68 1.08912e-21 -6.4475e-23
3.69 1.21536e-21 -7.23747e-23
3.7 1.35582e-21 -8.12138e-23
3.71 1.51205e-21 -9.11007e-23
3.72 1.68577e-21 -1.02156e-22
3.73 1.87888e-21 -1.14513e-22
3.74 2.09347e-21 -1.2832e-22
3.75 2.33188e-21 -1.43744e-22
3.76 2.59666e-21 -1.60966e-22
3.77 2.89064e-21 -1.80191e-22
3.78 3.21696e-21 -2.01644e-22
3.79 3.57906e-21 -2.25575e-22
3.8 3.98076e-21 -2.52262e-22
3.81 4.42625e-21 -2.82012e-22
3.82 4.92016e-21 -3.15167e-22
3.83 5.46762e-21 -3.52103e-22
3.84 6.07424e-21 -3.93239e-22
3.85 6.74625e-21 -4.39038e-22
3.86 7.49046e-21 -4.90011e-22
3.87 8.31442e-21 -5.46725e-22
3.88 9.22642e-21 -6.09807e-22
3.89 1.02356e-20 -6.79949e-22
3.9 1.1352e-20 -7.57918e-22
3.91 1.25866e-20 -8.44558e-22
3.92 1.39517e-20 -9.40805e-22
3.93 1.54606e-20 -1.04769e-21
3.94 1.71279e-20 -1.16636e-21
3.95 1.897e-20 -1.29805e-21
3.96 2.10044e-20 -1.44418e-21
3.97 2.32507e-20 -1.60625e-21
3.98 2.57304e-20 -1.78596e-21
3.99 2.84669e-20 -1.98518e-21
4 3.14861e-20 -2.20594e-21
4.01 3.48162e-20 -2.45051e-21
4.02 3.84885e-20 -2.72137e-21
4.03 4.25369e-20 -3.02126e-21
4.04 4.69989e-20 -3.3532e-21
4.05 5.19154e-20 -3.7205e-21
4.06 5.73314e-20 -4.1268e-21
4.07 6.32961e-20 -4.57613e-21
4.08 6.98635e-20 -5.0729e-21
4.09 7.70926e-20 -5.62194e-21
4.1 8.50482e-20 -6.2286e-21
4.11 9.3801e-20 -6.89873e-21
4.12 1.03429e-19 -7.63875e-21
4.13 1.14016e-19 -8.45573e-21
4.14 1.25655e-19 -9.35741e-21
4.15 1.38449e-19 -1.03523e-20
4.16 1.52507e-19 -1.14497e-20
4.17 1.67952e-19 -1.26599e-20
4.18 1.84915e-19 -1.39941e-20
4.19 2.03543e-19 -1.54646e-20
4.2 2.23992e-19 -1.70849e-20
4.21 2.46436e-19 -1.88697e-20
4.22 2.71064e-19 -2.08352e-20
4.23 2.98081e-19 -2.29992e-20
4.24 3.27714e-19 -2.5381e-20
4.25 3.60207e-19 -2.80019e-20
4.26 3.95828e-19 -3.0885e-20
4.27 4.3487e-19 -3.40559e-20
4.28 4.7765e-19 -3.75422e-20
4.29 5.24517e-19 -4.13745e-20
4.3 5.75848e-19 -4.55859e-20
4.31 6.32058e-19 -5.02126e-20
4.32 6.93594e-19 -5.52945e-20
4.33 7.60948e-19 -6.08748e-20
4.34 8.34652e-19 -6.70008e-20
4.35 9.15287e-19 -7.37242e-20
4.36 1.00349e-18 -8.11014e-20
4.37 1.09994e-18 -8.91939e-20
4.38 1.20539e-18 -9.80688e-20
4.39 1.32065e-18 -1.07799e-19
4.4 1.44662e-18 -1.18466e-19
4.41 1.58425e-18 -1.30154e-19
4.42 1.73459e-18 -1.42961e-19
4.43 1.89879e-18 -1.56988e-19
4.44 2.07808e-18 -1.72348e-19
4.45 2.2738e-18 -1.89165e-19
4.46 2.48742e-18 -2.07572e-19
4.47 2.72052e-18 -2.27714e-19
4.48 2.97482e-18 -2.4975e-19
4.49 3.25221e-18 -2.73852e-19
4.5 3.5547e-18 -3.00207e-19
4.51 3.88451e-18 -3.29019e-19
4.52 4.24402e-18 -3.60511e-19
4.53 4.63584e-18 -3.94922e-19
4.54 5.06277e-18 -4.32516e-19
4.55 5.52787e-18 -4.73577e-19
4.56 6.03445e-18 -5.18414e-19
4.57 6.58609e-18 -5.67364e-19
4.58 7.18669e-18 -6.20791e-19
4.59 7.84045e-18 -6.79091e-19
4.6 8.55195e-18 -7.42696e-19
4.61 9.32612e-18 -8.12072e-19
4.62 1.01683e-17 -8.87726e-19
4.63 1.10844e-17 -9.70206e-19
4.64 1.20805e-17 -1.06011e-18
4.65 1.31635e-17 -1.15809e-18
4.66 1.43408e-17 -1.26483e-18
4.67 1.56203e-17 -1.38111e-18
4.68 1.70106e-17 -1.50774e-18
4.69 1.8521e-17 -1.64562e-18
4.7 2.01616e-17 -1.79571e-18
4.71 2.19433e-17 -1.95906e-18
4.72 2.38778e-17 -2.1368e-18
4.73 2.59778e-17 -2.33016e-18
4.74 2.82571e-17 -2.54048e-18
4.75 3.07306e-17 -2.76917e-18
4.76 3.34141e-17 -3.01781e-18
4.77 3.63252e-17 -3.28808e-18
4.78 3.94823e-17 -3.58178e-18
4.79 4.29059e-17 -3.9009e-18
4.8 4.66175e-17 -4.24756e-18
4.81 5.06409e-17 -4.62405e-18
4.82 5.50012e-17 -5.03286e-18
4.83 5.9726e-17 -5.47668e-18
4.84 6.48446e-17 -5.95841e-18
4.85 7.03891e-17 -6.48118e-18
4.86 7.63937e-17 -7.04836e-18
4.87 8.28954e-17 -7.66363e-18
4.88 8.99342e-17 -8.3309e-18
4.89 9.75531e-17 -9.05445e-18
4.9 1.05798e-16 -9.83887e-18
4.91 1.1472e-16 -1.06891e-17
4.92 1.24372e-16 -1.16105e-17
4.93 1.34812e-16 -1.26088e-17
4.94 1.46102e-16 -1.36902e-17
4.95 1.58311e-16 -1.48615e-17
4.96 1.71509e-16 -1.61298e-17
4.97 1.85775e-16 -1.75029e-17
4.98 2.01193e-16 -1.89893e-17
4.99 2.17853e-16 -2.05979e-17
5 2.35851e-16 -2.23385e-17
5.01 2.55293e-16 -2.42215e-17
5.02 2.7629e-16 -2.62582e-17
5.03 2.98963e-16 -2.84608e-17
5.04 3.23441e-16 -3.08423e-17
5.05 3.49865e-16 -3.34168e-17
5.06 3.78383e-16 -3.61994e-17
5.07 4.09157e-16 -3.92064e-17
5.08 4.42361e-16 -4.24553e-17
5.09 4.78179e-16 -4.59649e-17
5.1 5.16811e-16 -4.97555e-17
5.11 5.58473e-16 -5.38488e-17
5.12 6.03393e-16 -5.82683e-17
5.13 6.5182e-16 -6.3039e-17
5.14 7.04019e-16 -6.8188e-17
5.15 7.60274e-16 -7.37442e-17
5.16 8.2089e-16 -7.97389e-17
5.17 8.86197e-16 -8.62055e-17
5.18 9.56546e-16 -9.31799e-17
5.19 1.03231e-15 -1.00701e-16
5.2 1.1139e-15 -1.0881e-16
5.21 1.20175e-15 -1.17551e-16
5.22 1.29632e-15 -1.26972e-16
5.23 1.39812e-15 -1.37124e-16
5.24 1.50767e-15 -1.48062e-16
5.25 1.62555e-15 -1.59846e-16
5.26 1.75237e-15 -1.72537e-16
5.27 1.88879e-15 -1.86204e-16
5.28 2.03552e-15 -2.0092e-16
5.29 2.1933e-15 -2.16762e-16
5.3 2.36296e-15 -2.33813e-16
5.31 2.54535e-15 -2.52164e-16
5.32 2.7414e-15 -2.71909e-16
5.33 2.95209e-15 -2.93151e-16
5.34 3.17851e-15 -3.16e-16
5.35 3.42177e-15 -3.40574e-16
5.36 3.68309e-15 -3.66999e-16
5.37 3.96378e-15 -3.95409e-16
5.38 4.26522e-15 -4.25949e-16
5.39 4.5889e-15 -4.58773e-16
5.4 4.93642e-15 -4.94046e-16
5.41 5.30947e-15 -5.31946e-16
5.42 5.70987e-15 -5.72661e-16
5.43 6.13957e-15 -6.16394e-16
5.44 6.60065e-15 -6.63361e-16
5.45 7.09531e-15 -7.13793e-16
5.46 7.62594e-15 -7.67939e-16
5.47 8.19507e-15 -8.26062e-16
5.48 8.80541e-15 -8.88445e-16
5.49 9.45985e-15 -9.5539e-16
5.5 1.01615e-14 -1.02722e-15
5.51 1.09136e-14 -1.10428e-15
5.52 1.17197e-14 -1.18694e-15
5.53 1.25836e-14 -1.27559e-15
5.54 1.35092e-14 -1.37065e-15
5.55 1.45009e-14 -1.47257e-15
5.56 1.55633e-14 -1.58183e-15
5.57 1.67011e-14 -1.69894e-15
5.58 1.79196e-14 -1.82445e-15
5.59 1.92244e-14 -1.95893e-15
5.6 2.06213e-14 -2.10302e-15
5.61 2.21167e-14 -2.25737e-15
5.62 2.37173e-14 -2.42269e-15
5.63 2.54302e-14 -2.59973e-15
5.64 2.72632e-14 -2.7893e-15
5.65 2.92243e-14 -2.99226e-15
5.66 3.13222e-14 -3.20952e-15
5.67 3.35662e-14 -3.44206e-15
5.68 3.59662e-14 -3.69091e-15
5.69 3.85326e-14 -3.95718e-15
5.7 4.12766e-14 -4.24205e-15
5.71 4.42102e-14 -4.54679e-15
5.72 4.7346e-14 -4.87272e-15
5.73 5.06976e-14 -5.22128e-15
5.74 5.42792e-14 -5.59398e-15
5.75 5.81063e-14 -5.99245e-15
5.76 6.21951e-14 -6.4184e-15
5.77 6.65629e-14 -6.87368e-15
5.78 7.12283e-14 -7.36022e-15
5.79 7.62107e-14 -7.88012e-15
5.8 8.15313e-14 -8.43558e-15
5.81 8.7212e-14 -9.02896e-15
5.82 9.32766e-14 -9.66275e-15
5.83 9.97503e-14 -1.03396e-14
5.84 1.0666e-13 -1.10624e-14
5.85 1.14033e-13 -1.18341e-14
5.86 1.21901e-13 -1.2658e-14
5.87 1.30295e-13 -1.35374e-14
5.88 1.3925e-13 -1.4476e-14
5.89 1.48802e-13 -1.54775e-14
5.9 1.58989e-13 -1.65462e-14
5.91 1.69852e-13 -1.76864e-14
5.92 1.81435e-13 -1.89026e-14
5.93 1.93784e-13 -2.01998e-14
5.94 2.06949e-13 -2.15832e-14
5.95 2.2098e-13 -2.30584e-14
5.96 2.35934e-13 -2.46312e-14
5.97 2.51869e-13 -2.63079e-14
5.98 2.68848e-13 -2.80951e-14
5.99 2.86937e-13 -2.99999e-14
6 3.06205e-13 -3.20297e-14
6.01 3.26729e-13 -3.41926e-14
6.02 3.48586e-13 -3.64968e-14
6.03 3.7186e-13 -3.89515e-14
6.04 3.96642e-13 -4.1566e-14
6.05 4.23025e-13 -4.43505e-14
6.06 4.51109e-13 -4.73155e-14
6.07 4.81001e-13 -5.04726e-14
6.08 5.12814e-13 -5.38336e-14
6.09 5.46666e-13 -5.74113e-14
6.1 5.82685e-13 -6.12193e-14
6.11 6.21004e-13 -6.52719e-14
6.12 6.61767e-13 -6.95843e-14
6.13 7.05124e-13 -7.41725e-14
6.14 7.51235e-13 -7.90537e-14
6.15 8.00269e-13 -8.4246e-14
6.16 8.52406e-13 -8.97685e-14
6.17 9.07835e-13 -9.56416e-14
6.18 9.66759e-13 -1.01887e-13
6.19 1.02939e-12 -1.08527e-13
6.2 1.09595e-12 -1.15586e-13
6.21 1.16669e-12 -1.23089e-13
6.22 1.24185e-12 -1.31065e-13
6.23 1.32171e-12 -1.3954e-13
6.24 1.40654e-12 -1.48547e-13
6.25 1.49666e-12 -1.58116e-13
6.26 1.59236e-12 -1.68282e-13
6.27 1.694e-12 -1.79081e-13
6.28 1.80193e-12 -1.90551e-13
6.29 1.91653e-12 -2.02733e-13
6.3 2.03818e-12 -2.15668e-13
6.31 2.16733e-12 -2.29403e-13
6.32 2.3044e-12 -2.43984e-13
6.33 2.44987e-12 -2.59463e-13
6.34 2.60425e-12 -2.75893e-13
6.35 2.76805e-12 -2.93331e-13
6.36 2.94184e-12 -3.11835e-13
6.37 3.12621e-12 -3.3147e-13
6.38 3.32177e-12 -3.52301e-13
6.39 3.52918e-12 -3.744e-13
6.4 3.74915e-12 -3.97842e-13
6.41 3.98241e-12 -4.22704e-13
6.42 4.22972e-12 -4.49071e-13
6.43 4.49192e-12 -4.7703e-13
6.44 4.76988e-12 -5.06675e-13
6.45 5.0645e-12 -5.38103e-13
6.46 5.37675e-12 -5.71419e-13
6.47 5.70766e-12 -6.06732e-13
6.48 6.0583e-12 -6.44157e-13
6.49 6.42981e-12 -6.83818e-13
6.5 6.8234e-12 -7.25843e-13
6.51 7.24034e-12 -7.70368e-13
6.52 7.68196e-12 -8.17537e-13
6.53 8.14967e-12 -8.67503e-13
6.54 8.64498e-12 -9.20425e-13
6.55 9.16946e-12 -9.76473e-13
6.56 9.72476e-12 -1.03582e-12
6.57 1.03126e-11 -1.09867e-12
6.58 1.0935e-11 -1.1652e-12
6.59 1.15937e-11 -1.23564e-12
6.6 1.22908e-11 -1.3102e-12
6.61 1.30286e-11 -1.38911e-12
6.62 1.38092e-11 -1.47263e-12
6.63 1.46352e-11 -1.561e-12
6.64 1.5509e-11 -1.65451e-12
6.65 1.64334e-11 -1.75345e-12
6.66 1.74111e-11 -1.8581e-12
6.67 1.84452e-11 -1.96881e-12
6.68 1.95388e-11 -2.0859e-12
6.69 2.06952e-11 -2.20973e-12
6.7 2.19178e-11 -2.34068e-12
6.71 2.32105e-11 -2.47914e-12
6.72 2.4577e-11 -2.62553e-12
6.73 2.60214e-11 -2.78028e-12
6.74 2.7548e-11 -2.94387e-12
6.75 2.91614e-11 -3.11676e-12
6.76 3.08663e-11 -3.29949e-12
6.77 3.26677e-11 -3.49259e-12
6.78 3.4571e-11 -3.69663e-12
6.79 3.65817e-11 -3.9122e-12
6.8 3.87056e-11 -4.13995e-12
6.81 4.09489e-11 -4.38052e-12
6.82 4.33182e-11 -4.63462e-12
6.83 4.58202e-11 -4.90299e-12
6.84 4.84621e-11 -5.18641e-12
6.85 5.12516e-11 -5.48567e-12
6.86 5.41965e-11 -5.80165e-12
6.87 5.73054e-11 -6.13525e-12
6.88 6.05869e-11 -6.48741e-12
6.89 6.40503e-11 -6.85913e-12
6.9 6.77055e-11 -7.25146e-12
6.91 7.15626e-11 -7.66551e-12
6.92 7.56325e-11 -8.10245e-12
6.93 7.99265e-11 -8.56348e-12
6.94 8.44566e-11 -9.0499e-12
6.95 8.92352e-11 -9.56306e-12
6.96 9.42756e-11 -1.01044e-11
6.97 9.95917e-11 -1.06753e-11
6.98 1.05198e-10 -1.12775e-11
6.99 1.1111e-10 -1.19126e-11
7 1.17343e-10 -1.25823e-11
7.01 1.23915e-10 -1.32883e-11
7.02 1.30844e-10 -1.40328e-11
7.03 1.38147e-10 -1.48176e-11
7.04 1.45845e-10 -1.56448e-11
7.05 1.53958e-10 -1.65168e-11
7.06 1.62508e-10 -1.74357e-11
7.07 1.71518e-10 -1.84041e-11
7.08 1.81011e-10 -1.94246e-11
7.09 1.91013e-10 -2.04998e-11
7.1 2.0155e-10 -2.16327e-11
7.11 2.12649e-10 -2.2826e-11
7.12 2.2434e-10 -2.40831e-11
7.13 2.36653e-10 -2.54071e-11
7.14 2.4962e-10 -2.68016e-11
7.15 2.63275e-10 -2.82701e-11
7.16 2.77653e-10 -2.98165e-11
7.17 2.9279e-10 -3.14446e-11
7.18 3.08727e-10 -3.31588e-11
7.19 3.25502e-10 -3.49634e-11
7.2 3.4316e-10 -3.6863e-11
7.21 3.61745e-10 -3.88625e-11
7.22 3.81304e-10 -4.09668e-11
7.23 4.01886e-10 -4.31814e-11
7.24 4.23544e-10 -4.55117e-11
7.25 4.4633e-10 -4.79637e-11
7.26 4.70303e-10 -5.05435e-11
7.27 4.95522e-10 -5.32576e-11
7.28 5.22049e-10 -5.61125e-11
7.29 5.4995e-10 -5.91155e-11
7.3 5.79294e-10 -6.2274e-11
7.31 6.10153e-10 -6.55956e-11
7.32 6.42602e-10 -6.90887e-11
7.33 6.76721e-10 -7.27616e-11
7.34 7.12592e-10 -7.66233e-11
7.35 7.50303e-10 -8.06833e-11
7.36 7.89944e-10 -8.49514e-11
7.37 8.31612e-10 -8.94378e-11
7.38 8.75406e-10 -9.41533e-11
7.39 9.21431e-10 -9.91092e-11
7.4 9.69796e-10 -1.04317e-10
7.41 1.02062e-09 -1.0979e-10
7.42 1.07401e-09 -1.15541e-10
7.43 1.13011e-09 -1.21583e-10
7.44 1.18905e-09 -1.2793e-10
7.45 1.25095e-09 -1.34598e-10
7.46 1.31598e-09 -1.41601e-10
7.47 1.38427e-09 -1.48957e-10
7.48 1.45599e-09 -1.56683e-10
7.49 1.53131e-09 -1.64796e-10
7.5 1.61039e-09 -1.73315e-10
7.51 1.69342e-09 -1.8226e-10
7.52 1.78059e-09 -1.91652e-10
7.53 1.8721e-09 -2.01511e-10
7.54 1.96816e-09 -2.1186e-10
7.55 2.06899e-09 -2.22724e-10
7.56 2.17481e-09 -2.34126e-10
7.57 2.28586e-09 -2.46092e-10
7.58 2.4024e-09 -2.58649e-10
7.59 2.52468e-09 -2.71826e-10
7.6 2.65298e-09 -2.85652e-10
7.61 2.78758e-09 -3.00157e-10
7.62 2.92879e-09 -3.15375e-10
7.63 3.07691e-09 -3.31338e-10
7.64 3.23227e-09 -3.48083e-10
7.65 3.39522e-09 -3.65645e-10
7.66 3.56611e-09 -3.84064e-10
7.67 3.74532e-09 -4.03379e-10
7.68 3.93323e-09 -4.23633e-10
7.69 4.13026e-09 -4.44871e-10
7.7 4.33682e-09 -4.67137e-10
7.71 4.55338e-09 -4.9048e-10
7.72 4.78038e-09 -5.14951e-10
7.73 5.01833e-09 -5.40601e-10
7.74 5.26772e-09 -5.67486e-10
7.75 5.52909e-09 -5.95664e-10
7.76 5.803e-09 -6.25193e-10
7.77 6.09002e-09 -6.56137e-10
7.78 6.39076e-09 -6.8856e-10
7.79 6.70586e-09 -7.22532e-10
7.8 7.03597e-09 -7.58124e-10
7.81 7.38178e-09 -7.9541e-10
7.82 7.74402e-09 -8.34467e-10
7.83 8.12344e-09 -8.75378e-10
7.84 8.52082e-09 -9.18226e-10
7.85 8.93698e-09 -9.63101e-10
7.86 9.37279e-09 -1.01009e-09
7.87 9.82913e-09 -1.0593e-09
7.88 1.03069e-08 -1.11083e-09
7.89 1.08072e-08 -1.16477e-09
7.9 1.13309e-08 -1.22125e-09
7.91 1.18791e-08 -1.28037e-09
7.92 1.2453e-08 -1.34226e-09
7.93 1.30536e-08 -1.40704e-09
7.94 1.36823e-08 -1.47483e-09
7.95 1.43401e-08 -1.54578e-09
7.96 1.50286e-08 -1.62003e-09
7.97 1.57489e-08 -1.69772e-09
7.98 1.65027e-08 -1.77902e-09
7.99 1.72912e-08 -1.86407e-09
8 1.81162e-08 -1.95305e-09
8.01 1.89792e-08 -2.04613e-09
8.02 1.98819e-08 -2.14349e-09
8.03 2.0826e-08 -2.24533e-09
8.04 2.18135e-08 -2.35184e-09
8.05 2.28461e-08 -2.46323e-09
8.06 2.3926e-08 -2.57972e-09
8.07 2.50552e-08 -2.70152e-09
8.08 2.62359e-08 -2.82888e-09
8.09 2.74703e-08 -2.96204e-09
8.1 2.87608e-08 -3.10125e-09
8.11 3.01098e-08 -3.24677e-09
8.12 3.15199e-08 -3.39889e-09
8.13 3.29938e-08 -3.55789e-09
8.14 3.45342e-08 -3.72407e-09
8.15 3.61441e-08 -3.89774e-09
8.16 3.78264e-08 -4.07924e-09
8.17 3.95844e-08 -4.26889e-09
8.18 4.14212e-08 -4.46705e-09
8.19 4.33403e-08 -4.6741e-09
8.2 4.53453e-08 -4.89041e-09
8.21 4.74398e-08 -5.11638e-09
8.22 4.96276e-08 -5.35243e-09
8.23 5.19129e-08 -5.59899e-09
8.24 5.42998e-08 -5.85652e-09
8.25 5.67927e-08 -6.12548e-09
8.26 5.9396e-08 -6.40636e-09
8.27 6.21144e-08 -6.69967e-09
8.28 6.4953e-08 -7.00594e-09
8.29 6.79168e-08 -7.32572e-09
8.3 7.10111e-08 -7.65959e-09
8.31 7.42415e-08 -8.00814e-09
8.32 7.76137e-08 -8.37201e-09
8.33 8.11337e-08 -8.75182e-09
8.34 8.48078e-08 -9.14826e-09
8.35 8.86424e-08 -9.56203e-09
8.36 9.26444e-08 -9.99386e-09
8.37 9.68207e-08 -1.04445e-08
8.38 1.01179e-07 -1.09148e-08
8.39 1.05726e-07 -1.14054e-08
8.4 1.1047e-07 -1.19174e-08
8.41 1.1542e-07 -1.24515e-08
8.42 1.20584e-07 -1.30088e-08
8.43 1.25971e-07 -1.359e-08
8.44 1.3159e-07 -1.41964e-08
8.45 1.3745e-07 -1.48288e-08
8.46 1.43563e-07 -1.54884e-08
8.47 1.49938e-07 -1.61764e-08
8.48 1.56585e-07 -1.68938e-08
8.49 1.63518e-07 -1.76418e-08
8.5 1.70746e-07 -1.84219e-08
8.51 1.78282e-07 -1.92352e-08
8.52 1.86139e-07 -2.00831e-08
8.53 1.9433e-07 -2.09671e-08
8.54 2.02869e-07 -2.18886e-08
8.55 2.1177e-07 -2.28491e-08
8.56 2.21047e-07 -2.38504e-08
8.57 2.30717e-07 -2.48939e-08
8.58 2.40794e-07 -2.59814e-08
8.59 2.51295e-07 -2.71148e-08
8.6 2.62239e-07 -2.82958e-08
8.61 2.73641e-07 -2.95264e-08
8.62 2.85522e-07 -3.08087e-08
8.63 2.97901e-07 -3.21446e-08
8.64 3.10796e-07 -3.35364e-08
8.65 3.2423e-07 -3.49863e-08
8.66 3.38224e-07 -3.64966e-08
8.67 3.528e-07 -3.80697e-08
8.68 3.67982e-07 -3.97082e-08
8.69 3.83793e-07 -4.14147e-08
8.7 4.0026e-07 -4.31919e-08
8.71 4.17407e-07 -4.50427e-08
8.72 4.35263e-07 -4.69698e-08
8.73 4.53855e-07 -4.89764e-08
8.74 4.73212e-07 -5.10657e-08
8.75 4.93365e-07 -5.32408e-08
8.76 5.14345e-07 -5.55053e-08
8.77 5.36185e-07 -5.78625e-08
8.78 5.58919e-07 -6.03163e-08
8.79 5.82582e-07 -6.28703e-08
8.8 6.0721e-07 -6.55285e-08
8.81 6.32842e-07 -6.8295e-08
8.82 6.59516e-07 -7.11741e-08
8.83 6.87274e-07 -7.41701e-08
8.84 7.16157e-07 -7.72877e-08
8.85 7.4621e-07 -8.05315e-08
8.86 7.77478e-07 -8.39064e-08
8.87 8.10009e-07 -8.74176e-08
8.88 8.4385e-07 -9.10704e-08
8.89 8.79054e-07 -9.48703e-08
8.9 9.15673e-07 -9.88228e-08
8.91 9.53761e-07 -1.02934e-07
8.92 9.93376e-07 -1.0721e-07
8.93 1.03458e-06 -1.11657e-07
8.94 1.07742e-06 -1.16282e-07
8.95 1.12198e-06 -1.21091e-07
8.96 1.1683e-06 -1.26092e-07
8.97 1.21648e-06 -1.31291e-07
8.98 1.26656e-06 -1.36697e-07
8.99 1.31863e-06 -1.42318e-07
9 1.37276e-06 -1.48161e-07
9.01 1.42904e-06 -1.54235e-07
9.02 1.48753e-06 -1.60549e-07
9.03 1.54833e-06 -1.67112e-07
9.04 1.61152e-06 -1.73933e-07
9.05 1.67719e-06 -1.81022e-07
9.06 1.74545e-06 -1.8839e-07
9.07 1.81637e-06 -1.96046e-07
9.08 1.89007e-06 -2.04001e-07
9.09 1.96665e-06 -2.12268e-07
9.1 2.04622e-06 -2.20857e-07
9.11 2.12889e-06 -2.2978e-07
9.12 2.21477e-06 -2.39051e-07
9.13 2.30399e-06 -2.48681e-07
9.14 2.39666e-06 -2.58685e-07
9.15 2.49293e-06 -2.69076e-07
9.16 2.59291e-06 -2.79869e-07
9.17 2.69676e-06 -2.91079e-07
9.18 2.8046e-06 -3.02721e-07
9.19 2.9166e-06 -3.14811e-07
9.2 3.03291e-06 -3.27365e-07
9.21 3.15367e-06 -3.40402e-07
9.22 3.27907e-06 -3.53938e-07
9.23 3.40926e-06 -3.67992e-07
9.24 3.54442e-06 -3.82582e-07
9.25 3.68474e-06 -3.9773e-07
9.26 3.83041e-06 -4.13454e-07
9.27 3.98161e-06 -4.29777e-07
9.28 4.13856e-06 -4.46719e-07
9.29 4.30146e-06 -4.64304e-07
9.3 4.47053e-06 -4.82555e-07
9.31 4.64599e-06 -5.01496e-07
9.32 4.82808e-06 -5.21152e-07
9.33 5.01703e-06 -5.41549e-07
9.34 5.21309e-06 -5.62714e-07
9.35 5.41652e-06 -5.84675e-07
9.36 5.62759e-06 -6.0746e-07
9.37 5.84657e-06 -6.31098e-07
9.38 6.07374e-06 -6.55622e-07
9.39 6.3094e-06 -6.81062e-07
9.4 6.55385e-06 -7.07451e-07
9.41 6.80741e-06 -7.34823e-07
9.42 7.07041e-06 -7.63214e-07
9.43 7.34317e-06 -7.92659e-07
9.44 7.62605e-06 -8.23196e-07
9.45 7.91941e-06 -8.54865e-07
9.46 8.22362e-06 -8.87705e-07
9.47 8.53906e-06 -9.21757e-07
9.48 8.86613e-06 -9.57066e-07
9.49 9.20525e-06 -9.93674e-07
9.5 9.55683e-06 -1.03163e-06
9.51 9.92132e-06 -1.07098e-06
9.52 1.02992e-05 -1.11177e-06
9.53 1.06909e-05 -1.15405e-06
9.54 1.10969e-05 -1.19788e-06
9.55 1.15177e-05 -1.24331e-06
9.56 1.19538e-05 -1.29039e-06
9.57 1.24059e-05 -1.33919e-06
9.58 1.28743e-05 -1.38976e-06
9.59 1.33598e-05 -1.44217e-06
9.6 1.38628e-05 -1.49648e-06
9.61 1.43841e-05 -1.55275e-06
9.62 1.49241e-05 -1.61105e-06
9.63 1.54837e-05 -1.67145e-06
9.64 1.60634e-05 -1.73404e-06
9.65 1.66639e-05 -1.79887e-06
9.66 1.72861e-05 -1.86603e-06
9.67 1.79305e-05 -1.9356e-06
9.68 1.8598e-05 -2.00766e-06
9.69 1.92894e-05 -2.0823e-06
9.7 2.00055e-05 -2.1596e-06
9.71 2.07471e-05 -2.23966e-06
9.72 2.15151e-05 -2.32257e-06
9.73 2.23104e-05 -2.40843e-06
9.74 2.31339e-05 -2.49734e-06
9.75 2.39866e-05 -2.58939e-06
9.76 2.48695e-05 -2.68471e-06
9.77 2.57836e-05 -2.78339e-06
9.78 2.673e-05 -2.88556e-06
9.79 2.77097e-05 -2.99132e-06
9.8 2.87239e-05 -3.10081e-06
9.81 2.97737e-05 -3.21415e-06
9.82 3.08604e-05 -3.33146e-06
9.83 3.19851e-05 -3.45288e-06
9.84 3.31492e-05 -3.57855e-06
9.85 3.43539e-05 -3.70861e-06
9.86 3.56007e-05 -3.84321e-06
9.87 3.68909e-05 -3.98249e-06
9.88 3.8226e-05 -4.12662e-06
9.89 3.96074e-05 -4.27576e-06
9.9 4.10367e-05 -4.43006e-06
9.91 4.25156e-05 -4.58972e-06
9.92 4.40456e-05 -4.75489e-06
9.93 4.56284e-05 -4.92576e-06
9.94 4.72657e-05 -5.10253e-06
9.95 4.89595e-05 -5.28538e-06
9.96 5.07114e-05 -5.47452e-06
9.97 5.25236e-05 -5.67015e-06
9.98 5.43978e-05 -5.87249e-06
9.99 5.63362e-05 -6.08175e-06
10 5.83408e-05 -6.29817e-06
10.01 6.04139e-05 -6.52197e-06
10.02 6.25576e-05 -6.7534e-06
10.03 6.47742e-05 -6.99271e-06
10.04 6.70662e-05 -7.24014e-06
10.05 6.9436e-05 -7.49598e-06
10.06 7.1886e-05 -7.76048e-06
10.07 7.4419e-05 -8.03393e-06
10.08 7.70375e-05 -8.31662e-06
10.09 7.97443e-05 -8.60885e-06
10.1 8.25424e-05 -8.91092e-06
10.11 8.54345e-05 -9.22315e-06
10.12 8.84238e-05 -9.54587e-06
10.13 9.15134e-05 -9.87942e-06
10.14 9.47064e-05 -1.02241e-05
10.15 9.80063e-05 -1.05804e-05
10.16 0.000101416 -1.09485e-05
10.17 0.00010494 -1.13289e-05
10.18 0.000108581 -1.1722e-05
10.19 0.000112343 -1.21282e-05
10.2 0.00011623 -1.25478e-05
10.21 0.000120246 -1.29814e-05
10.22 0.000124395 -1.34293e-05
10.23 0.000128681 -1.3892e-05
10.24 0.000133109 -1.437e-05
10.25 0.000137682 -1.48637e-05
10.26 0.000142406 -1.53737e-05
10.27 0.000147285 -1.59005e-05
10.28 0.000152325 -1.64446e-05
10.29 0.000157529 -1.70064e-05
10.3 0.000162904 -1.75867e-05
10.31 0.000168455 -1.81859e-05
10.32 0.000174186 -1.88047e-05
10.33 0.000180105 -1.94437e-05
10.34 0.000186216 -2.01034e-05
10.35 0.000192525 -2.07846e-05
10.36 0.000199039 -2.14878e-05
10.37 0.000205765 -2.22139e-05
10.38 0.000212707 -2.29634e-05
10.39 0.000219874 -2.37372e-05
10.4 0.000227273 -2.45359e-05
10.41 0.000234909 -2.53603e-05
10.42 0.000242791 -2.62113e-05
10.43 0.000250926 -2.70895e-05
10.44 0.000259323 -2.7996e-05
10.45 0.000267987 -2.89314e-05
10.46 0.00027693 -2.98968e-05
10.47 0.000286157 -3.0893e-05
10.48 0.000295679 -3.1921e-05
10.49 0.000305504 -3.29817e-05
10.5 0.000315641 -3.40761e-05
10.51 0.0003261 -3.52053e-05
10.52 0.000336891 -3.63703e-05
10.53 0.000348023 -3.75721e-05
10.54 0.000359508 -3.8812e-05
10.55 0.000371354 -4.00909e-05
10.56 0.000383574 -4.14102e-05
10.57 0.000396179 -4.2771e-05
10.58 0.00040918 -4.41746e-05
10.59 0.000422589 -4.56222e-05
10.6 0.000436417 -4.71151e-05
10.61 0.000450679 -4.86548e-05
10.62 0.000465386 -5.02426e-05
10.63 0.000480553 -5.188e-05
10.64 0.000496191 -5.35683e-05
10.65 0.000512316 -5.53092e-05
10.66 0.000528943 -5.71042e-05
10.67 0.000546084 -5.89548e-05
10.68 0.000563757 -6.08628e-05
10.69 0.000581977 -6.28298e-05
10.7 0.000600759 -6.48575e-05
10.71 0.000620121 -6.69478e-05
10.72 0.000640079 -6.91025e-05
10.73 0.00066065 -7.13234e-05
10.74 0.000681854 -7.36125e-05
10.75 0.000703707 -7.59718e-05
10.76 0.00072623 -7.84034e-05
10.77 0.000749441 -8.09093e-05
10.78 0.000773361 -8.34917e-05
10.79 0.00079801 -8.61529e-05
10.8 0.00082341 -8.8895e-05
10.81 0.000849582 -9.17205e-05
10.82 0.000876548 -9.46318e-05
10.83 0.000904332 -9.76314e-05
10.84 0.000932957 -0.000100722
10.85 0.000962446 -0.000103905
10.86 0.000992826 -0.000107185
10.87 0.00102412 -0.000110564
10.88 0.00105636 -0.000114044
10.89 0.00108956 -0.000117629
10.9 0.00112377 -0.000121322
10.91 0.00115899 -0.000125125
10.92 0.00119528 -0.000129042
10.93 0.00123264 -0.000133076
10.94 0.00127112 -0.00013723
10.95 0.00131075 -0.000141508
10.96 0.00135155 -0.000145913
10.97 0.00139357 -0.00015045
10.98 0.00143683 -0.00015512
10.99 0.00148137 -0.000159929
11 0.00152724 -0.000164881
11.01 0.00157445 -0.000169978
11.02 0.00162306 -0.000175226
11.03 0.0016731 -0.000180628
11.04 0.00172461 -0.00018619
11.05 0.00177764 -0.000191914
11.06 0.00183222 -0.000197806
11.07 0.00188839 -0.000203871
11.08 0.00194621 -0.000210113
11.09 0.00200572 -0.000216538
11.1 0.00206696 -0.00022315
11.11 0.00212998 -0.000229954
11.12 0.00219484 -0.000236955
11.13 0.00226158 -0.000244161
11.14 0.00233025 -0.000251574
11.15 0.00240091 -0.000259203
11.16 0.00247361 -0.000267052
11.17 0.00254841 -0.000275127
11.18 0.00262536 -0.000283435
11.19 0.00270453 -0.000291982
11.2 0.00278597 -0.000300775
11.21 0.00286975 -0.00030982
11.22 0.00295593 -0.000319124
11.23 0.00304457 -0.000328694
11.24 0.00313575 -0.000338537
11.25 0.00322953 -0.000348662
11.26 0.00332597 -0.000359074
11.27 0.00342516 -0.000369783
11.28 0.00352717 -0.000380796
11.29 0.00363207 -0.000392121
11.3 0.00373994 -0.000403766
11.31 0.00385086 -0.000415741
11.32 0.00396491 -0.000428055
11.33 0.00408218 -0.000440715
11.34 0.00420275 -0.000453731
11.35 0.0043267 -0.000467114
11.36 0.00445414 -0.000480872
11.37 0.00458515 -0.000495016
11.38 0.00471982 -0.000509555
11.39 0.00485826 -0.000524501
11.4 0.00500056 -0.000539864
11.41 0.00514683 -0.000555656
11.42 0.00529716 -0.000571886
11.43 0.00545168 -0.000588567
11.44 0.00561048 -0.000605712
11.45 0.00577368 -0.000623331
11.46 0.00594139 -0.000641437
11.47 0.00611373 -0.000660044
11.48 0.00629083 -0.000679164
11.49 0.00647281 -0.00069881
11.5 0.00665979 -0.000718997
11.51 0.00685191 -0.000739738
11.52 0.00704929 -0.000761048
11.53 0.00725208 -0.000782941
11.54 0.00746042 -0.000805433
11.55 0.00767444 -0.000828539
11.56 0.00789429 -0.000852275
11.57 0.00812013 -0.000876657
11.58 0.00835211 -0.000901702
11.59 0.00859038 -0.000927426
11.6 0.00883512 -0.000953848
11.61 0.00908647 -0.000980984
11.62 0.00934462 -0.00100885
11.63 0.00960973 -0.00103748
11.64 0.00988198 -0.00106687
11.65 0.0101616 -0.00109705
11.66 0.0104487 -0.00112805
11.67 0.0107434 -0.00115987
11.68 0.0110461 -0.00119255
11.69 0.0113569 -0.0012261
11.7 0.011676 -0.00126055
11.71 0.0120036 -0.00129592
11.72 0.0123399 -0.00133223
11.73 0.0126852 -0.0013695
11.74 0.0130396 -0.00140777
11.75 0.0134034 -0.00144705
11.76 0.0137769 -0.00148736
11.77 0.0141602 -0.00152875
11.78 0.0145536 -0.00157122
11.79 0.0149574 -0.00161482
11.8 0.0153719 -0.00165956
11.81 0.0157972 -0.00170548
11.82 0.0162337 -0.0017526
11.83 0.0166816 -0.00180096
11.84 0.0171412 -0.00185059
11.85 0.0176129 -0.0019015
11.86 0.0180968 -0.00195375
11.87 0.0185934 -0.00200736
11.88 0.0191028 -0.00206236
11.89 0.0196255 -0.00211879
11.9 0.0201618 -0.00217669
11.91 0.0207119 -0.00223608
11.92 0.0212762 -0.00229701
11.93 0.0218552 -0.00235951
11.94 0.022449 -0.00242362
11.95 0.0230581 -0.00248938
11.96 0.0236829 -0.00255684
11.97 0.0243237 -0.00262602
11.98 0.024981 -0.00269698
11.99 0.025655 -0.00276975
12 0.0263463 -0.00284438
12.01 0.0270552 -0.00292091
12.02 0.0277821 -0.0029994
12.03 0.0285276 -0.00307987
12.04 0.029292 -0.0031624
12.05 0.0300757 -0.00324701
12.06 0.0308793 -0.00333377
12.07 0.0317033 -0.00342273
12.08 0.032548 -0.00351392
12.09 0.033414 -0.00360742
12.1 0.0343018 -0.00370327
12.11 0.035212 -0.00380153
12.12 0.0361449 -0.00390225
12.13 0.0371013 -0.0040055
12.14 0.0380815 -0.00411133
12.15 0.0390863 -0.00421981
12.16 0.0401161 -0.00433099
12.17 0.0411716 -0.00444494
12.18 0.0422533 -0.00456172
12.19 0.0433619 -0.00468141
12.2 0.044498 -0.00480406
12.21 0.0456622 -0.00492975
12.22 0.0468552 -0.00505854
12.23 0.0480776 -0.00519052
12.24 0.0493301 -0.00532575
12.25 0.0506135 -0.0054643
12.26 0.0519284 -0.00560626
12.27 0.0532756 -0.0057517
12.28 0.0546558 -0.00590071
12.29 0.0560697 -0.00605336
12.3 0.0575182 -0.00620974
12.31 0.059002 -0.00636993
12.32 0.0605219 -0.00653403
12.33 0.0620788 -0.00670211
12.34 0.0636735 -0.00687428
12.35 0.0653068 -0.00705061
12.36 0.0669797 -0.00723122
12.37 0.068693 -0.00741619
12.38 0.0704476 -0.00760563
12.39 0.0722446 -0.00779962
12.4 0.0740847 -0.00799829
12.41 0.0759691 -0.00820173
12.42 0.0778986 -0.00841004
12.43 0.0798744 -0.00862335
12.44 0.0818974 -0.00884176
12.45 0.0839687 -0.00906538
12.46 0.0860894 -0.00929433
12.47 0.0882605 -0.00952873
12.48 0.0904833 -0.00976871
12.49 0.0927588 -0.0100144
12.5 0.0950882 -0.0102659
12.51 0.0974728 -0.0105233
12.52 0.0999136 -0.0107868
12.53 0.102412 -0.0110566
12.54 0.104969 -0.0113326
12.55 0.107587 -0.0116152
12.56 0.110266 -0.0119044
12.57 0.113007 -0.0122004
12.58 0.115813 -0.0125033
12.59 0.118684 -0.0128133
12.6 0.121623 -0.0131306
12.61 0.12463 -0.0134552
12.62 0.127707 -0.0137874
12.63 0.130855 -0.0141273
12.64 0.134076 -0.014475
12.65 0.137372 -0.0148309
12.66 0.140744 -0.0151949
12.67 0.144194 -0.0155674
12.68 0.147723 -0.0159484
12.69 0.151334 -0.0163382
12.7 0.155028 -0.016737
12.71 0.158806 -0.0171449
12.72 0.162671 -0.0175622
12.73 0.166624 -0.017989
12.74 0.170668 -0.0184255
12.75 0.174803 -0.018872
12.76 0.179033 -0.0193287
12.77 0.183359 -0.0197957
12.78 0.187784 -0.0202734
12.79 0.192308 -0.0207618
12.8 0.196935 -0.0212614
12.81 0.201666 -0.0217722
12.82 0.206504 -0.0222945
12.83 0.211451 -0.0228286
12.84 0.216509 -0.0233747
12.85 0.221681 -0.023933
12.86 0.226969 -0.0245039
12.87 0.232375 -0.0250875
12.88 0.237901 -0.0256842
12.89 0.243551 -0.0262942
12.9 0.249327 -0.0269177
12.91 0.255232 -0.0275552
12.92 0.261267 -0.0282068
12.93 0.267436 -0.0288728
12.94 0.273742 -0.0295536
12.95 0.280187 -0.0302494
12.96 0.286774 -0.0309606
12.97 0.293507 -0.0316874
12.98 0.300387 -0.0324302
12.99 0.307419 -0.0331894
13 0.314604 -0.0339651
13.01 0.321947 -0.0347579
13.02 0.329451 -0.035568
13.03 0.337118 -0.0363957
13.04 0.344952 -0.0372415
13.05 0.352957 -0.0381057
13.06 0.361135 -0.0389887
13.07 0.369491 -0.0398908
13.08 0.378027 -0.0408124
13.09 0.386749 -0.0417539
13.1 0.395658 -0.0427158
13.11 0.404759 -0.0436984
13.12 0.414056 -0.0447021
13.13 0.423553 -0.0457274
13.14 0.433253 -0.0467746
13.15 0.443161 -0.0478443
13.16 0.453281 -0.0489369
13.17 0.463616 -0.0500527
13.18 0.474172 -0.0511923
13.19 0.484952 -0.0523562
13.2 0.495962 -0.0535448
13.21 0.507204 -0.0547585
13.22 0.518685 -0.055998
13.23 0.530408 -0.0572637
13.24 0.542379 -0.058556
13.25 0.554602 -0.0598756
13.26 0.567081 -0.061223
13.27 0.579823 -0.0625986
13.28 0.592832 -0.064003
13.29 0.606113 -0.0654369
13.3 0.619672 -0.0669007
13.31 0.633513 -0.0683951
13.32 0.647643 -0.0699205
13.33 0.662067 -0.0714777
13.34 0.67679 -0.0730673
13.35 0.691818 -0.0746897
13.36 0.707157 -0.0763457
13.37 0.722813 -0.078036
13.38 0.738792 -0.0797611
13.39 0.7551 -0.0815217
13.4 0.771743 -0.0833185
13.41 0.788727 -0.0851522
13.42 0.80606 -0.0870234
13.43 0.823747 -0.088933
13.44 0.841795 -0.0908815
13.45 0.860212 -0.0928698
13.46 0.879003 -0.0948985
13.47 0.898176 -0.0969684
13.48 0.917738 -0.0990803
13.49 0.937696 -0.101235
13.5 0.958057 -0.103433
13.51 0.97883 -0.105676
13.52 1 -0.107962
