0 0 0
0.08 2.81079e-59 -8.93581e-64
0.16 1.47855e-54 -7.25577e-59
0.24 5.99077e-51 -2.39145e-55
0.2 4.30767e-52 -3.61421e-56
0.24 5.41653e-50 -5.07905e-54
0.22 6.88965e-51 -7.17147e-55
0.21 1.83739e-51 -1.81891e-55
0.205 8.97499e-52 -8.25956e-56
0.21 1.84598e-51 -1.85339e-55
0.215 3.73709e-51 -4.0712e-55
0.22 7.44584e-51 -8.75939e-55
0.225 1.46082e-50 -1.84803e-54
0.23 2.82396e-50 -3.82748e-54
0.235 5.38229e-50 -7.78987e-54
0.24 1.012e-49 -1.55942e-53
0.245 1.8782e-49 -3.07312e-53
0.25 3.44252e-49 -5.9664e-53
0.255 6.23452e-49 -1.142e-52
0.26 1.11614e-48 -2.1564e-52
0.265 1.97615e-48 -4.01936e-52
0.27 3.46165e-48 -7.39934e-52
0.275 6.00176e-48 -1.34606e-51
0.28 1.03031e-47 -2.4209e-51
0.285 1.75187e-47 -4.30655e-51
0.29 2.95138e-47 -7.58066e-51
0.295 4.92805e-47 -1.32093e-50
0.3 8.15798e-47 -2.27936e-50
0.305 1.33928e-46 -3.89634e-50
0.31 2.18101e-46 -6.60021e-50
0.315 3.52414e-46 -1.10828e-49
0.32 5.65154e-46 -1.84529e-49
0.325 8.99702e-46 -3.04735e-49
0.33 1.42215e-45 -4.99276e-49
0.335 2.23256e-45 -8.11762e-49
0.34 3.48141e-45 -1.31006e-48
0.345 5.39373e-45 -2.09908e-48
0.35 8.30399e-45 -3.33992e-48
0.355 1.27064e-44 -5.27841e-48
0.36 1.93275e-44 -8.28738e-48
0.365 2.9229e-44 -1.29289e-47
0.37 4.39548e-44 -2.00452e-47
0.375 6.57383e-44 -3.0892e-47
0.38 9.77943e-44 -4.73299e-47
0.385 1.44728e-43 -7.21027e-47
0.39 2.13104e-43 -1.09234e-46
0.395 3.12241e-43 -1.64597e-46
0.4 4.55302e-43 -2.46718e-46
0.405 6.60803e-43 -3.67921e-46
0.41 9.5468e-43 -5.45935e-46
0.415 1.37311e-42 -8.06145e-46
0.42 1.96635e-42 -1.18474e-45
0.425 2.80393e-42 -1.73309e-45
0.43 3.98172e-42 -2.52382e-45
0.435 5.63134e-42 -3.65913e-45
0.44 7.93288e-42 -5.28233e-45
0.445 1.11318e-41 -7.59358e-45
0.45 1.55616e-41 -1.08713e-44
0.455 2.16738e-41 -1.55014e-44
0.46 3.00775e-41 -2.20167e-44
0.465 4.15917e-41 -3.11507e-44
0.47 5.73145e-41 -4.39086e-44
0.475 7.87131e-41 -6.16645e-44
0.48 1.07742e-40 -8.62896e-44
0.485 1.46997e-40 -1.20324e-43
0.49 1.99915e-40 -1.67205e-43
0.495 2.71035e-40 -2.31568e-43
0.5 3.66333e-40 -3.19647e-43
0.505 4.93653e-40 -4.39802e-43
0.51 6.63268e-40 -6.03204e-43
0.515 8.88595e-40 -8.24744e-43
0.52 1.18711e-39 -1.12422e-42
0.525 1.5815e-39 -1.52785e-42
0.53 2.10119e-39 -2.07032e-42
0.535 2.78422e-39 -2.79734e-42
0.54 3.6796e-39 -3.76899e-42
0.545 4.85043e-39 -5.06411e-42
0.55 6.37767e-39 -6.78577e-42
0.555 8.36501e-39 -9.06852e-42
0.56 1.09449e-38 -1.20875e-41
0.565 1.42863e-38 -1.607e-41
0.57 1.86039e-38 -2.13108e-41
0.575 2.41705e-38 -2.81907e-41
0.58 3.13315e-38 -3.72007e-41
0.585 4.05235e-38 -4.8973e-41
0.59 5.22975e-38 -6.43188e-41
0.595 6.73469e-38 -8.42781e-41
0.6 8.65432e-38 -1.1018e-40
0.605 1.1098e-37 -1.4372e-40
0.61 1.42024e-37 -1.87059e-40
0.615 1.81387e-37 -2.4294e-40
0.62 2.31199e-37 -3.14843e-40
0.625 2.94116e-37 -4.07175e-40
0.63 3.73436e-37 -5.25499e-40
0.635 4.73251e-37 -6.76834e-40
0.64 5.98631e-37 -8.70014e-40
0.645 7.55841e-37 -1.11614e-39
0.65 9.52615e-37 -1.42912e-39
0.655 1.19849e-36 -1.82639e-39
0.66 1.50518e-36 -2.32972e-39
0.665 1.8871e-36 -2.96628e-39
0.67 2.36191e-36 -3.76991e-39
0.675 2.95125e-36 -4.7827e-39
0.68 3.68156e-36 -6.05687e-39
0.685 4.58515e-36 -7.65718e-39
0.69 5.70137e-36 -9.66376e-39
0.695 7.07816e-36 -1.21756e-38
0.7 8.77376e-36 -1.53148e-38
0.705 1.08589e-35 -1.92319e-38
0.71 1.34193e-35 -2.41118e-38
0.715 1.65587e-35 -3.01818e-38
0.72 2.04026e-35 -3.77207e-38
0.725 2.51023e-35 -4.70696e-38
0.73 3.08406e-35 -5.86461e-38
0.735 3.78372e-35 -7.29596e-38
0.74 4.63566e-35 -9.06319e-38
0.745 5.67164e-35 -1.1242e-37
0.75 6.92975e-35 -1.39244e-37
0.755 8.45564e-35 -1.72223e-37
0.76 1.03039e-34 -2.12713e-37
0.765 1.25399e-34 -2.62358e-37
0.77 1.52416e-34 -3.23146e-37
0.775 1.85018e-34 -3.9748e-37
0.78 2.24313e-34 -4.88261e-37
0.785 2.71618e-34 -5.98985e-37
0.79 3.28498e-34 -7.33863e-37
0.795 3.96812e-34 -8.97957e-37
0.8 4.78763e-34 -1.09735e-36
0.805 5.76962e-34 -1.33934e-36
0.81 6.94495e-34 -1.63267e-36
0.815 8.35015e-34 -1.98782e-36
0.82 1.00283e-33 -2.4173e-36
0.825 1.20303e-33 -2.93607e-36
0.83 1.4416e-33 -3.56198e-36
0.835 1.7256e-33 -4.31628e-36
0.84 2.06332e-33 -5.22432e-36
0.845 2.46451e-33 -6.3162e-36
0.85 2.94062e-33 -7.62773e-36
0.855 3.50505e-33 -9.20137e-36
0.86 4.17352e-33 -1.10875e-35
0.865 4.96444e-33 -1.33458e-35
0.87 5.89932e-33 -1.60469e-35
0.875 7.00329e-33 -1.92742e-35
0.88 8.3057e-33 -2.31264e-35
0.885 9.84075e-33 -2.77198e-35
0.89 1.16483e-32 -3.31916e-35
0.895 1.37749e-32 -3.97033e-35
0.9 1.62743e-32 -4.74451e-35
0.905 1.92095e-32 -5.66405e-35
0.91 2.26532e-32 -6.75519e-35
0.915 2.66901e-32 -8.04874e-35
0.92 3.14181e-32 -9.58083e-35
0.925 3.69508e-32 -1.13938e-34
0.93 4.34197e-32 -1.35371e-34
0.935 5.09767e-32 -1.60687e-34
0.94 5.97975e-32 -1.90563e-34
0.945 7.0085e-32 -2.25789e-34
0.95 8.20732e-32 -2.67287e-34
0.955 9.6032e-32 -3.16131e-34
0.96 1.12272e-31 -3.73574e-34
0.965 1.31152e-31 -4.4107e-34
0.97 1.53083e-31 -5.20314e-34
0.975 1.78538e-31 -6.13273e-34
0.98 2.08061e-31 -7.22232e-34
0.985 2.42277e-31 -8.4984e-34
0.99 2.819e-31 -9.99171e-34
0.995 3.27753e-31 -1.17378e-33
1 3.80774e-31 -1.37779e-33
1.005 4.4204e-31 -1.61597e-33
1.01 5.12782e-31 -1.89382e-33
1.015 5.94406e-31 -2.2177e-33
1.02 6.88521e-31 -2.59496e-33
1.025 7.9696e-31 -3.03405e-33
1.03 9.21818e-31 -3.54475e-33
1.035 1.06548e-30 -4.13828e-33
1.04 1.23067e-30 -4.82759e-33
1.045 1.42048e-30 -5.62755e-33
1.05 1.63844e-30 -6.55527e-33
1.055 1.88855e-30 -7.63038e-33
1.06 2.17537e-30 -8.87544e-33
1.065 2.50407e-30 -1.03163e-32
1.07 2.88053e-30 -1.19826e-32
1.075 3.31142e-30 -1.39084e-32
1.08 3.80427e-30 -1.61325e-32
1.085 4.36766e-30 -1.86993e-32
1.09 5.01128e-30 -2.16599e-32
1.095 5.74611e-30 -2.50724e-32
1.1 6.58455e-30 -2.90031e-32
1.105 7.54064e-30 -3.35279e-32
1.11 8.63025e-30 -3.87332e-32
1.115 9.87126e-30 -4.47177e-32
1.12 1.12839e-29 -5.15935e-32
1.125 1.2891e-29 -5.94887e-32
1.13 1.47181e-29 -6.85487e-32
1.135 1.67944e-29 -7.8939e-32
1.14 1.91524e-29 -9.08479e-32
1.145 2.18288e-29 -1.04489e-31
1.15 2.48649e-29 -1.20105e-31
1.155 2.83071e-29 -1.37972e-31
1.16 3.22078e-29 -1.58401e-31
1.165 3.66255e-29 -1.81747e-31
1.17 4.16259e-29 -2.08412e-31
1.175 4.72832e-29 -2.38849e-31
1.18 5.36799e-29 -2.73572e-31
1.185 6.09092e-29 -3.13164e-31
1.19 6.90749e-29 -3.58281e-31
1.195 7.82938e-29 -4.09667e-31
1.2 8.86963e-29 -4.68161e-31
1.205 1.00428e-28 -5.3471e-31
1.21 1.13653e-28 -6.10383e-31
1.215 1.28554e-28 -6.96384e-31
1.22 1.45333e-28 -7.94073e-31
1.225 1.6422e-28 -9.0498e-31
1.23 1.85468e-28 -1.03083e-30
1.235 2.09361e-28 -1.17355e-30
1.24 2.36216e-28 -1.33534e-30
1.245 2.66385e-28 -1.51865e-30
1.25 3.00261e-28 -1.72623e-30
1.255 3.38281e-28 -1.96117e-30
1.26 3.80934e-28 -2.22697e-30
1.265 4.28761e-28 -2.52751e-30
1.27 4.82367e-28 -2.86718e-30
1.275 5.4242e-28 -3.25089e-30
1.28 6.09668e-28 -3.68414e-30
1.285 6.84938e-28 -4.17309e-30
1.29 7.6915e-28 -4.72464e-30
1.295 8.63324e-28 -5.34653e-30
1.3 9.68594e-28 -6.04739e-30
1.305 1.08622e-27 -6.8369e-30
1.31 1.21758e-27 -7.72584e-30
1.315 1.36424e-27 -8.72631e-30
1.32 1.52789e-27 -9.85178e-30
1.325 1.71044e-27 -1.11173e-29
1.33 1.91397e-27 -1.25397e-29
1.335 2.14081e-27 -1.41377e-29
1.34 2.39353e-27 -1.59322e-29
1.345 2.67495e-27 -1.79464e-29
1.35 2.98822e-27 -2.02064e-29
1.355 3.33679e-27 -2.27411e-29
1.36 3.7245e-27 -2.55825e-29
1.365 4.15556e-27 -2.87666e-29
1.37 4.63464e-27 -3.2333e-29
1.375 5.16687e-27 -3.63262e-29
1.38 5.75793e-27 -4.07953e-29
1.385 6.41406e-27 -4.5795e-29
1.39 7.14215e-27 -5.1386e-29
1.395 7.94979e-27 -5.76359e-29
1.4 8.84534e-27 -6.46193e-29
1.405 9.83798e-27 -7.24194e-29
1.41 1.09378e-26 -8.11281e-29
1.415 1.2156e-26 -9.08477e-29
1.42 1.35049e-26 -1.01691e-28
1.425 1.49977e-26 -1.13784e-28
1.43 1.66494e-26 -1.27264e-28
1.435 1.84762e-26 -1.42286e-28
1.44 2.04959e-26 -1.5902e-28
1.445 2.27281e-26 -1.77653e-28
1.45 2.51944e-26 -1.98393e-28
1.455 2.79183e-26 -2.21471e-28
1.46 3.09256e-26 -2.4714e-28
1.465 3.42447e-26 -2.75681e-28
1.47 3.79068e-26 -3.07404e-28
1.475 4.19459e-26 -3.4265e-28
1.48 4.63992e-26 -3.81797e-28
1.485 5.13077e-26 -4.25262e-28
1.49 5.6716e-26 -4.73504e-28
1.495 6.26731e-26 -5.27028e-28
1.5 6.92326e-26 -5.86394e-28
1.505 7.64529e-26 -6.52215e-28
1.51 8.43982e-26 -7.25168e-28
1.515 9.31383e-26 -8.06e-28
1.52 1.0275e-25 -8.9553e-28
1.525 1.13316e-25 -9.94662e-28
1.53 1.24929e-25 -1.10439e-27
1.535 1.37687e-25 -1.2258e-27
1.54 1.51699e-25 -1.3601e-27
1.545 1.67084e-25 -1.5086e-27
1.55 1.83972e-25 -1.67277e-27
1.555 2.02503e-25 -1.85417e-27
1.56 2.2283e-25 -2.05458e-27
1.565 2.45123e-25 -2.27589e-27
1.57 2.69562e-25 -2.52023e-27
1.575 2.96348e-25 -2.78989e-27
1.58 3.25695e-25 -3.08742e-27
1.585 3.57841e-25 -3.41558e-27
1.59 3.93042e-25 -3.77742e-27
1.595 4.31577e-25 -4.17628e-27
1.6 4.73749e-25 -4.6158e-27
1.605 5.19889e-25 -5.09999e-27
1.61 5.70355e-25 -5.63323e-27
1.615 6.25538e-25 -6.2203e-27
1.62 6.85862e-25 -6.86646e-27
1.625 7.51787e-25 -7.57744e-27
1.63 8.23813e-25 -8.35951e-27
1.635 9.02483e-25 -9.21952e-27
1.64 9.88387e-25 -1.0165e-26
1.645 1.08216e-24 -1.12041e-26
1.65 1.18451e-24 -1.23457e-26
1.655 1.29617e-24 -1.35998e-26
1.66 1.41797e-24 -1.49768e-26
1.665 1.55079e-24 -1.64885e-26
1.67 1.69559e-24 -1.81476e-26
1.675 1.8534e-24 -1.99678e-26
1.68 2.02536e-24 -2.19644e-26
1.685 2.21269e-24 -2.41539e-26
1.69 2.41669e-24 -2.65541e-26
1.695 2.63881e-24 -2.91847e-26
1.7 2.88059e-24 -3.2067e-26
1.705 3.14369e-24 -3.52242e-26
1.71 3.42994e-24 -3.86816e-26
1.715 3.74128e-24 -4.24669e-26
1.72 4.07984e-24 -4.66099e-26
1.725 4.4479e-24 -5.11433e-26
1.73 4.84793e-24 -5.61026e-26
1.735 5.28261e-24 -6.15264e-26
1.74 5.75482e-24 -6.74566e-26
1.745 6.26767e-24 -7.39391e-26
1.75 6.82454e-24 -8.10232e-26
1.755 7.42905e-24 -8.8763e-26
1.76 8.08513e-24 -9.72169e-26
1.765 8.797e-24 -1.06449e-25
1.77 9.56923e-24 -1.16527e-25
1.775 1.04067e-23 -1.27527e-25
1.78 1.13148e-23 -1.39531e-25
1.785 1.22992e-23 -1.52626e-25
1.79 1.33661e-23 -1.66908e-25
1.795 1.45221e-23 -1.82481e-25
1.8 1.57744e-23 -1.99457e-25
1.805 1.71307e-23 -2.1796e-25
1.81 1.85992e-23 -2.3812e-25
1.815 2.0189e-23 -2.60083e-25
1.82 2.19097e-23 -2.84002e-25
1.825 2.37716e-23 -3.10046e-25
1.83 2.57859e-23 -3.38397e-25
1.835 2.79646e-23 -3.69253e-25
1.84 3.03205e-23 -4.02827e-25
1.845 3.28676e-23 -4.39351e-25
1.85 3.56207e-23 -4.79074e-25
1.855 3.85959e-23 -5.22267e-25
1.86 4.18105e-23 -5.69222e-25
1.865 4.52829e-23 -6.20255e-25
1.87 4.9033e-23 -6.7571e-25
1.875 5.30822e-23 -7.35954e-25
1.88 5.74535e-23 -8.01388e-25
1.885 6.21714e-23 -8.72444e-25
1.89 6.72625e-23 -9.49586e-25
1.895 7.27551e-23 -1.03332e-24
1.9 7.86796e-23 -1.12419e-24
1.905 8.50687e-23 -1.22277e-24
1.91 9.19576e-23 -1.32971e-24
1.915 9.93837e-23 -1.44569e-24
1.92 1.07387e-22 -1.57144e-24
1.925 1.16012e-22 -1.70777e-24
1.93 1.25303e-22 -1.85551e-24
1.935 1.35311e-22 -2.01561e-24
1.94 1.4609e-22 -2.18906e-24
1.945 1.57695e-22 -2.37693e-24
1.95 1.70187e-22 -2.58038e-24
1.955 1.83633e-22 -2.80066e-24
1.96 1.98103e-22 -3.0391e-24
1.965 2.1367e-22 -3.29717e-24
1.97 2.30415e-22 -3.57641e-24
1.975 2.48425e-22 -3.8785e-24
1.98 2.6779e-22 -4.20525e-24
1.985 2.88609e-22 -4.5586e-24
1.99 3.10986e-22 -4.94065e-24
1.995 3.35035e-22 -5.35363e-24
2 3.60875e-22 -5.79998e-24
2.005 3.88635e-22 -6.28228e-24
2.01 4.18451e-22 -6.80334e-24
2.015 4.50471e-22 -7.36617e-24
2.02 4.8485e-22 -7.974e-24
2.025 5.21757e-22 -8.63029e-24
2.03 5.61369e-22 -9.33879e-24
2.035 6.03878e-22 -1.01035e-23
2.04 6.49487e-22 -1.09287e-23
2.045 6.98414e-22 -1.18191e-23
2.05 7.50891e-22 -1.27795e-23
2.055 8.07166e-22 -1.38154e-23
2.06 8.67503e-22 -1.49325e-23
2.065 9.32184e-22 -1.61368e-23
2.07 1.00151e-21 -1.7435e-23
2.075 1.0758e-21 -1.88341e-23
2.08 1.1554e-21 -2.03418e-23
2.085 1.24067e-21 -2.19661e-23
2.09 1.33201e-21 -2.37157e-23
2.095 1.42982e-21 -2.56e-23
2.1 1.53455e-21 -2.76291e-23
2.105 1.64667e-21 -2.98135e-23
2.11 1.76667e-21 -3.21649e-23
2.115 1.89511e-21 -3.46956e-23
2.12 2.03253e-21 -3.74186e-23
2.125 2.17955e-21 -4.03483e-23
2.13 2.33682e-21 -4.34996e-23
2.135 2.50502e-21 -4.68888e-23
2.14 2.68487e-21 -5.05333e-23
2.145 2.87717e-21 -5.44515e-23
2.15 3.08273e-21 -5.86634e-23
2.155 3.30244e-21 -6.31901e-23
2.16 3.53723e-21 -6.80545e-23
2.165 3.7881e-21 -7.32808e-23
2.17 4.0561e-21 -7.88951e-23
2.175 4.34237e-21 -8.49251e-23
2.18 4.64811e-21 -9.14006e-23
2.185 4.97457e-21 -9.83533e-23
2.19 5.32312e-21 -1.05817e-22
2.195 5.6952e-21 -1.13829e-22
2.2 6.09232e-21 -1.22426e-22
2.205 6.51612e-21 -1.31652e-22
2.21 6.96832e-21 -1.41549e-22
2.215 7.45074e-21 -1.52166e-22
2.22 7.96533e-21 -1.63552e-22
2.225 8.51416e-21 -1.75762e-22
2.23 9.09941e-21 -1.88853e-22
2.235 9.72341e-21 -2.02886e-22
2.24 1.03886e-20 -2.17928e-22
2.245 1.10977e-20 -2.34047e-22
2.25 1.18534e-20 -2.51319e-22
2.255 1.26586e-20 -2.69823e-22
2.26 1.35165e-20 -2.89643e-22
2.265 1.44305e-20 -3.10871e-22
2.27 1.54039e-20 -3.33603e-22
2.275 1.64406e-20 -3.57942e-22
2.28 1.75446e-20 -3.83998e-22
2.285 1.87199e-20 -4.11886e-22
2.29 1.99711e-20 -4.41733e-22
2.295 2.13028e-20 -4.7367e-22
2.3 2.272e-20 -5.07839e-22
2.305 2.42281e-20 -5.44391e-22
2.31 2.58326e-20 -5.83486e-22
2.315 2.75395e-20 -6.25295e-22
2.32 2.9355e-20 -6.7e-22
2.325 3.12858e-20 -7.17795e-22
2.33 3.33389e-20 -7.68885e-22
2.335 3.55218e-20 -8.2349e-22
2.34 3.78423e-20 -8.81844e-22
2.345 4.03089e-20 -9.44196e-22
2.35 4.29304e-20 -1.01081e-21
2.355 4.5716e-20 -1.08196e-21
2.36 4.86758e-20 -1.15796e-21
2.365 5.18202e-20 -1.23912e-21
2.37 5.51603e-20 -1.32578e-21
2.375 5.87077e-20 -1.41829e-21
2.38 6.24748e-20 -1.51705e-21
2.385 6.64749e-20 -1.62245e-21
2.39 7.07216e-20 -1.73493e-21
2.395 7.52296e-20 -1.85495e-21
2.4 8.00145e-20 -1.983e-21
2.405 8.50925e-20 -2.11959e-21
2.41 9.04809e-20 -2.26527e-21
2.415 9.61981e-20 -2.42064e-21
2.42 1.02263e-19 -2.58631e-21
2.425 1.08697e-19 -2.76293e-21
2.43 1.1552e-19 -2.95122e-21
2.435 1.22756e-19 -3.15191e-21
2.44 1.30428e-19 -3.36579e-21
2.445 1.38563e-19 -3.5937e-21
2.45 1.47186e-19 -3.83653e-21
2.455 1.56326e-19 -4.09522e-21
2.46 1.66013e-19 -4.37077e-21
2.465 1.76278e-19 -4.66425e-21
2.47 1.87154e-19 -4.97677e-21
2.475 1.98677e-19 -5.30954e-21
2.48 2.10883e-19 -5.66381e-21
2.485 2.23812e-19 -6.04093e-21
2.49 2.37504e-19 -6.44233e-21
2.495 2.52003e-19 -6.86951e-21
2.5 2.67355e-19 -7.32407e-21
2.505 2.83607e-19 -7.8077e-21
2.51 3.00811e-19 -8.3222e-21
2.515 3.19021e-19 -8.86948e-21
2.52 3.38292e-19 -9.45154e-21
2.525 3.58685e-19 -1.00705e-20
2.53 3.80262e-19 -1.07287e-20
2.535 4.03089e-19 -1.14285e-20
2.54 4.27236e-19 -1.21723e-20
2.545 4.52777e-19 -1.2963e-20
2.55 4.79788e-19 -1.38033e-20
2.555 5.08352e-19 -1.46963e-20
2.56 5.38553e-19 -1.56451e-20
2.565 5.70483e-19 -1.66531e-20
2.57 6.04237e-19 -1.77239e-20
2.575 6.39914e-19 -1.88612e-20
2.58 6.77621e-19 -2.00691e-20
2.585 7.17468e-19 -2.13518e-20
2.59 7.59572e-19 -2.27137e-20
2.595 8.04056e-19 -2.41595e-20
2.6 8.51049e-19 -2.56943e-20
2.605 9.00689e-19 -2.73234e-20
2.61 9.53117e-19 -2.90523e-20
2.615 1.00848e-18 -3.08869e-20
2.62 1.06695e-18 -3.28335e-20
2.625 1.12868e-18 -3.48986e-20
2.63 1.19385e-18 -3.70893e-20
2.635 1.26265e-18 -3.94129e-20
2.64 1.33527e-18 -4.18773e-20
2.645 1.4119e-18 -4.44905e-20
2.65 1.49278e-18 -4.72613e-20
2.655 1.57812e-18 -5.0199e-20
2.66 1.66815e-18 -5.3313e-20
2.665 1.76314e-18 -5.66138e-20
2.67 1.86333e-18 -6.01121e-20
2.675 1.96901e-18 -6.38194e-20
2.68 2.08047e-18 -6.77475e-20
2.685 2.198e-18 -7.19094e-20
2.69 2.32192e-18 -7.63183e-20
2.695 2.45258e-18 -8.09885e-20
2.7 2.59032e-18 -8.59348e-20
2.705 2.73551e-18 -9.11731e-20
2.71 2.88854e-18 -9.672e-20
2.715 3.04981e-18 -1.02593e-19
2.72 3.21976e-18 -1.08811e-19
2.725 3.39883e-18 -1.15392e-19
2.73 3.58749e-18 -1.22359e-19
2.735 3.78624e-18 -1.29732e-19
2.74 3.9956e-18 -1.37534e-19
2.745 4.21611e-18 -1.45789e-19
2.75 4.44834e-18 -1.54524e-19
2.755 4.69289e-18 -1.63764e-19
2.76 4.9504e-18 -1.73538e-19
2.765 5.22151e-18 -1.83876e-19
2.77 5.50692e-18 -1.94808e-19
2.775 5.80736e-18 -2.06369e-19
2.78 6.12359e-18 -2.18593e-19
2.785 6.45641e-18 -2.31516e-19
2.79 6.80665e-18 -2.45177e-19
2.795 7.17519e-18 -2.59617e-19
2.8 7.56296e-18 -2.7488e-19
2.805 7.9709e-18 -2.91008e-19
2.81 8.40005e-18 -3.08052e-19
2.815 8.85145e-18 -3.26059e-19
2.82 9.32621e-18 -3.45084e-19
2.825 9.8255e-18 -3.65181e-19
2.83 1.03505e-17 -3.86408e-19
2.835 1.09026e-17 -4.08828e-19
2.84 1.1483e-17 -4.32504e-19
2.845 1.20932e-17 -4.57505e-19
2.85 1.27346e-17 -4.83902e-19
2.855 1.34088e-17 -5.11771e-19
2.86 1.41174e-17 -5.4119e-19
2.865 1.4862e-17 -5.72242e-19
2.87 1.56445e-17 -6.05015e-19
2.875 1.64666e-17 -6.39602e-19
2.88 1.73304e-17 -6.76098e-19
2.885 1.82378e-17 -7.14606e-19
2.89 1.91909e-17 -7.55233e-19
2.895 2.01921e-17 -7.9809e-19
2.9 2.12435e-17 -8.43296e-19
2.905 2.23477e-17 -8.90976e-19
2.91 2.35071e-17 -9.41259e-19
2.915 2.47245e-17 -9.94283e-19
2.92 2.60027e-17 -1.05019e-18
2.925 2.73444e-17 -1.10914e-18
2.93 2.87529e-17 -1.17128e-18
2.935 3.02312e-17 -1.23678e-18
2.94 3.17827e-17 -1.30582e-18
2.945 3.34109e-17 -1.37858e-18
2.95 3.51195e-17 -1.45526e-18
2.955 3.69122e-17 -1.53605e-18
2.96 3.8793e-17 -1.62118e-18
2.965 4.07662e-17 -1.71086e-18
2.97 4.2836e-17 -1.80534e-18
2.975 4.5007e-17 -1.90485e-18
2.98 4.7284e-17 -2.00965e-18
2.985 4.9672e-17 -2.12003e-18
2.99 5.21761e-17 -2.23626e-18
2.995 5.48017e-17 -2.35864e-18
3 5.75547e-17 -2.48748e-18
3.005 6.04408e-17 -2.62312e-18
3.01 6.34663e-17 -2.76591e-18
3.015 6.66377e-17 -2.91619e-18
3.02 6.99617e-17 -3.07436e-18
3.025 7.34454e-17 -3.24081e-18
3.03 7.70962e-17 -3.41596e-18
3.035 8.09217e-17 -3.60025e-18
3.04 8.493e-17 -3.79413e-18
3.045 8.91295e-17 -3.9981e-18
3.05 9.35291e-17 -4.21265e-18
3.055 9.81377e-17 -4.43831e-18
3.06 1.02965e-16 -4.67564e-18
3.065 1.08021e-16 -4.92521e-18
3.07 1.13316e-16 -5.18765e-18
3.075 1.18861e-16 -5.46358e-18
3.08 1.24668e-16 -5.75368e-18
3.085 1.30748e-16 -6.05864e-18
3.09 1.37113e-16 -6.3792e-18
3.095 1.43776e-16 -6.71613e-18
3.1 1.50752e-16 -7.07023e-18
3.105 1.58053e-16 -7.44235e-18
3.11 1.65695e-16 -7.83337e-18
3.115 1.73692e-16 -8.24421e-18
3.12 1.82062e-16 -8.67584e-18
3.125 1.90819e-16 -9.12928e-18
3.13 1.99983e-16 -9.60559e-18
3.135 2.0957e-16 -1.01059e-17
3.14 2.196e-16 -1.06313e-17
3.145 2.30091e-16 -1.11831e-17
3.15 2.41066e-16 -1.17625e-17
3.155 2.52545e-16 -1.23708e-17
3.16 2.6455e-16 -1.30096e-17
3.165 2.77104e-16 -1.36801e-17
3.17 2.90232e-16 -1.4384e-17
3.175 3.0396e-16 -1.51228e-17
3.18 3.18312e-16 -1.58982e-17
3.185 3.33317e-16 -1.6712e-17
3.19 3.49003e-16 -1.75659e-17
3.195 3.65399e-16 -1.84619e-17
3.2 3.82538e-16 -1.9402e-17
3.205 4.0045e-16 -2.03883e-17
3.21 4.1917e-16 -2.14229e-17
3.215 4.38732e-16 -2.25082e-17
3.22 4.59174e-16 -2.36465e-17
3.225 4.80533e-16 -2.48403e-17
3.23 5.02848e-16 -2.60922e-17
3.235 5.26161e-16 -2.7405e-17
3.24 5.50515e-16 -2.87814e-17
3.245 5.75953e-16 -3.02245e-17
3.25 6.02524e-16 -3.17374e-17
3.255 6.30275e-16 -3.33233e-17
3.26 6.59256e-16 -3.49855e-17
3.265 6.89521e-16 -3.67278e-17
3.27 7.21123e-16 -3.85536e-17
3.275 7.5412e-16 -4.0467e-17
3.28 7.8857e-16 -4.24719e-17
3.285 8.24535e-16 -4.45726e-17
3.29 8.62079e-16 -4.67735e-17
3.295 9.01269e-16 -4.9079e-17
3.3 9.42175e-16 -5.14942e-17
3.305 9.84867e-16 -5.40238e-17
3.31 1.02942e-15 -5.66733e-17
3.315 1.07592e-15 -5.94479e-17
3.32 1.12443e-15 -6.23535e-17
3.325 1.17506e-15 -6.5396e-17
3.33 1.22788e-15 -6.85815e-17
3.335 1.28298e-15 -7.19166e-17
3.34 1.34046e-15 -7.54079e-17
3.345 1.40042e-15 -7.90626e-17
3.35 1.46297e-15 -8.28879e-17
3.355 1.5282e-15 -8.68916e-17
3.36 1.59623e-15 -9.10816e-17
3.365 1.66718e-15 -9.54663e-17
3.37 1.74116e-15 -1.00054e-16
3.375 1.81831e-15 -1.04855e-16
3.38 1.89874e-15 -1.09877e-16
3.385 1.9826e-15 -1.15131e-16
3.39 2.07002e-15 -1.20627e-16
3.395 2.16116e-15 -1.26376e-16
3.4 2.25615e-15 -1.32389e-16
3.405 2.35517e-15 -1.38677e-16
3.41 2.45837e-15 -1.45253e-16
3.415 2.56591e-15 -1.52129e-16
3.42 2.67799e-15 -1.59319e-16
3.425 2.79478e-15 -1.66836e-16
3.43 2.91647e-15 -1.74695e-16
3.435 3.04326e-15 -1.8291e-16
3.44 3.17536e-15 -1.91497e-16
3.445 3.31297e-15 -2.00472e-16
3.45 3.45633e-15 -2.09852e-16
3.455 3.60565e-15 -2.19655e-16
3.46 3.76118e-15 -2.29899e-16
3.465 3.92317e-15 -2.40603e-16
3.47 4.09187e-15 -2.51786e-16
3.475 4.26756e-15 -2.6347e-16
3.48 4.4505e-15 -2.75676e-16
3.485 4.64099e-15 -2.88427e-16
3.49 4.83932e-15 -3.01745e-16
3.495 5.04581e-15 -3.15655e-16
3.5 5.26078e-15 -3.30182e-16
3.505 5.48456e-15 -3.45352e-16
3.51 5.71751e-15 -3.61194e-16
3.515 5.95997e-15 -3.77735e-16
3.52 6.21232e-15 -3.95004e-16
3.525 6.47496e-15 -4.13034e-16
3.53 6.74828e-15 -4.31856e-16
3.535 7.0327e-15 -4.51503e-16
3.54 7.32866e-15 -4.7201e-16
3.545 7.6366e-15 -4.93413e-16
3.55 7.95699e-15 -5.15751e-16
3.555 8.29031e-15 -5.39061e-16
3.56 8.63706e-15 -5.63385e-16
3.565 8.99777e-15 -5.88764e-16
3.57 9.37297e-15 -6.15244e-16
3.575 9.76323e-15 -6.42869e-16
3.58 1.01691e-14 -6.71688e-16
3.585 1.05912e-14 -7.01749e-16
3.59 1.10302e-14 -7.33104e-16
3.595 1.14867e-14 -7.65807e-16
3.6 1.19614e-14 -7.99913e-16
3.605 1.24549e-14 -8.35481e-16
3.61 1.2968e-14 -8.72569e-16
3.615 1.35014e-14 -9.1124e-16
3.62 1.4056e-14 -9.5156e-16
3.625 1.46325e-14 -9.93595e-16
3.63 1.52317e-14 -1.03742e-15
3.635 1.58545e-14 -1.08309e-15
3.64 1.65018e-14 -1.13071e-15
3.645 1.71745e-14 -1.18033e-15
3.65 1.78736e-14 -1.23205e-15
3.655 1.86001e-14 -1.28595e-15
3.66 1.9355e-14 -1.34212e-15
3.665 2.01393e-14 -1.40064e-15
3.67 2.09542e-14 -1.46162e-15
3.675 2.18009e-14 -1.52515e-15
3.68 2.26804e-14 -1.59133e-15
3.685 2.35941e-14 -1.66027e-15
3.69 2.45431e-14 -1.73209e-15
3.695 2.55289e-14 -1.80689e-15
3.7 2.65527e-14 -1.8848e-15
3.705 2.76161e-14 -1.96593e-15
3.71 2.87204e-14 -2.05042e-15
3.715 2.98671e-14 -2.1384e-15
3.72 3.10579e-14 -2.23001e-15
3.725 3.22944e-14 -2.32538e-15
3.73 3.35781e-14 -2.42468e-15
3.735 3.4911e-14 -2.52805e-15
3.74 3.62947e-14 -2.63566e-15
3.745 3.77312e-14 -2.74767e-15
3.75 3.92223e-14 -2.86425e-15
3.755 4.07701e-14 -2.98558e-15
3.76 4.23766e-14 -3.11185e-15
3.765 4.4044e-14 -3.24325e-15
3.77 4.57745e-14 -3.37998e-15
3.775 4.75703e-14 -3.52225e-15
3.78 4.94339e-14 -3.67027e-15
3.785 5.13677e-14 -3.82426e-15
3.79 5.33742e-14 -3.98446e-15
3.795 5.54561e-14 -4.15111e-15
3.8 5.7616e-14 -4.32445e-15
3.805 5.98568e-14 -4.50474e-15
3.81 6.21814e-14 -4.69225e-15
3.815 6.45927e-14 -4.88725e-15
3.82 6.7094e-14 -5.09004e-15
3.825 6.96884e-14 -5.3009e-15
3.83 7.23792e-14 -5.52015e-15
3.835 7.51699e-14 -5.74811e-15
3.84 7.80641e-14 -5.98511e-15
3.845 8.10653e-14 -6.23149e-15
3.85 8.41775e-14 -6.48761e-15
3.855 8.74045e-14 -6.75384e-15
3.86 9.07504e-14 -7.03055e-15
3.865 9.42194e-14 -7.31814e-15
3.87 9.78159e-14 -7.61703e-15
3.875 1.01544e-13 -7.92763e-15
3.88 1.05409e-13 -8.25039e-15
3.885 1.09416e-13 -8.58577e-15
3.89 1.13569e-13 -8.93422e-15
3.895 1.17873e-13 -9.29626e-15
3.9 1.22334e-13 -9.67237e-15
3.905 1.26957e-13 -1.00631e-14
3.91 1.31749e-13 -1.04689e-14
3.915 1.36714e-13 -1.08905e-14
3.92 1.41858e-13 -1.13284e-14
3.925 1.47189e-13 -1.17831e-14
3.93 1.52713e-13 -1.22554e-14
3.935 1.58435e-13 -1.27458e-14
3.94 1.64364e-13 -1.32551e-14
3.945 1.70506e-13 -1.37838e-14
3.95 1.76868e-13 -1.43329e-14
3.955 1.83458e-13 -1.49028e-14
3.96 1.90285e-13 -1.54946e-14
3.965 1.97355e-13 -1.61089e-14
3.97 2.04678e-13 -1.67465e-14
3.975 2.12262e-13 -1.74083e-14
3.98 2.20116e-13 -1.80953e-14
3.985 2.2825e-13 -1.88082e-14
3.99 2.36672e-13 -1.95481e-14
3.995 2.45392e-13 -2.03159e-14
4 2.54422e-13 -2.11126e-14
4.005 2.6377e-13 -2.19393e-14
4.01 2.73448e-13 -2.2797e-14
4.015 2.83468e-13 -2.36869e-14
4.02 2.9384e-13 -2.461e-14
4.025 3.04577e-13 -2.55677e-14
4.03 3.15691e-13 -2.65612e-14
4.035 3.27194e-13 -2.75916e-14
4.04 3.39101e-13 -2.86603e-14
4.045 3.51423e-13 -2.97688e-14
4.05 3.64175e-13 -3.09183e-14
4.055 3.77372e-13 -3.21104e-14
4.06 3.91028e-13 -3.33466e-14
4.065 4.05159e-13 -3.46284e-14
4.07 4.1978e-13 -3.59574e-14
4.075 4.34909e-13 -3.73353e-14
4.08 4.5056e-13 -3.87639e-14
4.085 4.66753e-13 -4.02448e-14
4.09 4.83505e-13 -4.17799e-14
4.095 5.00834e-13 -4.33712e-14
4.1 5.1876e-13 -4.50206e-14
4.105 5.37302e-13 -4.673e-14
4.11 5.5648e-13 -4.85017e-14
4.115 5.76316e-13 -5.03378e-14
4.12 5.96831e-13 -5.22404e-14
4.125 6.18047e-13 -5.4212e-14
4.13 6.39987e-13 -5.62549e-14
4.135 6.62676e-13 -5.83716e-14
4.14 6.86136e-13 -6.05645e-14
4.145 7.10395e-13 -6.28364e-14
4.15 7.35476e-13 -6.51899e-14
4.155 7.61409e-13 -6.7628e-14
4.16 7.88219e-13 -7.01533e-14
4.165 8.15935e-13 -7.2769e-14
4.17 8.44588e-13 -7.54782e-14
4.175 8.74206e-13 -7.82839e-14
4.18 9.04822e-13 -8.11896e-14
4.185 9.36467e-13 -8.41986e-14
4.19 9.69175e-13 -8.73144e-14
4.195 1.00298e-12 -9.05406e-14
4.2 1.03792e-12 -9.38811e-14
4.205 1.07402e-12 -9.73396e-14
4.21 1.11133e-12 -1.0092e-13
4.215 1.14989e-12 -1.04627e-13
4.22 1.18973e-12 -1.08464e-13
4.225 1.23089e-12 -1.12436e-13
4.23 1.27342e-12 -1.16547e-13
4.235 1.31737e-12 -1.20802e-13
4.24 1.36276e-12 -1.25205e-13
4.245 1.40966e-12 -1.29763e-13
4.25 1.45811e-12 -1.34479e-13
4.255 1.50816e-12 -1.3936e-13
4.26 1.55986e-12 -1.4441e-13
4.265 1.61325e-12 -1.49635e-13
4.27 1.66841e-12 -1.55042e-13
4.275 1.72537e-12 -1.60635e-13
4.28 1.7842e-12 -1.66422e-13
4.285 1.84495e-12 -1.72408e-13
4.29 1.90769e-12 -1.786e-13
4.295 1.97248e-12 -1.85005e-13
4.3 2.03937e-12 -1.9163e-13
4.305 2.10845e-12 -1.98482e-13
4.31 2.17977e-12 -2.05569e-13
4.315 2.25341e-12 -2.12898e-13
4.32 2.32943e-12 -2.20477e-13
4.325 2.40792e-12 -2.28314e-13
4.33 2.48894e-12 -2.36418e-13
4.335 2.57258e-12 -2.44797e-13
4.34 2.65892e-12 -2.53461e-13
4.345 2.74804e-12 -2.62418e-13
4.35 2.84002e-12 -2.71677e-13
4.355 2.93496e-12 -2.8125e-13
4.36 3.03295e-12 -2.91145e-13
4.365 3.13407e-12 -3.01374e-13
4.37 3.23843e-12 -3.11946e-13
4.375 3.34612e-12 -3.22873e-13
4.38 3.45725e-12 -3.34166e-13
4.385 3.57192e-12 -3.45838e-13
4.39 3.69024e-12 -3.57899e-13
4.395 3.81232e-12 -3.70363e-13
4.4 3.93827e-12 -3.83242e-13
4.405 4.06822e-12 -3.9655e-13
4.41 4.20228e-12 -4.103e-13
4.415 4.34058e-12 -4.24506e-13
4.42 4.48325e-12 -4.39182e-13
4.425 4.63041e-12 -4.54344e-13
4.43 4.78221e-12 -4.70007e-13
4.435 4.93879e-12 -4.86186e-13
4.44 5.10028e-12 -5.02898e-13
4.445 5.26684e-12 -5.20159e-13
4.45 5.43861e-12 -5.37987e-13
4.455 5.61576e-12 -5.56399e-13
4.46 5.79845e-12 -5.75415e-13
4.465 5.98683e-12 -5.95051e-13
4.47 6.18109e-12 -6.15329e-13
4.475 6.38139e-12 -6.36268e-13
4.48 6.58792e-12 -6.57888e-13
4.485 6.80086e-12 -6.8021e-13
4.49 7.0204e-12 -7.03257e-13
4.495 7.24674e-12 -7.27051e-13
4.5 7.48008e-12 -7.51615e-13
4.505 7.72063e-12 -7.76972e-13
4.51 7.96859e-12 -8.03147e-13
4.515 8.2242e-12 -8.30166e-13
4.52 8.48767e-12 -8.58053e-13
4.525 8.75923e-12 -8.86836e-13
4.53 9.03912e-12 -9.16543e-13
4.535 9.3276e-12 -9.47201e-13
4.54 9.6249e-12 -9.78839e-13
4.545 9.93129e-12 -1.01149e-12
4.55 1.0247e-11 -1.04518e-12
4.555 1.05724e-11 -1.07994e-12
4.56 1.09077e-11 -1.11581e-12
4.565 1.12532e-11 -1.15282e-12
4.57 1.16091e-11 -1.191e-12
4.575 1.19759e-11 -1.23038e-12
4.58 1.23538e-11 -1.27102e-12
4.585 1.27431e-11 -1.31294e-12
4.59 1.31442e-11 -1.35617e-12
4.595 1.35573e-11 -1.40077e-12
4.6 1.3983e-11 -1.44678e-12
4.605 1.44214e-11 -1.49422e-12
4.61 1.4873e-11 -1.54315e-12
4.615 1.53382e-11 -1.59362e-12
4.62 1.58174e-11 -1.64566e-12
4.625 1.63109e-11 -1.69932e-12
4.63 1.68191e-11 -1.75466e-12
4.635 1.73425e-11 -1.81172e-12
4.64 1.78816e-11 -1.87056e-12
4.645 1.84367e-11 -1.93122e-12
4.65 1.90084e-11 -1.99375e-12
4.655 1.9597e-11 -2.05823e-12
4.66 2.02031e-11 -2.1247e-12
4.665 2.08272e-11 -2.19321e-12
4.67 2.14697e-11 -2.26384e-12
4.675 2.21313e-11 -2.33665e-12
4.68 2.28124e-11 -2.41168e-12
4.685 2.35136e-11 -2.48903e-12
4.69 2.42355e-11 -2.56874e-12
4.695 2.49786e-11 -2.65089e-12
4.7 2.57435e-11 -2.73555e-12
4.705 2.65309e-11 -2.82279e-12
4.71 2.73414e-11 -2.9127e-12
4.715 2.81757e-11 -3.00533e-12
4.72 2.90343e-11 -3.10079e-12
4.725 2.9918e-11 -3.19914e-12
4.73 3.08275e-11 -3.30046e-12
4.735 3.17634e-11 -3.40486e-12
4.74 3.27267e-11 -3.51241e-12
4.745 3.37179e-11 -3.6232e-12
4.75 3.47379e-11 -3.73733e-12
4.755 3.57874e-11 -3.8549e-12
4.76 3.68674e-11 -3.976e-12
4.765 3.79786e-11 -4.10073e-12
4.77 3.91219e-11 -4.2292e-12
4.775 4.02981e-11 -4.36151e-12
4.78 4.15083e-11 -4.49778e-12
4.785 4.27533e-11 -4.63811e-12
4.79 4.40341e-11 -4.78263e-12
4.795 4.53516e-11 -4.93144e-12
4.8 4.67069e-11 -5.08468e-12
4.805 4.81011e-11 -5.24246e-12
4.81 4.95351e-11 -5.40492e-12
4.815 5.10101e-11 -5.57219e-12
4.82 5.25272e-11 -5.7444e-12
4.825 5.40875e-11 -5.9217e-12
4.83 5.56922e-11 -6.10421e-12
4.835 5.73425e-11 -6.2921e-12
4.84 5.90397e-11 -6.48552e-12
4.845 6.0785e-11 -6.68461e-12
4.85 6.25798e-11 -6.88953e-12
4.855 6.44254e-11 -7.10045e-12
4.86 6.63231e-11 -7.31754e-12
4.865 6.82743e-11 -7.54096e-12
4.87 7.02805e-11 -7.7709e-12
4.875 7.23433e-11 -8.00753e-12
4.88 7.4464e-11 -8.25104e-12
4.885 7.66443e-11 -8.50162e-12
4.89 7.88858e-11 -8.75947e-12
4.895 8.119e-11 -9.02478e-12
4.9 8.35588e-11 -9.29776e-12
4.905 8.59937e-11 -9.57862e-12
4.91 8.84966e-11 -9.86758e-12
4.915 9.10693e-11 -1.01649e-11
4.92 9.37137e-11 -1.04707e-11
4.925 9.64316e-11 -1.07853e-11
4.93 9.9225e-11 -1.1109e-11
4.935 1.02096e-10 -1.14419e-11
4.94 1.05046e-10 -1.17843e-11
4.945 1.08079e-10 -1.21365e-11
4.95 1.11195e-10 -1.24988e-11
4.955 1.14397e-10 -1.28714e-11
4.96 1.17687e-10 -1.32545e-11
4.965 1.21068e-10 -1.36486e-11
4.97 1.24542e-10 -1.40538e-11
4.975 1.28112e-10 -1.44706e-11
4.98 1.31779e-10 -1.48991e-11
4.985 1.35548e-10 -1.53397e-11
4.99 1.39419e-10 -1.57928e-11
4.995 1.43396e-10 -1.62587e-11
5 1.47482e-10 -1.67376e-11
5.005 1.51679e-10 -1.723e-11
5.01 1.55991e-10 -1.77363e-11
5.015 1.6042e-10 -1.82567e-11
5.02 1.6497e-10 -1.87917e-11
5.025 1.69643e-10 -1.93417e-11
5.03 1.74443e-10 -1.9907e-11
5.035 1.79373e-10 -2.04881e-11
5.04 1.84436e-10 -2.10854e-11
5.045 1.89636e-10 -2.16992e-11
5.05 1.94977e-10 -2.23302e-11
5.055 2.00462e-10 -2.29786e-11
5.06 2.06094e-10 -2.3645e-11
5.065 2.11878e-10 -2.43299e-11
5.07 2.17818e-10 -2.50336e-11
5.075 2.23917e-10 -2.57568e-11
5.08 2.30179e-10 -2.64999e-11
5.085 2.36609e-10 -2.72635e-11
5.09 2.43211e-10 -2.80481e-11
5.095 2.49989e-10 -2.88542e-11
5.1 2.56948e-10 -2.96824e-11
5.105 2.64093e-10 -3.05332e-11
5.11 2.71428e-10 -3.14074e-11
5.115 2.78958e-10 -3.23054e-11
5.12 2.86688e-10 -3.32279e-11
5.125 2.94623e-10 -3.41755e-11
5.13 3.02768e-10 -3.51489e-11
5.135 3.11129e-10 -3.61488e-11
5.14 3.19711e-10 -3.71757e-11
5.145 3.2852e-10 -3.82306e-11
5.15 3.3756e-10 -3.93139e-11
5.155 3.46839e-10 -4.04265e-11
5.16 3.56363e-10 -4.15692e-11
5.165 3.66136e-10 -4.27427e-11
5.17 3.76166e-10 -4.39477e-11
5.175 3.86459e-10 -4.51852e-11
5.18 3.97022e-10 -4.64559e-11
5.185 4.07861e-10 -4.77606e-11
5.19 4.18983e-10 -4.91004e-11
5.195 4.30395e-10 -5.04759e-11
5.2 4.42105e-10 -5.18882e-11
5.205 4.5412e-10 -5.33382e-11
5.21 4.66447e-10 -5.48268e-11
5.215 4.79095e-10 -5.6355e-11
5.22 4.92071e-10 -5.79239e-11
5.225 5.05383e-10 -5.95344e-11
5.23 5.1904e-10 -6.11876e-11
5.235 5.3305e-10 -6.28845e-11
5.24 5.47422e-10 -6.46264e-11
5.245 5.62165e-10 -6.64142e-11
5.25 5.77288e-10 -6.82492e-11
5.255 5.928e-10 -7.01326e-11
5.26 6.08711e-10 -7.20655e-11
5.265 6.25031e-10 -7.40492e-11
5.27 6.41769e-10 -7.60849e-11
5.275 6.58936e-10 -7.8174e-11
5.28 6.76543e-10 -8.03178e-11
5.285 6.94599e-10 -8.25176e-11
5.29 7.13117e-10 -8.47749e-11
5.295 7.32108e-10 -8.7091e-11
5.3 7.51582e-10 -8.94675e-11
5.305 7.71551e-10 -9.19058e-11
5.31 7.92029e-10 -9.44074e-11
5.315 8.13026e-10 -9.69739e-11
5.32 8.34556e-10 -9.9607e-11
5.325 8.56631e-10 -1.02308e-10
5.33 8.79265e-10 -1.05079e-10
5.335 9.02471e-10 -1.07922e-10
5.34 9.26264e-10 -1.10838e-10
5.345 9.50656e-10 -1.13829e-10
5.35 9.75662e-10 -1.16897e-10
5.355 1.0013e-09 -1.20043e-10
5.36 1.02758e-09 -1.23271e-10
5.365 1.05452e-09 -1.26581e-10
5.37 1.08213e-09 -1.29976e-10
5.375 1.11044e-09 -1.33457e-10
5.38 1.13946e-09 -1.37028e-10
5.385 1.1692e-09 -1.40689e-10
5.39 1.19968e-09 -1.44444e-10
5.395 1.23092e-09 -1.48295e-10
5.4 1.26295e-09 -1.52243e-10
5.405 1.29576e-09 -1.56291e-10
5.41 1.3294e-09 -1.60442e-10
5.415 1.36387e-09 -1.64698e-10
5.42 1.39919e-09 -1.69061e-10
5.425 1.43539e-09 -1.73535e-10
5.43 1.47249e-09 -1.78122e-10
5.435 1.5105e-09 -1.82824e-10
5.44 1.54945e-09 -1.87644e-10
5.445 1.58936e-09 -1.92586e-10
5.45 1.63025e-09 -1.97651e-10
5.455 1.67215e-09 -2.02843e-10
5.46 1.71508e-09 -2.08166e-10
5.465 1.75906e-09 -2.13621e-10
5.47 1.80412e-09 -2.19213e-10
5.475 1.85029e-09 -2.24944e-10
5.48 1.89758e-09 -2.30818e-10
5.485 1.94603e-09 -2.36838e-10
5.49 1.99566e-09 -2.43008e-10
5.495 2.04651e-09 -2.4933e-10
5.5 2.09859e-09 -2.5581e-10
5.505 2.15194e-09 -2.6245e-10
5.51 2.20659e-09 -2.69254e-10
5.515 2.26256e-09 -2.76226e-10
5.52 2.31989e-09 -2.8337e-10
5.525 2.37861e-09 -2.90691e-10
5.53 2.43875e-09 -2.98191e-10
5.535 2.50034e-09 -3.05876e-10
5.54 2.56342e-09 -3.13749e-10
5.545 2.62802e-09 -3.21816e-10
5.55 2.69418e-09 -3.3008e-10
5.555 2.76193e-09 -3.38546e-10
5.56 2.83131e-09 -3.47219e-10
5.565 2.90235e-09 -3.56104e-10
5.57 2.9751e-09 -3.65205e-10
5.575 3.04959e-09 -3.74528e-10
5.58 3.12586e-09 -3.84078e-10
5.585 3.20396e-09 -3.9386e-10
5.59 3.28392e-09 -4.03878e-10
5.595 3.36579e-09 -4.1414e-10
5.6 3.44961e-09 -4.2465e-10
5.605 3.53542e-09 -4.35414e-10
5.61 3.62328e-09 -4.46438e-10
5.615 3.71322e-09 -4.57727e-10
5.62 3.80529e-09 -4.69289e-10
5.625 3.89955e-09 -4.81129e-10
5.63 3.99604e-09 -4.93253e-10
5.635 4.09481e-09 -5.05668e-10
5.64 4.19591e-09 -5.18381e-10
5.645 4.29939e-09 -5.31398e-10
5.65 4.40532e-09 -5.44727e-10
5.655 4.51374e-09 -5.58374e-10
5.66 4.62471e-09 -5.72346e-10
5.665 4.73828e-09 -5.86652e-10
5.67 4.85452e-09 -6.01298e-10
5.675 4.97349e-09 -6.16292e-10
5.68 5.09524e-09 -6.31642e-10
5.685 5.21984e-09 -6.47357e-10
5.69 5.34734e-09 -6.63443e-10
5.695 5.47783e-09 -6.79911e-10
5.7 5.61135e-09 -6.96767e-10
5.705 5.74799e-09 -7.14022e-10
5.71 5.8878e-09 -7.31683e-10
5.715 6.03086e-09 -7.4976e-10
5.72 6.17725e-09 -7.68263e-10
5.725 6.32702e-09 -7.872e-10
5.73 6.48027e-09 -8.06582e-10
5.735 6.63706e-09 -8.26418e-10
5.74 6.79747e-09 -8.46719e-10
5.745 6.96159e-09 -8.67495e-10
5.75 7.12949e-09 -8.88756e-10
5.755 7.30126e-09 -9.10513e-10
5.76 7.47698e-09 -9.32777e-10
5.765 7.65674e-09 -9.55559e-10
5.77 7.84063e-09 -9.78871e-10
5.775 8.02874e-09 -1.00272e-09
5.78 8.22115e-09 -1.02713e-09
5.785 8.41797e-09 -1.0521e-09
5.79 8.61929e-09 -1.07765e-09
5.795 8.82521e-09 -1.1038e-09
5.8 9.03582e-09 -1.13054e-09
5.805 9.25123e-09 -1.1579e-09
5.81 9.47155e-09 -1.1859e-09
5.815 9.69688e-09 -1.21453e-09
5.82 9.92732e-09 -1.24383e-09
5.825 1.0163e-08 -1.27379e-09
5.83 1.0404e-08 -1.30445e-09
5.835 1.06505e-08 -1.33581e-09
5.84 1.09025e-08 -1.36788e-09
5.845 1.11603e-08 -1.40069e-09
5.85 1.14238e-08 -1.43424e-09
5.855 1.16933e-08 -1.46856e-09
5.86 1.19689e-08 -1.50367e-09
5.865 1.22507e-08 -1.53957e-09
5.87 1.25388e-08 -1.57629e-09
5.875 1.28333e-08 -1.61384e-09
5.88 1.31345e-08 -1.65224e-09
5.885 1.34424e-08 -1.69151e-09
5.89 1.37573e-08 -1.73167e-09
5.895 1.40791e-08 -1.77274e-09
5.9 1.44081e-08 -1.81474e-09
5.905 1.47445e-08 -1.85768e-09
5.91 1.50884e-08 -1.90159e-09
5.915 1.54399e-08 -1.94649e-09
5.92 1.57993e-08 -1.99239e-09
5.925 1.61666e-08 -2.03933e-09
5.93 1.65421e-08 -2.08732e-09
5.935 1.69259e-08 -2.13638e-09
5.94 1.73181e-08 -2.18654e-09
5.945 1.77191e-08 -2.23782e-09
5.95 1.81289e-08 -2.29024e-09
5.955 1.85478e-08 -2.34384e-09
5.96 1.89759e-08 -2.39862e-09
5.965 1.94134e-08 -2.45463e-09
5.97 1.98606e-08 -2.51188e-09
5.975 2.03176e-08 -2.5704e-09
5.98 2.07846e-08 -2.63022e-09
5.985 2.12619e-08 -2.69136e-09
5.99 2.17496e-08 -2.75385e-09
5.995 2.2248e-08 -2.81773e-09
6 2.27573e-08 -2.88301e-09
6.005 2.32777e-08 -2.94974e-09
6.01 2.38094e-08 -3.01793e-09
6.015 2.43528e-08 -3.08762e-09
6.02 2.4908e-08 -3.15885e-09
6.025 2.54752e-08 -3.23164e-09
6.03 2.60548e-08 -3.30602e-09
6.035 2.66469e-08 -3.38203e-09
6.04 2.72519e-08 -3.4597e-09
6.045 2.787e-08 -3.53907e-09
6.05 2.85014e-08 -3.62018e-09
6.055 2.91465e-08 -3.70305e-09
6.06 2.98056e-08 -3.78772e-09
6.065 3.04788e-08 -3.87424e-09
6.07 3.11665e-08 -3.96264e-09
6.075 3.18691e-08 -4.05295e-09
6.08 3.25867e-08 -4.14523e-09
6.085 3.33197e-08 -4.2395e-09
6.09 3.40685e-08 -4.33581e-09
6.095 3.48333e-08 -4.4342e-09
6.1 3.56145e-08 -4.53472e-09
6.105 3.64124e-08 -4.6374e-09
6.11 3.72273e-08 -4.74229e-09
6.115 3.80597e-08 -4.84944e-09
6.12 3.89097e-08 -4.9589e-09
6.125 3.97779e-08 -5.0707e-09
6.13 4.06645e-08 -5.1849e-09
6.135 4.157e-08 -5.30154e-09
6.14 4.24947e-08 -5.42068e-09
6.145 4.3439e-08 -5.54237e-09
6.15 4.44033e-08 -5.66666e-09
6.155 4.5388e-08 -5.79359e-09
6.16 4.63936e-08 -5.92323e-09
6.165 4.74203e-08 -6.05563e-09
6.17 4.84688e-08 -6.19084e-09
6.175 4.95393e-08 -6.32892e-09
6.18 5.06323e-08 -6.46993e-09
6.185 5.17484e-08 -6.61393e-09
6.19 5.28878e-08 -6.76098e-09
6.195 5.40512e-08 -6.91113e-09
6.2 5.5239e-08 -7.06446e-09
6.205 5.64517e-08 -7.22102e-09
6.21 5.76897e-08 -7.38087e-09
6.215 5.89536e-08 -7.54409e-09
6.22 6.02439e-08 -7.71075e-09
6.225 6.15611e-08 -7.8809e-09
6.23 6.29057e-08 -8.05462e-09
6.235 6.42783e-08 -8.23199e-09
6.24 6.56795e-08 -8.41306e-09
6.245 6.71098e-08 -8.59793e-09
6.25 6.85697e-08 -8.78665e-09
6.255 7.00599e-08 -8.97931e-09
6.26 7.15809e-08 -9.17599e-09
6.265 7.31334e-08 -9.37676e-09
6.27 7.4718e-08 -9.58171e-09
6.275 7.63353e-08 -9.79092e-09
6.28 7.79859e-08 -1.00045e-08
6.285 7.96706e-08 -1.02224e-08
6.29 8.13899e-08 -1.04449e-08
6.295 8.31445e-08 -1.0672e-08
6.3 8.49351e-08 -1.09038e-08
6.305 8.67625e-08 -1.11404e-08
6.31 8.86274e-08 -1.13818e-08
6.315 9.05304e-08 -1.16282e-08
6.32 9.24723e-08 -1.18797e-08
6.325 9.44539e-08 -1.21364e-08
6.33 9.6476e-08 -1.23983e-08
6.335 9.85392e-08 -1.26656e-08
6.34 1.00645e-07 -1.29384e-08
6.345 1.02793e-07 -1.32168e-08
6.35 1.04984e-07 -1.35008e-08
6.355 1.07221e-07 -1.37907e-08
6.36 1.09502e-07 -1.40864e-08
6.365 1.1183e-07 -1.43882e-08
6.37 1.14205e-07 -1.46962e-08
6.375 1.16628e-07 -1.50104e-08
6.38 1.191e-07 -1.53309e-08
6.385 1.21622e-07 -1.5658e-08
6.39 1.24194e-07 -1.59917e-08
6.395 1.26819e-07 -1.63322e-08
6.4 1.29496e-07 -1.66796e-08
6.405 1.32227e-07 -1.70339e-08
6.41 1.35013e-07 -1.73955e-08
6.415 1.37855e-07 -1.77643e-08
6.42 1.40753e-07 -1.81405e-08
6.425 1.4371e-07 -1.85244e-08
6.43 1.46726e-07 -1.89159e-08
6.435 1.49802e-07 -1.93153e-08
6.44 1.52939e-07 -1.97227e-08
6.445 1.56139e-07 -2.01382e-08
6.45 1.59403e-07 -2.05621e-08
6.455 1.62731e-07 -2.09945e-08
6.46 1.66126e-07 -2.14355e-08
6.465 1.69588e-07 -2.18853e-08
6.47 1.73119e-07 -2.2344e-08
6.475 1.76719e-07 -2.28119e-08
6.48 1.80391e-07 -2.32891e-08
6.485 1.84136e-07 -2.37758e-08
6.49 1.87954e-07 -2.42721e-08
6.495 1.91848e-07 -2.47783e-08
6.5 1.95818e-07 -2.52945e-08
6.505 1.99867e-07 -2.58209e-08
6.51 2.03995e-07 -2.63577e-08
6.515 2.08205e-07 -2.69051e-08
6.52 2.12497e-07 -2.74633e-08
6.525 2.16873e-07 -2.80325e-08
6.53 2.21335e-07 -2.86129e-08
6.535 2.25884e-07 -2.92047e-08
6.54 2.30522e-07 -2.98081e-08
6.545 2.35251e-07 -3.04234e-08
6.55 2.40072e-07 -3.10507e-08
6.555 2.44987e-07 -3.16903e-08
6.56 2.49998e-07 -3.23424e-08
6.565 2.55106e-07 -3.30073e-08
6.57 2.60313e-07 -3.36851e-08
6.575 2.65622e-07 -3.43761e-08
6.58 2.71033e-07 -3.50806e-08
6.585 2.76549e-07 -3.57988e-08
6.59 2.82172e-07 -3.6531e-08
6.595 2.87904e-07 -3.72774e-08
6.6 2.93746e-07 -3.80382e-08
6.605 2.99701e-07 -3.88138e-08
6.61 3.05771e-07 -3.96044e-08
6.615 3.11958e-07 -4.04103e-08
6.62 3.18264e-07 -4.12317e-08
6.625 3.2469e-07 -4.2069e-08
6.63 3.31241e-07 -4.29225e-08
6.635 3.37916e-07 -4.37923e-08
6.64 3.4472e-07 -4.46789e-08
6.645 3.51654e-07 -4.55825e-08
6.65 3.5872e-07 -4.65035e-08
6.655 3.65922e-07 -4.74421e-08
6.66 3.73261e-07 -4.83987e-08
6.665 3.80739e-07 -4.93736e-08
6.67 3.8836e-07 -5.03672e-08
6.675 3.96126e-07 -5.13797e-08
6.68 4.0404e-07 -5.24115e-08
6.685 4.12104e-07 -5.3463e-08
6.69 4.20321e-07 -5.45345e-08
6.695 4.28693e-07 -5.56263e-08
6.7 4.37224e-07 -5.67389e-08
6.705 4.45916e-07 -5.78727e-08
6.71 4.54772e-07 -5.90279e-08
6.715 4.63796e-07 -6.02049e-08
6.72 4.72989e-07 -6.14043e-08
6.725 4.82356e-07 -6.26263e-08
6.73 4.91899e-07 -6.38714e-08
6.735 5.01621e-07 -6.51399e-08
6.74 5.11526e-07 -6.64324e-08
6.745 5.21616e-07 -6.77492e-08
6.75 5.31895e-07 -6.90907e-08
6.755 5.42367e-07 -7.04574e-08
6.76 5.53035e-07 -7.18498e-08
6.765 5.63902e-07 -7.32682e-08
6.77 5.74972e-07 -7.47133e-08
6.775 5.86248e-07 -7.61853e-08
6.78 5.97734e-07 -7.76849e-08
6.785 6.09434e-07 -7.92124e-08
6.79 6.21351e-07 -8.07684e-08
6.795 6.33489e-07 -8.23534e-08
6.8 6.45853e-07 -8.39679e-08
6.805 6.58446e-07 -8.56124e-08
6.81 6.71272e-07 -8.72875e-08
6.815 6.84335e-07 -8.89936e-08
6.82 6.97639e-07 -9.07313e-08
6.825 7.11189e-07 -9.25012e-08
6.83 7.24989e-07 -9.43038e-08
6.835 7.39043e-07 -9.61398e-08
6.84 7.53355e-07 -9.80096e-08
6.845 7.67931e-07 -9.99139e-08
6.85 7.82774e-07 -1.01853e-07
6.855 7.97889e-07 -1.03828e-07
6.86 8.13282e-07 -1.0584e-07
6.865 8.28956e-07 -1.07888e-07
6.87 8.44917e-07 -1.09974e-07
6.875 8.6117e-07 -1.12098e-07
6.88 8.77719e-07 -1.14261e-07
6.885 8.9457e-07 -1.16463e-07
6.89 9.11728e-07 -1.18706e-07
6.895 9.29199e-07 -1.2099e-07
6.9 9.46987e-07 -1.23315e-07
6.905 9.65098e-07 -1.25683e-07
6.91 9.83537e-07 -1.28093e-07
6.915 1.00231e-06 -1.30548e-07
6.92 1.02142e-06 -1.33047e-07
6.925 1.04088e-06 -1.35591e-07
6.93 1.0607e-06 -1.38182e-07
6.935 1.08086e-06 -1.40819e-07
6.94 1.1014e-06 -1.43504e-07
6.945 1.1223e-06 -1.46238e-07
6.95 1.14358e-06 -1.49021e-07
6.955 1.16524e-06 -1.51854e-07
6.96 1.18729e-06 -1.54738e-07
6.965 1.20974e-06 -1.57674e-07
6.97 1.23259e-06 -1.60663e-07
6.975 1.25584e-06 -1.63705e-07
6.98 1.27952e-06 -1.66802e-07
6.985 1.30361e-06 -1.69955e-07
6.99 1.32814e-06 -1.73164e-07
6.995 1.35311e-06 -1.7643e-07
7 1.37852e-06 -1.79755e-07
7.005 1.40438e-06 -1.83139e-07
7.01 1.4307e-06 -1.86583e-07
7.015 1.45749e-06 -1.90089e-07
7.02 1.48476e-06 -1.93657e-07
7.025 1.51251e-06 -1.97288e-07
7.03 1.54075e-06 -2.00984e-07
7.035 1.56949e-06 -2.04746e-07
7.04 1.59874e-06 -2.08574e-07
7.045 1.6285e-06 -2.1247e-07
7.05 1.65879e-06 -2.16435e-07
7.055 1.68962e-06 -2.20469e-07
7.06 1.72098e-06 -2.24575e-07
7.065 1.7529e-06 -2.28754e-07
7.07 1.78538e-06 -2.33006e-07
7.075 1.81843e-06 -2.37333e-07
7.08 1.85206e-06 -2.41736e-07
7.085 1.88628e-06 -2.46216e-07
7.09 1.9211e-06 -2.50775e-07
7.095 1.95652e-06 -2.55413e-07
7.1 1.99257e-06 -2.60133e-07
7.105 2.02924e-06 -2.64936e-07
7.11 2.06656e-06 -2.69822e-07
7.115 2.10452e-06 -2.74794e-07
7.12 2.14315e-06 -2.79852e-07
7.125 2.18244e-06 -2.84998e-07
7.13 2.22242e-06 -2.90234e-07
7.135 2.26309e-06 -2.95561e-07
7.14 2.30447e-06 -3.00981e-07
7.145 2.34656e-06 -3.06494e-07
7.15 2.38939e-06 -3.12103e-07
7.155 2.43295e-06 -3.17809e-07
7.16 2.47726e-06 -3.23614e-07
7.165 2.52234e-06 -3.29519e-07
7.17 2.56819e-06 -3.35527e-07
7.175 2.61484e-06 -3.41637e-07
7.18 2.66228e-06 -3.47853e-07
7.185 2.71054e-06 -3.54176e-07
7.19 2.75963e-06 -3.60608e-07
7.195 2.80956e-06 -3.6715e-07
7.2 2.86035e-06 -3.73804e-07
7.205 2.912e-06 -3.80572e-07
7.21 2.96454e-06 -3.87457e-07
7.215 3.01797e-06 -3.94459e-07
7.22 3.07232e-06 -4.0158e-07
7.225 3.12759e-06 -4.08824e-07
7.23 3.1838e-06 -4.1619e-07
7.235 3.24097e-06 -4.23683e-07
7.24 3.29911e-06 -4.31302e-07
7.245 3.35824e-06 -4.39052e-07
7.25 3.41837e-06 -4.46933e-07
7.255 3.47952e-06 -4.54948e-07
7.26 3.5417e-06 -4.63098e-07
7.265 3.60494e-06 -4.71387e-07
7.27 3.66924e-06 -4.79816e-07
7.275 3.73463e-06 -4.88387e-07
7.28 3.80112e-06 -4.97103e-07
7.285 3.86873e-06 -5.05966e-07
7.29 3.93748e-06 -5.14978e-07
7.295 4.00738e-06 -5.24143e-07
7.3 4.07846e-06 -5.33461e-07
7.305 4.15073e-06 -5.42936e-07
7.31 4.22421e-06 -5.52569e-07
7.315 4.29892e-06 -5.62365e-07
7.32 4.37488e-06 -5.72324e-07
7.325 4.45211e-06 -5.8245e-07
7.33 4.53062e-06 -5.92745e-07
7.335 4.61045e-06 -6.03213e-07
7.34 4.69161e-06 -6.13854e-07
7.345 4.77411e-06 -6.24674e-07
7.35 4.85799e-06 -6.35673e-07
7.355 4.94327e-06 -6.46855e-07
7.36 5.02995e-06 -6.58223e-07
7.365 5.11808e-06 -6.6978e-07
7.37 5.20766e-06 -6.81529e-07
7.375 5.29873e-06 -6.93472e-07
7.38 5.3913e-06 -7.05613e-07
7.385 5.4854e-06 -7.17954e-07
7.39 5.58105e-06 -7.30499e-07
7.395 5.67828e-06 -7.43252e-07
7.4 5.7771e-06 -7.56214e-07
7.405 5.87756e-06 -7.6939e-07
7.41 5.97966e-06 -7.82783e-07
7.415 6.08344e-06 -7.96396e-07
7.42 6.18892e-06 -8.10233e-07
7.425 6.29613e-06 -8.24296e-07
7.43 6.40509e-06 -8.3859e-07
7.435 6.51584e-06 -8.53118e-07
7.44 6.62839e-06 -8.67883e-07
7.445 6.74278e-06 -8.8289e-07
7.45 6.85904e-06 -8.98141e-07
7.455 6.97719e-06 -9.13641e-07
7.46 7.09726e-06 -9.29394e-07
7.465 7.21928e-06 -9.45403e-07
7.47 7.34328e-06 -9.61672e-07
7.475 7.46929e-06 -9.78206e-07
7.48 7.59735e-06 -9.95007e-07
7.485 7.72748e-06 -1.01208e-06
7.49 7.85971e-06 -1.02943e-06
7.495 7.99408e-06 -1.04706e-06
7.5 8.13062e-06 -1.06498e-06
7.505 8.26936e-06 -1.08318e-06
7.51 8.41033e-06 -1.10168e-06
7.515 8.55358e-06 -1.12048e-06
7.52 8.69912e-06 -1.13958e-06
7.525 8.84701e-06 -1.15899e-06
7.53 8.99726e-06 -1.1787e-06
7.535 9.14993e-06 -1.19874e-06
7.54 9.30504e-06 -1.21909e-06
7.545 9.46263e-06 -1.23978e-06
7.55 9.62274e-06 -1.26079e-06
7.555 9.78541e-06 -1.28214e-06
7.56 9.95067e-06 -1.30383e-06
7.565 1.01186e-05 -1.32586e-06
7.57 1.02891e-05 -1.34825e-06
7.575 1.04624e-05 -1.37099e-06
7.58 1.06384e-05 -1.3941e-06
7.585 1.08173e-05 -1.41757e-06
7.59 1.09989e-05 -1.44141e-06
7.595 1.11835e-05 -1.46563e-06
7.6 1.13709e-05 -1.49024e-06
7.605 1.15613e-05 -1.51524e-06
7.61 1.17548e-05 -1.54063e-06
7.615 1.19513e-05 -1.56642e-06
7.62 1.21508e-05 -1.59262e-06
7.625 1.23536e-05 -1.61923e-06
7.63 1.25595e-05 -1.64626e-06
7.635 1.27686e-05 -1.67371e-06
7.64 1.29811e-05 -1.7016e-06
7.645 1.31968e-05 -1.72993e-06
7.65 1.3416e-05 -1.7587e-06
7.655 1.36385e-05 -1.78792e-06
7.66 1.38646e-05 -1.81759e-06
7.665 1.40942e-05 -1.84774e-06
7.67 1.43274e-05 -1.87835e-06
7.675 1.45642e-05 -1.90944e-06
7.68 1.48047e-05 -1.94101e-06
7.685 1.50489e-05 -1.97308e-06
7.69 1.52969e-05 -2.00565e-06
7.695 1.55488e-05 -2.03872e-06
7.7 1.58046e-05 -2.0723e-06
7.705 1.60644e-05 -2.10641e-06
7.71 1.63281e-05 -2.14105e-06
7.715 1.6596e-05 -2.17622e-06
7.72 1.6868e-05 -2.21193e-06
7.725 1.71442e-05 -2.2482e-06
7.73 1.74247e-05 -2.28503e-06
7.735 1.77095e-05 -2.32242e-06
7.74 1.79986e-05 -2.36039e-06
7.745 1.82923e-05 -2.39895e-06
7.75 1.85904e-05 -2.4381e-06
7.755 1.88931e-05 -2.47785e-06
7.76 1.92004e-05 -2.51821e-06
7.765 1.95125e-05 -2.55919e-06
7.77 1.98293e-05 -2.60079e-06
7.775 2.0151e-05 -2.64304e-06
7.78 2.04776e-05 -2.68593e-06
7.785 2.08091e-05 -2.72947e-06
7.79 2.11457e-05 -2.77368e-06
7.795 2.14875e-05 -2.81856e-06
7.8 2.18344e-05 -2.86412e-06
7.805 2.21867e-05 -2.91038e-06
7.81 2.25442e-05 -2.95734e-06
7.815 2.29072e-05 -3.00501e-06
7.82 2.32757e-05 -3.05341e-06
7.825 2.36498e-05 -3.10254e-06
7.83 2.40295e-05 -3.15241e-06
7.835 2.44149e-05 -3.20304e-06
7.84 2.48062e-05 -3.25443e-06
7.845 2.52034e-05 -3.3066e-06
7.85 2.56066e-05 -3.35955e-06
7.855 2.60158e-05 -3.4133e-06
7.86 2.64312e-05 -3.46786e-06
7.865 2.68528e-05 -3.52324e-06
7.87 2.72807e-05 -3.57945e-06
7.875 2.77151e-05 -3.63651e-06
7.88 2.8156e-05 -3.69442e-06
7.885 2.86034e-05 -3.75319e-06
7.89 2.90576e-05 -3.81285e-06
7.895 2.95185e-05 -3.87339e-06
7.9 2.99863e-05 -3.93484e-06
7.905 3.04611e-05 -3.99721e-06
7.91 3.09429e-05 -4.0605e-06
7.915 3.14319e-05 -4.12474e-06
7.92 3.19282e-05 -4.18993e-06
7.925 3.24318e-05 -4.25609e-06
7.93 3.29429e-05 -4.32323e-06
7.935 3.34616e-05 -4.39137e-06
7.94 3.39879e-05 -4.46051e-06
7.945 3.45221e-05 -4.53068e-06
7.95 3.50641e-05 -4.60189e-06
7.955 3.56141e-05 -4.67414e-06
7.96 3.61722e-05 -4.74747e-06
7.965 3.67385e-05 -4.82187e-06
7.97 3.73132e-05 -4.89737e-06
7.975 3.78963e-05 -4.97397e-06
7.98 3.8488e-05 -5.05171e-06
7.985 3.90884e-05 -5.13058e-06
7.99 3.96975e-05 -5.21061e-06
7.995 4.03156e-05 -5.29181e-06
8 4.09427e-05 -5.3742e-06
8.005 4.15789e-05 -5.4578e-06
8.01 4.22245e-05 -5.54261e-06
8.015 4.28795e-05 -5.62866e-06
8.02 4.3544e-05 -5.71597e-06
8.025 4.42181e-05 -5.80455e-06
8.03 4.49021e-05 -5.89441e-06
8.035 4.5596e-05 -5.98559e-06
8.04 4.63e-05 -6.07808e-06
8.045 4.70142e-05 -6.17192e-06
8.05 4.77387e-05 -6.26711e-06
8.055 4.84737e-05 -6.36369e-06
8.06 4.92193e-05 -6.46166e-06
8.065 4.99757e-05 -6.56104e-06
8.07 5.07429e-05 -6.66186e-06
8.075 5.15213e-05 -6.76413e-06
8.08 5.23108e-05 -6.86788e-06
8.085 5.31117e-05 -6.97311e-06
8.09 5.39241e-05 -7.07986e-06
8.095 5.47482e-05 -7.18815e-06
8.1 5.55841e-05 -7.29798e-06
8.105 5.64319e-05 -7.40939e-06
8.11 5.72919e-05 -7.5224e-06
8.115 5.81642e-05 -7.63702e-06
8.12 5.90489e-05 -7.75327e-06
8.125 5.99462e-05 -7.87119e-06
8.13 6.08564e-05 -7.99079e-06
8.135 6.17795e-05 -8.11209e-06
8.14 6.27157e-05 -8.23512e-06
8.145 6.36652e-05 -8.3599e-06
8.15 6.46282e-05 -8.48644e-06
8.155 6.56049e-05 -8.61479e-06
8.16 6.65954e-05 -8.74495e-06
8.165 6.75999e-05 -8.87696e-06
8.17 6.86186e-05 -9.01083e-06
8.175 6.96517e-05 -9.1466e-06
8.18 7.06994e-05 -9.28428e-06
8.185 7.17618e-05 -9.4239e-06
8.19 7.28392e-05 -9.56549e-06
8.195 7.39318e-05 -9.70907e-06
8.2 7.50397e-05 -9.85468e-06
8.205 7.61632e-05 -1.00023e-05
8.21 7.73025e-05 -1.0152e-05
8.215 7.84577e-05 -1.03039e-05
8.22 7.9629e-05 -1.04578e-05
8.225 8.08168e-05 -1.06139e-05
8.23 8.20211e-05 -1.07722e-05
8.235 8.32423e-05 -1.09327e-05
8.24 8.44805e-05 -1.10954e-05
8.245 8.57359e-05 -1.12604e-05
8.25 8.70088e-05 -1.14277e-05
8.255 8.82994e-05 -1.15973e-05
8.26 8.96079e-05 -1.17693e-05
8.265 9.09346e-05 -1.19436e-05
8.27 9.22796e-05 -1.21204e-05
8.275 9.36433e-05 -1.22996e-05
8.28 9.50258e-05 -1.24814e-05
8.285 9.64275e-05 -1.26656e-05
8.29 9.78485e-05 -1.28523e-05
8.295 9.92891e-05 -1.30417e-05
8.3 0.00010075 -1.32336e-05
8.305 0.00010223 -1.34282e-05
8.31 0.000103731 -1.36255e-05
8.315 0.000105252 -1.38255e-05
8.32 0.000106795 -1.40282e-05
8.325 0.000108358 -1.42337e-05
8.33 0.000109943 -1.4442e-05
8.335 0.00011155 -1.46532e-05
8.34 0.000113179 -1.48673e-05
8.345 0.000114829 -1.50842e-05
8.35 0.000116503 -1.53042e-05
8.355 0.000118199 -1.55271e-05
8.36 0.000119918 -1.57531e-05
8.365 0.000121661 -1.59821e-05
8.37 0.000123427 -1.62143e-05
8.375 0.000125217 -1.64496e-05
8.38 0.000127032 -1.66881e-05
8.385 0.000128871 -1.69299e-05
8.39 0.000130735 -1.71749e-05
8.395 0.000132624 -1.74232e-05
8.4 0.000134539 -1.76749e-05
8.405 0.000136479 -1.793e-05
8.41 0.000138446 -1.81885e-05
8.415 0.000140439 -1.84505e-05
8.42 0.000142459 -1.8716e-05
8.425 0.000144506 -1.89851e-05
8.43 0.000146581 -1.92578e-05
8.435 0.000148683 -1.95342e-05
8.44 0.000150814 -1.98142e-05
8.445 0.000152973 -2.0098e-05
8.45 0.000155161 -2.03856e-05
8.455 0.000157378 -2.06771e-05
8.46 0.000159625 -2.09724e-05
8.465 0.000161902 -2.12717e-05
8.47 0.000164209 -2.1575e-05
8.475 0.000166547 -2.18823e-05
8.48 0.000168915 -2.21937e-05
8.485 0.000171316 -2.25092e-05
8.49 0.000173748 -2.28289e-05
8.495 0.000176212 -2.31529e-05
8.5 0.000178709 -2.34811e-05
8.505 0.000181239 -2.38137e-05
8.51 0.000183802 -2.41506e-05
8.515 0.000186399 -2.44921e-05
8.52 0.000189031 -2.4838e-05
8.525 0.000191697 -2.51884e-05
8.53 0.000194398 -2.55435e-05
8.535 0.000197135 -2.59033e-05
8.54 0.000199907 -2.62678e-05
8.545 0.000202716 -2.6637e-05
8.55 0.000205562 -2.70111e-05
8.555 0.000208445 -2.73901e-05
8.56 0.000211366 -2.77741e-05
8.565 0.000214325 -2.81631e-05
8.57 0.000217322 -2.85571e-05
8.575 0.000220359 -2.89563e-05
8.58 0.000223435 -2.93607e-05
8.585 0.000226551 -2.97704e-05
8.59 0.000229708 -3.01854e-05
8.595 0.000232905 -3.06057e-05
8.6 0.000236144 -3.10315e-05
8.605 0.000239425 -3.14629e-05
8.61 0.000242749 -3.18998e-05
8.615 0.000246115 -3.23424e-05
8.62 0.000249525 -3.27907e-05
8.625 0.000252979 -3.32448e-05
8.63 0.000256478 -3.37047e-05
8.635 0.000260022 -3.41706e-05
8.64 0.000263611 -3.46425e-05
8.645 0.000267246 -3.51204e-05
8.65 0.000270928 -3.56045e-05
8.655 0.000274658 -3.60948e-05
8.66 0.000278435 -3.65913e-05
8.665 0.00028226 -3.70942e-05
8.67 0.000286134 -3.76036e-05
8.675 0.000290058 -3.81195e-05
8.68 0.000294032 -3.86419e-05
8.685 0.000298057 -3.9171e-05
8.69 0.000302133 -3.97069e-05
8.695 0.00030626 -4.02496e-05
8.7 0.00031044 -4.07991e-05
8.705 0.000314674 -4.13557e-05
8.71 0.000318961 -4.19193e-05
8.715 0.000323302 -4.24901e-05
8.72 0.000327698 -4.3068e-05
8.725 0.00033215 -4.36533e-05
8.73 0.000336658 -4.4246e-05
8.735 0.000341223 -4.48462e-05
8.74 0.000345846 -4.54539e-05
8.745 0.000350526 -4.60693e-05
8.75 0.000355266 -4.66925e-05
8.755 0.000360065 -4.73235e-05
8.76 0.000364925 -4.79624e-05
8.765 0.000369845 -4.86093e-05
8.77 0.000374827 -4.92643e-05
8.775 0.000379872 -4.99275e-05
8.78 0.000384979 -5.05991e-05
8.785 0.000390151 -5.1279e-05
8.79 0.000395386 -5.19674e-05
8.795 0.000400688 -5.26644e-05
8.8 0.000406055 -5.337e-05
8.805 0.000411489 -5.40845e-05
8.81 0.00041699 -5.48078e-05
8.815 0.00042256 -5.55401e-05
8.82 0.000428199 -5.62815e-05
8.825 0.000433908 -5.70321e-05
8.83 0.000439687 -5.7792e-05
8.835 0.000445538 -5.85612e-05
8.84 0.000451461 -5.934e-05
8.845 0.000457458 -6.01284e-05
8.85 0.000463528 -6.09265e-05
8.855 0.000469673 -6.17345e-05
8.86 0.000475893 -6.25523e-05
8.865 0.00048219 -6.33803e-05
8.87 0.000488564 -6.42184e-05
8.875 0.000495017 -6.50668e-05
8.88 0.000501548 -6.59255e-05
8.885 0.00050816 -6.67948e-05
8.89 0.000514852 -6.76747e-05
8.895 0.000521626 -6.85654e-05
8.9 0.000528483 -6.94669e-05
8.905 0.000535423 -7.03795e-05
8.91 0.000542448 -7.13031e-05
8.915 0.000549558 -7.2238e-05
8.92 0.000556755 -7.31842e-05
8.925 0.000564038 -7.41419e-05
8.93 0.000571411 -7.51113e-05
8.935 0.000578872 -7.60924e-05
8.94 0.000586424 -7.70853e-05
8.945 0.000594067 -7.80903e-05
8.95 0.000601803 -7.91074e-05
8.955 0.000609631 -8.01367e-05
8.96 0.000617555 -8.11785e-05
8.965 0.000625573 -8.22328e-05
8.97 0.000633688 -8.32998e-05
8.975 0.0006419 -8.43796e-05
8.98 0.000650211 -8.54724e-05
8.985 0.000658622 -8.65783e-05
8.99 0.000667133 -8.76974e-05
8.995 0.000675746 -8.88299e-05
9 0.000684462 -8.9976e-05
9.005 0.000693282 -9.11357e-05
9.01 0.000702208 -9.23093e-05
9.015 0.000711239 -9.34969e-05
9.02 0.000720379 -9.46986e-05
9.025 0.000729626 -9.59145e-05
9.03 0.000738984 -9.7145e-05
9.035 0.000748453 -9.839e-05
9.04 0.000758034 -9.96498e-05
9.045 0.000767728 -0.000100924
9.05 0.000777537 -0.000102214
9.055 0.000787462 -0.000103519
9.06 0.000797504 -0.00010484
9.065 0.000807664 -0.000106176
9.07 0.000817944 -0.000107527
9.075 0.000828345 -0.000108895
9.08 0.000838869 -0.000110279
9.085 0.000849515 -0.000111679
9.09 0.000860287 -0.000113095
9.095 0.000871185 -0.000114528
9.1 0.000882211 -0.000115978
9.105 0.000893365 -0.000117445
9.11 0.00090465 -0.000118928
9.115 0.000916066 -0.00012043
9.12 0.000927615 -0.000121948
9.125 0.000939299 -0.000123485
9.13 0.000951119 -0.000125039
9.135 0.000963076 -0.000126611
9.14 0.000975172 -0.000128202
9.145 0.000987408 -0.00012981
9.15 0.000999786 -0.000131438
9.155 0.00101231 -0.000133085
9.16 0.00102497 -0.00013475
9.165 0.00103778 -0.000136435
9.17 0.00105074 -0.000138139
9.175 0.00106385 -0.000139863
9.18 0.00107711 -0.000141606
9.185 0.00109053 -0.00014337
9.19 0.00110409 -0.000145154
9.195 0.00111781 -0.000146958
9.2 0.00113169 -0.000148783
9.205 0.00114573 -0.000150629
9.21 0.00115993 -0.000152496
9.215 0.00117429 -0.000154385
9.22 0.00118882 -0.000156295
9.225 0.00120351 -0.000158226
9.23 0.00121837 -0.00016018
9.235 0.00123339 -0.000162156
9.24 0.00124859 -0.000164154
9.245 0.00126396 -0.000166175
9.25 0.0012795 -0.00016822
9.255 0.00129522 -0.000170287
9.26 0.00131112 -0.000172377
9.265 0.0013272 -0.000174491
9.27 0.00134346 -0.00017663
9.275 0.0013599 -0.000178792
9.28 0.00137653 -0.000180978
9.285 0.00139335 -0.000183189
9.29 0.00141035 -0.000185426
9.295 0.00142755 -0.000187687
9.3 0.00144494 -0.000189973
9.305 0.00146252 -0.000192285
9.31 0.0014803 -0.000194623
9.315 0.00149828 -0.000196988
9.32 0.00151646 -0.000199378
9.325 0.00153484 -0.000201796
9.33 0.00155343 -0.00020424
9.335 0.00157222 -0.000206711
9.34 0.00159123 -0.00020921
9.345 0.00161044 -0.000211737
9.35 0.00162987 -0.000214292
9.355 0.00164951 -0.000216875
9.36 0.00166937 -0.000219487
9.365 0.00168946 -0.000222127
9.37 0.00170976 -0.000224797
9.375 0.00173029 -0.000227496
9.38 0.00175104 -0.000230225
9.385 0.00177202 -0.000232984
9.39 0.00179323 -0.000235774
9.395 0.00181468 -0.000238594
9.4 0.00183636 -0.000241445
9.405 0.00185828 -0.000244328
9.41 0.00188044 -0.000247242
9.415 0.00190284 -0.000250188
9.42 0.00192549 -0.000253166
9.425 0.00194838 -0.000256176
9.43 0.00197153 -0.00025922
9.435 0.00199493 -0.000262296
9.44 0.00201858 -0.000265407
9.445 0.00204249 -0.000268551
9.45 0.00206665 -0.000271729
9.455 0.00209108 -0.000274941
9.46 0.00211578 -0.000278189
9.465 0.00214074 -0.000281471
9.47 0.00216598 -0.00028479
9.475 0.00219148 -0.000288144
9.48 0.00221726 -0.000291534
9.485 0.00224332 -0.00029496
9.49 0.00226966 -0.000298424
9.495 0.00229628 -0.000301925
9.5 0.00232319 -0.000305463
9.505 0.00235039 -0.00030904
9.51 0.00237788 -0.000312655
9.515 0.00240566 -0.000316308
9.52 0.00243374 -0.000320001
9.525 0.00246212 -0.000323733
9.53 0.0024908 -0.000327505
9.535 0.00251979 -0.000331317
9.54 0.00254909 -0.00033517
9.545 0.0025787 -0.000339064
9.55 0.00260863 -0.000342999
9.555 0.00263887 -0.000346976
9.56 0.00266943 -0.000350995
9.565 0.00270032 -0.000355057
9.57 0.00273153 -0.000359162
9.575 0.00276308 -0.00036331
9.58 0.00279495 -0.000367502
9.585 0.00282717 -0.000371738
9.59 0.00285972 -0.000376018
9.595 0.00289261 -0.000380344
9.6 0.00292585 -0.000384715
9.605 0.00295944 -0.000389133
9.61 0.00299339 -0.000393596
9.615 0.00302768 -0.000398106
9.62 0.00306234 -0.000402664
9.625 0.00309736 -0.000407269
9.63 0.00313274 -0.000411922
9.635 0.0031685 -0.000416624
9.64 0.00320462 -0.000421375
9.645 0.00324113 -0.000426175
9.65 0.00327801 -0.000431025
9.655 0.00331527 -0.000435925
9.66 0.00335292 -0.000440877
9.665 0.00339096 -0.000445879
9.67 0.0034294 -0.000450934
9.675 0.00346823 -0.00045604
9.68 0.00350747 -0.0004612
9.685 0.0035471 -0.000466412
9.69 0.00358715 -0.000471678
9.695 0.00362761 -0.000476999
9.7 0.00366848 -0.000482374
9.705 0.00370978 -0.000487804
9.71 0.0037515 -0.000493291
9.715 0.00379364 -0.000498833
9.72 0.00383622 -0.000504432
9.725 0.00387923 -0.000510088
9.73 0.00392268 -0.000515802
9.735 0.00396657 -0.000521575
9.74 0.00401092 -0.000527406
9.745 0.00405571 -0.000533296
9.75 0.00410096 -0.000539247
9.755 0.00414666 -0.000545257
9.76 0.00419284 -0.000551329
9.765 0.00423948 -0.000557462
9.77 0.00428659 -0.000563658
9.775 0.00433417 -0.000569916
9.78 0.00438224 -0.000576237
9.785 0.00443079 -0.000582622
9.79 0.00447983 -0.000589071
9.795 0.00452937 -0.000595585
9.8 0.0045794 -0.000602165
9.805 0.00462994 -0.000608811
9.81 0.00468098 -0.000615523
9.815 0.00473253 -0.000622302
9.82 0.0047846 -0.00062915
9.825 0.00483719 -0.000636066
9.83 0.00489031 -0.000643051
9.835 0.00494395 -0.000650105
9.84 0.00499813 -0.00065723
9.845 0.00505285 -0.000664426
9.85 0.00510811 -0.000671693
9.855 0.00516392 -0.000679032
9.86 0.00522028 -0.000686444
9.865 0.0052772 -0.00069393
9.87 0.00533468 -0.000701489
9.875 0.00539274 -0.000709123
9.88 0.00545136 -0.000716833
9.885 0.00551056 -0.000724619
9.89 0.00557035 -0.000732481
9.895 0.00563072 -0.00074042
9.9 0.00569169 -0.000748438
9.905 0.00575326 -0.000756534
9.91 0.00581543 -0.00076471
9.915 0.0058782 -0.000772965
9.92 0.00594159 -0.000781302
9.925 0.0060056 -0.00078972
9.93 0.00607024 -0.000798219
9.935 0.0061355 -0.000806802
9.94 0.0062014 -0.000815468
9.945 0.00626794 -0.000824219
9.95 0.00633513 -0.000833054
9.955 0.00640297 -0.000841976
9.96 0.00647146 -0.000850983
9.965 0.00654062 -0.000860078
9.97 0.00661045 -0.000869261
9.975 0.00668095 -0.000878532
9.98 0.00675213 -0.000887893
9.985 0.00682399 -0.000897344
9.99 0.00689655 -0.000906886
9.995 0.00696981 -0.000916519
10 0.00704376 -0.000926245
10.005 0.00711843 -0.000936065
10.01 0.00719381 -0.000945978
10.015 0.00726991 -0.000955986
10.02 0.00734674 -0.00096609
10.025 0.00742431 -0.00097629
10.03 0.00750261 -0.000986587
10.035 0.00758166 -0.000996982
10.04 0.00766145 -0.00100748
10.045 0.00774201 -0.00101807
10.05 0.00782333 -0.00102876
10.055 0.00790542 -0.00103956
10.06 0.00798829 -0.00105046
10.065 0.00807194 -0.00106146
10.07 0.00815638 -0.00107256
10.075 0.00824162 -0.00108377
10.08 0.00832766 -0.00109509
10.085 0.00841451 -0.00110651
10.09 0.00850217 -0.00111804
10.095 0.00859066 -0.00112967
10.1 0.00867998 -0.00114142
10.105 0.00877013 -0.00115328
10.11 0.00886113 -0.00116524
10.115 0.00895297 -0.00117732
10.12 0.00904568 -0.00118951
10.125 0.00913925 -0.00120182
10.13 0.00923368 -0.00121424
10.135 0.009329 -0.00122677
10.14 0.0094252 -0.00123942
10.145 0.00952229 -0.00125219
10.15 0.00962028 -0.00126508
10.155 0.00971918 -0.00127808
10.16 0.00981899 -0.00129121
10.165 0.00991973 -0.00130446
10.17 0.0100214 -0.00131783
10.175 0.010124 -0.00133132
10.18 0.0102275 -0.00134494
10.185 0.010332 -0.00135868
10.19 0.0104375 -0.00137255
10.195 0.0105439 -0.00138654
10.2 0.0106513 -0.00140066
10.205 0.0107596 -0.00141492
10.21 0.010869 -0.0014293
10.215 0.0109794 -0.00144381
10.22 0.0110907 -0.00145846
10.225 0.0112031 -0.00147323
10.23 0.0113165 -0.00148815
10.235 0.0114309 -0.00150319
10.24 0.0115464 -0.00151838
10.245 0.0116629 -0.0015337
10.25 0.0117805 -0.00154916
10.255 0.0118991 -0.00156476
10.26 0.0120188 -0.0015805
10.265 0.0121395 -0.00159638
10.27 0.0122614 -0.00161241
10.275 0.0123843 -0.00162858
10.28 0.0125084 -0.00164489
10.285 0.0126336 -0.00166135
10.29 0.0127598 -0.00167796
10.295 0.0128873 -0.00169472
10.3 0.0130158 -0.00171162
10.305 0.0131455 -0.00172868
10.31 0.0132764 -0.00174589
10.315 0.0134084 -0.00176325
10.32 0.0135416 -0.00178076
10.325 0.0136759 -0.00179844
10.33 0.0138115 -0.00181626
10.335 0.0139483 -0.00183425
10.34 0.0140862 -0.00185239
10.345 0.0142254 -0.0018707
10.35 0.0143658 -0.00188916
10.355 0.0145075 -0.00190779
10.36 0.0146504 -0.00192659
10.365 0.0147945 -0.00194554
10.37 0.01494 -0.00196467
10.375 0.0150867 -0.00198396
10.38 0.0152346 -0.00200342
10.385 0.0153839 -0.00202305
10.39 0.0155345 -0.00204285
10.395 0.0156864 -0.00206283
10.4 0.0158396 -0.00208298
10.405 0.0159941 -0.0021033
10.41 0.01615 -0.0021238
10.415 0.0163072 -0.00214448
10.42 0.0164658 -0.00216534
10.425 0.0166258 -0.00218637
10.43 0.0167872 -0.00220759
10.435 0.0169499 -0.002229
10.44 0.0171141 -0.00225058
10.445 0.0172796 -0.00227236
10.45 0.0174466 -0.00229432
10.455 0.017615 -0.00231647
10.46 0.0177849 -0.0023388
10.465 0.0179562 -0.00236133
10.47 0.018129 -0.00238406
10.475 0.0183033 -0.00240697
10.48 0.018479 -0.00243009
10.485 0.0186562 -0.0024534
10.49 0.018835 -0.0024769
10.495 0.0190153 -0.00250061
10.5 0.0191971 -0.00252452
10.505 0.0193804 -0.00254863
10.51 0.0195653 -0.00257295
10.515 0.0197518 -0.00259747
10.52 0.0199398 -0.0026222
10.525 0.0201294 -0.00264713
10.53 0.0203206 -0.00267228
10.535 0.0205135 -0.00269764
10.54 0.0207079 -0.00272321
10.545 0.020904 -0.002749
10.55 0.0211017 -0.002775
10.555 0.0213011 -0.00280122
10.56 0.0215021 -0.00282766
10.565 0.0217048 -0.00285431
10.57 0.0219092 -0.0028812
10.575 0.0221153 -0.0029083
10.58 0.0223231 -0.00293563
10.585 0.0225327 -0.00296319
10.59 0.022744 -0.00299097
10.595 0.022957 -0.00301899
10.6 0.0231718 -0.00304724
10.605 0.0233884 -0.00307572
10.61 0.0236067 -0.00310443
10.615 0.0238269 -0.00313339
10.62 0.0240488 -0.00316258
10.625 0.0242726 -0.003192
10.63 0.0244982 -0.00322168
10.635 0.0247257 -0.00325159
10.64 0.024955 -0.00328175
10.645 0.0251862 -0.00331216
10.65 0.0254193 -0.00334281
10.655 0.0256543 -0.00337371
10.66 0.0258912 -0.00340487
10.665 0.02613 -0.00343627
10.67 0.0263708 -0.00346794
10.675 0.0266135 -0.00349986
10.68 0.0268582 -0.00353203
10.685 0.0271048 -0.00356447
10.69 0.0273535 -0.00359717
10.695 0.0276041 -0.00363013
10.7 0.0278568 -0.00366336
10.705 0.0281115 -0.00369686
10.71 0.0283682 -0.00373062
10.715 0.028627 -0.00376466
10.72 0.0288879 -0.00379897
10.725 0.0291508 -0.00383355
10.73 0.0294159 -0.00386841
10.735 0.0296831 -0.00390354
10.74 0.0299524 -0.00393896
10.745 0.0302238 -0.00397466
10.75 0.0304974 -0.00401064
10.755 0.0307732 -0.0040469
10.76 0.0310511 -0.00408346
10.765 0.0313313 -0.0041203
10.77 0.0316136 -0.00415743
10.775 0.0318982 -0.00419486
10.78 0.032185 -0.00423258
10.785 0.0324741 -0.0042706
10.79 0.0327655 -0.00430891
10.795 0.0330591 -0.00434753
10.8 0.033355 -0.00438645
10.805 0.0336533 -0.00442567
10.81 0.0339539 -0.0044652
10.815 0.0342568 -0.00450504
10.82 0.0345621 -0.00454518
10.825 0.0348697 -0.00458564
10.83 0.0351798 -0.00462642
10.835 0.0354922 -0.00466751
10.84 0.0358071 -0.00470892
10.845 0.0361244 -0.00475065
10.85 0.0364441 -0.0047927
10.855 0.0367664 -0.00483507
10.86 0.0370911 -0.00487778
10.865 0.0374183 -0.00492081
10.87 0.037748 -0.00496417
10.875 0.0380802 -0.00500786
10.88 0.038415 -0.00505189
10.885 0.0387523 -0.00509625
10.89 0.0390922 -0.00514095
10.895 0.0394347 -0.005186
10.9 0.0397799 -0.00523138
10.905 0.0401276 -0.00527711
10.91 0.040478 -0.00532319
10.915 0.040831 -0.00536962
10.92 0.0411867 -0.0054164
10.925 0.0415451 -0.00546353
10.93 0.0419062 -0.00551102
10.935 0.04227 -0.00555886
10.94 0.0426366 -0.00560707
10.945 0.0430059 -0.00565564
10.95 0.0433779 -0.00570457
10.955 0.0437528 -0.00575387
10.96 0.0441305 -0.00580354
10.965 0.044511 -0.00585358
10.97 0.0448943 -0.00590399
10.975 0.0452805 -0.00595478
10.98 0.0456696 -0.00600594
10.985 0.0460615 -0.00605749
10.99 0.0464564 -0.00610942
10.995 0.0468541 -0.00616173
11 0.0472549 -0.00621443
11.005 0.0476585 -0.00626752
11.01 0.0480652 -0.006321
11.015 0.0484748 -0.00637487
11.02 0.0488875 -0.00642914
11.025 0.0493032 -0.00648381
11.03 0.0497219 -0.00653888
11.035 0.0501437 -0.00659435
11.04 0.0505686 -0.00665022
11.045 0.0509966 -0.00670651
11.05 0.0514277 -0.0067632
11.055 0.0518619 -0.00682031
11.06 0.0522993 -0.00687783
11.065 0.0527398 -0.00693577
11.07 0.0531836 -0.00699413
11.075 0.0536305 -0.0070529
11.08 0.0540807 -0.00711211
11.085 0.0545341 -0.00717174
11.09 0.0549908 -0.0072318
11.095 0.0554508 -0.00729229
11.1 0.0559141 -0.00735322
11.105 0.0563806 -0.00741458
11.11 0.0568506 -0.00747638
11.115 0.0573239 -0.00753862
11.12 0.0578005 -0.00760131
11.125 0.0582806 -0.00766444
11.13 0.058764 -0.00772802
11.135 0.0592509 -0.00779205
11.14 0.0597413 -0.00785654
11.145 0.0602351 -0.00792148
11.15 0.0607324 -0.00798688
11.155 0.0612332 -0.00805274
11.16 0.0617375 -0.00811907
11.165 0.0622454 -0.00818586
11.17 0.0627569 -0.00825312
11.175 0.0632719 -0.00832086
11.18 0.0637905 -0.00838906
11.185 0.0643128 -0.00845775
11.19 0.0648387 -0.00852691
11.195 0.0653683 -0.00859656
11.2 0.0659015 -0.00866668
11.205 0.0664385 -0.0087373
11.21 0.0669792 -0.00880841
11.215 0.0675236 -0.00888
11.22 0.0680718 -0.0089521
11.225 0.0686237 -0.00902469
11.23 0.0691795 -0.00909778
11.235 0.0697391 -0.00917137
11.24 0.0703025 -0.00924547
11.245 0.0708698 -0.00932008
11.25 0.071441 -0.00939519
11.255 0.0720161 -0.00947082
11.26 0.0725951 -0.00954697
11.265 0.0731781 -0.00962363
11.27 0.073765 -0.00970082
11.275 0.0743559 -0.00977853
11.28 0.0749508 -0.00985677
11.285 0.0755497 -0.00993554
11.29 0.0761527 -0.0100148
11.295 0.0767597 -0.0100947
11.3 0.0773709 -0.010175
11.305 0.0779861 -0.010256
11.31 0.0786055 -0.0103374
11.315 0.079229 -0.0104194
11.32 0.0798567 -0.010502
11.325 0.0804886 -0.0105851
11.33 0.0811247 -0.0106687
11.335 0.081765 -0.0107529
11.34 0.0824096 -0.0108377
11.345 0.0830585 -0.010923
11.35 0.0837117 -0.0110089
11.355 0.0843691 -0.0110954
11.36 0.085031 -0.0111824
11.365 0.0856972 -0.01127
11.37 0.0863677 -0.0113582
11.375 0.0870427 -0.011447
11.38 0.0877221 -0.0115363
11.385 0.088406 -0.0116263
11.39 0.0890943 -0.0117168
11.395 0.0897871 -0.0118079
11.4 0.0904844 -0.0118996
11.405 0.0911863 -0.0119919
11.41 0.0918927 -0.0120848
11.415 0.0926037 -0.0121783
11.42 0.0933192 -0.0122724
11.425 0.0940394 -0.0123672
11.43 0.0947643 -0.0124625
11.435 0.0954938 -0.0125584
11.44 0.096228 -0.012655
11.445 0.0969669 -0.0127522
11.45 0.0977105 -0.0128499
11.455 0.0984589 -0.0129484
11.46 0.0992121 -0.0130474
11.465 0.0999701 -0.0131471
11.47 0.100733 -0.0132474
11.475 0.1015 -0.0133484
11.48 0.102273 -0.01345
11.485 0.10305 -0.0135522
11.49 0.103833 -0.0136551
11.495 0.10462 -0.0137586
11.5 0.105412 -0.0138628
11.505 0.106209 -0.0139676
11.51 0.107011 -0.0140731
11.515 0.107818 -0.0141792
11.52 0.10863 -0.0142861
11.525 0.109448 -0.0143935
11.53 0.11027 -0.0145017
11.535 0.111097 -0.0146105
11.54 0.11193 -0.01472
11.545 0.112768 -0.0148302
11.55 0.113611 -0.014941
11.555 0.114459 -0.0150525
11.56 0.115312 -0.0151648
11.565 0.116171 -0.0152777
11.57 0.117034 -0.0153913
11.575 0.117904 -0.0155056
11.58 0.118778 -0.0156206
11.585 0.119658 -0.0157363
11.59 0.120543 -0.0158527
11.595 0.121433 -0.0159698
11.6 0.122329 -0.0160876
11.605 0.12323 -0.0162061
11.61 0.124137 -0.0163254
11.615 0.125049 -0.0164453
11.62 0.125967 -0.016566
11.625 0.12689 -0.0166874
11.63 0.127819 -0.0168096
11.635 0.128753 -0.0169325
11.64 0.129693 -0.0170561
11.645 0.130639 -0.0171804
11.65 0.13159 -0.0173055
11.655 0.132547 -0.0174313
11.66 0.133509 -0.0175579
11.665 0.134477 -0.0176852
11.67 0.135451 -0.0178133
11.675 0.136431 -0.0179421
11.68 0.137416 -0.0180717
11.685 0.138407 -0.0182021
11.69 0.139404 -0.0183332
11.695 0.140407 -0.0184651
11.7 0.141416 -0.0185977
11.705 0.14243 -0.0187311
11.71 0.143451 -0.0188653
11.715 0.144477 -0.0190003
11.72 0.145509 -0.0191361
11.725 0.146548 -0.0192726
11.73 0.147592 -0.01941
11.735 0.148642 -0.0195481
11.74 0.149699 -0.019687
11.745 0.150761 -0.0198267
11.75 0.151829 -0.0199672
11.755 0.152904 -0.0201085
11.76 0.153985 -0.0202507
11.765 0.155071 -0.0203936
11.77 0.156164 -0.0205373
11.775 0.157263 -0.0206819
11.78 0.158369 -0.0208273
11.785 0.159481 -0.0209734
11.79 0.160598 -0.0211205
11.795 0.161723 -0.0212683
11.8 0.162853 -0.021417
11.805 0.16399 -0.0215665
11.81 0.165133 -0.0217168
11.815 0.166283 -0.021868
11.82 0.167438 -0.02202
11.825 0.168601 -0.0221729
11.83 0.16977 -0.0223266
11.835 0.170945 -0.0224811
11.84 0.172127 -0.0226366
11.845 0.173315 -0.0227928
11.85 0.17451 -0.0229499
11.855 0.175711 -0.0231079
11.86 0.176919 -0.0232668
11.865 0.178133 -0.0234265
11.87 0.179354 -0.0235871
11.875 0.180582 -0.0237485
11.88 0.181816 -0.0239109
11.885 0.183057 -0.0240741
11.89 0.184305 -0.0242382
11.895 0.18556 -0.0244032
11.9 0.186821 -0.024569
11.905 0.188089 -0.0247358
11.91 0.189363 -0.0249034
11.915 0.190645 -0.025072
11.92 0.191933 -0.0252414
11.925 0.193229 -0.0254117
11.93 0.194531 -0.025583
11.935 0.19584 -0.0257551
11.94 0.197156 -0.0259282
11.945 0.198479 -0.0261022
11.95 0.199808 -0.0262771
11.955 0.201145 -0.0264529
11.96 0.202489 -0.0266296
11.965 0.20384 -0.0268072
11.97 0.205198 -0.0269858
11.975 0.206563 -0.0271653
11.98 0.207935 -0.0273457
11.985 0.209314 -0.0275271
11.99 0.2107 -0.0277094
11.995 0.212093 -0.0278927
12 0.213494 -0.0280768
12.005 0.214901 -0.028262
12.01 0.216316 -0.0284481
12.015 0.217738 -0.0286351
12.02 0.219168 -0.0288231
12.025 0.220604 -0.029012
12.03 0.222048 -0.0292019
12.035 0.2235 -0.0293927
12.04 0.224958 -0.0295846
12.045 0.226424 -0.0297773
12.05 0.227897 -0.0299711
12.055 0.229378 -0.0301658
12.06 0.230866 -0.0303615
12.065 0.232361 -0.0305582
12.07 0.233864 -0.0307558
12.075 0.235374 -0.0309544
12.08 0.236892 -0.031154
12.085 0.238418 -0.0313546
12.09 0.23995 -0.0315562
12.095 0.241491 -0.0317588
12.1 0.243038 -0.0319623
12.105 0.244594 -0.0321669
12.11 0.246157 -0.0323725
12.115 0.247728 -0.032579
12.12 0.249306 -0.0327866
12.125 0.250892 -0.0329951
12.13 0.252485 -0.0332047
12.135 0.254086 -0.0334153
12.14 0.255695 -0.0336269
12.145 0.257312 -0.0338395
12.15 0.258936 -0.0340531
12.155 0.260568 -0.0342677
12.16 0.262208 -0.0344834
12.165 0.263856 -0.0347001
12.17 0.265511 -0.0349178
12.175 0.267174 -0.0351365
12.18 0.268845 -0.0353563
12.185 0.270524 -0.0355771
12.19 0.272211 -0.0357989
12.195 0.273906 -0.0360217
12.2 0.275608 -0.0362456
12.205 0.277318 -0.0364706
12.21 0.279037 -0.0366966
12.215 0.280763 -0.0369236
12.22 0.282497 -0.0371517
12.225 0.284239 -0.0373808
12.23 0.28599 -0.0376109
12.235 0.287748 -0.0378422
12.24 0.289514 -0.0380744
12.245 0.291288 -0.0383078
12.25 0.29307 -0.0385421
12.255 0.294861 -0.0387776
12.26 0.296659 -0.0390141
12.265 0.298465 -0.0392517
12.27 0.30028 -0.0394903
12.275 0.302103 -0.03973
12.28 0.303933 -0.0399708
12.285 0.305772 -0.0402126
12.29 0.307619 -0.0404555
12.295 0.309474 -0.0406995
12.3 0.311338 -0.0409445
12.305 0.313209 -0.0411907
12.31 0.315089 -0.0414379
12.315 0.316977 -0.0416862
12.32 0.318873 -0.0419355
12.325 0.320778 -0.042186
12.33 0.32269 -0.0424375
12.335 0.324611 -0.0426902
12.34 0.32654 -0.0429439
12.345 0.328478 -0.0431987
12.35 0.330424 -0.0434546
12.355 0.332378 -0.0437116
12.36 0.33434 -0.0439696
12.365 0.336311 -0.0442288
12.37 0.33829 -0.0444891
12.375 0.340277 -0.0447504
12.38 0.342273 -0.0450129
12.385 0.344277 -0.0452765
12.39 0.346289 -0.0455411
12.395 0.34831 -0.0458069
12.4 0.350339 -0.0460737
12.405 0.352377 -0.0463417
12.41 0.354423 -0.0466108
12.415 0.356477 -0.046881
12.42 0.35854 -0.0471523
12.425 0.360612 -0.0474247
12.43 0.362691 -0.0476982
12.435 0.364779 -0.0479728
12.44 0.366876 -0.0482485
12.445 0.368981 -0.0485253
12.45 0.371095 -0.0488033
12.455 0.373217 -0.0490824
12.46 0.375347 -0.0493625
12.465 0.377486 -0.0496438
12.47 0.379633 -0.0499262
12.475 0.381789 -0.0502098
12.48 0.383954 -0.0504944
12.485 0.386126 -0.0507802
12.49 0.388308 -0.0510671
12.495 0.390498 -0.0513551
12.5 0.392696 -0.0516442
12.505 0.394903 -0.0519344
12.51 0.397119 -0.0522258
12.515 0.399343 -0.0525182
12.52 0.401575 -0.0528118
12.525 0.403816 -0.0531066
12.53 0.406066 -0.0534024
12.535 0.408324 -0.0536994
12.54 0.41059 -0.0539975
12.545 0.412865 -0.0542967
12.55 0.415149 -0.054597
12.555 0.417441 -0.0548985
12.56 0.419742 -0.0552011
12.565 0.422051 -0.0555048
12.57 0.424369 -0.0558096
12.575 0.426696 -0.0561155
12.58 0.429031 -0.0564226
12.585 0.431374 -0.0567308
12.59 0.433726 -0.0570401
12.595 0.436087 -0.0573506
12.6 0.438456 -0.0576621
12.605 0.440833 -0.0579748
12.61 0.44322 -0.0582886
12.615 0.445614 -0.0586036
12.62 0.448017 -0.0589196
12.625 0.450429 -0.0592368
12.63 0.452849 -0.0595551
12.635 0.455278 -0.0598745
12.64 0.457715 -0.060195
12.645 0.460161 -0.0605167
12.65 0.462616 -0.0608394
12.655 0.465078 -0.0611633
12.66 0.46755 -0.0614883
12.665 0.470029 -0.0618145
12.67 0.472518 -0.0621417
12.675 0.475014 -0.06247
12.68 0.47752 -0.0627995
12.685 0.480033 -0.0631301
12.69 0.482555 -0.0634618
12.695 0.485086 -0.0637946
12.7 0.487625 -0.0641285
12.705 0.490172 -0.0644635
12.71 0.492728 -0.0647996
12.715 0.495293 -0.0651369
12.72 0.497865 -0.0654752
12.725 0.500446 -0.0658147
12.73 0.503036 -0.0661552
12.735 0.505634 -0.0664969
12.74 0.50824 -0.0668396
12.745 0.510855 -0.0671835
12.75 0.513477 -0.0675284
12.755 0.516109 -0.0678745
12.76 0.518748 -0.0682216
12.765 0.521396 -0.0685698
12.77 0.524052 -0.0689191
12.775 0.526717 -0.0692695
12.78 0.52939 -0.069621
12.785 0.532071 -0.0699736
12.79 0.53476 -0.0703273
12.795 0.537457 -0.070682
12.8 0.540163 -0.0710379
12.805 0.542877 -0.0713948
12.81 0.545599 -0.0717528
12.815 0.548329 -0.0721118
12.82 0.551067 -0.0724719
12.825 0.553814 -0.0728331
12.83 0.556568 -0.0731954
12.835 0.559331 -0.0735587
12.84 0.562102 -0.0739231
12.845 0.564881 -0.0742886
12.85 0.567668 -0.0746551
12.855 0.570463 -0.0750226
12.86 0.573265 -0.0753913
12.865 0.576076 -0.0757609
12.87 0.578895 -0.0761316
12.875 0.581722 -0.0765034
12.88 0.584557 -0.0768762
12.885 0.587399 -0.07725
12.89 0.59025 -0.0776249
12.895 0.593108 -0.0780008
12.9 0.595974 -0.0783778
12.905 0.598848 -0.0787557
12.91 0.60173 -0.0791347
12.915 0.60462 -0.0795147
12.92 0.607517 -0.0798958
12.925 0.610422 -0.0802778
12.93 0.613335 -0.0806608
12.935 0.616255 -0.0810449
12.94 0.619183 -0.08143
12.945 0.622118 -0.081816
12.95 0.625062 -0.0822031
12.955 0.628012 -0.0825912
12.96 0.630971 -0.0829802
12.965 0.633936 -0.0833702
12.97 0.636909 -0.0837612
12.975 0.63989 -0.0841532
12.98 0.642878 -0.0845462
12.985 0.645874 -0.0849401
12.99 0.648876 -0.085335
12.995 0.651886 -0.0857309
13 0.654904 -0.0861277
13.005 0.657929 -0.0865255
13.01 0.66096 -0.0869242
13.015 0.663999 -0.0873239
13.02 0.667046 -0.0877245
13.025 0.670099 -0.0881261
13.03 0.67316 -0.0885286
13.035 0.676227 -0.088932
13.04 0.679302 -0.0893363
13.045 0.682383 -0.0897416
13.05 0.685472 -0.0901478
13.055 0.688567 -0.0905548
13.06 0.691669 -0.0909628
13.065 0.694778 -0.0913717
13.07 0.697894 -0.0917815
13.075 0.701017 -0.0921922
13.08 0.704146 -0.0926037
13.085 0.707282 -0.0930161
13.09 0.710425 -0.0934294
13.095 0.713574 -0.0938436
13.1 0.71673 -0.0942587
13.105 0.719893 -0.0946745
13.11 0.723061 -0.0950913
13.115 0.726237 -0.0955089
13.12 0.729418 -0.0959273
13.125 0.732607 -0.0963466
13.13 0.735801 -0.0967667
13.135 0.739002 -0.0971876
13.14 0.742208 -0.0976094
13.145 0.745422 -0.0980319
13.15 0.748641 -0.0984553
13.155 0.751866 -0.0988795
13.16 0.755097 -0.0993044
13.165 0.758335 -0.0997302
13.17 0.761578 -0.100157
13.175 0.764827 -0.100584
13.18 0.768082 -0.101012
13.185 0.771343 -0.101441
13.19 0.77461 -0.101871
13.195 0.777882 -0.102301
13.2 0.78116 -0.102732
13.205 0.784443 -0.103164
13.21 0.787732 -0.103596
13.215 0.791027 -0.10403
13.22 0.794327 -0.104464
13.225 0.797632 -0.104898
13.23 0.800943 -0.105334
13.235 0.804259 -0.10577
13.24 0.80758 -0.106207
13.245 0.810907 -0.106644
13.25 0.814238 -0.107082
13.255 0.817575 -0.107521
13.26 0.820917 -0.10796
13.265 0.824263 -0.108401
13.27 0.827615 -0.108841
13.275 0.830971 -0.109283
13.28 0.834332 -0.109725
13.285 0.837698 -0.110167
13.29 0.841068 -0.110611
13.295 0.844444 -0.111055
13.3 0.847823 -0.111499
13.305 0.851207 -0.111944
13.31 0.854596 -0.11239
13.315 0.857989 -0.112836
13.32 0.861386 -0.113283
13.325 0.864787 -0.11373
13.33 0.868193 -0.114178
13.335 0.871602 -0.114626
13.34 0.875016 -0.115075
13.345 0.878434 -0.115525
13.35 0.881855 -0.115975
13.355 0.885281 -0.116425
13.36 0.88871 -0.116876
13.365 0.892143 -0.117328
13.37 0.895579 -0.11778
13.375 0.899019 -0.118232
13.38 0.902463 -0.118685
13.385 0.90591 -0.119138
13.39 0.90936 -0.119592
13.395 0.912814 -0.120046
13.4 0.916271 -0.120501
13.405 0.919731 -0.120956
13.41 0.923194 -0.121411
13.415 0.92666 -0.121867
13.42 0.930129 -0.122323
13.425 0.933601 -0.12278
13.43 0.937075 -0.123237
13.435 0.940553 -0.123694
13.44 0.944033 -0.124152
13.445 0.947515 -0.12461
13.45 0.951 -0.125068
13.455 0.954488 -0.125527
13.46 0.957978 -0.125986
13.465 0.96147 -0.126445
13.47 0.964964 -0.126904
13.475 0.96846 -0.127364
13.48 0.971958 -0.127824
13.485 0.975458 -0.128285
13.49 0.978961 -0.128745
13.495 0.982464 -0.129206
13.5 0.98597 -0.129667
13.505 0.989477 -0.130128
13.51 0.992986 -0.13059
13.515 0.996496 -0.131051
13.52 1 -0.131512
