0 0 0
0.08 6.22543e-70 -1.76553e-74
0.16 8.94797e-65 -3.64874e-69
0.24 9.5385e-61 -6.99275e-65
0.32 1.89836e-57 -2.49156e-61
0.4 1.25466e-54 -2.77672e-58
0.48 3.54726e-52 -7.81826e-56
0.44 3.59464e-53 -9.54343e-57
0.42 7.50616e-54 -1.98854e-57
0.41 3.11807e-54 -7.70241e-58
0.42 7.59579e-54 -2.07488e-57
0.43 1.81263e-53 -5.435e-57
0.44 4.24031e-53 -1.38696e-56
0.45 9.73205e-53 -3.45412e-56
0.46 2.19325e-52 -8.40761e-56
0.47 4.85724e-52 -2.00285e-55
0.48 1.05785e-51 -4.67503e-55
0.49 2.26722e-51 -1.07039e-54
0.5 4.78493e-51 -2.4063e-54
0.51 9.9503e-51 -5.31602e-54
0.52 2.03996e-50 -1.15506e-53
0.53 4.12543e-50 -2.4702e-53
0.54 8.23378e-50 -5.20316e-53
0.55 1.62263e-49 -1.08016e-52
0.56 3.15886e-49 -2.21133e-52
0.57 6.07741e-49 -4.46688e-52
0.58 1.15601e-48 -8.90777e-52
0.59 2.17484e-48 -1.75452e-51
0.6 4.04835e-48 -3.41483e-51
0.61 7.45871e-48 -6.57041e-51
0.62 1.3606e-47 -1.25027e-50
0.63 2.4582e-47 -2.3538e-50
0.64 4.40001e-47 -4.38578e-50
0.65 7.80487e-47 -8.0907e-50
0.66 1.37238e-46 -1.47819e-49
0.67 2.39271e-46 -2.67554e-49
0.68 4.13739e-46 -4.79908e-49
0.69 7.09717e-46 -8.53283e-49
0.7 1.208e-45 -1.50429e-48
0.71 2.04065e-45 -2.63018e-48
0.72 3.42199e-45 -4.56202e-48
0.73 5.69754e-45 -7.85146e-48
0.74 9.42061e-45 -1.3411e-47
0.75 1.54716e-44 -2.27394e-47
0.76 2.52423e-44 -3.8282e-47
0.77 4.09205e-44 -6.40017e-47
0.78 6.59234e-44 -1.0628e-46
0.79 1.05559e-43 -1.75328e-46
0.8 1.68025e-43 -2.87385e-46
0.81 2.65912e-43 -4.68129e-46
0.82 4.18456e-43 -7.57916e-46
0.83 6.54894e-43 -1.21983e-45
0.84 1.01943e-42 -1.95192e-45
0.85 1.57856e-42 -3.10578e-45
0.86 2.43187e-42 -4.91457e-45
0.87 3.72772e-42 -7.73504e-45
0.88 5.68618e-42 -1.21104e-44
0.89 8.63219e-42 -1.88635e-44
0.9 1.30434e-41 -2.92355e-44
0.91 1.96188e-41 -4.50888e-44
0.92 2.93772e-41 -6.92062e-44
0.93 4.37973e-41 -1.05727e-43
0.94 6.50167e-41 -1.60782e-43
0.95 9.61126e-41 -2.43411e-43
0.96 1.41499e-40 -3.66892e-43
0.97 2.07481e-40 -5.50643e-43
0.98 3.03036e-40 -8.22954e-43
0.99 4.40893e-40 -1.22488e-42
1 6.39044e-40 -1.81576e-42
1.01 9.22823e-40 -2.68106e-42
1.02 1.32779e-39 -3.94341e-42
1.03 1.90366e-39 -5.77817e-42
1.04 2.71979e-39 -8.43514e-42
1.05 3.8725e-39 -1.2269e-41
1.06 5.49525e-39 -1.77817e-41
1.07 7.77233e-39 -2.5681e-41
1.08 1.09574e-38 -3.69621e-41
1.09 1.53987e-38 -5.30191e-41
1.1 2.15728e-38 -7.57999e-41
1.11 3.01298e-38 -1.08017e-40
1.12 4.19547e-38 -1.53435e-40
1.13 5.82479e-38 -2.17268e-40
1.14 8.06341e-38 -3.06711e-40
1.15 1.11306e-37 -4.31665e-40
1.16 1.53215e-37 -6.05722e-40
1.17 2.10322e-37 -8.47482e-40
1.18 2.87934e-37 -1.18233e-39
1.19 3.93138e-37 -1.64484e-39
1.2 5.35376e-37 -2.28193e-39
1.21 7.272e-37 -3.15716e-39
1.22 9.85256e-37 -4.35638e-39
1.23 1.33156e-36 -5.99526e-39
1.24 1.79519e-36 -8.22932e-39
1.25 2.41441e-36 -1.12671e-38
1.26 3.23951e-36 -1.53875e-38
1.27 4.33645e-36 -2.09629e-38
1.28 5.79148e-36 -2.8489e-38
1.29 7.71724e-36 -3.86246e-38
1.3 1.02604e-35 -5.2243e-38
1.31 1.36118e-35 -7.04992e-38
1.32 1.80189e-35 -9.49179e-38
1.33 2.3802e-35 -1.27507e-37
1.34 3.13754e-35 -1.70907e-37
1.35 4.12731e-35 -2.2858e-37
1.36 5.41827e-35 -3.05058e-37
1.37 7.09877e-35 -4.06263e-37
1.38 9.28211e-35 -5.39916e-37
1.39 1.21133e-34 -7.16064e-37
1.4 1.57778e-34 -9.47759e-37
1.41 2.0512e-34 -1.25192e-36
1.42 2.66169e-34 -1.65044e-36
1.43 3.44753e-34 -2.17161e-36
1.44 4.45728e-34 -2.85189e-36
1.45 5.75247e-34 -3.73821e-36
1.46 7.41092e-34 -4.89088e-36
1.47 9.53089e-34 -6.38725e-36
1.48 1.22363e-33 -8.32635e-36
1.49 1.5683e-33 -1.08348e-35
1.5 2.00669e-33 -1.40742e-35
1.51 2.56341e-33 -1.82503e-35
1.52 3.26924e-33 -2.36251e-35
1.53 4.16272e-33 -3.0531e-35
1.54 5.292e-33 -3.93899e-35
1.55 6.71711e-33 -5.07358e-35
1.56 8.51282e-33 -6.52435e-35
1.57 1.07721e-32 -8.37651e-35
1.58 1.36106e-32 -1.07375e-34
1.59 1.71713e-32 -1.37423e-34
1.6 2.16319e-32 -1.7561e-34
1.61 2.72116e-32 -2.24066e-34
1.62 3.41816e-32 -2.85462e-34
1.63 4.28761e-32 -3.63141e-34
1.64 5.37071e-32 -4.61281e-34
1.65 6.71812e-32 -5.85093e-34
1.66 8.39212e-32 -7.41075e-34
1.67 1.04691e-31 -9.37315e-34
1.68 1.30428e-31 -1.18386e-33
1.69 1.62278e-31 -1.4932e-33
1.7 2.01643e-31 -1.88079e-33
1.71 2.50235e-31 -2.3658e-33
1.72 3.10142e-31 -2.97191e-33
1.73 3.8391e-31 -3.7284e-33
1.74 4.74634e-31 -4.67136e-33
1.75 5.86077e-31 -5.84528e-33
1.76 7.2281e-31 -7.30492e-33
1.77 8.90374e-31 -9.11756e-33
1.78 1.09548e-30 -1.13659e-32
1.79 1.34626e-30 -1.41512e-32
1.8 1.65253e-30 -1.75976e-32
1.81 2.02616e-30 -2.18572e-32
1.82 2.48143e-30 -2.71155e-32
1.83 3.0356e-30 -3.35994e-32
1.84 3.70942e-30 -4.15853e-32
1.85 4.52783e-30 -5.14103e-32
1.86 5.52081e-30 -6.34841e-32
1.87 6.72433e-30 -7.83055e-32
1.88 8.18151e-30 -9.64797e-32
1.89 9.944e-30 -1.18741e-31
1.9 1.20736e-29 -1.4598e-31
1.91 1.46442e-29 -1.79274e-31
1.92 1.77441e-29 -2.19927e-31
1.93 2.14784e-29 -2.69515e-31
1.94 2.59727e-29 -3.29938e-31
1.95 3.13765e-29 -4.0349e-31
1.96 3.78675e-29 -4.92934e-31
1.97 4.56571e-29 -6.01597e-31
1.98 5.49964e-29 -7.33478e-31
1.99 6.61834e-29 -8.93384e-31
2 7.95711e-29 -1.08708e-30
2.01 9.55782e-29 -1.32149e-30
2.02 1.147e-28 -1.6049e-30
2.03 1.37522e-28 -1.94724e-30
2.04 1.64736e-28 -2.36037e-30
2.05 1.97159e-28 -2.85847e-30
2.06 2.35755e-28 -3.45849e-30
2.07 2.81659e-28 -4.18063e-30
2.08 3.36211e-28 -5.04897e-30
2.09 4.00983e-28 -6.09219e-30
2.1 4.77827e-28 -7.34442e-30
2.11 5.68918e-28 -8.84625e-30
2.12 6.76808e-28 -1.06459e-29
2.13 8.04494e-28 -1.28005e-29
2.14 9.55485e-28 -1.5378e-29
2.15 1.13389e-27 -1.84589e-29
2.16 1.34453e-27 -2.21384e-29
2.17 1.59304e-27 -2.65292e-29
2.18 1.88598e-27 -3.17646e-29
2.19 2.23104e-27 -3.80021e-29
2.2 2.63719e-27 -4.54276e-29
2.21 3.11489e-27 -5.42603e-29
2.22 3.67632e-27 -6.47589e-29
2.23 4.33567e-27 -7.72278e-29
2.24 5.10945e-27 -9.20254e-29
2.25 6.01687e-27 -1.09573e-28
2.26 7.08025e-27 -1.30367e-28
2.27 8.3255e-27 -1.54989e-28
2.28 9.78271e-27 -1.84122e-28
2.29 1.14867e-26 -2.18568e-28
2.3 1.34781e-26 -2.59265e-28
2.31 1.58035e-26 -3.07313e-28
2.32 1.85172e-26 -3.64e-28
2.33 2.16819e-26 -4.30832e-28
2.34 2.53701e-26 -5.09569e-28
2.35 2.96656e-26 -6.02266e-28
2.36 3.46651e-26 -7.11324e-28
2.37 4.048e-26 -8.39543e-28
2.38 4.72391e-26 -9.90186e-28
2.39 5.50907e-26 -1.16706e-27
2.4 6.42054e-26 -1.37458e-27
2.41 7.47799e-26 -1.61791e-27
2.42 8.70404e-26 -1.90303e-27
2.43 1.01247e-25 -2.23692e-27
2.44 1.17698e-25 -2.62764e-27
2.45 1.36736e-25 -3.08458e-27
2.46 1.58756e-25 -3.61864e-27
2.47 1.84209e-25 -4.24241e-27
2.48 2.13612e-25 -4.97053e-27
2.49 2.47559e-25 -5.81991e-27
2.5 2.86729e-25 -6.81014e-27
2.51 3.31899e-25 -7.96386e-27
2.52 3.83958e-25 -9.30726e-27
2.53 4.43923e-25 -1.08706e-26
2.54 5.12956e-25 -1.26887e-26
2.55 5.92382e-25 -1.48019e-26
2.56 6.83716e-25 -1.72566e-26
2.57 7.88684e-25 -2.01065e-26
2.58 9.09256e-25 -2.3413e-26
2.59 1.04768e-24 -2.72472e-26
2.6 1.2065e-24 -3.16908e-26
2.61 1.38864e-24 -3.68376e-26
2.62 1.5974e-24 -4.27956e-26
2.63 1.83655e-24 -4.96888e-26
2.64 2.11037e-24 -5.76594e-26
2.65 2.42372e-24 -6.68709e-26
2.66 2.78212e-24 -7.75105e-26
2.67 3.19185e-24 -8.97929e-26
2.68 3.66002e-24 -1.03964e-25
2.69 4.19467e-24 -1.20306e-25
2.7 4.80497e-24 -1.3914e-25
2.71 5.50125e-24 -1.60836e-25
2.72 6.29523e-24 -1.85814e-25
2.73 7.2002e-24 -2.14558e-25
2.74 8.23116e-24 -2.47616e-25
2.75 9.40507e-24 -2.85617e-25
2.76 1.07411e-23 -3.29277e-25
2.77 1.2261e-23 -3.79413e-25
2.78 1.39891e-23 -4.36958e-25
2.79 1.59532e-23 -5.02972e-25
2.8 1.81843e-23 -5.78663e-25
2.81 2.07176e-23 -6.65408e-25
2.82 2.35927e-23 -7.6477e-25
2.83 2.68542e-23 -8.7853e-25
2.84 3.05525e-23 -1.00871e-24
2.85 3.4744e-23 -1.15761e-24
2.86 3.94925e-23 -1.32783e-24
2.87 4.48695e-23 -1.52234e-24
2.88 5.09557e-23 -1.7445e-24
2.89 5.78414e-23 -1.99811e-24
2.9 6.56284e-23 -2.2875e-24
2.91 7.44308e-23 -2.61755e-24
2.92 8.43767e-23 -2.9938e-24
2.93 9.56099e-23 -3.42253e-24
2.94 1.08292e-22 -3.91082e-24
2.95 1.22603e-22 -4.46669e-24
2.96 1.38746e-22 -5.09922e-24
2.97 1.56947e-22 -5.81863e-24
2.98 1.77462e-22 -6.63652e-24
2.99 2.00574e-22 -7.56592e-24
3 2.26602e-22 -8.62159e-24
3.01 2.55901e-22 -9.82014e-24
3.02 2.8887e-22 -1.11803e-23
3.03 3.25953e-22 -1.27232e-23
3.04 3.67648e-22 -1.44727e-23
3.05 4.14508e-22 -1.64554e-23
3.06 4.67155e-22 -1.87016e-23
3.07 5.26278e-22 -2.12452e-23
3.08 5.9265e-22 -2.41243e-23
3.09 6.6713e-22 -2.73818e-23
3.1 7.50677e-22 -3.10659e-23
3.11 8.44359e-22 -3.52307e-23
3.12 9.49366e-22 -3.99369e-23
3.13 1.06702e-21 -4.52528e-23
3.14 1.1988e-21 -5.12548e-23
3.15 1.34635e-21 -5.80286e-23
3.16 1.51149e-21 -6.56705e-23
3.17 1.69625e-21 -7.42882e-23
3.18 1.90289e-21 -8.40023e-23
3.19 2.13391e-21 -9.49479e-23
3.2 2.3921e-21 -1.07276e-22
3.21 2.68055e-21 -1.21156e-22
3.22 3.00269e-21 -1.36778e-22
3.23 3.36234e-21 -1.54351e-22
3.24 3.76371e-21 -1.74114e-22
3.25 4.21149e-21 -1.96329e-22
3.26 4.71088e-21 -2.21291e-22
3.27 5.26763e-21 -2.49329e-22
3.28 5.88812e-21 -2.80811e-22
3.29 6.57941e-21 -3.16145e-22
3.3 7.34932e-21 -3.55788e-22
3.31 8.20649e-21 -4.00248e-22
3.32 9.16051e-21 -4.50092e-22
3.33 1.0222e-20 -5.05951e-22
3.34 1.14025e-20 -5.68528e-22
3.35 1.27152e-20 -6.38603e-22
3.36 1.41742e-20 -7.17048e-22
3.37 1.57954e-20 -8.04828e-22
3.38 1.75962e-20 -9.03019e-22
3.39 1.95959e-20 -1.01282e-21
3.4 2.18157e-20 -1.13554e-21
3.41 2.4279e-20 -1.27268e-21
3.42 2.70118e-20 -1.42586e-21
3.43 3.00424e-20 -1.59689e-21
3.44 3.34025e-20 -1.7878e-21
3.45 3.71265e-20 -2.00081e-21
3.46 4.12527e-20 -2.2384e-21
3.47 4.58231e-20 -2.50332e-21
3.48 5.08839e-20 -2.79859e-21
3.49 5.6486e-20 -3.1276e-21
3.5 6.26855e-20 -3.49405e-21
3.51 6.9544e-20 -3.90208e-21
3.52 7.71293e-20 -4.35625e-21
3.53 8.5516e-20 -4.86159e-21
3.54 9.47857e-20 -5.4237e-21
3.55 1.05029e-19 -6.04872e-21
3.56 1.16344e-19 -6.74346e-21
3.57 1.28839e-19 -7.51545e-21
3.58 1.42635e-19 -8.37299e-21
3.59 1.57861e-19 -9.32525e-21
3.6 1.7466e-19 -1.03823e-20
3.61 1.93192e-19 -1.15554e-20
3.62 2.13627e-19 -1.28567e-20
3.63 2.36156e-19 -1.42998e-20
3.64 2.60986e-19 -1.58997e-20
3.65 2.88343e-19 -1.76729e-20
3.66 3.18478e-19 -1.96373e-20
3.67 3.51663e-19 -2.18131e-20
3.68 3.88196e-19 -2.42221e-20
3.69 4.28404e-19 -2.68885e-20
3.7 4.72645e-19 -2.98388e-20
3.71 5.2131e-19 -3.31024e-20
3.72 5.74827e-19 -3.67113e-20
3.73 6.33664e-19 -4.07007e-20
3.74 6.98332e-19 -4.51095e-20
3.75 7.69391e-19 -4.99803e-20
3.76 8.4745e-19 -5.53598e-20
3.77 9.33178e-19 -6.12992e-20
3.78 1.0273e-18 -6.7855e-20
3.79 1.13062e-18 -7.50888e-20
3.8 1.244e-18 -8.30684e-20
3.81 1.36838e-18 -9.1868e-20
3.82 1.50481e-18 -1.01569e-19
3.83 1.6544e-18 -1.12261e-19
3.84 1.81839e-18 -1.2404e-19
3.85 1.99812e-18 -1.37015e-19
3.86 2.19505e-18 -1.51302e-19
3.87 2.41077e-18 -1.67029e-19
3.88 2.64701e-18 -1.84337e-19
3.89 2.90567e-18 -2.03378e-19
3.9 3.18879e-18 -2.24321e-19
3.91 3.49862e-18 -2.47349e-19
3.92 3.83758e-18 -2.72661e-19
3.93 4.20834e-18 -3.00477e-19
3.94 4.61378e-18 -3.31036e-19
3.95 5.05702e-18 -3.64598e-19
3.96 5.54149e-18 -4.0145e-19
3.97 6.07088e-18 -4.419e-19
3.98 6.64922e-18 -4.8629e-19
3.99 7.28089e-18 -5.34989e-19
4 7.97065e-18 -5.884e-19
4.01 8.72365e-18 -6.46964e-19
4.02 9.54551e-18 -7.1116e-19
4.03 1.04423e-17 -7.8151e-19
4.04 1.14207e-17 -8.58585e-19
4.05 1.24877e-17 -9.43003e-19
4.06 1.36513e-17 -1.03544e-18
4.07 1.49198e-17 -1.13663e-18
4.08 1.63023e-17 -1.24738e-18
4.09 1.78089e-17 -1.36855e-18
4.1 1.94502e-17 -1.50108e-18
4.11 2.12379e-17 -1.64602e-18
4.12 2.31846e-17 -1.80448e-18
4.13 2.5304e-17 -1.97767e-18
4.14 2.76109e-17 -2.16691e-18
4.15 3.01213e-17 -2.37364e-18
4.16 3.28525e-17 -2.59942e-18
4.17 3.58235e-17 -2.84595e-18
4.18 3.90544e-17 -3.11505e-18
4.19 4.25673e-17 -3.40873e-18
4.2 4.63859e-17 -3.72914e-18
4.21 5.05361e-17 -4.07864e-18
4.22 5.50455e-17 -4.45977e-18
4.23 5.99442e-17 -4.87528e-18
4.24 6.52649e-17 -5.32818e-18
4.25 7.10424e-17 -5.8217e-18
4.26 7.73148e-17 -6.35936e-18
4.27 8.41231e-17 -6.94496e-18
4.28 9.15114e-17 -7.58263e-18
4.29 9.95276e-17 -8.27682e-18
4.3 1.08223e-16 -9.03237e-18
4.31 1.17654e-16 -9.8545e-18
4.32 1.27879e-16 -1.07489e-17
4.33 1.38965e-16 -1.17216e-17
4.34 1.5098e-16 -1.27793e-17
4.35 1.64e-16 -1.39292e-17
4.36 1.78107e-16 -1.51789e-17
4.37 1.93387e-16 -1.65368e-17
4.38 2.09936e-16 -1.8012e-17
4.39 2.27854e-16 -1.96142e-17
4.4 2.47253e-16 -2.1354e-17
4.41 2.68248e-16 -2.32428e-17
4.42 2.90969e-16 -2.52927e-17
4.43 3.15551e-16 -2.75172e-17
4.44 3.42142e-16 -2.99305e-17
4.45 3.709e-16 -3.2548e-17
4.46 4.01997e-16 -3.53865e-17
4.47 4.35616e-16 -3.84639e-17
4.48 4.71954e-16 -4.17995e-17
4.49 5.11225e-16 -4.54143e-17
4.5 5.53656e-16 -4.93307e-17
4.51 5.99494e-16 -5.35731e-17
4.52 6.49002e-16 -5.81675e-17
4.53 7.02465e-16 -6.31421e-17
4.54 7.60188e-16 -6.85272e-17
4.55 8.22499e-16 -7.43555e-17
4.56 8.8975e-16 -8.06621e-17
4.57 9.62319e-16 -8.74848e-17
4.58 1.04061e-15 -9.48643e-17
4.59 1.12507e-15 -1.02844e-16
4.6 1.21615e-15 -1.11472e-16
4.61 1.31437e-15 -1.20798e-16
4.62 1.42025e-15 -1.30877e-16
4.63 1.53439e-15 -1.41767e-16
4.64 1.6574e-15 -1.53532e-16
4.65 1.78994e-15 -1.66238e-16
4.66 1.93274e-15 -1.79959e-16
4.67 2.08655e-15 -1.94772e-16
4.68 2.2522e-15 -2.10761e-16
4.69 2.43057e-15 -2.28017e-16
4.7 2.6226e-15 -2.46636e-16
4.71 2.8293e-15 -2.66721e-16
4.72 3.05176e-15 -2.88384e-16
4.73 3.29113e-15 -3.11744e-16
4.74 3.54865e-15 -3.3693e-16
4.75 3.82566e-15 -3.64078e-16
4.76 4.12359e-15 -3.93336e-16
4.77 4.44394e-15 -4.24862e-16
4.78 4.78837e-15 -4.58825e-16
4.79 5.1586e-15 -4.95407e-16
4.8 5.55652e-15 -5.34802e-16
4.81 5.98412e-15 -5.77219e-16
4.82 6.44353e-15 -6.22881e-16
4.83 6.93705e-15 -6.72026e-16
4.84 7.46712e-15 -7.24911e-16
4.85 8.03635e-15 -7.8181e-16
4.86 8.64753e-15 -8.43017e-16
4.87 9.30366e-15 -9.08844e-16
4.88 1.00079e-14 -9.79629e-16
4.89 1.07637e-14 -1.05573e-15
4.9 1.15747e-14 -1.13753e-15
4.91 1.24448e-14 -1.22545e-15
4.92 1.33781e-14 -1.31992e-15
4.93 1.43791e-14 -1.42141e-15
4.94 1.54525e-14 -1.53043e-15
4.95 1.66034e-14 -1.64751e-15
4.96 1.78371e-14 -1.77323e-15
4.97 1.91595e-14 -1.9082e-15
4.98 2.05766e-14 -2.05307e-15
4.99 2.20951e-14 -2.20856e-15
5 2.37219e-14 -2.37539e-15
5.01 2.54645e-14 -2.55438e-15
5.02 2.73308e-14 -2.74638e-15
5.03 2.93294e-14 -2.95229e-15
5.04 3.14693e-14 -3.17309e-15
5.05 3.37601e-14 -3.40981e-15
5.06 3.62121e-14 -3.66355e-15
5.07 3.88362e-14 -3.93551e-15
5.08 4.16442e-14 -4.22693e-15
5.09 4.46485e-14 -4.53916e-15
5.1 4.78622e-14 -4.87363e-15
5.11 5.12995e-14 -5.23186e-15
5.12 5.49755e-14 -5.61547e-15
5.13 5.89061e-14 -6.02621e-15
5.14 6.31083e-14 -6.46592e-15
5.15 6.76003e-14 -6.93656e-15
5.16 7.24013e-14 -7.44022e-15
5.17 7.75319e-14 -7.97915e-15
5.18 8.30139e-14 -8.55571e-15
5.19 8.88706e-14 -9.17245e-15
5.2 9.51266e-14 -9.83204e-15
5.21 1.01808e-13 -1.05374e-14
5.22 1.08944e-13 -1.12915e-14
5.23 1.16562e-13 -1.20976e-14
5.24 1.24696e-13 -1.29592e-14
5.25 1.33378e-13 -1.388e-14
5.26 1.42644e-13 -1.48639e-14
5.27 1.52532e-13 -1.5915e-14
5.28 1.63083e-13 -1.70377e-14
5.29 1.7434e-13 -1.82368e-14
5.3 1.86347e-13 -1.95173e-14
5.31 1.99153e-13 -2.08845e-14
5.32 2.1281e-13 -2.23439e-14
5.33 2.27372e-13 -2.39017e-14
5.34 2.42896e-13 -2.55642e-14
5.35 2.59445e-13 -2.73382e-14
5.36 2.77084e-13 -2.92309e-14
5.37 2.95881e-13 -3.12498e-14
5.38 3.15911e-13 -3.34032e-14
5.39 3.37251e-13 -3.56997e-14
5.4 3.59983e-13 -3.81484e-14
5.41 3.84197e-13 -4.07589e-14
5.42 4.09984e-13 -4.35417e-14
5.43 4.37444e-13 -4.65076e-14
5.44 4.6668e-13 -4.96683e-14
5.45 4.97805e-13 -5.3036e-14
5.46 5.30935e-13 -5.66239e-14
5.47 5.66196e-13 -6.04457e-14
5.48 6.03719e-13 -6.45162e-14
5.49 6.43645e-13 -6.8851e-14
5.5 6.86122e-13 -7.34664e-14
5.51 7.31307e-13 -7.83802e-14
5.52 7.79368e-13 -8.36107e-14
5.53 8.30479e-13 -8.91777e-14
5.54 8.84829e-13 -9.5102e-14
5.55 9.42615e-13 -1.01406e-13
5.56 1.00405e-12 -1.08112e-13
5.57 1.06935e-12 -1.15246e-13
5.58 1.13875e-12 -1.22834e-13
5.59 1.2125e-12 -1.30903e-13
5.6 1.29087e-12 -1.39483e-13
5.61 1.37413e-12 -1.48606e-13
5.62 1.46258e-12 -1.58303e-13
5.63 1.55653e-12 -1.68611e-13
5.64 1.65631e-12 -1.79565e-13
5.65 1.76226e-12 -1.91206e-13
5.66 1.87477e-12 -2.03573e-13
5.67 1.99421e-12 -2.16712e-13
5.68 2.121e-12 -2.30668e-13
5.69 2.25557e-12 -2.45491e-13
5.7 2.3984e-12 -2.61231e-13
5.71 2.54995e-12 -2.77945e-13
5.72 2.71076e-12 -2.95689e-13
5.73 2.88137e-12 -3.14525e-13
5.74 3.06234e-12 -3.34517e-13
5.75 3.25429e-12 -3.55734e-13
5.76 3.45786e-12 -3.78249e-13
5.77 3.67372e-12 -4.02137e-13
5.78 3.9026e-12 -4.27478e-13
5.79 4.14526e-12 -4.5436e-13
5.8 4.40248e-12 -4.8287e-13
5.81 4.67511e-12 -5.13105e-13
5.82 4.96405e-12 -5.45164e-13
5.83 5.27024e-12 -5.79154e-13
5.84 5.59466e-12 -6.15187e-13
5.85 5.93836e-12 -6.5338e-13
5.86 6.30245e-12 -6.93858e-13
5.87 6.6881e-12 -7.36754e-13
5.88 7.09653e-12 -7.82205e-13
5.89 7.52904e-12 -8.30359e-13
5.9 7.98701e-12 -8.8137e-13
5.91 8.47187e-12 -9.35401e-13
5.92 8.98515e-12 -9.92625e-13
5.93 9.52846e-12 -1.05322e-12
5.94 1.01035e-11 -1.11738e-12
5.95 1.0712e-11 -1.18531e-12
5.96 1.13559e-11 -1.25722e-12
5.97 1.20372e-11 -1.33334e-12
5.98 1.27579e-11 -1.41389e-12
5.99 1.35203e-11 -1.49914e-12
6 1.43267e-11 -1.58934e-12
6.01 1.51795e-11 -1.68477e-12
6.02 1.60812e-11 -1.78572e-12
6.03 1.70348e-11 -1.8925e-12
6.04 1.80428e-11 -2.00543e-12
6.05 1.91085e-11 -2.12486e-12
6.06 2.02349e-11 -2.25115e-12
6.07 2.14254e-11 -2.38466e-12
6.08 2.26835e-11 -2.52581e-12
6.09 2.40129e-11 -2.675e-12
6.1 2.54175e-11 -2.8327e-12
6.11 2.69015e-11 -2.99934e-12
6.12 2.8469e-11 -3.17544e-12
6.13 3.01246e-11 -3.3615e-12
6.14 3.18732e-11 -3.55806e-12
6.15 3.37198e-11 -3.7657e-12
6.16 3.56695e-11 -3.98502e-12
6.17 3.77281e-11 -4.21664e-12
6.18 3.99013e-11 -4.46124e-12
6.19 4.21953e-11 -4.71951e-12
6.2 4.46166e-11 -4.99219e-12
6.21 4.7172e-11 -5.28005e-12
6.22 4.98685e-11 -5.5839e-12
6.23 5.27138e-11 -5.9046e-12
6.24 5.57157e-11 -6.24305e-12
6.25 5.88826e-11 -6.60019e-12
6.26 6.22232e-11 -6.97702e-12
6.27 6.57466e-11 -7.37457e-12
6.28 6.94624e-11 -7.79395e-12
6.29 7.33809e-11 -8.23632e-12
6.3 7.75127e-11 -8.70287e-12
6.31 8.18688e-11 -9.19488e-12
6.32 8.64612e-11 -9.7137e-12
6.33 9.1302e-11 -1.02607e-11
6.34 9.64043e-11 -1.08374e-11
6.35 1.01782e-10 -1.14453e-11
6.36 1.07448e-10 -1.20861e-11
6.37 1.13419e-10 -1.27615e-11
6.38 1.1971e-10 -1.34732e-11
6.39 1.26338e-10 -1.42231e-11
6.4 1.3332e-10 -1.50133e-11
6.41 1.40673e-10 -1.58457e-11
6.42 1.48418e-10 -1.67226e-11
6.43 1.56574e-10 -1.76463e-11
6.44 1.65162e-10 -1.86191e-11
6.45 1.74205e-10 -1.96435e-11
6.46 1.83725e-10 -2.07223e-11
6.47 1.93747e-10 -2.18581e-11
6.48 2.04296e-10 -2.30539e-11
6.49 2.15399e-10 -2.43128e-11
6.5 2.27083e-10 -2.56378e-11
6.51 2.39379e-10 -2.70324e-11
6.52 2.52317e-10 -2.85001e-11
6.53 2.65929e-10 -3.00445e-11
6.54 2.80249e-10 -3.16695e-11
6.55 2.95313e-10 -3.33792e-11
6.56 3.11157e-10 -3.51778e-11
6.57 3.27821e-10 -3.70697e-11
6.58 3.45345e-10 -3.90596e-11
6.59 3.63773e-10 -4.11525e-11
6.6 3.83148e-10 -4.33533e-11
6.61 4.03518e-10 -4.56675e-11
6.62 4.24932e-10 -4.81006e-11
6.63 4.47442e-10 -5.06586e-11
6.64 4.71101e-10 -5.33476e-11
6.65 4.95966e-10 -5.61741e-11
6.66 5.22095e-10 -5.91447e-11
6.67 5.49552e-10 -6.22667e-11
6.68 5.784e-10 -6.55474e-11
6.69 6.08709e-10 -6.89945e-11
6.7 6.40547e-10 -7.26161e-11
6.71 6.73991e-10 -7.64209e-11
6.72 7.09117e-10 -8.04176e-11
6.73 7.46008e-10 -8.46156e-11
6.74 7.84748e-10 -8.90246e-11
6.75 8.25427e-10 -9.36547e-11
6.76 8.68138e-10 -9.85168e-11
6.77 9.12979e-10 -1.03622e-10
6.78 9.60051e-10 -1.08982e-10
6.79 1.00946e-09 -1.14608e-10
6.8 1.06132e-09 -1.20515e-10
6.81 1.11575e-09 -1.26714e-10
6.82 1.17287e-09 -1.33221e-10
6.83 1.2328e-09 -1.40049e-10
6.84 1.29569e-09 -1.47214e-10
6.85 1.36167e-09 -1.54732e-10
6.86 1.43088e-09 -1.6262e-10
6.87 1.50348e-09 -1.70894e-10
6.88 1.57963e-09 -1.79574e-10
6.89 1.65949e-09 -1.88679e-10
6.9 1.74325e-09 -1.98227e-10
6.91 1.83108e-09 -2.08241e-10
6.92 1.92317e-09 -2.18742e-10
6.93 2.01971e-09 -2.29752e-10
6.94 2.12093e-09 -2.41296e-10
6.95 2.22704e-09 -2.53398e-10
6.96 2.33825e-09 -2.66085e-10
6.97 2.45482e-09 -2.79382e-10
6.98 2.57698e-09 -2.9332e-10
6.99 2.70499e-09 -3.07926e-10
7 2.83913e-09 -3.23232e-10
7.01 2.97968e-09 -3.39271e-10
7.02 3.12692e-09 -3.56075e-10
7.03 3.28117e-09 -3.73681e-10
7.04 3.44275e-09 -3.92124e-10
7.05 3.61199e-09 -4.11443e-10
7.06 3.78924e-09 -4.31678e-10
7.07 3.97486e-09 -4.5287e-10
7.08 4.16924e-09 -4.75063e-10
7.09 4.37276e-09 -4.98303e-10
7.1 4.58586e-09 -5.22637e-10
7.11 4.80895e-09 -5.48114e-10
7.12 5.04248e-09 -5.74787e-10
7.13 5.28694e-09 -6.02707e-10
7.14 5.5428e-09 -6.31933e-10
7.15 5.81058e-09 -6.62522e-10
7.16 6.09081e-09 -6.94535e-10
7.17 6.38405e-09 -7.28037e-10
7.18 6.69088e-09 -7.63093e-10
7.19 7.0119e-09 -7.99773e-10
7.2 7.34775e-09 -8.38149e-10
7.21 7.69907e-09 -8.78296e-10
7.22 8.06657e-09 -9.20293e-10
7.23 8.45094e-09 -9.64221e-10
7.24 8.85293e-09 -1.01017e-09
7.25 9.27333e-09 -1.05822e-09
7.26 9.71293e-09 -1.10847e-09
7.27 1.01726e-08 -1.16101e-09
7.28 1.06532e-08 -1.21595e-09
7.29 1.11556e-08 -1.27339e-09
7.3 1.16808e-08 -1.33344e-09
7.31 1.22299e-08 -1.39621e-09
7.32 1.28037e-08 -1.46182e-09
7.33 1.34034e-08 -1.5304e-09
7.34 1.40302e-08 -1.60207e-09
7.35 1.46852e-08 -1.67697e-09
7.36 1.53696e-08 -1.75524e-09
7.37 1.60846e-08 -1.83702e-09
7.38 1.68317e-08 -1.92246e-09
7.39 1.76121e-08 -2.01172e-09
7.4 1.84273e-08 -2.10497e-09
7.41 1.92788e-08 -2.20237e-09
7.42 2.01682e-08 -2.3041e-09
7.43 2.1097e-08 -2.41035e-09
7.44 2.20669e-08 -2.52132e-09
7.45 2.30798e-08 -2.63719e-09
7.46 2.41373e-08 -2.75818e-09
7.47 2.52414e-08 -2.88451e-09
7.48 2.63941e-08 -3.01639e-09
7.49 2.75974e-08 -3.15408e-09
7.5 2.88534e-08 -3.2978e-09
7.51 3.01644e-08 -3.44782e-09
7.52 3.15327e-08 -3.6044e-09
7.53 3.29606e-08 -3.76781e-09
7.54 3.44507e-08 -3.93834e-09
7.55 3.60056e-08 -4.11629e-09
7.56 3.76279e-08 -4.30196e-09
7.57 3.93205e-08 -4.49568e-09
7.58 4.10862e-08 -4.69778e-09
7.59 4.29282e-08 -4.90862e-09
7.6 4.48495e-08 -5.12854e-09
7.61 4.68535e-08 -5.35793e-09
7.62 4.89435e-08 -5.59718e-09
7.63 5.11231e-08 -5.84669e-09
7.64 5.3396e-08 -6.10689e-09
7.65 5.5766e-08 -6.37821e-09
7.66 5.82371e-08 -6.66111e-09
7.67 6.08134e-08 -6.95606e-09
7.68 6.34992e-08 -7.26356e-09
7.69 6.62989e-08 -7.58412e-09
7.7 6.92173e-08 -7.91826e-09
7.71 7.22591e-08 -8.26655e-09
7.72 7.54293e-08 -8.62954e-09
7.73 7.87331e-08 -9.00785e-09
7.74 8.21759e-08 -9.40208e-09
7.75 8.57633e-08 -9.81288e-09
7.76 8.95012e-08 -1.02409e-08
7.77 9.33955e-08 -1.06869e-08
7.78 9.74526e-08 -1.11515e-08
7.79 1.01679e-07 -1.16355e-08
7.8 1.06081e-07 -1.21397e-08
7.81 1.10667e-07 -1.26649e-08
7.82 1.15443e-07 -1.32118e-08
7.83 1.20416e-07 -1.37815e-08
7.84 1.25596e-07 -1.43747e-08
7.85 1.30989e-07 -1.49924e-08
7.86 1.36605e-07 -1.56357e-08
7.87 1.42452e-07 -1.63054e-08
7.88 1.48539e-07 -1.70026e-08
7.89 1.54876e-07 -1.77285e-08
7.9 1.61472e-07 -1.84841e-08
7.91 1.68338e-07 -1.92706e-08
7.92 1.75485e-07 -2.00893e-08
7.93 1.82923e-07 -2.09413e-08
7.94 1.90663e-07 -2.1828e-08
7.95 1.98717e-07 -2.27507e-08
7.96 2.07099e-07 -2.37109e-08
7.97 2.15819e-07 -2.47099e-08
7.98 2.24892e-07 -2.57493e-08
7.99 2.34331e-07 -2.68307e-08
8 2.4415e-07 -2.79556e-08
8.01 2.54364e-07 -2.91259e-08
8.02 2.64988e-07 -3.03431e-08
8.03 2.76037e-07 -3.1609e-08
8.04 2.87529e-07 -3.29257e-08
8.05 2.9948e-07 -3.4295e-08
8.06 3.11907e-07 -3.57189e-08
8.07 3.24829e-07 -3.71995e-08
8.08 3.38265e-07 -3.8739e-08
8.09 3.52233e-07 -4.03396e-08
8.1 3.66755e-07 -4.20036e-08
8.11 3.81852e-07 -4.37334e-08
8.12 3.97544e-07 -4.55316e-08
8.13 4.13855e-07 -4.74006e-08
8.14 4.30808e-07 -4.93432e-08
8.15 4.48426e-07 -5.13622e-08
8.16 4.66736e-07 -5.34604e-08
8.17 4.85763e-07 -5.56407e-08
8.18 5.05533e-07 -5.79064e-08
8.19 5.26075e-07 -6.02604e-08
8.2 5.47417e-07 -6.27062e-08
8.21 5.69589e-07 -6.52472e-08
8.22 5.92623e-07 -6.78869e-08
8.23 6.16549e-07 -7.06289e-08
8.24 6.41402e-07 -7.34771e-08
8.25 6.67214e-07 -7.64354e-08
8.26 6.94023e-07 -7.95078e-08
8.27 7.21864e-07 -8.26986e-08
8.28 7.50775e-07 -8.60122e-08
8.29 7.80797e-07 -8.94529e-08
8.3 8.11969e-07 -9.30256e-08
8.31 8.44333e-07 -9.67349e-08
8.32 8.77934e-07 -1.00586e-07
8.33 9.12816e-07 -1.04584e-07
8.34 9.49026e-07 -1.08734e-07
8.35 9.86613e-07 -1.13042e-07
8.36 1.02563e-06 -1.17514e-07
8.37 1.06612e-06 -1.22155e-07
8.38 1.10814e-06 -1.26972e-07
8.39 1.15175e-06 -1.3197e-07
8.4 1.197e-06 -1.37157e-07
8.41 1.24396e-06 -1.42539e-07
8.42 1.29268e-06 -1.48124e-07
8.43 1.34323e-06 -1.53918e-07
8.44 1.39567e-06 -1.59929e-07
8.45 1.45007e-06 -1.66165e-07
8.46 1.50651e-06 -1.72634e-07
8.47 1.56504e-06 -1.79344e-07
8.48 1.62576e-06 -1.86304e-07
8.49 1.68873e-06 -1.93522e-07
8.5 1.75403e-06 -2.01008e-07
8.51 1.82176e-06 -2.08771e-07
8.52 1.89199e-06 -2.16822e-07
8.53 1.96481e-06 -2.25169e-07
8.54 2.04031e-06 -2.33824e-07
8.55 2.11859e-06 -2.42798e-07
8.56 2.19974e-06 -2.52101e-07
8.57 2.28387e-06 -2.61746e-07
8.58 2.37108e-06 -2.71743e-07
8.59 2.46148e-06 -2.82106e-07
8.6 2.55518e-06 -2.92847e-07
8.61 2.65229e-06 -3.0398e-07
8.62 2.75293e-06 -3.15517e-07
8.63 2.85722e-06 -3.27473e-07
8.64 2.9653e-06 -3.39863e-07
8.65 3.07728e-06 -3.52702e-07
8.66 3.19332e-06 -3.66004e-07
8.67 3.31354e-06 -3.79786e-07
8.68 3.43809e-06 -3.94065e-07
8.69 3.56711e-06 -4.08857e-07
8.7 3.70077e-06 -4.24181e-07
8.71 3.83922e-06 -4.40053e-07
8.72 3.98263e-06 -4.56494e-07
8.73 4.13116e-06 -4.73522e-07
8.74 4.28498e-06 -4.91157e-07
8.75 4.44428e-06 -5.09421e-07
8.76 4.60925e-06 -5.28334e-07
8.77 4.78007e-06 -5.47918e-07
8.78 4.95695e-06 -5.68197e-07
8.79 5.14008e-06 -5.89193e-07
8.8 5.32968e-06 -6.1093e-07
8.81 5.52596e-06 -6.33435e-07
8.82 5.72916e-06 -6.56731e-07
8.83 5.9395e-06 -6.80847e-07
8.84 6.15722e-06 -7.05809e-07
8.85 6.38257e-06 -7.31646e-07
8.86 6.61581e-06 -7.58387e-07
8.87 6.85718e-06 -7.86062e-07
8.88 7.10698e-06 -8.14701e-07
8.89 7.36547e-06 -8.44338e-07
8.9 7.63294e-06 -8.75005e-07
8.91 7.9097e-06 -9.06736e-07
8.92 8.19604e-06 -9.39567e-07
8.93 8.49229e-06 -9.73533e-07
8.94 8.79876e-06 -1.00867e-06
8.95 9.1158e-06 -1.04502e-06
8.96 9.44376e-06 -1.08263e-06
8.97 9.78298e-06 -1.12152e-06
8.98 1.01338e-05 -1.16175e-06
8.99 1.04967e-05 -1.20336e-06
9 1.0872e-05 -1.24639e-06
9.01 1.12601e-05 -1.29089e-06
9.02 1.16615e-05 -1.3369e-06
9.03 1.20764e-05 -1.38448e-06
9.04 1.25055e-05 -1.43368e-06
9.05 1.29492e-05 -1.48455e-06
9.06 1.34079e-05 -1.53715e-06
9.07 1.38821e-05 -1.59152e-06
9.08 1.43722e-05 -1.64772e-06
9.09 1.4879e-05 -1.70582e-06
9.1 1.54027e-05 -1.76588e-06
9.11 1.59441e-05 -1.82795e-06
9.12 1.65036e-05 -1.89211e-06
9.13 1.70819e-05 -1.95841e-06
9.14 1.76795e-05 -2.02694e-06
9.15 1.8297e-05 -2.09775e-06
9.16 1.89352e-05 -2.17092e-06
9.17 1.95945e-05 -2.24652e-06
9.18 2.02758e-05 -2.32464e-06
9.19 2.09797e-05 -2.40535e-06
9.2 2.17069e-05 -2.48873e-06
9.21 2.24581e-05 -2.57487e-06
9.22 2.32341e-05 -2.66385e-06
9.23 2.40357e-05 -2.75576e-06
9.24 2.48636e-05 -2.8507e-06
9.25 2.57188e-05 -2.94876e-06
9.26 2.6602e-05 -3.05003e-06
9.27 2.75141e-05 -3.15462e-06
9.28 2.84561e-05 -3.26263e-06
9.29 2.94288e-05 -3.37416e-06
9.3 3.04331e-05 -3.48933e-06
9.31 3.14702e-05 -3.60825e-06
9.32 3.2541e-05 -3.73103e-06
9.33 3.36464e-05 -3.85779e-06
9.34 3.47877e-05 -3.98866e-06
9.35 3.59659e-05 -4.12375e-06
9.36 3.7182e-05 -4.26321e-06
9.37 3.84374e-05 -4.40716e-06
9.38 3.97332e-05 -4.55574e-06
9.39 4.10705e-05 -4.7091e-06
9.4 4.24508e-05 -4.86737e-06
9.41 4.38753e-05 -5.03071e-06
9.42 4.53453e-05 -5.19927e-06
9.43 4.68622e-05 -5.37322e-06
9.44 4.84274e-05 -5.5527e-06
9.45 5.00424e-05 -5.73789e-06
9.46 5.17087e-05 -5.92897e-06
9.47 5.34279e-05 -6.12611e-06
9.48 5.52015e-05 -6.32948e-06
9.49 5.70311e-05 -6.53929e-06
9.5 5.89185e-05 -6.75571e-06
9.51 6.08654e-05 -6.97896e-06
9.52 6.28735e-05 -7.20923e-06
9.53 6.49446e-05 -7.44673e-06
9.54 6.70807e-05 -7.69168e-06
9.55 6.92837e-05 -7.94429e-06
9.56 7.15555e-05 -8.20481e-06
9.57 7.38982e-05 -8.47345e-06
9.58 7.63139e-05 -8.75046e-06
9.59 7.88047e-05 -9.03609e-06
9.6 8.13729e-05 -9.33059e-06
9.61 8.40208e-05 -9.63422e-06
9.62 8.67505e-05 -9.94724e-06
9.63 8.95647e-05 -1.02699e-05
9.64 9.24657e-05 -1.06026e-05
9.65 9.5456e-05 -1.09455e-05
9.66 9.85383e-05 -1.1299e-05
9.67 0.000101715 -1.16633e-05
9.68 0.00010499 -1.20388e-05
9.69 0.000108364 -1.24257e-05
9.7 0.000111842 -1.28245e-05
9.71 0.000115426 -1.32355e-05
9.72 0.000119119 -1.3659e-05
9.73 0.000122924 -1.40954e-05
9.74 0.000126845 -1.4545e-05
9.75 0.000130885 -1.50082e-05
9.76 0.000135047 -1.54855e-05
9.77 0.000139335 -1.59772e-05
9.78 0.000143752 -1.64838e-05
9.79 0.000148302 -1.70055e-05
9.8 0.000152989 -1.7543e-05
9.81 0.000157817 -1.80966e-05
9.82 0.000162789 -1.86669e-05
9.83 0.000167911 -1.92541e-05
9.84 0.000173185 -1.9859e-05
9.85 0.000178617 -2.04819e-05
9.86 0.00018421 -2.11233e-05
9.87 0.00018997 -2.17838e-05
9.88 0.000195901 -2.24639e-05
9.89 0.000202008 -2.31642e-05
9.9 0.000208295 -2.38852e-05
9.91 0.000214768 -2.46275e-05
9.92 0.000221432 -2.53917e-05
9.93 0.000228292 -2.61784e-05
9.94 0.000235354 -2.69882e-05
9.95 0.000242624 -2.78218e-05
9.96 0.000250106 -2.86799e-05
9.97 0.000257808 -2.9563e-05
9.98 0.000265734 -3.0472e-05
9.99 0.000273892 -3.14075e-05
10 0.000282287 -3.23702e-05
10.01 0.000290926 -3.33609e-05
10.02 0.000299816 -3.43804e-05
10.03 0.000308964 -3.54294e-05
10.04 0.000318376 -3.65087e-05
10.05 0.00032806 -3.76193e-05
10.06 0.000338024 -3.87619e-05
10.07 0.000348274 -3.99373e-05
10.08 0.000358819 -4.11466e-05
10.09 0.000369667 -4.23906e-05
10.1 0.000380826 -4.36702e-05
10.11 0.000392303 -4.49865e-05
10.12 0.000404109 -4.63403e-05
10.13 0.000416252 -4.77327e-05
10.14 0.00042874 -4.91648e-05
10.15 0.000441583 -5.06376e-05
10.16 0.00045479 -5.21522e-05
10.17 0.000468372 -5.37097e-05
10.18 0.000482338 -5.53113e-05
10.19 0.000496698 -5.69581e-05
10.2 0.000511464 -5.86513e-05
10.21 0.000526645 -6.03922e-05
10.22 0.000542252 -6.21821e-05
10.23 0.000558298 -6.40221e-05
10.24 0.000574793 -6.59137e-05
10.25 0.000591749 -6.78582e-05
10.26 0.000609179 -6.9857e-05
10.27 0.000627095 -7.19116e-05
10.28 0.00064551 -7.40233e-05
10.29 0.000664436 -7.61937e-05
10.3 0.000683887 -7.84243e-05
10.31 0.000703877 -8.07167e-05
10.32 0.00072442 -8.30725e-05
10.33 0.00074553 -8.54934e-05
10.34 0.000767222 -8.79809e-05
10.35 0.000789511 -9.0537e-05
10.36 0.000812413 -9.31632e-05
10.37 0.000835942 -9.58615e-05
10.38 0.000860116 -9.86337e-05
10.39 0.000884951 -0.000101482
10.4 0.000910463 -0.000104407
10.41 0.000936671 -0.000107413
10.42 0.000963592 -0.0001105
10.43 0.000991245 -0.000113671
10.44 0.00101965 -0.000116928
10.45 0.00104882 -0.000120274
10.46 0.00107878 -0.000123709
10.47 0.00110955 -0.000127238
10.48 0.00114114 -0.000130861
10.49 0.00117359 -0.000134582
10.5 0.00120691 -0.000138403
10.51 0.00124112 -0.000142327
10.52 0.00127625 -0.000146355
10.53 0.00131232 -0.000150491
10.54 0.00134935 -0.000154737
10.55 0.00138736 -0.000159097
10.56 0.00142639 -0.000163572
10.57 0.00146645 -0.000168167
10.58 0.00150757 -0.000172883
10.59 0.00154979 -0.000177724
10.6 0.00159311 -0.000182692
10.61 0.00163758 -0.000187792
10.62 0.00168323 -0.000193026
10.63 0.00173007 -0.000198398
10.64 0.00177814 -0.000203911
10.65 0.00182747 -0.000209568
10.66 0.00187809 -0.000215373
10.67 0.00193004 -0.00022133
10.68 0.00198333 -0.000227442
10.69 0.00203802 -0.000233713
10.7 0.00209413 -0.000240148
10.71 0.00215169 -0.000246749
10.72 0.00221074 -0.000253521
10.73 0.00227133 -0.000260468
10.74 0.00233347 -0.000267595
10.75 0.00239722 -0.000274906
10.76 0.00246261 -0.000282404
10.77 0.00252967 -0.000290095
10.78 0.00259846 -0.000297984
10.79 0.00266901 -0.000306075
10.8 0.00274137 -0.000314372
10.81 0.00281557 -0.000322881
10.82 0.00289166 -0.000331607
10.83 0.00296968 -0.000340555
10.84 0.00304969 -0.00034973
10.85 0.00313173 -0.000359138
10.86 0.00321584 -0.000368784
10.87 0.00330208 -0.000378674
10.88 0.0033905 -0.000388813
10.89 0.00348114 -0.000399208
10.9 0.00357406 -0.000409864
10.91 0.00366931 -0.000420787
10.92 0.00376695 -0.000431985
10.93 0.00386704 -0.000443462
10.94 0.00396962 -0.000455226
10.95 0.00407476 -0.000467284
10.96 0.00418252 -0.000479642
10.97 0.00429296 -0.000492306
10.98 0.00440614 -0.000505286
10.99 0.00452212 -0.000518586
11 0.00464097 -0.000532216
11.01 0.00476276 -0.000546182
11.02 0.00488754 -0.000560492
11.03 0.0050154 -0.000575155
11.04 0.0051464 -0.000590177
11.05 0.00528061 -0.000605568
11.06 0.0054181 -0.000621336
11.07 0.00555896 -0.00063749
11.08 0.00570325 -0.000654037
11.09 0.00585106 -0.000670988
11.1 0.00600247 -0.000688351
11.11 0.00615755 -0.000706135
11.12 0.00631639 -0.000724351
11.13 0.00647907 -0.000743007
11.14 0.00664568 -0.000762114
11.15 0.00681631 -0.000781681
11.16 0.00699105 -0.00080172
11.17 0.00716999 -0.000822241
11.18 0.00735322 -0.000843253
11.19 0.00754084 -0.00086477
11.2 0.00773295 -0.0008868
11.21 0.00792964 -0.000909357
11.22 0.00813102 -0.000932451
11.23 0.0083372 -0.000956095
11.24 0.00854827 -0.0009803
11.25 0.00876434 -0.00100508
11.26 0.00898553 -0.00103045
11.27 0.00921195 -0.00105641
11.28 0.00944371 -0.00108299
11.29 0.00968093 -0.00111019
11.3 0.00992372 -0.00113804
11.31 0.0101722 -0.00116653
11.32 0.0104265 -0.0011957
11.33 0.0106868 -0.00122554
11.34 0.0109531 -0.00125609
11.35 0.0112257 -0.00128734
11.36 0.0115046 -0.00131933
11.37 0.01179 -0.00135205
11.38 0.0120819 -0.00138554
11.39 0.0123807 -0.0014198
11.4 0.0126864 -0.00145485
11.41 0.0129991 -0.00149071
11.42 0.013319 -0.0015274
11.43 0.0136463 -0.00156493
11.44 0.013981 -0.00160333
11.45 0.0143235 -0.0016426
11.46 0.0146738 -0.00168277
11.47 0.0150321 -0.00172386
11.48 0.0153985 -0.00176588
11.49 0.0157733 -0.00180886
11.5 0.0161566 -0.00185282
11.51 0.0165486 -0.00189778
11.52 0.0169495 -0.00194375
11.53 0.0173595 -0.00199076
11.54 0.0177787 -0.00203883
11.55 0.0182073 -0.00208799
11.56 0.0186456 -0.00213825
11.57 0.0190937 -0.00218964
11.58 0.0195518 -0.00224218
11.59 0.0200202 -0.00229589
11.6 0.0204991 -0.00235081
11.61 0.0209886 -0.00240695
11.62 0.021489 -0.00246433
11.63 0.0220006 -0.002523
11.64 0.0225234 -0.00258296
11.65 0.0230579 -0.00264425
11.66 0.0236042 -0.0027069
11.67 0.0241625 -0.00277092
11.68 0.0247331 -0.00283636
11.69 0.0253162 -0.00290323
11.7 0.0259122 -0.00297158
11.71 0.0265212 -0.00304142
11.72 0.0271435 -0.00311278
11.73 0.0277794 -0.00318571
11.74 0.0284291 -0.00326022
11.75 0.029093 -0.00333635
11.76 0.0297713 -0.00341414
11.77 0.0304643 -0.00349361
11.78 0.0311723 -0.0035748
11.79 0.0318955 -0.00365775
11.8 0.0326344 -0.00374248
11.81 0.0333892 -0.00382903
11.82 0.0341602 -0.00391745
11.83 0.0349477 -0.00400776
11.84 0.035752 -0.00410001
11.85 0.0365736 -0.00419422
11.86 0.0374127 -0.00429045
11.87 0.0382696 -0.00438872
11.88 0.0391448 -0.00448908
11.89 0.0400385 -0.00459157
11.9 0.0409511 -0.00469624
11.91 0.0418831 -0.00480311
11.92 0.0428347 -0.00491224
11.93 0.0438064 -0.00502367
11.94 0.0447984 -0.00513744
11.95 0.0458113 -0.0052536
11.96 0.0468455 -0.00537219
11.97 0.0479012 -0.00549327
11.98 0.048979 -0.00561686
11.99 0.0500792 -0.00574304
12 0.0512024 -0.00587184
12.01 0.0523488 -0.00600331
12.02 0.053519 -0.00613751
12.03 0.0547134 -0.00627449
12.04 0.0559325 -0.00641429
12.05 0.0571767 -0.00655697
12.06 0.0584465 -0.00670259
12.07 0.0597424 -0.0068512
12.08 0.0610648 -0.00700286
12.09 0.0624143 -0.00715762
12.1 0.0637914 -0.00731554
12.11 0.0651965 -0.00747668
12.12 0.0666303 -0.0076411
12.13 0.0680931 -0.00780886
12.14 0.0695856 -0.00798002
12.15 0.0711083 -0.00815464
12.16 0.0726618 -0.00833279
12.17 0.0742466 -0.00851454
12.18 0.0758633 -0.00869994
12.19 0.0775125 -0.00888906
12.2 0.0791947 -0.00908198
12.21 0.0809106 -0.00927876
12.22 0.0826608 -0.00947947
12.23 0.0844459 -0.00968418
12.24 0.0862665 -0.00989297
12.25 0.0881233 -0.0101059
12.26 0.0900169 -0.0103231
12.27 0.0919479 -0.0105445
12.28 0.0939172 -0.0107703
12.29 0.0959252 -0.0110006
12.3 0.0979728 -0.0112354
12.31 0.100061 -0.0114749
12.32 0.102189 -0.011719
12.33 0.10436 -0.0119679
12.34 0.106573 -0.0122217
12.35 0.108828 -0.0124804
12.36 0.111128 -0.0127441
12.37 0.113473 -0.013013
12.38 0.115863 -0.0132871
12.39 0.118299 -0.0135664
12.4 0.120782 -0.0138512
12.41 0.123313 -0.0141415
12.42 0.125893 -0.0144373
12.43 0.128523 -0.0147389
12.44 0.131202 -0.0150462
12.45 0.133933 -0.0153594
12.46 0.136716 -0.0156785
12.47 0.139553 -0.0160038
12.48 0.142443 -0.0163352
12.49 0.145388 -0.016673
12.5 0.148389 -0.0170171
12.51 0.151446 -0.0173678
12.52 0.154562 -0.017725
12.53 0.157736 -0.018089
12.54 0.160969 -0.0184598
12.55 0.164263 -0.0188376
12.56 0.16762 -0.0192225
12.57 0.171038 -0.0196145
12.58 0.174521 -0.0200139
12.59 0.178068 -0.0204207
12.6 0.181681 -0.0208351
12.61 0.185362 -0.0212572
12.62 0.18911 -0.021687
12.63 0.192928 -0.0221248
12.64 0.196816 -0.0225707
12.65 0.200776 -0.0230248
12.66 0.204808 -0.0234872
12.67 0.208914 -0.0239581
12.68 0.213096 -0.0244377
12.69 0.217353 -0.0249259
12.7 0.221689 -0.0254231
12.71 0.226103 -0.0259293
12.72 0.230597 -0.0264447
12.73 0.235173 -0.0269695
12.74 0.239831 -0.0275037
12.75 0.244574 -0.0280475
12.76 0.249401 -0.0286012
12.77 0.254316 -0.0291648
12.78 0.259319 -0.0297385
12.79 0.264411 -0.0303225
12.8 0.269594 -0.0309169
12.81 0.274869 -0.0315218
12.82 0.280239 -0.0321376
12.83 0.285704 -0.0327643
12.84 0.291265 -0.0334021
12.85 0.296925 -0.0340512
12.86 0.302685 -0.0347117
12.87 0.308546 -0.0353838
12.88 0.31451 -0.0360678
12.89 0.320579 -0.0367637
12.9 0.326753 -0.0374719
12.91 0.333036 -0.0381924
12.92 0.339428 -0.0389254
12.93 0.345932 -0.0396713
12.94 0.352548 -0.04043
12.95 0.359279 -0.0412019
12.96 0.366126 -0.0419871
12.97 0.373092 -0.0427859
12.98 0.380177 -0.0435985
12.99 0.387384 -0.044425
13 0.394715 -0.0452656
13.01 0.402171 -0.0461207
13.02 0.409754 -0.0469903
13.03 0.417466 -0.0478748
13.04 0.42531 -0.0487743
13.05 0.433286 -0.049689
13.06 0.441398 -0.0506192
13.07 0.449647 -0.0515652
13.08 0.458034 -0.0525271
13.09 0.466563 -0.0535051
13.1 0.475235 -0.0544996
13.11 0.484052 -0.0555108
13.12 0.493016 -0.0565388
13.13 0.50213 -0.057584
13.14 0.511396 -0.0586466
13.15 0.520816 -0.0597268
13.16 0.530391 -0.060825
13.17 0.540125 -0.0619412
13.18 0.55002 -0.063076
13.19 0.560077 -0.0642293
13.2 0.5703 -0.0654017
13.21 0.58069 -0.0665932
13.22 0.591251 -0.0678043
13.23 0.601983 -0.0690351
13.24 0.612891 -0.0702859
13.25 0.623975 -0.0715571
13.26 0.63524 -0.0728489
13.27 0.646686 -0.0741616
13.28 0.658318 -0.0754955
13.29 0.670136 -0.0768508
13.3 0.682145 -0.078228
13.31 0.694346 -0.0796272
13.32 0.706743 -0.0810488
13.33 0.719337 -0.0824932
13.34 0.732132 -0.0839605
13.35 0.745131 -0.0854511
13.36 0.758335 -0.0869654
13.37 0.771748 -0.0885037
13.38 0.785374 -0.0900662
13.39 0.799214 -0.0916533
13.4 0.813271 -0.0932654
13.41 0.827549 -0.0949028
13.42 0.84205 -0.0965658
13.43 0.856777 -0.0982547
13.44 0.871734 -0.09997
13.45 0.886923 -0.101712
13.46 0.902348 -0.103481
13.47 0.918011 -0.105277
13.48 0.933916 -0.107101
13.49 0.950066 -0.108953
13.5 0.966464 -0.110834
13.51 0.983113 -0.112743
13.52 1 -0.114679
