0 -0 -0
0.08 -4.263e-31 1.92604e-34
0.16 -1.57596e-27 7.28992e-31
0.12 -1.41568e-28 7.23133e-32
0.1 -1.56085e-29 8.80685e-33
0.09 -3.10266e-30 1.71059e-33
0.085 -1.19367e-30 6.08464e-34
0.09 -3.1516e-30 1.80023e-33
0.095 -7.89625e-30 5.02391e-33
0.1 -1.88747e-29 1.33033e-32
0.105 -4.32407e-29 3.35963e-32
0.11 -9.53176e-29 8.12719e-32
0.115 -2.02863e-28 1.89042e-31
0.12 -4.18098e-28 4.24219e-31
0.125 -8.36632e-28 9.21091e-31
0.13 -1.62921e-27 1.94006e-30
0.135 -3.09382e-27 3.97304e-30
0.14 -5.73961e-27 7.92703e-30
0.145 -1.04196e-26 1.54373e-29
0.15 -1.85368e-26 2.93912e-29
0.155 -3.23602e-26 5.47887e-29
0.16 -5.55012e-26 1.00132e-28
0.165 -9.36223e-26 1.79637e-28
0.17 -1.55479e-25 3.16691e-28
0.175 -2.54434e-25 5.49203e-28
0.18 -4.10627e-25 9.37757e-28
0.185 -6.54063e-25 1.57789e-27
0.19 -1.02895e-24 2.61836e-27
0.195 -1.59975e-24 4.2881e-27
0.2 -2.45953e-24 6.93539e-27
0.205 -3.7414e-24 1.10845e-26
0.21 -5.63405e-24 1.75165e-26
0.215 -8.40269e-24 2.73839e-26
0.22 -1.24171e-23 4.2372e-26
0.225 -1.81888e-23 6.49225e-26
0.23 -2.64203e-23 9.85447e-26
0.235 -3.80697e-23 1.48241e-25
0.24 -5.44346e-23 2.21087e-25
0.245 -7.72616e-23 3.27019e-25
0.25 -1.08886e-22 4.79891e-25
0.255 -1.52415e-22 6.98889e-25
0.26 -2.11952e-22 1.01041e-24
0.265 -2.92898e-22 1.45055e-24
0.27 -4.02311e-22 2.06836e-24
0.275 -5.49381e-22 2.93012e-24
0.28 -7.46003e-22 4.12491e-24
0.285 -1.00751e-21 5.77176e-24
0.29 -1.35358e-21 8.02896e-24
0.295 -1.80934e-21 1.11059e-23
0.3 -2.40676e-21 1.52783e-23
0.305 -3.18632e-21 2.09075e-23
0.31 -4.19914e-21 2.84647e-23
0.315 -5.50944e-21 3.85621e-23
0.32 -7.19765e-21 5.19917e-23
0.325 -9.36415e-21 6.97733e-23
0.33 -1.21338e-20 9.32155e-23
0.335 -1.56612e-20 1.23991e-22
0.34 -2.01375e-20 1.64229e-22
0.345 -2.57981e-20 2.16632e-22
0.35 -3.29318e-20 2.84616e-22
0.355 -4.18923e-20 3.72485e-22
0.36 -5.3111e-20 4.85644e-22
0.365 -6.71131e-20 6.30859e-22
0.37 -8.4536e-20 8.16574e-22
0.375 -1.06151e-19 1.05329e-21
0.38 -1.3289e-19 1.35404e-21
0.385 -1.65874e-19 1.73494e-21
0.39 -2.06451e-19 2.21585e-21
0.395 -2.56235e-19 2.82123e-21
0.4 -3.17156e-19 3.58105e-21
0.405 -3.91518e-19 4.53201e-21
0.41 -4.82062e-19 5.71888e-21
0.415 -5.92041e-19 7.19615e-21
0.42 -7.25314e-19 9.03002e-21
0.425 -8.86444e-19 1.13007e-20
0.43 -1.08082e-18 1.41051e-20
0.435 -1.31477e-18 1.75602e-20
0.44 -1.59577e-18 2.18066e-20
0.445 -1.93257e-18 2.70134e-20
0.45 -2.33541e-18 3.3383e-20
0.455 -2.8163e-18 4.11576e-20
0.46 -3.38921e-18 5.06263e-20
0.465 -4.07045e-18 6.21332e-20
0.47 -4.87899e-18 7.60876e-20
0.475 -5.83686e-18 9.29753e-20
0.48 -6.96959e-18 1.13372e-19
0.485 -8.30676e-18 1.37957e-19
0.49 -9.88252e-18 1.67533e-19
0.495 -1.17363e-17 2.03047e-19
0.5 -1.39136e-17 2.45612e-19
0.505 -1.64667e-17 2.96533e-19
0.51 -1.94557e-17 3.57342e-19
0.515 -2.29495e-17 4.29833e-19
0.52 -2.70273e-17 5.16101e-19
0.525 -3.17793e-17 6.18591e-19
0.53 -3.73091e-17 7.40153e-19
0.535 -4.37345e-17 8.84102e-19
0.54 -5.11901e-17 1.05429e-18
0.545 -5.98291e-17 1.25518e-18
0.55 -6.98254e-17 1.49195e-18
0.555 -8.1377e-17 1.7706e-18
0.56 -9.47082e-17 2.09803e-18
0.565 -1.10073e-16 2.48223e-18
0.57 -1.2776e-16 2.93241e-18
0.575 -1.48094e-16 3.45914e-18
0.58 -1.71442e-16 4.07461e-18
0.585 -1.98219e-16 4.79277e-18
0.59 -2.28893e-16 5.62967e-18
0.595 -2.63989e-16 6.60363e-18
0.6 -3.04098e-16 7.73566e-18
0.605 -3.49886e-16 9.04973e-18
0.61 -4.02098e-16 1.05732e-17
0.615 -4.61571e-16 1.23374e-17
0.62 -5.29241e-16 1.43777e-17
0.625 -6.06158e-16 1.67346e-17
0.63 -6.93493e-16 1.94541e-17
0.635 -7.92557e-16 2.25884e-17
0.64 -9.04812e-16 2.61966e-17
0.645 -1.03189e-15 3.03457e-17
0.65 -1.1756e-15 3.51116e-17
0.655 -1.33797e-15 4.05801e-17
0.66 -1.52125e-15 4.68481e-17
0.665 -1.72793e-15 5.40249e-17
0.67 -1.9608e-15 6.22339e-17
0.675 -2.22293e-15 7.1614e-17
0.68 -2.51773e-15 8.23214e-17
0.685 -2.84899e-15 9.45319e-17
0.69 -3.2209e-15 1.08443e-16
0.695 -3.63807e-15 1.24276e-16
0.7 -4.10564e-15 1.42281e-16
0.705 -4.62924e-15 1.62734e-16
0.71 -5.21513e-15 1.85949e-16
0.715 -5.87017e-15 2.12275e-16
0.72 -6.60195e-15 2.421e-16
0.725 -7.41882e-15 2.75861e-16
0.73 -8.32996e-15 3.14045e-16
0.735 -9.34548e-15 3.57193e-16
0.74 -1.04765e-14 4.05909e-16
0.745 -1.17352e-14 4.60866e-16
0.75 -1.31349e-14 5.22813e-16
0.755 -1.46904e-14 5.92582e-16
0.76 -1.64177e-14 6.71098e-16
0.765 -1.83346e-14 7.59387e-16
0.77 -2.04602e-14 8.58588e-16
0.775 -2.28157e-14 9.69965e-16
0.78 -2.54242e-14 1.09492e-15
0.785 -2.83109e-14 1.23499e-15
0.79 -3.15035e-14 1.3919e-15
0.795 -3.50319e-14 1.56755e-15
0.8 -3.89291e-14 1.76402e-15
0.805 -4.32308e-14 1.98362e-15
0.81 -4.7976e-14 2.22892e-15
0.815 -5.32071e-14 2.50273e-15
0.82 -5.89705e-14 2.80814e-15
0.825 -6.53165e-14 3.14858e-15
0.83 -7.22996e-14 3.5278e-15
0.835 -7.99794e-14 3.94994e-15
0.84 -8.84203e-14 4.41956e-15
0.845 -9.76925e-14 4.94165e-15
0.85 -1.07872e-13 5.5217e-15
0.855 -1.19041e-13 6.16574e-15
0.86 -1.3129e-13 6.88039e-15
0.865 -1.44714e-13 7.67288e-15
0.87 -1.5942e-13 8.55117e-15
0.875 -1.7552e-13 9.52395e-15
0.88 -1.93137e-13 1.06007e-14
0.885 -2.12404e-13 1.1792e-14
0.89 -2.33465e-13 1.3109e-14
0.895 -2.56475e-13 1.45643e-14
0.9 -2.81601e-13 1.61715e-14
0.905 -3.09024e-13 1.79454e-14
0.91 -3.38939e-13 1.99021e-14
0.915 -3.71556e-13 2.20595e-14
0.92 -4.07103e-13 2.44366e-14
0.925 -4.45823e-13 2.70545e-14
0.93 -4.87979e-13 2.99361e-14
0.935 -5.33856e-13 3.31062e-14
0.94 -5.83757e-13 3.65918e-14
0.945 -6.38011e-13 4.04225e-14
0.95 -6.9697e-13 4.463e-14
0.955 -7.61014e-13 4.92493e-14
0.96 -8.30549e-13 5.43181e-14
0.965 -9.06013e-13 5.98772e-14
0.97 -9.87875e-13 6.59712e-14
0.975 -1.07664e-12 7.26481e-14
0.98 -1.17285e-12 7.99604e-14
0.985 -1.27707e-12 8.79646e-14
0.99 -1.38995e-12 9.67219e-14
0.995 -1.51213e-12 1.06299e-13
1 -1.64433e-12 1.16767e-13
1.005 -1.78731e-12 1.28205e-13
1.01 -1.9419e-12 1.40696e-13
1.015 -2.10897e-12 1.5433e-13
1.02 -2.28944e-12 1.69207e-13
1.025 -2.48433e-12 1.85432e-13
1.03 -2.69469e-12 2.0312e-13
1.035 -2.92167e-12 2.22393e-13
1.04 -3.16649e-12 2.43386e-13
1.045 -3.43046e-12 2.66242e-13
1.05 -3.71495e-12 2.91115e-13
1.055 -4.02145e-12 3.18172e-13
1.06 -4.35155e-12 3.47594e-13
1.065 -4.70692e-12 3.79574e-13
1.07 -5.08937e-12 4.14319e-13
1.075 -5.50081e-12 4.52054e-13
1.08 -5.94328e-12 4.93019e-13
1.085 -6.41895e-12 5.37475e-13
1.09 -6.93014e-12 5.85698e-13
1.095 -7.4793e-12 6.37989e-13
1.1 -8.06905e-12 6.94668e-13
1.105 -8.70219e-12 7.56081e-13
1.11 -9.38166e-12 8.22596e-13
1.115 -1.01106e-11 8.94613e-13
1.12 -1.08924e-11 9.72556e-13
1.125 -1.17306e-11 1.05688e-12
1.13 -1.26289e-11 1.14808e-12
1.135 -1.35914e-11 1.24668e-12
1.14 -1.46223e-11 1.35323e-12
1.145 -1.57262e-11 1.46835e-12
1.15 -1.69077e-11 1.59267e-12
1.155 -1.8172e-11 1.72688e-12
1.16 -1.95246e-11 1.87172e-12
1.165 -2.09709e-11 2.02798e-12
1.17 -2.25173e-11 2.19651e-12
1.175 -2.41699e-11 2.37819e-12
1.18 -2.59356e-11 2.574e-12
1.185 -2.78216e-11 2.78496e-12
1.19 -2.98355e-11 3.01218e-12
1.195 -3.19853e-11 3.25681e-12
1.2 -3.42795e-11 3.52012e-12
1.205 -3.67272e-11 3.80343e-12
1.21 -3.93378e-11 4.10817e-12
1.215 -4.21214e-11 4.43586e-12
1.22 -4.50886e-11 4.78811e-12
1.225 -4.82507e-11 5.16665e-12
1.23 -5.16195e-11 5.57332e-12
1.235 -5.52076e-11 6.01006e-12
1.24 -5.90281e-11 6.47896e-12
1.245 -6.30951e-11 6.98224e-12
1.25 -6.74232e-11 7.52225e-12
1.255 -7.20281e-11 8.10151e-12
1.26 -7.69261e-11 8.72269e-12
1.265 -8.21345e-11 9.38861e-12
1.27 -8.76715e-11 1.01023e-11
1.275 -9.35564e-11 1.0867e-11
1.28 -9.98094e-11 1.1686e-11
1.285 -1.06452e-10 1.25631e-11
1.29 -1.13506e-10 1.3502e-11
1.295 -1.20996e-10 1.45068e-11
1.3 -1.28947e-10 1.55819e-11
1.305 -1.37384e-10 1.67318e-11
1.31 -1.46335e-10 1.79615e-11
1.315 -1.5583e-10 1.9276e-11
1.32 -1.65899e-10 2.06809e-11
1.325 -1.76574e-10 2.21821e-11
1.33 -1.87889e-10 2.37855e-11
1.335 -1.99879e-10 2.54979e-11
1.34 -2.12581e-10 2.7326e-11
1.345 -2.26036e-10 2.92773e-11
1.35 -2.40284e-10 3.13595e-11
1.355 -2.55368e-10 3.35807e-11
1.36 -2.71334e-10 3.59497e-11
1.365 -2.88229e-10 3.84757e-11
1.37 -3.06104e-10 4.11683e-11
1.375 -3.25012e-10 4.4038e-11
1.38 -3.45007e-10 4.70955e-11
1.385 -3.66147e-10 5.03523e-11
1.39 -3.88493e-10 5.38207e-11
1.395 -4.12108e-10 5.75134e-11
1.4 -4.37061e-10 6.14441e-11
1.405 -4.63419e-10 6.5627e-11
1.41 -4.91257e-10 7.00772e-11
1.415 -5.20652e-10 7.48109e-11
1.42 -5.51684e-10 7.98448e-11
1.425 -5.84437e-10 8.51967e-11
1.43 -6.19e-10 9.08854e-11
1.435 -6.55465e-10 9.69307e-11
1.44 -6.93929e-10 1.03354e-10
1.445 -7.34493e-10 1.10176e-10
1.45 -7.77263e-10 1.17421e-10
1.455 -8.22351e-10 1.25114e-10
1.46 -8.69872e-10 1.33279e-10
1.465 -9.19948e-10 1.41945e-10
1.47 -9.72706e-10 1.5114e-10
1.475 -1.02828e-09 1.60894e-10
1.48 -1.0868e-09 1.71238e-10
1.485 -1.14843e-09 1.82207e-10
1.49 -1.2133e-09 1.93835e-10
1.495 -1.28158e-09 2.0616e-10
1.5 -1.35343e-09 2.1922e-10
1.505 -1.42903e-09 2.33057e-10
1.51 -1.50856e-09 2.47713e-10
1.515 -1.5922e-09 2.63234e-10
1.52 -1.68016e-09 2.79668e-10
1.525 -1.77263e-09 2.97064e-10
1.53 -1.86983e-09 3.15476e-10
1.535 -1.97199e-09 3.34959e-10
1.54 -2.07933e-09 3.5557e-10
1.545 -2.19211e-09 3.77371e-10
1.55 -2.31057e-09 4.00427e-10
1.555 -2.43498e-09 4.24803e-10
1.56 -2.56561e-09 4.50572e-10
1.565 -2.70276e-09 4.77808e-10
1.57 -2.84671e-09 5.06587e-10
1.575 -2.99779e-09 5.36993e-10
1.58 -3.15632e-09 5.6911e-10
1.585 -3.32264e-09 6.03029e-10
1.59 -3.4971e-09 6.38844e-10
1.595 -3.68007e-09 6.76653e-10
1.6 -3.87193e-09 7.16562e-10
1.605 -4.07308e-09 7.58678e-10
1.61 -4.28393e-09 8.03115e-10
1.615 -4.50492e-09 8.49992e-10
1.62 -4.73649e-09 8.99436e-10
1.625 -4.97911e-09 9.51576e-10
1.63 -5.23328e-09 1.00655e-09
1.635 -5.49948e-09 1.0645e-09
1.64 -5.77826e-09 1.12558e-09
1.645 -6.07015e-09 1.18995e-09
1.65 -6.37573e-09 1.25776e-09
1.655 -6.69559e-09 1.3292e-09
1.66 -7.03033e-09 1.40444e-09
1.665 -7.3806e-09 1.48368e-09
1.67 -7.74707e-09 1.5671e-09
1.675 -8.13042e-09 1.65492e-09
1.68 -8.53137e-09 1.74735e-09
1.685 -8.95065e-09 1.84463e-09
1.69 -9.38905e-09 1.94697e-09
1.695 -9.84737e-09 2.05464e-09
1.7 -1.03264e-08 2.16788e-09
1.705 -1.08271e-08 2.28698e-09
1.71 -1.13503e-08 2.4122e-09
1.715 -1.18969e-08 2.54385e-09
1.72 -1.24679e-08 2.68223e-09
1.725 -1.30644e-08 2.82766e-09
1.73 -1.36873e-08 2.98048e-09
1.735 -1.43377e-08 3.14103e-09
1.74 -1.50167e-08 3.30969e-09
1.745 -1.57256e-08 3.48683e-09
1.75 -1.64655e-08 3.67284e-09
1.755 -1.72376e-08 3.86815e-09
1.76 -1.80433e-08 4.07319e-09
1.765 -1.88838e-08 4.28841e-09
1.77 -1.97606e-08 4.51427e-09
1.775 -2.06752e-08 4.75127e-09
1.78 -2.16289e-08 4.99993e-09
1.785 -2.26234e-08 5.26076e-09
1.79 -2.36602e-08 5.53434e-09
1.795 -2.4741e-08 5.82124e-09
1.8 -2.58675e-08 6.12205e-09
1.805 -2.70415e-08 6.43742e-09
1.81 -2.82648e-08 6.768e-09
1.815 -2.95394e-08 7.11446e-09
1.82 -3.08671e-08 7.47753e-09
1.825 -3.22501e-08 7.85793e-09
1.83 -3.36903e-08 8.25644e-09
1.835 -3.51901e-08 8.67387e-09
1.84 -3.67517e-08 9.11105e-09
1.845 -3.83774e-08 9.56884e-09
1.85 -4.00695e-08 1.00482e-08
1.855 -4.18307e-08 1.05499e-08
1.86 -4.36634e-08 1.10751e-08
1.865 -4.55704e-08 1.16248e-08
1.87 -4.75544e-08 1.22e-08
1.875 -4.96183e-08 1.28018e-08
1.88 -5.17649e-08 1.34314e-08
1.885 -5.39974e-08 1.409e-08
1.89 -5.63189e-08 1.47787e-08
1.895 -5.87326e-08 1.54989e-08
1.9 -6.12419e-08 1.6252e-08
1.905 -6.38502e-08 1.70392e-08
1.91 -6.65611e-08 1.78621e-08
1.915 -6.93783e-08 1.87222e-08
1.92 -7.23057e-08 1.9621e-08
1.925 -7.53471e-08 2.05601e-08
1.93 -7.85067e-08 2.15412e-08
1.935 -8.17886e-08 2.25661e-08
1.94 -8.51971e-08 2.36366e-08
1.945 -8.87368e-08 2.47545e-08
1.95 -9.24122e-08 2.59219e-08
1.955 -9.6228e-08 2.71406e-08
1.96 -1.00189e-07 2.8413e-08
1.965 -1.04301e-07 2.9741e-08
1.97 -1.08568e-07 3.11271e-08
1.975 -1.12997e-07 3.25735e-08
1.98 -1.17592e-07 3.40827e-08
1.985 -1.22359e-07 3.56572e-08
1.99 -1.27305e-07 3.72996e-08
1.995 -1.32434e-07 3.90127e-08
2 -1.37755e-07 4.07993e-08
2.005 -1.43272e-07 4.26623e-08
2.01 -1.48993e-07 4.46047e-08
2.015 -1.54925e-07 4.66297e-08
2.02 -1.61074e-07 4.87406e-08
2.025 -1.67448e-07 5.09407e-08
2.03 -1.74054e-07 5.32334e-08
2.035 -1.80901e-07 5.56225e-08
2.04 -1.87995e-07 5.81117e-08
2.045 -1.95345e-07 6.07048e-08
2.05 -2.02961e-07 6.3406e-08
2.055 -2.10849e-07 6.62193e-08
2.06 -2.1902e-07 6.91491e-08
2.065 -2.27482e-07 7.21998e-08
2.07 -2.36244e-07 7.53762e-08
2.075 -2.45318e-07 7.86829e-08
2.08 -2.54712e-07 8.21249e-08
2.085 -2.64437e-07 8.57074e-08
2.09 -2.74503e-07 8.94356e-08
2.095 -2.84922e-07 9.33152e-08
2.1 -2.95704e-07 9.73516e-08
2.105 -3.06861e-07 1.01551e-07
2.11 -3.18405e-07 1.05919e-07
2.115 -3.30349e-07 1.10463e-07
2.12 -3.42704e-07 1.15188e-07
2.125 -3.55483e-07 1.20101e-07
2.13 -3.68701e-07 1.2521e-07
2.135 -3.82369e-07 1.30522e-07
2.14 -3.96504e-07 1.36043e-07
2.145 -4.11117e-07 1.41782e-07
2.15 -4.26226e-07 1.47747e-07
2.155 -4.41843e-07 1.53946e-07
2.16 -4.57987e-07 1.60387e-07
2.165 -4.74671e-07 1.67079e-07
2.17 -4.91913e-07 1.74031e-07
2.175 -5.09729e-07 1.81253e-07
2.18 -5.28138e-07 1.88753e-07
2.185 -5.47156e-07 1.96543e-07
2.19 -5.66802e-07 2.04633e-07
2.195 -5.87094e-07 2.13032e-07
2.2 -6.08053e-07 2.21753e-07
2.205 -6.29697e-07 2.30805e-07
2.21 -6.52047e-07 2.40202e-07
2.215 -6.75124e-07 2.49955e-07
2.22 -6.98949e-07 2.60077e-07
2.225 -7.23544e-07 2.7058e-07
2.23 -7.48932e-07 2.81478e-07
2.235 -7.75135e-07 2.92784e-07
2.24 -8.02177e-07 3.04513e-07
2.245 -8.30083e-07 3.16679e-07
2.25 -8.58877e-07 3.29298e-07
2.255 -8.88585e-07 3.42384e-07
2.26 -9.19233e-07 3.55954e-07
2.265 -9.50848e-07 3.70024e-07
2.27 -9.83456e-07 3.84611e-07
2.275 -1.01709e-06 3.99734e-07
2.28 -1.05177e-06 4.15409e-07
2.285 -1.08753e-06 4.31655e-07
2.29 -1.12441e-06 4.48493e-07
2.295 -1.16242e-06 4.65941e-07
2.3 -1.20162e-06 4.84019e-07
2.305 -1.24201e-06 5.0275e-07
2.31 -1.28365e-06 5.22155e-07
2.315 -1.32656e-06 5.42255e-07
2.32 -1.37078e-06 5.63075e-07
2.325 -1.41635e-06 5.84637e-07
2.33 -1.4633e-06 6.06967e-07
2.335 -1.51166e-06 6.30088e-07
2.34 -1.56149e-06 6.54028e-07
2.345 -1.61281e-06 6.78812e-07
2.35 -1.66567e-06 7.04469e-07
2.355 -1.72011e-06 7.31026e-07
2.36 -1.77617e-06 7.58513e-07
2.365 -1.8339e-06 7.86959e-07
2.37 -1.89333e-06 8.16396e-07
2.375 -1.95452e-06 8.46854e-07
2.38 -2.01751e-06 8.78367e-07
2.385 -2.08234e-06 9.10969e-07
2.39 -2.14908e-06 9.44693e-07
2.395 -2.21776e-06 9.79576e-07
2.4 -2.28843e-06 1.01565e-06
2.405 -2.36115e-06 1.05296e-06
2.41 -2.43598e-06 1.09155e-06
2.415 -2.51296e-06 1.13144e-06
2.42 -2.59215e-06 1.17268e-06
2.425 -2.67361e-06 1.21532e-06
2.43 -2.75739e-06 1.2594e-06
2.435 -2.84356e-06 1.30496e-06
2.44 -2.93218e-06 1.35204e-06
2.445 -3.0233e-06 1.40071e-06
2.45 -3.11699e-06 1.45099e-06
2.455 -3.21332e-06 1.50295e-06
2.46 -3.31234e-06 1.55663e-06
2.465 -3.41414e-06 1.61208e-06
2.47 -3.51877e-06 1.66937e-06
2.475 -3.62631e-06 1.72854e-06
2.48 -3.73682e-06 1.78966e-06
2.485 -3.85039e-06 1.85278e-06
2.49 -3.96709e-06 1.91796e-06
2.495 -4.08699e-06 1.98526e-06
2.5 -4.21017e-06 2.05474e-06
2.505 -4.33671e-06 2.12648e-06
2.51 -4.46669e-06 2.20054e-06
2.515 -4.60019e-06 2.27698e-06
2.52 -4.73731e-06 2.35588e-06
2.525 -4.87812e-06 2.43731e-06
2.53 -5.02271e-06 2.52135e-06
2.535 -5.17118e-06 2.60806e-06
2.54 -5.32361e-06 2.69754e-06
2.545 -5.4801e-06 2.78985e-06
2.55 -5.64075e-06 2.88508e-06
2.555 -5.80564e-06 2.98332e-06
2.56 -5.97489e-06 3.08465e-06
2.565 -6.14859e-06 3.18916e-06
2.57 -6.32684e-06 3.29695e-06
2.575 -6.50975e-06 3.4081e-06
2.58 -6.69743e-06 3.52271e-06
2.585 -6.88999e-06 3.64089e-06
2.59 -7.08753e-06 3.76272e-06
2.595 -7.29018e-06 3.88833e-06
2.6 -7.49804e-06 4.0178e-06
2.605 -7.71124e-06 4.15126e-06
2.61 -7.92989e-06 4.28881e-06
2.615 -8.15412e-06 4.43056e-06
2.62 -8.38406e-06 4.57665e-06
2.625 -8.61982e-06 4.72718e-06
2.63 -8.86154e-06 4.88227e-06
2.635 -9.10935e-06 5.04206e-06
2.64 -9.36339e-06 5.20668e-06
2.645 -9.62378e-06 5.37626e-06
2.65 -9.89068e-06 5.55093e-06
2.655 -1.01642e-05 5.73083e-06
2.66 -1.04445e-05 5.91611e-06
2.665 -1.07318e-05 6.10692e-06
2.67 -1.10262e-05 6.30339e-06
2.675 -1.13277e-05 6.5057e-06
2.68 -1.16367e-05 6.71399e-06
2.685 -1.19532e-05 6.92842e-06
2.69 -1.22774e-05 7.14916e-06
2.695 -1.26095e-05 7.37638e-06
2.7 -1.29496e-05 7.61026e-06
2.705 -1.3298e-05 7.85096e-06
2.71 -1.36547e-05 8.09868e-06
2.715 -1.402e-05 8.35359e-06
2.72 -1.43939e-05 8.61589e-06
2.725 -1.47768e-05 8.88577e-06
2.73 -1.51688e-05 9.16343e-06
2.735 -1.55701e-05 9.44907e-06
2.74 -1.59808e-05 9.74291e-06
2.745 -1.64012e-05 1.00451e-05
2.75 -1.68315e-05 1.0356e-05
2.755 -1.72718e-05 1.06757e-05
2.76 -1.77224e-05 1.10045e-05
2.765 -1.81834e-05 1.13426e-05
2.77 -1.86552e-05 1.16903e-05
2.775 -1.91378e-05 1.20477e-05
2.78 -1.96315e-05 1.24152e-05
2.785 -2.01365e-05 1.2793e-05
2.79 -2.06531e-05 1.31814e-05
2.795 -2.11814e-05 1.35805e-05
2.8 -2.17218e-05 1.39908e-05
2.805 -2.22743e-05 1.44125e-05
2.81 -2.28394e-05 1.48458e-05
2.815 -2.34171e-05 1.52911e-05
2.82 -2.40079e-05 1.57487e-05
2.825 -2.46118e-05 1.62188e-05
2.83 -2.52291e-05 1.67018e-05
2.835 -2.58602e-05 1.7198e-05
2.84 -2.65053e-05 1.77077e-05
2.845 -2.71645e-05 1.82313e-05
2.85 -2.78383e-05 1.87691e-05
2.855 -2.85268e-05 1.93214e-05
2.86 -2.92304e-05 1.98886e-05
2.865 -2.99493e-05 2.04711e-05
2.87 -3.06838e-05 2.10692e-05
2.875 -3.14342e-05 2.16834e-05
2.88 -3.22007e-05 2.23139e-05
2.885 -3.29838e-05 2.29612e-05
2.89 -3.37836e-05 2.36258e-05
2.895 -3.46004e-05 2.43079e-05
2.9 -3.54347e-05 2.50081e-05
2.905 -3.62866e-05 2.57267e-05
2.91 -3.71566e-05 2.64642e-05
2.915 -3.80448e-05 2.72211e-05
2.92 -3.89517e-05 2.79978e-05
2.925 -3.98776e-05 2.87947e-05
2.93 -4.08228e-05 2.96124e-05
2.935 -4.17876e-05 3.04514e-05
2.94 -4.27724e-05 3.13121e-05
2.945 -4.37776e-05 3.2195e-05
2.95 -4.48034e-05 3.31006e-05
2.955 -4.58502e-05 3.40296e-05
2.96 -4.69184e-05 3.49823e-05
2.965 -4.80084e-05 3.59594e-05
2.97 -4.91204e-05 3.69615e-05
2.975 -5.0255e-05 3.7989e-05
2.98 -5.14124e-05 3.90427e-05
2.985 -5.2593e-05 4.0123e-05
2.99 -5.37973e-05 4.12306e-05
2.995 -5.50256e-05 4.23661e-05
3 -5.62783e-05 4.35301e-05
3.005 -5.75558e-05 4.47233e-05
3.01 -5.88585e-05 4.59463e-05
3.015 -6.01868e-05 4.71998e-05
3.02 -6.15412e-05 4.84845e-05
3.025 -6.29219e-05 4.98011e-05
3.03 -6.43296e-05 5.11502e-05
3.035 -6.57645e-05 5.25327e-05
3.04 -6.72272e-05 5.39492e-05
3.045 -6.8718e-05 5.54004e-05
3.05 -7.02373e-05 5.68873e-05
3.055 -7.17857e-05 5.84104e-05
3.06 -7.33636e-05 5.99707e-05
3.065 -7.49715e-05 6.15689e-05
3.07 -7.66097e-05 6.32059e-05
3.075 -7.82787e-05 6.48824e-05
3.08 -7.99791e-05 6.65994e-05
3.085 -8.17113e-05 6.83577e-05
3.09 -8.34757e-05 7.01583e-05
3.095 -8.52729e-05 7.20019e-05
3.1 -8.71033e-05 7.38896e-05
3.105 -8.89674e-05 7.58222e-05
3.11 -9.08657e-05 7.78008e-05
3.115 -9.27988e-05 7.98263e-05
3.12 -9.4767e-05 8.18996e-05
3.125 -9.6771e-05 8.40218e-05
3.13 -9.88111e-05 8.6194e-05
3.135 -0.000100888 8.84171e-05
3.14 -0.000103002 9.06922e-05
3.145 -0.000105154 9.30205e-05
3.15 -0.000107344 9.54029e-05
3.155 -0.000109574 9.78407e-05
3.16 -0.000111842 0.000100335
3.165 -0.00011415 0.000102887
3.17 -0.000116499 0.000105498
3.175 -0.000118889 0.000108168
3.18 -0.000121321 0.0001109
3.185 -0.000123794 0.000113695
3.19 -0.00012631 0.000116553
3.195 -0.00012887 0.000119476
3.2 -0.000131473 0.000122466
3.205 -0.000134121 0.000125523
3.21 -0.000136813 0.000128649
3.215 -0.000139551 0.000131846
3.22 -0.000142336 0.000135115
3.225 -0.000145167 0.000138457
3.23 -0.000148045 0.000141873
3.235 -0.000150971 0.000145366
3.24 -0.000153945 0.000148936
3.245 -0.000156969 0.000152586
3.25 -0.000160042 0.000156316
3.255 -0.000163166 0.000160129
3.26 -0.000166341 0.000164025
3.265 -0.000169567 0.000168008
3.27 -0.000172845 0.000172077
3.275 -0.000176176 0.000176235
3.28 -0.00017956 0.000180484
3.285 -0.000182998 0.000184826
3.29 -0.000186491 0.000189261
3.295 -0.000190039 0.000193792
3.3 -0.000193642 0.000198421
3.305 -0.000197303 0.00020315
3.31 -0.00020102 0.00020798
3.315 -0.000204795 0.000212913
3.32 -0.000208629 0.000217952
3.325 -0.000212521 0.000223098
3.33 -0.000216473 0.000228353
3.335 -0.000220486 0.00023372
3.34 -0.000224559 0.0002392
3.345 -0.000228694 0.000244796
3.35 -0.000232891 0.000250509
3.355 -0.000237151 0.000256342
3.36 -0.000241475 0.000262297
3.365 -0.000245862 0.000268377
3.37 -0.000250314 0.000274582
3.375 -0.000254832 0.000280917
3.38 -0.000259416 0.000287383
3.385 -0.000264066 0.000293982
3.39 -0.000268784 0.000300717
3.395 -0.00027357 0.00030759
3.4 -0.000278425 0.000314605
3.405 -0.000283348 0.000321762
3.41 -0.000288342 0.000329066
3.415 -0.000293406 0.000336518
3.42 -0.000298542 0.000344121
3.425 -0.000303749 0.000351878
3.43 -0.000309028 0.000359791
3.435 -0.000314381 0.000367864
3.44 -0.000319807 0.000376099
3.445 -0.000325308 0.000384498
3.45 -0.000330884 0.000393065
3.455 -0.000336535 0.000401803
3.46 -0.000342262 0.000410715
3.465 -0.000348066 0.000419802
3.47 -0.000353948 0.00042907
3.475 -0.000359908 0.00043852
3.48 -0.000365946 0.000448156
3.485 -0.000372063 0.000457981
3.49 -0.00037826 0.000467998
3.495 -0.000384538 0.000478211
3.5 -0.000390896 0.000488622
3.505 -0.000397336 0.000499235
3.51 -0.000403858 0.000510054
3.515 -0.000410463 0.000521082
3.52 -0.000417151 0.000532321
3.525 -0.000423922 0.000543777
3.53 -0.000430778 0.000555452
3.535 -0.000437719 0.000567351
3.54 -0.000444745 0.000579476
3.545 -0.000451857 0.000591831
3.55 -0.000459055 0.000604421
3.555 -0.00046634 0.000617249
3.56 -0.000473713 0.000630318
3.565 -0.000481173 0.000643634
3.57 -0.000488722 0.000657199
3.575 -0.00049636 0.000671018
3.58 -0.000504087 0.000685095
3.585 -0.000511903 0.000699434
3.59 -0.00051981 0.000714039
3.595 -0.000527807 0.000728915
3.6 -0.000535895 0.000744065
3.605 -0.000544075 0.000759495
3.61 -0.000552346 0.000775208
3.615 -0.000560709 0.000791209
3.62 -0.000569165 0.000807502
3.625 -0.000577714 0.000824093
3.63 -0.000586355 0.000840985
3.635 -0.000595091 0.000858183
3.64 -0.00060392 0.000875693
3.645 -0.000612843 0.000893518
3.65 -0.00062186 0.000911664
3.655 -0.000630972 0.000930136
3.66 -0.000640179 0.000948938
3.665 -0.000649481 0.000968076
3.67 -0.000658878 0.000987554
3.675 -0.00066837 0.00100738
3.68 -0.000677958 0.00102755
3.685 -0.000687642 0.00104809
3.69 -0.000697422 0.00106898
3.695 -0.000707298 0.00109024
3.7 -0.00071727 0.00111187
3.705 -0.000727338 0.00113389
3.71 -0.000737502 0.00115628
3.715 -0.000747763 0.00117907
3.72 -0.000758119 0.00120224
3.725 -0.000768573 0.00122583
3.73 -0.000779122 0.00124981
3.735 -0.000789767 0.00127421
3.74 -0.000800509 0.00129903
3.745 -0.000811347 0.00132428
3.75 -0.00082228 0.00134995
3.755 -0.000833309 0.00137606
3.76 -0.000844434 0.00140262
3.765 -0.000855654 0.00142962
3.77 -0.000866969 0.00145708
3.775 -0.000878379 0.00148501
3.78 -0.000889883 0.0015134
3.785 -0.000901482 0.00154227
3.79 -0.000913175 0.00157162
3.795 -0.000924961 0.00160146
3.8 -0.00093684 0.00163179
3.805 -0.000948812 0.00166263
3.81 -0.000960876 0.00169398
3.815 -0.000973031 0.00172585
3.82 -0.000985278 0.00175824
3.825 -0.000997616 0.00179116
3.83 -0.00101004 0.00182462
3.835 -0.00102256 0.00185862
3.84 -0.00103517 0.00189318
3.845 -0.00104786 0.0019283
3.85 -0.00106064 0.00196399
3.855 -0.00107351 0.00200026
3.86 -0.00108646 0.00203711
3.865 -0.0010995 0.00207455
3.87 -0.00111262 0.00211259
3.875 -0.00112583 0.00215124
3.88 -0.00113911 0.00219051
3.885 -0.00115248 0.00223039
3.89 -0.00116593 0.00227092
3.895 -0.00117946 0.00231208
3.9 -0.00119306 0.00235389
3.905 -0.00120675 0.00239636
3.91 -0.0012205 0.00243949
3.915 -0.00123434 0.0024833
3.92 -0.00124824 0.00252779
3.925 -0.00126222 0.00257298
3.93 -0.00127627 0.00261886
3.935 -0.00129038 0.00266546
3.94 -0.00130456 0.00271277
3.945 -0.00131881 0.00276081
3.95 -0.00133313 0.00280959
3.955 -0.0013475 0.00285912
3.96 -0.00136194 0.00290941
3.965 -0.00137644 0.00296046
3.97 -0.00139099 0.00301228
3.975 -0.0014056 0.00306489
3.98 -0.00142026 0.0031183
3.985 -0.00143498 0.00317251
3.99 -0.00144974 0.00322753
3.995 -0.00146456 0.00328339
4 -0.00147942 0.00334007
4.005 -0.00149432 0.0033976
4.01 -0.00150926 0.00345599
4.015 -0.00152425 0.00351524
4.02 -0.00153927 0.00357537
4.025 -0.00155432 0.00363638
4.03 -0.00156941 0.0036983
4.035 -0.00158453 0.00376112
4.04 -0.00159967 0.00382486
4.045 -0.00161484 0.00388954
4.05 -0.00163003 0.00395515
4.055 -0.00164524 0.00402172
4.06 -0.00166046 0.00408925
4.065 -0.0016757 0.00415776
4.07 -0.00169095 0.00422725
4.075 -0.00170621 0.00429774
4.08 -0.00172147 0.00436924
4.085 -0.00173674 0.00444177
4.09 -0.001752 0.00451533
4.095 -0.00176725 0.00458993
4.1 -0.0017825 0.0046656
4.105 -0.00179774 0.00474233
4.11 -0.00181296 0.00482014
4.115 -0.00182816 0.00489905
4.12 -0.00184334 0.00497907
4.125 -0.0018585 0.00506021
4.13 -0.00187362 0.00514248
4.135 -0.00188872 0.00522589
4.14 -0.00190377 0.00531046
4.145 -0.00191878 0.00539621
4.15 -0.00193375 0.00548314
4.155 -0.00194867 0.00557126
4.16 -0.00196353 0.0056606
4.165 -0.00197834 0.00575116
4.17 -0.00199308 0.00584296
4.175 -0.00200776 0.00593601
4.18 -0.00202237 0.00603033
4.185 -0.0020369 0.00612592
4.19 -0.00205135 0.00622281
4.195 -0.00206571 0.006321
4.2 -0.00207999 0.00642052
4.205 -0.00209417 0.00652137
4.21 -0.00210825 0.00662357
4.215 -0.00212222 0.00672714
4.22 -0.00213608 0.00683208
4.225 -0.00214983 0.00693842
4.23 -0.00216346 0.00704617
4.235 -0.00217696 0.00715534
4.24 -0.00219033 0.00726595
4.245 -0.00220357 0.00737802
4.25 -0.00221666 0.00749155
4.255 -0.0022296 0.00760657
4.26 -0.00224239 0.00772308
4.265 -0.00225501 0.00784112
4.27 -0.00226747 0.00796068
4.275 -0.00227976 0.00808179
4.28 -0.00229187 0.00820447
4.285 -0.00230379 0.00832872
4.29 -0.00231552 0.00845457
4.295 -0.00232705 0.00858204
4.3 -0.00233838 0.00871113
4.305 -0.00234949 0.00884186
4.31 -0.00236039 0.00897426
4.315 -0.00237106 0.00910834
4.32 -0.0023815 0.00924411
4.325 -0.0023917 0.0093816
4.33 -0.00240165 0.00952081
4.335 -0.00241135 0.00966177
4.34 -0.00242079 0.0098045
4.345 -0.00242996 0.00994901
4.35 -0.00243885 0.0100953
4.355 -0.00244746 0.0102434
4.36 -0.00245577 0.0103934
4.365 -0.00246379 0.0105452
4.37 -0.00247149 0.0106989
4.375 -0.00247888 0.0108545
4.38 -0.00248595 0.011012
4.385 -0.00249268 0.0111714
4.39 -0.00249907 0.0113327
4.395 -0.00250511 0.0114961
4.4 -0.0025108 0.0116614
4.405 -0.00251611 0.0118287
4.41 -0.00252105 0.011998
4.415 -0.00252561 0.0121694
4.42 -0.00252976 0.0123428
4.425 -0.00253352 0.0125183
4.43 -0.00253686 0.0126959
4.435 -0.00253978 0.0128757
4.44 -0.00254227 0.0130575
4.445 -0.00254431 0.0132416
4.45 -0.00254591 0.0134278
4.455 -0.00254704 0.0136162
4.46 -0.0025477 0.0138068
4.465 -0.00254788 0.0139997
4.47 -0.00254756 0.0141948
4.475 -0.00254674 0.0143922
4.48 -0.00254541 0.0145919
4.485 -0.00254356 0.014794
4.49 -0.00254117 0.0149984
4.495 -0.00253824 0.0152052
4.5 -0.00253475 0.0154143
4.505 -0.00253069 0.0156259
4.51 -0.00252605 0.0158399
4.515 -0.00252082 0.0160563
4.52 -0.00251499 0.0162753
4.525 -0.00250855 0.0164967
4.53 -0.00250148 0.0167207
4.535 -0.00249378 0.0169472
4.54 -0.00248542 0.0171762
4.545 -0.00247641 0.0174079
4.55 -0.00246672 0.0176422
4.555 -0.00245634 0.0178791
4.56 -0.00244527 0.0181186
4.565 -0.00243348 0.0183609
4.57 -0.00242097 0.0186059
4.575 -0.00240773 0.0188536
4.58 -0.00239373 0.019104
4.585 -0.00237897 0.0193573
4.59 -0.00236343 0.0196133
4.595 -0.00234711 0.0198722
4.6 -0.00232998 0.0201339
4.605 -0.00231203 0.0203985
4.61 -0.00229325 0.020666
4.615 -0.00227363 0.0209364
4.62 -0.00225315 0.0212098
4.625 -0.00223179 0.0214861
4.63 -0.00220955 0.0217655
4.635 -0.0021864 0.0220479
4.64 -0.00216234 0.0223334
4.645 -0.00213734 0.0226219
4.65 -0.0021114 0.0229135
4.655 -0.0020845 0.0232083
4.66 -0.00205661 0.0235062
4.665 -0.00202774 0.0238073
4.67 -0.00199786 0.0241117
4.675 -0.00196695 0.0244193
4.68 -0.001935 0.0247301
4.685 -0.001902 0.0250442
4.69 -0.00186793 0.0253617
4.695 -0.00183276 0.0256825
4.7 -0.0017965 0.0260067
4.705 -0.00175911 0.0263343
4.71 -0.00172058 0.0266653
4.715 -0.0016809 0.0269998
4.72 -0.00164005 0.0273378
4.725 -0.00159801 0.0276793
4.73 -0.00155476 0.0280244
4.735 -0.00151029 0.028373
4.74 -0.00146458 0.0287253
4.745 -0.00141761 0.0290811
4.75 -0.00136937 0.0294407
4.755 -0.00131983 0.0298039
4.76 -0.00126897 0.0301709
4.765 -0.00121679 0.0305416
4.77 -0.00116325 0.0309161
4.775 -0.00110835 0.0312945
4.78 -0.00105206 0.0316766
4.785 -0.000994364 0.0320627
4.79 -0.000935243 0.0324526
4.795 -0.000874677 0.0328465
4.8 -0.000812648 0.0332444
4.805 -0.000749135 0.0336463
4.81 -0.000684119 0.0340522
4.815 -0.00061758 0.0344622
4.82 -0.000549498 0.0348763
4.825 -0.000479853 0.0352945
4.83 -0.000408624 0.0357169
4.835 -0.00033579 0.0361434
4.84 -0.000261332 0.0365742
4.845 -0.000185228 0.0370093
4.85 -0.000107457 0.0374487
4.855 -2.79984e-05 0.0378924
4.86 5.31696e-05 0.0383404
4.865 0.000136068 0.0387929
4.87 0.00022072 0.0392498
4.875 0.000307145 0.0397111
4.88 0.000395367 0.040177
4.885 0.000485407 0.0406474
4.89 0.000577288 0.0411223
4.895 0.000671032 0.0416019
4.9 0.000766662 0.0420861
4.905 0.000864201 0.042575
4.91 0.000963672 0.0430686
4.915 0.0010651 0.043567
4.92 0.0011685 0.0440701
4.925 0.00127391 0.044578
4.93 0.00138134 0.0450909
4.935 0.00149082 0.0456086
4.94 0.00160237 0.0461312
4.945 0.00171602 0.0466588
4.95 0.00183179 0.0471914
4.955 0.00194971 0.0477291
4.96 0.0020698 0.0482718
4.965 0.00219208 0.0488197
4.97 0.00231659 0.0493727
4.975 0.00244334 0.0499309
4.98 0.00257236 0.0504943
4.985 0.00270369 0.0510631
4.99 0.00283733 0.0516371
4.995 0.00297332 0.0522165
5 0.00311169 0.0528013
5.005 0.00325245 0.0533915
5.01 0.00339565 0.0539872
5.015 0.0035413 0.0545884
5.02 0.00368943 0.0551951
5.025 0.00384006 0.0558075
5.03 0.00399324 0.0564255
5.035 0.00414897 0.0570491
5.04 0.0043073 0.0576785
5.045 0.00446824 0.0583137
5.05 0.00463183 0.0589546
5.055 0.00479809 0.0596014
5.06 0.00496705 0.0602541
5.065 0.00513874 0.0609127
5.07 0.00531319 0.0615773
5.075 0.00549043 0.0622479
5.08 0.00567049 0.0629245
5.085 0.00585339 0.0636073
5.09 0.00603917 0.0642962
5.095 0.00622785 0.0649913
5.1 0.00641946 0.0656926
5.105 0.00661404 0.0664002
5.11 0.00681161 0.0671141
5.115 0.00701221 0.0678344
5.12 0.00721587 0.0685612
5.125 0.0074226 0.0692943
5.13 0.00763246 0.070034
5.135 0.00784546 0.0707803
5.14 0.00806164 0.0715331
5.145 0.00828103 0.0722926
5.15 0.00850366 0.0730588
5.155 0.00872957 0.0738317
5.16 0.00895878 0.0746114
5.165 0.00919133 0.0753979
5.17 0.00942724 0.0761913
5.175 0.00966656 0.0769917
5.18 0.00990932 0.077799
5.185 0.0101555 0.0786134
5.19 0.0104053 0.0794348
5.195 0.0106585 0.0802633
5.2 0.0109154 0.0810991
5.205 0.0111758 0.081942
5.21 0.0114398 0.0827922
5.215 0.0117076 0.0836498
5.22 0.011979 0.0845147
5.225 0.0122542 0.0853871
5.23 0.0125331 0.0862669
5.235 0.0128159 0.0871542
5.24 0.0131025 0.0880492
5.245 0.013393 0.0889517
5.25 0.0136873 0.089862
5.255 0.0139857 0.09078
5.26 0.014288 0.0917057
5.265 0.0145944 0.0926393
5.27 0.0149048 0.0935808
5.275 0.0152192 0.0945303
5.28 0.0155379 0.0954877
5.285 0.0158607 0.0964532
5.29 0.0161877 0.0974268
5.295 0.0165189 0.0984086
5.3 0.0168544 0.0993986
5.305 0.0171942 0.100397
5.31 0.0175384 0.101403
5.315 0.017887 0.102418
5.32 0.01824 0.103442
5.325 0.0185975 0.104474
5.33 0.0189594 0.105514
5.335 0.019326 0.106563
5.34 0.0196971 0.107621
5.345 0.0200728 0.108687
5.35 0.0204532 0.109763
5.355 0.0208383 0.110847
5.36 0.0212282 0.111939
5.365 0.0216228 0.113041
5.37 0.0220222 0.114152
5.375 0.0224265 0.115272
5.38 0.0228357 0.116401
5.385 0.0232499 0.11754
5.39 0.023669 0.118687
5.395 0.0240932 0.119844
5.4 0.0245224 0.12101
5.405 0.0249568 0.122186
5.41 0.0253963 0.123371
5.415 0.025841 0.124565
5.42 0.0262909 0.12577
5.425 0.0267461 0.126984
5.43 0.0272066 0.128207
5.435 0.0276725 0.129441
5.44 0.0281438 0.130684
5.445 0.0286205 0.131937
5.45 0.0291028 0.1332
5.455 0.0295905 0.134474
5.46 0.0300839 0.135757
5.465 0.0305828 0.13705
5.47 0.0310875 0.138354
5.475 0.0315978 0.139668
5.48 0.0321139 0.140992
5.485 0.0326358 0.142327
5.49 0.0331636 0.143673
5.495 0.0336972 0.145028
5.5 0.0342368 0.146395
5.505 0.0347823 0.147772
5.51 0.0353339 0.14916
5.515 0.0358915 0.150558
5.52 0.0364553 0.151968
5.525 0.0370252 0.153389
5.53 0.0376014 0.15482
5.535 0.0381838 0.156263
5.54 0.0387725 0.157717
5.545 0.0393676 0.159181
5.55 0.039969 0.160658
5.555 0.0405769 0.162145
5.56 0.0411913 0.163644
5.565 0.0418123 0.165155
5.57 0.0424398 0.166677
5.575 0.043074 0.168211
5.58 0.0437148 0.169756
5.585 0.0443624 0.171313
5.59 0.0450168 0.172882
5.595 0.045678 0.174463
5.6 0.046346 0.176056
5.605 0.047021 0.177661
5.61 0.047703 0.179278
5.615 0.0483921 0.180907
5.62 0.0490881 0.182549
5.625 0.0497914 0.184202
5.63 0.0505018 0.185869
5.635 0.0512194 0.187547
5.64 0.0519443 0.189238
5.645 0.0526766 0.190942
5.65 0.0534162 0.192659
5.655 0.0541632 0.194388
5.66 0.0549178 0.19613
5.665 0.0556798 0.197885
5.67 0.0564495 0.199653
5.675 0.0572268 0.201434
5.68 0.0580117 0.203228
5.685 0.0588045 0.205035
5.69 0.059605 0.206856
5.695 0.0604133 0.20869
5.7 0.0612296 0.210537
5.705 0.0620538 0.212398
5.71 0.062886 0.214273
5.715 0.0637262 0.216161
5.72 0.0645746 0.218063
5.725 0.0654311 0.219978
5.73 0.0662959 0.221908
5.735 0.0671689 0.223851
5.74 0.0680502 0.225808
5.745 0.06894 0.22778
5.75 0.0698381 0.229766
5.755 0.0707447 0.231766
5.76 0.0716599 0.23378
5.765 0.0725837 0.235809
5.77 0.0735161 0.237852
5.775 0.0744572 0.23991
5.78 0.0754071 0.241982
5.785 0.0763657 0.244069
5.79 0.0773333 0.246171
5.795 0.0783098 0.248288
5.8 0.0792952 0.250419
5.805 0.0802897 0.252566
5.81 0.0812933 0.254728
5.815 0.082306 0.256905
5.82 0.0833279 0.259097
5.825 0.0843591 0.261305
5.83 0.0853996 0.263528
5.835 0.0864494 0.265766
5.84 0.0875087 0.26802
5.845 0.0885775 0.27029
5.85 0.0896558 0.272575
5.855 0.0907437 0.274877
5.86 0.0918412 0.277194
5.865 0.0929485 0.279527
5.87 0.0940655 0.281876
5.875 0.0951923 0.284241
5.88 0.0963291 0.286623
5.885 0.0974757 0.289021
5.89 0.0986324 0.291435
5.895 0.0997991 0.293865
5.9 0.100976 0.296313
5.905 0.102163 0.298776
5.91 0.10336 0.301257
5.915 0.104568 0.303754
5.92 0.105785 0.306268
5.925 0.107014 0.308799
5.93 0.108252 0.311347
5.935 0.109502 0.313912
5.94 0.110761 0.316494
5.945 0.112032 0.319094
5.95 0.113313 0.321711
5.955 0.114605 0.324345
5.96 0.115907 0.326997
5.965 0.117221 0.329666
5.97 0.118545 0.332353
5.975 0.119881 0.335058
5.98 0.121227 0.33778
5.985 0.122585 0.34052
5.99 0.123954 0.343279
5.995 0.125334 0.346055
6 0.126725 0.34885
6.005 0.128127 0.351663
6.01 0.129541 0.354494
6.015 0.130967 0.357343
6.02 0.132404 0.360211
6.025 0.133852 0.363098
6.03 0.135312 0.366003
6.035 0.136784 0.368926
6.04 0.138268 0.371869
6.045 0.139763 0.37483
6.05 0.14127 0.377811
6.055 0.14279 0.38081
6.06 0.144321 0.383828
6.065 0.145864 0.386866
6.07 0.147419 0.389923
6.075 0.148987 0.392999
6.08 0.150566 0.396095
6.085 0.152158 0.39921
6.09 0.153763 0.402345
6.095 0.155379 0.405499
6.1 0.157008 0.408673
6.105 0.15865 0.411867
6.11 0.160304 0.415081
6.115 0.161971 0.418315
6.12 0.163651 0.421569
6.125 0.165343 0.424843
6.13 0.167048 0.428137
6.135 0.168766 0.431452
6.14 0.170497 0.434786
6.145 0.172241 0.438142
6.15 0.173998 0.441517
6.155 0.175768 0.444914
6.16 0.177551 0.448331
6.165 0.179347 0.451769
6.17 0.181157 0.455227
6.175 0.18298 0.458707
6.18 0.184816 0.462207
6.185 0.186666 0.465729
6.19 0.18853 0.469272
6.195 0.190406 0.472836
6.2 0.192297 0.476421
6.205 0.194201 0.480027
6.21 0.196119 0.483655
6.215 0.198051 0.487305
6.22 0.199996 0.490976
6.225 0.201956 0.494669
6.23 0.203929 0.498383
6.235 0.205917 0.502119
6.24 0.207918 0.505877
6.245 0.209934 0.509657
6.25 0.211964 0.51346
6.255 0.214008 0.517284
6.26 0.216066 0.52113
6.265 0.218139 0.524999
6.27 0.220226 0.528889
6.275 0.222328 0.532803
6.28 0.224444 0.536738
6.285 0.226575 0.540697
6.29 0.22872 0.544677
6.295 0.23088 0.548681
6.3 0.233055 0.552707
6.305 0.235244 0.556756
6.31 0.237449 0.560827
6.315 0.239668 0.564922
6.32 0.241902 0.56904
6.325 0.244151 0.573181
6.33 0.246416 0.577344
6.335 0.248695 0.581531
6.34 0.25099 0.585742
6.345 0.253299 0.589975
6.35 0.255624 0.594232
6.355 0.257965 0.598513
6.36 0.260321 0.602817
6.365 0.262692 0.607144
6.37 0.265078 0.611495
6.375 0.26748 0.61587
6.38 0.269898 0.620269
6.385 0.272331 0.624691
6.39 0.27478 0.629137
6.395 0.277245 0.633607
6.4 0.279726 0.638102
6.405 0.282222 0.64262
6.41 0.284734 0.647162
6.415 0.287262 0.651729
6.42 0.289806 0.656319
6.425 0.292366 0.660934
6.43 0.294942 0.665573
6.435 0.297534 0.670237
6.44 0.300143 0.674925
6.445 0.302767 0.679638
6.45 0.305408 0.684375
6.455 0.308065 0.689137
6.46 0.310738 0.693923
6.465 0.313428 0.698734
6.47 0.316134 0.70357
6.475 0.318857 0.70843
6.48 0.321596 0.713316
6.485 0.324351 0.718226
6.49 0.327124 0.723161
6.495 0.329912 0.728122
6.5 0.332718 0.733107
6.505 0.33554 0.738117
6.51 0.338379 0.743152
6.515 0.341235 0.748213
6.52 0.344107 0.753299
6.525 0.346997 0.75841
6.53 0.349903 0.763546
6.535 0.352826 0.768708
6.54 0.355767 0.773895
6.545 0.358724 0.779107
6.55 0.361698 0.784345
6.555 0.36469 0.789608
6.56 0.367698 0.794897
6.565 0.370724 0.800211
6.57 0.373767 0.805551
6.575 0.376827 0.810916
6.58 0.379905 0.816307
6.585 0.382999 0.821724
6.59 0.386111 0.827166
6.595 0.389241 0.832634
6.6 0.392387 0.838128
6.605 0.395552 0.843648
6.61 0.398733 0.849193
6.615 0.401932 0.854764
6.62 0.405149 0.860362
6.625 0.408383 0.865985
6.63 0.411635 0.871633
6.635 0.414904 0.877308
6.64 0.418191 0.883009
6.645 0.421496 0.888736
6.65 0.424818 0.894488
6.655 0.428158 0.900267
6.66 0.431516 0.906071
6.665 0.434891 0.911902
6.67 0.438285 0.917759
6.675 0.441696 0.923641
6.68 0.445124 0.92955
6.685 0.448571 0.935485
6.69 0.452035 0.941446
6.695 0.455518 0.947433
6.7 0.459018 0.953446
6.705 0.462536 0.959485
6.71 0.466072 0.96555
6.715 0.469626 0.971641
6.72 0.473198 0.977759
6.725 0.476788 0.983902
6.73 0.480396 0.990072
6.735 0.484022 0.996267
6.74 0.487666 1.00249
6.745 0.491328 1.00874
6.75 0.495007 1.01501
6.755 0.498705 1.02131
6.76 0.502421 1.02764
6.765 0.506156 1.03399
6.77 0.509908 1.04037
6.775 0.513678 1.04677
6.78 0.517466 1.0532
6.785 0.521273 1.05966
6.79 0.525097 1.06614
6.795 0.52894 1.07265
6.8 0.5328 1.07918
6.805 0.536679 1.08574
6.81 0.540576 1.09233
6.815 0.544491 1.09894
6.82 0.548424 1.10558
6.825 0.552375 1.11224
6.83 0.556345 1.11893
6.835 0.560332 1.12565
6.84 0.564337 1.13239
6.845 0.568361 1.13915
6.85 0.572403 1.14595
6.855 0.576462 1.15276
6.86 0.58054 1.15961
6.865 0.584636 1.16648
6.87 0.58875 1.17337
6.875 0.592882 1.18029
6.88 0.597032 1.18724
6.885 0.6012 1.19421
6.89 0.605385 1.2012
6.895 0.609589 1.20822
6.9 0.613811 1.21527
6.905 0.618051 1.22234
6.91 0.622309 1.22944
6.915 0.626585 1.23656
6.92 0.630878 1.24371
6.925 0.63519 1.25088
6.93 0.639519 1.25808
6.935 0.643866 1.2653
6.94 0.648231 1.27255
6.945 0.652614 1.27982
6.95 0.657015 1.28712
6.955 0.661433 1.29444
6.96 0.665869 1.30178
6.965 0.670323 1.30915
6.97 0.674794 1.31655
6.975 0.679283 1.32397
6.98 0.683789 1.33141
6.985 0.688313 1.33888
6.99 0.692855 1.34637
6.995 0.697414 1.35388
7 0.701991 1.36142
7.005 0.706585 1.36899
7.01 0.711196 1.37657
7.015 0.715825 1.38418
7.02 0.720471 1.39182
7.025 0.725134 1.39948
7.03 0.729814 1.40716
7.035 0.734512 1.41486
7.04 0.739226 1.42259
7.045 0.743958 1.43034
7.05 0.748707 1.43811
7.055 0.753473 1.44591
7.06 0.758255 1.45373
7.065 0.763055 1.46157
7.07 0.767871 1.46944
7.075 0.772705 1.47732
7.08 0.777555 1.48523
7.085 0.782421 1.49316
7.09 0.787304 1.50112
7.095 0.792204 1.5091
7.1 0.79712 1.51709
7.105 0.802053 1.52511
7.11 0.807002 1.53315
7.115 0.811967 1.54122
7.12 0.816948 1.5493
7.125 0.821946 1.55741
7.13 0.82696 1.56553
7.135 0.831989 1.57368
7.14 0.837035 1.58185
7.145 0.842097 1.59004
7.15 0.847174 1.59825
7.155 0.852267 1.60648
7.16 0.857376 1.61473
7.165 0.862501 1.623
7.17 0.86764 1.63129
7.175 0.872796 1.6396
7.18 0.877967 1.64794
7.185 0.883153 1.65629
7.19 0.888354 1.66466
7.195 0.89357 1.67304
7.2 0.898801 1.68145
7.205 0.904048 1.68988
7.21 0.909309 1.69833
7.215 0.914585 1.70679
7.22 0.919875 1.71527
7.225 0.92518 1.72377
7.23 0.9305 1.73229
7.235 0.935834 1.74083
7.24 0.941182 1.74938
7.245 0.946544 1.75796
7.25 0.951921 1.76655
7.255 0.957311 1.77515
7.26 0.962716 1.78378
7.265 0.968134 1.79242
7.27 0.973566 1.80108
7.275 0.979011 1.80975
7.28 0.98447 1.81844
7.285 0.989943 1.82715
7.29 0.995428 1.83587
7.295 1.00093 1.84461
7.3 1.00644 1.85336
7.305 1.01196 1.86213
7.31 1.0175 1.87091
7.315 1.02305 1.87971
7.32 1.02861 1.88853
7.325 1.03419 1.89735
7.33 1.03978 1.90619
7.335 1.04537 1.91505
7.34 1.05099 1.92392
7.345 1.05661 1.9328
7.35 1.06225 1.9417
7.355 1.06789 1.95061
7.36 1.07355 1.95953
7.365 1.07922 1.96847
7.37 1.0849 1.97741
7.375 1.09059 1.98637
7.38 1.0963 1.99535
7.385 1.10201 2.00433
7.39 1.10774 2.01332
7.395 1.11347 2.02233
7.4 1.11922 2.03135
7.405 1.12498 2.04037
7.41 1.13074 2.04941
7.415 1.13652 2.05846
7.42 1.14231 2.06752
7.425 1.1481 2.07659
7.43 1.15391 2.08566
7.435 1.15972 2.09475
7.44 1.16555 2.10385
7.445 1.17138 2.11295
7.45 1.17722 2.12206
7.455 1.18308 2.13118
7.46 1.18894 2.14031
7.465 1.1948 2.14945
7.47 1.20068 2.15859
7.475 1.20657 2.16774
7.48 1.21246 2.1769
7.485 1.21836 2.18606
7.49 1.22427 2.19523
7.495 1.23018 2.20441
7.5 1.23611 2.21359
7.505 1.24204 2.22278
7.51 1.24797 2.23197
7.515 1.25392 2.24116
7.52 1.25987 2.25036
7.525 1.26583 2.25957
7.53 1.27179 2.26878
7.535 1.27776 2.27799
7.54 1.28373 2.2872
7.545 1.28971 2.29642
7.55 1.2957 2.30564
7.555 1.30169 2.31486
7.56 1.30769 2.32409
7.565 1.31369 2.33331
7.57 1.3197 2.34254
7.575 1.32571 2.35177
7.58 1.33172 2.361
7.585 1.33774 2.37023
7.59 1.34377 2.37946
7.595 1.34979 2.38869
7.6 1.35582 2.39791
7.605 1.36186 2.40714
7.61 1.3679 2.41637
7.615 1.37394 2.42559
7.62 1.37998 2.43481
7.625 1.38602 2.44403
7.63 1.39207 2.45325
7.635 1.39812 2.46246
7.64 1.40417 2.47167
7.645 1.41023 2.48088
7.65 1.41628 2.49008
7.655 1.42234 2.49928
7.66 1.4284 2.50847
7.665 1.43445 2.51766
7.67 1.44051 2.52684
7.675 1.44657 2.53601
7.68 1.45263 2.54518
7.685 1.45869 2.55435
7.69 1.46475 2.5635
7.695 1.47081 2.57265
7.7 1.47686 2.58179
7.705 1.48292 2.59092
7.71 1.48897 2.60005
7.715 1.49503 2.60916
7.72 1.50108 2.61827
7.725 1.50713 2.62736
7.73 1.51318 2.63645
7.735 1.51922 2.64552
7.74 1.52526 2.65458
7.745 1.5313 2.66364
7.75 1.53734 2.67268
7.755 1.54337 2.68171
7.76 1.5494 2.69072
7.765 1.55543 2.69972
7.77 1.56145 2.70871
7.775 1.56747 2.71769
7.78 1.57348 2.72665
7.785 1.57949 2.7356
7.79 1.58549 2.74453
7.795 1.59148 2.75345
7.8 1.59748 2.76235
7.805 1.60346 2.77124
7.81 1.60944 2.78011
7.815 1.61541 2.78896
7.82 1.62138 2.79779
7.825 1.62734 2.80661
7.83 1.63329 2.8154
7.835 1.63923 2.82418
7.84 1.64517 2.83294
7.845 1.6511 2.84168
7.85 1.65702 2.8504
7.855 1.66293 2.8591
7.86 1.66883 2.86778
7.865 1.67472 2.87644
7.87 1.68061 2.88508
7.875 1.68648 2.89369
7.88 1.69235 2.90228
7.885 1.6982 2.91085
7.89 1.70404 2.9194
7.895 1.70988 2.92792
7.9 1.7157 2.93641
7.905 1.72151 2.94488
7.91 1.72731 2.95333
7.915 1.73309 2.96175
7.92 1.73887 2.97014
7.925 1.74463 2.97851
7.93 1.75038 2.98685
7.935 1.75611 2.99516
7.94 1.76184 3.00345
7.945 1.76755 3.0117
7.95 1.77324 3.01993
7.955 1.77892 3.02813
7.96 1.78459 3.0363
7.965 1.79024 3.04444
7.97 1.79588 3.05254
7.975 1.8015 3.06062
7.98 1.8071 3.06866
7.985 1.81269 3.07667
7.99 1.81826 3.08465
7.995 1.82382 3.0926
8 1.82936 3.10051
8.005 1.83488 3.10839
8.01 1.84039 3.11623
8.015 1.84587 3.12404
8.02 1.85134 3.13181
8.025 1.85679 3.13955
8.03 1.86222 3.14725
8.035 1.86764 3.15491
8.04 1.87303 3.16254
8.045 1.8784 3.17012
8.05 1.88376 3.17767
8.055 1.88909 3.18518
8.06 1.8944 3.19265
8.065 1.89969 3.20009
8.07 1.90496 3.20748
8.075 1.91021 3.21483
8.08 1.91544 3.22214
8.085 1.92064 3.2294
8.09 1.92583 3.23663
8.095 1.93099 3.24381
8.1 1.93612 3.25095
8.105 1.94124 3.25804
8.11 1.94632 3.26509
8.115 1.95139 3.2721
8.12 1.95643 3.27906
8.125 1.96145 3.28597
8.13 1.96644 3.29284
8.135 1.9714 3.29966
8.14 1.97634 3.30644
8.145 1.98126 3.31317
8.15 1.98615 3.31984
8.155 1.99101 3.32647
8.16 1.99584 3.33305
8.165 2.00065 3.33959
8.17 2.00543 3.34607
8.175 2.01018 3.3525
8.18 2.0149 3.35888
8.185 2.0196 3.3652
8.19 2.02426 3.37148
8.195 2.0289 3.3777
8.2 2.03351 3.38387
8.205 2.03808 3.38999
8.21 2.04263 3.39605
8.215 2.04715 3.40205
8.22 2.05163 3.40801
8.225 2.05609 3.4139
8.23 2.06051 3.41974
8.235 2.0649 3.42552
8.24 2.06926 3.43125
8.245 2.07359 3.43692
8.25 2.07788 3.44253
8.255 2.08214 3.44808
8.26 2.08637 3.45357
8.265 2.09056 3.45901
8.27 2.09472 3.46438
8.275 2.09885 3.46969
8.28 2.10294 3.47494
8.285 2.10699 3.48013
8.29 2.11101 3.48526
8.295 2.115 3.49033
8.3 2.11894 3.49533
8.305 2.12285 3.50027
8.31 2.12673 3.50514
8.315 2.13057 3.50995
8.32 2.13437 3.51469
8.325 2.13813 3.51937
8.33 2.14185 3.52399
8.335 2.14554 3.52853
8.34 2.14919 3.53301
8.345 2.1528 3.53743
8.35 2.15637 3.54177
8.355 2.1599 3.54605
8.36 2.16339 3.55025
8.365 2.16684 3.55439
8.37 2.17024 3.55846
8.375 2.17361 3.56246
8.38 2.17694 3.56638
8.385 2.18022 3.57024
8.39 2.18347 3.57402
8.395 2.18667 3.57773
8.4 2.18983 3.58137
8.405 2.19294 3.58494
8.41 2.19601 3.58843
8.415 2.19904 3.59184
8.42 2.20203 3.59519
8.425 2.20497 3.59845
8.43 2.20786 3.60165
8.435 2.21072 3.60476
8.44 2.21352 3.6078
8.445 2.21628 3.61077
8.45 2.219 3.61365
8.455 2.22167 3.61646
8.46 2.22429 3.61919
8.465 2.22687 3.62184
8.47 2.2294 3.62441
8.475 2.23188 3.6269
8.48 2.23431 3.62931
8.485 2.2367 3.63164
8.49 2.23904 3.63389
8.495 2.24133 3.63606
8.5 2.24357 3.63815
8.505 2.24576 3.64015
8.51 2.24791 3.64207
8.515 2.25 3.64391
8.52 2.25204 3.64566
8.525 2.25404 3.64734
8.53 2.25598 3.64892
8.535 2.25787 3.65042
8.54 2.25971 3.65184
8.545 2.2615 3.65317
8.55 2.26323 3.65441
8.555 2.26492 3.65557
8.56 2.26655 3.65664
8.565 2.26813 3.65762
8.57 2.26966 3.65851
8.575 2.27113 3.65932
8.58 2.27255 3.66004
8.585 2.27392 3.66067
8.59 2.27523 3.6612
8.595 2.27649 3.66165
8.6 2.27769 3.66201
8.605 2.27884 3.66228
8.61 2.27993 3.66246
8.615 2.28097 3.66254
8.62 2.28195 3.66254
8.625 2.28287 3.66244
8.63 2.28374 3.66225
8.635 2.28456 3.66196
8.64 2.28531 3.66159
8.645 2.28601 3.66111
8.65 2.28665 3.66055
8.655 2.28724 3.65989
8.66 2.28776 3.65914
8.665 2.28823 3.65829
8.67 2.28864 3.65734
8.675 2.28899 3.6563
8.68 2.28928 3.65516
8.685 2.28951 3.65393
8.69 2.28969 3.6526
8.695 2.2898 3.65117
8.7 2.28985 3.64964
8.705 2.28985 3.64802
8.71 2.28978 3.6463
8.715 2.28965 3.64448
8.72 2.28946 3.64256
8.725 2.28921 3.64054
8.73 2.2889 3.63842
8.735 2.28853 3.63621
8.74 2.2881 3.63389
8.745 2.2876 3.63147
8.75 2.28704 3.62895
8.755 2.28642 3.62633
8.76 2.28573 3.62361
8.765 2.28499 3.62079
8.77 2.28418 3.61786
8.775 2.2833 3.61484
8.78 2.28237 3.61171
8.785 2.28137 3.60847
8.79 2.2803 3.60514
8.795 2.27917 3.6017
8.8 2.27798 3.59816
8.805 2.27672 3.59451
8.81 2.2754 3.59076
8.815 2.27401 3.58691
8.82 2.27256 3.58295
8.825 2.27104 3.57889
8.83 2.26946 3.57472
8.835 2.26781 3.57045
8.84 2.26609 3.56607
8.845 2.26431 3.56159
8.85 2.26246 3.557
8.855 2.26055 3.5523
8.86 2.25857 3.5475
8.865 2.25652 3.54259
8.87 2.2544 3.53758
8.875 2.25222 3.53245
8.88 2.24997 3.52723
8.885 2.24766 3.52189
8.89 2.24527 3.51645
8.895 2.24282 3.51089
8.9 2.2403 3.50524
8.905 2.23771 3.49947
8.91 2.23506 3.49359
8.915 2.23233 3.48761
8.92 2.22954 3.48152
8.925 2.22668 3.47532
8.93 2.22375 3.46901
8.935 2.22075 3.46259
8.94 2.21768 3.45607
8.945 2.21455 3.44943
8.95 2.21134 3.44269
8.955 2.20806 3.43584
8.96 2.20472 3.42887
8.965 2.2013 3.4218
8.97 2.19782 3.41462
8.975 2.19427 3.40733
8.98 2.19064 3.39993
8.985 2.18695 3.39242
8.99 2.18319 3.3848
8.995 2.17935 3.37707
9 2.17545 3.36923
9.005 2.17147 3.36128
9.01 2.16743 3.35321
9.015 2.16331 3.34504
9.02 2.15913 3.33676
9.025 2.15487 3.32837
9.03 2.15055 3.31987
9.035 2.14615 3.31126
9.04 2.14168 3.30254
9.045 2.13714 3.2937
9.05 2.13253 3.28476
9.055 2.12785 3.27571
9.06 2.1231 3.26655
9.065 2.11828 3.25727
9.07 2.11338 3.24789
9.075 2.10842 3.23839
9.08 2.10338 3.22879
9.085 2.09827 3.21907
9.09 2.0931 3.20925
9.095 2.08785 3.19931
9.1 2.08252 3.18927
9.105 2.07713 3.17911
9.11 2.07167 3.16885
9.115 2.06613 3.15847
9.12 2.06053 3.14799
9.125 2.05485 3.1374
9.13 2.0491 3.12669
9.135 2.04328 3.11588
9.14 2.03739 3.10496
9.145 2.03143 3.09392
9.15 2.0254 3.08278
9.155 2.0193 3.07153
9.16 2.01312 3.06017
9.165 2.00687 3.0487
9.17 2.00056 3.03713
9.175 1.99417 3.02544
9.18 1.98771 3.01365
9.185 1.98118 3.00174
9.19 1.97458 2.98973
9.195 1.96791 2.97761
9.2 1.96117 2.96539
9.205 1.95435 2.95305
9.21 1.94747 2.94061
9.215 1.94052 2.92806
9.22 1.93349 2.91541
9.225 1.9264 2.90265
9.23 1.91923 2.88978
9.235 1.912 2.8768
9.24 1.90469 2.86372
9.245 1.89732 2.85054
9.25 1.88988 2.83724
9.255 1.88236 2.82385
9.26 1.87478 2.81034
9.265 1.86712 2.79674
9.27 1.8594 2.78302
9.275 1.85161 2.76921
9.28 1.84375 2.75528
9.285 1.83582 2.74126
9.29 1.82782 2.72713
9.295 1.81975 2.7129
9.3 1.81161 2.69857
9.305 1.80341 2.68413
9.31 1.79513 2.66959
9.315 1.78679 2.65495
9.32 1.77838 2.64021
9.325 1.76991 2.62536
9.33 1.76136 2.61042
9.335 1.75275 2.59538
9.34 1.74407 2.58023
9.345 1.73532 2.56499
9.35 1.72651 2.54964
9.355 1.71763 2.5342
9.36 1.70868 2.51866
9.365 1.69967 2.50302
9.37 1.69059 2.48728
9.375 1.68145 2.47144
9.38 1.67224 2.45551
9.385 1.66296 2.43948
9.39 1.65362 2.42336
9.395 1.64421 2.40713
9.4 1.63474 2.39082
9.405 1.6252 2.37441
9.41 1.61561 2.3579
9.415 1.60594 2.3413
9.42 1.59621 2.32461
9.425 1.58642 2.30782
9.43 1.57657 2.29095
9.435 1.56665 2.27397
9.44 1.55667 2.25691
9.445 1.54663 2.23976
9.45 1.53652 2.22252
9.455 1.52635 2.20518
9.46 1.51612 2.18776
9.465 1.50583 2.17025
9.47 1.49548 2.15265
9.475 1.48507 2.13496
9.48 1.4746 2.11718
9.485 1.46407 2.09932
9.49 1.45347 2.08137
9.495 1.44282 2.06334
9.5 1.43211 2.04522
9.505 1.42134 2.02702
9.51 1.41051 2.00873
9.515 1.39962 1.99036
9.52 1.38868 1.9719
9.525 1.37768 1.95337
9.53 1.36662 1.93475
9.535 1.3555 1.91605
9.54 1.34433 1.89728
9.545 1.3331 1.87842
9.55 1.32181 1.85948
9.555 1.31047 1.84047
9.56 1.29908 1.82138
9.565 1.28763 1.80221
9.57 1.27612 1.78296
9.575 1.26456 1.76364
9.58 1.25295 1.74424
9.585 1.24128 1.72477
9.59 1.22957 1.70523
9.595 1.2178 1.68561
9.6 1.20597 1.66592
9.605 1.1941 1.64616
9.61 1.18217 1.62633
9.615 1.1702 1.60643
9.62 1.15817 1.58646
9.625 1.1461 1.56642
9.63 1.13397 1.54632
9.635 1.1218 1.52614
9.64 1.10957 1.5059
9.645 1.0973 1.4856
9.65 1.08498 1.46523
9.655 1.07262 1.44479
9.66 1.06021 1.4243
9.665 1.04775 1.40374
9.67 1.03524 1.38311
9.675 1.02269 1.36243
9.68 1.0101 1.34169
9.685 0.997457 1.32089
9.69 0.984773 1.30003
9.695 0.972046 1.27911
9.7 0.959276 1.25814
9.705 0.946464 1.23711
9.71 0.93361 1.21602
9.715 0.920714 1.19489
9.72 0.907777 1.17369
9.725 0.894799 1.15245
9.73 0.881782 1.13115
9.735 0.868725 1.10981
9.74 0.855629 1.08841
9.745 0.842495 1.06696
9.75 0.829323 1.04547
9.755 0.816114 1.02393
9.76 0.802867 1.00234
9.765 0.789585 0.980707
9.77 0.776267 0.95903
9.775 0.762913 0.937309
9.78 0.749525 0.915545
9.785 0.736103 0.893739
9.79 0.722647 0.871893
9.795 0.709158 0.850007
9.8 0.695637 0.828082
9.805 0.682084 0.806118
9.81 0.668499 0.784118
9.815 0.654884 0.762082
9.82 0.641239 0.74001
9.825 0.627564 0.717905
9.83 0.61386 0.695766
9.835 0.600128 0.673595
9.84 0.586368 0.651392
9.845 0.572581 0.629159
9.85 0.558767 0.606898
9.855 0.544927 0.584607
9.86 0.531062 0.56229
9.865 0.517172 0.539946
9.87 0.503258 0.517577
9.875 0.48932 0.495183
9.88 0.47536 0.472766
9.885 0.461377 0.450327
9.89 0.447372 0.427867
9.895 0.433346 0.405387
9.9 0.4193 0.382887
9.905 0.405234 0.360369
9.91 0.391149 0.337835
9.915 0.377045 0.315284
9.92 0.362923 0.292718
9.925 0.348784 0.270138
9.93 0.334628 0.247545
9.935 0.320457 0.224941
9.94 0.30627 0.202326
9.945 0.292068 0.179701
9.95 0.277853 0.157067
9.955 0.263624 0.134426
9.96 0.249383 0.111778
9.965 0.235129 0.0891252
9.97 0.220864 0.0664678
9.975 0.206589 0.0438073
9.98 0.192303 0.0211446
9.985 0.178008 -0.00151912
9.99 0.163705 -0.0241828
9.995 0.149393 -0.0468453
10 0.135075 -0.0695055
10.005 0.120749 -0.0921623
10.01 0.106418 -0.114815
10.015 0.0920819 -0.137461
10.02 0.077741 -0.160101
10.025 0.0633963 -0.182734
10.03 0.0490485 -0.205357
10.035 0.0346983 -0.22797
10.04 0.0203463 -0.250572
10.045 0.00599336 -0.273161
10.05 -0.00835991 -0.295737
10.055 -0.0227128 -0.318299
10.06 -0.0370645 -0.340845
10.065 -0.0514144 -0.363373
10.07 -0.0657618 -0.385884
10.075 -0.0801059 -0.408376
10.08 -0.0944461 -0.430847
10.085 -0.108782 -0.453297
10.09 -0.123112 -0.475724
10.095 -0.137436 -0.498128
10.1 -0.151753 -0.520506
10.105 -0.166062 -0.542859
10.11 -0.180363 -0.565184
10.115 -0.194655 -0.587481
10.12 -0.208938 -0.609748
10.125 -0.22321 -0.631985
10.13 -0.23747 -0.654189
10.135 -0.251719 -0.676361
10.14 -0.265955 -0.698499
10.145 -0.280177 -0.720601
10.15 -0.294386 -0.742666
10.155 -0.308579 -0.764694
10.16 -0.322757 -0.786683
10.165 -0.336918 -0.808632
10.17 -0.351062 -0.83054
10.175 -0.365189 -0.852405
10.18 -0.379296 -0.874227
10.185 -0.393385 -0.896004
10.19 -0.407453 -0.917735
10.195 -0.4215 -0.939419
10.2 -0.435526 -0.961055
10.205 -0.449529 -0.982642
10.21 -0.463509 -1.00418
10.215 -0.477466 -1.02566
10.22 -0.491397 -1.04709
10.225 -0.505304 -1.06847
10.23 -0.519184 -1.08979
10.235 -0.533037 -1.11106
10.24 -0.546863 -1.13226
10.245 -0.560661 -1.15341
10.25 -0.574429 -1.1745
10.255 -0.588167 -1.19553
10.26 -0.601875 -1.21649
10.265 -0.615551 -1.2374
10.27 -0.629196 -1.25823
10.275 -0.642807 -1.279
10.28 -0.656385 -1.29971
10.285 -0.669928 -1.32035
10.29 -0.683436 -1.34091
10.295 -0.696908 -1.36141
10.3 -0.710344 -1.38183
10.305 -0.723742 -1.40218
10.31 -0.737102 -1.42246
10.315 -0.750423 -1.44266
10.32 -0.763705 -1.46279
10.325 -0.776946 -1.48284
10.33 -0.790146 -1.50281
10.335 -0.803304 -1.5227
10.34 -0.816419 -1.54251
10.345 -0.829491 -1.56224
10.35 -0.842519 -1.58188
10.355 -0.855502 -1.60144
10.36 -0.868439 -1.62091
10.365 -0.88133 -1.6403
10.37 -0.894174 -1.6596
10.375 -0.906969 -1.67881
10.38 -0.919717 -1.69793
10.385 -0.932414 -1.71696
10.39 -0.945062 -1.7359
10.395 -0.957659 -1.75474
10.4 -0.970204 -1.77349
10.405 -0.982697 -1.79214
10.41 -0.995137 -1.8107
10.415 -1.00752 -1.82916
10.42 -1.01986 -1.84752
10.425 -1.03213 -1.86578
10.43 -1.04435 -1.88393
10.435 -1.05652 -1.90199
10.44 -1.06862 -1.91994
10.445 -1.08067 -1.93779
10.45 -1.09266 -1.95553
10.455 -1.10459 -1.97317
10.46 -1.11646 -1.99069
10.465 -1.12827 -2.00811
10.47 -1.14001 -2.02542
10.475 -1.1517 -2.04262
10.48 -1.16332 -2.0597
10.485 -1.17488 -2.07667
10.49 -1.18637 -2.09353
10.495 -1.1978 -2.11027
10.5 -1.20916 -2.1269
10.505 -1.22045 -2.14341
10.51 -1.23168 -2.1598
10.515 -1.24284 -2.17607
10.52 -1.25393 -2.19222
10.525 -1.26495 -2.20825
10.53 -1.2759 -2.22416
10.535 -1.28678 -2.23994
10.54 -1.29759 -2.2556
10.545 -1.30832 -2.27113
10.55 -1.31899 -2.28654
10.555 -1.32958 -2.30181
10.56 -1.34009 -2.31696
10.565 -1.35053 -2.33198
10.57 -1.3609 -2.34687
10.575 -1.37119 -2.36163
10.58 -1.3814 -2.37626
10.585 -1.39153 -2.39075
10.59 -1.40159 -2.40511
10.595 -1.41157 -2.41933
10.6 -1.42147 -2.43342
10.605 -1.43129 -2.44737
10.61 -1.44102 -2.46118
10.615 -1.45068 -2.47485
10.62 -1.46025 -2.48839
10.625 -1.46974 -2.50178
10.63 -1.47915 -2.51503
10.635 -1.48848 -2.52813
10.64 -1.49772 -2.5411
10.645 -1.50687 -2.55392
10.65 -1.51594 -2.56659
10.655 -1.52492 -2.57912
10.66 -1.53382 -2.5915
10.665 -1.54263 -2.60373
10.67 -1.55135 -2.61582
10.675 -1.55998 -2.62775
10.68 -1.56852 -2.63953
10.685 -1.57698 -2.65117
10.69 -1.58534 -2.66265
10.695 -1.59361 -2.67397
10.7 -1.60179 -2.68515
10.705 -1.60988 -2.69617
10.71 -1.61787 -2.70703
10.715 -1.62577 -2.71774
10.72 -1.63358 -2.72829
10.725 -1.6413 -2.73869
10.73 -1.64892 -2.74892
10.735 -1.65644 -2.759
10.74 -1.66387 -2.76892
10.745 -1.6712 -2.77867
10.75 -1.67843 -2.78827
10.755 -1.68557 -2.7977
10.76 -1.69261 -2.80697
10.765 -1.69955 -2.81608
10.77 -1.70639 -2.82502
10.775 -1.71313 -2.8338
10.78 -1.71977 -2.84241
10.785 -1.72632 -2.85086
10.79 -1.73276 -2.85914
10.795 -1.7391 -2.86725
10.8 -1.74533 -2.87519
10.805 -1.75147 -2.88297
10.81 -1.7575 -2.89058
10.815 -1.76343 -2.89801
10.82 -1.76925 -2.90528
10.825 -1.77498 -2.91237
10.83 -1.78059 -2.9193
10.835 -1.7861 -2.92605
10.84 -1.79151 -2.93263
10.845 -1.79681 -2.93903
10.85 -1.80201 -2.94526
10.855 -1.80709 -2.95132
10.86 -1.81207 -2.9572
10.865 -1.81695 -2.96291
10.87 -1.82171 -2.96844
10.875 -1.82637 -2.9738
10.88 -1.83092 -2.97897
10.885 -1.83536 -2.98398
10.89 -1.83969 -2.9888
10.895 -1.84391 -2.99344
10.9 -1.84802 -2.99791
10.905 -1.85202 -3.0022
10.91 -1.85591 -3.0063
10.915 -1.85969 -3.01023
10.92 -1.86336 -3.01398
10.925 -1.86691 -3.01754
10.93 -1.87035 -3.02093
10.935 -1.87369 -3.02413
10.94 -1.8769 -3.02715
10.945 -1.88001 -3.02999
10.95 -1.883 -3.03265
10.955 -1.88588 -3.03513
10.96 -1.88865 -3.03742
10.965 -1.8913 -3.03952
10.97 -1.89384 -3.04145
10.975 -1.89626 -3.04319
10.98 -1.89857 -3.04475
10.985 -1.90076 -3.04612
10.99 -1.90284 -3.0473
10.995 -1.9048 -3.04831
11 -1.90664 -3.04912
11.005 -1.90838 -3.04975
11.01 -1.90999 -3.0502
11.015 -1.91149 -3.05046
11.02 -1.91287 -3.05053
11.025 -1.91413 -3.05042
11.03 -1.91528 -3.05012
11.035 -1.91631 -3.04964
11.04 -1.91723 -3.04897
11.045 -1.91802 -3.04811
11.05 -1.9187 -3.04706
11.055 -1.91926 -3.04583
11.06 -1.91971 -3.04441
11.065 -1.92003 -3.04281
11.07 -1.92024 -3.04101
11.075 -1.92033 -3.03903
11.08 -1.9203 -3.03687
11.085 -1.92016 -3.03451
11.09 -1.91989 -3.03197
11.095 -1.91951 -3.02924
11.1 -1.919 -3.02633
11.105 -1.91838 -3.02322
11.11 -1.91764 -3.01993
11.115 -1.91679 -3.01646
11.12 -1.91581 -3.01279
11.125 -1.91471 -3.00894
11.13 -1.9135 -3.0049
11.135 -1.91216 -3.00068
11.14 -1.91071 -2.99627
11.145 -1.90914 -2.99167
11.15 -1.90745 -2.98689
11.155 -1.90564 -2.98192
11.16 -1.90371 -2.97676
11.165 -1.90166 -2.97142
11.17 -1.8995 -2.96589
11.175 -1.89721 -2.96018
11.18 -1.89481 -2.95428
11.185 -1.89229 -2.94819
11.19 -1.88965 -2.94193
11.195 -1.88689 -2.93547
11.2 -1.88401 -2.92883
11.205 -1.88101 -2.92201
11.21 -1.8779 -2.91501
11.215 -1.87466 -2.90782
11.22 -1.87131 -2.90045
11.225 -1.86785 -2.89289
11.23 -1.86426 -2.88515
11.235 -1.86055 -2.87723
11.24 -1.85673 -2.86913
11.245 -1.85279 -2.86085
11.25 -1.84874 -2.85239
11.255 -1.84456 -2.84374
11.26 -1.84027 -2.83492
11.265 -1.83587 -2.82591
11.27 -1.83134 -2.81673
11.275 -1.8267 -2.80736
11.28 -1.82195 -2.79782
11.285 -1.81707 -2.7881
11.29 -1.81209 -2.77821
11.295 -1.80698 -2.76813
11.3 -1.80177 -2.75788
11.305 -1.79643 -2.74745
11.31 -1.79098 -2.73685
11.315 -1.78542 -2.72607
11.32 -1.77974 -2.71512
11.325 -1.77395 -2.704
11.33 -1.76805 -2.6927
11.335 -1.76203 -2.68123
11.34 -1.7559 -2.66958
11.345 -1.74966 -2.65777
11.35 -1.7433 -2.64578
11.355 -1.73683 -2.63363
11.36 -1.73025 -2.6213
11.365 -1.72356 -2.60881
11.37 -1.71676 -2.59614
11.375 -1.70985 -2.58331
11.38 -1.70282 -2.57032
11.385 -1.69569 -2.55715
11.39 -1.68845 -2.54383
11.395 -1.6811 -2.53033
11.4 -1.67364 -2.51668
11.405 -1.66607 -2.50286
11.41 -1.65839 -2.48888
11.415 -1.6506 -2.47473
11.42 -1.64271 -2.46043
11.425 -1.63471 -2.44597
11.43 -1.62661 -2.43134
11.435 -1.6184 -2.41656
11.44 -1.61008 -2.40162
11.445 -1.60166 -2.38653
11.45 -1.59313 -2.37128
11.455 -1.5845 -2.35587
11.46 -1.57577 -2.34032
11.465 -1.56694 -2.3246
11.47 -1.558 -2.30874
11.475 -1.54896 -2.29272
11.48 -1.53982 -2.27656
11.485 -1.53057 -2.26025
11.49 -1.52123 -2.24378
11.495 -1.51179 -2.22717
11.5 -1.50225 -2.21042
11.505 -1.4926 -2.19352
11.51 -1.48287 -2.17647
11.515 -1.47303 -2.15928
11.52 -1.4631 -2.14195
11.525 -1.45307 -2.12448
11.53 -1.44294 -2.10687
11.535 -1.43272 -2.08912
11.54 -1.4224 -2.07123
11.545 -1.41199 -2.0532
11.55 -1.40149 -2.03504
11.555 -1.3909 -2.01674
11.56 -1.38021 -1.99831
11.565 -1.36943 -1.97975
11.57 -1.35856 -1.96106
11.575 -1.3476 -1.94223
11.58 -1.33655 -1.92328
11.585 -1.32541 -1.9042
11.59 -1.31419 -1.88499
11.595 -1.30287 -1.86566
11.6 -1.29147 -1.8462
11.605 -1.27998 -1.82662
11.61 -1.26841 -1.80692
11.615 -1.25676 -1.7871
11.62 -1.24502 -1.76716
11.625 -1.23319 -1.7471
11.63 -1.22129 -1.72692
11.635 -1.2093 -1.70663
11.64 -1.19723 -1.68622
11.645 -1.18508 -1.6657
11.65 -1.17285 -1.64507
11.655 -1.16055 -1.62433
11.66 -1.14816 -1.60348
11.665 -1.1357 -1.58253
11.67 -1.12316 -1.56146
11.675 -1.11055 -1.54029
11.68 -1.09786 -1.51902
11.685 -1.0851 -1.49764
11.69 -1.07226 -1.47617
11.695 -1.05935 -1.45459
11.7 -1.04637 -1.43292
11.705 -1.03332 -1.41115
11.71 -1.0202 -1.38928
11.715 -1.00702 -1.36732
11.72 -0.99376 -1.34527
11.725 -0.980436 -1.32313
11.73 -0.967045 -1.3009
11.735 -0.953589 -1.27858
11.74 -0.940069 -1.25617
11.745 -0.926484 -1.23368
11.75 -0.912837 -1.2111
11.755 -0.899128 -1.18844
11.76 -0.885358 -1.1657
11.765 -0.871527 -1.14288
11.77 -0.857637 -1.11999
11.775 -0.843689 -1.09701
11.78 -0.829683 -1.07396
11.785 -0.81562 -1.05084
11.79 -0.801502 -1.02765
11.795 -0.78733 -1.00439
11.8 -0.773103 -0.981056
11.805 -0.758823 -0.957657
11.81 -0.744492 -0.934193
11.815 -0.73011 -0.910665
11.82 -0.715677 -0.887075
11.825 -0.701196 -0.863423
11.83 -0.686667 -0.839713
11.835 -0.67209 -0.815945
11.84 -0.657467 -0.79212
11.845 -0.642799 -0.768242
11.85 -0.628087 -0.74431
11.855 -0.613332 -0.720328
11.86 -0.598534 -0.696296
11.865 -0.583695 -0.672215
11.87 -0.568816 -0.648089
11.875 -0.553898 -0.623918
11.88 -0.538942 -0.599703
11.885 -0.523948 -0.575448
11.89 -0.508918 -0.551152
11.895 -0.493853 -0.526819
11.9 -0.478754 -0.502449
11.905 -0.463622 -0.478044
11.91 -0.448457 -0.453606
11.915 -0.433262 -0.429137
11.92 -0.418036 -0.404638
11.925 -0.402782 -0.380111
11.93 -0.387499 -0.355557
11.935 -0.37219 -0.330979
11.94 -0.356854 -0.306378
11.945 -0.341494 -0.281755
11.95 -0.32611 -0.257113
11.955 -0.310704 -0.232453
11.96 -0.295276 -0.207777
11.965 -0.279827 -0.183086
11.97 -0.264358 -0.158383
11.975 -0.248872 -0.133668
11.98 -0.233367 -0.108944
11.985 -0.217847 -0.0842128
11.99 -0.202311 -0.0594755
11.995 -0.186761 -0.0347339
12 -0.171199 -0.00998999
12.005 -0.155624 0.0147547
12.01 -0.140038 0.0394983
12.015 -0.124442 0.0642392
12.02 -0.108838 0.0889755
12.025 -0.0932258 0.113706
12.03 -0.0776073 0.138428
12.035 -0.0619833 0.16314
12.04 -0.0463549 0.187841
12.045 -0.0307233 0.212529
12.05 -0.0150895 0.237201
12.055 0.000545339 0.261858
12.06 0.0161802 0.286495
12.065 0.0318138 0.311112
12.07 0.0474453 0.335708
12.075 0.0630733 0.36028
12.08 0.078697 0.384826
12.085 0.094315 0.409345
12.09 0.109926 0.433835
12.095 0.12553 0.458295
12.1 0.141125 0.482721
12.105 0.156709 0.507114
12.11 0.172283 0.531471
12.115 0.187845 0.55579
12.12 0.203393 0.58007
12.125 0.218926 0.604309
12.13 0.234444 0.628504
12.135 0.249946 0.652655
12.14 0.265429 0.67676
12.145 0.280894 0.700816
12.15 0.296339 0.724822
12.155 0.311763 0.748777
12.16 0.327164 0.772679
12.165 0.342542 0.796525
12.17 0.357896 0.820315
12.175 0.373224 0.844046
12.18 0.388526 0.867716
12.185 0.403799 0.891325
12.19 0.419044 0.91487
12.195 0.434259 0.93835
12.2 0.449443 0.961762
12.205 0.464594 0.985105
12.21 0.479713 1.00838
12.215 0.494797 1.03158
12.22 0.509845 1.05471
12.225 0.524857 1.07776
12.23 0.539831 1.10073
12.235 0.554766 1.12362
12.24 0.569662 1.14644
12.245 0.584516 1.16917
12.25 0.599329 1.19182
12.255 0.614098 1.21438
12.26 0.628823 1.23685
12.265 0.643503 1.25924
12.27 0.658136 1.28153
12.275 0.672722 1.30373
12.28 0.687259 1.32584
12.285 0.701747 1.34785
12.29 0.716184 1.36976
12.295 0.730569 1.39158
12.3 0.744901 1.41329
12.305 0.75918 1.4349
12.31 0.773403 1.45641
12.315 0.78757 1.47782
12.32 0.801681 1.49911
12.325 0.815733 1.5203
12.33 0.829726 1.54137
12.335 0.843659 1.56234
12.34 0.85753 1.58319
12.345 0.871339 1.60392
12.35 0.885085 1.62454
12.355 0.898766 1.64504
12.36 0.912382 1.66543
12.365 0.925931 1.68569
12.37 0.939413 1.70582
12.375 0.952827 1.72584
12.38 0.966171 1.74572
12.385 0.979444 1.76548
12.39 0.992646 1.78511
12.395 1.00578 1.80461
12.4 1.01883 1.82398
12.405 1.03181 1.84322
12.41 1.04472 1.86232
12.415 1.05755 1.88128
12.42 1.0703 1.90011
12.425 1.08297 1.91879
12.43 1.09557 1.93734
12.435 1.10808 1.95574
12.44 1.12051 1.974
12.445 1.13287 1.99212
12.45 1.14513 2.01009
12.455 1.15732 2.02791
12.46 1.16941 2.04558
12.465 1.18142 2.0631
12.47 1.19335 2.08047
12.475 1.20519 2.09769
12.48 1.21693 2.11475
12.485 1.22859 2.13166
12.49 1.24016 2.14841
12.495 1.25164 2.165
12.5 1.26302 2.18143
12.505 1.27431 2.1977
12.51 1.28551 2.21381
12.515 1.29661 2.22975
12.52 1.30762 2.24553
12.525 1.31853 2.26114
12.53 1.32934 2.27659
12.535 1.34005 2.29186
12.54 1.35066 2.30697
12.545 1.36118 2.32191
12.55 1.37159 2.33667
12.555 1.3819 2.35126
12.56 1.39211 2.36567
12.565 1.40221 2.37991
12.57 1.41221 2.39398
12.575 1.42211 2.40786
12.58 1.4319 2.42157
12.585 1.44158 2.43509
12.59 1.45116 2.44844
12.595 1.46062 2.4616
12.6 1.46998 2.47458
12.605 1.47923 2.48737
12.61 1.48837 2.49998
12.615 1.4974 2.5124
12.62 1.50631 2.52464
12.625 1.51512 2.53668
12.63 1.52381 2.54854
12.635 1.53238 2.5602
12.64 1.54085 2.57168
12.645 1.54919 2.58296
12.65 1.55742 2.59405
12.655 1.56554 2.60494
12.66 1.57353 2.61564
12.665 1.58141 2.62614
12.67 1.58917 2.63644
12.675 1.59681 2.64655
12.68 1.60433 2.65646
12.685 1.61173 2.66617
12.69 1.61901 2.67568
12.695 1.62617 2.68499
12.7 1.6332 2.69409
12.705 1.64011 2.70299
12.71 1.6469 2.71169
12.715 1.65357 2.72019
12.72 1.66011 2.72848
12.725 1.66652 2.73656
12.73 1.67281 2.74444
12.735 1.67897 2.75211
12.74 1.68501 2.75957
12.745 1.69092 2.76683
12.75 1.6967 2.77387
12.755 1.70235 2.78071
12.76 1.70787 2.78734
12.765 1.71327 2.79375
12.77 1.71853 2.79995
12.775 1.72367 2.80594
12.78 1.72867 2.81172
12.785 1.73354 2.81729
12.79 1.73829 2.82264
12.795 1.7429 2.82778
12.8 1.74737 2.8327
12.805 1.75172 2.83741
12.81 1.75593 2.8419
12.815 1.76001 2.84618
12.82 1.76395 2.85023
12.825 1.76776 2.85408
12.83 1.77144 2.8577
12.835 1.77498 2.86111
12.84 1.77838 2.8643
12.845 1.78165 2.86727
12.85 1.78479 2.87003
12.855 1.78779 2.87256
12.86 1.79065 2.87488
12.865 1.79337 2.87697
12.87 1.79596 2.87885
12.875 1.79841 2.8805
12.88 1.80073 2.88194
12.885 1.8029 2.88316
12.89 1.80494 2.88415
12.895 1.80684 2.88493
12.9 1.8086 2.88548
12.905 1.81022 2.88581
12.91 1.81171 2.88592
12.915 1.81305 2.88581
12.92 1.81426 2.88548
12.925 1.81533 2.88493
12.93 1.81625 2.88415
12.935 1.81704 2.88316
12.94 1.81769 2.88194
12.945 1.8182 2.8805
12.95 1.81857 2.87884
12.955 1.8188 2.87696
12.96 1.81889 2.87486
12.965 1.81884 2.87253
12.97 1.81864 2.86999
12.975 1.81831 2.86722
12.98 1.81784 2.86423
12.985 1.81723 2.86102
12.99 1.81648 2.8576
12.995 1.81559 2.85395
13 1.81456 2.85008
13.005 1.81338 2.84598
13.01 1.81207 2.84167
13.015 1.81062 2.83714
13.02 1.80903 2.83239
13.025 1.80729 2.82743
13.03 1.80542 2.82224
13.035 1.80341 2.81683
13.04 1.80126 2.81121
13.045 1.79897 2.80537
13.05 1.79653 2.79931
13.055 1.79396 2.79303
13.06 1.79126 2.78654
13.065 1.78841 2.77983
13.07 1.78542 2.7729
13.075 1.78229 2.76576
13.08 1.77903 2.7584
13.085 1.77563 2.75083
13.09 1.77208 2.74305
13.095 1.76841 2.73505
13.1 1.76459 2.72684
13.105 1.76063 2.71842
13.11 1.75654 2.70978
13.115 1.75232 2.70093
13.12 1.74795 2.69188
13.125 1.74345 2.68261
13.13 1.73881 2.67313
13.135 1.73404 2.66345
13.14 1.72913 2.65356
13.145 1.72409 2.64346
13.15 1.71891 2.63315
13.155 1.7136 2.62264
13.16 1.70815 2.61192
13.165 1.70257 2.601
13.17 1.69686 2.58987
13.175 1.69101 2.57854
13.18 1.68503 2.56701
13.185 1.67892 2.55528
13.19 1.67268 2.54335
13.195 1.6663 2.53122
13.2 1.6598 2.51889
13.205 1.65317 2.50636
13.21 1.6464 2.49363
13.215 1.63951 2.48071
13.22 1.63248 2.4676
13.225 1.62533 2.45429
13.23 1.61805 2.44078
13.235 1.61065 2.42709
13.24 1.60311 2.4132
13.245 1.59545 2.39913
13.25 1.58767 2.38486
13.255 1.57976 2.37041
13.26 1.57173 2.35577
13.265 1.56357 2.34094
13.27 1.55528 2.32593
13.275 1.54688 2.31074
13.28 1.53835 2.29536
13.285 1.5297 2.27981
13.29 1.52094 2.26407
13.295 1.51205 2.24815
13.3 1.50304 2.23206
13.305 1.49391 2.21579
13.31 1.48466 2.19934
13.315 1.4753 2.18272
13.32 1.46582 2.16593
13.325 1.45622 2.14896
13.33 1.44651 2.13183
13.335 1.43668 2.11452
13.34 1.42674 2.09705
13.345 1.41669 2.07942
13.35 1.40652 2.06161
13.355 1.39625 2.04365
13.36 1.38586 2.02552
13.365 1.37536 2.00723
13.37 1.36475 1.98878
13.375 1.35403 1.97017
13.38 1.34321 1.9514
13.385 1.33228 1.93248
13.39 1.32124 1.91341
13.395 1.3101 1.89418
13.4 1.29885 1.87481
13.405 1.2875 1.85528
13.41 1.27605 1.83561
13.415 1.26449 1.81579
13.42 1.25284 1.79582
13.425 1.24108 1.77571
13.43 1.22923 1.75546
13.435 1.21727 1.73507
13.44 1.20522 1.71454
13.445 1.19308 1.69387
13.45 1.18083 1.67307
13.455 1.1685 1.65214
13.46 1.15607 1.63107
13.465 1.14354 1.60987
13.47 1.13093 1.58854
13.475 1.11823 1.56709
13.48 1.10543 1.54551
13.485 1.09255 1.5238
13.49 1.07958 1.50198
13.495 1.06652 1.48003
13.5 1.05338 1.45797
13.505 1.04015 1.43578
13.51 1.02684 1.41349
13.515 1.01345 1.39107
13.52 1 1.3686
