0 0 0
0.08 1.81135e-93 -4.36337e-98
0.16 1.35445e-87 -4.26526e-92
0.24 7.20443e-83 -3.64926e-87
0.32 6.61082e-79 -5.59817e-83
0.4 1.92421e-75 -2.65941e-79
0.48 2.22736e-72 -4.76671e-76
0.56 1.25858e-69 -3.97351e-73
0.64 3.92565e-67 -1.75047e-70
0.72 7.45324e-65 -4.52609e-68
0.8 9.27212e-63 -7.43732e-66
0.88 8.01447e-61 -6.22534e-64
0.84 1.10808e-61 -1.05162e-64
0.88 1.18865e-60 -1.24051e-63
0.86 3.75277e-61 -3.87121e-64
0.88 1.23645e-60 -1.3802e-63
0.9 3.96674e-60 -4.77277e-63
0.92 1.24056e-59 -1.60327e-62
0.94 3.7861e-59 -5.23934e-62
0.96 1.12876e-58 -1.66785e-61
0.98 3.29048e-58 -5.17818e-61
1 9.38763e-58 -1.56973e-60
1.02 2.62336e-57 -4.65108e-60
1.04 7.18639e-57 -1.3483e-59
1.06 1.93126e-56 -3.82747e-59
1.08 5.09517e-56 -1.06488e-58
1.1 1.32054e-55 -2.90603e-58
1.12 3.36436e-55 -7.78445e-58
1.14 8.43077e-55 -2.04828e-57
1.16 2.0792e-54 -5.29752e-57
1.18 5.04922e-54 -1.34755e-56
1.2 1.20803e-53 -3.37338e-56
1.22 2.84882e-53 -8.31517e-56
1.24 6.62508e-53 -2.01926e-55
1.26 1.52002e-52 -4.83333e-55
1.28 3.44211e-52 -1.14088e-54
1.3 7.69643e-52 -2.65683e-54
1.32 1.69986e-51 -6.10673e-54
1.34 3.70984e-51 -1.38596e-53
1.36 8.0033e-51 -3.10713e-53
1.38 1.70726e-50 -6.88325e-53
1.4 3.60237e-50 -1.50733e-52
1.42 7.52087e-50 -3.26401e-52
1.44 1.55406e-49 -6.99136e-52
1.46 3.17915e-49 -1.48175e-51
1.48 6.44044e-49 -3.10827e-51
1.5 1.29239e-48 -6.45531e-51
1.52 2.56955e-48 -1.32766e-50
1.54 5.06301e-48 -2.70486e-50
1.56 9.88892e-48 -5.46004e-50
1.58 1.91503e-47 -1.09231e-49
1.6 3.67773e-47 -2.1662e-49
1.62 7.00574e-47 -4.25937e-49
1.64 1.32399e-46 -8.3058e-49
1.66 2.48286e-46 -1.60656e-48
1.68 4.62103e-46 -3.08303e-48
1.7 8.53734e-46 -5.87093e-48
1.72 1.56595e-45 -1.10959e-47
1.74 2.85218e-45 -2.08174e-47
1.76 5.15927e-45 -3.87765e-47
1.78 9.27003e-45 -7.17235e-47
1.8 1.6547e-44 -1.31758e-46
1.82 2.93473e-44 -2.40424e-46
1.84 5.17232e-44 -4.35846e-46
1.86 9.06006e-44 -7.85062e-46
1.88 1.57748e-43 -1.40524e-45
1.9 2.73047e-43 -2.49994e-45
1.92 4.699e-43 -4.4208e-45
1.94 8.04119e-43 -7.77174e-45
1.96 1.36846e-42 -1.35842e-44
1.98 2.31628e-42 -2.36102e-44
2 3.89979e-42 -4.08099e-44
2.02 6.53178e-42 -7.01585e-44
2.04 1.08844e-41 -1.19975e-43
2.06 1.8047e-41 -2.04098e-43
2.08 2.97766e-41 -3.45441e-43
2.1 4.88939e-41 -5.81749e-43
2.12 7.99067e-41 -9.74912e-43
2.14 1.29987e-40 -1.62594e-42
2.16 2.10495e-40 -2.69893e-42
2.18 3.39349e-40 -4.45927e-42
2.2 5.44688e-40 -7.3343e-42
2.22 8.70524e-40 -1.20091e-41
2.24 1.38541e-39 -1.95776e-41
2.26 2.19572e-39 -3.17784e-41
2.28 3.46579e-39 -5.13647e-41
2.3 5.44867e-39 -8.26778e-41
2.32 8.53235e-39 -1.32537e-40
2.34 1.33097e-38 -2.1161e-40
2.36 2.06831e-38 -3.36526e-40
2.38 3.20215e-38 -5.33103e-40
2.4 4.93936e-38 -8.41283e-40
2.42 7.59155e-38 -1.32263e-39
2.44 1.16265e-37 -2.0717e-39
2.46 1.77438e-37 -3.2332e-39
2.48 2.69868e-37 -5.02784e-39
2.5 4.09061e-37 -7.79106e-39
2.52 6.17986e-37 -1.2031e-38
2.54 9.30563e-37 -1.85149e-38
2.56 1.39673e-36 -2.83972e-38
2.58 2.08978e-36 -4.34098e-38
2.6 3.11695e-36 -6.61423e-38
2.62 4.63473e-36 -1.00455e-37
2.64 6.87071e-36 -1.52083e-37
2.66 1.01551e-35 -2.29526e-37
2.68 1.49654e-35 -3.45337e-37
2.7 2.19904e-35 -5.18001e-37
2.72 3.22211e-35 -7.74666e-37
2.74 4.70789e-35 -1.15508e-36
2.76 6.85976e-35 -1.71728e-36
2.78 9.96793e-35 -2.54576e-36
2.8 1.44455e-34 -3.76323e-36
2.82 2.08788e-34 -5.54733e-36
2.84 3.00985e-34 -8.15462e-36
2.86 4.32775e-34 -1.19546e-35
2.88 6.20691e-34 -1.74782e-35
2.9 8.87971e-34 -2.54857e-35
2.92 1.26721e-33 -3.70643e-35
2.94 1.804e-33 -5.3763e-35
2.96 2.56199e-33 -7.77851e-35
2.98 3.62985e-33 -1.12255e-34
3 5.13075e-33 -1.61595e-34
3.02 7.23549e-33 -2.32045e-34
3.04 1.01804e-32 -3.32394e-34
3.06 1.42916e-32 -4.74987e-34
3.08 2.00184e-32 -6.77128e-34
3.1 2.79786e-32 -9.63013e-34
3.12 3.90193e-32 -1.3664e-33
3.14 5.43005e-32 -1.93427e-33
3.16 7.54066e-32 -2.73189e-33
3.18 1.04498e-31 -3.8497e-33
3.2 1.44514e-31 -5.41275e-33
3.22 1.99446e-31 -7.59358e-33
3.24 2.74706e-31 -1.06298e-32
3.26 3.77613e-31 -1.48477e-32
3.28 5.1805e-31 -2.06949e-32
3.3 7.09338e-31 -2.87835e-32
3.32 9.69394e-31 -3.99496e-32
3.34 1.32228e-30 -5.53323e-32
3.36 1.80025e-30 -7.64805e-32
3.38 2.44645e-30 -1.05496e-31
3.4 3.31852e-30 -1.45227e-31
3.42 4.4933e-30 -1.99523e-31
3.44 6.07306e-30 -2.73576e-31
3.46 8.19371e-30 -3.7438e-31
3.48 1.10355e-29 -5.11336e-31
3.5 1.48372e-29 -6.97055e-31
3.52 1.99144e-29 -9.48423e-31
3.54 2.66837e-29 -1.28801e-30
3.56 3.56941e-29 -1.74594e-30
3.58 4.76679e-29 -2.36231e-30
3.6 6.3554e-29 -3.19045e-30
3.62 8.45968e-29 -4.30111e-30
3.64 1.12426e-28 -5.78804e-30
3.66 1.49173e-28 -7.77519e-30
3.68 1.97619e-28 -1.04262e-29
3.7 2.61391e-28 -1.39568e-29
3.72 3.45209e-28 -1.86509e-29
3.74 4.5521e-28 -2.4881e-29
3.76 5.99357e-28 -3.31363e-29
3.78 7.87969e-28 -4.40566e-29
3.8 1.0344e-27 -5.84788e-29
3.82 1.35592e-27 -7.74946e-29
3.84 1.77479e-27 -1.02527e-28
3.86 2.31973e-27 -1.35426e-28
3.88 3.02767e-27 -1.78598e-28
3.9 3.9461e-27 -2.35159e-28
3.92 5.13596e-27 -3.09148e-28
3.94 6.67537e-27 -4.05786e-28
3.96 8.66431e-27 -5.31815e-28
3.98 1.12306e-26 -6.95925e-28
4 1.45375e-26 -9.09304e-28
4.02 1.87932e-26 -1.18634e-27
4.04 2.42626e-26 -1.54548e-27
4.06 3.12829e-26 -2.0104e-27
4.08 4.02825e-26 -2.61139e-27
4.1 5.18047e-26 -3.38716e-27
4.12 6.65381e-26 -4.38714e-27
4.14 8.53544e-26 -5.67434e-27
4.16 1.09355e-25 -7.32895e-27
4.18 1.39933e-25 -9.45294e-27
4.2 1.78841e-25 -1.21758e-26
4.22 2.28291e-25 -1.56617e-26
4.24 2.91064e-25 -2.01184e-26
4.26 3.70657e-25 -2.58091e-26
4.28 4.71459e-25 -3.30656e-26
4.3 5.98975e-25 -4.23072e-26
4.32 7.60098e-25 -5.40616e-26
4.34 9.63459e-25 -6.89933e-26
4.36 1.21984e-24 -8.79374e-26
4.38 1.5427e-24 -1.11942e-25
4.4 1.94884e-24 -1.42322e-25
4.42 2.45918e-24 -1.80724e-25
4.44 3.09976e-24 -2.29206e-25
4.46 3.90296e-24 -2.90343e-25
4.48 4.90897e-24 -3.67346e-25
4.5 6.1677e-24 -4.64219e-25
4.52 7.74098e-24 -5.85948e-25
4.54 9.70538e-24 -7.38735e-25
4.56 1.21556e-23 -9.30285e-25
4.58 1.52087e-23 -1.17016e-24
4.6 1.90093e-23 -1.47022e-24
4.62 2.37354e-23 -1.84515e-24
4.64 2.96067e-23 -2.31312e-24
4.66 3.68937e-23 -2.89657e-24
4.68 4.59286e-23 -3.62323e-24
4.7 5.71202e-23 -4.52728e-24
4.72 7.09698e-23 -5.65083e-24
4.74 8.80924e-23 -7.04573e-24
4.76 1.09242e-22 -8.7757e-24
4.78 1.3534e-22 -1.0919e-23
4.8 1.67516e-22 -1.35718e-23
4.82 2.07148e-22 -1.68517e-23
4.84 2.55921e-22 -2.09031e-23
4.86 3.15886e-22 -2.59024e-23
4.88 3.89548e-22 -3.20654e-23
4.9 4.79953e-22 -3.96554e-23
4.92 5.90811e-22 -4.89941e-23
4.94 7.2663e-22 -6.04732e-23
4.96 8.92884e-22 -7.45699e-23
4.98 1.09622e-21 -9.18651e-23
5 1.3447e-21 -1.13065e-22
5.02 1.64808e-21 -1.39026e-22
5.04 2.01819e-21 -1.70789e-22
5.06 2.46932e-21 -2.09617e-22
5.08 3.01876e-21 -2.57037e-22
5.1 3.68738e-21 -3.14899e-22
5.12 4.50038e-21 -3.85441e-22
5.14 5.48813e-21 -4.71366e-22
5.16 6.68723e-21 -5.75938e-22
5.18 8.14175e-21 -7.03095e-22
5.2 9.9047e-21 -8.57582e-22
5.22 1.20398e-20 -1.04512e-21
5.24 1.46237e-20 -1.27257e-21
5.26 1.77481e-20 -1.54823e-21
5.28 2.15234e-20 -1.88202e-21
5.3 2.60817e-20 -2.28587e-21
5.32 3.15812e-20 -2.7741e-21
5.34 3.82112e-20 -3.36386e-21
5.36 4.61983e-20 -4.0757e-21
5.38 5.58132e-20 -4.93421e-21
5.4 6.73791e-20 -5.96882e-21
5.42 8.12818e-20 -7.21466e-21
5.44 9.79813e-20 -8.71371e-21
5.46 1.18026e-19 -1.05161e-20
5.48 1.42069e-19 -1.26815e-20
5.5 1.70888e-19 -1.52811e-20
5.52 2.05406e-19 -1.83996e-20
5.54 2.46723e-19 -2.2138e-20
5.56 2.96143e-19 -2.6616e-20
5.58 3.55216e-19 -3.19763e-20
5.6 4.25777e-19 -3.83878e-20
5.62 5.10005e-19 -4.60515e-20
5.64 6.1048e-19 -5.52052e-20
5.66 7.30255e-19 -6.61311e-20
5.68 8.72944e-19 -7.91631e-20
5.7 1.04282e-18 -9.46966e-20
5.72 1.24493e-18 -1.13199e-19
5.74 1.48523e-18 -1.35222e-19
5.76 1.77076e-18 -1.61419e-19
5.78 2.10981e-18 -1.9256e-19
5.8 2.51216e-18 -2.29553e-19
5.82 2.98933e-18 -2.73469e-19
5.84 3.55488e-18 -3.25569e-19
5.86 4.22476e-18 -3.87338e-19
5.88 5.01772e-18 -4.60523e-19
5.9 5.9558e-18 -5.47179e-19
5.92 7.0649e-18 -6.49721e-19
5.94 8.37539e-18 -7.70984e-19
5.96 9.9229e-18 -9.14296e-19
5.98 1.17492e-17 -1.08356e-18
6 1.39033e-17 -1.28335e-18
6.02 1.64425e-17 -1.51904e-18
6.04 1.94338e-17 -1.7969e-18
6.06 2.29558e-17 -2.12427e-18
6.08 2.71001e-17 -2.50975e-18
6.1 3.19741e-17 -2.9634e-18
6.12 3.77027e-17 -3.49693e-18
6.14 4.44321e-17 -4.12406e-18
6.16 5.23328e-17 -4.86078e-18
6.18 6.16032e-17 -5.72573e-18
6.2 7.24748e-17 -6.74065e-18
6.22 8.52173e-17 -7.93086e-18
6.24 1.00144e-16 -9.32585e-18
6.26 1.17621e-16 -1.09599e-17
6.28 1.38071e-16 -1.2873e-17
6.3 1.61988e-16 -1.51115e-17
6.32 1.89944e-16 -1.77293e-17
6.34 2.22606e-16 -2.07891e-17
6.36 2.60743e-16 -2.43633e-17
6.38 3.0525e-16 -2.85364e-17
6.4 3.57166e-16 -3.34061e-17
6.42 4.1769e-16 -3.90856e-17
6.44 4.88215e-16 -4.5706e-17
6.46 5.7035e-16 -5.34192e-17
6.48 6.65957e-16 -6.24009e-17
6.5 7.77191e-16 -7.28543e-17
6.52 9.0654e-16 -8.50142e-17
6.54 1.05688e-15 -9.9152e-17
6.56 1.23153e-15 -1.15581e-16
6.58 1.43431e-15 -1.34663e-16
6.6 1.66965e-15 -1.56815e-16
6.62 1.94264e-15 -1.82518e-16
6.64 2.25915e-15 -2.12327e-16
6.66 2.62593e-15 -2.46881e-16
6.68 3.05077e-15 -2.86915e-16
6.7 3.54263e-15 -3.33275e-16
6.72 4.1118e-15 -3.86936e-16
6.74 4.77011e-15 -4.49017e-16
6.76 5.53119e-15 -5.20805e-16
6.78 6.41066e-15 -6.03779e-16
6.8 7.42645e-15 -6.99636e-16
6.82 8.59916e-15 -8.10324e-16
6.84 9.95241e-15 -9.38079e-16
6.86 1.15133e-14 -1.08546e-15
6.88 1.33128e-14 -1.25541e-15
6.9 1.53865e-14 -1.4513e-15
6.92 1.77751e-14 -1.67697e-15
6.94 2.05252e-14 -1.93684e-15
6.96 2.36901e-14 -2.23595e-15
6.98 2.73307e-14 -2.58009e-15
7 3.15168e-14 -2.97584e-15
7.02 3.63279e-14 -3.43075e-15
7.04 4.18548e-14 -3.95343e-15
7.06 4.82015e-14 -4.55372e-15
7.08 5.54863e-14 -5.24284e-15
7.1 6.38444e-14 -6.03358e-15
7.12 7.34297e-14 -6.94056e-15
7.14 8.44178e-14 -7.9804e-15
7.16 9.70087e-14 -9.17207e-15
7.18 1.1143e-13 -1.05372e-14
7.2 1.27941e-13 -1.21002e-14
7.22 1.46837e-13 -1.38892e-14
7.24 1.68454e-13 -1.5936e-14
7.26 1.93172e-13 -1.82768e-14
7.28 2.21425e-13 -2.09526e-14
7.3 2.53706e-13 -2.40101e-14
7.32 2.90574e-13 -2.75025e-14
7.34 3.32663e-13 -3.14898e-14
7.36 3.80696e-13 -3.60405e-14
7.38 4.35487e-13 -4.12321e-14
7.4 4.97964e-13 -4.71524e-14
7.42 5.69178e-13 -5.3901e-14
7.44 6.50317e-13 -6.15909e-14
7.46 7.42729e-13 -7.03498e-14
7.48 8.47939e-13 -8.03225e-14
7.5 9.67675e-13 -9.16728e-14
7.52 1.10389e-12 -1.04586e-13
7.54 1.25879e-12 -1.19272e-13
7.56 1.43487e-12 -1.35966e-13
7.58 1.63495e-12 -1.54938e-13
7.6 1.86222e-12 -1.7649e-13
7.62 2.12029e-12 -2.00962e-13
7.64 2.4132e-12 -2.2874e-13
7.66 2.74554e-12 -2.6026e-13
7.68 3.12248e-12 -2.96012e-13
7.7 3.54986e-12 -3.36549e-13
7.72 4.03423e-12 -3.82495e-13
7.74 4.583e-12 -4.34552e-13
7.76 5.20452e-12 -4.93512e-13
7.78 5.90816e-12 -5.60266e-13
7.8 6.7045e-12 -6.35817e-13
7.82 7.60542e-12 -7.21295e-13
7.84 8.6243e-12 -8.17967e-13
7.86 9.77617e-12 -9.27263e-13
7.88 1.10779e-11 -1.05079e-12
7.9 1.25486e-11 -1.19034e-12
7.92 1.42095e-11 -1.34795e-12
7.94 1.60845e-11 -1.52589e-12
7.96 1.82006e-11 -1.72671e-12
7.98 2.0588e-11 -1.95329e-12
8 2.32804e-11 -2.20882e-12
8.02 2.63159e-11 -2.49692e-12
8.04 2.97369e-11 -2.82162e-12
8.06 3.35912e-11 -3.18745e-12
8.08 3.79321e-11 -3.59949e-12
8.1 4.28195e-11 -4.06341e-12
8.12 4.83204e-11 -4.58558e-12
8.14 5.45096e-11 -5.1731e-12
8.16 6.14711e-11 -5.83395e-12
8.18 6.92986e-11 -6.57702e-12
8.2 7.80971e-11 -7.41228e-12
8.22 8.79836e-11 -8.35086e-12
8.24 9.90892e-11 -9.4052e-12
8.26 1.1156e-10 -1.05892e-11
8.28 1.2556e-10 -1.19183e-11
8.3 1.41271e-10 -1.341e-11
8.32 1.58896e-10 -1.50834e-11
8.34 1.78664e-10 -1.69603e-11
8.36 2.00826e-10 -1.90645e-11
8.38 2.25666e-10 -2.14231e-11
8.4 2.53498e-10 -2.40658e-11
8.42 2.84673e-10 -2.70259e-11
8.44 3.19582e-10 -3.03407e-11
8.46 3.5866e-10 -3.40513e-11
8.48 4.02391e-10 -3.82039e-11
8.5 4.51314e-10 -4.28496e-11
8.52 5.0603e-10 -4.80454e-11
8.54 5.67205e-10 -5.38546e-11
8.56 6.35582e-10 -6.03478e-11
8.58 7.11986e-10 -6.76033e-11
8.6 7.97332e-10 -7.57082e-11
8.62 8.9264e-10 -8.47592e-11
8.64 9.99041e-10 -9.48637e-11
8.66 1.11779e-09 -1.06141e-10
8.68 1.25028e-09 -1.18724e-10
8.7 1.39807e-09 -1.32758e-10
8.72 1.56285e-09 -1.48408e-10
8.74 1.74655e-09 -1.65855e-10
8.76 1.95128e-09 -1.85297e-10
8.78 2.17936e-09 -2.06959e-10
8.8 2.4334e-09 -2.31086e-10
8.82 2.71626e-09 -2.57951e-10
8.84 3.03113e-09 -2.87856e-10
8.86 3.38154e-09 -3.21136e-10
8.88 3.77138e-09 -3.58161e-10
8.9 4.20496e-09 -3.99342e-10
8.92 4.68707e-09 -4.45132e-10
8.94 5.22298e-09 -4.96031e-10
8.96 5.81853e-09 -5.52596e-10
8.98 6.48017e-09 -6.1544e-10
9 7.21505e-09 -6.85239e-10
9.02 8.03104e-09 -7.62742e-10
9.04 8.93685e-09 -8.48777e-10
9.06 9.94209e-09 -9.44257e-10
9.08 1.10574e-08 -1.05019e-09
9.1 1.22944e-08 -1.16769e-09
9.12 1.36661e-08 -1.29798e-09
9.14 1.51868e-08 -1.44242e-09
9.16 1.68721e-08 -1.6025e-09
9.18 1.87395e-08 -1.77987e-09
9.2 2.08079e-08 -1.97634e-09
9.22 2.30985e-08 -2.19391e-09
9.24 2.56344e-08 -2.43479e-09
9.26 2.84413e-08 -2.7014e-09
9.28 3.15472e-08 -2.99642e-09
9.3 3.4983e-08 -3.32278e-09
9.32 3.8783e-08 -3.68373e-09
9.34 4.29846e-08 -4.08283e-09
9.36 4.7629e-08 -4.524e-09
9.38 5.27616e-08 -5.01154e-09
9.4 5.84323e-08 -5.55019e-09
9.42 6.46959e-08 -6.14516e-09
9.44 7.16127e-08 -6.80219e-09
9.46 7.92489e-08 -7.52754e-09
9.48 8.76771e-08 -8.32813e-09
9.5 9.69772e-08 -9.21155e-09
9.52 1.07237e-07 -1.01861e-08
9.54 1.18552e-07 -1.1261e-08
9.56 1.31029e-07 -1.24462e-08
9.58 1.44783e-07 -1.37527e-08
9.6 1.59941e-07 -1.51925e-08
9.62 1.76642e-07 -1.6779e-08
9.64 1.9504e-07 -1.85267e-08
9.66 2.15301e-07 -2.04513e-08
9.68 2.37609e-07 -2.25704e-08
9.7 2.62165e-07 -2.4903e-08
9.72 2.89188e-07 -2.747e-08
9.74 3.18921e-07 -3.02944e-08
9.76 3.51625e-07 -3.34011e-08
9.78 3.87591e-07 -3.68176e-08
9.8 4.27134e-07 -4.05738e-08
9.82 4.70599e-07 -4.47027e-08
9.84 5.18365e-07 -4.92402e-08
9.86 5.70844e-07 -5.42253e-08
9.88 6.28488e-07 -5.97012e-08
9.9 6.91792e-07 -6.57147e-08
9.92 7.61295e-07 -7.2317e-08
9.94 8.37586e-07 -7.95642e-08
9.96 9.21309e-07 -8.75174e-08
9.98 1.01317e-06 -9.62434e-08
10 1.11393e-06 -1.05815e-07
10.02 1.22443e-06 -1.16312e-07
10.04 1.34558e-06 -1.27821e-07
10.06 1.47839e-06 -1.40437e-07
10.08 1.62394e-06 -1.54264e-07
10.1 1.78341e-06 -1.69413e-07
10.12 1.95811e-06 -1.86008e-07
10.14 2.14943e-06 -2.04183e-07
10.16 2.35893e-06 -2.24084e-07
10.18 2.58826e-06 -2.4587e-07
10.2 2.83926e-06 -2.69713e-07
10.22 3.11392e-06 -2.95804e-07
10.24 3.41439e-06 -3.24348e-07
10.26 3.74303e-06 -3.55567e-07
10.28 4.10241e-06 -3.89707e-07
10.3 4.49531e-06 -4.27031e-07
10.32 4.92478e-06 -4.67828e-07
10.34 5.3941e-06 -5.12412e-07
10.36 5.90688e-06 -5.61124e-07
10.38 6.46701e-06 -6.14334e-07
10.4 7.07874e-06 -6.72446e-07
10.42 7.74669e-06 -7.35898e-07
10.44 8.47585e-06 -8.05166e-07
10.46 9.27168e-06 -8.80767e-07
10.48 1.01401e-05 -9.63263e-07
10.5 1.10875e-05 -1.05326e-06
10.52 1.21209e-05 -1.15143e-06
10.54 1.32478e-05 -1.25849e-06
10.56 1.44765e-05 -1.37521e-06
10.58 1.58159e-05 -1.50244e-06
10.6 1.72756e-05 -1.64111e-06
10.62 1.88661e-05 -1.7922e-06
10.64 2.05988e-05 -1.95681e-06
10.66 2.24861e-05 -2.13609e-06
10.68 2.45412e-05 -2.33132e-06
10.7 2.67787e-05 -2.54388e-06
10.72 2.92143e-05 -2.77525e-06
10.74 3.1865e-05 -3.02705e-06
10.76 3.47491e-05 -3.30104e-06
10.78 3.78867e-05 -3.5991e-06
10.8 4.12993e-05 -3.92328e-06
10.82 4.50103e-05 -4.27581e-06
10.84 4.90449e-05 -4.65909e-06
10.86 5.34306e-05 -5.07572e-06
10.88 5.8197e-05 -5.52852e-06
10.9 6.33761e-05 -6.02051e-06
10.92 6.90025e-05 -6.555e-06
10.94 7.51137e-05 -7.13555e-06
10.96 8.17502e-05 -7.76599e-06
10.98 8.89556e-05 -8.45049e-06
11 9.67774e-05 -9.19354e-06
11.02 0.000105267 -9.99998e-06
11.04 0.000114478 -1.08751e-05
11.06 0.000124472 -1.18245e-05
11.08 0.000135313 -1.28543e-05
11.1 0.000147069 -1.39711e-05
11.12 0.000159816 -1.51821e-05
11.14 0.000173636 -1.64949e-05
11.16 0.000188614 -1.79178e-05
11.18 0.000204846 -1.94598e-05
11.2 0.000222434 -2.11305e-05
11.22 0.000241485 -2.29404e-05
11.24 0.00026212 -2.49006e-05
11.26 0.000284464 -2.70233e-05
11.28 0.000308657 -2.93215e-05
11.3 0.000334844 -3.18092e-05
11.32 0.000363186 -3.45016e-05
11.34 0.000393855 -3.74151e-05
11.36 0.000427035 -4.05671e-05
11.38 0.000462925 -4.39766e-05
11.4 0.00050174 -4.76639e-05
11.42 0.000543711 -5.1651e-05
11.44 0.000589086 -5.59615e-05
11.46 0.000638132 -6.06208e-05
11.48 0.000691137 -6.56561e-05
11.5 0.00074841 -7.10969e-05
11.52 0.000810284 -7.69748e-05
11.54 0.000877117 -8.33237e-05
11.56 0.000949293 -9.01803e-05
11.58 0.00102723 -9.75836e-05
11.6 0.00111136 -0.000105576
11.62 0.00120217 -0.000114203
11.64 0.00130017 -0.000123513
11.66 0.00140592 -0.000133559
11.68 0.00152 -0.000144396
11.7 0.00164305 -0.000156085
11.72 0.00177575 -0.000168692
11.74 0.00191884 -0.000182285
11.76 0.0020731 -0.000196939
11.78 0.00223937 -0.000212734
11.8 0.00241856 -0.000229757
11.82 0.00261164 -0.000248099
11.84 0.00281965 -0.00026786
11.86 0.00304372 -0.000289145
11.88 0.00328502 -0.000312069
11.9 0.00354486 -0.000336753
11.92 0.0038246 -0.000363328
11.94 0.00412573 -0.000391934
11.96 0.00444981 -0.000422721
11.98 0.00479854 -0.00045585
12 0.00517374 -0.000491493
12.02 0.00557735 -0.000529834
12.04 0.00601144 -0.000571072
12.06 0.00647824 -0.000615416
12.08 0.00698013 -0.000663095
12.1 0.00751966 -0.00071435
12.12 0.00809957 -0.00076944
12.14 0.00872277 -0.000828642
12.16 0.00939238 -0.000892253
12.18 0.0101117 -0.000960591
12.2 0.0108844 -0.00103399
12.22 0.0117143 -0.00111283
12.24 0.0126053 -0.00119747
12.26 0.013562 -0.00128835
12.28 0.0145888 -0.00138591
12.3 0.015691 -0.00149061
12.32 0.0168737 -0.00160296
12.34 0.0181426 -0.0017235
12.36 0.0195039 -0.00185282
12.38 0.0209639 -0.00199152
12.4 0.0225297 -0.00214027
12.42 0.0242086 -0.00229976
12.44 0.0260086 -0.00247075
12.46 0.0279379 -0.00265404
12.48 0.0300057 -0.00285047
12.5 0.0322215 -0.00306096
12.52 0.0345955 -0.00328649
12.54 0.0371386 -0.00352808
12.56 0.0398625 -0.00378685
12.58 0.0427796 -0.00406396
12.6 0.045903 -0.00436068
12.62 0.0492469 -0.00467834
12.64 0.0528263 -0.00501838
12.66 0.0566572 -0.0053823
12.68 0.0607566 -0.00577174
12.7 0.0651427 -0.0061884
12.72 0.0698348 -0.00663414
12.74 0.0748535 -0.00711091
12.76 0.0802208 -0.00762078
12.78 0.0859599 -0.00816599
12.8 0.0920957 -0.00874888
12.82 0.0986548 -0.00937197
12.84 0.105665 -0.0100379
12.86 0.113157 -0.0107496
12.88 0.121161 -0.0115101
12.9 0.129713 -0.0123224
12.92 0.138848 -0.0131902
12.94 0.148604 -0.014117
12.96 0.159022 -0.0151067
12.98 0.170145 -0.0161634
13 0.18202 -0.0172914
13.02 0.194694 -0.0184955
13.04 0.208222 -0.0197806
13.06 0.222656 -0.0211518
13.08 0.238057 -0.0226148
13.1 0.254485 -0.0241755
13.12 0.272009 -0.0258402
13.14 0.290697 -0.0276155
13.16 0.310624 -0.0295085
13.18 0.331869 -0.0315268
13.2 0.354517 -0.0336783
13.22 0.378656 -0.0359714
13.24 0.404381 -0.0384153
13.26 0.431793 -0.0410193
13.28 0.460997 -0.0437936
13.3 0.492106 -0.046749
13.32 0.525241 -0.0498967
13.34 0.560528 -0.0532489
13.36 0.598101 -0.0568183
13.38 0.638104 -0.0606184
13.4 0.680687 -0.0646637
13.42 0.72601 -0.0689693
13.44 0.774243 -0.0735513
13.46 0.825565 -0.0784268
13.48 0.880168 -0.083614
13.5 0.938252 -0.0891318
13.52 1 -0.0949977
