0 -0 -0
0.08 -1.7127e-35 6.94379e-39
0.16 -1.05417e-31 3.85513e-35
0.12 -8.99546e-33 3.73207e-36
0.1 -8.96953e-34 4.29316e-37
0.09 -1.5607e-34 7.6028e-38
0.085 -5.41039e-35 2.4741e-38
0.09 -1.60067e-34 8.20076e-38
0.095 -4.46665e-34 2.54862e-37
0.1 -1.18266e-33 7.47499e-37
0.105 -2.98641e-33 2.08065e-36
0.11 -7.22363e-33 5.52285e-36
0.115 -1.68009e-32 1.40386e-35
0.12 -3.76984e-32 3.42984e-35
0.125 -8.18459e-32 8.07996e-35
0.13 -1.72375e-31 1.84062e-34
0.135 -3.52979e-31 4.06478e-34
0.14 -7.04216e-31 8.72176e-34
0.145 -1.37132e-30 1.82197e-33
0.15 -2.61072e-30 3.71221e-33
0.155 -4.86643e-30 7.38907e-33
0.16 -8.89352e-30 1.43898e-32
0.165 -1.59542e-29 2.74544e-32
0.17 -2.81254e-29 5.13796e-32
0.175 -4.87733e-29 9.44228e-32
0.18 -8.32771e-29 1.70575e-31
0.185 -1.4012e-28 3.03187e-31
0.19 -2.32511e-28 5.3069e-31
0.195 -3.80776e-28 9.15486e-31
0.2 -6.1584e-28 1.55762e-30
0.205 -9.84251e-28 2.61559e-30
0.21 -1.55536e-27 4.33757e-30
0.215 -2.43152e-27 7.10803e-30
0.22 -3.76233e-27 1.15164e-29
0.225 -5.76462e-27 1.84573e-29
0.23 -8.74999e-27 2.92761e-29
0.235 -1.31626e-26 4.59773e-29
0.24 -1.96307e-26 7.15223e-29
0.245 -2.90367e-26 1.1025e-28
0.25 -4.26107e-26 1.68466e-28
0.255 -6.20563e-26 2.55267e-28
0.26 -8.97177e-26 3.83679e-28
0.265 -1.288e-25 5.72222e-28
0.27 -1.83659e-25 8.47054e-28
0.275 -2.60182e-25 1.24488e-27
0.28 -3.66278e-25 1.81687e-27
0.285 -5.12519e-25 2.63397e-27
0.29 -7.12963e-25 3.7939e-27
0.295 -9.86207e-25 5.43059e-27
0.3 -1.35674e-24 7.72654e-27
0.305 -1.85664e-24 1.09292e-26
0.31 -2.52779e-24 1.53722e-26
0.315 -3.42455e-24 2.15034e-26
0.32 -4.61726e-24 2.99211e-26
0.325 -6.19653e-24 4.14209e-26
0.33 -8.27859e-24 5.70557e-26
0.335 -1.1012e-23 7.82136e-26
0.34 -1.4586e-23 1.06716e-25
0.345 -1.92406e-23 1.44945e-25
0.35 -2.52793e-23 1.96002e-25
0.355 -3.30845e-23 2.63907e-25
0.36 -4.31365e-23 3.53858e-25
0.365 -5.60365e-23 4.72548e-25
0.37 -7.25346e-23 6.28562e-25
0.375 -9.35642e-23 8.32879e-25
0.38 -1.20283e-22 1.09949e-24
0.385 -1.54123e-22 1.44617e-24
0.39 -1.96851e-22 1.89543e-24
0.395 -2.50638e-22 2.47567e-24
0.4 -3.1815e-22 3.22265e-24
0.405 -4.02648e-22 4.18125e-24
0.41 -5.0811e-22 5.40763e-24
0.415 -6.39383e-22 6.97186e-24
0.42 -8.02348e-22 8.96114e-24
0.425 -1.00414e-21 1.14837e-23
0.43 -1.25337e-21 1.46736e-23
0.435 -1.56043e-21 1.86963e-23
0.44 -1.93784e-21 2.37557e-23
0.445 -2.40062e-21 3.01022e-23
0.45 -2.96678e-21 3.8043e-23
0.455 -3.65784e-21 4.79537e-23
0.46 -4.49951e-21 6.02929e-23
0.465 -5.52241e-21 7.56189e-23
0.47 -6.76292e-21 9.46099e-23
0.475 -8.26426e-21 1.18089e-22
0.48 -1.00776e-20 1.47051e-22
0.485 -1.22634e-20 1.82698e-22
0.49 -1.48931e-20 2.26479e-22
0.495 -1.80509e-20 2.80137e-22
0.5 -2.18356e-20 3.45763e-22
0.505 -2.63637e-20 4.25866e-22
0.51 -3.17713e-20 5.23444e-22
0.515 -3.82179e-20 6.42079e-22
0.52 -4.58901e-20 7.8604e-22
0.525 -5.50055e-20 9.60406e-22
0.53 -6.58175e-20 1.17121e-21
0.535 -7.86212e-20 1.42561e-21
0.54 -9.37593e-20 1.73208e-21
0.545 -1.11629e-19 2.10063e-21
0.55 -1.32692e-19 2.54309e-21
0.555 -1.57481e-19 3.07339e-21
0.56 -1.86612e-19 3.70792e-21
0.565 -2.20795e-19 4.46595e-21
0.57 -2.60849e-19 5.37007e-21
0.575 -3.07718e-19 6.44676e-21
0.58 -3.62484e-19 7.72701e-21
0.585 -4.26392e-19 9.24699e-21
0.59 -5.00869e-19 1.10489e-20
0.595 -5.87548e-19 1.31821e-20
0.6 -6.88299e-19 1.57036e-20
0.605 -8.05259e-19 1.86801e-20
0.61 -9.40866e-19 2.21888e-20
0.615 -1.0979e-18 2.63193e-20
0.62 -1.27953e-18 3.11751e-20
0.625 -1.48935e-18 3.68761e-20
0.63 -1.73146e-18 4.35609e-20
0.635 -2.01051e-18 5.13892e-20
0.64 -2.33177e-18 6.0545e-20
0.645 -2.70121e-18 7.12403e-20
0.65 -3.1256e-18 8.37187e-20
0.655 -3.61258e-18 9.82601e-20
0.66 -4.17078e-18 1.15185e-19
0.665 -4.80995e-18 1.34863e-19
0.67 -5.54108e-18 1.57713e-19
0.675 -6.37657e-18 1.84219e-19
0.68 -7.33033e-18 2.1493e-19
0.685 -8.41804e-18 2.50474e-19
0.69 -9.65731e-18 2.91569e-19
0.695 -1.10679e-17 3.3903e-19
0.7 -1.2672e-17 3.93786e-19
0.705 -1.44944e-17 4.56893e-19
0.71 -1.65629e-17 5.29551e-19
0.715 -1.89088e-17 6.1312e-19
0.72 -2.15666e-17 7.09145e-19
0.725 -2.45754e-17 8.19374e-19
0.73 -2.79785e-17 9.45786e-19
0.735 -3.18242e-17 1.09062e-18
0.74 -3.61665e-17 1.2564e-18
0.745 -4.10654e-17 1.44599e-18
0.75 -4.65877e-17 1.6626e-18
0.755 -5.28076e-17 1.90987e-18
0.76 -5.98077e-17 2.19187e-18
0.765 -6.76796e-17 2.51322e-18
0.77 -7.65249e-17 2.87908e-18
0.775 -8.64565e-17 3.29526e-18
0.78 -9.75992e-17 3.76828e-18
0.785 -1.10091e-16 4.30546e-18
0.79 -1.24086e-16 4.91499e-18
0.795 -1.39752e-16 5.60607e-18
0.8 -1.57276e-16 6.38897e-18
0.805 -1.76866e-16 7.27518e-18
0.81 -1.98749e-16 8.27757e-18
0.815 -2.23176e-16 9.41047e-18
0.82 -2.50425e-16 1.06899e-17
0.825 -2.808e-16 1.21338e-17
0.83 -3.14638e-16 1.37619e-17
0.835 -3.52308e-16 1.55966e-17
0.84 -3.94217e-16 1.76624e-17
0.845 -4.40812e-16 1.99868e-17
0.85 -4.92583e-16 2.26004e-17
0.855 -5.50069e-16 2.5537e-17
0.86 -6.1386e-16 2.88344e-17
0.865 -6.84605e-16 3.25341e-17
0.87 -7.63014e-16 3.66827e-17
0.875 -8.49864e-16 4.13313e-17
0.88 -9.46006e-16 4.65367e-17
0.885 -1.05237e-15 5.2362e-17
0.89 -1.16998e-15 5.88766e-17
0.895 -1.29994e-15 6.61574e-17
0.9 -1.44348e-15 7.42895e-17
0.905 -1.60191e-15 8.33666e-17
0.91 -1.77669e-15 9.34922e-17
0.915 -1.96939e-15 1.04781e-16
0.92 -2.18174e-15 1.17358e-16
0.925 -2.41562e-15 1.31362e-16
0.93 -2.67307e-15 1.46947e-16
0.935 -2.95631e-15 1.64279e-16
0.94 -3.26777e-15 1.83545e-16
0.945 -3.61008e-15 2.04947e-16
0.95 -3.98609e-15 2.28709e-16
0.955 -4.39892e-15 2.55075e-16
0.96 -4.85195e-15 2.84316e-16
0.965 -5.34885e-15 3.16727e-16
0.97 -5.89358e-15 3.52631e-16
0.975 -6.49047e-15 3.92384e-16
0.98 -7.1442e-15 4.36374e-16
0.985 -7.85982e-15 4.85028e-16
0.99 -8.64284e-15 5.38812e-16
0.995 -9.4992e-15 5.98236e-16
1 -1.04353e-14 6.63857e-16
1.005 -1.14582e-14 7.36285e-16
1.01 -1.25753e-14 8.16186e-16
1.015 -1.37948e-14 9.04287e-16
1.02 -1.51255e-14 1.00138e-15
1.025 -1.65769e-14 1.10833e-15
1.03 -1.81593e-14 1.22609e-15
1.035 -1.98836e-14 1.35567e-15
1.04 -2.17619e-14 1.49821e-15
1.045 -2.38069e-14 1.65493e-15
1.05 -2.60327e-14 1.82714e-15
1.055 -2.84541e-14 2.0163e-15
1.06 -3.10872e-14 2.22399e-15
1.065 -3.39494e-14 2.4519e-15
1.07 -3.70594e-14 2.7019e-15
1.075 -4.04371e-14 2.97601e-15
1.08 -4.41044e-14 3.27642e-15
1.085 -4.80843e-14 3.60551e-15
1.09 -5.24018e-14 3.96586e-15
1.095 -5.70838e-14 4.36028e-15
1.1 -6.2159e-14 4.79178e-15
1.105 -6.76585e-14 5.26368e-15
1.11 -7.36153e-14 5.77952e-15
1.115 -8.00652e-14 6.34318e-15
1.12 -8.70464e-14 6.95883e-15
1.125 -9.45998e-14 7.63098e-15
1.13 -1.02769e-13 8.36454e-15
1.135 -1.11602e-13 9.16478e-15
1.14 -1.21148e-13 1.00374e-14
1.145 -1.31462e-13 1.09887e-14
1.15 -1.42602e-13 1.20252e-14
1.155 -1.54629e-13 1.31541e-14
1.16 -1.67609e-13 1.43833e-14
1.165 -1.81613e-13 1.57211e-14
1.17 -1.96717e-13 1.71766e-14
1.175 -2.13002e-13 1.87596e-14
1.18 -2.30554e-13 2.04805e-14
1.185 -2.49466e-13 2.23507e-14
1.19 -2.69836e-13 2.43824e-14
1.195 -2.91769e-13 2.65888e-14
1.2 -3.15378e-13 2.8984e-14
1.205 -3.40782e-13 3.15832e-14
1.21 -3.6811e-13 3.44029e-14
1.215 -3.97497e-13 3.74606e-14
1.22 -4.29089e-13 4.07754e-14
1.225 -4.63041e-13 4.43675e-14
1.23 -4.99518e-13 4.82589e-14
1.235 -5.38695e-13 5.24731e-14
1.24 -5.80761e-13 5.70353e-14
1.245 -6.25912e-13 6.19725e-14
1.25 -6.74363e-13 6.73139e-14
1.255 -7.26339e-13 7.30907e-14
1.26 -7.82079e-13 7.93363e-14
1.265 -8.41838e-13 8.60866e-14
1.27 -9.05888e-13 9.33799e-14
1.275 -9.74518e-13 1.01258e-13
1.28 -1.04803e-12 1.09764e-13
1.285 -1.12676e-12 1.18945e-13
1.29 -1.21104e-12 1.28853e-13
1.295 -1.30125e-12 1.39542e-13
1.3 -1.39777e-12 1.51069e-13
1.305 -1.50101e-12 1.63496e-13
1.31 -1.61142e-12 1.7689e-13
1.315 -1.72946e-12 1.91321e-13
1.32 -1.85563e-12 2.06865e-13
1.325 -1.99044e-12 2.23604e-13
1.33 -2.13445e-12 2.41623e-13
1.335 -2.28825e-12 2.61015e-13
1.34 -2.45247e-12 2.81879e-13
1.345 -2.62775e-12 3.04319e-13
1.35 -2.8148e-12 3.28448e-13
1.355 -3.01435e-12 3.54386e-13
1.36 -3.2272e-12 3.82261e-13
1.365 -3.45416e-12 4.12209e-13
1.37 -3.69612e-12 4.44375e-13
1.375 -3.95399e-12 4.78914e-13
1.38 -4.22876e-12 5.15991e-13
1.385 -4.52146e-12 5.55781e-13
1.39 -4.8332e-12 5.98472e-13
1.395 -5.16511e-12 6.44263e-13
1.4 -5.51843e-12 6.93366e-13
1.405 -5.89445e-12 7.46007e-13
1.41 -6.29453e-12 8.02426e-13
1.415 -6.72011e-12 8.62878e-13
1.42 -7.17271e-12 9.27636e-13
1.425 -7.65392e-12 9.96987e-13
1.43 -8.16546e-12 1.07124e-12
1.435 -8.70909e-12 1.15072e-12
1.44 -9.2867e-12 1.23577e-12
1.445 -9.90028e-12 1.32677e-12
1.45 -1.05519e-11 1.42409e-12
1.455 -1.12438e-11 1.52817e-12
1.46 -1.19783e-11 1.63943e-12
1.465 -1.27579e-11 1.75836e-12
1.47 -1.3585e-11 1.88543e-12
1.475 -1.44625e-11 2.02118e-12
1.48 -1.53932e-11 2.16618e-12
1.485 -1.63802e-11 2.321e-12
1.49 -1.74265e-11 2.48627e-12
1.495 -1.85355e-11 2.66267e-12
1.5 -1.97108e-11 2.8509e-12
1.505 -2.0956e-11 3.0517e-12
1.51 -2.22751e-11 3.26587e-12
1.515 -2.3672e-11 3.49424e-12
1.52 -2.51512e-11 3.73769e-12
1.525 -2.67171e-11 3.99718e-12
1.53 -2.83744e-11 4.27369e-12
1.535 -3.01283e-11 4.56827e-12
1.54 -3.19838e-11 4.88203e-12
1.545 -3.39466e-11 5.21616e-12
1.55 -3.60224e-11 5.57189e-12
1.555 -3.82173e-11 5.95054e-12
1.56 -4.05376e-11 6.35351e-12
1.565 -4.299e-11 6.78225e-12
1.57 -4.55817e-11 7.23833e-12
1.575 -4.83199e-11 7.72338e-12
1.58 -5.12123e-11 8.23913e-12
1.585 -5.42672e-11 8.78742e-12
1.59 -5.7493e-11 9.37018e-12
1.595 -6.08986e-11 9.98944e-12
1.6 -6.44934e-11 1.06474e-11
1.605 -6.82872e-11 1.13462e-11
1.61 -7.22902e-11 1.20884e-11
1.615 -7.65133e-11 1.28764e-11
1.62 -8.09677e-11 1.3713e-11
1.625 -8.56653e-11 1.46008e-11
1.63 -9.06183e-11 1.5543e-11
1.635 -9.58399e-11 1.65426e-11
1.64 -1.01344e-10 1.76029e-11
1.645 -1.07143e-10 1.87274e-11
1.65 -1.13254e-10 1.99197e-11
1.655 -1.19692e-10 2.11837e-11
1.66 -1.26473e-10 2.25234e-11
1.665 -1.33614e-10 2.39431e-11
1.67 -1.41132e-10 2.54474e-11
1.675 -1.49048e-10 2.70408e-11
1.68 -1.57379e-10 2.87285e-11
1.685 -1.66146e-10 3.05156e-11
1.69 -1.75372e-10 3.24077e-11
1.695 -1.85077e-10 3.44106e-11
1.7 -1.95285e-10 3.65303e-11
1.705 -2.06021e-10 3.87733e-11
1.71 -2.1731e-10 4.11463e-11
1.715 -2.29179e-10 4.36563e-11
1.72 -2.41654e-10 4.6311e-11
1.725 -2.54766e-10 4.9118e-11
1.73 -2.68544e-10 5.20856e-11
1.735 -2.8302e-10 5.52224e-11
1.74 -2.98227e-10 5.85375e-11
1.745 -3.14199e-10 6.20405e-11
1.75 -3.30972e-10 6.57413e-11
1.755 -3.48584e-10 6.96504e-11
1.76 -3.67073e-10 7.37789e-11
1.765 -3.86481e-10 7.81384e-11
1.77 -4.06849e-10 8.27409e-11
1.775 -4.28222e-10 8.75993e-11
1.78 -4.50646e-10 9.27268e-11
1.785 -4.7417e-10 9.81376e-11
1.79 -4.98842e-10 1.03846e-10
1.795 -5.24717e-10 1.09868e-10
1.8 -5.51847e-10 1.1622e-10
1.805 -5.80291e-10 1.22917e-10
1.81 -6.10106e-10 1.29979e-10
1.815 -6.41355e-10 1.37424e-10
1.82 -6.74102e-10 1.45271e-10
1.825 -7.08413e-10 1.53541e-10
1.83 -7.44359e-10 1.62255e-10
1.835 -7.8201e-10 1.71435e-10
1.84 -8.21443e-10 1.81105e-10
1.845 -8.62737e-10 1.9129e-10
1.85 -9.05972e-10 2.02014e-10
1.855 -9.51233e-10 2.13306e-10
1.86 -9.9861e-10 2.25193e-10
1.865 -1.04819e-09 2.37705e-10
1.87 -1.10008e-09 2.50873e-10
1.875 -1.15437e-09 2.64728e-10
1.88 -1.21116e-09 2.79305e-10
1.885 -1.27056e-09 2.94638e-10
1.89 -1.33269e-09 3.10766e-10
1.895 -1.39766e-09 3.27725e-10
1.9 -1.46559e-09 3.45557e-10
1.905 -1.53661e-09 3.64304e-10
1.91 -1.61084e-09 3.8401e-10
1.915 -1.68842e-09 4.0472e-10
1.92 -1.7695e-09 4.26484e-10
1.925 -1.85421e-09 4.49351e-10
1.93 -1.94271e-09 4.73373e-10
1.935 -2.03517e-09 4.98605e-10
1.94 -2.13173e-09 5.25106e-10
1.945 -2.23257e-09 5.52934e-10
1.95 -2.33787e-09 5.82151e-10
1.955 -2.4478e-09 6.12824e-10
1.96 -2.56257e-09 6.45019e-10
1.965 -2.68236e-09 6.78809e-10
1.97 -2.80738e-09 7.14266e-10
1.975 -2.93784e-09 7.51468e-10
1.98 -3.07397e-09 7.90496e-10
1.985 -3.21598e-09 8.31434e-10
1.99 -3.36412e-09 8.74369e-10
1.995 -3.51862e-09 9.19392e-10
2 -3.67976e-09 9.666e-10
2.005 -3.84778e-09 1.01609e-09
2.01 -4.02296e-09 1.06797e-09
2.015 -4.20558e-09 1.12234e-09
2.02 -4.39594e-09 1.17932e-09
2.025 -4.59434e-09 1.23903e-09
2.03 -4.8011e-09 1.30158e-09
2.035 -5.01654e-09 1.3671e-09
2.04 -5.24099e-09 1.43573e-09
2.045 -5.47482e-09 1.50761e-09
2.05 -5.71837e-09 1.58287e-09
2.055 -5.97203e-09 1.66168e-09
2.06 -6.23619e-09 1.74417e-09
2.065 -6.51124e-09 1.83052e-09
2.07 -6.7976e-09 1.9209e-09
2.075 -7.0957e-09 2.01548e-09
2.08 -7.406e-09 2.11444e-09
2.085 -7.72894e-09 2.21797e-09
2.09 -8.06501e-09 2.32628e-09
2.095 -8.4147e-09 2.43956e-09
2.1 -8.77852e-09 2.55803e-09
2.105 -9.157e-09 2.68192e-09
2.11 -9.55069e-09 2.81146e-09
2.115 -9.96014e-09 2.94689e-09
2.12 -1.0386e-08 3.08845e-09
2.125 -1.08287e-08 3.23641e-09
2.13 -1.12891e-08 3.39104e-09
2.135 -1.17677e-08 3.55262e-09
2.14 -1.22651e-08 3.72145e-09
2.145 -1.27822e-08 3.89782e-09
2.15 -1.33196e-08 4.08206e-09
2.155 -1.3878e-08 4.27448e-09
2.16 -1.44581e-08 4.47544e-09
2.165 -1.50609e-08 4.68529e-09
2.17 -1.56871e-08 4.90439e-09
2.175 -1.63375e-08 5.13312e-09
2.18 -1.7013e-08 5.37189e-09
2.185 -1.77144e-08 5.6211e-09
2.19 -1.84428e-08 5.88118e-09
2.195 -1.91991e-08 6.15258e-09
2.2 -1.99842e-08 6.43575e-09
2.205 -2.07991e-08 6.73117e-09
2.21 -2.1645e-08 7.03935e-09
2.215 -2.25229e-08 7.36078e-09
2.22 -2.34339e-08 7.69602e-09
2.225 -2.43791e-08 8.0456e-09
2.23 -2.53598e-08 8.41011e-09
2.235 -2.63772e-08 8.79014e-09
2.24 -2.74325e-08 9.18631e-09
2.245 -2.8527e-08 9.59925e-09
2.25 -2.96622e-08 1.00296e-08
2.255 -3.08393e-08 1.04782e-08
2.26 -3.20598e-08 1.09455e-08
2.265 -3.33252e-08 1.14325e-08
2.27 -3.4637e-08 1.19398e-08
2.275 -3.59968e-08 1.24682e-08
2.28 -3.74061e-08 1.30187e-08
2.285 -3.88667e-08 1.35919e-08
2.29 -4.03802e-08 1.41889e-08
2.295 -4.19485e-08 1.48104e-08
2.3 -4.35733e-08 1.54576e-08
2.305 -4.52565e-08 1.61313e-08
2.31 -4.70001e-08 1.68326e-08
2.315 -4.8806e-08 1.75625e-08
2.32 -5.06764e-08 1.83221e-08
2.325 -5.26132e-08 1.91125e-08
2.33 -5.46187e-08 1.9935e-08
2.335 -5.66951e-08 2.07907e-08
2.34 -5.88447e-08 2.16809e-08
2.345 -6.10699e-08 2.26069e-08
2.35 -6.33732e-08 2.35699e-08
2.355 -6.5757e-08 2.45715e-08
2.36 -6.82239e-08 2.5613e-08
2.365 -7.07766e-08 2.6696e-08
2.37 -7.34179e-08 2.78219e-08
2.375 -7.61505e-08 2.89923e-08
2.38 -7.89774e-08 3.0209e-08
2.385 -8.19014e-08 3.14735e-08
2.39 -8.49258e-08 3.27877e-08
2.395 -8.80537e-08 3.41534e-08
2.4 -9.12882e-08 3.55724e-08
2.405 -9.46328e-08 3.70468e-08
2.41 -9.80908e-08 3.85784e-08
2.415 -1.01666e-07 4.01694e-08
2.42 -1.05361e-07 4.1822e-08
2.425 -1.09181e-07 4.35383e-08
2.43 -1.1313e-07 4.53206e-08
2.435 -1.1721e-07 4.71713e-08
2.44 -1.21426e-07 4.90929e-08
2.445 -1.25783e-07 5.10878e-08
2.45 -1.30285e-07 5.31588e-08
2.455 -1.34935e-07 5.53084e-08
2.46 -1.39739e-07 5.75395e-08
2.465 -1.44701e-07 5.98549e-08
2.47 -1.49826e-07 6.22576e-08
2.475 -1.55119e-07 6.47507e-08
2.48 -1.60584e-07 6.73373e-08
2.485 -1.66228e-07 7.00207e-08
2.49 -1.72054e-07 7.28044e-08
2.495 -1.7807e-07 7.56916e-08
2.5 -1.8428e-07 7.86861e-08
2.505 -1.90689e-07 8.17916e-08
2.51 -1.97305e-07 8.50119e-08
2.515 -2.04133e-07 8.83508e-08
2.52 -2.11178e-07 9.18126e-08
2.525 -2.18449e-07 9.54014e-08
2.53 -2.2595e-07 9.91215e-08
2.535 -2.33689e-07 1.02977e-07
2.54 -2.41672e-07 1.06974e-07
2.545 -2.49907e-07 1.11115e-07
2.55 -2.58401e-07 1.15407e-07
2.555 -2.67161e-07 1.19853e-07
2.56 -2.76196e-07 1.2446e-07
2.565 -2.85511e-07 1.29233e-07
2.57 -2.95117e-07 1.34177e-07
2.575 -3.0502e-07 1.39298e-07
2.58 -3.15229e-07 1.44602e-07
2.585 -3.25754e-07 1.50094e-07
2.59 -3.36602e-07 1.55782e-07
2.595 -3.47783e-07 1.61671e-07
2.6 -3.59306e-07 1.67769e-07
2.605 -3.7118e-07 1.74082e-07
2.61 -3.83416e-07 1.80616e-07
2.615 -3.96023e-07 1.8738e-07
2.62 -4.09011e-07 1.94381e-07
2.625 -4.22392e-07 2.01627e-07
2.63 -4.36175e-07 2.09125e-07
2.635 -4.50372e-07 2.16883e-07
2.64 -4.64995e-07 2.24911e-07
2.645 -4.80053e-07 2.33216e-07
2.65 -4.9556e-07 2.41808e-07
2.655 -5.11528e-07 2.50695e-07
2.66 -5.27969e-07 2.59888e-07
2.665 -5.44895e-07 2.69395e-07
2.67 -5.6232e-07 2.79228e-07
2.675 -5.80256e-07 2.89396e-07
2.68 -5.98718e-07 2.99909e-07
2.685 -6.1772e-07 3.10779e-07
2.69 -6.37275e-07 3.22018e-07
2.695 -6.57399e-07 3.33635e-07
2.7 -6.78106e-07 3.45644e-07
2.705 -6.99411e-07 3.58057e-07
2.71 -7.21331e-07 3.70885e-07
2.715 -7.43881e-07 3.84143e-07
2.72 -7.67077e-07 3.97842e-07
2.725 -7.90937e-07 4.11998e-07
2.73 -8.15477e-07 4.26624e-07
2.735 -8.40715e-07 4.41734e-07
2.74 -8.66669e-07 4.57344e-07
2.745 -8.93357e-07 4.73468e-07
2.75 -9.20798e-07 4.90123e-07
2.755 -9.49011e-07 5.07324e-07
2.76 -9.78016e-07 5.25088e-07
2.765 -1.00783e-06 5.43432e-07
2.77 -1.03848e-06 5.62373e-07
2.775 -1.06998e-06 5.8193e-07
2.78 -1.10236e-06 6.02121e-07
2.785 -1.13563e-06 6.22966e-07
2.79 -1.16982e-06 6.44483e-07
2.795 -1.20495e-06 6.66692e-07
2.8 -1.24105e-06 6.89615e-07
2.805 -1.27814e-06 7.13272e-07
2.81 -1.31623e-06 7.37686e-07
2.815 -1.35537e-06 7.62878e-07
2.82 -1.39557e-06 7.88871e-07
2.825 -1.43686e-06 8.1569e-07
2.83 -1.47926e-06 8.43357e-07
2.835 -1.5228e-06 8.71899e-07
2.84 -1.56752e-06 9.0134e-07
2.845 -1.61343e-06 9.31707e-07
2.85 -1.66058e-06 9.63026e-07
2.855 -1.70897e-06 9.95326e-07
2.86 -1.75866e-06 1.02863e-06
2.865 -1.80966e-06 1.06298e-06
2.87 -1.86201e-06 1.09839e-06
2.875 -1.91573e-06 1.1349e-06
2.88 -1.97088e-06 1.17254e-06
2.885 -2.02746e-06 1.21134e-06
2.89 -2.08553e-06 1.25134e-06
2.895 -2.14511e-06 1.29256e-06
2.9 -2.20624e-06 1.33505e-06
2.905 -2.26896e-06 1.37884e-06
2.91 -2.3333e-06 1.42396e-06
2.915 -2.39929e-06 1.47045e-06
2.92 -2.46699e-06 1.51836e-06
2.925 -2.53642e-06 1.56771e-06
2.93 -2.60763e-06 1.61856e-06
2.935 -2.68066e-06 1.67094e-06
2.94 -2.75554e-06 1.7249e-06
2.945 -2.83232e-06 1.78047e-06
2.95 -2.91105e-06 1.83771e-06
2.955 -2.99176e-06 1.89666e-06
2.96 -3.0745e-06 1.95736e-06
2.965 -3.15932e-06 2.01987e-06
2.97 -3.24627e-06 2.08424e-06
2.975 -3.33538e-06 2.1505e-06
2.98 -3.42671e-06 2.21873e-06
2.985 -3.52031e-06 2.28896e-06
2.99 -3.61622e-06 2.36126e-06
2.995 -3.71451e-06 2.43568e-06
3 -3.81521e-06 2.51227e-06
3.005 -3.91838e-06 2.5911e-06
3.01 -4.02408e-06 2.67222e-06
3.015 -4.13236e-06 2.7557e-06
3.02 -4.24328e-06 2.8416e-06
3.025 -4.35689e-06 2.92999e-06
3.03 -4.47325e-06 3.02092e-06
3.035 -4.59242e-06 3.11447e-06
3.04 -4.71446e-06 3.21071e-06
3.045 -4.83942e-06 3.3097e-06
3.05 -4.96738e-06 3.41152e-06
3.055 -5.0984e-06 3.51625e-06
3.06 -5.23253e-06 3.62396e-06
3.065 -5.36985e-06 3.73472e-06
3.07 -5.51042e-06 3.84862e-06
3.075 -5.65431e-06 3.96574e-06
3.08 -5.80159e-06 4.08617e-06
3.085 -5.95233e-06 4.20997e-06
3.09 -6.10659e-06 4.33726e-06
3.095 -6.26446e-06 4.4681e-06
3.1 -6.426e-06 4.60261e-06
3.105 -6.59129e-06 4.74086e-06
3.11 -6.76041e-06 4.88295e-06
3.115 -6.93343e-06 5.02899e-06
3.12 -7.11044e-06 5.17907e-06
3.125 -7.2915e-06 5.33329e-06
3.13 -7.47672e-06 5.49176e-06
3.135 -7.66616e-06 5.65459e-06
3.14 -7.85991e-06 5.82189e-06
3.145 -8.05806e-06 5.99376e-06
3.15 -8.26069e-06 6.17033e-06
3.155 -8.4679e-06 6.3517e-06
3.16 -8.67977e-06 6.53801e-06
3.165 -8.89639e-06 6.72936e-06
3.17 -9.11786e-06 6.9259e-06
3.175 -9.34427e-06 7.12774e-06
3.18 -9.57572e-06 7.33501e-06
3.185 -9.8123e-06 7.54786e-06
3.19 -1.00541e-05 7.76641e-06
3.195 -1.03013e-05 7.99081e-06
3.2 -1.05539e-05 8.22119e-06
3.205 -1.0812e-05 8.45771e-06
3.21 -1.10757e-05 8.70051e-06
3.215 -1.13453e-05 8.94975e-06
3.22 -1.16206e-05 9.20558e-06
3.225 -1.1902e-05 9.46816e-06
3.23 -1.21894e-05 9.73765e-06
3.235 -1.2483e-05 1.00142e-05
3.24 -1.2783e-05 1.0298e-05
3.245 -1.30893e-05 1.05893e-05
3.25 -1.34022e-05 1.08881e-05
3.255 -1.37218e-05 1.11947e-05
3.26 -1.40482e-05 1.15093e-05
3.265 -1.43814e-05 1.1832e-05
3.27 -1.47217e-05 1.21631e-05
3.275 -1.50692e-05 1.25027e-05
3.28 -1.5424e-05 1.28511e-05
3.285 -1.57861e-05 1.32084e-05
3.29 -1.61559e-05 1.35748e-05
3.295 -1.65333e-05 1.39506e-05
3.3 -1.69186e-05 1.43361e-05
3.305 -1.73118e-05 1.47313e-05
3.31 -1.77132e-05 1.51365e-05
3.315 -1.81228e-05 1.5552e-05
3.32 -1.85407e-05 1.5978e-05
3.325 -1.89673e-05 1.64148e-05
3.33 -1.94025e-05 1.68625e-05
3.335 -1.98466e-05 1.73215e-05
3.34 -2.02996e-05 1.7792e-05
3.345 -2.07618e-05 1.82742e-05
3.35 -2.12333e-05 1.87685e-05
3.355 -2.17143e-05 1.9275e-05
3.36 -2.22049e-05 1.97941e-05
3.365 -2.27053e-05 2.03261e-05
3.37 -2.32156e-05 2.08712e-05
3.375 -2.37361e-05 2.14298e-05
3.38 -2.42669e-05 2.20021e-05
3.385 -2.48081e-05 2.25885e-05
3.39 -2.53599e-05 2.31892e-05
3.395 -2.59226e-05 2.38046e-05
3.4 -2.64962e-05 2.4435e-05
3.405 -2.7081e-05 2.50807e-05
3.41 -2.76772e-05 2.57421e-05
3.415 -2.82849e-05 2.64195e-05
3.42 -2.89043e-05 2.71132e-05
3.425 -2.95356e-05 2.78237e-05
3.43 -3.01791e-05 2.85513e-05
3.435 -3.08348e-05 2.92964e-05
3.44 -3.1503e-05 3.00593e-05
3.445 -3.21839e-05 3.08404e-05
3.45 -3.28777e-05 3.16401e-05
3.455 -3.35846e-05 3.24588e-05
3.46 -3.43048e-05 3.3297e-05
3.465 -3.50385e-05 3.4155e-05
3.47 -3.57859e-05 3.50333e-05
3.475 -3.65473e-05 3.59323e-05
3.48 -3.73227e-05 3.68524e-05
3.485 -3.81126e-05 3.77941e-05
3.49 -3.8917e-05 3.87579e-05
3.495 -3.97362e-05 3.97442e-05
3.5 -4.05705e-05 4.07534e-05
3.505 -4.142e-05 4.17862e-05
3.51 -4.2285e-05 4.28429e-05
3.515 -4.31657e-05 4.3924e-05
3.52 -4.40623e-05 4.50302e-05
3.525 -4.49752e-05 4.61618e-05
3.53 -4.59044e-05 4.73194e-05
3.535 -4.68503e-05 4.85036e-05
3.54 -4.78132e-05 4.9715e-05
3.545 -4.87931e-05 5.0954e-05
3.55 -4.97905e-05 5.22212e-05
3.555 -5.08055e-05 5.35172e-05
3.56 -5.18385e-05 5.48427e-05
3.565 -5.28896e-05 5.61981e-05
3.57 -5.39591e-05 5.75842e-05
3.575 -5.50473e-05 5.90015e-05
3.58 -5.61544e-05 6.04507e-05
3.585 -5.72807e-05 6.19324e-05
3.59 -5.84266e-05 6.34473e-05
3.595 -5.95921e-05 6.4996e-05
3.6 -6.07777e-05 6.65792e-05
3.605 -6.19836e-05 6.81977e-05
3.61 -6.321e-05 6.9852e-05
3.615 -6.44574e-05 7.1543e-05
3.62 -6.57258e-05 7.32713e-05
3.625 -6.70157e-05 7.50377e-05
3.63 -6.83272e-05 7.6843e-05
3.635 -6.96608e-05 7.86879e-05
3.64 -7.10167e-05 8.05731e-05
3.645 -7.23951e-05 8.24996e-05
3.65 -7.37965e-05 8.4468e-05
3.655 -7.5221e-05 8.64793e-05
3.66 -7.6669e-05 8.85342e-05
3.665 -7.81408e-05 9.06336e-05
3.67 -7.96367e-05 9.27783e-05
3.675 -8.1157e-05 9.49693e-05
3.68 -8.2702e-05 9.72074e-05
3.685 -8.4272e-05 9.94935e-05
3.69 -8.58674e-05 0.000101829
3.695 -8.74884e-05 0.000104214
3.7 -8.91354e-05 0.000106649
3.705 -9.08087e-05 0.000109137
3.71 -9.25087e-05 0.000111677
3.715 -9.42356e-05 0.000114272
3.72 -9.59898e-05 0.000116921
3.725 -9.77716e-05 0.000119626
3.73 -9.95814e-05 0.000122387
3.735 -0.000101419 0.000125207
3.74 -0.000103286 0.000128086
3.745 -0.000105182 0.000131025
3.75 -0.000107107 0.000134025
3.755 -0.000109061 0.000137088
3.76 -0.000111046 0.000140214
3.765 -0.000113061 0.000143405
3.77 -0.000115106 0.000146662
3.775 -0.000117183 0.000149986
3.78 -0.000119291 0.000153379
3.785 -0.000121431 0.000156841
3.79 -0.000123603 0.000160374
3.795 -0.000125807 0.000163979
3.8 -0.000128044 0.000167658
3.805 -0.000130315 0.000171412
3.81 -0.000132619 0.000175242
3.815 -0.000134957 0.00017915
3.82 -0.000137329 0.000183136
3.825 -0.000139735 0.000187203
3.83 -0.000142177 0.000191352
3.835 -0.000144655 0.000195584
3.84 -0.000147167 0.000199901
3.845 -0.000149717 0.000204305
3.85 -0.000152302 0.000208796
3.855 -0.000154925 0.000213377
3.86 -0.000157585 0.000218048
3.865 -0.000160282 0.000222812
3.87 -0.000163017 0.000227671
3.875 -0.000165791 0.000232625
3.88 -0.000168604 0.000237677
3.885 -0.000171456 0.000242828
3.89 -0.000174347 0.000248081
3.895 -0.000177279 0.000253436
3.9 -0.00018025 0.000258895
3.905 -0.000183263 0.000264461
3.91 -0.000186316 0.000270135
3.915 -0.000189411 0.000275919
3.92 -0.000192548 0.000281815
3.925 -0.000195727 0.000287825
3.93 -0.000198949 0.000293951
3.935 -0.000202214 0.000300194
3.94 -0.000205522 0.000306557
3.945 -0.000208875 0.000313042
3.95 -0.000212271 0.000319651
3.955 -0.000215712 0.000326386
3.96 -0.000219198 0.000333249
3.965 -0.000222729 0.000340243
3.97 -0.000226307 0.000347368
3.975 -0.00022993 0.000354629
3.98 -0.0002336 0.000362026
3.985 -0.000237317 0.000369562
3.99 -0.000241081 0.00037724
3.995 -0.000244893 0.000385062
4 -0.000248753 0.00039303
4.005 -0.000252662 0.000401147
4.01 -0.000256619 0.000409414
4.015 -0.000260626 0.000417836
4.02 -0.000264682 0.000426413
4.025 -0.000268789 0.000435149
4.03 -0.000272946 0.000444046
4.035 -0.000277153 0.000453107
4.04 -0.000281412 0.000462335
4.045 -0.000285723 0.000471732
4.05 -0.000290085 0.0004813
4.055 -0.0002945 0.000491044
4.06 -0.000298967 0.000500965
4.065 -0.000303488 0.000511066
4.07 -0.000308062 0.00052135
4.075 -0.000312689 0.000531821
4.08 -0.000317371 0.000542481
4.085 -0.000322108 0.000553333
4.09 -0.000326899 0.00056438
4.095 -0.000331746 0.000575626
4.1 -0.000336648 0.000587073
4.105 -0.000341606 0.000598725
4.11 -0.000346621 0.000610584
4.115 -0.000351692 0.000622655
4.12 -0.00035682 0.00063494
4.125 -0.000362006 0.000647442
4.13 -0.000367249 0.000660166
4.135 -0.00037255 0.000673115
4.14 -0.00037791 0.000686291
4.145 -0.000383329 0.000699699
4.15 -0.000388806 0.000713342
4.155 -0.000394343 0.000727224
4.16 -0.000399939 0.000741349
4.165 -0.000405595 0.000755719
4.17 -0.000411312 0.00077034
4.175 -0.000417089 0.000785214
4.18 -0.000422927 0.000800346
4.185 -0.000428826 0.00081574
4.19 -0.000434787 0.000831399
4.195 -0.00044081 0.000847327
4.2 -0.000446894 0.000863529
4.205 -0.000453041 0.000880009
4.21 -0.00045925 0.000896771
4.215 -0.000465523 0.000913819
4.22 -0.000471858 0.000931157
4.225 -0.000478257 0.00094879
4.23 -0.000484719 0.000966723
4.235 -0.000491245 0.000984958
4.24 -0.000497835 0.0010035
4.245 -0.00050449 0.00102236
4.25 -0.000511209 0.00104153
4.255 -0.000517993 0.00106103
4.26 -0.000524841 0.00108085
4.265 -0.000531755 0.00110101
4.27 -0.000538734 0.0011215
4.275 -0.000545779 0.00114233
4.28 -0.00055289 0.0011635
4.285 -0.000560066 0.00118503
4.29 -0.000567308 0.00120692
4.295 -0.000574617 0.00122917
4.3 -0.000581992 0.00125178
4.305 -0.000589434 0.00127477
4.31 -0.000596942 0.00129813
4.315 -0.000604517 0.00132188
4.32 -0.000612158 0.00134601
4.325 -0.000619867 0.00137054
4.33 -0.000627643 0.00139547
4.335 -0.000635486 0.0014208
4.34 -0.000643396 0.00144655
4.345 -0.000651373 0.00147271
4.35 -0.000659418 0.00149929
4.355 -0.00066753 0.0015263
4.36 -0.00067571 0.00155375
4.365 -0.000683957 0.00158164
4.37 -0.000692272 0.00160997
4.375 -0.000700654 0.00163876
4.38 -0.000709103 0.00166801
4.385 -0.00071762 0.00169773
4.39 -0.000726205 0.00172791
4.395 -0.000734857 0.00175858
4.4 -0.000743576 0.00178973
4.405 -0.000752362 0.00182138
4.41 -0.000761216 0.00185352
4.415 -0.000770137 0.00188617
4.42 -0.000779125 0.00191934
4.425 -0.000788179 0.00195302
4.43 -0.000797301 0.00198723
4.435 -0.000806489 0.00202198
4.44 -0.000815744 0.00205726
4.445 -0.000825064 0.0020931
4.45 -0.000834452 0.0021295
4.455 -0.000843905 0.00216645
4.46 -0.000853423 0.00220398
4.465 -0.000863007 0.00224209
4.47 -0.000872657 0.00228079
4.475 -0.000882371 0.00232009
4.48 -0.000892151 0.00235998
4.485 -0.000901994 0.00240049
4.49 -0.000911902 0.00244162
4.495 -0.000921874 0.00248337
4.5 -0.000931909 0.00252577
4.505 -0.000942008 0.0025688
4.51 -0.000952169 0.0026125
4.515 -0.000962392 0.00265685
4.52 -0.000972678 0.00270187
4.525 -0.000983025 0.00274758
4.53 -0.000993434 0.00279397
4.535 -0.0010039 0.00284106
4.54 -0.00101443 0.00288886
4.545 -0.00102502 0.00293737
4.55 -0.00103567 0.00298661
4.555 -0.00104638 0.00303659
4.56 -0.00105714 0.00308731
4.565 -0.00106797 0.00313878
4.57 -0.00107885 0.00319102
4.575 -0.00108978 0.00324403
4.58 -0.00110078 0.00329783
4.585 -0.00111182 0.00335242
4.59 -0.00112292 0.00340782
4.595 -0.00113408 0.00346403
4.6 -0.00114529 0.00352107
4.605 -0.00115655 0.00357894
4.61 -0.00116787 0.00363766
4.615 -0.00117923 0.00369724
4.62 -0.00119064 0.00375768
4.625 -0.00120211 0.00381901
4.63 -0.00121362 0.00388123
4.635 -0.00122518 0.00394434
4.64 -0.00123679 0.00400838
4.645 -0.00124844 0.00407334
4.65 -0.00126014 0.00413923
4.655 -0.00127188 0.00420607
4.66 -0.00128366 0.00427388
4.665 -0.00129549 0.00434265
4.67 -0.00130736 0.00441242
4.675 -0.00131926 0.00448318
4.68 -0.00133121 0.00455494
4.685 -0.0013432 0.00462774
4.69 -0.00135522 0.00470156
4.695 -0.00136727 0.00477644
4.7 -0.00137936 0.00485237
4.705 -0.00139149 0.00492938
4.71 -0.00140364 0.00500748
4.715 -0.00141583 0.00508668
4.72 -0.00142804 0.00516699
4.725 -0.00144029 0.00524843
4.73 -0.00145256 0.00533101
4.735 -0.00146485 0.00541475
4.74 -0.00147717 0.00549966
4.745 -0.00148952 0.00558576
4.75 -0.00150188 0.00567305
4.755 -0.00151426 0.00576156
4.76 -0.00152666 0.00585129
4.765 -0.00153908 0.00594227
4.77 -0.00155151 0.00603451
4.775 -0.00156396 0.00612802
4.78 -0.00157642 0.00622282
4.785 -0.00158889 0.00631893
4.79 -0.00160136 0.00641636
4.795 -0.00161384 0.00651512
4.8 -0.00162633 0.00661524
4.805 -0.00163882 0.00671672
4.81 -0.00165131 0.00681959
4.815 -0.0016638 0.00692386
4.82 -0.00167629 0.00702955
4.825 -0.00168878 0.00713668
4.83 -0.00170125 0.00724525
4.835 -0.00171372 0.0073553
4.84 -0.00172618 0.00746684
4.845 -0.00173863 0.00757988
4.85 -0.00175106 0.00769444
4.855 -0.00176347 0.00781054
4.86 -0.00177587 0.0079282
4.865 -0.00178824 0.00804744
4.87 -0.00180059 0.00816828
4.875 -0.00181292 0.00829073
4.88 -0.00182521 0.00841481
4.885 -0.00183748 0.00854054
4.89 -0.00184971 0.00866795
4.895 -0.00186191 0.00879705
4.9 -0.00187407 0.00892786
4.905 -0.00188619 0.0090604
4.91 -0.00189827 0.00919469
4.915 -0.0019103 0.00933076
4.92 -0.00192228 0.00946861
4.925 -0.00193421 0.00960828
4.93 -0.00194609 0.00974978
4.935 -0.00195791 0.00989314
4.94 -0.00196967 0.0100384
4.945 -0.00198137 0.0101855
4.95 -0.00199301 0.0103346
4.955 -0.00200458 0.0104855
4.96 -0.00201607 0.0106385
4.965 -0.0020275 0.0107934
4.97 -0.00203884 0.0109504
4.975 -0.00205011 0.0111094
4.98 -0.00206129 0.0112704
4.985 -0.00207239 0.0114335
4.99 -0.00208339 0.0115987
4.995 -0.0020943 0.0117661
5 -0.00210512 0.0119356
5.005 -0.00211584 0.0121072
5.01 -0.00212645 0.0122811
5.015 -0.00213696 0.0124572
5.02 -0.00214735 0.0126355
5.025 -0.00215763 0.0128161
5.03 -0.0021678 0.012999
5.035 -0.00217784 0.0131843
5.04 -0.00218776 0.0133719
5.045 -0.00219755 0.0135618
5.05 -0.0022072 0.0137542
5.055 -0.00221672 0.013949
5.06 -0.0022261 0.0141462
5.065 -0.00223533 0.014346
5.07 -0.00224442 0.0145482
5.075 -0.00225335 0.014753
5.08 -0.00226213 0.0149603
5.085 -0.00227074 0.0151703
5.09 -0.00227919 0.0153829
5.095 -0.00228747 0.0155981
5.1 -0.00229557 0.015816
5.105 -0.0023035 0.0160366
5.11 -0.00231124 0.01626
5.115 -0.00231879 0.0164861
5.12 -0.00232616 0.0167151
5.125 -0.00233332 0.0169468
5.13 -0.00234028 0.0171815
5.135 -0.00234704 0.017419
5.14 -0.00235359 0.0176595
5.145 -0.00235992 0.0179029
5.15 -0.00236602 0.0181493
5.155 -0.0023719 0.0183987
5.16 -0.00237755 0.0186512
5.165 -0.00238297 0.0189068
5.17 -0.00238814 0.0191655
5.175 -0.00239306 0.0194273
5.18 -0.00239773 0.0196923
5.185 -0.00240215 0.0199606
5.19 -0.0024063 0.0202321
5.195 -0.00241018 0.0205069
5.2 -0.00241378 0.020785
5.205 -0.00241711 0.0210665
5.21 -0.00242015 0.0213514
5.215 -0.0024229 0.0216398
5.22 -0.00242535 0.0219316
5.225 -0.0024275 0.0222269
5.23 -0.00242933 0.0225257
5.235 -0.00243085 0.0228282
5.24 -0.00243205 0.0231342
5.245 -0.00243293 0.0234439
5.25 -0.00243346 0.0237573
5.255 -0.00243366 0.0240745
5.26 -0.00243351 0.0243954
5.265 -0.002433 0.0247201
5.27 -0.00243214 0.0250487
5.275 -0.0024309 0.0253812
5.28 -0.0024293 0.0257176
5.285 -0.00242731 0.026058
5.29 -0.00242494 0.0264024
5.295 -0.00242217 0.0267509
5.3 -0.002419 0.0271035
5.305 -0.00241542 0.0274602
5.31 -0.00241143 0.0278211
5.315 -0.00240701 0.0281862
5.32 -0.00240216 0.0285556
5.325 -0.00239688 0.0289294
5.33 -0.00239115 0.0293074
5.335 -0.00238496 0.0296899
5.34 -0.00237832 0.0300769
5.345 -0.00237121 0.0304683
5.35 -0.00236362 0.0308643
5.355 -0.00235555 0.0312649
5.36 -0.00234698 0.0316701
5.365 -0.00233792 0.03208
5.37 -0.00232835 0.0324946
5.375 -0.00231826 0.032914
5.38 -0.00230764 0.0333382
5.385 -0.0022965 0.0337673
5.39 -0.00228481 0.0342014
5.395 -0.00227257 0.0346404
5.4 -0.00225977 0.0350844
5.405 -0.0022464 0.0355335
5.41 -0.00223246 0.0359878
5.415 -0.00221793 0.0364472
5.42 -0.00220281 0.0369118
5.425 -0.00218708 0.0373818
5.43 -0.00217074 0.037857
5.435 -0.00215378 0.0383377
5.44 -0.00213619 0.0388238
5.445 -0.00211796 0.0393153
5.45 -0.00209907 0.0398125
5.455 -0.00207953 0.0403152
5.46 -0.00205931 0.0408236
5.465 -0.00203841 0.0413378
5.47 -0.00201683 0.0418576
5.475 -0.00199454 0.0423834
5.48 -0.00197155 0.042915
5.485 -0.00194783 0.0434525
5.49 -0.00192338 0.0439961
5.495 -0.0018982 0.0445457
5.5 -0.00187226 0.0451015
5.505 -0.00184555 0.0456634
5.51 -0.00181808 0.0462315
5.515 -0.00178982 0.046806
5.52 -0.00176076 0.0473868
5.525 -0.0017309 0.0479741
5.53 -0.00170022 0.0485678
5.535 -0.00166871 0.0491681
5.54 -0.00163637 0.049775
5.545 -0.00160317 0.0503886
5.55 -0.00156911 0.0510089
5.555 -0.00153417 0.051636
5.56 -0.00149835 0.05227
5.565 -0.00146162 0.0529109
5.57 -0.00142399 0.0535588
5.575 -0.00138544 0.0542138
5.58 -0.00134595 0.0548759
5.585 -0.00130551 0.0555453
5.59 -0.00126412 0.0562219
5.595 -0.00122175 0.0569058
5.6 -0.0011784 0.0575972
5.605 -0.00113404 0.058296
5.61 -0.00108868 0.0590024
5.615 -0.0010423 0.0597164
5.62 -0.000994877 0.0604381
5.625 -0.000946405 0.0611676
5.63 -0.000896871 0.0619049
5.635 -0.000846259 0.0626501
5.64 -0.000794557 0.0634033
5.645 -0.000741751 0.0641646
5.65 -0.000687827 0.064934
5.655 -0.000632771 0.0657116
5.66 -0.000576569 0.0664975
5.665 -0.000519206 0.0672917
5.67 -0.00046067 0.0680944
5.675 -0.000400944 0.0689056
5.68 -0.000340015 0.0697255
5.685 -0.000277868 0.070554
5.69 -0.000214487 0.0713912
5.695 -0.000149859 0.0722373
5.7 -8.39678e-05 0.0730923
5.705 -1.67984e-05 0.0739563
5.71 5.16644e-05 0.0748294
5.715 0.000121436 0.0757116
5.72 0.000192532 0.0766031
5.725 0.000264969 0.0775039
5.73 0.000338761 0.0784141
5.735 0.000413925 0.0793339
5.74 0.000490477 0.0802632
5.745 0.000568434 0.0812022
5.75 0.00064781 0.0821509
5.755 0.000728624 0.0831095
5.76 0.000810892 0.0840781
5.765 0.000894629 0.0850566
5.77 0.000979854 0.0860453
5.775 0.00106658 0.0870441
5.78 0.00115483 0.0880533
5.785 0.00124462 0.0890728
5.79 0.00133597 0.0901029
5.795 0.00142889 0.0911434
5.8 0.0015234 0.0921947
5.805 0.00161951 0.0932567
5.81 0.00171726 0.0943296
5.815 0.00181665 0.0954134
5.82 0.0019177 0.0965082
5.825 0.00202044 0.0976142
5.83 0.00212488 0.0987314
5.835 0.00223103 0.09986
5.84 0.00233892 0.101
5.845 0.00244857 0.102152
5.85 0.00255999 0.103315
5.855 0.00267321 0.10449
5.86 0.00278825 0.105676
5.865 0.00290511 0.106875
5.87 0.00302383 0.108086
5.875 0.00314443 0.109309
5.88 0.00326691 0.110544
5.885 0.00339131 0.111791
5.89 0.00351765 0.113051
5.895 0.00364593 0.114323
5.9 0.00377619 0.115609
5.905 0.00390845 0.116906
5.91 0.00404272 0.118217
5.915 0.00417903 0.119541
5.92 0.0043174 0.120878
5.925 0.00445784 0.122228
5.93 0.00460039 0.123591
5.935 0.00474506 0.124968
5.94 0.00489187 0.126359
5.945 0.00504085 0.127763
5.95 0.00519201 0.129181
5.955 0.00534539 0.130612
5.96 0.005501 0.132058
5.965 0.00565886 0.133518
5.97 0.005819 0.134992
5.975 0.00598144 0.136481
5.98 0.0061462 0.137984
5.985 0.00631331 0.139501
5.99 0.00648279 0.141033
5.995 0.00665467 0.142581
6 0.00682896 0.144143
6.005 0.00700569 0.14572
6.01 0.00718488 0.147312
6.015 0.00736656 0.14892
6.02 0.00755076 0.150543
6.025 0.00773749 0.152181
6.03 0.00792678 0.153836
6.035 0.00811866 0.155506
6.04 0.00831315 0.157192
6.045 0.00851028 0.158894
6.05 0.00871007 0.160613
6.055 0.00891254 0.162348
6.06 0.00911773 0.164099
6.065 0.00932565 0.165867
6.07 0.00953634 0.167651
6.075 0.00974981 0.169453
6.08 0.00996611 0.171271
6.085 0.0101852 0.173107
6.09 0.0104072 0.17496
6.095 0.0106321 0.17683
6.1 0.01086 0.178718
6.105 0.0110907 0.180623
6.11 0.0113245 0.182546
6.115 0.0115612 0.184488
6.12 0.011801 0.186447
6.125 0.0120438 0.188424
6.13 0.0122898 0.19042
6.135 0.0125388 0.192435
6.14 0.012791 0.194468
6.145 0.0130463 0.19652
6.15 0.0133049 0.198591
6.155 0.0135667 0.20068
6.16 0.0138317 0.20279
6.165 0.0141 0.204918
6.17 0.0143716 0.207066
6.175 0.0146466 0.209234
6.18 0.014925 0.211421
6.185 0.0152067 0.213629
6.19 0.0154919 0.215856
6.195 0.0157805 0.218104
6.2 0.0160727 0.220373
6.205 0.0163683 0.222662
6.21 0.0166676 0.224971
6.215 0.0169704 0.227302
6.22 0.0172768 0.229653
6.225 0.0175868 0.232026
6.23 0.0179006 0.23442
6.235 0.018218 0.236836
6.24 0.0185392 0.239273
6.245 0.0188642 0.241732
6.25 0.0191929 0.244213
6.255 0.0195255 0.246716
6.26 0.019862 0.249242
6.265 0.0202023 0.25179
6.27 0.0205466 0.25436
6.275 0.0208949 0.256954
6.28 0.0212472 0.25957
6.285 0.0216034 0.26221
6.29 0.0219638 0.264872
6.295 0.0223282 0.267559
6.3 0.0226968 0.270268
6.305 0.0230696 0.273002
6.31 0.0234465 0.27576
6.315 0.0238277 0.278541
6.32 0.0242131 0.281347
6.325 0.0246028 0.284178
6.33 0.0249969 0.287033
6.335 0.0253953 0.289913
6.34 0.0257982 0.292817
6.345 0.0262055 0.295747
6.35 0.0266172 0.298703
6.355 0.0270335 0.301684
6.36 0.0274543 0.30469
6.365 0.0278797 0.307723
6.37 0.0283097 0.310781
6.375 0.0287444 0.313866
6.38 0.0291837 0.316977
6.385 0.0296278 0.320114
6.39 0.0300766 0.323279
6.395 0.0305303 0.32647
6.4 0.0309887 0.329688
6.405 0.0314521 0.332934
6.41 0.0319203 0.336207
6.415 0.0323935 0.339508
6.42 0.0328717 0.342837
6.425 0.0333549 0.346193
6.43 0.0338432 0.349578
6.435 0.0343365 0.352992
6.44 0.034835 0.356434
6.445 0.0353387 0.359904
6.45 0.0358475 0.363404
6.455 0.0363617 0.366933
6.46 0.0368811 0.370491
6.465 0.0374058 0.374079
6.47 0.0379359 0.377696
6.475 0.0384714 0.381344
6.48 0.0390124 0.385021
6.485 0.0395588 0.388729
6.49 0.0401108 0.392467
6.495 0.0406683 0.396236
6.5 0.0412314 0.400036
6.505 0.0418002 0.403867
6.51 0.0423746 0.40773
6.515 0.0429548 0.411624
6.52 0.0435407 0.415549
6.525 0.0441325 0.419506
6.53 0.0447301 0.423496
6.535 0.0453335 0.427518
6.54 0.045943 0.431572
6.545 0.0465583 0.435659
6.55 0.0471797 0.439779
6.555 0.0478071 0.443932
6.56 0.0484407 0.448118
6.565 0.0490803 0.452338
6.57 0.0497261 0.456591
6.575 0.0503782 0.460878
6.58 0.0510365 0.4652
6.585 0.0517011 0.469555
6.59 0.0523721 0.473946
6.595 0.0530494 0.478371
6.6 0.0537332 0.482831
6.605 0.0544235 0.487326
6.61 0.0551202 0.491856
6.615 0.0558236 0.496422
6.62 0.0565335 0.501024
6.625 0.0572501 0.505662
6.63 0.0579734 0.510336
6.635 0.0587034 0.515046
6.64 0.0594401 0.519793
6.645 0.0601837 0.524577
6.65 0.0609342 0.529398
6.655 0.0616916 0.534256
6.66 0.0624559 0.539152
6.665 0.0632272 0.544085
6.67 0.0640056 0.549056
6.675 0.064791 0.554065
6.68 0.0655836 0.559113
6.685 0.0663833 0.564199
6.69 0.0671903 0.569324
6.695 0.0680045 0.574488
6.7 0.0688261 0.579691
6.705 0.069655 0.584934
6.71 0.0704913 0.590216
6.715 0.071335 0.595538
6.72 0.0721863 0.6009
6.725 0.073045 0.606303
6.73 0.0739114 0.611746
6.735 0.0747854 0.617229
6.74 0.075667 0.622754
6.745 0.0765564 0.62832
6.75 0.0774536 0.633927
6.755 0.0783585 0.639576
6.76 0.0792713 0.645266
6.765 0.080192 0.650999
6.77 0.0811207 0.656774
6.775 0.0820574 0.662591
6.78 0.0830021 0.668451
6.785 0.0839549 0.674355
6.79 0.0849158 0.680301
6.795 0.0858849 0.686291
6.8 0.0868623 0.692324
6.805 0.0878479 0.698401
6.81 0.0888419 0.704522
6.815 0.0898442 0.710688
6.82 0.0908549 0.716898
6.825 0.0918741 0.723153
6.83 0.0929018 0.729452
6.835 0.0939381 0.735797
6.84 0.094983 0.742187
6.845 0.0960365 0.748623
6.85 0.0970988 0.755105
6.855 0.0981697 0.761633
6.86 0.0992495 0.768207
6.865 0.100338 0.774828
6.87 0.101436 0.781496
6.875 0.102542 0.78821
6.88 0.103658 0.794972
6.885 0.104782 0.801781
6.89 0.105916 0.808638
6.895 0.107058 0.815543
6.9 0.10821 0.822496
6.905 0.109371 0.829497
6.91 0.110542 0.836547
6.915 0.111721 0.843645
6.92 0.11291 0.850793
6.925 0.114109 0.85799
6.93 0.115317 0.865236
6.935 0.116534 0.872532
6.94 0.117761 0.879878
6.945 0.118998 0.887274
6.95 0.120244 0.894721
6.955 0.1215 0.902218
6.96 0.122766 0.909766
6.965 0.124041 0.917364
6.97 0.125327 0.925015
6.975 0.126622 0.932716
6.98 0.127927 0.94047
6.985 0.129242 0.948275
6.99 0.130567 0.956133
6.995 0.131903 0.964043
7 0.133248 0.972005
7.005 0.134604 0.980021
7.01 0.13597 0.988089
7.015 0.137346 0.996211
7.02 0.138732 1.00439
7.025 0.140129 1.01262
7.03 0.141536 1.0209
7.035 0.142954 1.02924
7.04 0.144382 1.03763
7.045 0.145821 1.04607
7.05 0.14727 1.05457
7.055 0.14873 1.06313
7.06 0.150201 1.07174
7.065 0.151683 1.08041
7.07 0.153175 1.08913
7.075 0.154678 1.09791
7.08 0.156192 1.10674
7.085 0.157717 1.11563
7.09 0.159253 1.12458
7.095 0.1608 1.13358
7.1 0.162358 1.14265
7.105 0.163927 1.15176
7.11 0.165507 1.16094
7.115 0.167099 1.17017
7.12 0.168702 1.17946
7.125 0.170316 1.18881
7.13 0.171941 1.19822
7.135 0.173578 1.20769
7.14 0.175227 1.21721
7.145 0.176886 1.2268
7.15 0.178558 1.23644
7.155 0.180241 1.24614
7.16 0.181935 1.2559
7.165 0.183642 1.26572
7.17 0.185359 1.2756
7.175 0.187089 1.28554
7.18 0.188831 1.29555
7.185 0.190584 1.30561
7.19 0.192349 1.31573
7.195 0.194126 1.32591
7.2 0.195916 1.33616
7.205 0.197717 1.34647
7.21 0.19953 1.35683
7.215 0.201355 1.36726
7.22 0.203193 1.37775
7.225 0.205043 1.38831
7.23 0.206905 1.39892
7.235 0.208779 1.4096
7.24 0.210665 1.42034
7.245 0.212564 1.43114
7.25 0.214476 1.44201
7.255 0.2164 1.45294
7.26 0.218336 1.46393
7.265 0.220285 1.47499
7.27 0.222246 1.48611
7.275 0.22422 1.4973
7.28 0.226207 1.50854
7.285 0.228206 1.51986
7.29 0.230218 1.53123
7.295 0.232243 1.54268
7.3 0.234281 1.55418
7.305 0.236332 1.56576
7.31 0.238395 1.57739
7.315 0.240472 1.5891
7.32 0.242561 1.60086
7.325 0.244663 1.6127
7.33 0.246779 1.6246
7.335 0.248907 1.63656
7.34 0.251049 1.64859
7.345 0.253204 1.66069
7.35 0.255372 1.67286
7.355 0.257553 1.68509
7.36 0.259748 1.69739
7.365 0.261956 1.70975
7.37 0.264177 1.72218
7.375 0.266412 1.73468
7.38 0.26866 1.74725
7.385 0.270921 1.75988
7.39 0.273196 1.77259
7.395 0.275485 1.78536
7.4 0.277787 1.79819
7.405 0.280102 1.8111
7.41 0.282432 1.82407
7.415 0.284775 1.83712
7.42 0.287131 1.85023
7.425 0.289502 1.86341
7.43 0.291886 1.87666
7.435 0.294284 1.88998
7.44 0.296695 1.90336
7.445 0.299121 1.91682
7.45 0.30156 1.93034
7.455 0.304014 1.94394
7.46 0.306481 1.9576
7.465 0.308962 1.97134
7.47 0.311458 1.98514
7.475 0.313967 1.99901
7.48 0.31649 2.01296
7.485 0.319028 2.02697
7.49 0.321579 2.04106
7.495 0.324145 2.05521
7.5 0.326725 2.06943
7.505 0.329319 2.08373
7.51 0.331927 2.0981
7.515 0.334549 2.11253
7.52 0.337186 2.12704
7.525 0.339837 2.14162
7.53 0.342502 2.15627
7.535 0.345182 2.17099
7.54 0.347876 2.18578
7.545 0.350584 2.20064
7.55 0.353307 2.21557
7.555 0.356044 2.23058
7.56 0.358796 2.24566
7.565 0.361562 2.2608
7.57 0.364342 2.27602
7.575 0.367137 2.29132
7.58 0.369947 2.30668
7.585 0.372771 2.32211
7.59 0.37561 2.33762
7.595 0.378463 2.3532
7.6 0.381331 2.36885
7.605 0.384213 2.38457
7.61 0.38711 2.40036
7.615 0.390022 2.41623
7.62 0.392948 2.43217
7.625 0.395889 2.44818
7.63 0.398845 2.46426
7.635 0.401816 2.48041
7.64 0.404801 2.49664
7.645 0.4078 2.51294
7.65 0.410815 2.52931
7.655 0.413844 2.54575
7.66 0.416888 2.56227
7.665 0.419947 2.57886
7.67 0.42302 2.59552
7.675 0.426109 2.61225
7.68 0.429212 2.62905
7.685 0.43233 2.64593
7.69 0.435462 2.66288
7.695 0.43861 2.6799
7.7 0.441772 2.69699
7.705 0.444949 2.71416
7.71 0.448141 2.7314
7.715 0.451347 2.74871
7.72 0.454569 2.76609
7.725 0.457805 2.78354
7.73 0.461056 2.80107
7.735 0.464322 2.81867
7.74 0.467603 2.83634
7.745 0.470899 2.85408
7.75 0.474209 2.87189
7.755 0.477534 2.88978
7.76 0.480874 2.90774
7.765 0.484229 2.92577
7.77 0.487599 2.94387
7.775 0.490983 2.96204
7.78 0.494382 2.98028
7.785 0.497796 2.9986
7.79 0.501225 3.01699
7.795 0.504669 3.03545
7.8 0.508127 3.05397
7.805 0.5116 3.07258
7.81 0.515088 3.09125
7.815 0.51859 3.10999
7.82 0.522108 3.1288
7.825 0.52564 3.14769
7.83 0.529186 3.16664
7.835 0.532748 3.18567
7.84 0.536324 3.20476
7.845 0.539914 3.22393
7.85 0.543519 3.24316
7.855 0.547139 3.26247
7.86 0.550774 3.28185
7.865 0.554423 3.30129
7.87 0.558086 3.32081
7.875 0.561765 3.34039
7.88 0.565457 3.36004
7.885 0.569164 3.37977
7.89 0.572886 3.39956
7.895 0.576622 3.41942
7.9 0.580373 3.43935
7.905 0.584137 3.45935
7.91 0.587917 3.47941
7.915 0.59171 3.49955
7.92 0.595518 3.51975
7.925 0.59934 3.54002
7.93 0.603177 3.56036
7.935 0.607028 3.58076
7.94 0.610892 3.60123
7.945 0.614771 3.62177
7.95 0.618665 3.64238
7.955 0.622572 3.66305
7.96 0.626493 3.68379
7.965 0.630429 3.70459
7.97 0.634378 3.72546
7.975 0.638341 3.7464
7.98 0.642318 3.7674
7.985 0.646309 3.78847
7.99 0.650314 3.8096
7.995 0.654333 3.83079
8 0.658366 3.85205
8.005 0.662412 3.87338
8.01 0.666471 3.89476
8.015 0.670545 3.91622
8.02 0.674632 3.93773
8.025 0.678732 3.95931
8.03 0.682846 3.98095
8.035 0.686974 4.00265
8.04 0.691115 4.02442
8.045 0.695269 4.04624
8.05 0.699436 4.06813
8.055 0.703617 4.09008
8.06 0.70781 4.11209
8.065 0.712017 4.13416
8.07 0.716237 4.15629
8.075 0.72047 4.17848
8.08 0.724716 4.20073
8.085 0.728975 4.22304
8.09 0.733246 4.24541
8.095 0.737531 4.26784
8.1 0.741828 4.29032
8.105 0.746137 4.31286
8.11 0.75046 4.33546
8.115 0.754794 4.35812
8.12 0.759142 4.38083
8.125 0.763501 4.4036
8.13 0.767873 4.42643
8.135 0.772257 4.44931
8.14 0.776653 4.47225
8.145 0.781062 4.49524
8.15 0.785482 4.51828
8.155 0.789915 4.54138
8.16 0.794359 4.56453
8.165 0.798815 4.58774
8.17 0.803283 4.611
8.175 0.807762 4.63431
8.18 0.812253 4.65767
8.185 0.816756 4.68108
8.19 0.821269 4.70454
8.195 0.825795 4.72806
8.2 0.830331 4.75162
8.205 0.834879 4.77524
8.21 0.839438 4.7989
8.215 0.844007 4.82261
8.22 0.848588 4.84637
8.225 0.853179 4.87017
8.23 0.857781 4.89402
8.235 0.862394 4.91792
8.24 0.867018 4.94187
8.245 0.871651 4.96586
8.25 0.876296 4.98989
8.255 0.88095 5.01397
8.26 0.885615 5.0381
8.265 0.890289 5.06226
8.27 0.894974 5.08647
8.275 0.899669 5.11072
8.28 0.904373 5.13502
8.285 0.909087 5.15935
8.29 0.91381 5.18373
8.295 0.918543 5.20814
8.3 0.923286 5.2326
8.305 0.928037 5.25709
8.31 0.932798 5.28162
8.315 0.937568 5.30619
8.32 0.942347 5.33079
8.325 0.947134 5.35544
8.33 0.951931 5.38011
8.335 0.956736 5.40483
8.34 0.961549 5.42958
8.345 0.966371 5.45436
8.35 0.971201 5.47917
8.355 0.976039 5.50402
8.36 0.980885 5.5289
8.365 0.985739 5.55381
8.37 0.990601 5.57875
8.375 0.995471 5.60372
8.38 1.00035 5.62872
8.385 1.00523 5.65375
8.39 1.01012 5.67881
8.395 1.01502 5.7039
8.4 1.01993 5.72901
8.405 1.02484 5.75415
8.41 1.02976 5.77931
8.415 1.03469 5.8045
8.42 1.03962 5.82971
8.425 1.04456 5.85494
8.43 1.0495 5.8802
8.435 1.05446 5.90548
8.44 1.05941 5.93078
8.445 1.06438 5.95609
8.45 1.06935 5.98143
8.455 1.07432 6.00679
8.46 1.0793 6.03217
8.465 1.08429 6.05756
8.47 1.08928 6.08297
8.475 1.09427 6.10839
8.48 1.09927 6.13383
8.485 1.10428 6.15928
8.49 1.10929 6.18475
8.495 1.1143 6.21023
8.5 1.11932 6.23572
8.505 1.12434 6.26122
8.51 1.12937 6.28673
8.515 1.1344 6.31225
8.52 1.13943 6.33778
8.525 1.14447 6.36332
8.53 1.14951 6.38886
8.535 1.15455 6.41441
8.54 1.1596 6.43996
8.545 1.16465 6.46552
8.55 1.1697 6.49108
8.555 1.17475 6.51665
8.56 1.17981 6.54221
8.565 1.18487 6.56778
8.57 1.18993 6.59334
8.575 1.19499 6.61891
8.58 1.20006 6.64447
8.585 1.20512 6.67003
8.59 1.21019 6.69558
8.595 1.21526 6.72114
8.6 1.22033 6.74668
8.605 1.2254 6.77222
8.61 1.23047 6.79775
8.615 1.23554 6.82327
8.62 1.24061 6.84879
8.625 1.24568 6.87429
8.63 1.25076 6.89978
8.635 1.25583 6.92526
8.64 1.2609 6.95073
8.645 1.26597 6.97618
8.65 1.27104 7.00162
8.655 1.27611 7.02704
8.66 1.28117 7.05244
8.665 1.28624 7.07783
8.67 1.29131 7.1032
8.675 1.29637 7.12854
8.68 1.30143 7.15387
8.685 1.30649 7.17917
8.69 1.31155 7.20446
8.695 1.3166 7.22971
8.7 1.32165 7.25494
8.705 1.3267 7.28015
8.71 1.33174 7.30533
8.715 1.33679 7.33048
8.72 1.34183 7.3556
8.725 1.34686 7.38069
8.73 1.35189 7.40575
8.735 1.35692 7.43078
8.74 1.36194 7.45577
8.745 1.36696 7.48073
8.75 1.37197 7.50566
8.755 1.37698 7.53055
8.76 1.38199 7.5554
8.765 1.38698 7.58021
8.77 1.39198 7.60498
8.775 1.39696 7.62971
8.78 1.40195 7.6544
8.785 1.40692 7.67904
8.79 1.41189 7.70364
8.795 1.41685 7.7282
8.8 1.42181 7.75271
8.805 1.42675 7.77717
8.81 1.4317 7.80158
8.815 1.43663 7.82595
8.82 1.44156 7.85026
8.825 1.44647 7.87452
8.83 1.45138 7.89873
8.835 1.45629 7.92288
8.84 1.46118 7.94698
8.845 1.46606 7.97102
8.85 1.47094 7.995
8.855 1.4758 8.01892
8.86 1.48066 8.04279
8.865 1.48551 8.06659
8.87 1.49035 8.09033
8.875 1.49517 8.114
8.88 1.49999 8.13762
8.885 1.5048 8.16116
8.89 1.50959 8.18464
8.895 1.51438 8.20805
8.9 1.51915 8.23139
8.905 1.52391 8.25466
8.91 1.52866 8.27785
8.915 1.5334 8.30098
8.92 1.53812 8.32403
8.925 1.54284 8.347
8.93 1.54754 8.3699
8.935 1.55223 8.39272
8.94 1.5569 8.41546
8.945 1.56156 8.43812
8.95 1.56621 8.4607
8.955 1.57085 8.48319
8.96 1.57547 8.5056
8.965 1.58007 8.52793
8.97 1.58466 8.55016
8.975 1.58924 8.57232
8.98 1.5938 8.59438
8.985 1.59835 8.61635
8.99 1.60288 8.63823
8.995 1.60739 8.66002
9 1.61189 8.68171
9.005 1.61637 8.70331
9.01 1.62084 8.72481
9.015 1.62529 8.74621
9.02 1.62972 8.76751
9.025 1.63413 8.78872
9.03 1.63853 8.80982
9.035 1.64291 8.83082
9.04 1.64727 8.85171
9.045 1.65161 8.8725
9.05 1.65594 8.89318
9.055 1.66024 8.91376
9.06 1.66453 8.93422
9.065 1.6688 8.95458
9.07 1.67305 8.97482
9.075 1.67728 8.99495
9.08 1.68148 9.01496
9.085 1.68567 9.03486
9.09 1.68984 9.05464
9.095 1.69399 9.07431
9.1 1.69811 9.09385
9.105 1.70222 9.11327
9.11 1.7063 9.13257
9.115 1.71036 9.15175
9.12 1.7144 9.1708
9.125 1.71842 9.18973
9.13 1.72241 9.20853
9.135 1.72638 9.2272
9.14 1.73033 9.24574
9.145 1.73426 9.26415
9.15 1.73816 9.28242
9.155 1.74204 9.30056
9.16 1.74589 9.31857
9.165 1.74972 9.33644
9.17 1.75353 9.35417
9.175 1.75731 9.37177
9.18 1.76106 9.38922
9.185 1.76479 9.40653
9.19 1.76849 9.4237
9.195 1.77217 9.44072
9.2 1.77582 9.4576
9.205 1.77945 9.47433
9.21 1.78305 9.49092
9.215 1.78662 9.50735
9.22 1.79016 9.52363
9.225 1.79368 9.53976
9.23 1.79717 9.55574
9.235 1.80063 9.57156
9.24 1.80406 9.58723
9.245 1.80747 9.60273
9.25 1.81084 9.61808
9.255 1.81419 9.63327
9.26 1.81751 9.6483
9.265 1.82079 9.66317
9.27 1.82405 9.67787
9.275 1.82728 9.69241
9.28 1.83048 9.70678
9.285 1.83364 9.72098
9.29 1.83678 9.73501
9.295 1.83989 9.74887
9.3 1.84296 9.76257
9.305 1.846 9.77608
9.31 1.84901 9.78943
9.315 1.85199 9.8026
9.32 1.85494 9.81559
9.325 1.85785 9.8284
9.33 1.86073 9.84104
9.335 1.86358 9.85349
9.34 1.86639 9.86576
9.345 1.86917 9.87785
9.35 1.87192 9.88976
9.355 1.87463 9.90147
9.36 1.87731 9.91301
9.365 1.87995 9.92435
9.37 1.88256 9.9355
9.375 1.88513 9.94647
9.38 1.88767 9.95724
9.385 1.89017 9.96781
9.39 1.89263 9.9782
9.395 1.89506 9.98839
9.4 1.89746 9.99838
9.405 1.89981 10.0082
9.41 1.90213 10.0178
9.415 1.90441 10.0272
9.42 1.90666 10.0363
9.425 1.90887 10.0453
9.43 1.91104 10.0541
9.435 1.91317 10.0627
9.44 1.91526 10.0711
9.445 1.91731 10.0792
9.45 1.91933 10.0872
9.455 1.9213 10.0949
9.46 1.92324 10.1025
9.465 1.92514 10.1098
9.47 1.92699 10.1169
9.475 1.92881 10.1238
9.48 1.93059 10.1304
9.485 1.93232 10.1369
9.49 1.93402 10.1431
9.495 1.93567 10.1492
9.5 1.93729 10.155
9.505 1.93886 10.1605
9.51 1.94039 10.1659
9.515 1.94187 10.171
9.52 1.94332 10.1759
9.525 1.94472 10.1806
9.53 1.94608 10.185
9.535 1.9474 10.1892
9.54 1.94867 10.1932
9.545 1.9499 10.197
9.55 1.95109 10.2005
9.555 1.95223 10.2038
9.56 1.95333 10.2069
9.565 1.95438 10.2097
9.57 1.95539 10.2123
9.575 1.95636 10.2146
9.58 1.95728 10.2167
9.585 1.95815 10.2186
9.59 1.95898 10.2202
9.595 1.95976 10.2216
9.6 1.9605 10.2228
9.605 1.96119 10.2237
9.61 1.96184 10.2243
9.615 1.96244 10.2247
9.62 1.96299 10.2249
9.625 1.9635 10.2248
9.63 1.96396 10.2245
9.635 1.96437 10.2239
9.64 1.96473 10.2231
9.645 1.96505 10.222
9.65 1.96531 10.2206
9.655 1.96553 10.219
9.66 1.9657 10.2172
9.665 1.96583 10.2151
9.67 1.9659 10.2127
9.675 1.96593 10.2101
9.68 1.9659 10.2072
9.685 1.96583 10.2041
9.69 1.96571 10.2007
9.695 1.96553 10.1971
9.7 1.96531 10.1931
9.705 1.96504 10.189
9.71 1.96472 10.1845
9.715 1.96434 10.1798
9.72 1.96392 10.1748
9.725 1.96345 10.1696
9.73 1.96292 10.1641
9.735 1.96234 10.1583
9.74 1.96172 10.1523
9.745 1.96104 10.1459
9.75 1.96031 10.1394
9.755 1.95952 10.1325
9.76 1.95869 10.1254
9.765 1.9578 10.118
9.77 1.95686 10.1103
9.775 1.95587 10.1024
9.78 1.95483 10.0942
9.785 1.95373 10.0857
9.79 1.95258 10.0769
9.795 1.95138 10.0678
9.8 1.95012 10.0585
9.805 1.94881 10.0489
9.81 1.94745 10.039
9.815 1.94603 10.0289
9.82 1.94456 10.0184
9.825 1.94303 10.0077
9.83 1.94146 9.9967
9.835 1.93982 9.98541
9.84 1.93813 9.97385
9.845 1.93639 9.962
9.85 1.9346 9.94986
9.855 1.93274 9.93744
9.86 1.93084 9.92474
9.865 1.92888 9.91175
9.87 1.92686 9.89848
9.875 1.92479 9.88491
9.88 1.92266 9.87107
9.885 1.92048 9.85693
9.89 1.91824 9.84251
9.895 1.91594 9.8278
9.9 1.91359 9.8128
9.905 1.91119 9.79751
9.91 1.90873 9.78193
9.915 1.90621 9.76606
9.92 1.90363 9.7499
9.925 1.901 9.73346
9.93 1.89832 9.71672
9.935 1.89557 9.69968
9.94 1.89277 9.68236
9.945 1.88991 9.66474
9.95 1.887 9.64684
9.955 1.88403 9.62863
9.96 1.881 9.61014
9.965 1.87792 9.59135
9.97 1.87478 9.57227
9.975 1.87158 9.5529
9.98 1.86832 9.53323
9.985 1.86501 9.51326
9.99 1.86164 9.49301
9.995 1.85821 9.47245
10 1.85472 9.4516
10.005 1.85118 9.43046
10.01 1.84758 9.40902
10.015 1.84392 9.38729
10.02 1.8402 9.36526
10.025 1.83643 9.34294
10.03 1.8326 9.32031
10.035 1.82871 9.2974
10.04 1.82476 9.27419
10.045 1.82075 9.25068
10.05 1.81669 9.22687
10.055 1.81257 9.20277
10.06 1.80839 9.17838
10.065 1.80415 9.15368
10.07 1.79986 9.12869
10.075 1.7955 9.10341
10.08 1.79109 9.07783
10.085 1.78662 9.05195
10.09 1.78209 9.02578
10.095 1.77751 8.99931
10.1 1.77286 8.97255
10.105 1.76816 8.94549
10.11 1.7634 8.91813
10.115 1.75858 8.89048
10.12 1.75371 8.86254
10.125 1.74877 8.8343
10.13 1.74378 8.80576
10.135 1.73873 8.77693
10.14 1.73362 8.74781
10.145 1.72846 8.71839
10.15 1.72323 8.68868
10.155 1.71795 8.65868
10.16 1.71261 8.62838
10.165 1.70721 8.59779
10.17 1.70176 8.56691
10.175 1.69624 8.53573
10.18 1.69067 8.50427
10.185 1.68504 8.47251
10.19 1.67935 8.44046
10.195 1.67361 8.40812
10.2 1.66781 8.37549
10.205 1.66195 8.34257
10.21 1.65603 8.30936
10.215 1.65006 8.27586
10.22 1.64403 8.24207
10.225 1.63794 8.208
10.23 1.63179 8.17364
10.235 1.62559 8.13899
10.24 1.61933 8.10405
10.245 1.61301 8.06883
10.25 1.60664 8.03333
10.255 1.60021 7.99754
10.26 1.59372 7.96146
10.265 1.58718 7.92511
10.27 1.58058 7.88847
10.275 1.57393 7.85154
10.28 1.56721 7.81434
10.285 1.56045 7.77686
10.29 1.55362 7.7391
10.295 1.54674 7.70105
10.3 1.53981 7.66273
10.305 1.53282 7.62414
10.31 1.52577 7.58526
10.315 1.51867 7.54611
10.32 1.51151 7.50668
10.325 1.5043 7.46699
10.33 1.49703 7.42701
10.335 1.48971 7.38677
10.34 1.48234 7.34625
10.345 1.47491 7.30546
10.35 1.46742 7.2644
10.355 1.45988 7.22308
10.36 1.45229 7.18148
10.365 1.44464 7.13962
10.37 1.43694 7.09749
10.375 1.42919 7.0551
10.38 1.42138 7.01245
10.385 1.41352 6.96953
10.39 1.40561 6.92635
10.395 1.39764 6.88291
10.4 1.38962 6.83921
10.405 1.38155 6.79525
10.41 1.37343 6.75103
10.415 1.36525 6.70656
10.42 1.35703 6.66183
10.425 1.34875 6.61685
10.43 1.34042 6.57162
10.435 1.33204 6.52613
10.44 1.32361 6.4804
10.445 1.31512 6.43441
10.45 1.30659 6.38818
10.455 1.29801 6.3417
10.46 1.28938 6.29498
10.465 1.28069 6.24802
10.47 1.27196 6.20081
10.475 1.26318 6.15336
10.48 1.25435 6.10567
10.485 1.24547 6.05774
10.49 1.23654 6.00958
10.495 1.22756 5.96118
10.5 1.21854 5.91254
10.505 1.20947 5.86368
10.51 1.20035 5.81458
10.515 1.19118 5.76526
10.52 1.18197 5.7157
10.525 1.1727 5.66592
10.53 1.1634 5.61592
10.535 1.15404 5.56569
10.54 1.14464 5.51524
10.545 1.1352 5.46457
10.55 1.12571 5.41368
10.555 1.11617 5.36257
10.56 1.10659 5.31125
10.565 1.09697 5.25972
10.57 1.0873 5.20797
10.575 1.07759 5.15601
10.58 1.06783 5.10385
10.585 1.05803 5.05148
10.59 1.04819 4.9989
10.595 1.03831 4.94612
10.6 1.02838 4.89314
10.605 1.01841 4.83996
10.61 1.0084 4.78658
10.615 0.998353 4.73301
10.62 0.988261 4.67924
10.625 0.978129 4.62528
10.63 0.967956 4.57113
10.635 0.957744 4.51679
10.64 0.947492 4.46226
10.645 0.937201 4.40755
10.65 0.926871 4.35265
10.655 0.916503 4.29758
10.66 0.906096 4.24233
10.665 0.895652 4.1869
10.67 0.885171 4.13129
10.675 0.874653 4.07552
10.68 0.864098 4.01957
10.685 0.853507 3.96345
10.69 0.84288 3.90717
10.695 0.832218 3.85072
10.7 0.82152 3.79411
10.705 0.810788 3.73734
10.71 0.800022 3.68041
10.715 0.789222 3.62333
10.72 0.778388 3.56609
10.725 0.767522 3.5087
10.73 0.756622 3.45116
10.735 0.745691 3.39347
10.74 0.734728 3.33564
10.745 0.723733 3.27767
10.75 0.712707 3.21955
10.755 0.701651 3.1613
10.76 0.690565 3.10291
10.765 0.679448 3.04439
10.77 0.668303 2.98573
10.775 0.657129 2.92695
10.78 0.645926 2.86804
10.785 0.634695 2.809
10.79 0.623437 2.74985
10.795 0.612152 2.69057
10.8 0.60084 2.63118
10.805 0.589502 2.57167
10.81 0.578138 2.51205
10.815 0.566749 2.45232
10.82 0.555335 2.39248
10.825 0.543897 2.33254
10.83 0.532435 2.27249
10.835 0.520949 2.21235
10.84 0.50944 2.1521
10.845 0.497909 2.09176
10.85 0.486356 2.03133
10.855 0.474782 1.97081
10.86 0.463186 1.9102
10.865 0.45157 1.84951
10.87 0.439933 1.78873
10.875 0.428277 1.72788
10.88 0.416602 1.66694
10.885 0.404909 1.60594
10.89 0.393197 1.54486
10.895 0.381467 1.48371
10.9 0.369721 1.42249
10.905 0.357958 1.36121
10.91 0.346178 1.29987
10.915 0.334383 1.23847
10.92 0.322573 1.17702
10.925 0.310749 1.11551
10.93 0.29891 1.05395
10.935 0.287058 0.992343
10.94 0.275192 0.93069
10.945 0.263315 0.868996
10.95 0.251425 0.807261
10.955 0.239523 0.74549
10.96 0.227611 0.683684
10.965 0.215688 0.621848
10.97 0.203756 0.559982
10.975 0.191814 0.498091
10.98 0.179863 0.436178
10.985 0.167904 0.374244
10.99 0.155937 0.312292
10.995 0.143963 0.250327
11 0.131983 0.188349
11.005 0.119996 0.126363
11.01 0.108004 0.0643714
11.015 0.0960063 0.00237657
11.02 0.0840044 -0.0596184
11.025 0.0719987 -0.121611
11.03 0.0599896 -0.183597
11.035 0.0479777 -0.245575
11.04 0.0359636 -0.307541
11.045 0.0239478 -0.369494
11.05 0.0119308 -0.431428
11.055 -8.66853e-05 -0.493343
11.06 -0.0121042 -0.555234
11.065 -0.0241211 -0.617099
11.07 -0.036137 -0.678935
11.075 -0.0481511 -0.740739
11.08 -0.0601629 -0.802507
11.085 -0.0721719 -0.864238
11.09 -0.0841775 -0.925928
11.095 -0.0961791 -0.987574
11.1 -0.108176 -1.04917
11.105 -0.120168 -1.11072
11.11 -0.132154 -1.17222
11.115 -0.144134 -1.23366
11.12 -0.156107 -1.29504
11.125 -0.168072 -1.35636
11.13 -0.18003 -1.41761
11.135 -0.191979 -1.4788
11.14 -0.203918 -1.53991
11.145 -0.215848 -1.60095
11.15 -0.227767 -1.66192
11.155 -0.239676 -1.7228
11.16 -0.251573 -1.7836
11.165 -0.263457 -1.84431
11.17 -0.275329 -1.90494
11.175 -0.287188 -1.96547
11.18 -0.299033 -2.0259
11.185 -0.310863 -2.08624
11.19 -0.322678 -2.14648
11.195 -0.334477 -2.20661
11.2 -0.34626 -2.26663
11.205 -0.358026 -2.32655
11.21 -0.369774 -2.38634
11.215 -0.381505 -2.44603
11.22 -0.393216 -2.50559
11.225 -0.404909 -2.56503
11.23 -0.416581 -2.62434
11.235 -0.428233 -2.68352
11.24 -0.439864 -2.74257
11.245 -0.451473 -2.80149
11.25 -0.46306 -2.86027
11.255 -0.474624 -2.9189
11.26 -0.486164 -2.97739
11.265 -0.497681 -3.03574
11.27 -0.509172 -3.09393
11.275 -0.520639 -3.15197
11.28 -0.532079 -3.20985
11.285 -0.543493 -3.26757
11.29 -0.55488 -3.32513
11.295 -0.566239 -3.38252
11.3 -0.577569 -3.43974
11.305 -0.588871 -3.49679
11.31 -0.600143 -3.55366
11.315 -0.611385 -3.61036
11.32 -0.622597 -3.66687
11.325 -0.633777 -3.7232
11.33 -0.644925 -3.77934
11.335 -0.65604 -3.8353
11.34 -0.667123 -3.89105
11.345 -0.678171 -3.94661
11.35 -0.689186 -4.00197
11.355 -0.700165 -4.05713
11.36 -0.711109 -4.11208
11.365 -0.722017 -4.16682
11.37 -0.732888 -4.22135
11.375 -0.743721 -4.27567
11.38 -0.754517 -4.32977
11.385 -0.765274 -4.38364
11.39 -0.775992 -4.43729
11.395 -0.786671 -4.49072
11.4 -0.797309 -4.54391
11.405 -0.807906 -4.59687
11.41 -0.818462 -4.6496
11.415 -0.828975 -4.70208
11.42 -0.839446 -4.75433
11.425 -0.849874 -4.80632
11.43 -0.860258 -4.85807
11.435 -0.870597 -4.90957
11.44 -0.880892 -4.96082
11.445 -0.891141 -5.01181
11.45 -0.901343 -5.06254
11.455 -0.911499 -5.113
11.46 -0.921608 -5.1632
11.465 -0.931668 -5.21313
11.47 -0.94168 -5.26279
11.475 -0.951644 -5.31218
11.48 -0.961557 -5.36129
11.485 -0.97142 -5.41012
11.49 -0.981233 -5.45866
11.495 -0.990994 -5.50692
11.5 -1.0007 -5.55489
11.505 -1.01036 -5.60257
11.51 -1.01996 -5.64996
11.515 -1.02951 -5.69704
11.52 -1.03901 -5.74383
11.525 -1.04845 -5.79032
11.53 -1.05784 -5.8365
11.535 -1.06717 -5.88237
11.54 -1.07644 -5.92793
11.545 -1.08566 -5.97317
11.55 -1.09481 -6.0181
11.555 -1.10392 -6.06271
11.56 -1.11296 -6.107
11.565 -1.12194 -6.15096
11.57 -1.13086 -6.1946
11.575 -1.13973 -6.23791
11.58 -1.14853 -6.28088
11.585 -1.15727 -6.32352
11.59 -1.16595 -6.36582
11.595 -1.17457 -6.40778
11.6 -1.18312 -6.44939
11.605 -1.19161 -6.49066
11.61 -1.20004 -6.53159
11.615 -1.2084 -6.57216
11.62 -1.2167 -6.61238
11.625 -1.22493 -6.65224
11.63 -1.2331 -6.69174
11.635 -1.2412 -6.73088
11.64 -1.24923 -6.76966
11.645 -1.25719 -6.80807
11.65 -1.26509 -6.84612
11.655 -1.27292 -6.88379
11.66 -1.28068 -6.92109
11.665 -1.28837 -6.95802
11.67 -1.29599 -6.99456
11.675 -1.30354 -7.03073
11.68 -1.31101 -7.06651
11.685 -1.31842 -7.10191
11.69 -1.32576 -7.13692
11.695 -1.33302 -7.17154
11.7 -1.34021 -7.20577
11.705 -1.34732 -7.2396
11.71 -1.35437 -7.27304
11.715 -1.36134 -7.30608
11.72 -1.36823 -7.33871
11.725 -1.37505 -7.37095
11.73 -1.38179 -7.40278
11.735 -1.38846 -7.4342
11.74 -1.39505 -7.46521
11.745 -1.40156 -7.49581
11.75 -1.408 -7.526
11.755 -1.41436 -7.55577
11.76 -1.42064 -7.58512
11.765 -1.42684 -7.61405
11.77 -1.43296 -7.64256
11.775 -1.439 -7.67065
11.78 -1.44497 -7.69831
11.785 -1.45085 -7.72554
11.79 -1.45665 -7.75234
11.795 -1.46237 -7.77871
11.8 -1.46801 -7.80465
11.805 -1.47357 -7.83015
11.81 -1.47904 -7.85522
11.815 -1.48444 -7.87984
11.82 -1.48975 -7.90403
11.825 -1.49497 -7.92777
11.83 -1.50011 -7.95106
11.835 -1.50517 -7.97391
11.84 -1.51015 -7.99632
11.845 -1.51503 -8.01827
11.85 -1.51984 -8.03977
11.855 -1.52456 -8.06082
11.86 -1.52919 -8.08141
11.865 -1.53373 -8.10155
11.87 -1.53819 -8.12123
11.875 -1.54256 -8.14045
11.88 -1.54685 -8.15921
11.885 -1.55105 -8.17751
11.89 -1.55516 -8.19534
11.895 -1.55918 -8.21271
11.9 -1.56311 -8.22962
11.905 -1.56695 -8.24605
11.91 -1.57071 -8.26202
11.915 -1.57437 -8.27751
11.92 -1.57795 -8.29254
11.925 -1.58143 -8.30709
11.93 -1.58483 -8.32116
11.935 -1.58813 -8.33476
11.94 -1.59134 -8.34788
11.945 -1.59447 -8.36053
11.95 -1.5975 -8.37269
11.955 -1.60044 -8.38438
11.96 -1.60329 -8.39558
11.965 -1.60604 -8.40631
11.97 -1.6087 -8.41654
11.975 -1.61127 -8.4263
11.98 -1.61375 -8.43556
11.985 -1.61614 -8.44434
11.99 -1.61843 -8.45264
11.995 -1.62062 -8.46044
12 -1.62273 -8.46776
12.005 -1.62474 -8.47458
12.01 -1.62665 -8.48092
12.015 -1.62848 -8.48676
12.02 -1.6302 -8.49211
12.025 -1.63184 -8.49697
12.03 -1.63337 -8.50133
12.035 -1.63482 -8.5052
12.04 -1.63616 -8.50857
12.045 -1.63742 -8.51145
12.05 -1.63857 -8.51383
12.055 -1.63963 -8.51572
12.06 -1.6406 -8.5171
12.065 -1.64147 -8.51799
12.07 -1.64224 -8.51838
12.075 -1.64292 -8.51827
12.08 -1.6435 -8.51766
12.085 -1.64398 -8.51655
12.09 -1.64437 -8.51494
12.095 -1.64466 -8.51283
12.1 -1.64485 -8.51022
12.105 -1.64495 -8.50711
12.11 -1.64495 -8.5035
12.115 -1.64486 -8.49938
12.12 -1.64466 -8.49476
12.125 -1.64437 -8.48965
12.13 -1.64398 -8.48402
12.135 -1.6435 -8.4779
12.14 -1.64291 -8.47128
12.145 -1.64223 -8.46415
12.15 -1.64146 -8.45652
12.155 -1.64058 -8.44839
12.16 -1.63961 -8.43976
12.165 -1.63854 -8.43062
12.17 -1.63737 -8.42099
12.175 -1.63611 -8.41085
12.18 -1.63475 -8.40021
12.185 -1.63329 -8.38907
12.19 -1.63173 -8.37742
12.195 -1.63007 -8.36528
12.2 -1.62832 -8.35264
12.205 -1.62647 -8.3395
12.21 -1.62452 -8.32585
12.215 -1.62248 -8.31171
12.22 -1.62034 -8.29707
12.225 -1.6181 -8.28193
12.23 -1.61576 -8.26629
12.235 -1.61333 -8.25016
12.24 -1.6108 -8.23353
12.245 -1.60817 -8.2164
12.25 -1.60544 -8.19878
12.255 -1.60262 -8.18066
12.26 -1.5997 -8.16205
12.265 -1.59669 -8.14295
12.27 -1.59358 -8.12335
12.275 -1.59037 -8.10326
12.28 -1.58706 -8.08269
12.285 -1.58366 -8.06162
12.29 -1.58017 -8.04006
12.295 -1.57657 -8.01801
12.3 -1.57288 -7.99548
12.305 -1.5691 -7.97246
12.31 -1.56522 -7.94895
12.315 -1.56125 -7.92496
12.32 -1.55718 -7.90049
12.325 -1.55301 -7.87554
12.33 -1.54875 -7.8501
12.335 -1.5444 -7.82419
12.34 -1.53995 -7.79779
12.345 -1.5354 -7.77092
12.35 -1.53077 -7.74358
12.355 -1.52604 -7.71576
12.36 -1.52121 -7.68746
12.365 -1.51629 -7.6587
12.37 -1.51128 -7.62946
12.375 -1.50618 -7.59976
12.38 -1.50098 -7.56958
12.385 -1.49569 -7.53894
12.39 -1.49031 -7.50784
12.395 -1.48484 -7.47628
12.4 -1.47927 -7.44425
12.405 -1.47362 -7.41176
12.41 -1.46787 -7.37882
12.415 -1.46203 -7.34542
12.42 -1.4561 -7.31156
12.425 -1.45009 -7.27725
12.43 -1.44398 -7.24249
12.435 -1.43778 -7.20728
12.44 -1.43149 -7.17163
12.445 -1.42512 -7.13553
12.45 -1.41865 -7.09898
12.455 -1.4121 -7.06199
12.46 -1.40546 -7.02457
12.465 -1.39873 -6.9867
12.47 -1.39192 -6.94841
12.475 -1.38501 -6.90967
12.48 -1.37802 -6.87051
12.485 -1.37095 -6.83092
12.49 -1.36379 -6.79089
12.495 -1.35654 -6.75045
12.5 -1.34921 -6.70958
12.505 -1.3418 -6.66829
12.51 -1.3343 -6.62659
12.515 -1.32672 -6.58446
12.52 -1.31905 -6.54193
12.525 -1.3113 -6.49898
12.53 -1.30347 -6.45563
12.535 -1.29555 -6.41187
12.54 -1.28756 -6.3677
12.545 -1.27948 -6.32313
12.55 -1.27133 -6.27817
12.555 -1.26309 -6.23281
12.56 -1.25477 -6.18705
12.565 -1.24638 -6.14091
12.57 -1.2379 -6.09437
12.575 -1.22935 -6.04745
12.58 -1.22072 -6.00015
12.585 -1.21201 -5.95247
12.59 -1.20322 -5.90441
12.595 -1.19436 -5.85597
12.6 -1.18542 -5.80716
12.605 -1.17641 -5.75799
12.61 -1.16732 -5.70845
12.615 -1.15816 -5.65854
12.62 -1.14892 -5.60828
12.625 -1.13961 -5.55765
12.63 -1.13023 -5.50668
12.635 -1.12078 -5.45535
12.64 -1.11125 -5.40367
12.645 -1.10166 -5.35165
12.65 -1.09199 -5.29928
12.655 -1.08225 -5.24658
12.66 -1.07245 -5.19354
12.665 -1.06257 -5.14017
12.67 -1.05263 -5.08647
12.675 -1.04262 -5.03244
12.68 -1.03254 -4.97809
12.685 -1.0224 -4.92342
12.69 -1.01219 -4.86843
12.695 -1.00192 -4.81313
12.7 -0.991578 -4.75752
12.705 -0.981176 -4.7016
12.71 -0.97071 -4.64538
12.715 -0.960181 -4.58887
12.72 -0.949591 -4.53205
12.725 -0.938939 -4.47494
12.73 -0.928227 -4.41755
12.735 -0.917454 -4.35986
12.74 -0.906622 -4.3019
12.745 -0.895732 -4.24365
12.75 -0.884783 -4.18514
12.755 -0.873778 -4.12635
12.76 -0.862715 -4.06729
12.765 -0.851596 -4.00797
12.77 -0.840423 -3.94839
12.775 -0.829194 -3.88855
12.78 -0.817912 -3.82846
12.785 -0.806576 -3.76812
12.79 -0.795188 -3.70753
12.795 -0.783748 -3.6467
12.8 -0.772256 -3.58564
12.805 -0.760715 -3.52434
12.81 -0.749124 -3.46281
12.815 -0.737484 -3.40105
12.82 -0.725795 -3.33907
12.825 -0.714059 -3.27688
12.83 -0.702277 -3.21447
12.835 -0.690448 -3.15184
12.84 -0.678574 -3.08902
12.845 -0.666656 -3.02598
12.85 -0.654694 -2.96275
12.855 -0.642689 -2.89933
12.86 -0.630641 -2.83572
12.865 -0.618553 -2.77192
12.87 -0.606423 -2.70793
12.875 -0.594254 -2.64377
12.88 -0.582045 -2.57943
12.885 -0.569798 -2.51493
12.89 -0.557514 -2.45026
12.895 -0.545192 -2.38542
12.9 -0.532835 -2.32043
12.905 -0.520443 -2.25529
12.91 -0.508016 -2.18999
12.915 -0.495555 -2.12456
12.92 -0.483062 -2.05898
12.925 -0.470536 -1.99326
12.93 -0.45798 -1.92741
12.935 -0.445393 -1.86144
12.94 -0.432777 -1.79534
12.945 -0.420131 -1.72912
12.95 -0.407458 -1.66279
12.955 -0.394758 -1.59634
12.96 -0.382032 -1.52979
12.965 -0.36928 -1.46314
12.97 -0.356503 -1.39639
12.975 -0.343703 -1.32955
12.98 -0.33088 -1.26262
12.985 -0.318034 -1.19561
12.99 -0.305168 -1.12851
12.995 -0.292281 -1.06134
13 -0.279375 -0.994099
13.005 -0.266449 -0.926791
13.01 -0.253507 -0.859421
13.015 -0.240547 -0.791993
13.02 -0.227571 -0.724513
13.025 -0.214579 -0.656984
13.03 -0.201574 -0.589411
13.035 -0.188554 -0.521798
13.04 -0.175522 -0.45415
13.045 -0.162479 -0.386472
13.05 -0.149424 -0.318768
13.055 -0.136359 -0.251042
13.06 -0.123286 -0.183299
13.065 -0.110203 -0.115545
13.07 -0.0971139 -0.0477818
13.075 -0.0840177 0.0199842
13.08 -0.0709159 0.0877488
13.085 -0.0578093 0.155508
13.09 -0.0446988 0.223256
13.095 -0.0315853 0.290989
13.1 -0.0184697 0.358702
13.105 -0.00535276 0.426391
13.11 0.00776451 0.494052
13.115 0.0208813 0.561678
13.12 0.0339966 0.629267
13.125 0.0471096 0.696813
13.13 0.0602194 0.764312
13.135 0.0733252 0.831759
13.14 0.0864259 0.899149
13.145 0.0995208 0.966478
13.15 0.112609 1.03374
13.155 0.125689 1.10093
13.16 0.138761 1.16805
13.165 0.151824 1.23509
13.17 0.164876 1.30205
13.175 0.177917 1.36891
13.18 0.190945 1.43568
13.185 0.203961 1.50236
13.19 0.216963 1.56893
13.195 0.229949 1.63539
13.2 0.242921 1.70174
13.205 0.255875 1.76798
13.21 0.268812 1.83409
13.215 0.281731 1.90008
13.22 0.29463 1.96594
13.225 0.307509 2.03166
13.23 0.320367 2.09725
13.235 0.333203 2.16269
13.24 0.346016 2.22798
13.245 0.358805 2.29312
13.25 0.37157 2.3581
13.255 0.384309 2.42292
13.26 0.397021 2.48757
13.265 0.409706 2.55205
13.27 0.422363 2.61635
13.275 0.434991 2.68048
13.28 0.447589 2.74441
13.285 0.460155 2.80816
13.29 0.47269 2.87172
13.295 0.485193 2.93508
13.3 0.497662 2.99823
13.305 0.510096 3.06117
13.31 0.522495 3.12391
13.315 0.534858 3.18643
13.32 0.547184 3.24872
13.325 0.559471 3.31079
13.33 0.57172 3.37263
13.335 0.58393 3.43424
13.34 0.596098 3.49561
13.345 0.608226 3.55674
13.35 0.620311 3.61762
13.355 0.632353 3.67824
13.36 0.64435 3.73861
13.365 0.656303 3.79872
13.37 0.66821 3.85857
13.375 0.680071 3.91814
13.38 0.691884 3.97745
13.385 0.703649 4.03647
13.39 0.715365 4.09522
13.395 0.727031 4.15367
13.4 0.738645 4.21184
13.405 0.750209 4.26971
13.41 0.761719 4.32729
13.415 0.773177 4.38456
13.42 0.78458 4.44152
13.425 0.795928 4.49817
13.43 0.807221 4.55451
13.435 0.818457 4.61053
13.44 0.829635 4.66622
13.445 0.840755 4.72159
13.45 0.851816 4.77662
13.455 0.862817 4.83132
13.46 0.873758 4.88568
13.465 0.884636 4.93969
13.47 0.895453 4.99336
13.475 0.906207 5.04667
13.48 0.916896 5.09963
13.485 0.927521 5.15223
13.49 0.938081 5.20447
13.495 0.948574 5.25633
13.5 0.959 5.30783
13.505 0.969359 5.35895
13.51 0.979649 5.4097
13.515 0.98987 5.46006
13.52 1 5.50993
