0 0 0
0.08 2.96917e-81 -7.72236e-86
0.16 9.85828e-76 -3.50172e-80
0.24 2.37056e-71 -1.42985e-75
0.32 1.01931e-67 -1.0648e-71
0.4 1.41679e-64 -2.45942e-68
0.48 8.09819e-62 -2.19481e-65
0.56 2.31996e-59 -9.29539e-63
0.64 3.77831e-57 -1.4681e-60
0.6 4.34933e-58 -2.22361e-61
0.64 6.85771e-57 -3.96134e-60
0.62 1.82877e-57 -1.04296e-60
0.61 8.98998e-58 -4.89192e-61
0.62 1.83728e-57 -1.06119e-60
0.63 3.71256e-57 -2.27045e-60
0.64 7.41944e-57 -4.79349e-60
0.65 1.46693e-56 -9.99167e-60
0.66 2.8703e-56 -2.05723e-59
0.67 5.55981e-56 -4.1859e-59
0.68 1.06644e-55 -8.42054e-59
0.69 2.0262e-55 -1.67537e-58
0.7 3.81431e-55 -3.29812e-58
0.71 7.11621e-55 -6.42629e-58
0.72 1.31611e-54 -1.23976e-57
0.73 2.4135e-54 -2.36883e-57
0.74 4.38952e-54 -4.48418e-57
0.75 7.91949e-54 -8.41212e-57
0.76 1.41768e-53 -1.5643e-56
0.77 2.51856e-53 -2.88427e-56
0.78 4.44122e-53 -5.27424e-56
0.79 7.77517e-53 -9.56741e-56
0.8 1.35162e-52 -1.72201e-55
0.81 2.33352e-52 -3.07592e-55
0.82 4.00181e-52 -5.45383e-55
0.83 6.81799e-52 -9.60063e-55
0.84 1.1542e-51 -1.67823e-54
0.85 1.94177e-51 -2.91361e-54
0.86 3.24688e-51 -5.02478e-54
0.87 5.39698e-51 -8.60954e-54
0.88 8.91884e-51 -1.46585e-53
0.89 1.46554e-50 -2.48032e-53
0.9 2.39481e-50 -4.17161e-53
0.91 3.8921e-50 -6.97489e-53
0.92 6.29199e-50 -1.15949e-52
0.93 1.01189e-49 -1.91668e-52
0.94 1.61907e-49 -3.15095e-52
0.95 2.57771e-49 -5.15223e-52
0.96 4.08397e-49 -8.38035e-52
0.97 6.43956e-49 -1.3561e-51
0.98 1.01064e-48 -2.1834e-51
0.99 1.57887e-48 -3.4981e-51
1 2.45552e-48 -5.57741e-51
1.01 3.80214e-48 -8.85075e-51
1.02 5.86189e-48 -1.39803e-50
1.03 8.99928e-48 -2.19826e-50
1.04 1.37586e-47 -3.44121e-50
1.05 2.09495e-47 -5.36353e-50
1.06 3.17714e-47 -8.32405e-50
1.07 4.79951e-47 -1.28647e-49
1.08 7.22247e-47 -1.98005e-49
1.09 1.08277e-46 -3.03532e-49
1.1 1.61723e-46 -4.63463e-49
1.11 2.40674e-46 -7.0492e-49
1.12 3.56889e-46 -1.06809e-48
1.13 5.27366e-46 -1.61234e-48
1.14 7.7659e-46 -2.42497e-48
1.15 1.13972e-45 -3.63406e-48
1.16 1.66709e-45 -5.42673e-48
1.17 2.43051e-45 -8.07559e-48
1.18 3.53214e-45 -1.19764e-47
1.19 5.11685e-45 -1.77018e-47
1.2 7.38953e-45 -2.60782e-47
1.21 1.0639e-44 -3.82936e-47
1.22 1.52714e-44 -5.60519e-47
1.23 2.1856e-44 -8.17884e-47
1.24 3.11887e-44 -1.18974e-46
1.25 4.43791e-44 -1.72543e-46
1.26 6.29702e-44 -2.49485e-46
1.27 8.91017e-44 -3.5968e-46
1.28 1.25733e-43 -5.17052e-46
1.29 1.76948e-43 -7.41168e-46
1.3 2.48365e-43 -1.05946e-45
1.31 3.47698e-43 -1.51027e-45
1.32 4.85511e-43 -2.14708e-45
1.33 6.76234e-43 -3.04426e-45
1.34 9.39535e-43 -4.305e-45
1.35 1.30215e-42 -6.07212e-45
1.36 1.80037e-42 -8.54279e-45
1.37 2.48328e-42 -1.19886e-44
1.38 3.41718e-42 -1.67827e-44
1.39 4.69144e-42 -2.34367e-44
1.4 6.42619e-42 -3.26503e-44
1.41 8.78261e-42 -4.53785e-44
1.42 1.19765e-41 -6.29215e-44
1.43 1.62963e-41 -8.7046e-44
1.44 2.21263e-41 -1.20147e-43
1.45 2.99782e-41 -1.65465e-43
1.46 4.05315e-41 -2.27376e-43
1.47 5.46866e-41 -3.11771e-43
1.48 7.36347e-41 -4.26577e-43
1.49 9.89487e-41 -5.82424e-43
1.5 1.32701e-40 -7.93554e-43
1.51 1.77619e-40 -1.079e-42
1.52 2.37281e-40 -1.46413e-42
1.53 3.16379e-40 -1.98277e-42
1.54 4.2105e-40 -2.67982e-42
1.55 5.5931e-40 -3.61486e-42
1.56 7.41608e-40 -4.86678e-42
1.57 9.81543e-40 -6.53984e-42
1.58 1.29678e-39 -8.77157e-42
1.59 1.71024e-39 -1.17431e-41
1.6 2.25159e-39 -1.56927e-41
1.61 2.9592e-39 -2.09327e-41
1.62 3.88257e-39 -2.78728e-41
1.63 5.08551e-39 -3.70485e-41
1.64 6.65011e-39 -4.91595e-41
1.65 8.68183e-39 -6.51175e-41
1.66 1.13159e-38 -8.61096e-41
1.67 1.47256e-38 -1.13679e-40
1.68 1.91324e-38 -1.49826e-40
1.69 2.48192e-38 -1.97145e-40
1.7 3.21465e-38 -2.5899e-40
1.71 4.15736e-38 -3.39693e-40
1.72 5.36842e-38 -4.44842e-40
1.73 6.92194e-38 -5.81632e-40
1.74 8.91187e-38 -7.59315e-40
1.75 1.14572e-37 -9.8977e-40
1.76 1.47082e-37 -1.28823e-39
1.77 1.88549e-37 -1.6742e-39
1.78 2.41366e-37 -2.17261e-39
1.79 3.08549e-37 -2.8153e-39
1.8 3.9389e-37 -3.64286e-39
1.81 5.0215e-37 -4.707e-39
1.82 6.39304e-37 -6.07345e-39
1.83 8.12835e-37 -7.8257e-39
1.84 1.03211e-36 -1.00696e-38
1.85 1.30883e-36 -1.29394e-38
1.86 1.6576e-36 -1.66047e-38
1.87 2.09664e-36 -2.12799e-38
1.88 2.64862e-36 -2.72356e-38
1.89 3.34175e-36 -3.48129e-38
1.9 4.21106e-36 -4.44409e-38
1.91 5.30002e-36 -5.66594e-38
1.92 6.66252e-36 -7.21464e-38
1.93 8.36528e-36 -9.17519e-38
1.94 1.04908e-35 -1.16541e-37
1.95 1.31409e-35 -1.47847e-37
1.96 1.64414e-35 -1.87336e-37
1.97 2.05473e-35 -2.37089e-37
1.98 2.56494e-35 -2.997e-37
1.99 3.19823e-35 -3.78401e-37
2 3.98345e-35 -4.77215e-37
2.01 4.95597e-35 -6.01141e-37
2.02 6.15921e-35 -7.56389e-37
2.03 7.6463e-35 -9.5066e-37
2.04 9.48228e-35 -1.1935e-36
2.05 1.17466e-34 -1.49671e-36
2.06 1.45365e-34 -1.8749e-36
2.07 1.79702e-34 -2.34612e-36
2.08 2.21921e-34 -2.93262e-36
2.09 2.7378e-34 -3.66184e-36
2.1 3.37417e-34 -4.5676e-36
2.11 4.1543e-34 -5.69145e-36
2.12 5.10973e-34 -7.08452e-36
2.13 6.27873e-34 -8.80956e-36
2.14 7.70768e-34 -1.09435e-35
2.15 9.45273e-34 -1.35808e-35
2.16 1.15818e-33 -1.68369e-35
2.17 1.4177e-33 -2.08532e-35
2.18 1.73375e-33 -2.58022e-35
2.19 2.11828e-33 -3.1895e-35
2.2 2.58573e-33 -3.93888e-35
2.21 3.15345e-33 -4.85971e-35
2.22 3.84235e-33 -5.99017e-35
2.23 4.67756e-33 -7.37671e-35
2.24 5.68927e-33 -9.07582e-35
2.25 6.91372e-33 -1.11561e-34
2.26 8.39438e-33 -1.37007e-34
2.27 1.01834e-32 -1.68105e-34
2.28 1.2343e-32 -2.06079e-34
2.29 1.4948e-32 -2.52408e-34
2.3 1.80875e-32 -3.08881e-34
2.31 2.18682e-32 -3.7766e-34
2.32 2.64173e-32 -4.61357e-34
2.33 3.18866e-32 -5.63122e-34
2.34 3.8457e-32 -6.86751e-34
2.35 4.63439e-32 -8.36819e-34
2.36 5.58037e-32 -1.01883e-33
2.37 6.71412e-32 -1.23941e-33
2.38 8.07188e-32 -1.5065e-33
2.39 9.69666e-32 -1.82967e-33
2.4 1.16395e-31 -2.22037e-33
2.41 1.39609e-31 -2.69234e-33
2.42 1.67326e-31 -3.26205e-33
2.43 2.00395e-31 -3.94921e-33
2.44 2.3982e-31 -4.77739e-33
2.45 2.86789e-31 -5.77478e-33
2.46 3.42705e-31 -6.97502e-33
2.47 4.09225e-31 -8.41832e-33
2.48 4.88304e-31 -1.01526e-32
2.49 5.82246e-31 -1.22349e-32
2.5 6.93768e-31 -1.47334e-32
2.51 8.26068e-31 -1.7729e-32
2.52 9.82908e-31 -2.13181e-32
2.53 1.16872e-30 -2.5615e-32
2.54 1.38869e-30 -3.07559e-32
2.55 1.64894e-30 -3.69021e-32
2.56 1.95664e-30 -4.4245e-32
2.57 2.3202e-30 -5.30115e-32
2.58 2.74947e-30 -6.34706e-32
2.59 3.256e-30 -7.59404e-32
2.6 3.85332e-30 -9.07973e-32
2.61 4.55724e-30 -1.08487e-31
2.62 5.38627e-30 -1.29534e-31
2.63 6.36203e-30 -1.5456e-31
2.64 7.50977e-30 -1.84297e-31
2.65 8.85895e-30 -2.1961e-31
2.66 1.0444e-29 -2.61515e-31
2.67 1.23049e-29 -3.11213e-31
2.68 1.44885e-29 -3.70114e-31
2.69 1.70491e-29 -4.39877e-31
2.7 2.005e-29 -5.22454e-31
2.71 2.35648e-29 -6.20136e-31
2.72 2.76792e-29 -7.35616e-31
2.73 3.24926e-29 -8.72049e-31
2.74 3.81205e-29 -1.03314e-30
2.75 4.46969e-29 -1.22323e-30
2.76 5.23774e-29 -1.4474e-30
2.77 6.1342e-29 -1.7116e-30
2.78 7.17998e-29 -2.02279e-30
2.79 8.39925e-29 -2.38912e-30
2.8 9.82e-29 -2.82009e-30
2.81 1.14746e-28 -3.32681e-30
2.82 1.34006e-28 -3.92226e-30
2.83 1.56411e-28 -4.62155e-30
2.84 1.82462e-28 -5.44233e-30
2.85 2.12735e-28 -6.40514e-30
2.86 2.47896e-28 -7.53393e-30
2.87 2.88714e-28 -8.85655e-30
2.88 3.36072e-28 -1.04054e-29
2.89 3.9099e-28 -1.22182e-29
2.9 4.54642e-28 -1.43387e-29
2.91 5.2838e-28 -1.68178e-29
2.92 6.13757e-28 -1.97146e-29
2.93 7.12562e-28 -2.30974e-29
2.94 8.26846e-28 -2.70459e-29
2.95 9.58971e-28 -3.16519e-29
2.96 1.11164e-27 -3.70223e-29
2.97 1.28798e-27 -4.32804e-29
2.98 1.49153e-27 -5.05692e-29
2.99 1.7264e-27 -5.90538e-29
3 1.99726e-27 -6.89254e-29
3.01 2.30949e-27 -8.04046e-29
3.02 2.66923e-27 -9.37463e-29
3.03 3.08351e-27 -1.09245e-28
3.04 3.56038e-27 -1.27239e-28
3.05 4.10903e-27 -1.48121e-28
3.06 4.73997e-27 -1.72342e-28
3.07 5.46522e-27 -2.00421e-28
3.08 6.29848e-27 -2.32956e-28
3.09 7.25541e-27 -2.70636e-28
3.1 8.35385e-27 -3.14252e-28
3.11 9.61418e-27 -3.64716e-28
3.12 1.10596e-26 -4.23073e-28
3.13 1.27165e-26 -4.90525e-28
3.14 1.46151e-26 -5.68452e-28
3.15 1.67896e-26 -6.58437e-28
3.16 1.92791e-26 -7.62295e-28
3.17 2.21278e-26 -8.82109e-28
3.18 2.53864e-26 -1.02026e-27
3.19 2.9112e-26 -1.17949e-27
3.2 3.33699e-26 -1.36292e-27
3.21 3.8234e-26 -1.57413e-27
3.22 4.37884e-26 -1.81721e-27
3.23 5.01281e-26 -2.09685e-27
3.24 5.73615e-26 -2.41839e-27
3.25 6.56108e-26 -2.78795e-27
3.26 7.50151e-26 -3.2125e-27
3.27 8.57316e-26 -3.7e-27
3.28 9.79384e-26 -4.25953e-27
3.29 1.11837e-25 -4.90145e-27
3.3 1.27656e-25 -5.63756e-27
3.31 1.45653e-25 -6.4813e-27
3.32 1.6612e-25 -7.44799e-27
3.33 1.89387e-25 -8.55506e-27
3.34 2.15826e-25 -9.82232e-27
3.35 2.45858e-25 -1.12723e-26
3.36 2.79958e-25 -1.29307e-26
3.37 3.18663e-25 -1.48267e-26
3.38 3.62576e-25 -1.69932e-26
3.39 4.12381e-25 -1.94678e-26
3.4 4.68846e-25 -2.22933e-26
3.41 5.32837e-25 -2.55179e-26
3.42 6.05331e-25 -2.91965e-26
3.43 6.87426e-25 -3.33913e-26
3.44 7.8036e-25 -3.81726e-26
3.45 8.85524e-25 -4.36203e-26
3.46 1.00449e-24 -4.98246e-26
3.47 1.139e-24 -5.68877e-26
3.48 1.29106e-24 -6.49253e-26
3.49 1.46287e-24 -7.40679e-26
3.5 1.65695e-24 -8.44634e-26
3.51 1.87609e-24 -9.62786e-26
3.52 2.12344e-24 -1.09702e-25
3.53 2.40254e-24 -1.24947e-25
3.54 2.71735e-24 -1.42252e-25
3.55 3.07231e-24 -1.6189e-25
3.56 3.47241e-24 -1.84166e-25
3.57 3.92324e-24 -2.09424e-25
3.58 4.43104e-24 -2.38052e-25
3.59 5.00282e-24 -2.70487e-25
3.6 5.64643e-24 -3.07221e-25
3.61 6.37063e-24 -3.48809e-25
3.62 7.18526e-24 -3.95873e-25
3.63 8.10129e-24 -4.49114e-25
3.64 9.13099e-24 -5.0932e-25
3.65 1.02881e-23 -5.77377e-25
3.66 1.15879e-23 -6.5428e-25
3.67 1.30476e-23 -7.41145e-25
3.68 1.46863e-23 -8.39227e-25
3.69 1.65254e-23 -9.49933e-25
3.7 1.85885e-23 -1.07484e-24
3.71 2.09025e-23 -1.21573e-24
3.72 2.34968e-23 -1.37457e-24
3.73 2.64045e-23 -1.55359e-24
3.74 2.96624e-23 -1.75529e-24
3.75 3.33117e-23 -1.98245e-24
3.76 3.73979e-23 -2.2382e-24
3.77 4.19721e-23 -2.52603e-24
3.78 4.70908e-23 -2.84985e-24
3.79 5.28171e-23 -3.21403e-24
3.8 5.92212e-23 -3.62347e-24
3.81 6.63811e-23 -4.08362e-24
3.82 7.43835e-23 -4.60058e-24
3.83 8.3325e-23 -5.18116e-24
3.84 9.33125e-23 -5.83298e-24
3.85 1.04465e-22 -6.56452e-24
3.86 1.16916e-22 -7.38526e-24
3.87 1.3081e-22 -8.30574e-24
3.88 1.46312e-22 -9.33775e-24
3.89 1.63601e-22 -1.04944e-23
3.9 1.82879e-22 -1.17903e-23
3.91 2.04368e-22 -1.32418e-23
3.92 2.28314e-22 -1.4867e-23
3.93 2.54992e-22 -1.66861e-23
3.94 2.84703e-22 -1.87215e-23
3.95 3.17783e-22 -2.09982e-23
3.96 3.54604e-22 -2.3544e-23
3.97 3.95578e-22 -2.63898e-23
3.98 4.41159e-22 -2.95698e-23
3.99 4.91852e-22 -3.31224e-23
4 5.48214e-22 -3.70897e-23
4.01 6.10861e-22 -4.15188e-23
4.02 6.80475e-22 -4.64619e-23
4.03 7.57811e-22 -5.19769e-23
4.04 8.43699e-22 -5.8128e-23
4.05 9.39061e-22 -6.49866e-23
4.06 1.04491e-21 -7.26315e-23
4.07 1.16238e-21 -8.11502e-23
4.08 1.29269e-21 -9.06399e-23
4.09 1.43722e-21 -1.01208e-22
4.1 1.59748e-21 -1.12973e-22
4.11 1.77512e-21 -1.26067e-22
4.12 1.97199e-21 -1.40636e-22
4.13 2.19011e-21 -1.5684e-22
4.14 2.4317e-21 -1.74858e-22
4.15 2.69923e-21 -1.94888e-22
4.16 2.9954e-21 -2.17147e-22
4.17 3.3232e-21 -2.41875e-22
4.18 3.6859e-21 -2.6934e-22
4.19 4.08712e-21 -2.99834e-22
4.2 4.53083e-21 -3.33682e-22
4.21 5.02143e-21 -3.71242e-22
4.22 5.56371e-21 -4.1291e-22
4.23 6.16299e-21 -4.59121e-22
4.24 6.82507e-21 -5.10356e-22
4.25 7.55636e-21 -5.67144e-22
4.26 8.3639e-21 -6.30072e-22
4.27 9.25541e-21 -6.99781e-22
4.28 1.02394e-20 -7.76982e-22
4.29 1.13251e-20 -8.62457e-22
4.3 1.25229e-20 -9.57065e-22
4.31 1.3844e-20 -1.06175e-21
4.32 1.53007e-20 -1.17757e-21
4.33 1.69064e-20 -1.30565e-21
4.34 1.86762e-20 -1.44726e-21
4.35 2.06262e-20 -1.60379e-21
4.36 2.27744e-20 -1.77677e-21
4.37 2.51402e-20 -1.96787e-21
4.38 2.77451e-20 -2.17893e-21
4.39 3.06127e-20 -2.41197e-21
4.4 3.37686e-20 -2.66922e-21
4.41 3.72411e-20 -2.95313e-21
4.42 4.1061e-20 -3.26636e-21
4.43 4.52621e-20 -3.61186e-21
4.44 4.98814e-20 -3.99285e-21
4.45 5.49594e-20 -4.41287e-21
4.46 6.05404e-20 -4.8758e-21
4.47 6.66728e-20 -5.38589e-21
4.48 7.34096e-20 -5.94781e-21
4.49 8.08086e-20 -6.56667e-21
4.5 8.89332e-20 -7.24806e-21
4.51 9.78525e-20 -7.99812e-21
4.52 1.07642e-19 -8.82356e-21
4.53 1.18385e-19 -9.73172e-21
4.54 1.3017e-19 -1.07307e-20
4.55 1.43097e-19 -1.18292e-20
4.56 1.57273e-19 -1.30369e-20
4.57 1.72816e-19 -1.43644e-20
4.58 1.89852e-19 -1.58231e-20
4.59 2.08523e-19 -1.74257e-20
4.6 2.2898e-19 -1.91859e-20
4.61 2.51389e-19 -2.11187e-20
4.62 2.75933e-19 -2.32407e-20
4.63 3.02807e-19 -2.55697e-20
4.64 3.32228e-19 -2.81253e-20
4.65 3.64429e-19 -3.0929e-20
4.66 3.99667e-19 -3.4004e-20
4.67 4.3822e-19 -3.73759e-20
4.68 4.80391e-19 -4.10726e-20
4.69 5.2651e-19 -4.51242e-20
4.7 5.76937e-19 -4.95639e-20
4.71 6.32061e-19 -5.44278e-20
4.72 6.9231e-19 -5.97552e-20
4.73 7.58146e-19 -6.5589e-20
4.74 8.30072e-19 -7.19757e-20
4.75 9.08636e-19 -7.89663e-20
4.76 9.94434e-19 -8.66162e-20
4.77 1.08811e-18 -9.49857e-20
4.78 1.19038e-18 -1.0414e-19
4.79 1.30199e-18 -1.14152e-19
4.8 1.42379e-18 -1.25098e-19
4.81 1.55667e-18 -1.37063e-19
4.82 1.70161e-18 -1.5014e-19
4.83 1.85968e-18 -1.64427e-19
4.84 2.03204e-18 -1.80035e-19
4.85 2.21993e-18 -1.97082e-19
4.86 2.42473e-18 -2.15695e-19
4.87 2.64791e-18 -2.36016e-19
4.88 2.89107e-18 -2.58195e-19
4.89 3.15595e-18 -2.82399e-19
4.9 3.44443e-18 -3.08805e-19
4.91 3.75857e-18 -3.37608e-19
4.92 4.10058e-18 -3.69021e-19
4.93 4.47287e-18 -4.03271e-19
4.94 4.87803e-18 -4.40607e-19
4.95 5.31889e-18 -4.813e-19
4.96 5.79851e-18 -5.25642e-19
4.97 6.3202e-18 -5.73951e-19
4.98 6.88754e-18 -6.2657e-19
4.99 7.50443e-18 -6.83873e-19
5 8.17506e-18 -7.46265e-19
5.01 8.90399e-18 -8.14183e-19
5.02 9.69614e-18 -8.88103e-19
5.03 1.05568e-17 -9.68539e-19
5.04 1.14919e-17 -1.05605e-18
5.05 1.25074e-17 -1.15124e-18
5.06 1.36103e-17 -1.25475e-18
5.07 1.48078e-17 -1.36731e-18
5.08 1.61077e-17 -1.48966e-18
5.09 1.75187e-17 -1.62265e-18
5.1 1.90499e-17 -1.76717e-18
5.11 2.07112e-17 -1.92418e-18
5.12 2.25135e-17 -2.09474e-18
5.13 2.44684e-17 -2.27997e-18
5.14 2.65883e-17 -2.48111e-18
5.15 2.88869e-17 -2.69948e-18
5.16 3.13787e-17 -2.93651e-18
5.17 3.40797e-17 -3.19375e-18
5.18 3.70068e-17 -3.47287e-18
5.19 4.01784e-17 -3.77567e-18
5.2 4.36144e-17 -4.10411e-18
5.21 4.73362e-17 -4.46028e-18
5.22 5.13669e-17 -4.84647e-18
5.23 5.57314e-17 -5.26512e-18
5.24 6.04566e-17 -5.71889e-18
5.25 6.55715e-17 -6.21063e-18
5.26 7.11073e-17 -6.74342e-18
5.27 7.70977e-17 -7.32059e-18
5.28 8.35789e-17 -7.94573e-18
5.29 9.059e-17 -8.62269e-18
5.3 9.81731e-17 -9.35566e-18
5.31 1.06374e-16 -1.01491e-17
5.32 1.1524e-16 -1.10079e-17
5.33 1.24826e-16 -1.19373e-17
5.34 1.35187e-16 -1.29428e-17
5.35 1.46384e-16 -1.40306e-17
5.36 1.58484e-16 -1.52072e-17
5.37 1.71556e-16 -1.64795e-17
5.38 1.85677e-16 -1.78553e-17
5.39 2.00928e-16 -1.93425e-17
5.4 2.17398e-16 -2.095e-17
5.41 2.3518e-16 -2.26872e-17
5.42 2.54377e-16 -2.45643e-17
5.43 2.75098e-16 -2.65922e-17
5.44 2.97461e-16 -2.87827e-17
5.45 3.21591e-16 -3.11483e-17
5.46 3.47625e-16 -3.37027e-17
5.47 3.75709e-16 -3.64606e-17
5.48 4.06e-16 -3.94375e-17
5.49 4.38665e-16 -4.26505e-17
5.5 4.73886e-16 -4.61176e-17
5.51 5.11857e-16 -4.98584e-17
5.52 5.52788e-16 -5.38939e-17
5.53 5.96901e-16 -5.82464e-17
5.54 6.44437e-16 -6.29404e-17
5.55 6.95655e-16 -6.80016e-17
5.56 7.50832e-16 -7.34579e-17
5.57 8.10265e-16 -7.93394e-17
5.58 8.74272e-16 -8.56782e-17
5.59 9.43196e-16 -9.25087e-17
5.6 1.0174e-15 -9.98679e-17
5.61 1.09729e-15 -1.07796e-16
5.62 1.18328e-15 -1.16334e-16
5.63 1.27581e-15 -1.2553e-16
5.64 1.37539e-15 -1.35431e-16
5.65 1.48252e-15 -1.46091e-16
5.66 1.59777e-15 -1.57565e-16
5.67 1.72173e-15 -1.69915e-16
5.68 1.85504e-15 -1.83204e-16
5.69 1.99838e-15 -1.97503e-16
5.7 2.1525e-15 -2.12885e-16
5.71 2.31818e-15 -2.29431e-16
5.72 2.49625e-15 -2.47225e-16
5.73 2.68763e-15 -2.6636e-16
5.74 2.89327e-15 -2.86932e-16
5.75 3.11421e-15 -3.09047e-16
5.76 3.35156e-15 -3.32818e-16
5.77 3.60649e-15 -3.58364e-16
5.78 3.88028e-15 -3.85814e-16
5.79 4.17428e-15 -4.15305e-16
5.8 4.48994e-15 -4.46986e-16
5.81 4.82881e-15 -4.81014e-16
5.82 5.19254e-15 -5.17556e-16
5.83 5.58291e-15 -5.56795e-16
5.84 6.00182e-15 -5.98923e-16
5.85 6.45129e-15 -6.44145e-16
5.86 6.93348e-15 -6.92683e-16
5.87 7.45072e-15 -7.44773e-16
5.88 8.00547e-15 -8.00667e-16
5.89 8.60037e-15 -8.60634e-16
5.9 9.23826e-15 -9.24963e-16
5.91 9.92215e-15 -9.9396e-16
5.92 1.06553e-14 -1.06796e-15
5.93 1.1441e-14 -1.1473e-15
5.94 1.22831e-14 -1.23237e-15
5.95 1.31855e-14 -1.32356e-15
5.96 1.41523e-14 -1.42131e-15
5.97 1.5188e-14 -1.52607e-15
5.98 1.62974e-14 -1.63832e-15
5.99 1.74856e-14 -1.7586e-15
6 1.8758e-14 -1.88744e-15
6.01 2.01204e-14 -2.02546e-15
6.02 2.1579e-14 -2.17327e-15
6.03 2.31404e-14 -2.33156e-15
6.04 2.48117e-14 -2.50105e-15
6.05 2.66002e-14 -2.6825e-15
6.06 2.85141e-14 -2.87673e-15
6.07 3.05619e-14 -3.08462e-15
6.08 3.27526e-14 -3.30709e-15
6.09 3.5096e-14 -3.54515e-15
6.1 3.76023e-14 -3.79985e-15
6.11 4.02826e-14 -4.07232e-15
6.12 4.31487e-14 -4.36376e-15
6.13 4.62129e-14 -4.67546e-15
6.14 4.94887e-14 -5.00877e-15
6.15 5.29901e-14 -5.36516e-15
6.16 5.67324e-14 -5.74618e-15
6.17 6.07315e-14 -6.15347e-15
6.18 6.50047e-14 -6.58879e-15
6.19 6.95701e-14 -7.05402e-15
6.2 7.44471e-14 -7.55115e-15
6.21 7.96565e-14 -8.0823e-15
6.22 8.52201e-14 -8.64973e-15
6.23 9.11615e-14 -9.25584e-15
6.24 9.75054e-14 -9.90319e-15
6.25 1.04278e-13 -1.05945e-14
6.26 1.11509e-13 -1.13327e-14
6.27 1.19226e-13 -1.21208e-14
6.28 1.27463e-13 -1.29622e-14
6.29 1.36252e-13 -1.38602e-14
6.3 1.45631e-13 -1.48187e-14
6.31 1.55637e-13 -1.58416e-14
6.32 1.66311e-13 -1.6933e-14
6.33 1.77697e-13 -1.80974e-14
6.34 1.8984e-13 -1.93395e-14
6.35 2.02789e-13 -2.06645e-14
6.36 2.16597e-13 -2.20776e-14
6.37 2.31319e-13 -2.35845e-14
6.38 2.47013e-13 -2.51913e-14
6.39 2.63742e-13 -2.69045e-14
6.4 2.81571e-13 -2.87307e-14
6.41 3.00572e-13 -3.06773e-14
6.42 3.20819e-13 -3.2752e-14
6.43 3.42391e-13 -3.49629e-14
6.44 3.65373e-13 -3.73187e-14
6.45 3.89854e-13 -3.98286e-14
6.46 4.15928e-13 -4.25025e-14
6.47 4.43697e-13 -4.53507e-14
6.48 4.73268e-13 -4.83842e-14
6.49 5.04753e-13 -5.16147e-14
6.5 5.38274e-13 -5.50547e-14
6.51 5.73957e-13 -5.87172e-14
6.52 6.11939e-13 -6.26164e-14
6.53 6.52364e-13 -6.6767e-14
6.54 6.95382e-13 -7.11847e-14
6.55 7.41157e-13 -7.58862e-14
6.56 7.8986e-13 -8.08892e-14
6.57 8.41672e-13 -8.62124e-14
6.58 8.96786e-13 -9.18758e-14
6.59 9.55406e-13 -9.79005e-14
6.6 1.01775e-12 -1.04309e-13
6.61 1.08404e-12 -1.11124e-13
6.62 1.15453e-12 -1.18372e-13
6.63 1.22948e-12 -1.26079e-13
6.64 1.30915e-12 -1.34273e-13
6.65 1.39383e-12 -1.42984e-13
6.66 1.48384e-12 -1.52244e-13
6.67 1.57949e-12 -1.62085e-13
6.68 1.68113e-12 -1.72545e-13
6.69 1.78913e-12 -1.8366e-13
6.7 1.90387e-12 -1.9547e-13
6.71 2.02575e-12 -2.08018e-13
6.72 2.15522e-12 -2.21347e-13
6.73 2.29272e-12 -2.35506e-13
6.74 2.43874e-12 -2.50544e-13
6.75 2.59379e-12 -2.66514e-13
6.76 2.75843e-12 -2.83472e-13
6.77 2.93321e-12 -3.01478e-13
6.78 3.11874e-12 -3.20594e-13
6.79 3.31568e-12 -3.40888e-13
6.8 3.5247e-12 -3.62428e-13
6.81 3.74651e-12 -3.85289e-13
6.82 3.98189e-12 -4.09551e-13
6.83 4.23162e-12 -4.35295e-13
6.84 4.49657e-12 -4.62611e-13
6.85 4.77762e-12 -4.9159e-13
6.86 5.07574e-12 -5.22332e-13
6.87 5.39193e-12 -5.54941e-13
6.88 5.72725e-12 -5.89525e-13
6.89 6.08281e-12 -6.26201e-13
6.9 6.45982e-12 -6.65093e-13
6.91 6.85952e-12 -7.06329e-13
6.92 7.28323e-12 -7.50047e-13
6.93 7.73236e-12 -7.96392e-13
6.94 8.20839e-12 -8.45516e-13
6.95 8.71288e-12 -8.97582e-13
6.96 9.24747e-12 -9.5276e-13
6.97 9.81392e-12 -1.01123e-12
6.98 1.04141e-11 -1.07318e-12
6.99 1.10498e-11 -1.13882e-12
7 1.17233e-11 -1.20836e-12
7.01 1.24366e-11 -1.28201e-12
7.02 1.31921e-11 -1.36002e-12
7.03 1.39921e-11 -1.44264e-12
7.04 1.48393e-11 -1.53014e-12
7.05 1.57362e-11 -1.62278e-12
7.06 1.66858e-11 -1.72086e-12
7.07 1.7691e-11 -1.82471e-12
7.08 1.8755e-11 -1.93463e-12
7.09 1.98812e-11 -2.05098e-12
7.1 2.10729e-11 -2.17412e-12
7.11 2.23341e-11 -2.30443e-12
7.12 2.36685e-11 -2.44233e-12
7.13 2.50804e-11 -2.58824e-12
7.14 2.6574e-11 -2.7426e-12
7.15 2.81539e-11 -2.9059e-12
7.16 2.98251e-11 -3.07863e-12
7.17 3.15925e-11 -3.26133e-12
7.18 3.34616e-11 -3.45456e-12
7.19 3.54381e-11 -3.65889e-12
7.2 3.75279e-11 -3.87495e-12
7.21 3.97373e-11 -4.10339e-12
7.22 4.2073e-11 -4.3449e-12
7.23 4.4542e-11 -4.6002e-12
7.24 4.71516e-11 -4.87006e-12
7.25 4.99096e-11 -5.15529e-12
7.26 5.28241e-11 -5.45672e-12
7.27 5.59039e-11 -5.77526e-12
7.28 5.9158e-11 -6.11184e-12
7.29 6.2596e-11 -6.46745e-12
7.3 6.62278e-11 -6.84314e-12
7.31 7.00642e-11 -7.24e-12
7.32 7.41163e-11 -7.6592e-12
7.33 7.83958e-11 -8.10195e-12
7.34 8.29151e-11 -8.56953e-12
7.35 8.76873e-11 -9.0633e-12
7.36 9.2726e-11 -9.58467e-12
7.37 9.80457e-11 -1.01351e-11
7.38 1.03662e-10 -1.07163e-11
7.39 1.0959e-10 -1.13297e-11
7.4 1.15847e-10 -1.19773e-11
7.41 1.22451e-10 -1.26607e-11
7.42 1.2942e-10 -1.3382e-11
7.43 1.36774e-10 -1.41432e-11
7.44 1.44533e-10 -1.49463e-11
7.45 1.5272e-10 -1.57937e-11
7.46 1.61356e-10 -1.66877e-11
7.47 1.70467e-10 -1.76308e-11
7.48 1.80076e-10 -1.86256e-11
7.49 1.90212e-10 -1.96749e-11
7.5 2.009e-10 -2.07815e-11
7.51 2.12172e-10 -2.19485e-11
7.52 2.24057e-10 -2.3179e-11
7.53 2.36588e-10 -2.44765e-11
7.54 2.49799e-10 -2.58444e-11
7.55 2.63726e-10 -2.72865e-11
7.56 2.78406e-10 -2.88066e-11
7.57 2.93878e-10 -3.04089e-11
7.58 3.10185e-10 -3.20976e-11
7.59 3.2737e-10 -3.38773e-11
7.6 3.45479e-10 -3.57526e-11
7.61 3.64559e-10 -3.77287e-11
7.62 3.84662e-10 -3.98107e-11
7.63 4.05839e-10 -4.20041e-11
7.64 4.28148e-10 -4.43148e-11
7.65 4.51647e-10 -4.67487e-11
7.66 4.76396e-10 -4.93123e-11
7.67 5.02461e-10 -5.20122e-11
7.68 5.29909e-10 -5.48555e-11
7.69 5.58812e-10 -5.78495e-11
7.7 5.89244e-10 -6.1002e-11
7.71 6.21283e-10 -6.43211e-11
7.72 6.55012e-10 -6.78153e-11
7.73 6.90517e-10 -7.14936e-11
7.74 7.27888e-10 -7.53653e-11
7.75 7.67221e-10 -7.94404e-11
7.76 8.08615e-10 -8.37292e-11
7.77 8.52176e-10 -8.82425e-11
7.78 8.98012e-10 -9.29916e-11
7.79 9.46239e-10 -9.79887e-11
7.8 9.96978e-10 -1.03246e-10
7.81 1.05036e-09 -1.08777e-10
7.82 1.1065e-09 -1.14595e-10
7.83 1.16556e-09 -1.20715e-10
7.84 1.22768e-09 -1.27152e-10
7.85 1.29301e-09 -1.33921e-10
7.86 1.3617e-09 -1.4104e-10
7.87 1.43394e-09 -1.48526e-10
7.88 1.50989e-09 -1.56397e-10
7.89 1.58974e-09 -1.64673e-10
7.9 1.67369e-09 -1.73373e-10
7.91 1.76193e-09 -1.82518e-10
7.92 1.85469e-09 -1.92132e-10
7.93 1.95218e-09 -2.02236e-10
7.94 2.05464e-09 -2.12855e-10
7.95 2.16231e-09 -2.24015e-10
7.96 2.27545e-09 -2.35742e-10
7.97 2.39433e-09 -2.48064e-10
7.98 2.51924e-09 -2.6101e-10
7.99 2.65046e-09 -2.74612e-10
8 2.7883e-09 -2.889e-10
8.01 2.9331e-09 -3.03909e-10
8.02 3.08518e-09 -3.19674e-10
8.03 3.24491e-09 -3.36231e-10
8.04 3.41265e-09 -3.5362e-10
8.05 3.5888e-09 -3.7188e-10
8.06 3.77377e-09 -3.91054e-10
8.07 3.96797e-09 -4.11186e-10
8.08 4.17186e-09 -4.32323e-10
8.09 4.3859e-09 -4.54513e-10
8.1 4.61059e-09 -4.77806e-10
8.11 4.84644e-09 -5.02256e-10
8.12 5.09397e-09 -5.27919e-10
8.13 5.35376e-09 -5.54852e-10
8.14 5.62639e-09 -5.83117e-10
8.15 5.91248e-09 -6.12778e-10
8.16 6.21266e-09 -6.439e-10
8.17 6.52761e-09 -6.76554e-10
8.18 6.85804e-09 -7.10813e-10
8.19 7.20467e-09 -7.46752e-10
8.2 7.56828e-09 -7.84452e-10
8.21 7.94968e-09 -8.23997e-10
8.22 8.34969e-09 -8.65472e-10
8.23 8.76922e-09 -9.08971e-10
8.24 9.20916e-09 -9.54588e-10
8.25 9.67049e-09 -1.00242e-09
8.26 1.01542e-08 -1.05258e-09
8.27 1.06614e-08 -1.10517e-09
8.28 1.11931e-08 -1.1603e-09
8.29 1.17505e-08 -1.2181e-09
8.3 1.23348e-08 -1.27869e-09
8.31 1.29472e-08 -1.34219e-09
8.32 1.35891e-08 -1.40876e-09
8.33 1.42619e-08 -1.47852e-09
8.34 1.49669e-08 -1.55162e-09
8.35 1.57056e-08 -1.62823e-09
8.36 1.64797e-08 -1.7085e-09
8.37 1.72907e-08 -1.79261e-09
8.38 1.81404e-08 -1.88072e-09
8.39 1.90306e-08 -1.97303e-09
8.4 1.99631e-08 -2.06973e-09
8.41 2.09398e-08 -2.17102e-09
8.42 2.19628e-08 -2.27711e-09
8.43 2.30342e-08 -2.38822e-09
8.44 2.41562e-08 -2.50458e-09
8.45 2.53312e-08 -2.62643e-09
8.46 2.65615e-08 -2.75402e-09
8.47 2.78497e-08 -2.88762e-09
8.48 2.91984e-08 -3.02749e-09
8.49 3.06103e-08 -3.17392e-09
8.5 3.20884e-08 -3.32721e-09
8.51 3.36355e-08 -3.48767e-09
8.52 3.5255e-08 -3.65562e-09
8.53 3.69499e-08 -3.83141e-09
8.54 3.87237e-08 -4.01538e-09
8.55 4.058e-08 -4.2079e-09
8.56 4.25224e-08 -4.40936e-09
8.57 4.45549e-08 -4.62016e-09
8.58 4.66814e-08 -4.84071e-09
8.59 4.89063e-08 -5.07146e-09
8.6 5.12337e-08 -5.31286e-09
8.61 5.36684e-08 -5.56538e-09
8.62 5.62152e-08 -5.82952e-09
8.63 5.88789e-08 -6.1058e-09
8.64 6.16648e-08 -6.39476e-09
8.65 6.45783e-08 -6.69695e-09
8.66 6.76251e-08 -7.01296e-09
8.67 7.08111e-08 -7.34341e-09
8.68 7.41423e-08 -7.68893e-09
8.69 7.76253e-08 -8.05019e-09
8.7 8.12666e-08 -8.42788e-09
8.71 8.50733e-08 -8.82272e-09
8.72 8.90525e-08 -9.23546e-09
8.73 9.3212e-08 -9.66689e-09
8.74 9.75594e-08 -1.01178e-08
8.75 1.02103e-07 -1.05891e-08
8.76 1.06852e-07 -1.10817e-08
8.77 1.11814e-07 -1.15964e-08
8.78 1.16999e-07 -1.21342e-08
8.79 1.22417e-07 -1.26962e-08
8.8 1.28078e-07 -1.32834e-08
8.81 1.33992e-07 -1.38969e-08
8.82 1.4017e-07 -1.45377e-08
8.83 1.46625e-07 -1.52072e-08
8.84 1.53366e-07 -1.59065e-08
8.85 1.60408e-07 -1.66369e-08
8.86 1.67762e-07 -1.73998e-08
8.87 1.75443e-07 -1.81965e-08
8.88 1.83464e-07 -1.90285e-08
8.89 1.91839e-07 -1.98974e-08
8.9 2.00585e-07 -2.08046e-08
8.91 2.09716e-07 -2.17518e-08
8.92 2.1925e-07 -2.27407e-08
8.93 2.29203e-07 -2.37731e-08
8.94 2.39593e-07 -2.48509e-08
8.95 2.50438e-07 -2.5976e-08
8.96 2.61759e-07 -2.71503e-08
8.97 2.73574e-07 -2.83759e-08
8.98 2.85906e-07 -2.96551e-08
8.99 2.98775e-07 -3.09901e-08
9 3.12204e-07 -3.23832e-08
9.01 3.26218e-07 -3.38369e-08
9.02 3.40839e-07 -3.53536e-08
9.03 3.56095e-07 -3.69362e-08
9.04 3.72011e-07 -3.85872e-08
9.05 3.88615e-07 -4.03097e-08
9.06 4.05935e-07 -4.21064e-08
9.07 4.24002e-07 -4.39807e-08
9.08 4.42847e-07 -4.59356e-08
9.09 4.62502e-07 -4.79745e-08
9.1 4.83001e-07 -5.0101e-08
9.11 5.04377e-07 -5.23186e-08
9.12 5.26669e-07 -5.46311e-08
9.13 5.49914e-07 -5.70425e-08
9.14 5.7415e-07 -5.95567e-08
9.15 5.9942e-07 -6.21781e-08
9.16 6.25764e-07 -6.49111e-08
9.17 6.53228e-07 -6.77602e-08
9.18 6.81858e-07 -7.07302e-08
9.19 7.117e-07 -7.38261e-08
9.2 7.42805e-07 -7.70529e-08
9.21 7.75225e-07 -8.04161e-08
9.22 8.09012e-07 -8.39213e-08
9.23 8.44223e-07 -8.75741e-08
9.24 8.80916e-07 -9.13806e-08
9.25 9.19149e-07 -9.5347e-08
9.26 9.58987e-07 -9.94798e-08
9.27 1.00049e-06 -1.03786e-07
9.28 1.04374e-06 -1.08272e-07
9.29 1.08879e-06 -1.12946e-07
9.3 1.13572e-06 -1.17814e-07
9.31 1.1846e-06 -1.22885e-07
9.32 1.23552e-06 -1.28168e-07
9.33 1.28855e-06 -1.3367e-07
9.34 1.34378e-06 -1.394e-07
9.35 1.40131e-06 -1.45367e-07
9.36 1.46121e-06 -1.51581e-07
9.37 1.52358e-06 -1.58052e-07
9.38 1.58853e-06 -1.6479e-07
9.39 1.65615e-06 -1.71805e-07
9.4 1.72655e-06 -1.79109e-07
9.41 1.79985e-06 -1.86713e-07
9.42 1.87615e-06 -1.94629e-07
9.43 1.95558e-06 -2.02869e-07
9.44 2.03825e-06 -2.11447e-07
9.45 2.12431e-06 -2.20374e-07
9.46 2.21387e-06 -2.29666e-07
9.47 2.30708e-06 -2.39336e-07
9.48 2.40408e-06 -2.49399e-07
9.49 2.50502e-06 -2.59872e-07
9.5 2.61006e-06 -2.70769e-07
9.51 2.71935e-06 -2.82107e-07
9.52 2.83306e-06 -2.93904e-07
9.53 2.95136e-06 -3.06177e-07
9.54 3.07443e-06 -3.18946e-07
9.55 3.20247e-06 -3.32228e-07
9.56 3.33565e-06 -3.46045e-07
9.57 3.47417e-06 -3.60417e-07
9.58 3.61826e-06 -3.75366e-07
9.59 3.76812e-06 -3.90913e-07
9.6 3.92397e-06 -4.07081e-07
9.61 4.08604e-06 -4.23896e-07
9.62 4.25458e-06 -4.41381e-07
9.63 4.42983e-06 -4.59563e-07
9.64 4.61205e-06 -4.78468e-07
9.65 4.80151e-06 -4.98124e-07
9.66 4.99848e-06 -5.18559e-07
9.67 5.20326e-06 -5.39804e-07
9.68 5.41613e-06 -5.6189e-07
9.69 5.63741e-06 -5.84847e-07
9.7 5.86742e-06 -6.0871e-07
9.71 6.10649e-06 -6.33513e-07
9.72 6.35496e-06 -6.59292e-07
9.73 6.6132e-06 -6.86083e-07
9.74 6.88156e-06 -7.13925e-07
9.75 7.16043e-06 -7.42857e-07
9.76 7.45021e-06 -7.72922e-07
9.77 7.75131e-06 -8.0416e-07
9.78 8.06416e-06 -8.36617e-07
9.79 8.38919e-06 -8.70339e-07
9.8 8.72686e-06 -9.05372e-07
9.81 9.07765e-06 -9.41767e-07
9.82 9.44205e-06 -9.79573e-07
9.83 9.82057e-06 -1.01884e-06
9.84 1.02137e-05 -1.05963e-06
9.85 1.06221e-05 -1.102e-06
9.86 1.10462e-05 -1.146e-06
9.87 1.14866e-05 -1.19169e-06
9.88 1.1944e-05 -1.23915e-06
9.89 1.24189e-05 -1.28842e-06
9.9 1.29121e-05 -1.33959e-06
9.91 1.34242e-05 -1.39272e-06
9.92 1.39559e-05 -1.44788e-06
9.93 1.45078e-05 -1.50514e-06
9.94 1.50809e-05 -1.5646e-06
9.95 1.56757e-05 -1.62631e-06
9.96 1.62932e-05 -1.69038e-06
9.97 1.69342e-05 -1.75688e-06
9.98 1.75995e-05 -1.8259e-06
9.99 1.829e-05 -1.89754e-06
10 1.90066e-05 -1.97189e-06
10.01 1.97503e-05 -2.04905e-06
10.02 2.05221e-05 -2.12912e-06
10.03 2.13229e-05 -2.21221e-06
10.04 2.21539e-05 -2.29843e-06
10.05 2.30161e-05 -2.38788e-06
10.06 2.39107e-05 -2.4807e-06
10.07 2.48388e-05 -2.57699e-06
10.08 2.58017e-05 -2.67688e-06
10.09 2.68005e-05 -2.78051e-06
10.1 2.78366e-05 -2.88801e-06
10.11 2.89113e-05 -2.99951e-06
10.12 3.00261e-05 -3.11517e-06
10.13 3.11822e-05 -3.23512e-06
10.14 3.23813e-05 -3.35953e-06
10.15 3.36249e-05 -3.48855e-06
10.16 3.49144e-05 -3.62234e-06
10.17 3.62517e-05 -3.76108e-06
10.18 3.76383e-05 -3.90494e-06
10.19 3.9076e-05 -4.05411e-06
10.2 4.05667e-05 -4.20877e-06
10.21 4.21121e-05 -4.36911e-06
10.22 4.37144e-05 -4.53534e-06
10.23 4.53753e-05 -4.70767e-06
10.24 4.70971e-05 -4.88631e-06
10.25 4.88818e-05 -5.07148e-06
10.26 5.07318e-05 -5.26341e-06
10.27 5.26491e-05 -5.46234e-06
10.28 5.46363e-05 -5.66851e-06
10.29 5.66958e-05 -5.88218e-06
10.3 5.883e-05 -6.10362e-06
10.31 6.10417e-05 -6.33308e-06
10.32 6.33335e-05 -6.57086e-06
10.33 6.57081e-05 -6.81723e-06
10.34 6.81686e-05 -7.07251e-06
10.35 7.07178e-05 -7.33699e-06
10.36 7.33588e-05 -7.611e-06
10.37 7.60948e-05 -7.89487e-06
10.38 7.89291e-05 -8.18893e-06
10.39 8.18651e-05 -8.49354e-06
10.4 8.49063e-05 -8.80907e-06
10.41 8.80562e-05 -9.13589e-06
10.42 9.13188e-05 -9.47438e-06
10.43 9.46977e-05 -9.82495e-06
10.44 9.8197e-05 -1.0188e-05
10.45 0.000101821 -1.0564e-05
10.46 0.000105574 -1.09533e-05
10.47 0.000109459 -1.13565e-05
10.48 0.000113483 -1.1774e-05
10.49 0.000117649 -1.22062e-05
10.5 0.000121962 -1.26537e-05
10.51 0.000126427 -1.3117e-05
10.52 0.00013105 -1.35966e-05
10.53 0.000135836 -1.40931e-05
10.54 0.000140789 -1.46071e-05
10.55 0.000145917 -1.51391e-05
10.56 0.000151224 -1.56897e-05
10.57 0.000156717 -1.62596e-05
10.58 0.000162403 -1.68495e-05
10.59 0.000168286 -1.74599e-05
10.6 0.000174375 -1.80917e-05
10.61 0.000180676 -1.87454e-05
10.62 0.000187196 -1.94219e-05
10.63 0.000193942 -2.01218e-05
10.64 0.000200923 -2.0846e-05
10.65 0.000208145 -2.15954e-05
10.66 0.000215617 -2.23706e-05
10.67 0.000223347 -2.31726e-05
10.68 0.000231343 -2.40022e-05
10.69 0.000239615 -2.48605e-05
10.7 0.000248172 -2.57482e-05
10.71 0.000257022 -2.66665e-05
10.72 0.000266176 -2.76163e-05
10.73 0.000275644 -2.85986e-05
10.74 0.000285436 -2.96145e-05
10.75 0.000295562 -3.06651e-05
10.76 0.000306033 -3.17516e-05
10.77 0.000316862 -3.2875e-05
10.78 0.000328059 -3.40368e-05
10.79 0.000339636 -3.5238e-05
10.8 0.000351607 -3.64799e-05
10.81 0.000363983 -3.7764e-05
10.82 0.000376778 -3.90915e-05
10.83 0.000390005 -4.04639e-05
10.84 0.000403679 -4.18826e-05
10.85 0.000417814 -4.33491e-05
10.86 0.000432424 -4.4865e-05
10.87 0.000447526 -4.64319e-05
10.88 0.000463135 -4.80513e-05
10.89 0.000479267 -4.97251e-05
10.9 0.00049594 -5.14549e-05
10.91 0.000513169 -5.32425e-05
10.92 0.000530974 -5.50899e-05
10.93 0.000549373 -5.69988e-05
10.94 0.000568385 -5.89713e-05
10.95 0.000588029 -6.10094e-05
10.96 0.000608325 -6.31152e-05
10.97 0.000629294 -6.52908e-05
10.98 0.000650958 -6.75386e-05
10.99 0.000673339 -6.98606e-05
11 0.000696459 -7.22594e-05
11.01 0.000720342 -7.47373e-05
11.02 0.000745011 -7.72968e-05
11.03 0.000770492 -7.99406e-05
11.04 0.00079681 -8.26712e-05
11.05 0.000823992 -8.54914e-05
11.06 0.000852065 -8.8404e-05
11.07 0.000881056 -9.14119e-05
11.08 0.000910995 -9.45182e-05
11.09 0.000941911 -9.77258e-05
11.1 0.000973834 -0.000101038
11.11 0.0010068 -0.000104458
11.12 0.00104083 -0.000107989
11.13 0.00107597 -0.000111635
11.14 0.00111225 -0.000115399
11.15 0.0011497 -0.000119284
11.16 0.00118836 -0.000123296
11.17 0.00122827 -0.000127437
11.18 0.00126947 -0.000131711
11.19 0.001312 -0.000136123
11.2 0.00135589 -0.000140677
11.21 0.00140119 -0.000145378
11.22 0.00144794 -0.000150228
11.23 0.0014962 -0.000155235
11.24 0.00154599 -0.000160401
11.25 0.00159738 -0.000165733
11.26 0.0016504 -0.000171234
11.27 0.00170512 -0.000176911
11.28 0.00176157 -0.000182768
11.29 0.00181982 -0.000188812
11.3 0.00187992 -0.000195047
11.31 0.00194192 -0.00020148
11.32 0.00200588 -0.000208116
11.33 0.00207186 -0.000214962
11.34 0.00213993 -0.000222024
11.35 0.00221014 -0.000229309
11.36 0.00228256 -0.000236822
11.37 0.00235725 -0.000244572
11.38 0.0024343 -0.000252566
11.39 0.00251375 -0.00026081
11.4 0.00259569 -0.000269311
11.41 0.0026802 -0.000278079
11.42 0.00276734 -0.00028712
11.43 0.0028572 -0.000296444
11.44 0.00294986 -0.000306057
11.45 0.0030454 -0.00031597
11.46 0.0031439 -0.00032619
11.47 0.00324546 -0.000336727
11.48 0.00335017 -0.000347591
11.49 0.00345811 -0.00035879
11.5 0.00356939 -0.000370336
11.51 0.0036841 -0.000382237
11.52 0.00380234 -0.000394505
11.53 0.00392422 -0.000407151
11.54 0.00404985 -0.000420185
11.55 0.00417932 -0.000433619
11.56 0.00431277 -0.000447464
11.57 0.0044503 -0.000461733
11.58 0.00459203 -0.000476438
11.59 0.00473808 -0.000491592
11.6 0.00488859 -0.000507207
11.61 0.00504367 -0.000523298
11.62 0.00520347 -0.000539877
11.63 0.00536812 -0.00055696
11.64 0.00553776 -0.000574561
11.65 0.00571253 -0.000592694
11.66 0.00589259 -0.000611376
11.67 0.00607808 -0.000630621
11.68 0.00626916 -0.000650447
11.69 0.006466 -0.000670869
11.7 0.00666876 -0.000691906
11.71 0.0068776 -0.000713574
11.72 0.0070927 -0.000735892
11.73 0.00731425 -0.000758878
11.74 0.00754242 -0.000782552
11.75 0.0077774 -0.000806932
11.76 0.0080194 -0.00083204
11.77 0.0082686 -0.000857895
11.78 0.00852521 -0.00088452
11.79 0.00878944 -0.000911935
11.8 0.00906152 -0.000940163
11.81 0.00934165 -0.000969228
11.82 0.00963007 -0.000999153
11.83 0.00992701 -0.00102996
11.84 0.0102327 -0.00106168
11.85 0.0105474 -0.00109433
11.86 0.0108714 -0.00112794
11.87 0.0112049 -0.00116254
11.88 0.0115481 -0.00119816
11.89 0.0119015 -0.00123482
11.9 0.0122652 -0.00127255
11.91 0.0126395 -0.00131139
11.92 0.0130247 -0.00135136
11.93 0.0134212 -0.00139249
11.94 0.0138291 -0.00143482
11.95 0.014249 -0.00147838
11.96 0.0146811 -0.00152321
11.97 0.0151256 -0.00156934
11.98 0.0155831 -0.0016168
11.99 0.0160537 -0.00166563
12 0.016538 -0.00171588
12.01 0.0170362 -0.00176757
12.02 0.0175488 -0.00182075
12.03 0.0180761 -0.00187546
12.04 0.0186186 -0.00193174
12.05 0.0191766 -0.00198964
12.06 0.0197506 -0.00204919
12.07 0.020341 -0.00211045
12.08 0.0209482 -0.00217346
12.09 0.0215728 -0.00223826
12.1 0.0222152 -0.00230491
12.11 0.0228759 -0.00237346
12.12 0.0235553 -0.00244395
12.13 0.024254 -0.00251644
12.14 0.0249725 -0.00259099
12.15 0.0257114 -0.00266765
12.16 0.0264711 -0.00274647
12.17 0.0272522 -0.00282752
12.18 0.0280554 -0.00291085
12.19 0.0288811 -0.00299652
12.2 0.0297301 -0.00308461
12.21 0.0306029 -0.00317516
12.22 0.0315002 -0.00326826
12.23 0.0324225 -0.00336395
12.24 0.0333707 -0.00346233
12.25 0.0343453 -0.00356345
12.26 0.0353471 -0.00366739
12.27 0.0363767 -0.00377422
12.28 0.037435 -0.00388402
12.29 0.0385227 -0.00399687
12.3 0.0396405 -0.00411285
12.31 0.0407893 -0.00423204
12.32 0.0419699 -0.00435453
12.33 0.043183 -0.00448039
12.34 0.0444296 -0.00460973
12.35 0.0457105 -0.00474263
12.36 0.0470266 -0.00487918
12.37 0.0483789 -0.00501949
12.38 0.0497683 -0.00516364
12.39 0.0511957 -0.00531174
12.4 0.0526622 -0.00546389
12.41 0.0541687 -0.0056202
12.42 0.0557163 -0.00578077
12.43 0.057306 -0.00594571
12.44 0.058939 -0.00611514
12.45 0.0606164 -0.00628917
12.46 0.0623392 -0.00646792
12.47 0.0641088 -0.00665152
12.48 0.0659262 -0.00684008
12.49 0.0677927 -0.00703374
12.5 0.0697095 -0.00723262
12.51 0.071678 -0.00743686
12.52 0.0736995 -0.00764659
12.53 0.0757753 -0.00786196
12.54 0.0779068 -0.00808311
12.55 0.0800953 -0.00831019
12.56 0.0823425 -0.00854334
12.57 0.0846497 -0.00878272
12.58 0.0870185 -0.00902849
12.59 0.0894504 -0.00928081
12.6 0.091947 -0.00953984
12.61 0.09451 -0.00980576
12.62 0.097141 -0.0100787
12.63 0.0998417 -0.010359
12.64 0.102614 -0.0106466
12.65 0.105459 -0.0109418
12.66 0.10838 -0.0112448
12.67 0.111378 -0.0115558
12.68 0.114454 -0.011875
12.69 0.117611 -0.0122026
12.7 0.120852 -0.0125388
12.71 0.124177 -0.0128838
12.72 0.127589 -0.0132378
12.73 0.13109 -0.0136011
12.74 0.134683 -0.0139739
12.75 0.13837 -0.0143564
12.76 0.142152 -0.0147488
12.77 0.146033 -0.0151515
12.78 0.150015 -0.0155646
12.79 0.154099 -0.0159884
12.8 0.15829 -0.0164232
12.81 0.162589 -0.0168692
12.82 0.166999 -0.0173268
12.83 0.171522 -0.0177961
12.84 0.176163 -0.0182775
12.85 0.180922 -0.0187713
12.86 0.185804 -0.0192778
12.87 0.19081 -0.0197973
12.88 0.195945 -0.0203301
12.89 0.201212 -0.0208765
12.9 0.206613 -0.0214368
12.91 0.212151 -0.0220115
12.92 0.217831 -0.0226007
12.93 0.223655 -0.023205
12.94 0.229627 -0.0238246
12.95 0.23575 -0.0244599
12.96 0.242028 -0.0251113
12.97 0.248466 -0.0257792
12.98 0.255065 -0.026464
12.99 0.261832 -0.027166
13 0.268768 -0.0278857
13.01 0.275879 -0.0286235
13.02 0.283169 -0.0293798
13.03 0.290641 -0.0301551
13.04 0.298301 -0.0309499
13.05 0.306152 -0.0317644
13.06 0.3142 -0.0325994
13.07 0.322448 -0.0334551
13.08 0.330901 -0.0343322
13.09 0.339565 -0.0352311
13.1 0.348443 -0.0361523
13.11 0.357542 -0.0370964
13.12 0.366867 -0.0380638
13.13 0.376422 -0.0390552
13.14 0.386213 -0.040071
13.15 0.396245 -0.0411119
13.16 0.406525 -0.0421785
13.17 0.417057 -0.0432713
13.18 0.427848 -0.0443909
13.19 0.438904 -0.0455379
13.2 0.45023 -0.0467131
13.21 0.461834 -0.047917
13.22 0.473721 -0.0491503
13.23 0.485897 -0.0504137
13.24 0.498371 -0.0517078
13.25 0.511147 -0.0530335
13.26 0.524234 -0.0543913
13.27 0.537638 -0.055782
13.28 0.551367 -0.0572064
13.29 0.565428 -0.0586653
13.3 0.579829 -0.0601594
13.31 0.594576 -0.0616896
13.32 0.609679 -0.0632565
13.33 0.625145 -0.0648612
13.34 0.640983 -0.0665044
13.35 0.6572 -0.068187
13.36 0.673805 -0.0699099
13.37 0.690808 -0.0716739
13.38 0.708217 -0.0734801
13.39 0.72604 -0.0753294
13.4 0.744288 -0.0772227
13.41 0.76297 -0.079161
13.42 0.782095 -0.0811454
13.43 0.801674 -0.0831767
13.44 0.821717 -0.0852562
13.45 0.842233 -0.0873848
13.46 0.863233 -0.0895637
13.47 0.884729 -0.091794
13.48 0.906731 -0.0940767
13.49 0.92925 -0.0964132
13.5 0.952297 -0.0988044
13.51 0.975885 -0.101252
13.52 1 -0.103754
