0 0 0
0.08 9.45757e-13 -7.50983e-17
0.16 1.40396e-10 -2.51181e-14
0.12 2.2094e-11 -3.29458e-15
0.1 5.59102e-12 -6.8254e-16
0.09 2.42509e-12 -2.42547e-16
0.1 5.63058e-12 -6.93809e-16
0.11 1.20638e-11 -1.79415e-15
0.12 2.41875e-11 -4.26801e-15
0.13 4.58656e-11 -9.46666e-15
0.14 8.29388e-11 -1.97846e-14
0.15 1.43962e-10 -3.92842e-14
0.16 2.41131e-10 -7.46052e-14
0.17 3.91424e-10 -1.36253e-13
0.18 6.17997e-10 -2.40383e-13
0.19 9.51858e-10 -4.11223e-13
0.2 1.43386e-09 -6.84304e-13
0.21 2.11705e-09 -1.1107e-12
0.22 3.06941e-09 -1.76249e-12
0.23 4.37702e-09 -2.73982e-12
0.24 6.14772e-09 -4.17967e-12
0.25 8.51527e-09 -6.26694e-12
0.26 1.16441e-08 -9.24812e-12
0.27 1.57345e-08 -1.3448e-11
0.28 2.10291e-08 -1.92901e-11
0.29 2.78187e-08 -2.73212e-11
0.3 3.64507e-08 -3.82408e-11
0.31 4.73367e-08 -5.29362e-11
0.32 6.09619e-08 -7.25239e-11
0.33 7.78951e-08 -9.83985e-11
0.34 9.87997e-08 -1.3229e-10
0.35 1.24446e-07 -1.7633e-10
0.36 1.55723e-07 -2.33128e-10
0.37 1.93655e-07 -3.05863e-10
0.38 2.39416e-07 -3.98381e-10
0.39 2.94343e-07 -5.15318e-10
0.4 3.59962e-07 -6.62227e-10
0.41 4.37999e-07 -8.45732e-10
0.42 5.30404e-07 -1.0737e-09
0.43 6.39376e-07 -1.35543e-09
0.44 7.67383e-07 -1.70189e-09
0.45 9.17188e-07 -2.12591e-09
0.46 1.09188e-06 -2.64253e-09
0.47 1.29489e-06 -3.26922e-09
0.48 1.53004e-06 -4.0263e-09
0.49 1.80158e-06 -4.93724e-09
0.5 2.11417e-06 -6.02915e-09
0.51 2.47299e-06 -7.33315e-09
0.52 2.88372e-06 -8.88496e-09
0.53 3.35263e-06 -1.07254e-08
0.54 3.88657e-06 -1.29011e-08
0.55 4.49305e-06 -1.54648e-08
0.56 5.18027e-06 -1.84769e-08
0.57 5.95719e-06 -2.20051e-08
0.58 6.83354e-06 -2.61264e-08
0.59 7.81994e-06 -3.09273e-08
0.6 8.92787e-06 -3.6505e-08
0.61 1.01698e-05 -4.29687e-08
0.62 1.15592e-05 -5.04406e-08
0.63 1.31107e-05 -5.90575e-08
0.64 1.48401e-05 -6.89715e-08
0.65 1.67641e-05 -8.03525e-08
0.66 1.89012e-05 -9.33889e-08
0.67 2.12709e-05 -1.0829e-07
0.68 2.38942e-05 -1.25288e-07
0.69 2.67938e-05 -1.44638e-07
0.7 2.99938e-05 -1.66624e-07
0.71 3.352e-05 -1.91559e-07
0.72 3.74002e-05 -2.19784e-07
0.73 4.16637e-05 -2.51678e-07
0.74 4.63422e-05 -2.87655e-07
0.75 5.14689e-05 -3.2817e-07
0.76 5.70797e-05 -3.7372e-07
0.77 6.32124e-05 -4.24848e-07
0.78 6.99072e-05 -4.82148e-07
0.79 7.72068e-05 -5.46268e-07
0.8 8.51566e-05 -6.17912e-07
0.81 9.38044e-05 -6.97848e-07
0.82 0.000103201 -7.86909e-07
0.83 0.0001134 -8.86e-07
0.84 0.000124458 -9.96102e-07
0.85 0.000136435 -1.11828e-06
0.86 0.000149394 -1.25368e-06
0.87 0.000163402 -1.40354e-06
0.88 0.000178528 -1.56921e-06
0.89 0.000194846 -1.75214e-06
0.9 0.000212434 -1.95387e-06
0.91 0.000231373 -2.1761e-06
0.92 0.000251749 -2.42063e-06
0.93 0.000273651 -2.6894e-06
0.94 0.000297173 -2.98449e-06
0.95 0.000322414 -3.30814e-06
0.96 0.000349477 -3.66274e-06
0.97 0.000378471 -4.05087e-06
0.98 0.000409507 -4.47526e-06
0.99 0.000442704 -4.93885e-06
1 0.000478185 -5.44478e-06
1.01 0.00051608 -5.99639e-06
1.02 0.000556522 -6.59727e-06
1.03 0.000599651 -7.25121e-06
1.04 0.000645613 -7.96228e-06
1.05 0.00069456 -8.73478e-06
1.06 0.000746651 -9.57332e-06
1.07 0.00080205 -1.04828e-05
1.08 0.000860927 -1.14683e-05
1.09 0.000923462 -1.25355e-05
1.1 0.000989837 -1.369e-05
1.11 0.00106025 -1.49383e-05
1.12 0.00113489 -1.62866e-05
1.13 0.00121397 -1.77422e-05
1.14 0.0012977 -1.93121e-05
1.15 0.0013863 -2.10044e-05
1.16 0.00148001 -2.2827e-05
1.17 0.00157905 -2.47888e-05
1.18 0.00168369 -2.68988e-05
1.19 0.00179416 -2.91667e-05
1.2 0.00191074 -3.16028e-05
1.21 0.00203369 -3.42176e-05
1.22 0.00216329 -3.70226e-05
1.23 0.00229983 -4.00296e-05
1.24 0.00244362 -4.32511e-05
1.25 0.00259496 -4.67003e-05
1.26 0.00275416 -5.03909e-05
1.27 0.00292155 -5.43377e-05
1.28 0.00309747 -5.85557e-05
1.29 0.00328227 -6.30609e-05
1.3 0.00347629 -6.78703e-05
1.31 0.00367992 -7.30013e-05
1.32 0.00389352 -7.84725e-05
1.33 0.00411748 -8.43031e-05
1.34 0.0043522 -9.05133e-05
1.35 0.0045981 -9.71244e-05
1.36 0.00485558 -0.000104158
1.37 0.00512508 -0.000111639
1.38 0.00540705 -0.000119589
1.39 0.00570193 -0.000128035
1.4 0.00601019 -0.000137003
1.41 0.0063323 -0.00014652
1.42 0.00666876 -0.000156616
1.43 0.00702006 -0.00016732
1.44 0.00738671 -0.000178663
1.45 0.00776923 -0.000190678
1.46 0.00816817 -0.000203399
1.47 0.00858406 -0.00021686
1.48 0.00901747 -0.0002311
1.49 0.00946896 -0.000246156
1.5 0.00993912 -0.000262067
1.51 0.0104285 -0.000278875
1.52 0.0109378 -0.000296624
1.53 0.0114676 -0.000315356
1.54 0.0120185 -0.00033512
1.55 0.0125912 -0.000355962
1.56 0.0131863 -0.000377933
1.57 0.0138044 -0.000401084
1.58 0.0144464 -0.000425469
1.59 0.0151128 -0.000451144
1.6 0.0158043 -0.000478165
1.61 0.0165218 -0.000506594
1.62 0.0172658 -0.000536491
1.63 0.0180373 -0.00056792
1.64 0.0188368 -0.000600947
1.65 0.0196652 -0.000635642
1.66 0.0205232 -0.000672074
1.67 0.0214117 -0.000710317
1.68 0.0223314 -0.000750446
1.69 0.0232832 -0.000792539
1.7 0.0242679 -0.000836678
1.71 0.0252863 -0.000882944
1.72 0.0263392 -0.000931424
1.73 0.0274276 -0.000982207
1.74 0.0285522 -0.00103538
1.75 0.029714 -0.00109105
1.76 0.0309139 -0.0011493
1.77 0.0321527 -0.00121024
1.78 0.0334314 -0.00127396
1.79 0.0347509 -0.00134058
1.8 0.0361121 -0.0014102
1.81 0.0375159 -0.00148294
1.82 0.0389634 -0.00155891
1.83 0.0404554 -0.00163824
1.84 0.041993 -0.00172103
1.85 0.0435771 -0.00180743
1.86 0.0452087 -0.00189755
1.87 0.0468888 -0.00199154
1.88 0.0486184 -0.00208953
1.89 0.0503984 -0.00219165
1.9 0.05223 -0.00229806
1.91 0.0541141 -0.0024089
1.92 0.0560518 -0.00252432
1.93 0.058044 -0.00264447
1.94 0.0600919 -0.00276953
1.95 0.0621965 -0.00289964
1.96 0.0643588 -0.00303498
1.97 0.0665798 -0.00317572
1.98 0.0688608 -0.00332204
1.99 0.0712026 -0.00347411
2 0.0736063 -0.00363212
2.01 0.0760731 -0.00379626
2.02 0.078604 -0.00396672
2.03 0.0812001 -0.00414369
2.04 0.0838624 -0.00432739
2.05 0.086592 -0.00451802
2.06 0.08939 -0.00471578
2.07 0.0922575 -0.0049209
2.08 0.0951954 -0.00513359
2.09 0.098205 -0.00535408
2.1 0.101287 -0.0055826
2.11 0.104443 -0.00581938
2.12 0.107674 -0.00606466
2.13 0.110981 -0.00631869
2.14 0.114364 -0.00658172
2.15 0.117826 -0.006854
2.16 0.121367 -0.00713578
2.17 0.124987 -0.00742734
2.18 0.128689 -0.00772894
2.19 0.132473 -0.00804086
2.2 0.13634 -0.00836337
2.21 0.140291 -0.00869676
2.22 0.144328 -0.00904132
2.23 0.14845 -0.00939734
2.24 0.15266 -0.00976513
2.25 0.156958 -0.010145
2.26 0.161345 -0.0105372
2.27 0.165821 -0.0109421
2.28 0.170389 -0.0113601
2.29 0.175049 -0.0117913
2.3 0.179802 -0.0122362
2.31 0.184648 -0.0126952
2.32 0.189589 -0.0131685
2.33 0.194625 -0.0136564
2.34 0.199757 -0.0141594
2.35 0.204987 -0.0146778
2.36 0.210314 -0.015212
2.37 0.215741 -0.0157622
2.38 0.221266 -0.016329
2.39 0.226892 -0.0169126
2.4 0.232619 -0.0175135
2.41 0.238448 -0.018132
2.42 0.244378 -0.0187685
2.43 0.250412 -0.0194235
2.44 0.25655 -0.0200972
2.45 0.262791 -0.0207902
2.46 0.269138 -0.0215028
2.47 0.27559 -0.0222355
2.48 0.282148 -0.0229886
2.49 0.288812 -0.0237626
2.5 0.295583 -0.0245579
2.51 0.302462 -0.0253749
2.52 0.309448 -0.0262141
2.53 0.316543 -0.0270759
2.54 0.323746 -0.0279608
2.55 0.331058 -0.0288692
2.56 0.338479 -0.0298015
2.57 0.346009 -0.0307583
2.58 0.353649 -0.0317398
2.59 0.361399 -0.0327467
2.6 0.369259 -0.0337794
2.61 0.377228 -0.0348384
2.62 0.385308 -0.035924
2.63 0.393498 -0.0370368
2.64 0.401799 -0.0381773
2.65 0.410209 -0.039346
2.66 0.41873 -0.0405432
2.67 0.42736 -0.0417696
2.68 0.436101 -0.0430255
2.69 0.444951 -0.0443115
2.7 0.45391 -0.045628
2.71 0.462979 -0.0469756
2.72 0.472156 -0.0483547
2.73 0.481442 -0.0497658
2.74 0.490835 -0.0512094
2.75 0.500337 -0.052686
2.76 0.509945 -0.0541961
2.77 0.51966 -0.0557401
2.78 0.52948 -0.0573186
2.79 0.539406 -0.0589321
2.8 0.549437 -0.060581
2.81 0.559571 -0.0622658
2.82 0.569808 -0.063987
2.83 0.580148 -0.0657451
2.84 0.590589 -0.0675406
2.85 0.60113 -0.069374
2.86 0.611771 -0.0712457
2.87 0.62251 -0.0731561
2.88 0.633346 -0.0751059
2.89 0.644279 -0.0770954
2.9 0.655306 -0.0791251
2.91 0.666427 -0.0811955
2.92 0.677641 -0.0833071
2.93 0.688945 -0.0854601
2.94 0.70034 -0.0876553
2.95 0.711822 -0.0898928
2.96 0.723391 -0.0921733
2.97 0.735046 -0.0944971
2.98 0.746784 -0.0968647
2.99 0.758604 -0.0992764
3 0.770504 -0.101733
3.01 0.782482 -0.104234
3.02 0.794537 -0.106781
3.03 0.806666 -0.109373
3.04 0.818868 -0.112012
3.05 0.831141 -0.114697
3.06 0.843483 -0.117428
3.07 0.855891 -0.120208
3.08 0.868364 -0.123034
3.09 0.880898 -0.125909
3.1 0.893493 -0.128831
3.11 0.906145 -0.131802
3.12 0.918853 -0.134822
3.13 0.931613 -0.137891
3.14 0.944423 -0.141009
3.15 0.957281 -0.144177
3.16 0.970184 -0.147395
3.17 0.98313 -0.150663
3.18 0.996116 -0.15398
3.19 1.00914 -0.157349
3.2 1.02219 -0.160768
3.21 1.03528 -0.164237
3.22 1.0484 -0.167758
3.23 1.06154 -0.17133
3.24 1.07471 -0.174953
3.25 1.08789 -0.178627
3.26 1.10109 -0.182352
3.27 1.1143 -0.186129
3.28 1.12752 -0.189957
3.29 1.14075 -0.193837
3.3 1.15399 -0.197768
3.31 1.16722 -0.201751
3.32 1.18045 -0.205785
3.33 1.19367 -0.20987
3.34 1.20688 -0.214007
3.35 1.22008 -0.218195
3.36 1.23326 -0.222434
3.37 1.24642 -0.226723
3.38 1.25955 -0.231064
3.39 1.27265 -0.235455
3.4 1.28573 -0.239896
3.41 1.29876 -0.244387
3.42 1.31176 -0.248928
3.43 1.32471 -0.253518
3.44 1.33761 -0.258158
3.45 1.35047 -0.262846
3.46 1.36326 -0.267583
3.47 1.376 -0.272368
3.48 1.38867 -0.277201
3.49 1.40128 -0.28208
3.5 1.41381 -0.287007
3.51 1.42626 -0.291979
3.52 1.43864 -0.296997
3.53 1.45093 -0.30206
3.54 1.46313 -0.307168
3.55 1.47524 -0.31232
3.56 1.48725 -0.317514
3.57 1.49916 -0.322752
3.58 1.51096 -0.328031
3.59 1.52266 -0.333351
3.6 1.53424 -0.338711
3.61 1.54569 -0.344112
3.62 1.55703 -0.34955
3.63 1.56824 -0.355027
3.64 1.57931 -0.36054
3.65 1.59025 -0.36609
3.66 1.60105 -0.371675
3.67 1.6117 -0.377293
3.68 1.6222 -0.382945
3.69 1.63255 -0.388629
3.7 1.64274 -0.394344
3.71 1.65276 -0.400088
3.72 1.66262 -0.405862
3.73 1.6723 -0.411663
3.74 1.68181 -0.41749
3.75 1.69114 -0.423342
3.76 1.70028 -0.429219
3.77 1.70923 -0.435118
3.78 1.71799 -0.441038
3.79 1.72655 -0.446978
3.8 1.73491 -0.452937
3.81 1.74305 -0.458912
3.82 1.75099 -0.464904
3.83 1.75871 -0.47091
3.84 1.76621 -0.476928
3.85 1.77349 -0.482957
3.86 1.78053 -0.488997
3.87 1.78735 -0.495044
3.88 1.79392 -0.501097
3.89 1.80026 -0.507156
3.9 1.80635 -0.513217
3.91 1.81219 -0.51928
3.92 1.81778 -0.525343
3.93 1.82311 -0.531403
3.94 1.82818 -0.53746
3.95 1.83298 -0.543511
3.96 1.83751 -0.549554
3.97 1.84178 -0.555588
3.98 1.84576 -0.561611
3.99 1.84946 -0.567621
4 1.85289 -0.573615
4.01 1.85602 -0.579593
4.02 1.85886 -0.585551
4.03 1.86141 -0.591489
4.04 1.86366 -0.597403
4.05 1.86561 -0.603293
4.06 1.86725 -0.609155
4.07 1.86859 -0.614988
4.08 1.86961 -0.62079
4.09 1.87032 -0.626558
4.1 1.87072 -0.632291
4.11 1.87079 -0.637986
4.12 1.87054 -0.643642
4.13 1.86997 -0.649255
4.14 1.86907 -0.654824
4.15 1.86784 -0.660346
4.16 1.86627 -0.66582
4.17 1.86437 -0.671243
4.18 1.86213 -0.676613
4.19 1.85955 -0.681927
4.2 1.85663 -0.687184
4.21 1.85336 -0.692381
4.22 1.84975 -0.697515
4.23 1.84579 -0.702585
4.24 1.84148 -0.707589
4.25 1.83682 -0.712523
4.26 1.8318 -0.717386
4.27 1.82643 -0.722175
4.28 1.8207 -0.726888
4.29 1.81462 -0.731523
4.3 1.80818 -0.736077
4.31 1.80137 -0.740549
4.32 1.79421 -0.744935
4.33 1.78668 -0.749234
4.34 1.7788 -0.753442
4.35 1.77055 -0.757559
4.36 1.76193 -0.761582
4.37 1.75295 -0.765508
4.38 1.74361 -0.769335
4.39 1.7339 -0.773061
4.4 1.72383 -0.776684
4.41 1.7134 -0.780201
4.42 1.7026 -0.78361
4.43 1.69144 -0.786909
4.44 1.67991 -0.790096
4.45 1.66802 -0.793169
4.46 1.65577 -0.796125
4.47 1.64315 -0.798963
4.48 1.63018 -0.80168
4.49 1.61684 -0.804274
4.5 1.60315 -0.806743
4.51 1.5891 -0.809085
4.52 1.5747 -0.811299
4.53 1.55994 -0.813381
4.54 1.54482 -0.81533
4.55 1.52936 -0.817145
4.56 1.51354 -0.818822
4.57 1.49738 -0.820361
4.58 1.48088 -0.82176
4.59 1.46403 -0.823016
4.6 1.44684 -0.824128
4.61 1.42931 -0.825094
4.62 1.41145 -0.825912
4.63 1.39325 -0.826581
4.64 1.37473 -0.8271
4.65 1.35588 -0.827465
4.66 1.3367 -0.827677
4.67 1.3172 -0.827732
4.68 1.29739 -0.827631
4.69 1.27726 -0.827371
4.7 1.25682 -0.826951
4.71 1.23608 -0.82637
4.72 1.21503 -0.825626
4.73 1.19369 -0.824718
4.74 1.17205 -0.823645
4.75 1.15012 -0.822406
4.76 1.1279 -0.820999
4.77 1.1054 -0.819423
4.78 1.08262 -0.817678
4.79 1.05958 -0.815763
4.8 1.03626 -0.813676
4.81 1.01268 -0.811416
4.82 0.988841 -0.808984
4.83 0.96475 -0.806377
4.84 0.940411 -0.803596
4.85 0.91583 -0.80064
4.86 0.891011 -0.797508
4.87 0.865961 -0.794199
4.88 0.840685 -0.790714
4.89 0.815188 -0.787051
4.9 0.789477 -0.783211
4.91 0.763557 -0.779193
4.92 0.737435 -0.774996
4.93 0.711116 -0.770621
4.94 0.684606 -0.766068
4.95 0.657913 -0.761336
4.96 0.631042 -0.756425
4.97 0.603999 -0.751336
4.98 0.576792 -0.746069
4.99 0.549427 -0.740623
5 0.521911 -0.735
5.01 0.49425 -0.729199
5.02 0.466451 -0.72322
5.03 0.438522 -0.717066
5.04 0.410469 -0.710734
5.05 0.382299 -0.704228
5.06 0.35402 -0.697546
5.07 0.325639 -0.69069
5.08 0.297163 -0.68366
5.09 0.268599 -0.676458
5.1 0.239956 -0.669085
5.11 0.21124 -0.66154
5.12 0.182459 -0.653826
5.13 0.153621 -0.645943
5.14 0.124733 -0.637893
5.15 0.0958029 -0.629676
5.16 0.0668389 -0.621295
5.17 0.0378486 -0.61275
5.18 0.00883981 -0.604044
5.19 -0.0201795 -0.595177
5.2 -0.0492015 -0.586151
5.21 -0.0782181 -0.576967
5.22 -0.107221 -0.567628
5.23 -0.136203 -0.558135
5.24 -0.165155 -0.548491
5.25 -0.19407 -0.538696
5.26 -0.222939 -0.528753
5.27 -0.251754 -0.518664
5.28 -0.280507 -0.508431
5.29 -0.309189 -0.498057
5.3 -0.337793 -0.487542
5.31 -0.366311 -0.476891
5.32 -0.394733 -0.466104
5.33 -0.423053 -0.455185
5.34 -0.451261 -0.444135
5.35 -0.479349 -0.432958
5.36 -0.50731 -0.421657
5.37 -0.535135 -0.410232
5.38 -0.562815 -0.398688
5.39 -0.590343 -0.387027
5.4 -0.61771 -0.375252
5.41 -0.644909 -0.363366
5.42 -0.67193 -0.351371
5.43 -0.698766 -0.339271
5.44 -0.72541 -0.327069
5.45 -0.751851 -0.314767
5.46 -0.778084 -0.302369
5.47 -0.804099 -0.289878
5.48 -0.829889 -0.277298
5.49 -0.855446 -0.264631
5.5 -0.880761 -0.251881
5.51 -0.905828 -0.239051
5.52 -0.930638 -0.226144
5.53 -0.955183 -0.213165
5.54 -0.979456 -0.200117
5.55 -1.00345 -0.187002
5.56 -1.02715 -0.173825
5.57 -1.05056 -0.16059
5.58 -1.07367 -0.1473
5.59 -1.09647 -0.133958
5.6 -1.11895 -0.120569
5.61 -1.14111 -0.107135
5.62 -1.16293 -0.0936624
5.63 -1.18442 -0.0801531
5.64 -1.20556 -0.0666115
5.65 -1.22635 -0.0530415
5.66 -1.24678 -0.039447
5.67 -1.26684 -0.025832
5.68 -1.28653 -0.0122004
5.69 -1.30584 0.00144369
5.7 -1.32477 0.0150964
5.71 -1.3433 0.0287535
5.72 -1.36143 0.0424111
5.73 -1.37916 0.056065
5.74 -1.39648 0.0697112
5.75 -1.41338 0.0833455
5.76 -1.42986 0.0969638
5.77 -1.44591 0.110562
5.78 -1.46153 0.124136
5.79 -1.47671 0.137681
5.8 -1.49144 0.151194
5.81 -1.50572 0.16467
5.82 -1.51955 0.178105
5.83 -1.53292 0.191494
5.84 -1.54582 0.204835
5.85 -1.55826 0.218121
5.86 -1.57022 0.23135
5.87 -1.5817 0.244517
5.88 -1.5927 0.257618
5.89 -1.60321 0.270648
5.9 -1.61323 0.283604
5.91 -1.62275 0.296482
5.92 -1.63178 0.309276
5.93 -1.6403 0.321983
5.94 -1.64832 0.3346
5.95 -1.65583 0.347121
5.96 -1.66283 0.359543
5.97 -1.66931 0.371861
5.98 -1.67528 0.384072
5.99 -1.68072 0.396171
6 -1.68564 0.408155
6.01 -1.69004 0.420019
6.02 -1.69391 0.431759
6.03 -1.69725 0.443373
6.04 -1.70006 0.454854
6.05 -1.70233 0.466201
6.06 -1.70407 0.477408
6.07 -1.70528 0.488473
6.08 -1.70595 0.499391
6.09 -1.70608 0.510158
6.1 -1.70567 0.520771
6.11 -1.70472 0.531226
6.12 -1.70323 0.54152
6.13 -1.70121 0.551648
6.14 -1.69864 0.561608
6.15 -1.69553 0.571396
6.16 -1.69188 0.581008
6.17 -1.68769 0.590442
6.18 -1.68297 0.599693
6.19 -1.6777 0.608758
6.2 -1.6719 0.617634
6.21 -1.66556 0.626319
6.22 -1.65869 0.634808
6.23 -1.65128 0.643098
6.24 -1.64335 0.651188
6.25 -1.63488 0.659073
6.26 -1.62589 0.66675
6.27 -1.61637 0.674218
6.28 -1.60632 0.681473
6.29 -1.59576 0.688512
6.3 -1.58468 0.695333
6.31 -1.57308 0.701933
6.32 -1.56098 0.708309
6.33 -1.54836 0.71446
6.34 -1.53524 0.720382
6.35 -1.52162 0.726074
6.36 -1.5075 0.731534
6.37 -1.49289 0.736758
6.38 -1.47778 0.741745
6.39 -1.4622 0.746493
6.4 -1.44613 0.751
6.41 -1.42959 0.755264
6.42 -1.41258 0.759284
6.43 -1.3951 0.763057
6.44 -1.37716 0.766582
6.45 -1.35876 0.769858
6.46 -1.33992 0.772882
6.47 -1.32063 0.775654
6.48 -1.30091 0.778173
6.49 -1.28075 0.780436
6.5 -1.26016 0.782444
6.51 -1.23916 0.784194
6.52 -1.21775 0.785687
6.53 -1.19592 0.78692
6.54 -1.1737 0.787894
6.55 -1.15109 0.788607
6.56 -1.12809 0.789059
6.57 -1.10471 0.789249
6.58 -1.08096 0.789178
6.59 -1.05685 0.788844
6.6 -1.03238 0.788248
6.61 -1.00757 0.787389
6.62 -0.982417 0.786267
6.63 -0.956932 0.784882
6.64 -0.931123 0.783235
6.65 -0.905 0.781325
6.66 -0.87857 0.779153
6.67 -0.851842 0.776719
6.68 -0.824826 0.774024
6.69 -0.797529 0.771067
6.7 -0.769961 0.767851
6.71 -0.742131 0.764376
6.72 -0.714048 0.760642
6.73 -0.685721 0.75665
6.74 -0.65716 0.752402
6.75 -0.628374 0.747899
6.76 -0.599373 0.743141
6.77 -0.570167 0.738131
6.78 -0.540765 0.732869
6.79 -0.511177 0.727357
6.8 -0.481414 0.721597
6.81 -0.451484 0.71559
6.82 -0.421399 0.709338
6.83 -0.391169 0.702843
6.84 -0.360803 0.696107
6.85 -0.330313 0.689131
6.86 -0.299708 0.681919
6.87 -0.268999 0.674472
6.88 -0.238196 0.666793
6.89 -0.207311 0.658883
6.9 -0.176353 0.650746
6.91 -0.145333 0.642384
6.92 -0.114263 0.633799
6.93 -0.0831524 0.624995
6.94 -0.0520124 0.615974
6.95 -0.0208537 0.606739
6.96 0.0103127 0.597293
6.97 0.0414761 0.587639
6.98 0.0726255 0.57778
6.99 0.10375 0.56772
7 0.134839 0.557462
7.01 0.165881 0.547008
7.02 0.196866 0.536363
7.03 0.227782 0.525531
7.04 0.258619 0.514514
7.05 0.289365 0.503316
7.06 0.32001 0.491942
7.07 0.350543 0.480394
7.08 0.380953 0.468677
7.09 0.41123 0.456795
7.1 0.441362 0.444752
7.11 0.471338 0.432552
7.12 0.501149 0.420199
7.13 0.530783 0.407696
7.14 0.560229 0.39505
7.15 0.589478 0.382263
7.16 0.618518 0.369341
7.17 0.647338 0.356287
7.18 0.67593 0.343107
7.19 0.704282 0.329804
7.2 0.732383 0.316384
7.21 0.760224 0.302851
7.22 0.787795 0.289209
7.23 0.815085 0.275464
7.24 0.842085 0.261621
7.25 0.868785 0.247683
7.26 0.895174 0.233657
7.27 0.921243 0.219546
7.28 0.946983 0.205357
7.29 0.972383 0.191093
7.3 0.997436 0.176761
7.31 1.02213 0.162365
7.32 1.04646 0.14791
7.33 1.07041 0.133401
7.34 1.09398 0.118844
7.35 1.11715 0.104244
7.36 1.13992 0.0896053
7.37 1.16228 0.0749341
7.38 1.18422 0.0602354
7.39 1.20574 0.0455144
7.4 1.22682 0.0307765
7.41 1.24745 0.016027
7.42 1.26763 0.0012712
7.43 1.28736 -0.0134856
7.44 1.30662 -0.028238
7.45 1.3254 -0.0429806
7.46 1.3437 -0.0577081
7.47 1.36152 -0.0724152
7.48 1.37884 -0.0870964
7.49 1.39565 -0.101746
7.5 1.41196 -0.11636
7.51 1.42776 -0.130931
7.52 1.44303 -0.145456
7.53 1.45778 -0.159927
7.54 1.472 -0.174341
7.55 1.48567 -0.188692
7.56 1.49881 -0.202974
7.57 1.51139 -0.217182
7.58 1.52343 -0.231311
7.59 1.5349 -0.245355
7.6 1.54581 -0.259311
7.61 1.55615 -0.273171
7.62 1.56592 -0.286932
7.63 1.57512 -0.300587
7.64 1.58374 -0.314132
7.65 1.59177 -0.327562
7.66 1.59921 -0.340872
7.67 1.60607 -0.354057
7.68 1.61234 -0.367111
7.69 1.618 -0.380031
7.7 1.62308 -0.39281
7.71 1.62755 -0.405444
7.72 1.63142 -0.417929
7.73 1.63468 -0.43026
7.74 1.63734 -0.442431
7.75 1.63939 -0.454439
7.76 1.64084 -0.466279
7.77 1.64167 -0.477946
7.78 1.64189 -0.489436
7.79 1.64151 -0.500744
7.8 1.64051 -0.511866
7.81 1.63891 -0.522798
7.82 1.63669 -0.533536
7.83 1.63386 -0.544075
7.84 1.63042 -0.554412
7.85 1.62638 -0.564542
7.86 1.62173 -0.574461
7.87 1.61647 -0.584166
7.88 1.6106 -0.593653
7.89 1.60414 -0.602918
7.9 1.59707 -0.611958
7.91 1.5894 -0.620769
7.92 1.58114 -0.629347
7.93 1.57229 -0.637689
7.94 1.56284 -0.645793
7.95 1.55281 -0.653654
7.96 1.5422 -0.661269
7.97 1.531 -0.668636
7.98 1.51923 -0.675752
7.99 1.50688 -0.682614
8 1.49397 -0.689218
8.01 1.4805 -0.695563
8.02 1.46646 -0.701646
8.03 1.45187 -0.707464
8.04 1.43674 -0.713015
8.05 1.42106 -0.718297
8.06 1.40484 -0.723307
8.07 1.38809 -0.728044
8.08 1.37082 -0.732505
8.09 1.35303 -0.736689
8.1 1.33472 -0.740594
8.11 1.31591 -0.744218
8.12 1.2966 -0.74756
8.13 1.27679 -0.750618
8.14 1.2565 -0.753392
8.15 1.23573 -0.755878
8.16 1.2145 -0.758078
8.17 1.1928 -0.759989
8.18 1.17064 -0.761611
8.19 1.14804 -0.762942
8.2 1.125 -0.763983
8.21 1.10153 -0.764732
8.22 1.07765 -0.76519
8.23 1.05335 -0.765356
8.24 1.02864 -0.765229
8.25 1.00355 -0.764809
8.26 0.978068 -0.764098
8.27 0.952213 -0.763093
8.28 0.925994 -0.761797
8.29 0.89942 -0.760208
8.3 0.872501 -0.758329
8.31 0.845247 -0.756158
8.32 0.817669 -0.753697
8.33 0.789776 -0.750947
8.34 0.76158 -0.747909
8.35 0.733092 -0.744582
8.36 0.704321 -0.74097
8.37 0.675279 -0.737072
8.38 0.645976 -0.732891
8.39 0.616425 -0.728427
8.4 0.586636 -0.723682
8.41 0.556621 -0.718659
8.42 0.526391 -0.713358
8.43 0.495958 -0.707781
8.44 0.465333 -0.701931
8.45 0.434528 -0.69581
8.46 0.403555 -0.68942
8.47 0.372426 -0.682763
8.48 0.341153 -0.675842
8.49 0.309747 -0.668659
8.5 0.278222 -0.661217
8.51 0.246588 -0.653519
8.52 0.214859 -0.645567
8.53 0.183046 -0.637365
8.54 0.151163 -0.628915
8.55 0.11922 -0.620221
8.56 0.0872313 -0.611285
8.57 0.0552085 -0.602113
8.58 0.0231642 -0.592705
8.59 -0.00888919 -0.583067
8.6 -0.0409391 -0.573202
8.61 -0.0729732 -0.563114
8.62 -0.104979 -0.552806
8.63 -0.136943 -0.542282
8.64 -0.168855 -0.531547
8.65 -0.2007 -0.520604
8.66 -0.232467 -0.509458
8.67 -0.264143 -0.498113
8.68 -0.295716 -0.486573
8.69 -0.327173 -0.474843
8.7 -0.358503 -0.462927
8.71 -0.389691 -0.450829
8.72 -0.420728 -0.438555
8.73 -0.451599 -0.426109
8.74 -0.482293 -0.413496
8.75 -0.512799 -0.400721
8.76 -0.543102 -0.387788
8.77 -0.573193 -0.374704
8.78 -0.603059 -0.361472
8.79 -0.632687 -0.348098
8.8 -0.662067 -0.334587
8.81 -0.691186 -0.320944
8.82 -0.720034 -0.307175
8.83 -0.748598 -0.293285
8.84 -0.776867 -0.27928
8.85 -0.80483 -0.265164
8.86 -0.832475 -0.250944
8.87 -0.859792 -0.236625
8.88 -0.88677 -0.222212
8.89 -0.913398 -0.207712
8.9 -0.939665 -0.19313
8.91 -0.965561 -0.178471
8.92 -0.991075 -0.163742
8.93 -1.0162 -0.148948
8.94 -1.04092 -0.134095
8.95 -1.06523 -0.119189
8.96 -1.08911 -0.104235
8.97 -1.11257 -0.0892405
8.98 -1.13558 -0.0742105
8.99 -1.15815 -0.059151
9 -1.18025 -0.044068
9.01 -1.20189 -0.0289675
9.02 -1.22304 -0.0138554
9.03 -1.24372 0.00126213
9.04 -1.2639 0.0163792
9.05 -1.28357 0.0314899
9.06 -1.30274 0.046588
9.07 -1.32139 0.0616676
9.08 -1.33951 0.0767227
9.09 -1.3571 0.0917473
9.1 -1.37414 0.106735
9.11 -1.39064 0.121681
9.12 -1.40659 0.136578
9.13 -1.42198 0.151421
9.14 -1.43679 0.166203
9.15 -1.45104 0.180919
9.16 -1.4647 0.195563
9.17 -1.47778 0.210128
9.18 -1.49027 0.22461
9.19 -1.50216 0.239002
9.2 -1.51346 0.253298
9.21 -1.52414 0.267493
9.22 -1.53422 0.281581
9.23 -1.54368 0.295556
9.24 -1.55253 0.309413
9.25 -1.56075 0.323146
9.26 -1.56834 0.33675
9.27 -1.57531 0.350218
9.28 -1.58165 0.363546
9.29 -1.58735 0.376728
9.3 -1.59241 0.389759
9.31 -1.59683 0.402633
9.32 -1.60061 0.415345
9.33 -1.60375 0.427891
9.34 -1.60625 0.440264
9.35 -1.60809 0.452461
9.36 -1.60929 0.464475
9.37 -1.60985 0.476303
9.38 -1.60975 0.487938
9.39 -1.60901 0.499377
9.4 -1.60761 0.510615
9.41 -1.60557 0.521647
9.42 -1.60288 0.532469
9.43 -1.59955 0.543075
9.44 -1.59557 0.553463
9.45 -1.59094 0.563627
9.46 -1.58567 0.573563
9.47 -1.57976 0.583268
9.48 -1.57322 0.592737
9.49 -1.56603 0.601966
9.5 -1.55822 0.610952
9.51 -1.54977 0.619691
9.52 -1.54069 0.628179
9.53 -1.53099 0.636412
9.54 -1.52068 0.644388
9.55 -1.50974 0.652102
9.56 -1.49819 0.659553
9.57 -1.48604 0.666735
9.58 -1.47328 0.673648
9.59 -1.45993 0.680287
9.6 -1.44598 0.68665
9.61 -1.43144 0.692734
9.62 -1.41633 0.698536
9.63 -1.40063 0.704055
9.64 -1.38437 0.709288
9.65 -1.36755 0.714232
9.66 -1.35017 0.718886
9.67 -1.33224 0.723247
9.68 -1.31377 0.727314
9.69 -1.29476 0.731085
9.7 -1.27522 0.734558
9.71 -1.25517 0.737731
9.72 -1.2346 0.740604
9.73 -1.21353 0.743175
9.74 -1.19197 0.745443
9.75 -1.16992 0.747407
9.76 -1.14739 0.749066
9.77 -1.1244 0.750418
9.78 -1.10094 0.751465
9.79 -1.07703 0.752204
9.8 -1.05269 0.752636
9.81 -1.02791 0.752761
9.82 -1.00272 0.752577
9.83 -0.97711 0.752086
9.84 -0.951103 0.751287
9.85 -0.924708 0.750181
9.86 -0.897933 0.748767
9.87 -0.870791 0.747046
9.88 -0.843293 0.74502
9.89 -0.815448 0.742688
9.9 -0.787269 0.740052
9.91 -0.758768 0.737112
9.92 -0.729955 0.73387
9.93 -0.700842 0.730327
9.94 -0.671442 0.726484
9.95 -0.641766 0.722342
9.96 -0.611827 0.717904
9.97 -0.581636 0.713171
9.98 -0.551206 0.708145
9.99 -0.52055 0.702828
10 -0.489679 0.697221
10.01 -0.458607 0.691328
10.02 -0.427346 0.685151
10.03 -0.39591 0.678691
10.04 -0.36431 0.671952
10.05 -0.33256 0.664936
10.06 -0.300674 0.657646
10.07 -0.268663 0.650086
10.08 -0.236542 0.642257
10.09 -0.204323 0.634163
10.1 -0.172019 0.625808
10.11 -0.139645 0.617195
10.12 -0.107213 0.608326
10.13 -0.0747372 0.599207
10.14 -0.0422303 0.58984
10.15 -0.00970585 0.58023
10.16 0.0228226 0.57038
10.17 0.0553416 0.560294
10.18 0.0878377 0.549976
10.19 0.120297 0.539431
10.2 0.152708 0.528663
10.21 0.185054 0.517676
10.22 0.217325 0.506475
10.23 0.249505 0.495064
10.24 0.281582 0.483448
10.25 0.313542 0.471632
10.26 0.345372 0.45962
10.27 0.37706 0.447418
10.28 0.40859 0.43503
10.29 0.439952 0.422462
10.3 0.471131 0.409719
10.31 0.502114 0.396805
10.32 0.532889 0.383727
10.33 0.563443 0.37049
10.34 0.593762 0.357098
10.35 0.623835 0.343559
10.36 0.653649 0.329876
10.37 0.683191 0.316057
10.38 0.712449 0.302106
10.39 0.741411 0.288029
10.4 0.770065 0.273833
10.41 0.798397 0.259522
10.42 0.826398 0.245104
10.43 0.854055 0.230584
10.44 0.881356 0.215967
10.45 0.908289 0.201261
10.46 0.934845 0.18647
10.47 0.96101 0.171602
10.48 0.986776 0.156663
10.49 1.01213 0.141658
10.5 1.03706 0.126594
10.51 1.06156 0.111477
10.52 1.08562 0.0963142
10.53 1.10922 0.0811107
10.54 1.13236 0.0658733
10.55 1.15502 0.0506085
10.56 1.17721 0.0353225
10.57 1.1989 0.0200217
10.58 1.22009 0.00471257
10.59 1.24077 -0.0105985
10.6 1.26093 -0.0259052
10.61 1.28057 -0.0412011
10.62 1.29967 -0.0564797
10.63 1.31822 -0.0717346
10.64 1.33623 -0.0869596
10.65 1.35367 -0.102148
10.66 1.37055 -0.117294
10.67 1.38685 -0.13239
10.68 1.40257 -0.147432
10.69 1.41771 -0.162411
10.7 1.43224 -0.177322
10.71 1.44618 -0.192159
10.72 1.45952 -0.206916
10.73 1.47224 -0.221585
10.74 1.48434 -0.236162
10.75 1.49582 -0.250639
10.76 1.50667 -0.265011
10.77 1.51689 -0.279272
10.78 1.52647 -0.293416
10.79 1.53541 -0.307436
10.8 1.5437 -0.321327
10.81 1.55135 -0.335083
10.82 1.55834 -0.348698
10.83 1.56468 -0.362167
10.84 1.57036 -0.375483
10.85 1.57538 -0.388641
10.86 1.57974 -0.401636
10.87 1.58343 -0.414462
10.88 1.58645 -0.427113
10.89 1.58881 -0.439584
10.9 1.5905 -0.45187
10.91 1.59151 -0.463966
10.92 1.59186 -0.475866
10.93 1.59154 -0.487566
10.94 1.59054 -0.49906
10.95 1.58888 -0.510343
10.96 1.58654 -0.521411
10.97 1.58353 -0.53226
10.98 1.57986 -0.542883
10.99 1.57552 -0.553278
11 1.57051 -0.563439
11.01 1.56484 -0.573362
11.02 1.55851 -0.583043
11.03 1.55152 -0.592477
11.04 1.54388 -0.601661
11.05 1.53558 -0.610591
11.06 1.52664 -0.619263
11.07 1.51704 -0.627673
11.08 1.50681 -0.635817
11.09 1.49594 -0.643692
11.1 1.48444 -0.651295
11.11 1.4723 -0.658623
11.12 1.45955 -0.665671
11.13 1.44618 -0.672438
11.14 1.43219 -0.67892
11.15 1.4176 -0.685114
11.16 1.4024 -0.691018
11.17 1.38662 -0.696629
11.18 1.37024 -0.701945
11.19 1.35329 -0.706963
11.2 1.33576 -0.711682
11.21 1.31766 -0.716098
11.22 1.299 -0.720211
11.23 1.2798 -0.724019
11.24 1.26005 -0.727519
11.25 1.23976 -0.73071
11.26 1.21895 -0.73359
11.27 1.19762 -0.73616
11.28 1.17578 -0.738416
11.29 1.15345 -0.740359
11.3 1.13062 -0.741988
11.31 1.10731 -0.7433
11.32 1.08353 -0.744297
11.33 1.05929 -0.744978
11.34 1.0346 -0.745341
11.35 1.00947 -0.745388
11.36 0.983914 -0.745117
11.37 0.957936 -0.744529
11.38 0.93155 -0.743625
11.39 0.904767 -0.742403
11.4 0.877599 -0.740866
11.41 0.850058 -0.739013
11.42 0.822154 -0.736845
11.43 0.7939 -0.734364
11.44 0.765308 -0.731569
11.45 0.736389 -0.728462
11.46 0.707156 -0.725045
11.47 0.677622 -0.721319
11.48 0.647799 -0.717285
11.49 0.6177 -0.712945
11.5 0.587337 -0.708301
11.51 0.556723 -0.703355
11.52 0.525872 -0.698108
11.53 0.494796 -0.692564
11.54 0.463509 -0.686723
11.55 0.432023 -0.68059
11.56 0.400354 -0.674165
11.57 0.368513 -0.667453
11.58 0.336515 -0.660455
11.59 0.304373 -0.653175
11.6 0.272101 -0.645616
11.61 0.239712 -0.637781
11.62 0.207221 -0.629673
11.63 0.174642 -0.621295
11.64 0.141987 -0.612652
11.65 0.109272 -0.603747
11.66 0.0765104 -0.594583
11.67 0.0437158 -0.585165
11.68 0.0109024 -0.575496
11.69 -0.0219156 -0.565581
11.7 -0.0547242 -0.555423
11.71 -0.0875094 -0.545028
11.72 -0.120257 -0.534399
11.73 -0.152953 -0.523541
11.74 -0.185584 -0.512459
11.75 -0.218135 -0.501157
11.76 -0.250592 -0.48964
11.77 -0.282942 -0.477913
11.78 -0.315171 -0.465981
11.79 -0.347264 -0.453849
11.8 -0.379209 -0.441522
11.81 -0.41099 -0.429006
11.82 -0.442596 -0.416306
11.83 -0.474011 -0.403427
11.84 -0.505223 -0.390374
11.85 -0.536217 -0.377154
11.86 -0.566982 -0.363773
11.87 -0.597502 -0.350234
11.88 -0.627766 -0.336546
11.89 -0.65776 -0.322712
11.9 -0.687472 -0.30874
11.91 -0.716888 -0.294635
11.92 -0.745995 -0.280404
11.93 -0.774782 -0.266052
11.94 -0.803235 -0.251585
11.95 -0.831343 -0.23701
11.96 -0.859093 -0.222333
11.97 -0.886473 -0.207561
11.98 -0.913472 -0.192699
11.99 -0.940078 -0.177754
12 -0.966278 -0.162733
12.01 -0.992062 -0.147641
12.02 -1.01742 -0.132486
12.03 -1.04234 -0.117274
12.04 -1.06681 -0.102011
12.05 -1.09082 -0.0867045
12.06 -1.11436 -0.0713604
12.07 -1.13742 -0.0559856
12.08 -1.15998 -0.0405866
12.09 -1.18205 -0.0251702
12.1 -1.20361 -0.00974285
12.11 -1.22465 0.00568867
12.12 -1.24516 0.0211177
12.13 -1.26513 0.0365377
12.14 -1.28456 0.0519419
12.15 -1.30343 0.0673236
12.16 -1.32174 0.0826763
12.17 -1.33948 0.0979933
12.18 -1.35664 0.113268
12.19 -1.37322 0.128494
12.2 -1.3892 0.143664
12.21 -1.40458 0.158772
12.22 -1.41935 0.173812
12.23 -1.43351 0.188776
12.24 -1.44705 0.203659
12.25 -1.45997 0.218453
12.26 -1.47225 0.233153
12.27 -1.4839 0.247753
12.28 -1.4949 0.262245
12.29 -1.50526 0.276624
12.3 -1.51496 0.290883
12.31 -1.52401 0.305016
12.32 -1.5324 0.319017
12.33 -1.54013 0.332879
12.34 -1.54719 0.346598
12.35 -1.55358 0.360167
12.36 -1.5593 0.373579
12.37 -1.56434 0.38683
12.38 -1.5687 0.399913
12.39 -1.57238 0.412823
12.4 -1.57538 0.425554
12.41 -1.5777 0.4381
12.42 -1.57934 0.450456
12.43 -1.58029 0.462617
12.44 -1.58055 0.474578
12.45 -1.58013 0.486332
12.46 -1.57902 0.497876
12.47 -1.57723 0.509203
12.48 -1.57476 0.520309
12.49 -1.5716 0.53119
12.5 -1.56775 0.54184
12.51 -1.56323 0.552255
12.52 -1.55803 0.56243
12.53 -1.55215 0.57236
12.54 -1.5456 0.582042
12.55 -1.53837 0.591471
12.56 -1.53048 0.600643
12.57 -1.52192 0.609554
12.58 -1.5127 0.618201
12.59 -1.50282 0.626578
12.6 -1.49229 0.634683
12.61 -1.48111 0.642512
12.62 -1.46929 0.650061
12.63 -1.45683 0.657328
12.64 -1.44373 0.664309
12.65 -1.43001 0.671
12.66 -1.41566 0.6774
12.67 -1.4007 0.683505
12.68 -1.38512 0.689312
12.69 -1.36895 0.69482
12.7 -1.35217 0.700024
12.71 -1.33481 0.704924
12.72 -1.31687 0.709517
12.73 -1.29835 0.713801
12.74 -1.27927 0.717773
12.75 -1.25963 0.721433
12.76 -1.23945 0.724779
12.77 -1.21872 0.727809
12.78 -1.19746 0.730521
12.79 -1.17568 0.732915
12.8 -1.15338 0.734989
12.81 -1.13059 0.736743
12.82 -1.10729 0.738176
12.83 -1.08352 0.739286
12.84 -1.05928 0.740074
12.85 -1.03457 0.740539
12.86 -1.00941 0.74068
12.87 -0.983806 0.740499
12.88 -0.957776 0.739994
12.89 -0.931328 0.739166
12.9 -0.904473 0.738015
12.91 -0.877223 0.736542
12.92 -0.84959 0.734748
12.93 -0.821586 0.732632
12.94 -0.793223 0.730196
12.95 -0.764514 0.727442
12.96 -0.73547 0.724369
12.97 -0.706104 0.720979
12.98 -0.676431 0.717275
12.99 -0.646461 0.713257
13 -0.616209 0.708927
13.01 -0.585687 0.704287
13.02 -0.554909 0.699339
13.03 -0.523888 0.694085
13.04 -0.492638 0.688527
13.05 -0.461173 0.682668
13.06 -0.429505 0.676511
13.07 -0.39765 0.670057
13.08 -0.365621 0.66331
13.09 -0.333431 0.656273
13.1 -0.301096 0.648948
13.11 -0.268629 0.641339
13.12 -0.236044 0.633449
13.13 -0.203355 0.625282
13.14 -0.170578 0.61684
13.15 -0.137726 0.608129
13.16 -0.104814 0.599151
13.17 -0.0718552 0.589911
13.18 -0.0388653 0.580411
13.19 -0.0058584 0.570658
13.2 0.0271511 0.560654
13.21 0.0601487 0.550405
13.22 0.0931199 0.539914
13.23 0.12605 0.529186
13.24 0.158925 0.518226
13.25 0.191731 0.507039
13.26 0.224452 0.49563
13.27 0.257075 0.484002
13.28 0.289585 0.472163
13.29 0.321967 0.460116
13.3 0.354209 0.447867
13.31 0.386295 0.435422
13.32 0.418211 0.422785
13.33 0.449944 0.409963
13.34 0.481479 0.396961
13.35 0.512802 0.383784
13.36 0.543901 0.370439
13.37 0.57476 0.356931
13.38 0.605367 0.343266
13.39 0.635708 0.32945
13.4 0.665769 0.31549
13.41 0.695538 0.301391
13.42 0.725 0.287159
13.43 0.754145 0.272801
13.44 0.782957 0.258323
13.45 0.811425 0.243732
13.46 0.839536 0.229033
13.47 0.867278 0.214234
13.48 0.894639 0.19934
13.49 0.921605 0.184358
13.5 0.948167 0.169296
13.51 0.974311 0.154159
13.52 1 0.138969
