0 0 0
0.08 9.45158e-72 -2.64377e-76
0.16 1.54478e-66 -6.16136e-71
0.24 1.86496e-62 -1.3256e-66
0.32 4.1739e-59 -5.28581e-63
0.4 3.08764e-56 -6.58045e-60
0.48 9.70826e-54 -2.02506e-57
0.44 9.57597e-55 -2.43079e-58
0.42 1.93639e-55 -5.07883e-59
0.44 1.11979e-54 -3.43325e-58
0.43 4.72977e-55 -1.36421e-58
0.44 1.13207e-54 -3.56765e-58
0.45 2.65716e-54 -9.09878e-58
0.46 6.12109e-54 -2.26651e-57
0.47 1.38501e-53 -5.52217e-57
0.48 3.08048e-53 -1.31757e-56
0.49 6.73954e-53 -3.08198e-56
0.5 1.45136e-52 -7.07482e-56
0.51 3.07842e-52 -1.59525e-55
0.52 6.43486e-52 -3.53614e-55
0.53 1.32633e-51 -7.71181e-55
0.54 2.69708e-51 -1.65583e-54
0.55 5.41351e-51 -3.50264e-54
0.56 1.07303e-50 -7.30401e-54
0.57 2.10128e-50 -1.50232e-53
0.58 4.06702e-50 -3.0495e-53
0.59 7.78332e-50 -6.11196e-53
0.6 1.47337e-49 -1.2101e-52
0.61 2.7598e-49 -2.3678e-52
0.62 5.11689e-49 -4.58069e-52
0.63 9.39381e-49 -8.765e-52
0.64 1.70812e-48 -1.65947e-51
0.65 3.07727e-48 -3.10983e-51
0.66 5.49421e-48 -5.77032e-51
0.67 9.72423e-48 -1.06047e-50
0.68 1.70658e-47 -1.9309e-50
0.69 2.9705e-47 -3.48426e-50
0.7 5.12936e-47 -6.23263e-50
0.71 8.78876e-47 -1.10549e-49
0.72 1.49457e-46 -1.94477e-49
0.73 2.52301e-46 -3.39402e-49
0.74 4.22887e-46 -5.87753e-49
0.75 7.03903e-46 -1.01019e-48
0.76 1.16376e-45 -1.72356e-48
0.77 1.91143e-45 -2.91981e-48
0.78 3.11936e-45 -4.91213e-48
0.79 5.05893e-45 -8.20828e-48
0.8 8.15464e-45 -1.36263e-47
0.81 1.30668e-44 -2.24761e-47
0.82 2.08169e-44 -3.68427e-47
0.83 3.29767e-44 -6.00258e-47
0.84 5.19517e-44 -9.72177e-47
0.85 8.1405e-44 -1.56544e-46
0.86 1.26886e-43 -2.50652e-46
0.87 1.96764e-43 -3.99126e-46
0.88 3.03594e-43 -6.32132e-46
0.89 4.6613e-43 -9.95906e-46
0.9 7.12254e-43 -1.56097e-45
0.91 1.08324e-42 -2.43438e-45
0.92 1.63989e-42 -3.77788e-45
0.93 2.47147e-42 -5.83472e-45
0.94 3.70838e-42 -8.96913e-45
0.95 5.54042e-42 -1.37241e-44
0.96 8.24272e-42 -2.09056e-44
0.97 1.22125e-41 -3.17049e-44
0.98 1.80211e-41 -4.78761e-44
0.99 2.64874e-41 -7.19908e-44
1 3.87801e-41 -1.07805e-43
1.01 5.65621e-41 -1.60783e-43
1.02 8.21907e-41 -2.38844e-43
1.03 1.18995e-40 -3.53428e-43
1.04 1.71664e-40 -5.20989e-43
1.05 2.46775e-40 -7.65124e-43
1.06 3.53526e-40 -1.11954e-42
1.07 5.04745e-40 -1.63225e-42
1.08 7.18253e-40 -2.37137e-42
1.09 1.01875e-39 -3.43327e-42
1.1 1.44033e-39 -4.9538e-42
1.11 2.02998e-39 -7.12392e-42
1.12 2.8522e-39 -1.02112e-41
1.13 3.99531e-39 -1.45894e-41
1.14 5.57988e-39 -2.07789e-41
1.15 7.7701e-39 -2.95027e-41
1.16 1.07889e-38 -4.17615e-41
1.17 1.49383e-38 -5.8937e-41
1.18 2.0626e-38 -8.29319e-41
1.19 2.84015e-38 -1.16358e-40
1.2 3.90031e-38 -1.62794e-40
1.21 5.34206e-38 -2.27124e-40
1.22 7.29775e-38 -3.16004e-40
1.23 9.94392e-38 -4.38478e-40
1.24 1.35155e-37 -6.06802e-40
1.25 1.83245e-37 -8.37548e-40
1.26 2.4784e-37 -1.15306e-39
1.27 3.34403e-37 -1.58342e-39
1.28 4.50135e-37 -2.16898e-39
1.29 6.04513e-37 -2.96381e-39
1.3 8.09979e-37 -4.04012e-39
1.31 1.08284e-36 -5.4942e-39
1.32 1.4444e-36 -7.45415e-39
1.33 1.92249e-36 -1.009e-38
1.34 2.55331e-36 -1.36269e-38
1.35 3.38394e-36 -1.83624e-38
1.36 4.47541e-36 -2.46891e-38
1.37 5.90674e-36 -3.31237e-38
1.38 7.78004e-36 -4.43448e-38
1.39 1.0227e-35 -5.92422e-38
1.4 1.3417e-35 -7.89801e-38
1.41 1.75678e-35 -1.05079e-37
1.42 2.29588e-35 -1.3952e-37
1.43 2.99474e-35 -1.84881e-37
1.44 3.89906e-35 -2.44509e-37
1.45 5.06713e-35 -3.22745e-37
1.46 6.57321e-35 -4.25202e-37
1.47 8.51169e-35 -5.59132e-37
1.48 1.10024e-34 -7.33884e-37
1.49 1.41973e-34 -9.61491e-37
1.5 1.82884e-34 -1.25742e-36
1.51 2.35185e-34 -1.6415e-36
1.52 3.01939e-34 -2.13913e-36
1.53 3.87e-34 -2.7828e-36
1.54 4.95217e-34 -3.61396e-36
1.55 6.32677e-34 -4.68545e-36
1.56 8.07011e-34 -6.06451e-36
1.57 1.02777e-33 -7.83655e-36
1.58 1.3069e-33 -1.011e-35
1.59 1.65929e-33 -1.3022e-35
1.6 2.10354e-33 -1.67462e-35
1.61 2.66275e-33 -2.1502e-35
1.62 3.36566e-33 -2.75657e-35
1.63 4.24796e-33 -3.52856e-35
1.64 5.35386e-33 -4.50996e-35
1.65 6.7381e-33 -5.75574e-35
1.66 8.46836e-33 -7.33486e-35
1.67 1.06282e-32 -9.33368e-35
1.68 1.33207e-32 -1.18602e-34
1.69 1.66728e-32 -1.50492e-34
1.7 2.08405e-32 -1.9069e-34
1.71 2.60157e-32 -2.41292e-34
1.72 3.24337e-32 -3.04904e-34
1.73 4.03828e-32 -3.84767e-34
1.74 5.02162e-32 -4.849e-34
1.75 6.23654e-32 -6.10285e-34
1.76 7.73575e-32 -7.67092e-34
1.77 9.58356e-32 -9.62947e-34
1.78 1.18583e-31 -1.20727e-33
1.79 1.46553e-31 -1.51167e-33
1.8 1.80905e-31 -1.89047e-33
1.81 2.23046e-31 -2.36127e-33
1.82 2.74683e-31 -2.94573e-33
1.83 3.37886e-31 -3.67044e-33
1.84 4.15158e-31 -4.56798e-33
1.85 5.09527e-31 -5.67831e-33
1.86 6.24651e-31 -7.05029e-33
1.87 7.64941e-31 -8.74368e-33
1.88 9.35718e-31 -1.08314e-32
1.89 1.14339e-30 -1.34025e-32
1.9 1.39565e-30 -1.65655e-32
1.91 1.70178e-30 -2.04522e-32
1.92 2.07288e-30 -2.52232e-32
1.93 2.52229e-30 -3.10736e-32
1.94 3.066e-30 -3.82401e-32
1.95 3.72313e-30 -4.70094e-32
1.96 4.51656e-30 -5.77291e-32
1.97 5.47365e-30 -7.08198e-32
1.98 6.62704e-30 -8.67896e-32
1.99 8.01565e-30 -1.06253e-31
2 9.68589e-30 -1.29949e-31
2.01 1.1693e-29 -1.58772e-31
2.02 1.41027e-29 -1.93797e-31
2.03 1.69931e-29 -2.36318e-31
2.04 2.0457e-29 -2.87888e-31
2.05 2.46043e-29 -3.50377e-31
2.06 2.95656e-29 -4.26026e-31
2.07 3.54954e-29 -5.17521e-31
2.08 4.25765e-29 -6.28081e-31
2.09 5.10252e-29 -7.61559e-31
2.1 6.10971e-29 -9.2256e-31
2.11 7.30939e-29 -1.11659e-30
2.12 8.73713e-29 -1.35022e-30
2.13 1.04349e-28 -1.63128e-30
2.14 1.24521e-28 -1.96911e-30
2.15 1.48468e-28 -2.37484e-30
2.16 1.76875e-28 -2.86171e-30
2.17 2.10545e-28 -3.44543e-30
2.18 2.50421e-28 -4.14472e-30
2.19 2.97611e-28 -4.98174e-30
2.2 3.53411e-28 -5.98283e-30
2.21 4.19344e-28 -7.17917e-30
2.22 4.97188e-28 -8.6077e-30
2.23 5.89026e-28 -1.03121e-29
2.24 6.97293e-28 -1.23442e-29
2.25 8.24833e-28 -1.47649e-29
2.26 9.74965e-28 -1.76463e-29
2.27 1.15156e-27 -2.10737e-29
2.28 1.35914e-27 -2.51472e-29
2.29 1.60296e-27 -2.99851e-29
2.3 1.88915e-27 -3.57266e-29
2.31 2.22482e-27 -4.25353e-29
2.32 2.61826e-27 -5.06037e-29
2.33 3.0791e-27 -6.01579e-29
2.34 3.61851e-27 -7.14634e-29
2.35 4.24945e-27 -8.48316e-29
2.36 4.98695e-27 -1.00628e-28
2.37 5.84845e-27 -1.19279e-28
2.38 6.85411e-27 -1.41288e-28
2.39 8.02729e-27 -1.67239e-28
2.4 9.39499e-27 -1.97818e-28
2.41 1.09885e-26 -2.33826e-28
2.42 1.28437e-26 -2.76198e-28
2.43 1.50025e-26 -3.26025e-28
2.44 1.75128e-26 -3.8458e-28
2.45 2.043e-26 -4.53348e-28
2.46 2.38179e-26 -5.34055e-28
2.47 2.77503e-26 -6.28714e-28
2.48 3.23116e-26 -7.39664e-28
2.49 3.75994e-26 -8.69627e-28
2.5 4.37256e-26 -1.02176e-27
2.51 5.0819e-26 -1.19975e-27
2.52 5.90273e-26 -1.40784e-27
2.53 6.85202e-26 -1.65097e-27
2.54 7.94925e-26 -1.93488e-27
2.55 9.21672e-26 -2.26621e-27
2.56 1.068e-25 -2.65263e-27
2.57 1.23684e-25 -3.10303e-27
2.58 1.43155e-25 -3.6277e-27
2.59 1.65596e-25 -4.23852e-27
2.6 1.91446e-25 -4.94921e-27
2.61 2.21206e-25 -5.77563e-27
2.62 2.55449e-25 -6.73606e-27
2.63 2.94829e-25 -7.85158e-27
2.64 3.40093e-25 -9.14651e-27
2.65 3.92091e-25 -1.06488e-26
2.66 4.51793e-25 -1.23908e-26
2.67 5.20306e-25 -1.44095e-26
2.68 5.98888e-25 -1.67475e-26
2.69 6.88972e-25 -1.9454e-26
2.7 7.92188e-25 -2.25852e-26
2.71 9.10391e-25 -2.62058e-26
2.72 1.04569e-24 -3.03901e-26
2.73 1.20047e-24 -3.52232e-26
2.74 1.37746e-24 -4.08027e-26
2.75 1.57974e-24 -4.72405e-26
2.76 1.81082e-24 -5.46646e-26
2.77 2.07465e-24 -6.32217e-26
2.78 2.37574e-24 -7.30796e-26
2.79 2.71918e-24 -8.44302e-26
2.8 3.11075e-24 -9.74926e-26
2.81 3.55697e-24 -1.12517e-25
2.82 4.06524e-24 -1.29791e-25
2.83 4.6439e-24 -1.49639e-25
2.84 5.30241e-24 -1.72435e-25
2.85 6.05143e-24 -1.98602e-25
2.86 6.903e-24 -2.28625e-25
2.87 7.87075e-24 -2.63056e-25
2.88 8.97e-24 -3.0252e-25
2.89 1.02181e-23 -3.47734e-25
2.9 1.16345e-23 -3.99508e-25
2.91 1.32412e-23 -4.58767e-25
2.92 1.5063e-23 -5.26561e-25
2.93 1.71278e-23 -6.0408e-25
2.94 1.9467e-23 -6.9268e-25
2.95 2.21159e-23 -7.93895e-25
2.96 2.51142e-23 -9.09469e-25
2.97 2.85065e-23 -1.04138e-24
2.98 3.2343e-23 -1.19186e-24
2.99 3.66801e-23 -1.36345e-24
3 4.1581e-23 -1.55902e-24
3.01 4.71167e-23 -1.78182e-24
3.02 5.33668e-23 -2.03554e-24
3.03 6.04207e-23 -2.32431e-24
3.04 6.83785e-23 -2.65286e-24
3.05 7.73523e-23 -3.02648e-24
3.06 8.74679e-23 -3.45118e-24
3.07 9.88659e-23 -3.93372e-24
3.08 1.11704e-22 -4.48175e-24
3.09 1.26158e-22 -5.10387e-24
3.1 1.42425e-22 -5.8098e-24
3.11 1.60726e-22 -6.6105e-24
3.12 1.81306e-22 -7.51828e-24
3.13 2.04442e-22 -8.54704e-24
3.14 2.30439e-22 -9.71241e-24
3.15 2.59642e-22 -1.1032e-23
3.16 2.92432e-22 -1.25255e-23
3.17 3.29237e-22 -1.42152e-23
3.18 3.70533e-22 -1.6126e-23
3.19 4.1685e-22 -1.82862e-23
3.2 4.6878e-22 -2.0727e-23
3.21 5.26983e-22 -2.34839e-23
3.22 5.92191e-22 -2.65966e-23
3.23 6.65222e-22 -3.01095e-23
3.24 7.46984e-22 -3.40726e-23
3.25 8.38489e-22 -3.85417e-23
3.26 9.40862e-22 -4.35793e-23
3.27 1.05535e-21 -4.92557e-23
3.28 1.18335e-21 -5.56492e-23
3.29 1.32639e-21 -6.28477e-23
3.3 1.4862e-21 -7.09493e-23
3.31 1.66468e-21 -8.00638e-23
3.32 1.86394e-21 -9.03138e-23
3.33 2.08631e-21 -1.01836e-22
3.34 2.33441e-21 -1.14785e-22
3.35 2.61111e-21 -1.29329e-22
3.36 2.91961e-21 -1.45661e-22
3.37 3.26344e-21 -1.63993e-22
3.38 3.64653e-21 -1.84561e-22
3.39 4.07321e-21 -2.07631e-22
3.4 4.54829e-21 -2.33496e-22
3.41 5.07709e-21 -2.62485e-22
3.42 5.66549e-21 -2.94964e-22
3.43 6.32e-21 -3.31338e-22
3.44 7.04781e-21 -3.7206e-22
3.45 7.85687e-21 -4.17634e-22
3.46 8.75596e-21 -4.68618e-22
3.47 9.75479e-21 -5.25635e-22
3.48 1.08641e-20 -5.89376e-22
3.49 1.20956e-20 -6.60608e-22
3.5 1.34626e-20 -7.40184e-22
3.51 1.49792e-20 -8.29048e-22
3.52 1.66615e-20 -9.28252e-22
3.53 1.85269e-20 -1.03896e-21
3.54 2.05948e-20 -1.16246e-21
3.55 2.28864e-20 -1.30018e-21
3.56 2.54251e-20 -1.45371e-21
3.57 2.82369e-20 -1.62481e-21
3.58 3.135e-20 -1.81542e-21
3.59 3.47959e-20 -2.02769e-21
3.6 3.86089e-20 -2.264e-21
3.61 4.28268e-20 -2.527e-21
3.62 4.74915e-20 -2.81958e-21
3.63 5.26485e-20 -3.14498e-21
3.64 5.83484e-20 -3.50675e-21
3.65 6.46464e-20 -3.90882e-21
3.66 7.16033e-20 -4.35555e-21
3.67 7.92858e-20 -4.85171e-21
3.68 8.77671e-20 -5.40262e-21
3.69 9.71279e-20 -6.0141e-21
3.7 1.07456e-19 -6.69259e-21
3.71 1.18849e-19 -7.4452e-21
3.72 1.31412e-19 -8.27977e-21
3.73 1.45263e-19 -9.20491e-21
3.74 1.60528e-19 -1.02301e-20
3.75 1.77348e-19 -1.13659e-20
3.76 1.95876e-19 -1.26237e-20
3.77 2.1628e-19 -1.40163e-20
3.78 2.38744e-19 -1.55576e-20
3.79 2.63469e-19 -1.7263e-20
3.8 2.90675e-19 -1.91493e-20
3.81 3.20604e-19 -2.12352e-20
3.82 3.53519e-19 -2.35409e-20
3.83 3.89708e-19 -2.60889e-20
3.84 4.29488e-19 -2.89039e-20
3.85 4.73202e-19 -3.20127e-20
3.86 5.21227e-19 -3.54452e-20
3.87 5.73976e-19 -3.92339e-20
3.88 6.31898e-19 -4.34143e-20
3.89 6.95483e-19 -4.80258e-20
3.9 7.65267e-19 -5.31113e-20
3.91 8.41837e-19 -5.87178e-20
3.92 9.25829e-19 -6.48969e-20
3.93 1.01794e-18 -7.17051e-20
3.94 1.11893e-18 -7.92043e-20
3.95 1.22963e-18 -8.74623e-20
3.96 1.35095e-18 -9.65531e-20
3.97 1.48385e-18 -1.06558e-19
3.98 1.62943e-18 -1.17566e-19
3.99 1.78884e-18 -1.29673e-19
4 1.96336e-18 -1.42987e-19
4.01 2.15438e-18 -1.57623e-19
4.02 2.3634e-18 -1.73708e-19
4.03 2.59207e-18 -1.9138e-19
4.04 2.84217e-18 -2.10791e-19
4.05 3.11565e-18 -2.32107e-19
4.06 3.41463e-18 -2.55506e-19
4.07 3.7414e-18 -2.81187e-19
4.08 4.09846e-18 -3.09364e-19
4.09 4.48852e-18 -3.40271e-19
4.1 4.91456e-18 -3.74164e-19
4.11 5.37976e-18 -4.11322e-19
4.12 5.88762e-18 -4.52047e-19
4.13 6.44192e-18 -4.96671e-19
4.14 7.04677e-18 -5.45553e-19
4.15 7.70664e-18 -5.99087e-19
4.16 8.42635e-18 -6.577e-19
4.17 9.21117e-18 -7.21857e-19
4.18 1.00668e-17 -7.92064e-19
4.19 1.09994e-17 -8.68872e-19
4.2 1.20157e-17 -9.52879e-19
4.21 1.31229e-17 -1.04474e-18
4.22 1.4329e-17 -1.14516e-18
4.23 1.56424e-17 -1.25491e-18
4.24 1.70724e-17 -1.37482e-18
4.25 1.8629e-17 -1.50581e-18
4.26 2.03231e-17 -1.64887e-18
4.27 2.21664e-17 -1.80506e-18
4.28 2.41716e-17 -1.97555e-18
4.29 2.63524e-17 -2.1616e-18
4.3 2.87239e-17 -2.36459e-18
4.31 3.1302e-17 -2.58599e-18
4.32 3.41042e-17 -2.82744e-18
4.33 3.71494e-17 -3.09066e-18
4.34 4.04578e-17 -3.37757e-18
4.35 4.40516e-17 -3.69022e-18
4.36 4.79546e-17 -4.03083e-18
4.37 5.21924e-17 -4.40182e-18
4.38 5.67928e-17 -4.8058e-18
4.39 6.1786e-17 -5.24561e-18
4.4 6.72042e-17 -5.72431e-18
4.41 7.30825e-17 -6.24522e-18
4.42 7.94588e-17 -6.81193e-18
4.43 8.63737e-17 -7.42833e-18
4.44 9.38713e-17 -8.09861e-18
4.45 1.01999e-16 -8.82733e-18
4.46 1.10808e-16 -9.6194e-18
4.47 1.20354e-16 -1.04801e-17
4.48 1.30696e-16 -1.14153e-17
4.49 1.41899e-16 -1.2431e-17
4.5 1.54032e-16 -1.35341e-17
4.51 1.67168e-16 -1.47317e-17
4.52 1.8139e-16 -1.60317e-17
4.53 1.96783e-16 -1.74425e-17
4.54 2.13441e-16 -1.89732e-17
4.55 2.31464e-16 -2.06338e-17
4.56 2.50961e-16 -2.24346e-17
4.57 2.72047e-16 -2.43874e-17
4.58 2.94849e-16 -2.65042e-17
4.59 3.19501e-16 -2.87986e-17
4.6 3.46149e-16 -3.12848e-17
4.61 3.74949e-16 -3.39784e-17
4.62 4.06068e-16 -3.68959e-17
4.63 4.39687e-16 -4.00554e-17
4.64 4.76002e-16 -4.34762e-17
4.65 5.1522e-16 -4.71791e-17
4.66 5.57566e-16 -5.11867e-17
4.67 6.03281e-16 -5.5523e-17
4.68 6.52626e-16 -6.02141e-17
4.69 7.05877e-16 -6.5288e-17
4.7 7.63334e-16 -7.07748e-17
4.71 8.25319e-16 -7.67069e-17
4.72 8.92177e-16 -8.31192e-17
4.73 9.64277e-16 -9.00492e-17
4.74 1.04202e-15 -9.75371e-17
4.75 1.12583e-15 -1.05626e-16
4.76 1.21616e-15 -1.14363e-16
4.77 1.31351e-15 -1.23798e-16
4.78 1.4184e-15 -1.33985e-16
4.79 1.5314e-15 -1.44981e-16
4.8 1.65311e-15 -1.56848e-16
4.81 1.78419e-15 -1.69654e-16
4.82 1.92533e-15 -1.83469e-16
4.83 2.07727e-15 -1.9837e-16
4.84 2.24082e-15 -2.1444e-16
4.85 2.41684e-15 -2.31767e-16
4.86 2.60623e-15 -2.50445e-16
4.87 2.81e-15 -2.70578e-16
4.88 3.02918e-15 -2.92273e-16
4.89 3.26491e-15 -3.15647e-16
4.9 3.5184e-15 -3.40826e-16
4.91 3.79093e-15 -3.67945e-16
4.92 4.08389e-15 -3.97147e-16
4.93 4.39877e-15 -4.28587e-16
4.94 4.73715e-15 -4.62429e-16
4.95 5.10071e-15 -4.98852e-16
4.96 5.49129e-15 -5.38045e-16
4.97 5.9108e-15 -5.8021e-16
4.98 6.36134e-15 -6.25566e-16
4.99 6.84511e-15 -6.74345e-16
5 7.36449e-15 -7.26796e-16
5.01 7.922e-15 -7.83185e-16
5.02 8.52036e-15 -8.43799e-16
5.03 9.16245e-15 -9.08941e-16
5.04 9.85138e-15 -9.78938e-16
5.05 1.05904e-14 -1.05414e-15
5.06 1.13831e-14 -1.13492e-15
5.07 1.22333e-14 -1.22167e-15
5.08 1.31448e-14 -1.31483e-15
5.09 1.41221e-14 -1.41484e-15
5.1 1.51698e-14 -1.5222e-15
5.11 1.62926e-14 -1.63742e-15
5.12 1.74958e-14 -1.76107e-15
5.13 1.87851e-14 -1.89372e-15
5.14 2.01662e-14 -2.03602e-15
5.15 2.16456e-14 -2.18864e-15
5.16 2.32301e-14 -2.35231e-15
5.17 2.49267e-14 -2.52779e-15
5.18 2.67433e-14 -2.71591e-15
5.19 2.8688e-14 -2.91755e-15
5.2 3.07695e-14 -3.13363e-15
5.21 3.29971e-14 -3.36516e-15
5.22 3.53808e-14 -3.61321e-15
5.23 3.79311e-14 -3.87891e-15
5.24 4.06592e-14 -4.16346e-15
5.25 4.35772e-14 -4.46817e-15
5.26 4.66979e-14 -4.7944e-15
5.27 5.00347e-14 -5.14362e-15
5.28 5.36022e-14 -5.5174e-15
5.29 5.74158e-14 -5.91739e-15
5.3 6.1492e-14 -6.34538e-15
5.31 6.58481e-14 -6.80325e-15
5.32 7.05027e-14 -7.293e-15
5.33 7.54757e-14 -7.81679e-15
5.34 8.0788e-14 -8.37689e-15
5.35 8.64621e-14 -8.97573e-15
5.36 9.25217e-14 -9.61589e-15
5.37 9.89921e-14 -1.03001e-14
5.38 1.059e-13 -1.10313e-14
5.39 1.13275e-13 -1.18127e-14
5.4 1.21146e-13 -1.26474e-14
5.41 1.29547e-13 -1.35391e-14
5.42 1.38511e-13 -1.44914e-14
5.43 1.48075e-13 -1.55085e-14
5.44 1.58277e-13 -1.65944e-14
5.45 1.6916e-13 -1.77537e-14
5.46 1.80767e-13 -1.89912e-14
5.47 1.93144e-13 -2.03119e-14
5.48 2.0634e-13 -2.17213e-14
5.49 2.20409e-13 -2.3225e-14
5.5 2.35406e-13 -2.48293e-14
5.51 2.5139e-13 -2.65405e-14
5.52 2.68423e-13 -2.83655e-14
5.53 2.86573e-13 -3.03117e-14
5.54 3.05909e-13 -3.23867e-14
5.55 3.26508e-13 -3.45989e-14
5.56 3.48448e-13 -3.69569e-14
5.57 3.71814e-13 -3.947e-14
5.58 3.96695e-13 -4.2148e-14
5.59 4.23187e-13 -4.50014e-14
5.6 4.5139e-13 -4.80412e-14
5.61 4.8141e-13 -5.12793e-14
5.62 5.13362e-13 -5.47279e-14
5.63 5.47364e-13 -5.84005e-14
5.64 5.83544e-13 -6.23109e-14
5.65 6.22037e-13 -6.6474e-14
5.66 6.62985e-13 -7.09055e-14
5.67 7.06541e-13 -7.56222e-14
5.68 7.52863e-13 -8.06417e-14
5.69 8.02122e-13 -8.59827e-14
5.7 8.54498e-13 -9.16652e-14
5.71 9.10181e-13 -9.77102e-14
5.72 9.69372e-13 -1.0414e-13
5.73 1.03229e-12 -1.10978e-13
5.74 1.09915e-12 -1.18249e-13
5.75 1.1702e-12 -1.2598e-13
5.76 1.24569e-12 -1.34199e-13
5.77 1.32589e-12 -1.42936e-13
5.78 1.41108e-12 -1.52221e-13
5.79 1.50156e-12 -1.62089e-13
5.8 1.59765e-12 -1.72574e-13
5.81 1.69969e-12 -1.83713e-13
5.82 1.80803e-12 -1.95547e-13
5.83 1.92305e-12 -2.08116e-13
5.84 2.04514e-12 -2.21464e-13
5.85 2.17472e-12 -2.35639e-13
5.86 2.31224e-12 -2.5069e-13
5.87 2.45817e-12 -2.66668e-13
5.88 2.613e-12 -2.8363e-13
5.89 2.77726e-12 -3.01632e-13
5.9 2.9515e-12 -3.20737e-13
5.91 3.13631e-12 -3.4101e-13
5.92 3.33231e-12 -3.6252e-13
5.93 3.54014e-12 -3.85338e-13
5.94 3.76051e-12 -4.09543e-13
5.95 3.99413e-12 -4.35216e-13
5.96 4.24179e-12 -4.62441e-13
5.97 4.50428e-12 -4.9131e-13
5.98 4.78248e-12 -5.21918e-13
5.99 5.07729e-12 -5.54367e-13
6 5.38966e-12 -5.88762e-13
6.01 5.7206e-12 -6.25216e-13
6.02 6.07119e-12 -6.63849e-13
6.03 6.44254e-12 -7.04786e-13
6.04 6.83584e-12 -7.48158e-13
6.05 7.25235e-12 -7.94106e-13
6.06 7.69339e-12 -8.42778e-13
6.07 8.16034e-12 -8.94328e-13
6.08 8.65468e-12 -9.48921e-13
6.09 9.17797e-12 -1.00673e-12
6.1 9.73183e-12 -1.06794e-12
6.11 1.0318e-11 -1.13273e-12
6.12 1.09383e-11 -1.20133e-12
6.13 1.15946e-11 -1.27393e-12
6.14 1.22889e-11 -1.35076e-12
6.15 1.30235e-11 -1.43206e-12
6.16 1.38004e-11 -1.51809e-12
6.17 1.46222e-11 -1.60911e-12
6.18 1.54912e-11 -1.70539e-12
6.19 1.64102e-11 -1.80722e-12
6.2 1.73818e-11 -1.91493e-12
6.21 1.84089e-11 -2.02883e-12
6.22 1.94948e-11 -2.14927e-12
6.23 2.06425e-11 -2.2766e-12
6.24 2.18555e-11 -2.41122e-12
6.25 2.31373e-11 -2.55351e-12
6.26 2.44918e-11 -2.70391e-12
6.27 2.59229e-11 -2.86285e-12
6.28 2.74347e-11 -3.03081e-12
6.29 2.90318e-11 -3.20828e-12
6.3 3.07186e-11 -3.39577e-12
6.31 3.25001e-11 -3.59383e-12
6.32 3.43814e-11 -3.80304e-12
6.33 3.6368e-11 -4.024e-12
6.34 3.84653e-11 -4.25735e-12
6.35 4.06796e-11 -4.50375e-12
6.36 4.30169e-11 -4.76391e-12
6.37 4.54839e-11 -5.03857e-12
6.38 4.80876e-11 -5.32851e-12
6.39 5.08353e-11 -5.63454e-12
6.4 5.37345e-11 -5.95753e-12
6.41 5.67935e-11 -6.29838e-12
6.42 6.00207e-11 -6.65804e-12
6.43 6.34249e-11 -7.03752e-12
6.44 6.70156e-11 -7.43786e-12
6.45 7.08026e-11 -7.86018e-12
6.46 7.47963e-11 -8.30562e-12
6.47 7.90075e-11 -8.77542e-12
6.48 8.34476e-11 -9.27085e-12
6.49 8.81287e-11 -9.79326e-12
6.5 9.30634e-11 -1.03441e-11
6.51 9.82648e-11 -1.09248e-11
6.52 1.03747e-10 -1.15369e-11
6.53 1.09524e-10 -1.21821e-11
6.54 1.15613e-10 -1.28622e-11
6.55 1.22027e-10 -1.35788e-11
6.56 1.28786e-10 -1.4334e-11
6.57 1.35906e-10 -1.51296e-11
6.58 1.43406e-10 -1.59679e-11
6.59 1.51305e-10 -1.6851e-11
6.6 1.59625e-10 -1.77812e-11
6.61 1.68386e-10 -1.87609e-11
6.62 1.77611e-10 -1.97926e-11
6.63 1.87324e-10 -2.08791e-11
6.64 1.9755e-10 -2.20231e-11
6.65 2.08315e-10 -2.32276e-11
6.66 2.19646e-10 -2.44956e-11
6.67 2.31572e-10 -2.58304e-11
6.68 2.44123e-10 -2.72353e-11
6.69 2.57331e-10 -2.87138e-11
6.7 2.71228e-10 -3.02698e-11
6.71 2.85849e-10 -3.19072e-11
6.72 3.01231e-10 -3.36299e-11
6.73 3.17413e-10 -3.54423e-11
6.74 3.34433e-10 -3.73489e-11
6.75 3.52333e-10 -3.93544e-11
6.76 3.71158e-10 -4.14638e-11
6.77 3.90954e-10 -4.36822e-11
6.78 4.11769e-10 -4.6015e-11
6.79 4.33653e-10 -4.8468e-11
6.8 4.5666e-10 -5.1047e-11
6.81 4.80844e-10 -5.37584e-11
6.82 5.06264e-10 -5.66086e-11
6.83 5.3298e-10 -5.96045e-11
6.84 5.61057e-10 -6.27533e-11
6.85 5.90561e-10 -6.60625e-11
6.86 6.21561e-10 -6.95399e-11
6.87 6.54132e-10 -7.31938e-11
6.88 6.88349e-10 -7.70328e-11
6.89 7.24293e-10 -8.10659e-11
6.9 7.62048e-10 -8.53026e-11
6.91 8.01701e-10 -8.97528e-11
6.92 8.43344e-10 -9.44267e-11
6.93 8.87074e-10 -9.93353e-11
6.94 9.32991e-10 -1.0449e-10
6.95 9.81201e-10 -1.09902e-10
6.96 1.03181e-09 -1.15585e-10
6.97 1.08494e-09 -1.21551e-10
6.98 1.14071e-09 -1.27814e-10
6.99 1.19925e-09 -1.34387e-10
7 1.26068e-09 -1.41287e-10
7.01 1.32514e-09 -1.48528e-10
7.02 1.39279e-09 -1.56127e-10
7.03 1.46376e-09 -1.641e-10
7.04 1.53823e-09 -1.72466e-10
7.05 1.61634e-09 -1.81243e-10
7.06 1.69828e-09 -1.90451e-10
7.07 1.78423e-09 -2.00109e-10
7.08 1.87437e-09 -2.10239e-10
7.09 1.9689e-09 -2.20864e-10
7.1 2.06803e-09 -2.32006e-10
7.11 2.17197e-09 -2.43689e-10
7.12 2.28094e-09 -2.5594e-10
7.13 2.39519e-09 -2.68784e-10
7.14 2.51496e-09 -2.82249e-10
7.15 2.6405e-09 -2.96364e-10
7.16 2.77207e-09 -3.11159e-10
7.17 2.90997e-09 -3.26666e-10
7.18 3.05449e-09 -3.42917e-10
7.19 3.20592e-09 -3.59948e-10
7.2 3.36458e-09 -3.77793e-10
7.21 3.53082e-09 -3.96491e-10
7.22 3.70497e-09 -4.16081e-10
7.23 3.8874e-09 -4.36602e-10
7.24 4.07849e-09 -4.58099e-10
7.25 4.27864e-09 -4.80616e-10
7.26 4.48824e-09 -5.04199e-10
7.27 4.70775e-09 -5.28896e-10
7.28 4.9376e-09 -5.54759e-10
7.29 5.17826e-09 -5.8184e-10
7.3 5.43023e-09 -6.10194e-10
7.31 5.69401e-09 -6.39879e-10
7.32 5.97014e-09 -6.70956e-10
7.33 6.25917e-09 -7.03486e-10
7.34 6.56169e-09 -7.37535e-10
7.35 6.87829e-09 -7.73171e-10
7.36 7.20961e-09 -8.10466e-10
7.37 7.55631e-09 -8.49493e-10
7.38 7.91906e-09 -8.9033e-10
7.39 8.2986e-09 -9.33058e-10
7.4 8.69566e-09 -9.7776e-10
7.41 9.11102e-09 -1.02452e-09
7.42 9.54549e-09 -1.07344e-09
7.43 9.99992e-09 -1.12461e-09
7.44 1.04752e-08 -1.17813e-09
7.45 1.09722e-08 -1.2341e-09
7.46 1.1492e-08 -1.29262e-09
7.47 1.20354e-08 -1.35382e-09
7.48 1.26036e-08 -1.41782e-09
7.49 1.31976e-08 -1.48472e-09
7.5 1.38187e-08 -1.55466e-09
7.51 1.44678e-08 -1.62777e-09
7.52 1.51463e-08 -1.7042e-09
7.53 1.58555e-08 -1.78408e-09
7.54 1.65966e-08 -1.86756e-09
7.55 1.73711e-08 -1.9548e-09
7.56 1.81803e-08 -2.04597e-09
7.57 1.90259e-08 -2.14123e-09
7.58 1.99094e-08 -2.24076e-09
7.59 2.08323e-08 -2.34474e-09
7.6 2.17965e-08 -2.45336e-09
7.61 2.28036e-08 -2.56683e-09
7.62 2.38555e-08 -2.68535e-09
7.63 2.49541e-08 -2.80914e-09
7.64 2.61014e-08 -2.93841e-09
7.65 2.72995e-08 -3.07342e-09
7.66 2.85505e-08 -3.21439e-09
7.67 2.98567e-08 -3.36158e-09
7.68 3.12204e-08 -3.51526e-09
7.69 3.26441e-08 -3.6757e-09
7.7 3.41303e-08 -3.84319e-09
7.71 3.56815e-08 -4.01802e-09
7.72 3.73007e-08 -4.2005e-09
7.73 3.89905e-08 -4.39095e-09
7.74 4.0754e-08 -4.58971e-09
7.75 4.25943e-08 -4.79713e-09
7.76 4.45145e-08 -5.01357e-09
7.77 4.6518e-08 -5.2394e-09
7.78 4.86083e-08 -5.47501e-09
7.79 5.0789e-08 -5.72082e-09
7.8 5.30637e-08 -5.97724e-09
7.81 5.54366e-08 -6.24472e-09
7.82 5.79114e-08 -6.52371e-09
7.83 6.04926e-08 -6.81469e-09
7.84 6.31845e-08 -7.11815e-09
7.85 6.59915e-08 -7.43461e-09
7.86 6.89186e-08 -7.7646e-09
7.87 7.19705e-08 -8.10868e-09
7.88 7.51524e-08 -8.46741e-09
7.89 7.84696e-08 -8.84141e-09
7.9 8.19277e-08 -9.2313e-09
7.91 8.55323e-08 -9.63771e-09
7.92 8.92894e-08 -1.00613e-08
7.93 9.32053e-08 -1.05029e-08
7.94 9.72863e-08 -1.0963e-08
7.95 1.01539e-07 -1.14426e-08
7.96 1.05971e-07 -1.19423e-08
7.97 1.10588e-07 -1.24629e-08
7.98 1.15399e-07 -1.30054e-08
7.99 1.20412e-07 -1.35707e-08
8 1.25633e-07 -1.41595e-08
8.01 1.31072e-07 -1.47729e-08
8.02 1.36738e-07 -1.54118e-08
8.03 1.42639e-07 -1.60773e-08
8.04 1.48785e-07 -1.67704e-08
8.05 1.55186e-07 -1.74922e-08
8.06 1.61851e-07 -1.82439e-08
8.07 1.68791e-07 -1.90266e-08
8.08 1.76018e-07 -1.98416e-08
8.09 1.83541e-07 -2.06901e-08
8.1 1.91374e-07 -2.15735e-08
8.11 1.99528e-07 -2.24932e-08
8.12 2.08016e-07 -2.34505e-08
8.13 2.16851e-07 -2.4447e-08
8.14 2.26047e-07 -2.54841e-08
8.15 2.35617e-07 -2.65636e-08
8.16 2.45577e-07 -2.76869e-08
8.17 2.55941e-07 -2.88559e-08
8.18 2.66725e-07 -3.00723e-08
8.19 2.77946e-07 -3.1338e-08
8.2 2.8962e-07 -3.26549e-08
8.21 3.01766e-07 -3.40249e-08
8.22 3.14401e-07 -3.54501e-08
8.23 3.27544e-07 -3.69326e-08
8.24 3.41215e-07 -3.84747e-08
8.25 3.55434e-07 -4.00787e-08
8.26 3.70222e-07 -4.17468e-08
8.27 3.856e-07 -4.34816e-08
8.28 4.01593e-07 -4.52857e-08
8.29 4.18222e-07 -4.71617e-08
8.3 4.35513e-07 -4.91122e-08
8.31 4.53491e-07 -5.11402e-08
8.32 4.72181e-07 -5.32487e-08
8.33 4.9161e-07 -5.54406e-08
8.34 5.11807e-07 -5.77191e-08
8.35 5.32801e-07 -6.00875e-08
8.36 5.54622e-07 -6.25493e-08
8.37 5.77301e-07 -6.51078e-08
8.38 6.0087e-07 -6.77668e-08
8.39 6.25363e-07 -7.053e-08
8.4 6.50814e-07 -7.34014e-08
8.41 6.7726e-07 -7.6385e-08
8.42 7.04737e-07 -7.94851e-08
8.43 7.33284e-07 -8.27058e-08
8.44 7.62941e-07 -8.60518e-08
8.45 7.93749e-07 -8.95277e-08
8.46 8.25752e-07 -9.31383e-08
8.47 8.58992e-07 -9.68887e-08
8.48 8.93517e-07 -1.00784e-07
8.49 9.29373e-07 -1.0483e-07
8.5 9.6661e-07 -1.09031e-07
8.51 1.00528e-06 -1.13394e-07
8.52 1.04543e-06 -1.17924e-07
8.53 1.08712e-06 -1.22628e-07
8.54 1.13041e-06 -1.27512e-07
8.55 1.17535e-06 -1.32583e-07
8.56 1.222e-06 -1.37847e-07
8.57 1.27043e-06 -1.43312e-07
8.58 1.32071e-06 -1.48984e-07
8.59 1.37288e-06 -1.54872e-07
8.6 1.42704e-06 -1.60983e-07
8.61 1.48325e-06 -1.67325e-07
8.62 1.54158e-06 -1.73906e-07
8.63 1.60211e-06 -1.80736e-07
8.64 1.66492e-06 -1.87823e-07
8.65 1.73008e-06 -1.95177e-07
8.66 1.7977e-06 -2.02807e-07
8.67 1.86785e-06 -2.10722e-07
8.68 1.94062e-06 -2.18934e-07
8.69 2.01612e-06 -2.27453e-07
8.7 2.09443e-06 -2.36289e-07
8.71 2.17565e-06 -2.45455e-07
8.72 2.25989e-06 -2.54961e-07
8.73 2.34727e-06 -2.6482e-07
8.74 2.43787e-06 -2.75045e-07
8.75 2.53184e-06 -2.85648e-07
8.76 2.62927e-06 -2.96643e-07
8.77 2.73029e-06 -3.08043e-07
8.78 2.83504e-06 -3.19863e-07
8.79 2.94364e-06 -3.32118e-07
8.8 3.05622e-06 -3.44823e-07
8.81 3.17293e-06 -3.57993e-07
8.82 3.29391e-06 -3.71646e-07
8.83 3.41932e-06 -3.85797e-07
8.84 3.54929e-06 -4.00465e-07
8.85 3.684e-06 -4.15666e-07
8.86 3.8236e-06 -4.31421e-07
8.87 3.96828e-06 -4.47747e-07
8.88 4.1182e-06 -4.64666e-07
8.89 4.27354e-06 -4.82196e-07
8.9 4.4345e-06 -5.0036e-07
8.91 4.60126e-06 -5.1918e-07
8.92 4.77403e-06 -5.38677e-07
8.93 4.95301e-06 -5.58876e-07
8.94 5.13842e-06 -5.798e-07
8.95 5.33047e-06 -6.01474e-07
8.96 5.5294e-06 -6.23923e-07
8.97 5.73544e-06 -6.47175e-07
8.98 5.94883e-06 -6.71257e-07
8.99 6.16981e-06 -6.96196e-07
9 6.39866e-06 -7.22023e-07
9.01 6.63563e-06 -7.48767e-07
9.02 6.88101e-06 -7.76459e-07
9.03 7.13507e-06 -8.05131e-07
9.04 7.39811e-06 -8.34817e-07
9.05 7.67043e-06 -8.6555e-07
9.06 7.95235e-06 -8.97366e-07
9.07 8.24418e-06 -9.30301e-07
9.08 8.54626e-06 -9.64393e-07
9.09 8.85893e-06 -9.99681e-07
9.1 9.18255e-06 -1.0362e-06
9.11 9.51748e-06 -1.074e-06
9.12 9.8641e-06 -1.11312e-06
9.13 1.02228e-05 -1.1536e-06
9.14 1.0594e-05 -1.19549e-06
9.15 1.0978e-05 -1.23884e-06
9.16 1.13754e-05 -1.28369e-06
9.17 1.17866e-05 -1.33009e-06
9.18 1.22119e-05 -1.3781e-06
9.19 1.2652e-05 -1.42776e-06
9.2 1.31072e-05 -1.47914e-06
9.21 1.35781e-05 -1.53228e-06
9.22 1.40651e-05 -1.58725e-06
9.23 1.45689e-05 -1.6441e-06
9.24 1.50899e-05 -1.7029e-06
9.25 1.56287e-05 -1.76372e-06
9.26 1.61859e-05 -1.82661e-06
9.27 1.67621e-05 -1.89164e-06
9.28 1.73579e-05 -1.95888e-06
9.29 1.7974e-05 -2.02841e-06
9.3 1.8611e-05 -2.1003e-06
9.31 1.92695e-05 -2.17463e-06
9.32 1.99503e-05 -2.25147e-06
9.33 2.06541e-05 -2.3309e-06
9.34 2.13816e-05 -2.41301e-06
9.35 2.21337e-05 -2.49789e-06
9.36 2.2911e-05 -2.58562e-06
9.37 2.37143e-05 -2.67629e-06
9.38 2.45446e-05 -2.77e-06
9.39 2.54027e-05 -2.86685e-06
9.4 2.62894e-05 -2.96693e-06
9.41 2.72057e-05 -3.07035e-06
9.42 2.81525e-05 -3.17721e-06
9.43 2.91308e-05 -3.28762e-06
9.44 3.01415e-05 -3.4017e-06
9.45 3.11858e-05 -3.51956e-06
9.46 3.22646e-05 -3.64132e-06
9.47 3.3379e-05 -3.7671e-06
9.48 3.45302e-05 -3.89703e-06
9.49 3.57193e-05 -4.03124e-06
9.5 3.69475e-05 -4.16986e-06
9.51 3.8216e-05 -4.31304e-06
9.52 3.95261e-05 -4.4609e-06
9.53 4.0879e-05 -4.61361e-06
9.54 4.22762e-05 -4.7713e-06
9.55 4.3719e-05 -4.93414e-06
9.56 4.52087e-05 -5.10229e-06
9.57 4.67469e-05 -5.2759e-06
9.58 4.83351e-05 -5.45515e-06
9.59 4.99747e-05 -5.64022e-06
9.6 5.16674e-05 -5.83127e-06
9.61 5.34149e-05 -6.0285e-06
9.62 5.52187e-05 -6.23209e-06
9.63 5.70806e-05 -6.44225e-06
9.64 5.90024e-05 -6.65916e-06
9.65 6.0986e-05 -6.88304e-06
9.66 6.30331e-05 -7.1141e-06
9.67 6.51459e-05 -7.35256e-06
9.68 6.73261e-05 -7.59864e-06
9.69 6.95759e-05 -7.85258e-06
9.7 7.18975e-05 -8.11461e-06
9.71 7.42929e-05 -8.38498e-06
9.72 7.67644e-05 -8.66394e-06
9.73 7.93143e-05 -8.95174e-06
9.74 8.19449e-05 -9.24866e-06
9.75 8.46588e-05 -9.55497e-06
9.76 8.74583e-05 -9.87095e-06
9.77 9.0346e-05 -1.01969e-05
9.78 9.33247e-05 -1.05331e-05
9.79 9.63969e-05 -1.08799e-05
9.8 9.95656e-05 -1.12375e-05
9.81 0.000102833 -1.16064e-05
9.82 0.000106204 -1.19867e-05
9.83 0.000109679 -1.2379e-05
9.84 0.000113263 -1.27835e-05
9.85 0.000116958 -1.32006e-05
9.86 0.000120768 -1.36306e-05
9.87 0.000124696 -1.4074e-05
9.88 0.000128746 -1.45312e-05
9.89 0.000132922 -1.50025e-05
9.9 0.000137226 -1.54883e-05
9.91 0.000141663 -1.59891e-05
9.92 0.000146237 -1.65054e-05
9.93 0.000150951 -1.70375e-05
9.94 0.00015581 -1.75859e-05
9.95 0.000160818 -1.81512e-05
9.96 0.00016598 -1.87337e-05
9.97 0.000171299 -1.93341e-05
9.98 0.00017678 -1.99528e-05
9.99 0.000182428 -2.05903e-05
10 0.000188248 -2.12472e-05
10.01 0.000194244 -2.1924e-05
10.02 0.000200423 -2.26214e-05
10.03 0.000206788 -2.33399e-05
10.04 0.000213346 -2.40801e-05
10.05 0.000220101 -2.48426e-05
10.06 0.000227061 -2.56281e-05
10.07 0.000234229 -2.64372e-05
10.08 0.000241613 -2.72706e-05
10.09 0.000249218 -2.8129e-05
10.1 0.000257051 -2.90131e-05
10.11 0.000265118 -2.99237e-05
10.12 0.000273425 -3.08614e-05
10.13 0.00028198 -3.1827e-05
10.14 0.00029079 -3.28214e-05
10.15 0.000299862 -3.38453e-05
10.16 0.000309202 -3.48996e-05
10.17 0.000318819 -3.59851e-05
10.18 0.000328721 -3.71027e-05
10.19 0.000338914 -3.82533e-05
10.2 0.000349409 -3.94378e-05
10.21 0.000360212 -4.06572e-05
10.22 0.000371332 -4.19124e-05
10.23 0.000382779 -4.32044e-05
10.24 0.00039456 -4.45343e-05
10.25 0.000406687 -4.5903e-05
10.26 0.000419167 -4.73117e-05
10.27 0.000432012 -4.87615e-05
10.28 0.00044523 -5.02535e-05
10.29 0.000458832 -5.17888e-05
10.3 0.000472829 -5.33687e-05
10.31 0.000487231 -5.49944e-05
10.32 0.00050205 -5.6667e-05
10.33 0.000517297 -5.8388e-05
10.34 0.000532984 -6.01586e-05
10.35 0.000549122 -6.19802e-05
10.36 0.000565724 -6.38541e-05
10.37 0.000582803 -6.57818e-05
10.38 0.000600371 -6.77648e-05
10.39 0.000618441 -6.98045e-05
10.4 0.000637028 -7.19024e-05
10.41 0.000656144 -7.40602e-05
10.42 0.000675805 -7.62794e-05
10.43 0.000696025 -7.85617e-05
10.44 0.000716819 -8.09088e-05
10.45 0.000738202 -8.33224e-05
10.46 0.00076019 -8.58043e-05
10.47 0.000782799 -8.83563e-05
10.48 0.000806047 -9.09803e-05
10.49 0.000829948 -9.36781e-05
10.5 0.000854522 -9.64519e-05
10.51 0.000879786 -9.93035e-05
10.52 0.000905758 -0.000102235
10.53 0.000932456 -0.000105249
10.54 0.000959901 -0.000108346
10.55 0.000988111 -0.000111531
10.56 0.00101711 -0.000114804
10.57 0.00104691 -0.000118167
10.58 0.00107754 -0.000121625
10.59 0.00110902 -0.000125178
10.6 0.00114137 -0.000128829
10.61 0.00117461 -0.000132582
10.62 0.00120877 -0.000136438
10.63 0.00124388 -0.0001404
10.64 0.00127994 -0.000144471
10.65 0.001317 -0.000148654
10.66 0.00135508 -0.000152952
10.67 0.00139419 -0.000157367
10.68 0.00143438 -0.000161903
10.69 0.00147566 -0.000166563
10.7 0.00151807 -0.000171349
10.71 0.00156163 -0.000176266
10.72 0.00160637 -0.000181317
10.73 0.00165233 -0.000186504
10.74 0.00169953 -0.000191832
10.75 0.001748 -0.000197303
10.76 0.00179779 -0.000202923
10.77 0.00184892 -0.000208694
10.78 0.00190142 -0.00021462
10.79 0.00195533 -0.000220705
10.8 0.00201069 -0.000226953
10.81 0.00206752 -0.000233369
10.82 0.00212588 -0.000239956
10.83 0.0021858 -0.000246719
10.84 0.00224731 -0.000253662
10.85 0.00231046 -0.00026079
10.86 0.00237529 -0.000268108
10.87 0.00244183 -0.000275619
10.88 0.00251014 -0.000283329
10.89 0.00258025 -0.000291243
10.9 0.00265221 -0.000299366
10.91 0.00272607 -0.000307703
10.92 0.00280187 -0.000316259
10.93 0.00287967 -0.00032504
10.94 0.0029595 -0.000334051
10.95 0.00304142 -0.000343298
10.96 0.00312549 -0.000352787
10.97 0.00321175 -0.000362523
10.98 0.00330026 -0.000372514
10.99 0.00339107 -0.000382764
11 0.00348423 -0.00039328
11.01 0.00357982 -0.000404069
11.02 0.00367788 -0.000415138
11.03 0.00377847 -0.000426492
11.04 0.00388166 -0.00043814
11.05 0.00398751 -0.000450087
11.06 0.00409608 -0.000462342
11.07 0.00420744 -0.000474912
11.08 0.00432165 -0.000487804
11.09 0.00443879 -0.000501027
11.1 0.00455893 -0.000514587
11.11 0.00468213 -0.000528493
11.12 0.00480847 -0.000542753
11.13 0.00493802 -0.000557377
11.14 0.00507086 -0.000572371
11.15 0.00520707 -0.000587746
11.16 0.00534673 -0.00060351
11.17 0.00548992 -0.000619673
11.18 0.00563672 -0.000636243
11.19 0.00578722 -0.000653231
11.2 0.00594151 -0.000670646
11.21 0.00609967 -0.000688498
11.22 0.00626179 -0.000706798
11.23 0.00642797 -0.000725556
11.24 0.00659831 -0.000744783
11.25 0.0067729 -0.000764489
11.26 0.00695183 -0.000784686
11.27 0.00713522 -0.000805386
11.28 0.00732315 -0.000826599
11.29 0.00751575 -0.000848339
11.3 0.00771311 -0.000870616
11.31 0.00791535 -0.000893444
11.32 0.00812258 -0.000916835
11.33 0.00833491 -0.000940802
11.34 0.00855246 -0.000965358
11.35 0.00877535 -0.000990517
11.36 0.00900371 -0.00101629
11.37 0.00923765 -0.0010427
11.38 0.0094773 -0.00106975
11.39 0.0097228 -0.00109746
11.4 0.00997428 -0.00112585
11.41 0.0102319 -0.00115492
11.42 0.0104957 -0.0011847
11.43 0.010766 -0.00121521
11.44 0.0110427 -0.00124645
11.45 0.0113262 -0.00127844
11.46 0.0116165 -0.00131121
11.47 0.0119137 -0.00134477
11.48 0.0122182 -0.00137913
11.49 0.0125299 -0.00141431
11.5 0.0128491 -0.00145034
11.51 0.0131759 -0.00148723
11.52 0.0135105 -0.001525
11.53 0.0138531 -0.00156368
11.54 0.0142039 -0.00160327
11.55 0.014563 -0.0016438
11.56 0.0149306 -0.00168529
11.57 0.0153069 -0.00172777
11.58 0.0156921 -0.00177125
11.59 0.0160864 -0.00181576
11.6 0.01649 -0.00186131
11.61 0.0169031 -0.00190794
11.62 0.0173258 -0.00195566
11.63 0.0177585 -0.0020045
11.64 0.0182014 -0.00205448
11.65 0.0186545 -0.00210563
11.66 0.0191183 -0.00215798
11.67 0.0195928 -0.00221154
11.68 0.0200784 -0.00226635
11.69 0.0205752 -0.00232243
11.7 0.0210835 -0.00237981
11.71 0.0216037 -0.00243852
11.72 0.0221358 -0.00249858
11.73 0.0226802 -0.00256003
11.74 0.0232371 -0.0026229
11.75 0.0238068 -0.00268721
11.76 0.0243896 -0.00275299
11.77 0.0249858 -0.00282028
11.78 0.0255955 -0.00288911
11.79 0.0262192 -0.00295951
11.8 0.0268572 -0.00303151
11.81 0.0275096 -0.00310515
11.82 0.0281768 -0.00318047
11.83 0.0288592 -0.00325749
11.84 0.029557 -0.00333626
11.85 0.0302706 -0.0034168
11.86 0.0310003 -0.00349917
11.87 0.0317464 -0.00358339
11.88 0.0325093 -0.0036695
11.89 0.0332893 -0.00375754
11.9 0.0340868 -0.00384756
11.91 0.0349021 -0.00393959
11.92 0.0357356 -0.00403368
11.93 0.0365878 -0.00412986
11.94 0.0374589 -0.00422819
11.95 0.0383493 -0.0043287
11.96 0.0392595 -0.00443144
11.97 0.0401898 -0.00453645
11.98 0.0411408 -0.00464379
11.99 0.0421127 -0.00475349
12 0.043106 -0.00486561
12.01 0.0441211 -0.0049802
12.02 0.0451586 -0.0050973
12.03 0.0462188 -0.00521697
12.04 0.0473022 -0.00533926
12.05 0.0484092 -0.00546422
12.06 0.0495404 -0.0055919
12.07 0.0506962 -0.00572236
12.08 0.0518771 -0.00585566
12.09 0.0530837 -0.00599185
12.1 0.0543164 -0.00613099
12.11 0.0555757 -0.00627314
12.12 0.0568622 -0.00641835
12.13 0.0581764 -0.0065667
12.14 0.0595189 -0.00671823
12.15 0.0608902 -0.00687302
12.16 0.0622909 -0.00703113
12.17 0.0637216 -0.00719261
12.18 0.0651828 -0.00735755
12.19 0.0666752 -0.00752601
12.2 0.0681994 -0.00769805
12.21 0.0697559 -0.00787374
12.22 0.0713454 -0.00805316
12.23 0.0729687 -0.00823638
12.24 0.0746262 -0.00842348
12.25 0.0763187 -0.00861452
12.26 0.0780468 -0.00880959
12.27 0.0798113 -0.00900875
12.28 0.0816128 -0.0092121
12.29 0.0834521 -0.00941971
12.3 0.0853298 -0.00963166
12.31 0.0872468 -0.00984804
12.32 0.0892037 -0.0100689
12.33 0.0912013 -0.0102944
12.34 0.0932404 -0.0105246
12.35 0.0953218 -0.0107595
12.36 0.0974462 -0.0109993
12.37 0.0996146 -0.0112441
12.38 0.101828 -0.0114939
12.39 0.104086 -0.0117488
12.4 0.106391 -0.012009
12.41 0.108744 -0.0122745
12.42 0.111144 -0.0125455
12.43 0.113594 -0.012822
12.44 0.116093 -0.0131041
12.45 0.118644 -0.013392
12.46 0.121246 -0.0136857
12.47 0.123901 -0.0139854
12.48 0.12661 -0.0142912
12.49 0.129374 -0.0146032
12.5 0.132193 -0.0149214
12.51 0.13507 -0.0152461
12.52 0.138004 -0.0155773
12.53 0.140997 -0.0159151
12.54 0.14405 -0.0162598
12.55 0.147164 -0.0166113
12.56 0.150341 -0.0169698
12.57 0.15358 -0.0173355
12.58 0.156884 -0.0177084
12.59 0.160254 -0.0180888
12.6 0.163691 -0.0184767
12.61 0.167195 -0.0188723
12.62 0.170769 -0.0192757
12.63 0.174413 -0.0196871
12.64 0.178129 -0.0201065
12.65 0.181918 -0.0205342
12.66 0.185782 -0.0209703
12.67 0.189721 -0.0214149
12.68 0.193737 -0.0218682
12.69 0.197831 -0.0223303
12.7 0.202005 -0.0228015
12.71 0.20626 -0.0232817
12.72 0.210597 -0.0237714
12.73 0.215019 -0.0242704
12.74 0.219526 -0.0247792
12.75 0.22412 -0.0252977
12.76 0.228802 -0.0258262
12.77 0.233575 -0.0263649
12.78 0.238439 -0.0269139
12.79 0.243396 -0.0274735
12.8 0.248447 -0.0280437
12.81 0.253595 -0.0286248
12.82 0.258842 -0.0292169
12.83 0.264187 -0.0298204
12.84 0.269635 -0.0304352
12.85 0.275185 -0.0310617
12.86 0.28084 -0.0317001
12.87 0.286602 -0.0323504
12.88 0.292472 -0.0330131
12.89 0.298453 -0.0336881
12.9 0.304546 -0.0343759
12.91 0.310753 -0.0350765
12.92 0.317076 -0.0357902
12.93 0.323517 -0.0365172
12.94 0.330077 -0.0372577
12.95 0.33676 -0.0380121
12.96 0.343566 -0.0387803
12.97 0.350499 -0.0395628
12.98 0.357559 -0.0403598
12.99 0.36475 -0.0411715
13 0.372073 -0.0419981
13.01 0.379531 -0.0428398
13.02 0.387125 -0.043697
13.03 0.394858 -0.0445699
13.04 0.402732 -0.0454588
13.05 0.41075 -0.0463638
13.06 0.418914 -0.0472853
13.07 0.427226 -0.0482235
13.08 0.435689 -0.0491787
13.09 0.444304 -0.0501512
13.1 0.453076 -0.0511413
13.11 0.462005 -0.0521492
13.12 0.471094 -0.0531752
13.13 0.480347 -0.0542196
13.14 0.489766 -0.0552827
13.15 0.499353 -0.0563649
13.16 0.509111 -0.0574663
13.17 0.519042 -0.0585873
13.18 0.52915 -0.0597283
13.19 0.539438 -0.0608895
13.2 0.549907 -0.0620713
13.21 0.560562 -0.0632739
13.22 0.571404 -0.0644977
13.23 0.582437 -0.0657431
13.24 0.593664 -0.0670103
13.25 0.605087 -0.0682998
13.26 0.616711 -0.0696117
13.27 0.628537 -0.0709466
13.28 0.640569 -0.0723048
13.29 0.65281 -0.0736865
13.3 0.665264 -0.0750923
13.31 0.677934 -0.0765223
13.32 0.690822 -0.0779771
13.33 0.703933 -0.079457
13.34 0.717269 -0.0809623
13.35 0.730834 -0.0824935
13.36 0.744632 -0.084051
13.37 0.758666 -0.0856351
13.38 0.772939 -0.0872462
13.39 0.787456 -0.0888848
13.4 0.802219 -0.0905512
13.41 0.817233 -0.0922459
13.42 0.832501 -0.0939693
13.43 0.848028 -0.0957218
13.44 0.863816 -0.0975039
13.45 0.879869 -0.099316
13.46 0.896192 -0.101158
13.47 0.912789 -0.103032
13.48 0.929663 -0.104937
13.49 0.946819 -0.106873
13.5 0.964261 -0.108842
13.51 0.981993 -0.110843
13.52 1 -0.112876
