0 -0 -0
0.08 -1.38824e-38 5.65839e-43
0.16 -1.08337e-34 3.70685e-39
0.12 -9.04737e-36 3.57407e-40
0.1 -8.63812e-37 4.02043e-41
0.09 -1.41366e-37 6.8346e-42
0.085 -4.65771e-38 2.13286e-42
0.09 -1.45861e-37 7.47407e-42
0.095 -4.29542e-37 2.44693e-41
0.1 -1.197e-36 7.53519e-41
0.105 -3.17339e-36 2.19571e-40
0.11 -8.04082e-36 6.08567e-40
0.115 -1.95507e-35 1.61154e-39
0.12 -4.57749e-35 4.09324e-39
0.125 -1.03521e-34 1.00064e-38
0.13 -2.26749e-34 2.36147e-38
0.135 -4.82194e-34 5.39445e-38
0.14 -9.97676e-34 1.19566e-37
0.145 -2.01225e-33 2.57684e-37
0.15 -3.96324e-33 5.41027e-37
0.155 -7.63429e-33 1.10854e-36
0.16 -1.44029e-32 2.22005e-36
0.165 -2.6647e-32 4.35177e-36
0.17 -4.84029e-32 8.36029e-36
0.175 -8.64131e-32 1.57594e-35
0.18 -1.51774e-31 2.91799e-35
0.185 -2.62489e-31 5.31234e-35
0.19 -4.47382e-31 9.51783e-35
0.195 -7.52021e-31 1.67959e-34
0.2 -1.24758e-30 2.92157e-34
0.205 -2.04399e-30 5.01289e-34
0.21 -3.30916e-30 8.48997e-34
0.215 -5.29704e-30 1.42016e-33
0.22 -8.3878e-30 2.34763e-33
0.225 -1.31454e-29 3.83721e-33
0.23 -2.03991e-29 6.20456e-33
0.235 -3.13574e-29 9.92931e-33
0.24 -4.77679e-29 1.57336e-32
0.245 -7.21374e-29 2.46955e-32
0.25 -1.08035e-28 3.84109e-32
0.255 -1.60507e-28 5.92235e-32
0.26 -2.36636e-28 9.05492e-32
0.265 -3.46301e-28 1.3733e-31
0.27 -5.03192e-28 2.06666e-31
0.275 -7.26161e-28 3.08688e-31
0.28 -1.04102e-27 4.57754e-31
0.285 -1.48291e-27 6.74094e-31
0.29 -2.09939e-27 9.86027e-31
0.295 -2.95453e-27 1.43297e-30
0.3 -4.13417e-27 2.06948e-30
0.305 -5.75271e-27 2.97063e-30
0.31 -7.96198e-27 4.23925e-30
0.315 -1.09625e-26 6.01535e-30
0.32 -1.50178e-26 8.48875e-30
0.325 -2.0473e-26 1.19155e-29
0.33 -2.77779e-26 1.66392e-29
0.335 -3.75164e-26 2.31195e-29
0.34 -5.04436e-26 3.19676e-29
0.345 -6.75324e-26 4.39938e-29
0.35 -9.00309e-26 6.02671e-29
0.355 -1.19535e-25 8.21927e-29
0.36 -1.5808e-25 1.11611e-28
0.365 -2.08248e-25 1.5092e-28
0.37 -2.73309e-25 2.03241e-28
0.375 -3.57386e-25 2.7261e-28
0.38 -4.65668e-25 3.64238e-28
0.385 -6.04658e-25 4.84828e-28
0.39 -7.82486e-25 6.42969e-28
0.395 -1.00929e-24 8.49637e-28
0.4 -1.29765e-24 1.11881e-27
0.405 -1.6632e-24 1.46824e-27
0.41 -2.12522e-24 1.92041e-27
0.415 -2.70752e-24 2.50367e-27
0.42 -3.43935e-24 3.25375e-27
0.425 -4.3566e-24 4.21548e-27
0.43 -5.50321e-24 5.44499e-27
0.435 -6.9328e-24 7.01235e-27
0.44 -8.71068e-24 9.00486e-27
0.445 -1.09162e-23 1.15309e-26
0.45 -1.36457e-23 1.4725e-26
0.455 -1.70154e-23 1.87531e-26
0.46 -2.11661e-23 2.38202e-26
0.465 -2.6267e-23 3.01784e-26
0.47 -3.25218e-23 3.81374e-26
0.475 -4.01749e-23 4.80762e-26
0.48 -4.95189e-23 6.04587e-26
0.485 -6.09036e-23 7.58502e-26
0.49 -7.47464e-23 9.49393e-26
0.495 -9.15444e-23 1.18562e-25
0.5 -1.11889e-22 1.47734e-25
0.505 -1.3648e-22 1.8368e-25
0.51 -1.6615e-22 2.27885e-25
0.515 -2.01881e-22 2.82134e-25
0.52 -2.44832e-22 3.48578e-25
0.525 -2.96373e-22 4.298e-25
0.53 -3.58112e-22 5.28898e-25
0.535 -4.31941e-22 6.4958e-25
0.54 -5.2008e-22 7.96276e-25
0.545 -6.25129e-22 9.74273e-25
0.55 -7.5013e-22 1.18987e-24
0.555 -8.98637e-22 1.45054e-24
0.56 -1.07479e-21 1.76519e-24
0.565 -1.28343e-21 2.14435e-24
0.57 -1.53016e-21 2.6005e-24
0.575 -1.82152e-21 3.14837e-24
0.58 -2.16507e-21 3.80537e-24
0.585 -2.56958e-21 4.592e-24
0.59 -3.04521e-21 5.5324e-24
0.595 -3.60368e-21 6.6549e-24
0.6 -4.25854e-21 7.99281e-24
0.605 -5.0254e-21 9.58511e-24
0.61 -5.92223e-21 1.14775e-23
0.615 -6.96972e-21 1.37232e-23
0.62 -8.19163e-21 1.63847e-23
0.625 -9.6152e-21 1.95344e-23
0.63 -1.12717e-20 2.32571e-23
0.635 -1.31969e-20 2.76511e-23
0.64 -1.54317e-20 3.28307e-23
0.645 -1.80229e-20 3.89285e-23
0.65 -2.10238e-20 4.60981e-23
0.655 -2.44953e-20 5.45175e-23
0.66 -2.85067e-20 6.43925e-23
0.665 -3.31369e-20 7.59607e-23
0.67 -3.84754e-20 8.94962e-23
0.675 -4.46242e-20 1.05315e-22
0.68 -5.16986e-20 1.23781e-22
0.685 -5.98296e-20 1.45313e-22
0.69 -6.91655e-20 1.70392e-22
0.695 -7.9874e-20 1.99569e-22
0.7 -9.21446e-20 2.33478e-22
0.705 -1.06192e-19 2.72842e-22
0.71 -1.22256e-19 3.18493e-22
0.715 -1.40612e-19 3.71378e-22
0.72 -1.61564e-19 4.3258e-22
0.725 -1.85459e-19 5.03337e-22
0.73 -2.12685e-19 5.85058e-22
0.735 -2.43678e-19 6.79347e-22
0.74 -2.78928e-19 7.88034e-22
0.745 -3.18985e-19 9.13195e-22
0.75 -3.64465e-19 1.05719e-21
0.755 -4.16058e-19 1.2227e-21
0.76 -4.74536e-19 1.41276e-21
0.765 -5.40764e-19 1.63082e-21
0.77 -6.15706e-19 1.88078e-21
0.775 -7.00441e-19 2.16704e-21
0.78 -7.96171e-19 2.4946e-21
0.785 -9.04239e-19 2.86908e-21
0.79 -1.02614e-18 3.29684e-21
0.795 -1.16354e-18 3.78506e-21
0.8 -1.31828e-18 4.34181e-21
0.805 -1.49244e-18 4.97619e-21
0.81 -1.68829e-18 5.69843e-21
0.815 -1.90839e-18 6.52005e-21
0.82 -2.15554e-18 7.45398e-21
0.825 -2.43289e-18 8.51474e-21
0.83 -2.7439e-18 9.71863e-21
0.835 -3.09242e-18 1.10839e-20
0.84 -3.48268e-18 1.2631e-20
0.845 -3.91941e-18 1.43829e-20
0.85 -4.40781e-18 1.63653e-20
0.855 -4.95361e-18 1.86067e-20
0.86 -5.56318e-18 2.11392e-20
0.865 -6.24351e-18 2.39986e-20
0.87 -7.00234e-18 2.72248e-20
0.875 -7.84819e-18 3.08624e-20
0.88 -8.79043e-18 3.4961e-20
0.885 -9.83942e-18 3.95758e-20
0.89 -1.10065e-17 4.47684e-20
0.895 -1.23042e-17 5.06072e-20
0.9 -1.37463e-17 5.71684e-20
0.905 -1.53479e-17 6.45365e-20
0.91 -1.71256e-17 7.28054e-20
0.915 -1.90976e-17 8.20795e-20
0.92 -2.12839e-17 9.24742e-20
0.925 -2.37064e-17 1.04118e-19
0.93 -2.63891e-17 1.17152e-19
0.935 -2.93582e-17 1.31735e-19
0.94 -3.26427e-17 1.4804e-19
0.945 -3.6274e-17 1.6626e-19
0.95 -4.02866e-17 1.86607e-19
0.955 -4.47181e-17 2.09318e-19
0.96 -4.96097e-17 2.3465e-19
0.965 -5.50063e-17 2.62893e-19
0.97 -6.0957e-17 2.9436e-19
0.975 -6.75155e-17 3.29402e-19
0.98 -7.47399e-17 3.68403e-19
0.985 -8.26941e-17 4.11786e-19
0.99 -9.14474e-17 4.60018e-19
0.995 -1.01075e-16 5.13611e-19
1 -1.1166e-16 5.73129e-19
1.005 -1.23291e-16 6.39194e-19
1.01 -1.36066e-16 7.12486e-19
1.015 -1.50091e-16 7.93755e-19
1.02 -1.6548e-16 8.83823e-19
1.025 -1.82359e-16 9.83591e-19
1.03 -2.00863e-16 1.09405e-18
1.035 -2.21141e-16 1.21628e-18
1.04 -2.4335e-16 1.35148e-18
1.045 -2.67666e-16 1.50094e-18
1.05 -2.94275e-16 1.66609e-18
1.055 -3.23382e-16 1.84849e-18
1.06 -3.55207e-16 2.04985e-18
1.065 -3.89989e-16 2.27204e-18
1.07 -4.27988e-16 2.51708e-18
1.075 -4.69482e-16 2.78722e-18
1.08 -5.14774e-16 3.08488e-18
1.085 -5.64192e-16 3.41273e-18
1.09 -6.1809e-16 3.77365e-18
1.095 -6.76849e-16 4.17081e-18
1.1 -7.40884e-16 4.60766e-18
1.105 -8.10638e-16 5.08796e-18
1.11 -8.86594e-16 5.61579e-18
1.115 -9.69271e-16 6.19561e-18
1.12 -1.05923e-15 6.83228e-18
1.125 -1.15707e-15 7.53107e-18
1.13 -1.26344e-15 8.29773e-18
1.135 -1.37905e-15 9.1385e-18
1.14 -1.50465e-15 1.00602e-17
1.145 -1.64105e-15 1.10701e-17
1.15 -1.78913e-15 1.21763e-17
1.155 -1.94983e-15 1.33875e-17
1.16 -2.12416e-15 1.47131e-17
1.165 -2.3132e-15 1.61634e-17
1.17 -2.51814e-15 1.77494e-17
1.175 -2.74022e-15 1.94832e-17
1.18 -2.9808e-15 2.13779e-17
1.185 -3.24133e-15 2.34476e-17
1.19 -3.52336e-15 2.57075e-17
1.195 -3.82856e-15 2.81744e-17
1.2 -4.15874e-15 3.0866e-17
1.205 -4.5158e-15 3.38019e-17
1.21 -4.90182e-15 3.7003e-17
1.215 -5.319e-15 4.04921e-17
1.22 -5.76972e-15 4.42936e-17
1.225 -6.2565e-15 4.84342e-17
1.23 -6.78208e-15 5.29424e-17
1.235 -7.34935e-15 5.78491e-17
1.24 -7.96143e-15 6.31879e-17
1.245 -8.62166e-15 6.89946e-17
1.25 -9.3336e-15 7.53082e-17
1.255 -1.01011e-14 8.21707e-17
1.26 -1.09281e-14 8.96271e-17
1.265 -1.18192e-14 9.77263e-17
1.27 -1.27788e-14 1.06521e-16
1.275 -1.3812e-14 1.16067e-16
1.28 -1.49242e-14 1.26426e-16
1.285 -1.61209e-14 1.37663e-16
1.29 -1.74082e-14 1.49849e-16
1.295 -1.87927e-14 1.6306e-16
1.3 -2.02811e-14 1.77378e-16
1.305 -2.18809e-14 1.9289e-16
1.31 -2.35998e-14 2.0969e-16
1.315 -2.54463e-14 2.27881e-16
1.32 -2.74293e-14 2.4757e-16
1.325 -2.95582e-14 2.68877e-16
1.33 -3.18432e-14 2.91925e-16
1.335 -3.4295e-14 3.1685e-16
1.34 -3.69252e-14 3.43798e-16
1.345 -3.97458e-14 3.72922e-16
1.35 -4.27699e-14 4.04391e-16
1.355 -4.60114e-14 4.38383e-16
1.36 -4.94849e-14 4.7509e-16
1.365 -5.32061e-14 5.14717e-16
1.37 -5.71916e-14 5.57485e-16
1.375 -6.14591e-14 6.03629e-16
1.38 -6.60273e-14 6.53402e-16
1.385 -7.09162e-14 7.07075e-16
1.39 -7.6147e-14 7.64937e-16
1.395 -8.17423e-14 8.27298e-16
1.4 -8.77258e-14 8.9449e-16
1.405 -9.41231e-14 9.66867e-16
1.41 -1.00961e-13 1.04481e-15
1.415 -1.08268e-13 1.12872e-15
1.42 -1.16075e-13 1.21904e-15
1.425 -1.24413e-13 1.31622e-15
1.43 -1.33317e-13 1.42077e-15
1.435 -1.42823e-13 1.53321e-15
1.44 -1.52969e-13 1.6541e-15
1.445 -1.63795e-13 1.78405e-15
1.45 -1.75346e-13 1.9237e-15
1.455 -1.87666e-13 2.07374e-15
1.46 -2.00803e-13 2.2349e-15
1.465 -2.14809e-13 2.40797e-15
1.47 -2.29738e-13 2.59377e-15
1.475 -2.45646e-13 2.79319e-15
1.48 -2.62596e-13 3.00719e-15
1.485 -2.80649e-13 3.23676e-15
1.49 -2.99875e-13 3.483e-15
1.495 -3.20345e-13 3.74703e-15
1.5 -3.42134e-13 4.03008e-15
1.505 -3.65323e-13 4.33346e-15
1.51 -3.89997e-13 4.65854e-15
1.515 -4.16245e-13 5.00679e-15
1.52 -4.44161e-13 5.37979e-15
1.525 -4.73845e-13 5.7792e-15
1.53 -5.05403e-13 6.20679e-15
1.535 -5.38946e-13 6.66444e-15
1.54 -5.74591e-13 7.15417e-15
1.545 -6.12463e-13 7.6781e-15
1.55 -6.52692e-13 8.2385e-15
1.555 -6.95417e-13 8.83777e-15
1.56 -7.40784e-13 9.47847e-15
1.565 -7.88945e-13 1.01633e-14
1.57 -8.40063e-13 1.08952e-14
1.575 -8.9431e-13 1.16772e-14
1.58 -9.51864e-13 1.25125e-14
1.585 -1.01292e-12 1.34046e-14
1.59 -1.07767e-12 1.43571e-14
1.595 -1.14633e-12 1.5374e-14
1.6 -1.21912e-12 1.64594e-14
1.605 -1.29628e-12 1.76175e-14
1.61 -1.37804e-12 1.88532e-14
1.615 -1.46468e-12 2.01712e-14
1.62 -1.55646e-12 2.15768e-14
1.625 -1.65368e-12 2.30755e-14
1.63 -1.75663e-12 2.46731e-14
1.635 -1.86563e-12 2.63759e-14
1.64 -1.98101e-12 2.81903e-14
1.645 -2.10314e-12 3.01234e-14
1.65 -2.23238e-12 3.21825e-14
1.655 -2.36911e-12 3.43754e-14
1.66 -2.51376e-12 3.67104e-14
1.665 -2.66674e-12 3.91961e-14
1.67 -2.82852e-12 4.18417e-14
1.675 -2.99956e-12 4.46571e-14
1.68 -3.18037e-12 4.76526e-14
1.685 -3.37147e-12 5.08391e-14
1.69 -3.57342e-12 5.42281e-14
1.695 -3.78678e-12 5.78319e-14
1.7 -4.01218e-12 6.16633e-14
1.705 -4.25025e-12 6.5736e-14
1.71 -4.50165e-12 7.00644e-14
1.715 -4.7671e-12 7.46637e-14
1.72 -5.04732e-12 7.955e-14
1.725 -5.3431e-12 8.47403e-14
1.73 -5.65524e-12 9.02525e-14
1.735 -5.9846e-12 9.61056e-14
1.74 -6.33208e-12 1.02319e-13
1.745 -6.6986e-12 1.08915e-13
1.75 -7.08516e-12 1.15915e-13
1.755 -7.49277e-12 1.23343e-13
1.76 -7.92253e-12 1.31223e-13
1.765 -8.37556e-12 1.39582e-13
1.77 -8.85305e-12 1.48446e-13
1.775 -9.35624e-12 1.57846e-13
1.78 -9.88644e-12 1.67812e-13
1.785 -1.0445e-11 1.78376e-13
1.79 -1.10334e-11 1.89572e-13
1.795 -1.1653e-11 2.01436e-13
1.8 -1.23055e-11 2.14006e-13
1.805 -1.29925e-11 2.27322e-13
1.81 -1.37157e-11 2.41425e-13
1.815 -1.44769e-11 2.5636e-13
1.82 -1.5278e-11 2.72174e-13
1.825 -1.61209e-11 2.88914e-13
1.83 -1.70078e-11 3.06634e-13
1.835 -1.79407e-11 3.25387e-13
1.84 -1.89219e-11 3.4523e-13
1.845 -1.99537e-11 3.66223e-13
1.85 -2.10387e-11 3.8843e-13
1.855 -2.21794e-11 4.11917e-13
1.86 -2.33785e-11 4.36754e-13
1.865 -2.46388e-11 4.63015e-13
1.87 -2.59631e-11 4.90776e-13
1.875 -2.73547e-11 5.20121e-13
1.88 -2.88167e-11 5.51133e-13
1.885 -3.03525e-11 5.83903e-13
1.89 -3.19655e-11 6.18526e-13
1.895 -3.36595e-11 6.551e-13
1.9 -3.54381e-11 6.9373e-13
1.905 -3.73055e-11 7.34526e-13
1.91 -3.92658e-11 7.77603e-13
1.915 -4.13233e-11 8.23081e-13
1.92 -4.34825e-11 8.71088e-13
1.925 -4.57483e-11 9.21757e-13
1.93 -4.81254e-11 9.75227e-13
1.935 -5.06192e-11 1.03165e-12
1.94 -5.3235e-11 1.09117e-12
1.945 -5.59783e-11 1.15396e-12
1.95 -5.8855e-11 1.22018e-12
1.955 -6.18713e-11 1.29001e-12
1.96 -6.50334e-11 1.36365e-12
1.965 -6.83481e-11 1.44128e-12
1.97 -7.18223e-11 1.52311e-12
1.975 -7.54631e-11 1.60936e-12
1.98 -7.92781e-11 1.70025e-12
1.985 -8.32751e-11 1.79603e-12
1.99 -8.74622e-11 1.89693e-12
1.995 -9.18481e-11 2.00322e-12
2 -9.64415e-11 2.11517e-12
2.005 -1.01252e-10 2.23307e-12
2.01 -1.06288e-10 2.35722e-12
2.015 -1.11561e-10 2.48793e-12
2.02 -1.17081e-10 2.62553e-12
2.025 -1.22859e-10 2.77036e-12
2.03 -1.28906e-10 2.92279e-12
2.035 -1.35233e-10 3.0832e-12
2.04 -1.41854e-10 3.25197e-12
2.045 -1.4878e-10 3.42953e-12
2.05 -1.56026e-10 3.6163e-12
2.055 -1.63605e-10 3.81274e-12
2.06 -1.7153e-10 4.01933e-12
2.065 -1.79819e-10 4.23656e-12
2.07 -1.88485e-10 4.46495e-12
2.075 -1.97545e-10 4.70504e-12
2.08 -2.07016e-10 4.95741e-12
2.085 -2.16916e-10 5.22265e-12
2.09 -2.27262e-10 5.50138e-12
2.095 -2.38073e-10 5.79425e-12
2.1 -2.49371e-10 6.10194e-12
2.105 -2.61173e-10 6.42517e-12
2.11 -2.73503e-10 6.76467e-12
2.115 -2.86382e-10 7.12123e-12
2.12 -2.99834e-10 7.49565e-12
2.125 -3.13881e-10 7.88879e-12
2.13 -3.28549e-10 8.30153e-12
2.135 -3.43864e-10 8.7348e-12
2.14 -3.59852e-10 9.18956e-12
2.145 -3.76542e-10 9.66684e-12
2.15 -3.93962e-10 1.01677e-11
2.155 -4.12142e-10 1.06932e-11
2.16 -4.31113e-10 1.12445e-11
2.165 -4.50908e-10 1.18229e-11
2.17 -4.71561e-10 1.24295e-11
2.175 -4.93106e-10 1.30657e-11
2.18 -5.1558e-10 1.37329e-11
2.185 -5.39019e-10 1.44324e-11
2.19 -5.63464e-10 1.51659e-11
2.195 -5.88955e-10 1.59347e-11
2.2 -6.15533e-10 1.67406e-11
2.205 -6.43243e-10 1.75853e-11
2.21 -6.72129e-10 1.84705e-11
2.215 -7.02239e-10 1.9398e-11
2.22 -7.33621e-10 2.03698e-11
2.225 -7.66326e-10 2.13879e-11
2.23 -8.00405e-10 2.24544e-11
2.235 -8.35915e-10 2.35714e-11
2.24 -8.7291e-10 2.47412e-11
2.245 -9.11449e-10 2.59662e-11
2.25 -9.51593e-10 2.72489e-11
2.255 -9.93404e-10 2.85918e-11
2.26 -1.03695e-09 2.99976e-11
2.265 -1.08229e-09 3.14691e-11
2.27 -1.12951e-09 3.30092e-11
2.275 -1.17866e-09 3.4621e-11
2.28 -1.22984e-09 3.63075e-11
2.285 -1.2831e-09 3.80722e-11
2.29 -1.33855e-09 3.99184e-11
2.295 -1.39625e-09 4.18497e-11
2.3 -1.4563e-09 4.38698e-11
2.305 -1.51879e-09 4.59825e-11
2.31 -1.5838e-09 4.8192e-11
2.315 -1.65144e-09 5.05024e-11
2.32 -1.7218e-09 5.29181e-11
2.325 -1.79498e-09 5.54436e-11
2.33 -1.87111e-09 5.80837e-11
2.335 -1.95027e-09 6.08432e-11
2.34 -2.03259e-09 6.37273e-11
2.345 -2.11819e-09 6.67414e-11
2.35 -2.20719e-09 6.9891e-11
2.355 -2.29971e-09 7.31818e-11
2.36 -2.39589e-09 7.66199e-11
2.365 -2.49586e-09 8.02115e-11
2.37 -2.59977e-09 8.39631e-11
2.375 -2.70775e-09 8.78814e-11
2.38 -2.81996e-09 9.19736e-11
2.385 -2.93655e-09 9.62468e-11
2.39 -3.05769e-09 1.00709e-10
2.395 -3.18354e-09 1.05367e-10
2.4 -3.31428e-09 1.1023e-10
2.405 -3.45007e-09 1.15307e-10
2.41 -3.59111e-09 1.20606e-10
2.415 -3.73759e-09 1.26136e-10
2.42 -3.88969e-09 1.31907e-10
2.425 -4.04763e-09 1.37929e-10
2.43 -4.21162e-09 1.44212e-10
2.435 -4.38187e-09 1.50767e-10
2.44 -4.5586e-09 1.57606e-10
2.445 -4.74206e-09 1.64739e-10
2.45 -4.93247e-09 1.72179e-10
2.455 -5.13009e-09 1.79938e-10
2.46 -5.33517e-09 1.88029e-10
2.465 -5.54798e-09 1.96466e-10
2.47 -5.76879e-09 2.05263e-10
2.475 -5.99788e-09 2.14434e-10
2.48 -6.23555e-09 2.23994e-10
2.485 -6.48209e-09 2.3396e-10
2.49 -6.73782e-09 2.44346e-10
2.495 -7.00305e-09 2.55171e-10
2.5 -7.27813e-09 2.66451e-10
2.505 -7.56338e-09 2.78205e-10
2.51 -7.85918e-09 2.90451e-10
2.515 -8.16587e-09 3.0321e-10
2.52 -8.48384e-09 3.16501e-10
2.525 -8.81348e-09 3.30346e-10
2.53 -9.15519e-09 3.44765e-10
2.535 -9.50939e-09 3.59783e-10
2.54 -9.87649e-09 3.75422e-10
2.545 -1.02569e-08 3.91707e-10
2.55 -1.06512e-08 4.08663e-10
2.555 -1.10598e-08 4.26316e-10
2.56 -1.14831e-08 4.44694e-10
2.565 -1.19217e-08 4.63823e-10
2.57 -1.2376e-08 4.83735e-10
2.575 -1.28467e-08 5.04458e-10
2.58 -1.33342e-08 5.26025e-10
2.585 -1.38392e-08 5.48467e-10
2.59 -1.43622e-08 5.71819e-10
2.595 -1.49038e-08 5.96115e-10
2.6 -1.54646e-08 6.21391e-10
2.605 -1.60454e-08 6.47685e-10
2.61 -1.66466e-08 6.75035e-10
2.615 -1.72691e-08 7.03483e-10
2.62 -1.79136e-08 7.33069e-10
2.625 -1.85806e-08 7.63836e-10
2.63 -1.92711e-08 7.9583e-10
2.635 -1.99858e-08 8.29096e-10
2.64 -2.07254e-08 8.63683e-10
2.645 -2.14908e-08 8.99639e-10
2.65 -2.22828e-08 9.37017e-10
2.655 -2.31023e-08 9.75869e-10
2.66 -2.39502e-08 1.01625e-09
2.665 -2.48274e-08 1.05822e-09
2.67 -2.57348e-08 1.10183e-09
2.675 -2.66735e-08 1.14715e-09
2.68 -2.76445e-08 1.19424e-09
2.685 -2.86487e-08 1.24317e-09
2.69 -2.96873e-08 1.29399e-09
2.695 -3.07613e-08 1.34679e-09
2.7 -3.1872e-08 1.40164e-09
2.705 -3.30204e-08 1.4586e-09
2.71 -3.42077e-08 1.51777e-09
2.715 -3.54353e-08 1.57921e-09
2.72 -3.67043e-08 1.64301e-09
2.725 -3.80162e-08 1.70925e-09
2.73 -3.93722e-08 1.77803e-09
2.735 -4.07737e-08 1.84944e-09
2.74 -4.22222e-08 1.92357e-09
2.745 -4.37192e-08 2.00052e-09
2.75 -4.52661e-08 2.08039e-09
2.755 -4.68645e-08 2.16329e-09
2.76 -4.85161e-08 2.24932e-09
2.765 -5.02225e-08 2.3386e-09
2.77 -5.19854e-08 2.43124e-09
2.775 -5.38066e-08 2.52736e-09
2.78 -5.56878e-08 2.62709e-09
2.785 -5.7631e-08 2.73055e-09
2.79 -5.96379e-08 2.83787e-09
2.795 -6.17107e-08 2.9492e-09
2.8 -6.38512e-08 3.06467e-09
2.805 -6.60617e-08 3.18443e-09
2.81 -6.83442e-08 3.30863e-09
2.815 -7.07009e-08 3.43742e-09
2.82 -7.31341e-08 3.57097e-09
2.825 -7.56461e-08 3.70944e-09
2.83 -7.82394e-08 3.853e-09
2.835 -8.09163e-08 4.00183e-09
2.84 -8.36794e-08 4.15611e-09
2.845 -8.65313e-08 4.31604e-09
2.85 -8.94746e-08 4.48179e-09
2.855 -9.25122e-08 4.65359e-09
2.86 -9.56468e-08 4.83163e-09
2.865 -9.88814e-08 5.01612e-09
2.87 -1.02219e-07 5.2073e-09
2.875 -1.05662e-07 5.40538e-09
2.88 -1.09215e-07 5.61061e-09
2.885 -1.1288e-07 5.82322e-09
2.89 -1.16661e-07 6.04347e-09
2.895 -1.20561e-07 6.27162e-09
2.9 -1.24584e-07 6.50793e-09
2.905 -1.28733e-07 6.75268e-09
2.91 -1.33011e-07 7.00615e-09
2.915 -1.37424e-07 7.26865e-09
2.92 -1.41975e-07 7.54046e-09
2.925 -1.46667e-07 7.8219e-09
2.93 -1.51505e-07 8.1133e-09
2.935 -1.56493e-07 8.41498e-09
2.94 -1.61636e-07 8.7273e-09
2.945 -1.66937e-07 9.05059e-09
2.95 -1.72402e-07 9.38523e-09
2.955 -1.78036e-07 9.7316e-09
2.96 -1.83843e-07 1.00901e-08
2.965 -1.89827e-07 1.04611e-08
2.97 -1.95995e-07 1.0845e-08
2.975 -2.02352e-07 1.12422e-08
2.98 -2.08902e-07 1.16532e-08
2.985 -2.15652e-07 1.20785e-08
2.99 -2.22607e-07 1.25185e-08
2.995 -2.29773e-07 1.29736e-08
3 -2.37156e-07 1.34444e-08
3.005 -2.44762e-07 1.39314e-08
3.01 -2.52597e-07 1.44351e-08
3.015 -2.60668e-07 1.4956e-08
3.02 -2.68981e-07 1.54947e-08
3.025 -2.77544e-07 1.60518e-08
3.03 -2.86363e-07 1.66279e-08
3.035 -2.95446e-07 1.72235e-08
3.04 -3.04799e-07 1.78393e-08
3.045 -3.14431e-07 1.8476e-08
3.05 -3.24349e-07 1.91341e-08
3.055 -3.34561e-07 1.98145e-08
3.06 -3.45076e-07 2.05177e-08
3.065 -3.559e-07 2.12446e-08
3.07 -3.67045e-07 2.19958e-08
3.075 -3.78517e-07 2.27721e-08
3.08 -3.90326e-07 2.35744e-08
3.085 -4.02481e-07 2.44034e-08
3.09 -4.14993e-07 2.526e-08
3.095 -4.27869e-07 2.61451e-08
3.1 -4.41121e-07 2.70595e-08
3.105 -4.54759e-07 2.80041e-08
3.11 -4.68794e-07 2.89799e-08
3.115 -4.83235e-07 2.99878e-08
3.12 -4.98094e-07 3.1029e-08
3.125 -5.13383e-07 3.21042e-08
3.13 -5.29112e-07 3.32148e-08
3.135 -5.45295e-07 3.43616e-08
3.14 -5.61942e-07 3.55459e-08
3.145 -5.79067e-07 3.67687e-08
3.15 -5.96682e-07 3.80313e-08
3.155 -6.148e-07 3.9335e-08
3.16 -6.33436e-07 4.06808e-08
3.165 -6.52602e-07 4.20701e-08
3.17 -6.72313e-07 4.35043e-08
3.175 -6.92583e-07 4.49847e-08
3.18 -7.13427e-07 4.65127e-08
3.185 -7.3486e-07 4.80898e-08
3.19 -7.56898e-07 4.97173e-08
3.195 -7.79557e-07 5.13969e-08
3.2 -8.02853e-07 5.31301e-08
3.205 -8.26802e-07 5.49184e-08
3.21 -8.51423e-07 5.67637e-08
3.215 -8.76732e-07 5.86675e-08
3.22 -9.02747e-07 6.06315e-08
3.225 -9.29488e-07 6.26577e-08
3.23 -9.56972e-07 6.47478e-08
3.235 -9.85219e-07 6.69038e-08
3.24 -1.01425e-06 6.91275e-08
3.245 -1.04408e-06 7.14209e-08
3.25 -1.07474e-06 7.37862e-08
3.255 -1.10624e-06 7.62255e-08
3.26 -1.13861e-06 7.87408e-08
3.265 -1.17187e-06 8.13345e-08
3.27 -1.20604e-06 8.40088e-08
3.275 -1.24114e-06 8.6766e-08
3.28 -1.2772e-06 8.96087e-08
3.285 -1.31425e-06 9.25392e-08
3.29 -1.35231e-06 9.55601e-08
3.295 -1.3914e-06 9.8674e-08
3.3 -1.43155e-06 1.01884e-07
3.305 -1.47278e-06 1.05192e-07
3.31 -1.51514e-06 1.08601e-07
3.315 -1.55863e-06 1.12115e-07
3.32 -1.6033e-06 1.15736e-07
3.325 -1.64917e-06 1.19467e-07
3.33 -1.69626e-06 1.23311e-07
3.335 -1.74462e-06 1.27272e-07
3.34 -1.79428e-06 1.31353e-07
3.345 -1.84526e-06 1.35557e-07
3.35 -1.8976e-06 1.39888e-07
3.355 -1.95133e-06 1.4435e-07
3.36 -2.00648e-06 1.48946e-07
3.365 -2.0631e-06 1.53679e-07
3.37 -2.12122e-06 1.58554e-07
3.375 -2.18087e-06 1.63575e-07
3.38 -2.2421e-06 1.68746e-07
3.385 -2.30494e-06 1.74071e-07
3.39 -2.36943e-06 1.79553e-07
3.395 -2.43561e-06 1.85199e-07
3.4 -2.50353e-06 1.91012e-07
3.405 -2.57322e-06 1.96996e-07
3.41 -2.64473e-06 2.03157e-07
3.415 -2.7181e-06 2.09499e-07
3.42 -2.79338e-06 2.16028e-07
3.425 -2.87062e-06 2.22748e-07
3.43 -2.94985e-06 2.29665e-07
3.435 -3.03114e-06 2.36784e-07
3.44 -3.11452e-06 2.44111e-07
3.445 -3.20006e-06 2.51651e-07
3.45 -3.2878e-06 2.5941e-07
3.455 -3.37779e-06 2.67394e-07
3.46 -3.47009e-06 2.7561e-07
3.465 -3.56475e-06 2.84062e-07
3.47 -3.66183e-06 2.92759e-07
3.475 -3.76139e-06 3.01706e-07
3.48 -3.86349e-06 3.1091e-07
3.485 -3.96818e-06 3.20378e-07
3.49 -4.07553e-06 3.30117e-07
3.495 -4.1856e-06 3.40135e-07
3.5 -4.29846e-06 3.50438e-07
3.505 -4.41416e-06 3.61035e-07
3.51 -4.53278e-06 3.71932e-07
3.515 -4.65439e-06 3.83139e-07
3.52 -4.77905e-06 3.94663e-07
3.525 -4.90684e-06 4.06513e-07
3.53 -5.03783e-06 4.18697e-07
3.535 -5.17209e-06 4.31224e-07
3.54 -5.3097e-06 4.44103e-07
3.545 -5.45074e-06 4.57343e-07
3.55 -5.59529e-06 4.70954e-07
3.555 -5.74343e-06 4.84945e-07
3.56 -5.89523e-06 4.99327e-07
3.565 -6.0508e-06 5.14109e-07
3.57 -6.2102e-06 5.29302e-07
3.575 -6.37354e-06 5.44916e-07
3.58 -6.54089e-06 5.60962e-07
3.585 -6.71236e-06 5.77452e-07
3.59 -6.88804e-06 5.94397e-07
3.595 -7.06802e-06 6.11809e-07
3.6 -7.25239e-06 6.29698e-07
3.605 -7.44127e-06 6.48079e-07
3.61 -7.63475e-06 6.66963e-07
3.615 -7.83294e-06 6.86363e-07
3.62 -8.03593e-06 7.06292e-07
3.625 -8.24385e-06 7.26764e-07
3.63 -8.4568e-06 7.47792e-07
3.635 -8.6749e-06 7.6939e-07
3.64 -8.89826e-06 7.91574e-07
3.645 -9.12699e-06 8.14356e-07
3.65 -9.36122e-06 8.37754e-07
3.655 -9.60107e-06 8.61781e-07
3.66 -9.84667e-06 8.86454e-07
3.665 -1.00981e-05 9.1179e-07
3.67 -1.03556e-05 9.37803e-07
3.675 -1.06192e-05 9.64512e-07
3.68 -1.08891e-05 9.91933e-07
3.685 -1.11654e-05 1.02008e-06
3.69 -1.14483e-05 1.04898e-06
3.695 -1.17378e-05 1.07865e-06
3.7 -1.20342e-05 1.1091e-06
3.705 -1.23376e-05 1.14036e-06
3.71 -1.26481e-05 1.17244e-06
3.715 -1.2966e-05 1.20537e-06
3.72 -1.32913e-05 1.23916e-06
3.725 -1.36242e-05 1.27384e-06
3.73 -1.39649e-05 1.30942e-06
3.735 -1.43136e-05 1.34594e-06
3.74 -1.46704e-05 1.38341e-06
3.745 -1.50355e-05 1.42185e-06
3.75 -1.54091e-05 1.4613e-06
3.755 -1.57914e-05 1.50177e-06
3.76 -1.61825e-05 1.54328e-06
3.765 -1.65827e-05 1.58587e-06
3.77 -1.69921e-05 1.62956e-06
3.775 -1.7411e-05 1.67437e-06
3.78 -1.78395e-05 1.72034e-06
3.785 -1.82778e-05 1.76748e-06
3.79 -1.87262e-05 1.81583e-06
3.795 -1.91849e-05 1.86542e-06
3.8 -1.9654e-05 1.91627e-06
3.805 -2.01339e-05 1.96842e-06
3.81 -2.06246e-05 2.02189e-06
3.815 -2.11266e-05 2.07673e-06
3.82 -2.16399e-05 2.13295e-06
3.825 -2.21649e-05 2.19059e-06
3.83 -2.27018e-05 2.24968e-06
3.835 -2.32508e-05 2.31027e-06
3.84 -2.38122e-05 2.37238e-06
3.845 -2.43862e-05 2.43604e-06
3.85 -2.49732e-05 2.5013e-06
3.855 -2.55733e-05 2.5682e-06
3.86 -2.61869e-05 2.63676e-06
3.865 -2.68142e-05 2.70703e-06
3.87 -2.74555e-05 2.77905e-06
3.875 -2.81111e-05 2.85285e-06
3.88 -2.87813e-05 2.92849e-06
3.885 -2.94664e-05 3.00599e-06
3.89 -3.01667e-05 3.08541e-06
3.895 -3.08826e-05 3.16678e-06
3.9 -3.16142e-05 3.25016e-06
3.905 -3.23621e-05 3.33558e-06
3.91 -3.31264e-05 3.42309e-06
3.915 -3.39075e-05 3.51275e-06
3.92 -3.47058e-05 3.60459e-06
3.925 -3.55216e-05 3.69867e-06
3.93 -3.63553e-05 3.79504e-06
3.935 -3.72072e-05 3.89375e-06
3.94 -3.80777e-05 3.99485e-06
3.945 -3.89672e-05 4.09839e-06
3.95 -3.9876e-05 4.20444e-06
3.955 -4.08046e-05 4.31304e-06
3.96 -4.17533e-05 4.42426e-06
3.965 -4.27225e-05 4.53814e-06
3.97 -4.37127e-05 4.65475e-06
3.975 -4.47243e-05 4.77416e-06
3.98 -4.57577e-05 4.89641e-06
3.985 -4.68133e-05 5.02158e-06
3.99 -4.78916e-05 5.14973e-06
3.995 -4.8993e-05 5.28092e-06
4 -5.0118e-05 5.41521e-06
4.005 -5.1267e-05 5.55269e-06
4.01 -5.24405e-05 5.69341e-06
4.015 -5.36391e-05 5.83745e-06
4.02 -5.48631e-05 5.98488e-06
4.025 -5.61132e-05 6.13578e-06
4.03 -5.73897e-05 6.29021e-06
4.035 -5.86932e-05 6.44825e-06
4.04 -6.00243e-05 6.60999e-06
4.045 -6.13835e-05 6.77549e-06
4.05 -6.27713e-05 6.94485e-06
4.055 -6.41883e-05 7.11814e-06
4.06 -6.5635e-05 7.29545e-06
4.065 -6.71121e-05 7.47687e-06
4.07 -6.86201e-05 7.66247e-06
4.075 -7.01596e-05 7.85236e-06
4.08 -7.17311e-05 8.04661e-06
4.085 -7.33355e-05 8.24533e-06
4.09 -7.49732e-05 8.44861e-06
4.095 -7.66448e-05 8.65654e-06
4.1 -7.83512e-05 8.86922e-06
4.105 -8.00928e-05 9.08676e-06
4.11 -8.18704e-05 9.30924e-06
4.115 -8.36847e-05 9.53678e-06
4.12 -8.55363e-05 9.76949e-06
4.125 -8.74261e-05 1.00075e-05
4.13 -8.93546e-05 1.02508e-05
4.135 -9.13226e-05 1.04997e-05
4.14 -9.33309e-05 1.07541e-05
4.145 -9.53802e-05 1.10143e-05
4.15 -9.74713e-05 1.12803e-05
4.155 -9.9605e-05 1.15522e-05
4.16 -0.000101782 1.18303e-05
4.165 -0.000104003 1.21145e-05
4.17 -0.00010627 1.24051e-05
4.175 -0.000108582 1.27021e-05
4.18 -0.000110941 1.30057e-05
4.185 -0.000113347 1.33161e-05
4.19 -0.000115802 1.36333e-05
4.195 -0.000118306 1.39575e-05
4.2 -0.00012086 1.42889e-05
4.205 -0.000123466 1.46276e-05
4.21 -0.000126124 1.49736e-05
4.215 -0.000128835 1.53273e-05
4.22 -0.0001316 1.56887e-05
4.225 -0.00013442 1.6058e-05
4.23 -0.000137296 1.64353e-05
4.235 -0.000140229 1.68209e-05
4.24 -0.00014322 1.72148e-05
4.245 -0.000146271 1.76173e-05
4.25 -0.000149382 1.80285e-05
4.255 -0.000152554 1.84485e-05
4.26 -0.000155788 1.88776e-05
4.265 -0.000159086 1.93159e-05
4.27 -0.000162449 1.97637e-05
4.275 -0.000165878 2.02211e-05
4.28 -0.000169374 2.06882e-05
4.285 -0.000172938 2.11653e-05
4.29 -0.000176572 2.16526e-05
4.295 -0.000180276 2.21503e-05
4.3 -0.000184053 2.26585e-05
4.305 -0.000187903 2.31776e-05
4.31 -0.000191827 2.37076e-05
4.315 -0.000195827 2.42488e-05
4.32 -0.000199905 2.48014e-05
4.325 -0.000204061 2.53657e-05
4.33 -0.000208298 2.59418e-05
4.335 -0.000212616 2.653e-05
4.34 -0.000217016 2.71306e-05
4.345 -0.000221501 2.77437e-05
4.35 -0.000226072 2.83695e-05
4.355 -0.000230731 2.90085e-05
4.36 -0.000235478 2.96607e-05
4.365 -0.000240316 3.03264e-05
4.37 -0.000245245 3.10059e-05
4.375 -0.000250268 3.16995e-05
4.38 -0.000255387 3.24074e-05
4.385 -0.000260602 3.31299e-05
4.39 -0.000265916 3.38673e-05
4.395 -0.000271331 3.46198e-05
4.4 -0.000276847 3.53877e-05
4.405 -0.000282467 3.61713e-05
4.41 -0.000288192 3.6971e-05
4.415 -0.000294025 3.77869e-05
4.42 -0.000299968 3.86194e-05
4.425 -0.000306021 3.94689e-05
4.43 -0.000312187 4.03356e-05
4.435 -0.000318468 4.12198e-05
4.44 -0.000324866 4.21219e-05
4.445 -0.000331383 4.30421e-05
4.45 -0.000338021 4.39809e-05
4.455 -0.000344782 4.49386e-05
4.46 -0.000351668 4.59155e-05
4.465 -0.000358681 4.69119e-05
4.47 -0.000365823 4.79282e-05
4.475 -0.000373097 4.89649e-05
4.48 -0.000380504 5.00222e-05
4.485 -0.000388047 5.11004e-05
4.49 -0.000395729 5.22001e-05
4.495 -0.000403551 5.33216e-05
4.5 -0.000411515 5.44653e-05
4.505 -0.000419625 5.56315e-05
4.51 -0.000427883 5.68207e-05
4.515 -0.000436291 5.80333e-05
4.52 -0.000444851 5.92697e-05
4.525 -0.000453567 6.05304e-05
4.53 -0.00046244 6.18157e-05
4.535 -0.000471474 6.31261e-05
4.54 -0.00048067 6.4462e-05
4.545 -0.000490033 6.5824e-05
4.55 -0.000499563 6.72124e-05
4.555 -0.000509265 6.86277e-05
4.56 -0.00051914 7.00704e-05
4.565 -0.000529193 7.1541e-05
4.57 -0.000539425 7.304e-05
4.575 -0.00054984 7.45678e-05
4.58 -0.00056044 7.6125e-05
4.585 -0.000571228 7.77121e-05
4.59 -0.000582209 7.93295e-05
4.595 -0.000593384 8.09779e-05
4.6 -0.000604757 8.26577e-05
4.605 -0.000616331 8.43696e-05
4.61 -0.00062811 8.61139e-05
4.615 -0.000640096 8.78914e-05
4.62 -0.000652293 8.97026e-05
4.625 -0.000664704 9.1548e-05
4.63 -0.000677333 9.34283e-05
4.635 -0.000690184 9.5344e-05
4.64 -0.000703259 9.72958e-05
4.645 -0.000716562 9.92842e-05
4.65 -0.000730098 0.00010131
4.655 -0.000743869 0.000103373
4.66 -0.00075788 0.000105476
4.665 -0.000772133 0.000107617
4.67 -0.000786634 0.000109798
4.675 -0.000801386 0.00011202
4.68 -0.000816393 0.000114283
4.685 -0.000831658 0.000116588
4.69 -0.000847187 0.000118935
4.695 -0.000862982 0.000121326
4.7 -0.000879049 0.000123761
4.705 -0.000895392 0.00012624
4.71 -0.000912014 0.000128765
4.715 -0.00092892 0.000131337
4.72 -0.000946115 0.000133955
4.725 -0.000963603 0.000136621
4.73 -0.000981389 0.000139336
4.735 -0.000999477 0.0001421
4.74 -0.00101787 0.000144915
4.745 -0.00103658 0.00014778
4.75 -0.0010556 0.000150697
4.755 -0.00107494 0.000153667
4.76 -0.00109461 0.000156691
4.765 -0.00111462 0.000159769
4.77 -0.00113495 0.000162902
4.775 -0.00115563 0.000166092
4.78 -0.00117666 0.000169338
4.785 -0.00119804 0.000172643
4.79 -0.00121977 0.000176007
4.795 -0.00124187 0.00017943
4.8 -0.00126433 0.000182914
4.805 -0.00128717 0.000186461
4.81 -0.00131039 0.00019007
4.815 -0.00133399 0.000193743
4.82 -0.00135799 0.000197481
4.825 -0.00138238 0.000201284
4.83 -0.00140717 0.000205155
4.835 -0.00143237 0.000209093
4.84 -0.00145799 0.000213101
4.845 -0.00148403 0.000217179
4.85 -0.00151049 0.000221328
4.855 -0.00153739 0.000225549
4.86 -0.00156473 0.000229844
4.865 -0.00159252 0.000234214
4.87 -0.00162076 0.00023866
4.875 -0.00164946 0.000243182
4.88 -0.00167862 0.000247783
4.885 -0.00170826 0.000252463
4.89 -0.00173838 0.000257223
4.895 -0.00176899 0.000262066
4.9 -0.00180009 0.000266992
4.905 -0.00183169 0.000272002
4.91 -0.0018638 0.000277098
4.915 -0.00189643 0.000282281
4.92 -0.00192959 0.000287552
4.925 -0.00196327 0.000292913
4.93 -0.0019975 0.000298365
4.935 -0.00203227 0.00030391
4.94 -0.0020676 0.000309548
4.945 -0.00210349 0.000315282
4.95 -0.00213995 0.000321113
4.955 -0.00217699 0.000327042
4.96 -0.00221462 0.00033307
4.965 -0.00225285 0.0003392
4.97 -0.00229168 0.000345432
4.975 -0.00233112 0.000351769
4.98 -0.00237119 0.000358212
4.985 -0.00241189 0.000364762
4.99 -0.00245323 0.000371421
4.995 -0.00249521 0.00037819
5 -0.00253786 0.000385072
5.005 -0.00258118 0.000392068
5.01 -0.00262517 0.000399179
5.015 -0.00266985 0.000406408
5.02 -0.00271522 0.000413756
5.025 -0.0027613 0.000421224
5.03 -0.0028081 0.000428815
5.035 -0.00285562 0.000436531
5.04 -0.00290388 0.000444373
5.045 -0.00295289 0.000452342
5.05 -0.00300265 0.000460442
5.055 -0.00305319 0.000468673
5.06 -0.0031045 0.000477039
5.065 -0.00315659 0.000485539
5.07 -0.00320949 0.000494178
5.075 -0.0032632 0.000502956
5.08 -0.00331774 0.000511875
5.085 -0.0033731 0.000520939
5.09 -0.00342932 0.000530148
5.095 -0.00348638 0.000539504
5.1 -0.00354432 0.000549011
5.105 -0.00360314 0.00055867
5.11 -0.00366285 0.000568483
5.115 -0.00372346 0.000578452
5.12 -0.003785 0.00058858
5.125 -0.00384746 0.000598869
5.13 -0.00391086 0.00060932
5.135 -0.00397522 0.000619938
5.14 -0.00404055 0.000630723
5.145 -0.00410685 0.000641678
5.15 -0.00417415 0.000652806
5.155 -0.00424246 0.000664109
5.16 -0.00431179 0.000675589
5.165 -0.00438216 0.000687249
5.17 -0.00445357 0.000699091
5.175 -0.00452605 0.000711118
5.18 -0.0045996 0.000723333
5.185 -0.00467425 0.000735737
5.19 -0.00475 0.000748335
5.195 -0.00482687 0.000761127
5.2 -0.00490487 0.000774118
5.205 -0.00498403 0.000787309
5.21 -0.00506435 0.000800704
5.215 -0.00514586 0.000814305
5.22 -0.00522856 0.000828116
5.225 -0.00531247 0.000842138
5.23 -0.00539761 0.000856375
5.235 -0.005484 0.00087083
5.24 -0.00557164 0.000885505
5.245 -0.00566056 0.000900404
5.25 -0.00575078 0.00091553
5.255 -0.00584231 0.000930886
5.26 -0.00593517 0.000946475
5.265 -0.00602937 0.000962299
5.27 -0.00612493 0.000978363
5.275 -0.00622187 0.000994669
5.28 -0.00632022 0.00101122
5.285 -0.00641997 0.00102802
5.29 -0.00652117 0.00104507
5.295 -0.00662381 0.00106238
5.3 -0.00672793 0.00107995
5.305 -0.00683353 0.00109778
5.31 -0.00694065 0.00111587
5.315 -0.00704929 0.00113424
5.32 -0.00715949 0.00115287
5.325 -0.00727125 0.00117179
5.33 -0.00738459 0.00119098
5.335 -0.00749955 0.00121046
5.34 -0.00761613 0.00123022
5.345 -0.00773437 0.00125028
5.35 -0.00785427 0.00127063
5.355 -0.00797586 0.00129128
5.36 -0.00809917 0.00131223
5.365 -0.0082242 0.00133349
5.37 -0.008351 0.00135506
5.375 -0.00847957 0.00137695
5.38 -0.00860994 0.00139915
5.385 -0.00874213 0.00142167
5.39 -0.00887616 0.00144453
5.395 -0.00901207 0.00146771
5.4 -0.00914986 0.00149123
5.405 -0.00928957 0.00151508
5.41 -0.00943121 0.00153929
5.415 -0.00957482 0.00156384
5.42 -0.00972041 0.00158874
5.425 -0.00986801 0.001614
5.43 -0.0100177 0.00163962
5.435 -0.0101693 0.0016656
5.44 -0.0103231 0.00169196
5.445 -0.010479 0.00171869
5.45 -0.0106371 0.00174581
5.455 -0.0107972 0.0017733
5.46 -0.0109596 0.00180119
5.465 -0.0111242 0.00182947
5.47 -0.0112911 0.00185815
5.475 -0.0114602 0.00188724
5.48 -0.0116316 0.00191673
5.485 -0.0118053 0.00194664
5.49 -0.0119814 0.00197696
5.495 -0.0121598 0.00200772
5.5 -0.0123407 0.0020389
5.505 -0.012524 0.00207052
5.51 -0.0127098 0.00210257
5.515 -0.012898 0.00213508
5.52 -0.0130888 0.00216803
5.525 -0.0132822 0.00220144
5.53 -0.0134781 0.00223532
5.535 -0.0136767 0.00226966
5.54 -0.0138779 0.00230447
5.545 -0.0140818 0.00233977
5.55 -0.0142883 0.00237554
5.555 -0.0144977 0.00241181
5.56 -0.0147098 0.00244858
5.565 -0.0149247 0.00248585
5.57 -0.0151425 0.00252363
5.575 -0.0153631 0.00256192
5.58 -0.0155866 0.00260073
5.585 -0.0158131 0.00264007
5.59 -0.0160426 0.00267995
5.595 -0.016275 0.00272036
5.6 -0.0165105 0.00276132
5.605 -0.0167491 0.00280283
5.61 -0.0169908 0.00284491
5.615 -0.0172357 0.00288754
5.62 -0.0174837 0.00293075
5.625 -0.017735 0.00297454
5.63 -0.0179895 0.00301891
5.635 -0.0182473 0.00306388
5.64 -0.0185085 0.00310944
5.645 -0.018773 0.00315562
5.65 -0.0190409 0.0032024
5.655 -0.0193123 0.00324981
5.66 -0.0195872 0.00329784
5.665 -0.0198656 0.00334651
5.67 -0.0201476 0.00339582
5.675 -0.0204332 0.00344578
5.68 -0.0207224 0.0034964
5.685 -0.0210154 0.00354768
5.69 -0.021312 0.00359963
5.695 -0.0216125 0.00365227
5.7 -0.0219167 0.00370559
5.705 -0.0222248 0.00375961
5.71 -0.0225368 0.00381433
5.715 -0.0228528 0.00386976
5.72 -0.0231727 0.00392591
5.725 -0.0234967 0.00398279
5.73 -0.0238248 0.0040404
5.735 -0.024157 0.00409876
5.74 -0.0244933 0.00415787
5.745 -0.0248339 0.00421774
5.75 -0.0251787 0.00427838
5.755 -0.0255279 0.0043398
5.76 -0.0258813 0.004402
5.765 -0.0262392 0.004465
5.77 -0.0266016 0.0045288
5.775 -0.0269684 0.00459341
5.78 -0.0273398 0.00465885
5.785 -0.0277158 0.00472512
5.79 -0.0280964 0.00479222
5.795 -0.0284817 0.00486018
5.8 -0.0288718 0.00492899
5.805 -0.0292666 0.00499868
5.81 -0.0296664 0.00506924
5.815 -0.030071 0.00514068
5.82 -0.0304805 0.00521302
5.825 -0.0308951 0.00528627
5.83 -0.0313148 0.00536043
5.835 -0.0317395 0.00543552
5.84 -0.0321694 0.00551155
5.845 -0.0326046 0.00558852
5.85 -0.033045 0.00566645
5.855 -0.0334907 0.00574534
5.86 -0.0339419 0.00582521
5.865 -0.0343984 0.00590607
5.87 -0.0348605 0.00598792
5.875 -0.0353282 0.00607078
5.88 -0.0358015 0.00615466
5.885 -0.0362804 0.00623957
5.89 -0.0367651 0.00632552
5.895 -0.0372556 0.00641252
5.9 -0.0377519 0.00650059
5.905 -0.0382542 0.00658973
5.91 -0.0387624 0.00667995
5.915 -0.0392767 0.00677127
5.92 -0.0397971 0.00686369
5.925 -0.0403236 0.00695724
5.93 -0.0408564 0.00705191
5.935 -0.0413955 0.00714773
5.94 -0.0419409 0.00724471
5.945 -0.0424928 0.00734284
5.95 -0.0430511 0.00744216
5.955 -0.043616 0.00754267
5.96 -0.0441875 0.00764438
5.965 -0.0447657 0.00774731
5.97 -0.0453507 0.00785146
5.975 -0.0459424 0.00795685
5.98 -0.0465411 0.0080635
5.985 -0.0471467 0.00817141
5.99 -0.0477594 0.0082806
5.995 -0.0483792 0.00839108
6 -0.0490061 0.00850286
6.005 -0.0496403 0.00861596
6.01 -0.0502818 0.00873039
6.015 -0.0509306 0.00884617
6.02 -0.051587 0.0089633
6.025 -0.0522509 0.0090818
6.03 -0.0529224 0.00920169
6.035 -0.0536015 0.00932298
6.04 -0.0542885 0.00944568
6.045 -0.0549832 0.00956981
6.05 -0.0556859 0.00969537
6.055 -0.0563966 0.00982239
6.06 -0.0571153 0.00995088
6.065 -0.0578422 0.0100809
6.07 -0.0585774 0.0102123
6.075 -0.0593208 0.0103453
6.08 -0.0600726 0.0104798
6.085 -0.0608329 0.0106159
6.09 -0.0616017 0.0107535
6.095 -0.0623792 0.0108927
6.1 -0.0631654 0.0110335
6.105 -0.0639603 0.0111758
6.11 -0.0647642 0.0113198
6.115 -0.065577 0.0114655
6.12 -0.0663989 0.0116127
6.125 -0.0672299 0.0117617
6.13 -0.0680702 0.0119123
6.135 -0.0689197 0.0120646
6.14 -0.0697787 0.0122187
6.145 -0.0706472 0.0123744
6.15 -0.0715252 0.012532
6.155 -0.0724129 0.0126912
6.16 -0.0733104 0.0128523
6.165 -0.0742177 0.0130152
6.17 -0.0751349 0.0131798
6.175 -0.0760622 0.0133463
6.18 -0.0769996 0.0135147
6.185 -0.0779473 0.0136849
6.19 -0.0789052 0.013857
6.195 -0.0798736 0.014031
6.2 -0.0808525 0.0142069
6.205 -0.081842 0.0143848
6.21 -0.0828422 0.0145646
6.215 -0.0838532 0.0147464
6.22 -0.0848751 0.0149302
6.225 -0.085908 0.0151159
6.23 -0.086952 0.0153037
6.235 -0.0880072 0.0154936
6.24 -0.0890737 0.0156855
6.245 -0.0901516 0.0158795
6.25 -0.091241 0.0160756
6.255 -0.0923421 0.0162738
6.26 -0.0934548 0.0164742
6.265 -0.0945794 0.0166767
6.27 -0.0957159 0.0168814
6.275 -0.0968644 0.0170883
6.28 -0.0980251 0.0172974
6.285 -0.099198 0.0175088
6.29 -0.100383 0.0177224
6.295 -0.101581 0.0179383
6.3 -0.102791 0.0181565
6.305 -0.104014 0.018377
6.31 -0.10525 0.0185999
6.315 -0.106499 0.0188251
6.32 -0.107761 0.0190527
6.325 -0.109035 0.0192827
6.33 -0.110324 0.0195151
6.335 -0.111625 0.01975
6.34 -0.11294 0.0199873
6.345 -0.114269 0.0202271
6.35 -0.115611 0.0204694
6.355 -0.116967 0.0207143
6.36 -0.118337 0.0209617
6.365 -0.119722 0.0212117
6.37 -0.12112 0.0214643
6.375 -0.122533 0.0217195
6.38 -0.12396 0.0219773
6.385 -0.125402 0.0222378
6.39 -0.126858 0.022501
6.395 -0.128329 0.0227669
6.4 -0.129815 0.0230356
6.405 -0.131317 0.023307
6.41 -0.132833 0.0235812
6.415 -0.134365 0.0238582
6.42 -0.135912 0.024138
6.425 -0.137475 0.0244206
6.43 -0.139053 0.0247062
6.435 -0.140648 0.0249946
6.44 -0.142258 0.025286
6.445 -0.143884 0.0255803
6.45 -0.145527 0.0258776
6.455 -0.147186 0.0261778
6.46 -0.148861 0.0264811
6.465 -0.150554 0.0267875
6.47 -0.152263 0.0270969
6.475 -0.153988 0.0274094
6.48 -0.155731 0.0277251
6.485 -0.157491 0.0280438
6.49 -0.159269 0.0283658
6.495 -0.161064 0.028691
6.5 -0.162876 0.0290193
6.505 -0.164706 0.029351
6.51 -0.166555 0.0296859
6.515 -0.168421 0.0300241
6.52 -0.170305 0.0303657
6.525 -0.172208 0.0307106
6.53 -0.174129 0.0310589
6.535 -0.176069 0.0314106
6.54 -0.178027 0.0317657
6.545 -0.180005 0.0321243
6.55 -0.182001 0.0324864
6.555 -0.184017 0.032852
6.56 -0.186052 0.0332212
6.565 -0.188107 0.033594
6.57 -0.190181 0.0339703
6.575 -0.192275 0.0343503
6.58 -0.19439 0.034734
6.585 -0.196524 0.0351213
6.59 -0.198678 0.0355124
6.595 -0.200853 0.0359072
6.6 -0.203049 0.0363058
6.605 -0.205265 0.0367081
6.61 -0.207503 0.0371144
6.615 -0.209761 0.0375245
6.62 -0.212041 0.0379384
6.625 -0.214342 0.0383564
6.63 -0.216664 0.0387782
6.635 -0.219009 0.0392041
6.64 -0.221375 0.0396339
6.645 -0.223763 0.0400678
6.65 -0.226174 0.0405058
6.655 -0.228606 0.0409479
6.66 -0.231062 0.0413941
6.665 -0.23354 0.0418445
6.67 -0.236041 0.0422991
6.675 -0.238565 0.0427579
6.68 -0.241113 0.043221
6.685 -0.243683 0.0436883
6.69 -0.246278 0.04416
6.695 -0.248896 0.0446361
6.7 -0.251538 0.0451165
6.705 -0.254204 0.0456014
6.71 -0.256894 0.0460907
6.715 -0.259609 0.0465844
6.72 -0.262349 0.0470828
6.725 -0.265113 0.0475856
6.73 -0.267902 0.0480931
6.735 -0.270716 0.0486051
6.74 -0.273556 0.0491218
6.745 -0.276421 0.0496432
6.75 -0.279312 0.0501693
6.755 -0.282229 0.0507002
6.76 -0.285172 0.0512358
6.765 -0.288141 0.0517763
6.77 -0.291137 0.0523216
6.775 -0.294159 0.0528717
6.78 -0.297208 0.0534269
6.785 -0.300284 0.0539869
6.79 -0.303388 0.054552
6.795 -0.306518 0.055122
6.8 -0.309677 0.0556972
6.805 -0.312862 0.0562774
6.81 -0.316076 0.0568628
6.815 -0.319318 0.0574533
6.82 -0.322589 0.058049
6.825 -0.325888 0.05865
6.83 -0.329215 0.0592562
6.835 -0.332572 0.0598677
6.84 -0.335957 0.0604846
6.845 -0.339372 0.0611068
6.85 -0.342817 0.0617345
6.855 -0.346291 0.0623676
6.86 -0.349795 0.0630062
6.865 -0.353329 0.0636504
6.87 -0.356894 0.0643001
6.875 -0.360488 0.0649553
6.88 -0.364114 0.0656163
6.885 -0.367771 0.0662829
6.89 -0.371458 0.0669552
6.895 -0.375177 0.0676332
6.9 -0.378928 0.0683171
6.905 -0.38271 0.0690068
6.91 -0.386524 0.0697023
6.915 -0.39037 0.0704037
6.92 -0.394249 0.0711111
6.925 -0.39816 0.0718244
6.93 -0.402104 0.0725438
6.935 -0.406081 0.0732692
6.94 -0.410091 0.0740007
6.945 -0.414134 0.0747383
6.95 -0.418211 0.0754821
6.955 -0.422322 0.0762321
6.96 -0.426467 0.0769884
6.965 -0.430646 0.0777509
6.97 -0.43486 0.0785198
6.975 -0.439108 0.0792951
6.98 -0.443391 0.0800767
6.985 -0.447709 0.0808648
6.99 -0.452063 0.0816594
6.995 -0.456452 0.0824605
7 -0.460877 0.0832681
7.005 -0.465337 0.0840824
7.01 -0.469834 0.0849033
7.015 -0.474368 0.0857309
7.02 -0.478938 0.0865652
7.025 -0.483544 0.0874063
7.03 -0.488188 0.0882542
7.035 -0.49287 0.089109
7.04 -0.497588 0.0899706
7.045 -0.502345 0.0908392
7.05 -0.507139 0.0917147
7.055 -0.511972 0.0925973
7.06 -0.516843 0.0934869
7.065 -0.521752 0.0943836
7.07 -0.526701 0.0952875
7.075 -0.531688 0.0961985
7.08 -0.536715 0.0971168
7.085 -0.541782 0.0980423
7.09 -0.546888 0.0989751
7.095 -0.552034 0.0999153
7.1 -0.557221 0.100863
7.105 -0.562448 0.101818
7.11 -0.567715 0.10278
7.115 -0.573024 0.10375
7.12 -0.578373 0.104728
7.125 -0.583764 0.105713
7.13 -0.589197 0.106706
7.135 -0.594671 0.107706
7.14 -0.600188 0.108714
7.145 -0.605747 0.10973
7.15 -0.611348 0.110754
7.155 -0.616992 0.111786
7.16 -0.62268 0.112825
7.165 -0.62841 0.113873
7.17 -0.634184 0.114928
7.175 -0.640002 0.115992
7.18 -0.645863 0.117064
7.185 -0.651769 0.118143
7.19 -0.657719 0.119231
7.195 -0.663714 0.120327
7.2 -0.669754 0.121432
7.205 -0.675839 0.122544
7.21 -0.681969 0.123665
7.215 -0.688145 0.124794
7.22 -0.694366 0.125932
7.225 -0.700634 0.127078
7.23 -0.706948 0.128233
7.235 -0.713309 0.129397
7.24 -0.719716 0.130568
7.245 -0.726171 0.131749
7.25 -0.732673 0.132938
7.255 -0.739222 0.134136
7.26 -0.745819 0.135343
7.265 -0.752464 0.136559
7.27 -0.759158 0.137783
7.275 -0.765899 0.139016
7.28 -0.77269 0.140259
7.285 -0.779529 0.14151
7.29 -0.786418 0.14277
7.295 -0.793356 0.14404
7.3 -0.800344 0.145318
7.305 -0.807382 0.146606
7.31 -0.81447 0.147903
7.315 -0.821608 0.149209
7.32 -0.828797 0.150525
7.325 -0.836037 0.15185
7.33 -0.843328 0.153184
7.335 -0.85067 0.154528
7.34 -0.858064 0.155881
7.345 -0.86551 0.157243
7.35 -0.873008 0.158616
7.355 -0.880558 0.159998
7.36 -0.888161 0.161389
7.365 -0.895817 0.162791
7.37 -0.903525 0.164202
7.375 -0.911287 0.165623
7.38 -0.919103 0.167053
7.385 -0.926972 0.168494
7.39 -0.934895 0.169944
7.395 -0.942873 0.171405
7.4 -0.950905 0.172875
7.405 -0.958992 0.174356
7.41 -0.967134 0.175847
7.415 -0.975331 0.177347
7.42 -0.983583 0.178858
7.425 -0.991892 0.18038
7.43 -1.00026 0.181911
7.435 -1.00868 0.183453
7.44 -1.01715 0.185005
7.445 -1.02569 0.186568
7.45 -1.03428 0.188141
7.455 -1.04292 0.189725
7.46 -1.05163 0.191319
7.465 -1.06039 0.192924
7.47 -1.06921 0.194539
7.475 -1.07809 0.196165
7.48 -1.08703 0.197802
7.485 -1.09602 0.199449
7.49 -1.10508 0.201108
7.495 -1.11419 0.202777
7.5 -1.12336 0.204457
7.505 -1.13259 0.206148
7.51 -1.14188 0.20785
7.515 -1.15123 0.209563
7.52 -1.16065 0.211287
7.525 -1.17012 0.213022
7.53 -1.17965 0.214769
7.535 -1.18924 0.216526
7.54 -1.1989 0.218295
7.545 -1.20861 0.220075
7.55 -1.21839 0.221866
7.555 -1.22823 0.223669
7.56 -1.23813 0.225483
7.565 -1.2481 0.227309
7.57 -1.25812 0.229146
7.575 -1.26821 0.230994
7.58 -1.27836 0.232854
7.585 -1.28858 0.234726
7.59 -1.29885 0.23661
7.595 -1.30919 0.238505
7.6 -1.3196 0.240411
7.605 -1.33007 0.24233
7.61 -1.3406 0.24426
7.615 -1.3512 0.246202
7.62 -1.36186 0.248157
7.625 -1.37259 0.250123
7.63 -1.38338 0.252101
7.635 -1.39424 0.254091
7.64 -1.40516 0.256093
7.645 -1.41615 0.258107
7.65 -1.42721 0.260133
7.655 -1.43833 0.262171
7.66 -1.44951 0.264222
7.665 -1.46077 0.266285
7.67 -1.47209 0.26836
7.675 -1.48348 0.270448
7.68 -1.49493 0.272547
7.685 -1.50645 0.27466
7.69 -1.51804 0.276784
7.695 -1.5297 0.278921
7.7 -1.54143 0.281071
7.705 -1.55322 0.283233
7.71 -1.56508 0.285408
7.715 -1.57701 0.287595
7.72 -1.58901 0.289795
7.725 -1.60108 0.292007
7.73 -1.61322 0.294233
7.735 -1.62542 0.296471
7.74 -1.6377 0.298722
7.745 -1.65005 0.300985
7.75 -1.66246 0.303262
7.755 -1.67495 0.305551
7.76 -1.6875 0.307854
7.765 -1.70013 0.310169
7.77 -1.71283 0.312497
7.775 -1.72559 0.314839
7.78 -1.73843 0.317193
7.785 -1.75134 0.31956
7.79 -1.76432 0.321941
7.795 -1.77738 0.324335
7.8 -1.7905 0.326741
7.805 -1.8037 0.329161
7.81 -1.81697 0.331595
7.815 -1.83031 0.334041
7.82 -1.84372 0.336501
7.825 -1.8572 0.338974
7.83 -1.87076 0.341461
7.835 -1.88439 0.343961
7.84 -1.8981 0.346474
7.845 -1.91187 0.349001
7.85 -1.92572 0.351541
7.855 -1.93964 0.354095
7.86 -1.95364 0.356663
7.865 -1.96771 0.359243
7.87 -1.98186 0.361838
7.875 -1.99607 0.364446
7.88 -2.01037 0.367068
7.885 -2.02473 0.369703
7.89 -2.03917 0.372352
7.895 -2.05369 0.375015
7.9 -2.06828 0.377691
7.905 -2.08294 0.380381
7.91 -2.09768 0.383085
7.915 -2.1125 0.385803
7.92 -2.12739 0.388535
7.925 -2.14235 0.39128
7.93 -2.15739 0.394039
7.935 -2.17251 0.396812
7.94 -2.1877 0.399599
7.945 -2.20296 0.4024
7.95 -2.21831 0.405215
7.955 -2.23373 0.408044
7.96 -2.24922 0.410887
7.965 -2.26479 0.413744
7.97 -2.28044 0.416615
7.975 -2.29616 0.4195
7.98 -2.31196 0.422399
7.985 -2.32784 0.425312
7.99 -2.34379 0.428239
7.995 -2.35982 0.43118
8 -2.37593 0.434136
8.005 -2.39211 0.437105
8.01 -2.40837 0.440089
8.015 -2.4247 0.443087
8.02 -2.44112 0.446099
8.025 -2.45761 0.449125
8.03 -2.47418 0.452165
8.035 -2.49082 0.45522
8.04 -2.50754 0.458289
8.045 -2.52434 0.461372
8.05 -2.54122 0.464469
8.055 -2.55818 0.46758
8.06 -2.57521 0.470706
8.065 -2.59232 0.473846
8.07 -2.6095 0.477
8.075 -2.62677 0.480169
8.08 -2.64411 0.483352
8.085 -2.66153 0.486549
8.09 -2.67903 0.48976
8.095 -2.6966 0.492986
8.1 -2.71426 0.496226
8.105 -2.73199 0.49948
8.11 -2.7498 0.502749
8.115 -2.76768 0.506032
8.12 -2.78565 0.509329
8.125 -2.80369 0.512641
8.13 -2.82181 0.515967
8.135 -2.84001 0.519307
8.14 -2.85828 0.522662
8.145 -2.87663 0.52603
8.15 -2.89507 0.529414
8.155 -2.91357 0.532811
8.16 -2.93216 0.536223
8.165 -2.95082 0.539649
8.17 -2.96957 0.543089
8.175 -2.98839 0.546544
8.18 -3.00728 0.550013
8.185 -3.02626 0.553496
8.19 -3.04531 0.556994
8.195 -3.06444 0.560505
8.2 -3.08365 0.564031
8.205 -3.10293 0.567572
8.21 -3.12229 0.571126
8.215 -3.14173 0.574695
8.22 -3.16125 0.578278
8.225 -3.18084 0.581875
8.23 -3.20051 0.585486
8.235 -3.22026 0.589112
8.24 -3.24008 0.592751
8.245 -3.25998 0.596405
8.25 -3.27996 0.600073
8.255 -3.30002 0.603755
8.26 -3.32015 0.607451
8.265 -3.34035 0.611161
8.27 -3.36064 0.614886
8.275 -3.381 0.618624
8.28 -3.40143 0.622376
8.285 -3.42195 0.626143
8.29 -3.44254 0.629923
8.295 -3.4632 0.633717
8.3 -3.48394 0.637525
8.305 -3.50475 0.641347
8.31 -3.52564 0.645183
8.315 -3.54661 0.649033
8.32 -3.56765 0.652897
8.325 -3.58877 0.656774
8.33 -3.60996 0.660665
8.335 -3.63122 0.66457
8.34 -3.65256 0.668489
8.345 -3.67398 0.672421
8.35 -3.69546 0.676367
8.355 -3.71703 0.680327
8.36 -3.73866 0.6843
8.365 -3.76037 0.688286
8.37 -3.78215 0.692287
8.375 -3.80401 0.6963
8.38 -3.82594 0.700327
8.385 -3.84794 0.704368
8.39 -3.87002 0.708422
8.395 -3.89216 0.712489
8.4 -3.91438 0.71657
8.405 -3.93667 0.720663
8.41 -3.95903 0.72477
8.415 -3.98147 0.728891
8.42 -4.00397 0.733024
8.425 -4.02655 0.73717
8.43 -4.0492 0.741329
8.435 -4.07191 0.745502
8.44 -4.0947 0.749687
8.445 -4.11756 0.753885
8.45 -4.14049 0.758096
8.455 -4.16348 0.76232
8.46 -4.18655 0.766556
8.465 -4.20968 0.770806
8.47 -4.23289 0.775067
8.475 -4.25616 0.779342
8.48 -4.2795 0.783629
8.485 -4.3029 0.787928
8.49 -4.32638 0.79224
8.495 -4.34992 0.796564
8.5 -4.37353 0.8009
8.505 -4.3972 0.805249
8.51 -4.42094 0.80961
8.515 -4.44475 0.813983
8.52 -4.46862 0.818368
8.525 -4.49256 0.822765
8.53 -4.51656 0.827174
8.535 -4.54063 0.831595
8.54 -4.56476 0.836027
8.545 -4.58895 0.840472
8.55 -4.61321 0.844928
8.555 -4.63753 0.849395
8.56 -4.66191 0.853874
8.565 -4.68635 0.858365
8.57 -4.71086 0.862867
8.575 -4.73543 0.86738
8.58 -4.76006 0.871905
8.585 -4.78474 0.87644
8.59 -4.80949 0.880987
8.595 -4.8343 0.885545
8.6 -4.85917 0.890113
8.605 -4.8841 0.894693
8.61 -4.90908 0.899283
8.615 -4.93413 0.903884
8.62 -4.95923 0.908495
8.625 -4.98438 0.913117
8.63 -5.0096 0.91775
8.635 -5.03487 0.922393
8.64 -5.06019 0.927046
8.645 -5.08558 0.931709
8.65 -5.11101 0.936382
8.655 -5.1365 0.941066
8.66 -5.16205 0.945759
8.665 -5.18764 0.950462
8.67 -5.21329 0.955175
8.675 -5.23899 0.959897
8.68 -5.26475 0.964629
8.685 -5.29055 0.969371
8.69 -5.31641 0.974121
8.695 -5.34231 0.978881
8.7 -5.36827 0.983651
8.705 -5.39427 0.988429
8.71 -5.42033 0.993216
8.715 -5.44643 0.998012
8.72 -5.47257 1.00282
8.725 -5.49877 1.00763
8.73 -5.52501 1.01245
8.735 -5.5513 1.01728
8.74 -5.57763 1.02212
8.745 -5.604 1.02697
8.75 -5.63042 1.03182
8.755 -5.65689 1.03669
8.76 -5.68339 1.04156
8.765 -5.70994 1.04644
8.77 -5.73653 1.05132
8.775 -5.76316 1.05622
8.78 -5.78983 1.06112
8.785 -5.81654 1.06602
8.79 -5.84329 1.07094
8.795 -5.87008 1.07586
8.8 -5.8969 1.08079
8.805 -5.92376 1.08573
8.81 -5.95066 1.09067
8.815 -5.97759 1.09562
8.82 -6.00456 1.10058
8.825 -6.03156 1.10554
8.83 -6.0586 1.11051
8.835 -6.08567 1.11548
8.84 -6.11277 1.12047
8.845 -6.1399 1.12545
8.85 -6.16706 1.13044
8.855 -6.19425 1.13544
8.86 -6.22148 1.14045
8.865 -6.24873 1.14545
8.87 -6.27601 1.15047
8.875 -6.30331 1.15549
8.88 -6.33064 1.16051
8.885 -6.358 1.16554
8.89 -6.38538 1.17057
8.895 -6.41279 1.17561
8.9 -6.44021 1.18065
8.905 -6.46766 1.1857
8.91 -6.49514 1.19075
8.915 -6.52263 1.1958
8.92 -6.55014 1.20086
8.925 -6.57768 1.20592
8.93 -6.60523 1.21098
8.935 -6.6328 1.21605
8.94 -6.66038 1.22112
8.945 -6.68798 1.22619
8.95 -6.7156 1.23127
8.955 -6.74323 1.23635
8.96 -6.77088 1.24143
8.965 -6.79853 1.24652
8.97 -6.8262 1.2516
8.975 -6.85388 1.25669
8.98 -6.88157 1.26178
8.985 -6.90927 1.26687
8.99 -6.93697 1.27197
8.995 -6.96469 1.27706
9 -6.99241 1.28216
9.005 -7.02013 1.28725
9.01 -7.04786 1.29235
9.015 -7.0756 1.29745
9.02 -7.10334 1.30255
9.025 -7.13107 1.30765
9.03 -7.15881 1.31275
9.035 -7.18655 1.31785
9.04 -7.21429 1.32295
9.045 -7.24203 1.32805
9.05 -7.26976 1.33315
9.055 -7.29749 1.33825
9.06 -7.32522 1.34334
9.065 -7.35294 1.34844
9.07 -7.38065 1.35354
9.075 -7.40836 1.35863
9.08 -7.43605 1.36372
9.085 -7.46374 1.36881
9.09 -7.49142 1.3739
9.095 -7.51908 1.37899
9.1 -7.54674 1.38407
9.105 -7.57437 1.38916
9.11 -7.602 1.39424
9.115 -7.62961 1.39931
9.12 -7.6572 1.40439
9.125 -7.68477 1.40946
9.13 -7.71233 1.41452
9.135 -7.73986 1.41959
9.14 -7.76738 1.42465
9.145 -7.79487 1.4297
9.15 -7.82234 1.43475
9.155 -7.84978 1.4398
9.16 -7.8772 1.44484
9.165 -7.9046 1.44988
9.17 -7.93196 1.45491
9.175 -7.9593 1.45994
9.18 -7.98661 1.46496
9.185 -8.01389 1.46998
9.19 -8.04113 1.47499
9.195 -8.06835 1.48
9.2 -8.09552 1.48499
9.205 -8.12267 1.48999
9.21 -8.14978 1.49497
9.215 -8.17685 1.49995
9.22 -8.20388 1.50492
9.225 -8.23087 1.50989
9.23 -8.25783 1.51485
9.235 -8.28474 1.5198
9.24 -8.3116 1.52474
9.245 -8.33843 1.52967
9.25 -8.36521 1.5346
9.255 -8.39194 1.53951
9.26 -8.41862 1.54442
9.265 -8.44526 1.54932
9.27 -8.47184 1.55421
9.275 -8.49837 1.55909
9.28 -8.52486 1.56396
9.285 -8.55128 1.56882
9.29 -8.57766 1.57368
9.295 -8.60397 1.57852
9.3 -8.63023 1.58335
9.305 -8.65644 1.58817
9.31 -8.68258 1.59298
9.315 -8.70866 1.59778
9.32 -8.73468 1.60256
9.325 -8.76063 1.60734
9.33 -8.78652 1.6121
9.335 -8.81235 1.61685
9.34 -8.83811 1.62159
9.345 -8.8638 1.62632
9.35 -8.88942 1.63103
9.355 -8.91497 1.63573
9.36 -8.94045 1.64042
9.365 -8.96585 1.6451
9.37 -8.99118 1.64976
9.375 -9.01644 1.6544
9.38 -9.04162 1.65904
9.385 -9.06672 1.66365
9.39 -9.09174 1.66826
9.395 -9.11668 1.67285
9.4 -9.14153 1.67742
9.405 -9.16631 1.68198
9.41 -9.19099 1.68652
9.415 -9.2156 1.69105
9.42 -9.24011 1.69556
9.425 -9.26454 1.70006
9.43 -9.28888 1.70454
9.435 -9.31312 1.709
9.44 -9.33728 1.71344
9.445 -9.36134 1.71787
9.45 -9.3853 1.72228
9.455 -9.40917 1.72668
9.46 -9.43294 1.73105
9.465 -9.45661 1.73541
9.47 -9.48018 1.73975
9.475 -9.50365 1.74407
9.48 -9.52701 1.74837
9.485 -9.55027 1.75265
9.49 -9.57343 1.75691
9.495 -9.59648 1.76115
9.5 -9.61942 1.76538
9.505 -9.64225 1.76958
9.51 -9.66497 1.77376
9.515 -9.68757 1.77792
9.52 -9.71007 1.78206
9.525 -9.73244 1.78618
9.53 -9.7547 1.79028
9.535 -9.77685 1.79436
9.54 -9.79887 1.79841
9.545 -9.82077 1.80245
9.55 -9.84256 1.80646
9.555 -9.86421 1.81045
9.56 -9.88575 1.81441
9.565 -9.90715 1.81835
9.57 -9.92843 1.82227
9.575 -9.94958 1.82617
9.58 -9.97061 1.83004
9.585 -9.9915 1.83388
9.59 -10.0123 1.83771
9.595 -10.0329 1.84151
9.6 -10.0534 1.84528
9.605 -10.0737 1.84903
9.61 -10.0939 1.85275
9.615 -10.114 1.85645
9.62 -10.1339 1.86012
9.625 -10.1537 1.86376
9.63 -10.1734 1.86738
9.635 -10.1929 1.87097
9.64 -10.2122 1.87454
9.645 -10.2314 1.87808
9.65 -10.2505 1.88159
9.655 -10.2694 1.88507
9.66 -10.2881 1.88852
9.665 -10.3067 1.89195
9.67 -10.3252 1.89535
9.675 -10.3434 1.89872
9.68 -10.3616 1.90206
9.685 -10.3795 1.90537
9.69 -10.3974 1.90865
9.695 -10.415 1.91191
9.7 -10.4325 1.91513
9.705 -10.4498 1.91832
9.71 -10.467 1.92148
9.715 -10.4839 1.92461
9.72 -10.5008 1.92771
9.725 -10.5174 1.93078
9.73 -10.5339 1.93382
9.735 -10.5502 1.93683
9.74 -10.5663 1.9398
9.745 -10.5823 1.94274
9.75 -10.598 1.94565
9.755 -10.6136 1.94853
9.76 -10.6291 1.95137
9.765 -10.6443 1.95418
9.77 -10.6593 1.95696
9.775 -10.6742 1.9597
9.78 -10.6889 1.96241
9.785 -10.7034 1.96508
9.79 -10.7177 1.96772
9.795 -10.7318 1.97033
9.8 -10.7458 1.9729
9.805 -10.7595 1.97544
9.81 -10.7731 1.97794
9.815 -10.7864 1.9804
9.82 -10.7996 1.98283
9.825 -10.8125 1.98522
9.83 -10.8253 1.98758
9.835 -10.8378 1.98989
9.84 -10.8502 1.99218
9.845 -10.8624 1.99442
9.85 -10.8743 1.99663
9.855 -10.886 1.9988
9.86 -10.8976 2.00093
9.865 -10.9089 2.00302
9.87 -10.92 2.00508
9.875 -10.931 2.0071
9.88 -10.9417 2.00907
9.885 -10.9521 2.01101
9.89 -10.9624 2.01291
9.895 -10.9725 2.01477
9.9 -10.9823 2.01659
9.905 -10.9919 2.01837
9.91 -11.0013 2.02011
9.915 -11.0105 2.02181
9.92 -11.0195 2.02347
9.925 -11.0282 2.02508
9.93 -11.0367 2.02666
9.935 -11.045 2.02819
9.94 -11.0531 2.02968
9.945 -11.0609 2.03113
9.95 -11.0685 2.03254
9.955 -11.0758 2.03391
9.96 -11.083 2.03523
9.965 -11.0899 2.03651
9.97 -11.0965 2.03775
9.975 -11.103 2.03894
9.98 -11.1092 2.04009
9.985 -11.1151 2.0412
9.99 -11.1208 2.04226
9.995 -11.1263 2.04328
10 -11.1315 2.04426
10.005 -11.1365 2.04519
10.01 -11.1413 2.04607
10.015 -11.1458 2.04691
10.02 -11.15 2.0477
10.025 -11.154 2.04845
10.03 -11.1578 2.04916
10.035 -11.1613 2.04981
10.04 -11.1646 2.05042
10.045 -11.1676 2.05099
10.05 -11.1703 2.05151
10.055 -11.1728 2.05198
10.06 -11.175 2.0524
10.065 -11.177 2.05278
10.07 -11.1787 2.05311
10.075 -11.1802 2.05339
10.08 -11.1814 2.05362
10.085 -11.1824 2.05381
10.09 -11.183 2.05395
10.095 -11.1834 2.05404
10.1 -11.1836 2.05408
10.105 -11.1835 2.05407
10.11 -11.1831 2.05402
10.115 -11.1825 2.05391
10.12 -11.1815 2.05375
10.125 -11.1804 2.05355
10.13 -11.1789 2.0533
10.135 -11.1772 2.05299
10.14 -11.1752 2.05264
10.145 -11.1729 2.05223
10.15 -11.1703 2.05178
10.155 -11.1675 2.05127
10.16 -11.1644 2.05071
10.165 -11.161 2.05011
10.17 -11.1574 2.04945
10.175 -11.1534 2.04874
10.18 -11.1492 2.04798
10.185 -11.1447 2.04716
10.19 -11.1399 2.0463
10.195 -11.1349 2.04538
10.2 -11.1295 2.04441
10.205 -11.1239 2.04339
10.21 -11.118 2.04232
10.215 -11.1117 2.04119
10.22 -11.1052 2.04001
10.225 -11.0985 2.03878
10.23 -11.0914 2.03749
10.235 -11.084 2.03615
10.24 -11.0764 2.03476
10.245 -11.0684 2.03332
10.25 -11.0602 2.03182
10.255 -11.0517 2.03026
10.26 -11.0428 2.02866
10.265 -11.0337 2.02699
10.27 -11.0243 2.02528
10.275 -11.0146 2.02351
10.28 -11.0046 2.02168
10.285 -10.9943 2.01981
10.29 -10.9837 2.01787
10.295 -10.9728 2.01588
10.3 -10.9616 2.01384
10.305 -10.9501 2.01174
10.31 -10.9383 2.00958
10.315 -10.9262 2.00737
10.32 -10.9138 2.00511
10.325 -10.9011 2.00279
10.33 -10.888 2.00041
10.335 -10.8747 1.99798
10.34 -10.8611 1.99549
10.345 -10.8472 1.99295
10.35 -10.8329 1.99035
10.355 -10.8184 1.98769
10.36 -10.8036 1.98498
10.365 -10.7884 1.98221
10.37 -10.7729 1.97938
10.375 -10.7572 1.9765
10.38 -10.7411 1.97356
10.385 -10.7247 1.97056
10.39 -10.708 1.96751
10.395 -10.691 1.9644
10.4 -10.6737 1.96123
10.405 -10.6561 1.958
10.41 -10.6381 1.95472
10.415 -10.6199 1.95138
10.42 -10.6013 1.94799
10.425 -10.5824 1.94453
10.43 -10.5632 1.94102
10.435 -10.5437 1.93745
10.44 -10.5239 1.93382
10.445 -10.5038 1.93014
10.45 -10.4833 1.9264
10.455 -10.4626 1.9226
10.46 -10.4415 1.91874
10.465 -10.4201 1.91483
10.47 -10.3984 1.91085
10.475 -10.3764 1.90682
10.48 -10.3541 1.90273
10.485 -10.3314 1.89858
10.49 -10.3085 1.89438
10.495 -10.2852 1.89012
10.5 -10.2616 1.88579
10.505 -10.2377 1.88141
10.51 -10.2134 1.87698
10.515 -10.1889 1.87248
10.52 -10.164 1.86793
10.525 -10.1388 1.86331
10.53 -10.1133 1.85864
10.535 -10.0875 1.85391
10.54 -10.0614 1.84913
10.545 -10.0349 1.84428
10.55 -10.0082 1.83938
10.555 -9.98108 1.83441
10.56 -9.95368 1.82939
10.565 -9.92596 1.82432
10.57 -9.89793 1.81918
10.575 -9.86958 1.81398
10.58 -9.84091 1.80873
10.585 -9.81193 1.80342
10.59 -9.78263 1.79805
10.595 -9.75301 1.79262
10.6 -9.72308 1.78714
10.605 -9.69283 1.78159
10.61 -9.66227 1.77599
10.615 -9.63139 1.77033
10.62 -9.6002 1.76462
10.625 -9.56869 1.75884
10.63 -9.53686 1.75301
10.635 -9.50472 1.74712
10.64 -9.47227 1.74117
10.645 -9.43951 1.73516
10.65 -9.40643 1.7291
10.655 -9.37303 1.72298
10.66 -9.33933 1.7168
10.665 -9.30531 1.71056
10.67 -9.27098 1.70427
10.675 -9.23634 1.69792
10.68 -9.20139 1.69151
10.685 -9.16612 1.68504
10.69 -9.13055 1.67852
10.695 -9.09466 1.67194
10.7 -9.05847 1.6653
10.705 -9.02197 1.65861
10.71 -8.98516 1.65186
10.715 -8.94804 1.64505
10.72 -8.91062 1.63819
10.725 -8.87289 1.63127
10.73 -8.83485 1.6243
10.735 -8.79651 1.61727
10.74 -8.75786 1.61018
10.745 -8.71891 1.60304
10.75 -8.67966 1.59584
10.755 -8.6401 1.58858
10.76 -8.60024 1.58127
10.765 -8.56008 1.57391
10.77 -8.51962 1.56648
10.775 -8.47886 1.55901
10.78 -8.4378 1.55148
10.785 -8.39644 1.54389
10.79 -8.35479 1.53625
10.795 -8.31283 1.52856
10.8 -8.27059 1.52081
10.805 -8.22805 1.513
10.81 -8.18521 1.50515
10.815 -8.14208 1.49723
10.82 -8.09866 1.48927
10.825 -8.05495 1.48125
10.83 -8.01095 1.47318
10.835 -7.96665 1.46505
10.84 -7.92208 1.45687
10.845 -7.87721 1.44864
10.85 -7.83206 1.44036
10.855 -7.78662 1.43202
10.86 -7.74089 1.42364
10.865 -7.69489 1.4152
10.87 -7.6486 1.4067
10.875 -7.60203 1.39816
10.88 -7.55519 1.38956
10.885 -7.50806 1.38092
10.89 -7.46066 1.37222
10.895 -7.41298 1.36347
10.9 -7.36502 1.35467
10.905 -7.3168 1.34582
10.91 -7.2683 1.33692
10.915 -7.21952 1.32797
10.92 -7.17048 1.31898
10.925 -7.12117 1.30993
10.93 -7.07159 1.30083
10.935 -7.02175 1.29168
10.94 -6.97164 1.28249
10.945 -6.92127 1.27325
10.95 -6.87064 1.26395
10.955 -6.81975 1.25461
10.96 -6.76859 1.24523
10.965 -6.71718 1.23579
10.97 -6.66552 1.22631
10.975 -6.6136 1.21678
10.98 -6.56142 1.20721
10.985 -6.509 1.19759
10.99 -6.45632 1.18792
10.995 -6.4034 1.17821
11 -6.35023 1.16845
11.005 -6.29681 1.15864
11.01 -6.24315 1.14879
11.015 -6.18925 1.1389
11.02 -6.13511 1.12896
11.025 -6.08073 1.11898
11.03 -6.02611 1.10896
11.035 -5.97125 1.09889
11.04 -5.91617 1.08878
11.045 -5.86085 1.07863
11.05 -5.8053 1.06843
11.055 -5.74952 1.05819
11.06 -5.69351 1.04791
11.065 -5.63728 1.03759
11.07 -5.58083 1.02723
11.075 -5.52416 1.01682
11.08 -5.46726 1.00638
11.085 -5.41015 0.995896
11.09 -5.35283 0.985373
11.095 -5.29528 0.97481
11.1 -5.23753 0.964209
11.105 -5.17957 0.953568
11.11 -5.1214 0.94289
11.115 -5.06302 0.932173
11.12 -5.00444 0.921419
11.125 -4.94566 0.910628
11.13 -4.88668 0.8998
11.135 -4.8275 0.888936
11.14 -4.76813 0.878035
11.145 -4.70856 0.867099
11.15 -4.6488 0.856128
11.155 -4.58885 0.845121
11.16 -4.52871 0.83408
11.165 -4.46838 0.823005
11.17 -4.40788 0.811897
11.175 -4.34719 0.800754
11.18 -4.28632 0.789579
11.185 -4.22528 0.778372
11.19 -4.16407 0.767132
11.195 -4.10268 0.755861
11.2 -4.04112 0.744558
11.205 -3.97939 0.733225
11.21 -3.9175 0.721861
11.215 -3.85544 0.710467
11.22 -3.79323 0.699043
11.225 -3.73086 0.68759
11.23 -3.66833 0.676109
11.235 -3.60564 0.664599
11.24 -3.54281 0.653061
11.245 -3.47982 0.641496
11.25 -3.41669 0.629904
11.255 -3.35342 0.618285
11.26 -3.29 0.60664
11.265 -3.22645 0.59497
11.27 -3.16276 0.583274
11.275 -3.09893 0.571554
11.28 -3.03498 0.559809
11.285 -2.97089 0.54804
11.29 -2.90668 0.536249
11.295 -2.84234 0.524434
11.3 -2.77788 0.512596
11.305 -2.7133 0.500737
11.31 -2.64861 0.488857
11.315 -2.5838 0.476955
11.32 -2.51888 0.465033
11.325 -2.45386 0.453091
11.33 -2.38872 0.441129
11.335 -2.32349 0.429148
11.34 -2.25815 0.417149
11.345 -2.19271 0.405131
11.35 -2.12718 0.393096
11.355 -2.06156 0.381044
11.36 -1.99585 0.368975
11.365 -1.93005 0.35689
11.37 -1.86416 0.344789
11.375 -1.7982 0.332674
11.38 -1.73215 0.320544
11.385 -1.66603 0.3084
11.39 -1.59984 0.296242
11.395 -1.53357 0.284071
11.4 -1.46724 0.271888
11.405 -1.40084 0.259692
11.41 -1.33439 0.247485
11.415 -1.26787 0.235268
11.42 -1.20129 0.223039
11.425 -1.13467 0.210801
11.43 -1.06799 0.198554
11.435 -1.00126 0.186297
11.44 -0.934494 0.174033
11.445 -0.867683 0.16176
11.45 -0.800832 0.14948
11.455 -0.733946 0.137194
11.46 -0.667026 0.124901
11.465 -0.600077 0.112603
11.47 -0.533101 0.1003
11.475 -0.4661 0.0879924
11.48 -0.399079 0.0756807
11.485 -0.332039 0.0633655
11.49 -0.264985 0.0510475
11.495 -0.197918 0.0387272
11.5 -0.130843 0.0264052
11.505 -0.0637616 0.0140819
11.51 0.00332271 0.00175798
11.515 0.0704068 -0.010566
11.52 0.137488 -0.0228895
11.525 0.204562 -0.035212
11.53 0.271628 -0.0475328
11.535 0.338681 -0.0598515
11.54 0.405718 -0.0721674
11.545 0.472736 -0.08448
11.55 0.539733 -0.0967887
11.555 0.606705 -0.109093
11.56 0.673649 -0.121392
11.565 0.740562 -0.133686
11.57 0.807441 -0.145973
11.575 0.874282 -0.158254
11.58 0.941083 -0.170527
11.585 1.00784 -0.182793
11.59 1.07455 -0.19505
11.595 1.14121 -0.207297
11.6 1.20782 -0.219536
11.605 1.27437 -0.231763
11.61 1.34086 -0.24398
11.615 1.40729 -0.256186
11.62 1.47365 -0.26838
11.625 1.53994 -0.280561
11.63 1.60616 -0.292729
11.635 1.67231 -0.304883
11.64 1.73837 -0.317022
11.645 1.80436 -0.329147
11.65 1.87025 -0.341256
11.655 1.93606 -0.353349
11.66 2.00178 -0.365425
11.665 2.06741 -0.377484
11.67 2.13293 -0.389525
11.675 2.19835 -0.401548
11.68 2.26367 -0.413551
11.685 2.32889 -0.425535
11.69 2.39398 -0.437498
11.695 2.45897 -0.44944
11.7 2.52384 -0.461361
11.705 2.58858 -0.47326
11.71 2.65321 -0.485136
11.715 2.7177 -0.496989
11.72 2.78207 -0.508818
11.725 2.8463 -0.520622
11.73 2.91039 -0.532401
11.735 2.97434 -0.544155
11.74 3.03815 -0.555882
11.745 3.10181 -0.567582
11.75 3.16532 -0.579255
11.755 3.22868 -0.5909
11.76 3.29188 -0.602515
11.765 3.35492 -0.614102
11.77 3.4178 -0.625659
11.775 3.48051 -0.637185
11.78 3.54305 -0.64868
11.785 3.60542 -0.660143
11.79 3.66761 -0.671574
11.795 3.72962 -0.682973
11.8 3.79145 -0.694337
11.805 3.85309 -0.705668
11.81 3.91454 -0.716963
11.815 3.9758 -0.728224
11.82 4.03686 -0.739449
11.825 4.09773 -0.750637
11.83 4.15839 -0.761788
11.835 4.21885 -0.772901
11.84 4.27909 -0.783976
11.845 4.33913 -0.795012
11.85 4.39895 -0.806009
11.855 4.45855 -0.816965
11.86 4.51792 -0.827881
11.865 4.57708 -0.838756
11.87 4.636 -0.849589
11.875 4.6947 -0.860379
11.88 4.75316 -0.871127
11.885 4.81138 -0.88183
11.89 4.86936 -0.89249
11.895 4.92709 -0.903105
11.9 4.98458 -0.913674
11.905 5.04182 -0.924198
11.91 5.0988 -0.934674
11.915 5.15553 -0.945104
11.92 5.21199 -0.955486
11.925 5.2682 -0.96582
11.93 5.32413 -0.976105
11.935 5.3798 -0.986341
11.94 5.43519 -0.996526
11.945 5.49031 -1.00666
11.95 5.54515 -1.01675
11.955 5.59971 -1.02678
11.96 5.65398 -1.03676
11.965 5.70796 -1.04668
11.97 5.76166 -1.05656
11.975 5.81505 -1.06638
11.98 5.86815 -1.07614
11.985 5.92096 -1.08585
11.99 5.97345 -1.09551
11.995 6.02564 -1.1051
12 6.07752 -1.11465
12.005 6.12909 -1.12413
12.01 6.18034 -1.13356
12.015 6.23128 -1.14292
12.02 6.28189 -1.15223
12.025 6.33218 -1.16148
12.03 6.38214 -1.17067
12.035 6.43177 -1.1798
12.04 6.48107 -1.18887
12.045 6.53003 -1.19787
12.05 6.57865 -1.20682
12.055 6.62693 -1.2157
12.06 6.67486 -1.22451
12.065 6.72245 -1.23327
12.07 6.76968 -1.24196
12.075 6.81657 -1.25058
12.08 6.86309 -1.25914
12.085 6.90926 -1.26763
12.09 6.95507 -1.27606
12.095 7.00051 -1.28442
12.1 7.04558 -1.29271
12.105 7.09029 -1.30094
12.11 7.13462 -1.3091
12.115 7.17857 -1.31718
12.12 7.22215 -1.3252
12.125 7.26534 -1.33315
12.13 7.30816 -1.34103
12.135 7.35058 -1.34883
12.14 7.39262 -1.35657
12.145 7.43426 -1.36423
12.15 7.47551 -1.37182
12.155 7.51637 -1.37934
12.16 7.55682 -1.38679
12.165 7.59687 -1.39416
12.17 7.63652 -1.40145
12.175 7.67576 -1.40868
12.18 7.71459 -1.41582
12.185 7.75301 -1.4229
12.19 7.79102 -1.42989
12.195 7.82861 -1.43681
12.2 7.86578 -1.44365
12.205 7.90252 -1.45042
12.21 7.93884 -1.4571
12.215 7.97474 -1.46371
12.22 8.01021 -1.47024
12.225 8.04524 -1.47669
12.23 8.07985 -1.48306
12.235 8.11401 -1.48935
12.24 8.14774 -1.49556
12.245 8.18103 -1.50169
12.25 8.21388 -1.50774
12.255 8.24628 -1.51371
12.26 8.27823 -1.51959
12.265 8.30974 -1.5254
12.27 8.34079 -1.53112
12.275 8.37139 -1.53675
12.28 8.40153 -1.54231
12.285 8.43122 -1.54777
12.29 8.46045 -1.55316
12.295 8.48921 -1.55846
12.3 8.51752 -1.56367
12.305 8.54535 -1.5688
12.31 8.57272 -1.57384
12.315 8.59962 -1.5788
12.32 8.62605 -1.58367
12.325 8.652 -1.58845
12.33 8.67748 -1.59315
12.335 8.70248 -1.59776
12.34 8.727 -1.60228
12.345 8.75104 -1.60671
12.35 8.7746 -1.61106
12.355 8.79768 -1.61531
12.36 8.82027 -1.61948
12.365 8.84237 -1.62355
12.37 8.86398 -1.62754
12.375 8.8851 -1.63143
12.38 8.90573 -1.63524
12.385 8.92586 -1.63895
12.39 8.9455 -1.64258
12.395 8.96464 -1.64611
12.4 8.98328 -1.64955
12.405 9.00142 -1.6529
12.41 9.01906 -1.65616
12.415 9.03619 -1.65932
12.42 9.05282 -1.66239
12.425 9.06895 -1.66537
12.43 9.08457 -1.66826
12.435 9.09967 -1.67105
12.44 9.11427 -1.67375
12.445 9.12836 -1.67635
12.45 9.14193 -1.67886
12.455 9.15499 -1.68128
12.46 9.16754 -1.6836
12.465 9.17957 -1.68582
12.47 9.19108 -1.68796
12.475 9.20207 -1.68999
12.48 9.21254 -1.69193
12.485 9.2225 -1.69378
12.49 9.23193 -1.69553
12.495 9.24084 -1.69718
12.5 9.24922 -1.69874
12.505 9.25708 -1.7002
12.51 9.26442 -1.70156
12.515 9.27122 -1.70283
12.52 9.2775 -1.704
12.525 9.28326 -1.70507
12.53 9.28848 -1.70605
12.535 9.29318 -1.70693
12.54 9.29734 -1.70771
12.545 9.30097 -1.7084
12.55 9.30408 -1.70898
12.555 9.30665 -1.70947
12.56 9.30868 -1.70986
12.565 9.31019 -1.71016
12.57 9.31115 -1.71035
12.575 9.31159 -1.71045
12.58 9.31149 -1.71045
12.585 9.31085 -1.71035
12.59 9.30968 -1.71015
12.595 9.30797 -1.70985
12.6 9.30573 -1.70946
12.605 9.30295 -1.70896
12.61 9.29963 -1.70837
12.615 9.29577 -1.70768
12.62 9.29138 -1.70689
12.625 9.28645 -1.706
12.63 9.28098 -1.70501
12.635 9.27497 -1.70393
12.64 9.26843 -1.70274
12.645 9.26134 -1.70146
12.65 9.25372 -1.70007
12.655 9.24556 -1.69859
12.66 9.23686 -1.69701
12.665 9.22762 -1.69533
12.67 9.21785 -1.69355
12.675 9.20753 -1.69168
12.68 9.19668 -1.6897
12.685 9.18529 -1.68762
12.69 9.17336 -1.68545
12.695 9.1609 -1.68318
12.7 9.1479 -1.68081
12.705 9.13436 -1.67834
12.71 9.12029 -1.67577
12.715 9.10568 -1.6731
12.72 9.09053 -1.67033
12.725 9.07485 -1.66747
12.73 9.05864 -1.66451
12.735 9.04189 -1.66145
12.74 9.02461 -1.65829
12.745 9.00679 -1.65504
12.75 8.98845 -1.65168
12.755 8.96957 -1.64823
12.76 8.95016 -1.64468
12.765 8.93022 -1.64104
12.77 8.90975 -1.63729
12.775 8.88876 -1.63345
12.78 8.86723 -1.62951
12.785 8.84518 -1.62548
12.79 8.8226 -1.62135
12.795 8.7995 -1.61712
12.8 8.77588 -1.6128
12.805 8.75173 -1.60838
12.81 8.72706 -1.60386
12.815 8.70186 -1.59925
12.82 8.67615 -1.59454
12.825 8.64992 -1.58974
12.83 8.62317 -1.58484
12.835 8.59591 -1.57985
12.84 8.56813 -1.57476
12.845 8.53984 -1.56958
12.85 8.51103 -1.56431
12.855 8.48172 -1.55894
12.86 8.45189 -1.55347
12.865 8.42156 -1.54792
12.87 8.39072 -1.54227
12.875 8.35937 -1.53653
12.88 8.32752 -1.53069
12.885 8.29517 -1.52476
12.89 8.26231 -1.51874
12.895 8.22896 -1.51263
12.9 8.19511 -1.50643
12.905 8.16076 -1.50013
12.91 8.12592 -1.49375
12.915 8.09059 -1.48727
12.92 8.05476 -1.48071
12.925 8.01845 -1.47405
12.93 7.98165 -1.46731
12.935 7.94437 -1.46047
12.94 7.9066 -1.45355
12.945 7.86835 -1.44654
12.95 7.82962 -1.43944
12.955 7.79041 -1.43225
12.96 7.75073 -1.42498
12.965 7.71058 -1.41761
12.97 7.66995 -1.41017
12.975 7.62886 -1.40263
12.98 7.5873 -1.39501
12.985 7.54527 -1.3873
12.99 7.50279 -1.37951
12.995 7.45984 -1.37164
13 7.41643 -1.36368
13.005 7.37257 -1.35563
13.01 7.32826 -1.34751
13.015 7.28349 -1.3393
13.02 7.23828 -1.33101
13.025 7.19262 -1.32263
13.03 7.14652 -1.31418
13.035 7.09998 -1.30564
13.04 7.053 -1.29702
13.045 7.00558 -1.28833
13.05 6.95773 -1.27955
13.055 6.90945 -1.27069
13.06 6.86074 -1.26176
13.065 6.81161 -1.25275
13.07 6.76206 -1.24366
13.075 6.71208 -1.23449
13.08 6.66169 -1.22524
13.085 6.61089 -1.21592
13.09 6.55967 -1.20653
13.095 6.50805 -1.19706
13.1 6.45602 -1.18751
13.105 6.40359 -1.17789
13.11 6.35076 -1.1682
13.115 6.29754 -1.15844
13.12 6.24392 -1.1486
13.125 6.18991 -1.13869
13.13 6.13552 -1.12871
13.135 6.08074 -1.11866
13.14 6.02558 -1.10853
13.145 5.97004 -1.09834
13.15 5.91413 -1.08808
13.155 5.85785 -1.07776
13.16 5.8012 -1.06736
13.165 5.74419 -1.0569
13.17 5.68682 -1.04637
13.175 5.62908 -1.03578
13.18 5.571 -1.02512
13.185 5.51256 -1.01439
13.19 5.45378 -1.0036
13.195 5.39465 -0.992752
13.2 5.33518 -0.981838
13.205 5.27538 -0.970861
13.21 5.21524 -0.959824
13.215 5.15477 -0.948726
13.22 5.09397 -0.937568
13.225 5.03286 -0.92635
13.23 4.97142 -0.915074
13.235 4.90967 -0.90374
13.24 4.84761 -0.892348
13.245 4.78524 -0.8809
13.25 4.72257 -0.869396
13.255 4.65959 -0.857836
13.26 4.59632 -0.846222
13.265 4.53276 -0.834555
13.27 4.46891 -0.822834
13.275 4.40477 -0.81106
13.28 4.34035 -0.799235
13.285 4.27566 -0.787359
13.29 4.21069 -0.775433
13.295 4.14546 -0.763457
13.3 4.07996 -0.751432
13.305 4.0142 -0.739359
13.31 3.94818 -0.727239
13.315 3.8819 -0.715073
13.32 3.81538 -0.70286
13.325 3.74862 -0.690602
13.33 3.68161 -0.6783
13.335 3.61437 -0.665955
13.34 3.5469 -0.653567
13.345 3.47919 -0.641136
13.35 3.41127 -0.628665
13.355 3.34312 -0.616153
13.36 3.27476 -0.603601
13.365 3.20619 -0.591011
13.37 3.13741 -0.578382
13.375 3.06843 -0.565716
13.38 2.99925 -0.553013
13.385 2.92987 -0.540275
13.39 2.86031 -0.527501
13.395 2.79056 -0.514694
13.4 2.72063 -0.501853
13.405 2.65053 -0.48898
13.41 2.58025 -0.476075
13.415 2.5098 -0.463139
13.42 2.4392 -0.450173
13.425 2.36843 -0.437178
13.43 2.29751 -0.424155
13.435 2.22644 -0.411104
13.44 2.15523 -0.398026
13.445 2.08387 -0.384922
13.45 2.01238 -0.371793
13.455 1.94076 -0.35864
13.46 1.86901 -0.345463
13.465 1.79714 -0.332264
13.47 1.72516 -0.319044
13.475 1.65306 -0.305802
13.48 1.58085 -0.29254
13.485 1.50854 -0.27926
13.49 1.43613 -0.265961
13.495 1.36362 -0.252644
13.5 1.29103 -0.239311
13.505 1.21835 -0.225962
13.51 1.14559 -0.212599
13.515 1.07276 -0.199221
13.52 1 -0.185858
