0 0 0
0.08 6.74491e-92 -1.63877e-96
0.16 4.58839e-86 -1.46437e-90
0.24 2.22453e-81 -1.14908e-85
0.32 1.86782e-77 -1.61985e-81
0.4 4.9841e-74 -7.07066e-78
0.48 5.30863e-71 -1.16745e-74
0.56 2.76776e-68 -8.9828e-72
0.64 7.99112e-66 -3.66293e-69
0.72 1.40868e-63 -8.79112e-67
0.8 1.63205e-61 -1.34472e-64
0.88 1.31766e-59 -1.06091e-62
0.84 1.86467e-60 -1.70536e-63
0.82 5.71998e-61 -5.1677e-64
0.84 1.94811e-60 -1.91874e-63
0.86 6.4481e-60 -6.89024e-63
0.88 2.07665e-59 -2.39738e-62
0.9 6.51526e-59 -8.0957e-62
0.92 1.99356e-58 -2.65739e-61
0.94 5.95553e-58 -8.49074e-61
0.96 1.73874e-57 -2.64415e-60
0.98 4.96572e-57 -8.03509e-60
1 1.38849e-56 -2.38526e-59
1.02 3.80434e-56 -6.92408e-59
1.04 1.02219e-55 -1.96735e-58
1.06 2.69535e-55 -5.47619e-58
1.08 6.97972e-55 -1.49455e-57
1.1 1.77617e-54 -4.00236e-57
1.12 4.44454e-54 -1.05247e-56
1.14 1.09426e-53 -2.7195e-56
1.16 2.65222e-53 -6.9093e-56
1.18 6.33178e-53 -1.72707e-55
1.2 1.48966e-52 -4.24975e-55
1.22 3.45546e-52 -1.02999e-54
1.24 7.90637e-52 -2.46005e-54
1.26 1.78522e-51 -5.79304e-54
1.28 3.97951e-51 -1.34562e-53
1.3 8.76122e-51 -3.0845e-53
1.32 1.90572e-50 -6.98029e-53
1.34 4.09704e-50 -1.56014e-52
1.36 8.70861e-50 -3.44526e-52
1.38 1.83079e-49 -7.51976e-52
1.4 3.8078e-49 -1.62279e-51
1.42 7.83773e-49 -3.46369e-51
1.44 1.59703e-48 -7.31432e-51
1.46 3.22225e-48 -1.52861e-50
1.48 6.43945e-48 -3.16254e-50
1.5 1.27495e-47 -6.47906e-50
1.52 2.50147e-47 -1.31474e-49
1.54 4.86476e-47 -2.6432e-49
1.56 9.37972e-47 -5.26611e-49
1.58 1.79339e-46 -1.03998e-48
1.6 3.40101e-46 -2.03623e-48
1.62 6.39849e-46 -3.95365e-48
1.64 1.19445e-45 -7.61422e-48
1.66 2.21289e-45 -1.45478e-47
1.68 4.06945e-45 -2.75803e-47
1.7 7.42965e-45 -5.18935e-47
1.72 1.34689e-44 -9.69203e-47
1.74 2.42492e-44 -1.79714e-46
1.76 4.33644e-44 -3.30893e-46
1.78 7.70381e-44 -6.05064e-46
1.8 1.35981e-43 -1.09899e-45
1.82 2.38514e-43 -1.98301e-45
1.84 4.15786e-43 -3.5552e-45
1.86 7.20455e-43 -6.33388e-45
1.88 1.24102e-42 -1.12151e-44
1.9 2.12541e-42 -1.97387e-44
1.92 3.61949e-42 -3.45363e-44
1.94 6.1298e-42 -6.00794e-44
1.96 1.0325e-41 -1.03925e-43
1.98 1.7299e-41 -1.78777e-43
2 2.88331e-41 -3.05878e-43
2.02 4.78126e-41 -5.20567e-43
2.04 7.88897e-41 -8.8134e-43
2.06 1.29529e-40 -1.48454e-42
2.08 2.11652e-40 -2.4881e-42
2.1 3.44214e-40 -4.14964e-42
2.12 5.57215e-40 -6.8875e-42
2.14 8.97931e-40 -1.13779e-41
2.16 1.44054e-39 -1.87088e-41
2.18 2.30096e-39 -3.06234e-41
2.2 3.65953e-39 -4.99024e-41
2.22 5.79575e-39 -8.09624e-41
2.24 9.141e-39 -1.3079e-40
2.26 1.43585e-38 -2.10391e-40
2.28 2.24642e-38 -3.37033e-40
2.3 3.50078e-38 -5.37706e-40
2.32 5.43454e-38 -8.54421e-40
2.34 8.40453e-38 -1.35234e-39
2.36 1.29493e-37 -2.13212e-39
2.38 1.98785e-37 -3.34873e-39
2.4 3.04059e-37 -5.23985e-39
2.42 4.63439e-37 -8.1687e-39
2.44 7.03904e-37 -1.26885e-38
2.46 1.06548e-36 -1.96387e-38
2.48 1.60736e-36 -3.02891e-38
2.5 2.41678e-36 -4.65539e-38
2.52 3.62197e-36 -7.13089e-38
2.54 5.41074e-36 -1.08861e-37
2.56 8.05739e-36 -1.6564e-37
2.58 1.19613e-35 -2.51212e-37
2.6 1.77024e-35 -3.79772e-37
2.62 2.61201e-35 -5.72308e-37
2.64 3.84261e-35 -8.59772e-37
2.66 5.63646e-35 -1.28766e-36
2.68 8.24391e-35 -1.92266e-36
2.7 1.20234e-34 -2.86225e-36
2.72 1.74866e-34 -4.24846e-36
2.74 2.5362e-34 -6.28772e-36
2.76 3.66845e-34 -9.27919e-36
2.78 5.29198e-34 -1.36552e-35
2.8 7.6139e-34 -2.00389e-35
2.82 1.09261e-33 -2.9326e-35
2.84 1.5639e-33 -4.28007e-35
2.86 2.23282e-33 -6.22994e-35
2.88 3.1799e-33 -9.04409e-35
2.9 4.51757e-33 -1.30951e-34
2.92 6.4024e-33 -1.89117e-34
2.94 9.05191e-33 -2.72423e-34
2.96 1.27677e-32 -3.91437e-34
2.98 1.79668e-32 -5.61044e-34
3 2.5225e-32 -8.02163e-34
3.02 3.5335e-32 -1.14412e-33
3.04 4.93864e-32 -1.62793e-33
3.06 6.88729e-32 -2.31083e-33
3.08 9.58389e-32 -3.2725e-33
3.1 1.33076e-31 -4.62362e-33
3.12 1.84388e-31 -6.51758e-33
3.14 2.54949e-31 -9.1665e-33
3.16 3.51781e-31 -1.28631e-32
3.18 4.84398e-31 -1.80103e-32
3.2 6.65661e-31 -2.51619e-32
3.22 9.12926e-31 -3.50768e-32
3.24 1.24957e-30 -4.87935e-32
3.26 1.70701e-30 -6.77297e-32
3.28 2.32743e-30 -9.38169e-32
3.3 3.16729e-30 -1.29681e-31
3.32 4.30211e-30 -1.78887e-31
3.34 5.83267e-30 -2.46259e-31
3.36 7.8932e-30 -3.38319e-31
3.38 1.06623e-29 -4.63866e-31
3.4 1.43769e-29 -6.34744e-31
3.42 1.93512e-29 -8.66868e-31
3.44 2.60009e-29 -1.18158e-30
3.46 3.48749e-29 -1.60746e-30
3.48 4.66973e-29 -2.18267e-30
3.5 6.24211e-29 -2.95814e-30
3.52 8.32992e-29 -4.00165e-30
3.54 1.10976e-28 -5.40326e-30
3.56 1.47605e-28 -7.28246e-30
3.58 1.96004e-28 -9.79745e-30
3.6 2.59855e-28 -1.31574e-29
3.62 3.43957e-28 -1.76381e-29
3.64 4.54562e-28 -2.36032e-29
3.66 5.99796e-28 -3.15306e-29
3.68 7.90212e-28 -4.20478e-29
3.7 1.03949e-27 -5.59773e-29
3.72 1.36533e-27 -7.43951e-29
3.74 1.79064e-27 -9.8707e-29
3.76 2.34494e-27 -1.30746e-28
3.78 3.06633e-27 -1.72901e-28
3.8 4.00382e-27 -2.28273e-28
3.82 5.22043e-27 -3.00893e-28
3.84 6.79703e-27 -3.95981e-28
3.86 8.83729e-27 -5.20294e-28
3.88 1.1474e-26 -6.8256e-28
3.9 1.48767e-26 -8.94042e-28
3.92 1.92621e-26 -1.16925e-27
3.94 2.49066e-26 -1.52684e-27
3.96 3.21618e-26 -1.99077e-27
3.98 4.14751e-26 -2.5918e-27
4 5.34151e-26 -3.36928e-27
4.02 6.87025e-26 -4.37356e-27
4.04 8.82511e-26 -5.66894e-27
4.06 1.13217e-25 -7.3374e-27
4.08 1.45061e-25 -9.48339e-27
4.1 1.85629e-25 -1.22397e-26
4.12 2.37246e-25 -1.5775e-26
4.14 3.02842e-25 -2.03033e-26
4.16 3.86103e-25 -2.60956e-26
4.18 4.91658e-25 -3.34948e-26
4.2 6.25321e-25 -4.2934e-26
4.22 7.94376e-25 -5.49599e-26
4.24 1.00795e-24 -7.02613e-26
4.26 1.27744e-24 -8.97052e-26
4.28 1.61712e-24 -1.14381e-25
4.3 2.04478e-24 -1.45658e-25
4.32 2.5826e-24 -1.85252e-25
4.34 3.2582e-24 -2.35311e-25
4.36 4.10595e-24 -2.98525e-25
4.38 5.16856e-24 -3.78251e-25
4.4 6.49904e-24 -4.78683e-25
4.42 8.16314e-24 -6.05046e-25
4.44 1.02423e-23 -7.63848e-25
4.46 1.28373e-23 -9.63181e-25
4.48 1.60728e-23 -1.2131e-24
4.5 2.01026e-23 -1.52608e-24
4.52 2.51166e-23 -1.91759e-24
4.54 3.13489e-23 -2.40677e-24
4.56 3.90877e-23 -3.01732e-24
4.58 4.86876e-23 -3.77849e-24
4.6 6.05843e-23 -4.7264e-24
4.62 7.53129e-23 -5.90558e-24
4.64 9.35297e-23 -7.37089e-24
4.66 1.16039e-22 -9.18979e-24
4.68 1.43826e-22 -1.14452e-23
4.7 1.78096e-22 -1.42391e-23
4.72 2.20321e-22 -1.76962e-23
4.74 2.72299e-22 -2.19696e-23
4.76 3.36223e-22 -2.72469e-23
4.78 4.14769e-22 -3.37571e-23
4.8 5.11192e-22 -4.17803e-23
4.82 6.29454e-22 -5.16583e-23
4.84 7.74373e-22 -6.38079e-23
4.86 9.51799e-22 -7.87371e-23
4.88 1.16883e-21 -9.70639e-23
4.9 1.43408e-21 -1.1954e-22
4.92 1.75799e-21 -1.47079e-22
4.94 2.15317e-21 -1.8079e-22
4.96 2.63491e-21 -2.22017e-22
4.98 3.22167e-21 -2.7239e-22
5 3.93574e-21 -3.33881e-22
5.02 4.80403e-21 -4.08876e-22
5.04 5.85898e-21 -5.0026e-22
5.06 7.13965e-21 -6.11514e-22
5.08 8.6931e-21 -7.46838e-22
5.1 1.05759e-20 -9.11299e-22
5.12 1.2856e-20 -1.11099e-21
5.14 1.56152e-20 -1.35327e-21
5.16 1.89514e-20 -1.64694e-21
5.18 2.29822e-20 -2.00263e-21
5.2 2.78484e-20 -2.43305e-21
5.22 3.37187e-20 -2.95349e-21
5.24 4.07948e-20 -3.58226e-21
5.26 4.93179e-20 -4.34128e-21
5.28 5.95763e-20 -5.2568e-21
5.3 7.19141e-20 -6.36018e-21
5.32 8.67418e-20 -7.68894e-21
5.34 1.04549e-19 -9.28785e-21
5.36 1.25918e-19 -1.12103e-20
5.38 1.51544e-19 -1.35201e-20
5.4 1.82252e-19 -1.62929e-20
5.42 2.19024e-19 -1.96192e-20
5.44 2.63026e-19 -2.36065e-20
5.46 3.15644e-19 -2.83824e-20
5.48 3.78519e-19 -3.40987e-20
5.5 4.536e-19 -4.09355e-20
5.52 5.43195e-19 -4.91065e-20
5.54 6.50036e-19 -5.88651e-20
5.56 7.77357e-19 -7.05112e-20
5.58 9.28981e-19 -8.44001e-20
5.6 1.10943e-18 -1.00952e-19
5.62 1.32403e-18 -1.20663e-19
5.64 1.5791e-18 -1.44121e-19
5.66 1.88204e-18 -1.72019e-19
5.68 2.24163e-18 -2.05173e-19
5.7 2.66818e-18 -2.44547e-19
5.72 3.17383e-18 -2.91278e-19
5.74 3.77287e-18 -3.46702e-19
5.76 4.48211e-18 -4.12392e-19
5.78 5.32127e-18 -4.902e-19
5.8 6.31356e-18 -5.82301e-19
5.82 7.48618e-18 -6.91249e-19
5.84 8.87105e-18 -8.20042e-19
5.86 1.05056e-17 -9.72199e-19
5.88 1.24337e-17 -1.15184e-18
5.9 1.47066e-17 -1.36381e-18
5.92 1.73845e-17 -1.61376e-18
5.94 2.05376e-17 -1.9083e-18
5.96 2.4248e-17 -2.2552e-18
5.98 2.86118e-17 -2.66349e-18
6 3.37409e-17 -3.14376e-18
6.02 3.97661e-17 -3.70836e-18
6.04 4.68399e-17 -4.3717e-18
6.06 5.514e-17 -5.15058e-18
6.08 6.48736e-17 -6.06459e-18
6.1 7.62816e-17 -7.13654e-18
6.12 8.96447e-17 -8.39301e-18
6.14 1.05289e-16 -9.8649e-18
6.16 1.23595e-16 -1.15882e-17
6.18 1.45002e-16 -1.36046e-17
6.2 1.70022e-16 -1.59627e-17
6.22 1.9925e-16 -1.87188e-17
6.24 2.33374e-16 -2.19384e-17
6.26 2.73194e-16 -2.56973e-17
6.28 3.19635e-16 -3.00835e-17
6.3 3.73771e-16 -3.51987e-17
6.32 4.36841e-16 -4.1161e-17
6.34 5.10282e-16 -4.8107e-17
6.36 5.95757e-16 -5.61944e-17
6.38 6.95183e-16 -6.56061e-17
6.4 8.1078e-16 -7.6553e-17
6.42 9.45109e-16 -8.92789e-17
6.44 1.10113e-15 -1.04065e-16
6.46 1.28224e-15 -1.21237e-16
6.48 1.49239e-15 -1.41168e-16
6.5 1.7361e-15 -1.6429e-16
6.52 2.01859e-15 -1.91101e-16
6.54 2.34587e-15 -2.22173e-16
6.56 2.72486e-15 -2.58167e-16
6.58 3.16352e-15 -2.9984e-16
6.6 3.67099e-15 -3.48065e-16
6.62 4.25778e-15 -4.03844e-16
6.64 4.93597e-15 -4.6833e-16
6.66 5.71943e-15 -5.42845e-16
6.68 6.62406e-15 -6.28908e-16
6.7 7.66812e-15 -7.28261e-16
6.72 8.87252e-15 -8.42902e-16
6.74 1.02613e-14 -9.75119e-16
6.76 1.18618e-14 -1.12754e-15
6.78 1.37056e-14 -1.30316e-15
6.8 1.58286e-14 -1.50543e-15
6.82 1.82721e-14 -1.73827e-15
6.84 2.10831e-14 -2.0062e-15
6.86 2.43155e-14 -2.31434e-15
6.88 2.80308e-14 -2.66859e-15
6.9 3.22991e-14 -3.07565e-15
6.92 3.72007e-14 -3.54319e-15
6.94 4.2827e-14 -4.07995e-15
6.96 4.92825e-14 -4.69591e-15
6.98 5.6686e-14 -5.40245e-15
7 6.5173e-14 -6.21253e-15
7.02 7.48981e-14 -7.14092e-15
7.04 8.6037e-14 -8.20443e-15
7.06 9.87899e-14 -9.42222e-15
7.08 1.13384e-13 -1.08161e-14
7.1 1.30079e-13 -1.24107e-14
7.12 1.49169e-13 -1.42344e-14
7.14 1.70988e-13 -1.6319e-14
7.16 1.95917e-13 -1.8701e-14
7.18 2.24386e-13 -2.14217e-14
7.2 2.56884e-13 -2.45278e-14
7.22 2.93969e-13 -2.80726e-14
7.24 3.36268e-13 -3.21163e-14
7.26 3.84497e-13 -3.67274e-14
7.28 4.39464e-13 -4.19831e-14
7.3 5.02085e-13 -4.79714e-14
7.32 5.73399e-13 -5.47916e-14
7.34 6.54579e-13 -6.2556e-14
7.36 7.46955e-13 -7.13921e-14
7.38 8.52029e-13 -8.14436e-14
7.4 9.715e-13 -9.28734e-14
7.42 1.10729e-12 -1.05865e-13
7.44 1.26156e-12 -1.20627e-13
7.46 1.43678e-12 -1.37394e-13
7.48 1.63569e-12 -1.56429e-13
7.5 1.86143e-12 -1.78034e-13
7.52 2.1175e-12 -2.02544e-13
7.54 2.40789e-12 -2.30339e-13
7.56 2.73707e-12 -2.6185e-13
7.58 3.11008e-12 -2.97558e-13
7.6 3.53259e-12 -3.38008e-13
7.62 4.011e-12 -3.83812e-13
7.64 4.55251e-12 -4.35661e-13
7.66 5.16523e-12 -4.9433e-13
7.68 5.85825e-12 -5.60692e-13
7.7 6.64182e-12 -6.35729e-13
7.72 7.52745e-12 -7.20545e-13
7.74 8.52809e-12 -8.16378e-13
7.76 9.65826e-12 -9.24622e-13
7.78 1.09343e-11 -1.04684e-12
7.8 1.23745e-11 -1.18479e-12
7.82 1.39993e-11 -1.34044e-12
7.84 1.5832e-11 -1.51599e-12
7.86 1.78983e-11 -1.71393e-12
7.88 2.02271e-11 -1.93704e-12
7.9 2.2851e-11 -2.18842e-12
7.92 2.58063e-11 -2.47156e-12
7.94 2.91338e-11 -2.79037e-12
7.96 3.28789e-11 -3.14921e-12
7.98 3.70929e-11 -3.55298e-12
8 4.18327e-11 -4.00715e-12
8.02 4.71621e-11 -4.51783e-12
8.04 5.31525e-11 -5.09188e-12
8.06 5.98838e-11 -5.73692e-12
8.08 6.74449e-11 -6.46152e-12
8.1 7.59354e-11 -7.2752e-12
8.12 8.54665e-11 -8.18863e-12
8.14 9.61622e-11 -9.21369e-12
8.16 1.08161e-10 -1.03637e-11
8.18 1.21617e-10 -1.16533e-11
8.2 1.36703e-10 -1.30992e-11
8.22 1.5361e-10 -1.47198e-11
8.24 1.72552e-10 -1.65354e-11
8.26 1.93769e-10 -1.8569e-11
8.28 2.17524e-10 -2.08461e-11
8.3 2.44114e-10 -2.33949e-11
8.32 2.73868e-10 -2.6247e-11
8.34 3.07152e-10 -2.94376e-11
8.36 3.44372e-10 -3.30056e-11
8.38 3.85983e-10 -3.69945e-11
8.4 4.32486e-10 -4.14525e-11
8.42 4.84443e-10 -4.64333e-11
8.44 5.42474e-10 -5.19966e-11
8.46 6.0727e-10 -5.82085e-11
8.48 6.79598e-10 -6.51426e-11
8.5 7.60309e-10 -7.28805e-11
8.52 8.50348e-10 -8.15127e-11
8.54 9.50763e-10 -9.11399e-11
8.56 1.06272e-09 -1.01873e-10
8.58 1.1875e-09 -1.13837e-10
8.6 1.32654e-09 -1.27168e-10
8.62 1.48141e-09 -1.42017e-10
8.64 1.65389e-09 -1.58554e-10
8.66 1.84589e-09 -1.76964e-10
8.68 2.05959e-09 -1.97453e-10
8.7 2.29736e-09 -2.20251e-10
8.72 2.56183e-09 -2.4561e-10
8.74 2.85593e-09 -2.73809e-10
8.76 3.18287e-09 -3.05157e-10
8.78 3.54622e-09 -3.39998e-10
8.8 3.94992e-09 -3.78708e-10
8.82 4.39834e-09 -4.21705e-10
8.84 4.89627e-09 -4.69451e-10
8.86 5.44903e-09 -5.22455e-10
8.88 6.0625e-09 -5.8128e-10
8.9 6.74315e-09 -6.46548e-10
8.92 7.49814e-09 -7.18945e-10
8.94 8.33534e-09 -7.99225e-10
8.96 9.26346e-09 -8.88225e-10
8.98 1.02921e-08 -9.86865e-10
9 1.14318e-08 -1.09616e-09
9.02 1.26943e-08 -1.21722e-09
9.04 1.40924e-08 -1.35129e-09
9.06 1.56402e-08 -1.49972e-09
9.08 1.73533e-08 -1.664e-09
9.1 1.9249e-08 -1.84579e-09
9.12 2.1346e-08 -2.04688e-09
9.14 2.36651e-08 -2.26928e-09
9.16 2.62293e-08 -2.51518e-09
9.18 2.90636e-08 -2.78698e-09
9.2 3.21957e-08 -3.08735e-09
9.22 3.5656e-08 -3.41919e-09
9.24 3.94779e-08 -3.78571e-09
9.26 4.36981e-08 -4.19043e-09
9.28 4.8357e-08 -4.63721e-09
9.3 5.34987e-08 -5.13031e-09
9.32 5.9172e-08 -5.67438e-09
9.34 6.54301e-08 -6.27454e-09
9.36 7.23317e-08 -6.93641e-09
9.38 7.99409e-08 -7.66615e-09
9.4 8.83283e-08 -8.47052e-09
9.42 9.75712e-08 -9.35693e-09
9.44 1.07754e-07 -1.03335e-08
9.46 1.1897e-07 -1.14091e-08
9.48 1.31321e-07 -1.25936e-08
9.5 1.44918e-07 -1.38976e-08
9.52 1.59883e-07 -1.53328e-08
9.54 1.7635e-07 -1.69121e-08
9.56 1.94465e-07 -1.86494e-08
9.58 2.1439e-07 -2.05603e-08
9.6 2.36297e-07 -2.26613e-08
9.62 2.60381e-07 -2.4971e-08
9.64 2.86849e-07 -2.75095e-08
9.66 3.15932e-07 -3.02987e-08
9.68 3.47881e-07 -3.33627e-08
9.7 3.82968e-07 -3.67278e-08
9.72 4.21494e-07 -4.04227e-08
9.74 4.63786e-07 -4.44788e-08
9.76 5.10201e-07 -4.89302e-08
9.78 5.61129e-07 -5.38145e-08
9.8 6.16995e-07 -5.91725e-08
9.82 6.78265e-07 -6.50487e-08
9.84 7.45446e-07 -7.14918e-08
9.86 8.19091e-07 -7.85548e-08
9.88 8.99803e-07 -8.62957e-08
9.9 9.88241e-07 -9.47776e-08
9.92 1.08512e-06 -1.04069e-07
9.94 1.19123e-06 -1.14246e-07
9.96 1.30741e-06 -1.25388e-07
9.98 1.4346e-06 -1.37587e-07
10 1.57381e-06 -1.50938e-07
10.02 1.72613e-06 -1.65547e-07
10.04 1.89278e-06 -1.8153e-07
10.06 2.07504e-06 -1.99011e-07
10.08 2.27436e-06 -2.18126e-07
10.1 2.49226e-06 -2.39025e-07
10.12 2.73043e-06 -2.61867e-07
10.14 2.9907e-06 -2.8683e-07
10.16 3.27507e-06 -3.14103e-07
10.18 3.58568e-06 -3.43894e-07
10.2 3.9249e-06 -3.76428e-07
10.22 4.29527e-06 -4.1195e-07
10.24 4.69958e-06 -4.50726e-07
10.26 5.14083e-06 -4.93046e-07
10.28 5.6223e-06 -5.39223e-07
10.3 6.14754e-06 -5.89599e-07
10.32 6.72041e-06 -6.44542e-07
10.34 7.3451e-06 -7.04456e-07
10.36 8.02615e-06 -7.69775e-07
10.38 8.76849e-06 -8.40972e-07
10.4 9.57747e-06 -9.18561e-07
10.42 1.04589e-05 -1.0031e-06
10.44 1.1419e-05 -1.09518e-06
10.46 1.24647e-05 -1.19547e-06
10.48 1.36033e-05 -1.30468e-06
10.5 1.48428e-05 -1.42356e-06
10.52 1.61919e-05 -1.55295e-06
10.54 1.766e-05 -1.69376e-06
10.56 1.92573e-05 -1.84695e-06
10.58 2.09947e-05 -2.01359e-06
10.6 2.28842e-05 -2.19481e-06
10.62 2.49387e-05 -2.39185e-06
10.64 2.71721e-05 -2.60606e-06
10.66 2.95996e-05 -2.83888e-06
10.68 3.22374e-05 -3.09187e-06
10.7 3.51032e-05 -3.36673e-06
10.72 3.82162e-05 -3.6653e-06
10.74 4.15969e-05 -3.98954e-06
10.76 4.52677e-05 -4.34161e-06
10.78 4.92526e-05 -4.72381e-06
10.8 5.35778e-05 -5.13864e-06
10.82 5.82713e-05 -5.58879e-06
10.84 6.33635e-05 -6.07719e-06
10.86 6.88873e-05 -6.60697e-06
10.88 7.4878e-05 -7.18154e-06
10.9 8.13738e-05 -7.80456e-06
10.92 8.8416e-05 -8.47998e-06
10.94 9.60491e-05 -9.21208e-06
10.96 0.000104321 -1.00054e-05
10.98 0.000113284 -1.08651e-05
11 0.000122993 -1.17963e-05
11.02 0.000133509 -1.28048e-05
11.04 0.000144896 -1.3897e-05
11.06 0.000157225 -1.50795e-05
11.08 0.00017057 -1.63594e-05
11.1 0.000185014 -1.77447e-05
11.12 0.000200642 -1.92437e-05
11.14 0.000217551 -2.08654e-05
11.16 0.00023584 -2.26195e-05
11.18 0.000255619 -2.45165e-05
11.2 0.000277005 -2.65677e-05
11.22 0.000300126 -2.87852e-05
11.24 0.000325116 -3.1182e-05
11.26 0.000352122 -3.37722e-05
11.28 0.000381301 -3.65708e-05
11.3 0.000412823 -3.95941e-05
11.32 0.00044687 -4.28595e-05
11.34 0.000483636 -4.63859e-05
11.36 0.000523333 -5.01932e-05
11.38 0.000566186 -5.43033e-05
11.4 0.000612438 -5.87393e-05
11.42 0.000662349 -6.35263e-05
11.44 0.000716199 -6.86912e-05
11.46 0.000774289 -7.42627e-05
11.48 0.000836942 -8.02718e-05
11.5 0.000904505 -8.67517e-05
11.52 0.000977348 -9.37382e-05
11.54 0.00105587 -0.00010127
11.56 0.0011405 -0.000109387
11.58 0.0012317 -0.000118134
11.6 0.00132996 -0.000127558
11.62 0.00143581 -0.00013771
11.64 0.00154981 -0.000148644
11.66 0.00167258 -0.000160419
11.68 0.00180476 -0.000173096
11.7 0.00194705 -0.000186743
11.72 0.00210019 -0.000201431
11.74 0.00226499 -0.000217238
11.76 0.00244231 -0.000234244
11.78 0.00263306 -0.000252539
11.8 0.00283823 -0.000272217
11.82 0.00305886 -0.000293378
11.84 0.00329609 -0.000316131
11.86 0.00355112 -0.000340591
11.88 0.00382524 -0.000366883
11.9 0.00411983 -0.000395137
11.92 0.00443637 -0.000425496
11.94 0.00477643 -0.000458112
11.96 0.0051417 -0.000493145
11.98 0.00553399 -0.00053077
12 0.00595522 -0.000571172
12.02 0.00640747 -0.000614547
12.04 0.00689292 -0.000661107
12.06 0.00741394 -0.000711079
12.08 0.00797305 -0.000764703
12.1 0.00857291 -0.000822237
12.12 0.00921642 -0.000883956
12.14 0.00990662 -0.000950154
12.16 0.0106468 -0.00102114
12.18 0.0114404 -0.00109726
12.2 0.0122912 -0.00117886
12.22 0.0132032 -0.00126633
12.24 0.0141805 -0.00136007
12.26 0.0152278 -0.00146052
12.28 0.0163498 -0.00156813
12.3 0.0175518 -0.00168341
12.32 0.018839 -0.00180687
12.34 0.0202176 -0.00193909
12.36 0.0216935 -0.00208065
12.38 0.0232736 -0.0022322
12.4 0.0249648 -0.00239441
12.42 0.0267748 -0.002568
12.44 0.0287115 -0.00275376
12.46 0.0307836 -0.00295249
12.48 0.033 -0.00316507
12.5 0.0353706 -0.00339243
12.52 0.0379056 -0.00363557
12.54 0.0406161 -0.00389553
12.56 0.0435137 -0.00417345
12.58 0.0466109 -0.0044705
12.6 0.0499209 -0.00478797
12.62 0.0534579 -0.00512721
12.64 0.0572368 -0.00548964
12.66 0.0612735 -0.00587681
12.68 0.065585 -0.00629033
12.7 0.0701893 -0.00673194
12.72 0.0751056 -0.00720347
12.74 0.0803542 -0.00770687
12.76 0.0859568 -0.00824421
12.78 0.0919362 -0.00881771
12.8 0.098317 -0.0094297
12.82 0.105125 -0.0100827
12.84 0.112388 -0.0107793
12.86 0.120135 -0.0115223
12.88 0.128397 -0.0123147
12.9 0.137207 -0.0131597
12.92 0.1466 -0.0140605
12.94 0.156613 -0.0150209
12.96 0.167285 -0.0160445
12.98 0.178659 -0.0171354
13 0.190779 -0.0182978
13.02 0.203691 -0.0195363
13.04 0.217446 -0.0208555
13.06 0.232096 -0.0222606
13.08 0.247698 -0.023757
13.1 0.26431 -0.0253503
13.12 0.281997 -0.0270466
13.14 0.300824 -0.0288523
13.16 0.320862 -0.0307742
13.18 0.342186 -0.0328194
13.2 0.364875 -0.0349956
13.22 0.389015 -0.0373109
13.24 0.414692 -0.0397736
13.26 0.442003 -0.042393
13.28 0.471045 -0.0451785
13.3 0.501926 -0.0481404
13.32 0.534757 -0.0512892
13.34 0.569655 -0.0546363
13.36 0.606747 -0.0581938
13.38 0.646164 -0.0619744
13.4 0.688047 -0.0659914
13.42 0.732543 -0.0702591
13.44 0.779809 -0.0747924
13.46 0.830011 -0.0796074
13.48 0.883324 -0.0847206
13.5 0.939932 -0.09015
13.52 1 -0.0959112
