0 0
0.08 4.24352e-11
0.16 5.41309e-09
0.24 9.19345e-08
0.32 6.82957e-07
0.4 3.22116e-06
0.48 1.1388e-05
0.56 3.29727e-05
0.64 8.24296e-05
0.72 0.000184092
0.8 0.000375936
0.88 0.000713712
0.96 0.0012752
1.04 0.00216427
1.12 0.00351443
1.2 0.00549144
1.28 0.0082947
1.36 0.0121569
1.44 0.0173421
1.52 0.0241407
1.6 0.0328637
1.68 0.0438327
1.76 0.057369
1.84 0.0737799
1.92 0.0933433
2 0.116291
2.08 0.14279
2.16 0.172925
2.24 0.206681
2.32 0.243925
2.4 0.284392
2.48 0.327668
2.56 0.373188
2.64 0.420219
2.72 0.467869
2.8 0.515082
2.88 0.560652
2.96 0.603237
3.04 0.641384
3.12 0.673554
3.2 0.698166
3.28 0.713635
3.36 0.718429
3.44 0.711119
3.52 0.690444
3.6 0.655366
3.68 0.60513
3.76 0.539315
3.84 0.457883
3.92 0.361206
4 0.250091
4.08 0.125784
4.16 -0.0100399
4.24 -0.155299
4.32 -0.307544
4.4 -0.464011
4.48 -0.621678
4.56 -0.777329
4.64 -0.927623
4.72 -1.06919
4.8 -1.19871
4.88 -1.31299
4.96 -1.40903
5.04 -1.48414
5.12 -1.53595
5.2 -1.56251
5.28 -1.56233
5.36 -1.53443
5.44 -1.47842
5.52 -1.39445
5.6 -1.2833
5.68 -1.14636
5.76 -0.985625
5.84 -0.803661
5.92 -0.603596
6 -0.389056
6.08 -0.164102
6.16 0.0668409
6.24 0.299077
6.32 0.527735
6.4 0.747877
6.48 0.954611
6.56 1.14321
6.64 1.30923
6.72 1.4486
6.8 1.5578
6.88 1.63387
6.96 1.67457
7.04 1.67842
7.12 1.64477
7.2 1.57383
7.28 1.4667
7.36 1.32536
7.44 1.15264
7.52 0.952178
7.6 0.728334
7.68 0.48612
7.76 0.231077
7.84 -0.0308497
7.92 -0.293452
8 -0.550405
8.08 -0.79543
8.16 -1.02245
8.24 -1.22574
8.32 -1.40009
8.4 -1.54096
8.48 -1.64456
8.56 -1.70801
8.64 -1.72939
8.72 -1.70784
8.8 -1.64356
8.88 -1.53785
8.96 -1.39308
9.04 -1.21265
9.12 -1.00089
9.2 -0.763007
9.28 -0.504913
9.36 -0.233104
9.44 0.0455068
9.52 0.323768
9.6 0.594475
9.68 0.85056
9.76 1.08528
9.84 1.29239
9.92 1.46634
10 1.6024
10.08 1.6968
10.16 1.74686
10.24 1.75103
10.32 1.70901
10.4 1.6217
10.48 1.49121
10.56 1.32085
10.64 1.11497
10.72 0.878942
10.8 0.618963
10.88 0.341911
10.96 0.0551682
11.04 -0.233584
11.12 -0.516566
11.2 -0.786113
11.28 -1.03489
11.36 -1.25607
11.44 -1.44357
11.52 -1.59218
11.6 -1.69773
11.68 -1.75721
11.76 -1.76884
11.84 -1.73218
11.92 -1.64808
12 -1.51871
12.08 -1.34751
12.16 -1.13905
12.24 -0.898991
12.32 -0.633855
12.4 -0.350901
12.48 -0.0579026
12.56 0.237056
12.64 0.525809
12.72 0.800332
12.8 1.05297
12.88 1.27665
12.96 1.46507
13.04 1.61292
13.12 1.71598
13.2 1.77128
13.28 1.77717
13.36 1.73339
13.44 1.64106
13.52 1.50267
