0 -0
0.08 -1.21431e-23
0.16 -9.93065e-20
0.24 -1.92669e-17
0.32 -8.07531e-16
0.4 -1.46047e-14
0.48 -1.55181e-13
0.56 -1.14168e-12
0.64 -6.41628e-12
0.72 -2.93456e-11
0.8 -1.14053e-10
0.88 -3.88479e-10
0.96 -1.18636e-09
1.04 -3.30496e-09
1.12 -8.51246e-09
1.2 -2.04886e-08
1.28 -4.64807e-08
1.36 -1.0009e-07
1.44 -2.05775e-07
1.52 -4.05884e-07
1.6 -7.71284e-07
1.68 -1.41697e-06
1.76 -2.52442e-06
1.84 -4.37278e-06
1.92 -7.38158e-06
2 -1.21678e-05
2.08 -1.96208e-05
2.16 -3.0999e-05
2.24 -4.80526e-05
2.32 -7.31756e-05
2.4 -0.000109593
2.48 -0.000161587
2.56 -0.000234761
2.64 -0.000336357
2.72 -0.000475604
2.8 -0.000664125
2.88 -0.000916378
2.96 -0.00125012
3.04 -0.00168693
3.12 -0.00225268
3.2 -0.00297806
3.28 -0.00389903
3.36 -0.00505724
3.44 -0.00650035
3.52 -0.00828225
3.6 -0.0104632
3.68 -0.0131095
3.76 -0.0162938
3.84 -0.0200939
3.92 -0.0245927
4 -0.0298768
4.08 -0.0360358
4.16 -0.0431604
4.24 -0.051341
4.32 -0.0606656
4.4 -0.0712174
4.48 -0.0830721
4.56 -0.0962957
4.64 -0.110941
4.72 -0.127045
4.8 -0.144623
4.88 -0.163668
4.96 -0.184144
5.04 -0.205982
5.12 -0.229079
5.2 -0.253291
5.28 -0.278432
5.36 -0.30427
5.44 -0.330527
5.52 -0.356875
5.6 -0.382936
5.68 -0.408288
5.76 -0.43246
5.84 -0.454941
5.92 -0.475182
6 -0.492605
6.08 -0.50661
6.16 -0.516584
6.24 -0.521912
6.32 -0.521993
6.4 -0.516247
6.48 -0.504136
6.56 -0.485175
6.64 -0.458949
6.72 -0.42513
6.8 -0.383488
6.88 -0.333913
6.96 -0.27642
7.04 -0.211169
7.12 -0.138467
7.2 -0.0587844
7.28 0.0272479
7.36 0.118832
7.44 0.215008
7.52 0.314655
7.6 0.416506
7.68 0.519158
7.76 0.621089
7.84 0.720681
7.92 0.816245
8 0.906046
8.08 0.988341
8.16 1.0614
8.24 1.12357
8.32 1.17327
8.4 1.20907
8.48 1.22969
8.56 1.23408
8.64 1.2214
8.72 1.19111
8.8 1.14293
8.88 1.07694
8.96 0.993516
9.04 0.8934
9.12 0.777671
9.2 0.647753
9.28 0.505398
9.36 0.352669
9.44 0.191908
9.52 0.0257087
9.6 -0.143136
9.68 -0.311674
9.76 -0.476855
9.84 -0.635586
9.92 -0.784794
10 -0.921494
10.08 -1.04285
10.16 -1.14625
10.24 -1.22935
10.32 -1.29016
10.4 -1.32708
10.48 -1.33893
10.56 -1.32505
10.64 -1.28525
10.72 -1.2199
10.8 -1.1299
10.88 -1.01667
10.96 -0.882162
11.04 -0.728824
11.12 -0.559543
11.2 -0.377613
11.28 -0.18666
11.36 0.00941982
11.44 0.206548
11.52 0.400546
11.6 0.587227
11.68 0.762491
11.76 0.922417
11.84 1.06336
11.92 1.18202
12 1.27557
12.08 1.34168
12.16 1.3786
12.24 1.38522
12.32 1.3611
12.4 1.30649
12.48 1.22233
12.56 1.11027
12.64 0.972599
12.72 0.81225
12.8 0.632706
12.88 0.437939
12.96 0.232327
13.04 0.0205511
13.12 -0.192506
13.2 -0.401879
13.28 -0.602632
13.36 -0.789981
13.44 -0.959412
13.52 -1.10679
