0 0
0.08 3.83711e-09
0.16 2.44443e-07
0.24 2.76309e-06
0.32 1.5361e-05
0.4 5.78037e-05
0.48 0.000169747
0.56 0.000419673
0.64 0.000913988
0.72 0.00180537
0.8 0.00329935
0.88 0.00565831
0.96 0.00920185
1.04 0.014303
1.12 0.0213795
1.2 0.0308803
1.28 0.0432667
1.36 0.0589887
1.44 0.0784574
1.52 0.102014
1.6 0.129895
1.68 0.162203
1.76 0.198867
1.84 0.239619
1.92 0.283967
2 0.331174
2.08 0.380256
2.16 0.429976
2.24 0.478862
2.32 0.525233
2.4 0.567237
2.48 0.602904
2.56 0.630211
2.64 0.647159
2.72 0.65185
2.8 0.64258
2.88 0.617925
2.96 0.576824
3.04 0.518653
3.12 0.443291
3.2 0.351162
3.28 0.243263
3.36 0.121163
3.44 -0.0130178
3.52 -0.156651
3.6 -0.306668
3.68 -0.459652
3.76 -0.611929
3.84 -0.75969
3.92 -0.899103
4 -1.02643
4.08 -1.13815
4.16 -1.23106
4.24 -1.30235
4.32 -1.34971
4.4 -1.37137
4.48 -1.36618
4.56 -1.33358
4.64 -1.27367
4.72 -1.1872
4.8 -1.07553
4.88 -0.940614
4.96 -0.784959
5.04 -0.611575
5.12 -0.423912
5.2 -0.225787
5.28 -0.0213136
5.36 0.185184
5.44 0.389262
5.52 0.586444
5.6 0.772327
5.68 0.94267
5.76 1.0935
5.84 1.2212
5.92 1.32262
6 1.39512
6.08 1.43669
6.16 1.44599
6.24 1.4224
6.32 1.36604
6.4 1.27784
6.48 1.15946
6.56 1.01332
6.64 0.842559
6.72 0.650944
6.8 0.442817
6.88 0.222992
6.96 -0.00335729
7.04 -0.230813
7.12 -0.453849
7.2 -0.666967
7.28 -0.864835
7.36 -1.04243
7.44 -1.19516
7.52 -1.31901
7.6 -1.41063
7.68 -1.46746
7.76 -1.48777
7.84 -1.47077
7.92 -1.4166
8 -1.32636
8.08 -1.20208
8.16 -1.04671
8.24 -0.864034
8.32 -0.65857
8.4 -0.435484
8.48 -0.20045
8.56 0.040492
8.64 0.281093
8.72 0.51506
8.8 0.736219
8.88 0.938686
8.96 1.11702
9.04 1.26639
9.12 1.38269
9.2 1.46267
9.28 1.50403
9.36 1.50548
9.44 1.4668
9.52 1.38884
9.6 1.27354
9.68 1.12383
9.76 0.943596
9.84 0.737591
9.92 0.51128
10 0.270717
10.08 0.0223778
10.16 -0.227015
10.24 -0.470674
10.32 -0.701932
10.4 -0.914429
10.48 -1.10229
10.56 -1.26028
10.64 -1.38397
10.72 -1.46986
10.8 -1.51547
10.88 -1.51942
10.96 -1.48148
11.04 -1.40258
11.12 -1.28479
11.2 -1.13128
11.28 -0.946204
11.36 -0.734629
11.44 -0.502373
11.52 -0.255853
11.6 -0.00190995
11.68 0.252385
11.76 0.499924
11.84 0.733767
11.92 0.947332
12 1.13459
12.08 1.29022
12.16 1.40978
12.24 1.48985
12.32 1.52809
12.4 1.52332
12.48 1.47562
12.56 1.38623
12.64 1.25762
12.72 1.09333
12.8 0.897971
12.88 0.677011
12.96 0.436673
13.04 0.183747
13.12 -0.074606
13.2 -0.331049
13.28 -0.578284
13.36 -0.809257
13.44 -1.01736
13.52 -1.19663
