0 0
0.08 3.39126e-19
0.16 6.92728e-16
0.24 5.96559e-14
0.32 1.4043e-12
0.4 1.62237e-11
0.48 1.19441e-10
0.56 6.43925e-10
0.64 2.76244e-09
0.72 9.94907e-09
0.8 3.12024e-08
0.88 8.74646e-08
0.96 2.23397e-07
1.04 5.27553e-07
1.12 1.16501e-06
1.2 2.42757e-06
1.28 4.80772e-06
1.36 9.10329e-06
1.44 1.65606e-05
1.52 2.90634e-05
1.6 4.93755e-05
1.68 8.14419e-05
1.76 0.000130752
1.84 0.000204768
1.92 0.000313405
2 0.000469571
2.08 0.000689725
2.16 0.000994457
2.24 0.00140904
2.32 0.00196395
2.4 0.00269522
2.48 0.00364477
2.56 0.00486045
2.64 0.00639587
2.72 0.00831006
2.8 0.0106667
2.88 0.0135333
2.96 0.0169797
3.04 0.0210766
3.12 0.0258939
3.2 0.0314986
3.28 0.0379528
3.36 0.0453112
3.44 0.0536196
3.52 0.062912
3.6 0.0732089
3.68 0.0845153
3.76 0.0968191
3.84 0.110089
3.92 0.124272
4 0.139296
4.08 0.155062
4.16 0.171447
4.24 0.188305
4.32 0.205459
4.4 0.222706
4.48 0.239815
4.56 0.256528
4.64 0.272561
4.72 0.287604
4.8 0.301325
4.88 0.313367
4.96 0.323359
5.04 0.330912
5.12 0.335634
5.2 0.33713
5.28 0.335014
5.36 0.328918
5.44 0.318498
5.52 0.303451
5.6 0.28352
5.68 0.25851
5.76 0.228298
5.84 0.192839
5.92 0.152185
6 0.106486
6.08 0.0559981
6.16 0.00109285
6.24 -0.057744
6.32 -0.11991
6.4 -0.184689
6.48 -0.251256
6.56 -0.318685
6.64 -0.38596
6.72 -0.451992
6.8 -0.515631
6.88 -0.575691
6.96 -0.630969
7.04 -0.68027
7.12 -0.722434
7.2 -0.756362
7.28 -0.781041
7.36 -0.795578
7.44 -0.799217
7.52 -0.791373
7.6 -0.771647
7.68 -0.73985
7.76 -0.696017
7.84 -0.64042
7.92 -0.573574
8 -0.496238
8.08 -0.409414
8.16 -0.314336
8.24 -0.212454
8.32 -0.105414
8.4 0.00496961
8.48 0.116743
8.56 0.227851
8.64 0.336179
8.72 0.439594
8.8 0.535989
8.88 0.623336
8.96 0.699726
9.04 0.763423
9.12 0.812899
9.2 0.846886
9.28 0.864404
9.36 0.864796
9.44 0.847754
9.52 0.813334
9.6 0.761968
9.68 0.694463
9.76 0.611997
9.84 0.5161
9.92 0.408628
10 0.291732
10.08 0.167816
10.16 0.039485
10.24 -0.0905064
10.32 -0.219316
10.4 -0.344077
10.48 -0.461964
10.56 -0.570263
10.64 -0.66643
10.72 -0.748162
10.8 -0.813452
10.88 -0.860644
10.96 -0.888475
11.04 -0.896119
11.12 -0.883208
11.2 -0.849855
11.28 -0.796654
11.36 -0.724678
11.44 -0.63546
11.52 -0.530961
11.6 -0.413533
11.68 -0.285866
11.76 -0.150927
11.84 -0.0118901
11.92 0.127933
12 0.265178
12.08 0.396508
12.16 0.518696
12.24 0.628707
12.32 0.723775
12.4 0.801478
12.48 0.859797
12.56 0.89718
12.64 0.912576
12.72 0.905475
12.8 0.875927
12.88 0.82454
12.96 0.752478
13.04 0.661434
13.12 0.553594
13.2 0.431584
13.28 0.298409
13.36 0.157382
13.44 0.0120383
13.52 -0.133952
