0 0
0.08 2.49689e-30
0.16 1.63417e-25
0.24 1.07074e-22
0.32 1.06474e-20
0.4 3.76518e-19
0.48 6.92325e-18
0.56 8.10143e-17
0.64 6.80956e-16
0.72 4.44409e-15
0.8 2.37511e-14
0.88 1.07969e-13
0.96 4.29348e-13
1.04 1.52565e-12
1.12 4.92523e-12
1.2 1.4636e-11
1.28 4.04609e-11
1.36 1.04961e-10
1.44 2.57344e-10
1.52 5.99934e-10
1.6 1.33662e-09
1.68 2.85832e-09
1.76 5.88898e-09
1.84 1.17274e-08
1.92 2.26374e-08
2 4.2461e-08
2.08 7.75619e-08
2.16 1.38243e-07
2.24 2.40839e-07
2.32 4.10745e-07
2.4 6.86722e-07
2.48 1.12692e-06
2.56 1.81719e-06
2.64 2.88232e-06
2.72 4.50106e-06
2.8 6.92598e-06
2.88 1.05092e-05
2.96 1.57353e-05
3.04 2.32631e-05
3.12 3.39778e-05
3.2 4.90548e-05
3.28 7.00377e-05
3.36 9.8932e-05
3.44 0.000138315
3.52 0.000191467
3.6 0.000262521
3.68 0.00035663
3.76 0.00048017
3.84 0.000640947
3.92 0.000848445
4 0.00111408
4.08 0.00145149
4.16 0.00187683
4.24 0.00240909
4.32 0.0030704
4.4 0.00388641
4.48 0.00488651
4.56 0.00610426
4.64 0.00757758
4.72 0.00934904
4.8 0.011466
4.88 0.0139807
4.96 0.0169502
5.04 0.0204364
5.12 0.0245056
5.2 0.0292281
5.28 0.0346776
5.36 0.0409303
5.44 0.048064
5.52 0.0561566
5.6 0.0652844
5.68 0.0755209
5.76 0.0869339
5.84 0.0995839
5.92 0.113521
6 0.128783
6.08 0.145391
6.16 0.163347
6.24 0.182633
6.32 0.203203
6.4 0.224985
6.48 0.247875
6.56 0.271735
6.64 0.296389
6.72 0.321626
6.8 0.347193
6.88 0.372797
6.96 0.398103
7.04 0.422739
7.12 0.446293
7.2 0.468317
7.28 0.488332
7.36 0.505834
7.44 0.520296
7.52 0.531179
7.6 0.537937
7.68 0.54003
7.76 0.536932
7.84 0.528144
7.92 0.513202
8 0.491694
8.08 0.46327
8.16 0.427656
8.24 0.384666
8.32 0.334213
8.4 0.276322
8.48 0.211139
8.56 0.138939
8.64 0.0601327
8.72 -0.0247264
8.8 -0.114943
8.88 -0.20968
8.96 -0.30796
9.04 -0.408673
9.12 -0.510585
9.2 -0.612355
9.28 -0.712543
9.36 -0.809637
9.44 -0.90207
9.52 -0.988248
9.6 -1.06657
9.68 -1.13548
9.76 -1.19346
9.84 -1.23909
9.92 -1.27107
10 -1.28827
10.08 -1.28972
10.16 -1.27468
10.24 -1.24264
10.32 -1.19337
10.4 -1.12689
10.48 -1.04356
10.56 -0.94401
10.64 -0.829203
10.72 -0.700403
10.8 -0.559178
10.88 -0.40738
10.96 -0.247126
11.04 -0.0807701
11.12 0.0891323
11.2 0.259863
11.28 0.428588
11.36 0.592406
11.44 0.748401
11.52 0.893703
11.6 1.02554
11.68 1.1413
11.76 1.2386
11.84 1.3153
11.92 1.36962
12 1.40013
12.08 1.40582
12.16 1.38612
12.24 1.34095
12.32 1.2707
12.4 1.17628
12.48 1.05909
12.56 0.921004
12.64 0.764353
12.72 0.591898
12.8 0.406775
12.88 0.212439
12.96 0.0126069
13.04 -0.188818
13.12 -0.387824
13.2 -0.580368
13.28 -0.762467
13.36 -0.930279
13.44 -1.08019
13.52 -1.20891
