0 0
0.08 7.12612e-33
0.16 9.32873e-28
0.24 9.17008e-25
0.32 1.2161e-22
0.4 5.37702e-21
0.48 1.1869e-19
0.56 1.62101e-18
0.64 1.55795e-17
0.72 1.14448e-16
0.8 6.80042e-16
0.88 3.40286e-15
0.96 1.4773e-14
1.04 5.69161e-14
1.12 1.98051e-13
1.2 6.31179e-13
1.28 1.86312e-12
1.36 5.1409e-12
1.44 1.33615e-11
1.52 3.29203e-11
1.6 7.73059e-11
1.68 1.73823e-10
1.76 3.75725e-10
1.84 7.83429e-10
1.92 1.58053e-09
2 3.09331e-09
2.08 5.88674e-09
2.16 1.09158e-08
2.24 1.97587e-08
2.32 3.49707e-08
2.4 6.06082e-08
2.48 1.02995e-07
2.56 1.7182e-07
2.64 2.81695e-07
2.72 4.54312e-07
2.8 7.21413e-07
2.88 1.1288e-06
2.96 1.74169e-06
3.04 2.65175e-06
3.12 3.98629e-06
3.2 5.91995e-06
3.28 8.68964e-06
3.36 1.26131e-05
3.44 1.81121e-05
3.52 2.57404e-05
3.6 3.6218e-05
3.68 5.04721e-05
3.76 6.96851e-05
3.84 9.53519e-05
3.92 0.000129345
4 0.000173993
4.08 0.000232162
4.16 0.000307358
4.24 0.000403836
4.32 0.000526716
4.4 0.000682118
4.48 0.000877304
4.56 0.00112083
4.64 0.0014227
4.72 0.00179454
4.8 0.00224975
4.88 0.00280368
4.96 0.00347375
5.04 0.00427962
5.12 0.00524329
5.2 0.00638916
5.28 0.00774412
5.36 0.0093375
5.44 0.011201
5.52 0.0133687
5.6 0.0158765
5.68 0.0187623
5.76 0.0220652
5.84 0.0258252
5.92 0.0300823
6 0.0348764
6.08 0.0402455
6.16 0.0462257
6.24 0.0528491
6.32 0.0601435
6.4 0.0681304
6.48 0.0768238
6.56 0.0862286
6.64 0.0963395
6.72 0.107139
6.8 0.118595
6.88 0.130661
6.96 0.143274
7.04 0.156353
7.12 0.169797
7.2 0.183487
7.28 0.19728
7.36 0.211016
7.44 0.224513
7.52 0.237566
7.6 0.249956
7.68 0.261442
7.76 0.271769
7.84 0.280671
7.92 0.287869
8 0.29308
8.08 0.29602
8.16 0.296407
8.24 0.293968
8.32 0.288445
8.4 0.279599
8.48 0.267221
8.56 0.251132
8.64 0.231194
8.72 0.207316
8.8 0.179458
8.88 0.147639
8.96 0.11194
9.04 0.0725115
9.12 0.0295722
9.2 -0.0165846
9.28 -0.0655915
9.36 -0.117007
9.44 -0.170317
9.52 -0.224938
9.6 -0.280223
9.68 -0.335465
9.76 -0.389908
9.84 -0.442755
9.92 -0.493181
10 -0.540343
10.08 -0.583396
10.16 -0.621508
10.24 -0.653872
10.32 -0.679727
10.4 -0.698373
10.48 -0.709187
10.56 -0.711638
10.64 -0.705305
10.72 -0.689888
10.8 -0.665223
10.88 -0.631292
10.96 -0.588231
11.04 -0.536336
11.12 -0.476066
11.2 -0.408045
11.28 -0.333056
11.36 -0.252036
11.44 -0.166065
11.52 -0.0763539
11.6 0.0157715
11.68 0.108893
11.76 0.201519
11.84 0.292114
11.92 0.37912
12 0.460993
12.08 0.536225
12.16 0.60338
12.24 0.661122
12.32 0.708246
12.4 0.743705
12.48 0.766639
12.56 0.776393
12.64 0.772543
12.72 0.754909
12.8 0.723566
12.88 0.678854
12.96 0.621375
13.04 0.551996
13.12 0.471829
13.2 0.382228
13.28 0.284757
13.36 0.181174
13.44 0.0733938
13.52 -0.036546
