0 -0
0.08 -8.42385e-26
0.16 -1.37729e-21
0.24 -4.00638e-19
0.32 -2.23846e-17
0.4 -5.05805e-16
0.48 -6.44774e-15
0.56 -5.53214e-14
0.64 -3.55201e-13
0.72 -1.8269e-12
0.8 -7.88582e-12
0.88 -2.95314e-11
0.96 -9.83262e-11
1.04 -2.96541e-10
1.12 -8.21884e-10
1.2 -2.11749e-09
1.28 -5.11828e-09
1.36 -1.1695e-08
1.44 -2.54189e-08
1.52 -5.28282e-08
1.6 -1.0545e-07
1.68 -2.02923e-07
1.76 -3.77681e-07
1.84 -6.81779e-07
1.92 -1.19658e-06
2 -2.04621e-06
2.08 -3.41572e-06
2.16 -5.57519e-06
2.24 -8.91098e-06
2.32 -1.39654e-05
2.4 -2.14862e-05
2.48 -3.2487e-05
2.56 -4.83199e-05
2.64 -7.07611e-05
2.72 -0.00010211
2.8 -0.000145302
2.88 -0.000204035
2.96 -0.000282913
3.04 -0.000387591
3.12 -0.000524948
3.2 -0.000703255
3.28 -0.00093236
3.36 -0.00122388
3.44 -0.00159137
3.52 -0.00205056
3.6 -0.00261951
3.68 -0.00331881
3.76 -0.00417172
3.84 -0.00520437
3.92 -0.00644584
4 -0.00792826
4.08 -0.00968682
4.16 -0.0117598
4.24 -0.0141882
4.32 -0.0170159
4.4 -0.020289
4.48 -0.0240554
4.56 -0.0283643
4.64 -0.0332655
4.72 -0.0388081
4.8 -0.0450397
4.88 -0.0520045
4.96 -0.0597423
5.04 -0.0682864
5.12 -0.0776614
5.2 -0.0878817
5.28 -0.0989491
5.36 -0.11085
5.44 -0.123554
5.52 -0.137012
5.6 -0.151151
5.68 -0.165878
5.76 -0.181071
5.84 -0.196584
5.92 -0.212244
6 -0.227848
6.08 -0.243168
6.16 -0.257947
6.24 -0.271904
6.32 -0.284735
6.4 -0.296115
6.48 -0.305706
6.56 -0.313157
6.64 -0.318111
6.72 -0.320213
6.8 -0.319118
6.88 -0.314492
6.96 -0.30603
7.04 -0.293457
7.12 -0.27654
7.2 -0.255097
7.28 -0.229003
7.36 -0.198202
7.44 -0.162714
7.52 -0.122637
7.6 -0.0781597
7.68 -0.0295603
7.76 0.0227877
7.84 0.0784155
7.92 0.13676
8 0.197166
8.08 0.258892
8.16 0.321119
8.24 0.382956
8.32 0.443456
8.4 0.501629
8.48 0.556455
8.56 0.606908
8.64 0.651967
8.72 0.690644
8.8 0.721999
8.88 0.745168
8.96 0.759377
9.04 0.763968
9.12 0.758419
9.2 0.742359
9.28 0.715585
9.36 0.678079
9.44 0.630012
9.52 0.571758
9.6 0.503892
9.68 0.427192
9.76 0.34263
9.84 0.251369
9.92 0.15474
10 0.0542318
10.08 -0.0485382
10.16 -0.151847
10.24 -0.253899
10.32 -0.352856
10.4 -0.446875
10.48 -0.534147
10.56 -0.612931
10.64 -0.681596
10.72 -0.738658
10.8 -0.782815
10.88 -0.812981
10.96 -0.828315
11.04 -0.82825
11.12 -0.812511
11.2 -0.781131
11.28 -0.734458
11.36 -0.673162
11.44 -0.598226
11.52 -0.510936
11.6 -0.412863
11.68 -0.305833
11.76 -0.1919
11.84 -0.0733039
11.92 0.0475718
12 0.16825
12.08 0.286208
12.16 0.398939
12.24 0.504
12.32 0.59907
12.4 0.682008
12.48 0.750899
12.56 0.804105
12.64 0.840305
12.72 0.858535
12.8 0.858212
12.88 0.83916
12.96 0.801617
13.04 0.746239
13.12 0.674093
13.2 0.58664
13.28 0.485707
13.36 0.373452
13.44 0.252319
13.52 0.124986
