0 -0
0.08 -1.37641e-39
0.16 -1.44107e-33
0.24 -4.77921e-30
0.32 -1.50267e-27
0.4 -1.29675e-25
0.48 -4.95011e-24
0.56 -1.07289e-22
0.64 -1.54002e-21
0.72 -1.61065e-20
0.8 -1.3131e-19
0.88 -8.7465e-19
0.96 -4.9304e-18
1.04 -2.4153e-17
1.12 -1.04974e-16
1.2 -4.11461e-16
1.28 -1.47381e-15
1.36 -4.8765e-15
1.44 -1.50387e-14
1.52 -4.3551e-14
1.6 -1.19184e-13
1.68 -3.09896e-13
1.76 -7.69139e-13
1.84 -1.82949e-12
1.92 -4.18514e-12
2 -9.23594e-12
2.08 -1.97159e-11
2.16 -4.08094e-11
2.24 -8.20804e-11
2.32 -1.60725e-10
2.4 -3.06932e-10
2.48 -5.72515e-10
2.56 -1.04456e-09
2.64 -1.86653e-09
2.72 -3.27044e-09
2.8 -5.62489e-09
2.88 -9.50593e-09
2.96 -1.57997e-08
3.04 -2.58493e-08
3.12 -4.16627e-08
3.2 -6.62017e-08
3.28 -1.03782e-07
3.36 -1.60617e-07
3.44 -2.45558e-07
3.52 -3.71075e-07
3.6 -5.54567e-07
3.68 -8.20083e-07
3.76 -1.20056e-06
3.84 -1.74072e-06
3.92 -2.50081e-06
4 -3.56131e-06
4.08 -5.02893e-06
4.16 -7.04413e-06
4.24 -9.79042e-06
4.32 -1.35059e-05
4.4 -1.84975e-05
4.48 -2.51578e-05
4.56 -3.39864e-05
4.64 -4.56142e-05
4.72 -6.08335e-05
4.8 -8.06324e-05
4.88 -0.000106236
4.96 -0.000139153
5.04 -0.000181232
5.12 -0.00023472
5.2 -0.000302339
5.28 -0.000387358
5.36 -0.000493684
5.44 -0.000625961
5.52 -0.00078967
5.6 -0.000991245
5.68 -0.0012382
5.76 -0.00153923
5.84 -0.00190439
5.92 -0.00234517
6 -0.00287467
6.08 -0.00350772
6.16 -0.004261
6.24 -0.00515313
6.32 -0.00620477
6.4 -0.00743874
6.48 -0.00887997
6.56 -0.0105556
6.64 -0.0124947
6.72 -0.0147288
6.8 -0.0172907
6.88 -0.0202154
6.96 -0.023539
7.04 -0.0272985
7.12 -0.0315317
7.2 -0.0362762
7.28 -0.0415688
7.36 -0.0474452
7.44 -0.0539385
7.52 -0.0610787
7.6 -0.0688913
7.68 -0.0773966
7.76 -0.0866082
7.84 -0.0965315
7.92 -0.107163
8 -0.118488
8.08 -0.13048
8.16 -0.143099
8.24 -0.15629
8.32 -0.169984
8.4 -0.184093
8.48 -0.19851
8.56 -0.213113
8.64 -0.227757
8.72 -0.24228
8.8 -0.256501
8.88 -0.270219
8.96 -0.283215
9.04 -0.295256
9.12 -0.306092
9.2 -0.315462
9.28 -0.323094
9.36 -0.328712
9.44 -0.332036
9.52 -0.332789
9.6 -0.330699
9.68 -0.325507
9.76 -0.316971
9.84 -0.30487
9.92 -0.289014
10 -0.269246
10.08 -0.245451
10.16 -0.217558
10.24 -0.185549
10.32 -0.149464
10.4 -0.109403
10.48 -0.0655323
10.56 -0.0180864
10.64 0.0326295
10.72 0.0862381
10.8 0.142291
10.88 0.200269
10.96 0.259587
11.04 0.319594
11.12 0.379585
11.2 0.438802
11.28 0.496448
11.36 0.551693
11.44 0.603689
11.52 0.65158
11.6 0.694515
11.68 0.731667
11.76 0.762244
11.84 0.785507
11.92 0.800784
12 0.807487
12.08 0.805126
12.16 0.793326
12.24 0.771835
12.32 0.74054
12.4 0.699476
12.48 0.648832
12.56 0.588956
12.64 0.52036
12.72 0.44372
12.8 0.359868
12.88 0.269789
12.96 0.174612
13.04 0.0755961
13.12 -0.0258883
13.2 -0.128374
13.28 -0.230322
13.36 -0.330144
13.44 -0.426228
13.52 -0.516972
