0 -0
0.08 -1.06286e-36
0.16 -5.56637e-31
0.24 -1.23148e-27
0.32 -2.90445e-25
0.4 -2.00753e-23
0.48 -6.38523e-22
0.56 -1.18776e-20
0.64 -1.49229e-19
0.72 -1.38871e-18
0.8 -1.01979e-17
0.88 -6.18164e-17
0.96 -3.19784e-16
1.04 -1.44792e-15
1.12 -5.85203e-15
1.2 -2.1444e-14
1.28 -7.2144e-14
1.36 -2.25141e-13
1.44 -6.57304e-13
1.52 -1.80816e-12
1.6 -4.71508e-12
1.68 -1.17156e-11
1.76 -2.78604e-11
1.84 -6.36553e-11
1.92 -1.40205e-10
2 -2.98576e-10
2.08 -6.16366e-10
2.16 -1.23628e-09
2.24 -2.41428e-09
2.32 -4.59878e-09
2.4 -8.55856e-09
2.48 -1.5585e-08
2.56 -2.78061e-08
2.64 -4.86663e-08
2.72 -8.36463e-08
2.8 -1.41327e-07
2.88 -2.34941e-07
2.96 -3.84595e-07
3.04 -6.20418e-07
3.12 -9.86958e-07
3.2 -1.54924e-06
3.28 -2.40101e-06
3.36 -3.67583e-06
3.44 -5.5618e-06
3.52 -8.32095e-06
3.6 -1.23144e-05
3.68 -1.80347e-05
3.76 -2.61473e-05
3.84 -3.75424e-05
3.92 -5.34002e-05
4 -7.52715e-05
4.08 -0.000105177
4.16 -0.000145729
4.24 -0.000200274
4.32 -0.000273073
4.4 -0.000369506
4.48 -0.000496316
4.56 -0.000661899
4.64 -0.000876639
4.72 -0.00115328
4.8 -0.00150739
4.88 -0.0019578
4.96 -0.0025272
5.04 -0.00324274
5.12 -0.00413667
5.2 -0.00524708
5.28 -0.00661864
5.36 -0.00830344
5.44 -0.0103618
5.52 -0.0128632
5.6 -0.015887
5.68 -0.0195232
5.76 -0.0238737
5.84 -0.0290523
5.92 -0.0351859
6 -0.0424143
6.08 -0.0508913
6.16 -0.0607837
6.24 -0.0722718
6.32 -0.0855484
6.4 -0.100818
6.48 -0.118294
6.56 -0.138201
6.64 -0.160765
6.72 -0.186218
6.8 -0.21479
6.88 -0.246705
6.96 -0.282176
7.04 -0.321402
7.12 -0.364559
7.2 -0.411793
7.28 -0.463215
7.36 -0.518891
7.44 -0.578834
7.52 -0.642998
7.6 -0.711265
7.68 -0.783439
7.76 -0.85924
7.84 -0.938291
7.92 -1.02012
8 -1.10413
8.08 -1.18962
8.16 -1.2758
8.24 -1.36171
8.32 -1.44631
8.4 -1.52843
8.48 -1.60679
8.56 -1.68001
8.64 -1.74661
8.72 -1.80503
8.8 -1.85367
8.88 -1.89084
8.96 -1.91487
9.04 -1.92408
9.12 -1.91681
9.2 -1.8915
9.28 -1.84664
9.36 -1.78088
9.44 -1.69304
9.52 -1.58213
9.6 -1.44741
9.68 -1.28843
9.76 -1.10501
9.84 -0.897366
9.92 -0.666045
10 -0.412009
10.08 -0.136631
10.16 0.158287
10.24 0.47051
10.32 0.797365
10.4 1.13576
10.48 1.48218
10.56 1.83275
10.64 2.18323
10.72 2.52909
10.8 2.86555
10.88 3.18764
10.96 3.49028
11.04 3.76836
11.12 4.01682
11.2 4.23072
11.28 4.40536
11.36 4.53639
11.44 4.61985
11.52 4.65231
11.6 4.63097
11.68 4.55369
11.76 4.41912
11.84 4.22676
11.92 3.97699
12 3.67114
12.08 3.31149
12.16 2.90133
12.24 2.44491
12.32 1.9474
12.4 1.4149
12.48 0.854341
12.56 0.273403
12.64 -0.319588
12.72 -0.915777
12.8 -1.50592
12.88 -2.08052
12.96 -2.63003
13.04 -3.14498
13.12 -3.61616
13.2 -4.03486
13.28 -4.39296
13.36 -4.68318
13.44 -4.8992
13.52 -5.03584
