0 -0
0.08 -4.63067e-42
0.16 -9.69704e-36
0.24 -4.82443e-32
0.32 -2.02289e-29
0.4 -2.18224e-27
0.48 -1.0001e-25
0.56 -2.52887e-24
0.64 -4.15079e-23
0.72 -4.88487e-22
0.8 -4.427e-21
0.88 -3.24506e-20
0.96 -1.99652e-19
1.04 -1.06013e-18
1.12 -4.96483e-18
1.2 -2.08633e-17
1.28 -7.97651e-17
1.36 -2.80619e-16
1.44 -9.17007e-16
1.52 -2.80537e-15
1.6 -8.08828e-15
1.68 -2.2102e-14
1.76 -5.75221e-14
1.84 -1.43184e-13
1.92 -3.42147e-13
2 -7.87383e-13
2.08 -1.75005e-12
2.16 -3.7662e-12
2.24 -7.86534e-12
2.32 -1.59722e-11
2.4 -3.15962e-11
2.48 -6.09861e-11
2.56 -1.15027e-10
2.64 -2.12287e-10
2.72 -3.83834e-10
2.8 -6.80691e-10
2.88 -1.18522e-09
2.96 -2.0282e-09
3.04 -3.4141e-09
3.12 -5.65802e-09
3.2 -9.23881e-09
3.28 -1.48748e-08
3.36 -2.36305e-08
3.44 -3.70648e-08
3.52 -5.74363e-08
3.6 -8.79822e-08
3.68 -1.33298e-07
3.76 -1.99844e-07
3.84 -2.96624e-07
3.92 -4.36072e-07
4 -6.35225e-07
4.08 -9.17237e-07
4.16 -1.31333e-06
4.24 -1.8653e-06
4.32 -2.62868e-06
4.4 -3.67674e-06
4.48 -5.10549e-06
4.56 -7.03987e-06
4.64 -9.64144e-06
4.72 -1.31177e-05
4.8 -1.77335e-05
4.88 -2.38248e-05
4.96 -3.18148e-05
5.04 -4.22338e-05
5.12 -5.57419e-05
5.2 -7.31561e-05
5.28 -9.54813e-05
5.36 -0.000123947
5.44 -0.000160046
5.52 -0.000205586
5.6 -0.000262738
5.68 -0.000334095
5.76 -0.000422739
5.84 -0.000532313
5.92 -0.000667095
6 -0.000832082
6.08 -0.00103308
6.16 -0.00127679
6.24 -0.00157092
6.32 -0.00192425
6.4 -0.00234677
6.48 -0.00284973
6.56 -0.00344576
6.64 -0.00414894
6.72 -0.00497486
6.8 -0.00594067
6.88 -0.00706514
6.96 -0.00836861
7.04 -0.00987303
7.12 -0.0116018
7.2 -0.0135799
7.28 -0.0158333
7.36 -0.0183892
7.44 -0.0212757
7.52 -0.0245211
7.6 -0.0281539
7.68 -0.0322025
7.76 -0.0366939
7.84 -0.0416539
7.92 -0.0471061
8 -0.053071
8.08 -0.0595654
8.16 -0.0666016
8.24 -0.0741862
8.32 -0.0823191
8.4 -0.0909929
8.48 -0.100191
8.56 -0.109889
8.64 -0.12005
8.72 -0.130625
8.8 -0.141555
8.88 -0.152767
8.96 -0.164174
9.04 -0.175673
9.12 -0.18715
9.2 -0.198474
9.28 -0.209501
9.36 -0.220071
9.44 -0.230013
9.52 -0.239144
9.6 -0.247269
9.68 -0.254186
9.76 -0.259685
9.84 -0.263553
9.92 -0.265576
10 -0.265541
10.08 -0.263244
10.16 -0.258487
10.24 -0.251087
10.32 -0.24088
10.4 -0.227724
10.48 -0.211504
10.56 -0.192136
10.64 -0.169572
10.72 -0.143804
10.8 -0.114868
10.88 -0.082847
10.96 -0.0478734
11.04 -0.0101326
11.12 0.0301362
11.2 0.0726389
11.28 0.117027
11.36 0.162899
11.44 0.209801
11.52 0.257232
11.6 0.304646
11.68 0.351459
11.76 0.397055
11.84 0.440795
11.92 0.482023
12 0.520076
12.08 0.554297
12.16 0.584043
12.24 0.608697
12.32 0.627682
12.4 0.640472
12.48 0.6466
12.56 0.645676
12.64 0.637395
12.72 0.621544
12.8 0.598017
12.88 0.566818
12.96 0.528069
13.04 0.482016
13.12 0.429029
13.2 0.369601
13.28 0.304352
13.36 0.234018
13.44 0.159448
13.52 0.0815944
