0 -0
0.08 -11.3197
0.16 -22.1776
0.24 -32.1406
0.32 -40.7904
0.4 -47.7625
0.48 -52.7529
0.56 -55.5295
0.64 -55.9413
0.72 -53.924
0.8 -49.5026
0.88 -42.7915
0.96 -33.9906
1.04 -23.3793
1.12 -11.3064
1.2 1.82099
1.28 15.5519
1.36 29.4068
1.44 42.8946
1.52 55.5294
1.6 66.8483
1.68 76.427
1.76 83.8959
1.84 88.9529
1.92 91.375
2 91.0263
2.08 87.8643
2.16 81.9417
2.24 73.4057
2.32 62.4941
2.4 49.5276
2.48 34.9
2.56 19.0655
2.64 2.52378
2.72 -14.1966
2.8 -30.5554
2.88 -46.0192
2.96 -60.0791
3.04 -72.2686
3.12 -82.1791
3.2 -89.4747
3.28 -93.904
3.36 -95.3095
3.44 -93.6336
3.52 -88.9214
3.6 -81.3193
3.68 -71.0708
3.76 -58.5081
3.84 -44.0404
3.92 -28.1399
4 -11.3247
4.08 5.85908
4.16 22.8564
4.24 39.1225
4.32 54.1411
4.4 67.441
4.48 78.6111
4.56 87.3122
4.64 93.2869
4.72 96.3661
4.8 96.473
4.88 93.6228
4.96 87.9211
5.04 79.5583
5.12 68.8027
5.2 55.9911
5.28 41.5178
5.36 25.8228
5.44 9.3778
5.52 -7.32682
5.6 -23.7966
5.68 -39.5471
5.76 -54.117
5.84 -67.0819
5.92 -78.0653
6 -86.7496
6.08 -92.8844
6.16 -96.294
6.24 -96.8818
6.32 -94.633
6.4 -89.6151
6.48 -81.9759
6.56 -71.9388
6.64 -59.797
6.72 -45.9047
6.8 -30.6671
6.88 -14.5285
6.96 2.04012
7.04 18.5552
7.12 34.5342
7.2 49.5099
7.28 63.0439
7.36 74.7395
7.44 84.253
7.52 91.3045
7.6 95.6856
7.68 97.2658
7.76 95.9966
7.84 91.9127
7.92 85.1315
8 75.8498
8.08 64.3379
8.16 50.9319
8.24 36.0241
8.32 20.0512
8.4 3.48216
8.48 -13.1963
8.56 -29.4936
8.64 -44.9295
8.72 -59.0488
8.8 -71.4346
8.88 -81.7204
8.96 -89.6013
9.04 -94.8432
9.12 -97.2892
9.2 -96.8653
9.28 -93.5817
9.36 -87.5335
9.44 -78.8973
9.52 -67.9266
9.6 -54.9442
9.68 -40.3327
9.76 -24.5234
9.84 -7.9832
9.92 8.79852
10 25.325
10.08 41.1065
10.16 55.675
10.24 68.5978
10.32 79.4909
10.4 88.03
10.48 93.9605
10.56 97.1049
10.64 97.3682
10.72 94.7412
10.8 89.3003
10.88 81.2057
10.96 70.6964
11.04 58.0835
11.12 43.7411
11.2 28.0947
11.28 11.609
11.36 -5.22597
11.44 -21.9094
11.52 -37.9446
11.6 -52.854
11.68 -66.1931
11.76 -77.564
11.84 -86.627
11.92 -93.1112
12 -96.8221
12.08 -97.648
12.16 -95.5632
12.24 -90.6285
12.32 -82.99
12.4 -72.8745
12.48 -60.583
12.56 -46.4812
12.64 -30.9896
12.72 -14.57
12.8 2.28758
12.88 19.0799
12.96 35.3053
13.04 50.4789
13.12 64.147
13.2 75.9004
13.28 85.3873
13.36 92.3233
13.44 96.5002
13.52 97.7921
