0 0
0.08 1.67109e-19
0.16 3.41531e-16
0.24 2.94316e-14
0.32 6.93265e-13
0.4 8.01572e-12
0.48 5.90638e-11
0.56 3.18739e-10
0.64 1.36891e-09
0.72 4.93633e-09
0.8 1.5503e-08
0.88 4.35251e-08
0.96 1.11364e-07
1.04 2.63505e-07
1.12 5.83187e-07
1.2 1.2182e-06
1.28 2.41925e-06
1.36 4.59489e-06
1.44 8.38767e-06
1.52 1.47765e-05
1.6 2.52107e-05
1.68 4.17805e-05
1.76 6.74298e-05
1.84 0.000106215
1.92 0.000163613
2 0.000246878
2.08 0.000365456
2.16 0.000531434
2.24 0.000760042
2.32 0.00107018
2.4 0.00148495
2.48 0.00203221
2.56 0.00274509
2.64 0.00366239
2.72 0.00482901
2.8 0.00629608
2.88 0.00812104
2.96 0.0103674
3.04 0.0131042
3.12 0.0164054
3.2 0.0203482
3.28 0.0250121
3.36 0.0304764
3.44 0.036818
3.52 0.0441088
3.6 0.0524126
3.68 0.0617821
3.76 0.0722551
3.84 0.0838521
3.92 0.096572
4 0.11039
4.08 0.125255
4.16 0.141085
4.24 0.157769
4.32 0.175161
4.4 0.193082
4.48 0.211317
4.56 0.229619
4.64 0.247707
4.72 0.265268
4.8 0.281961
4.88 0.297414
4.96 0.311232
5.04 0.323004
5.12 0.332303
5.2 0.338696
5.28 0.341752
5.36 0.341053
5.44 0.3362
5.52 0.326826
5.6 0.312608
5.68 0.293277
5.76 0.268632
5.84 0.238548
5.92 0.202989
6 0.162018
6.08 0.115804
6.16 0.0646301
6.24 0.00889588
6.32 -0.050878
6.4 -0.114051
6.48 -0.179867
6.56 -0.247458
6.64 -0.315858
6.72 -0.384008
6.8 -0.450779
6.88 -0.514987
6.96 -0.575414
7.04 -0.630831
7.12 -0.680023
7.2 -0.721819
7.28 -0.755115
7.36 -0.778903
7.44 -0.792302
7.52 -0.794579
7.6 -0.785177
7.68 -0.763737
7.76 -0.730114
7.84 -0.684395
7.92 -0.626908
8 -0.558228
8.08 -0.479178
8.16 -0.390822
8.24 -0.294454
8.32 -0.191585
8.4 -0.0839123
8.48 0.0267004
8.56 0.138262
8.64 0.248688
8.72 0.355846
8.8 0.457596
8.88 0.551841
8.96 0.63657
9.04 0.709911
9.12 0.770173
9.2 0.81589
9.28 0.845862
9.36 0.859193
9.44 0.855315
9.52 0.834017
9.6 0.795454
9.68 0.740162
9.76 0.66905
9.84 0.583394
9.92 0.484815
10 0.375253
10.08 0.256933
10.16 0.132313
10.24 0.00404515
10.32 -0.125093
10.4 -0.252251
10.48 -0.374576
10.56 -0.489276
10.64 -0.593686
10.72 -0.685336
10.8 -0.762011
10.88 -0.82181
10.96 -0.863194
11.04 -0.885034
11.12 -0.88664
11.2 -0.867789
11.28 -0.828739
11.36 -0.770228
11.44 -0.693465
11.52 -0.600111
11.6 -0.492243
11.68 -0.372311
11.76 -0.243082
11.84 -0.10758
11.92 0.0309842
12 0.169294
12.08 0.304002
12.16 0.431815
12.24 0.549577
12.32 0.654347
12.4 0.743476
12.48 0.814678
12.56 0.866088
12.64 0.89632
12.72 0.9045
12.8 0.890298
12.88 0.853944
12.96 0.796223
13.04 0.718466
13.12 0.622519
13.2 0.510702
13.28 0.385756
13.36 0.250774
13.44 0.109128
13.52 -0.0356168
