0 0
0.08 5.24778e-35
0.16 1.37408e-29
0.24 2.02636e-26
0.32 3.58376e-24
0.4 1.9812e-22
0.48 5.24964e-21
0.56 8.36762e-20
0.64 9.19509e-19
0.72 7.60281e-18
0.8 5.02227e-17
0.88 2.76609e-16
0.96 1.3109e-15
1.04 5.47539e-15
1.12 2.05345e-14
1.2 7.01765e-14
1.28 2.21159e-13
1.36 6.49013e-13
1.44 1.7879e-12
1.52 4.65487e-12
1.6 1.15196e-11
1.68 2.72301e-11
1.76 6.17409e-11
1.84 1.3477e-10
1.92 2.84115e-10
2 5.80077e-10
2.08 1.14985e-09
2.16 2.21773e-09
2.24 4.17001e-09
2.32 7.65738e-09
2.4 1.37536e-08
2.48 2.41968e-08
2.56 4.17497e-08
2.64 7.07295e-08
2.72 1.17774e-07
2.8 1.92934e-07
2.88 3.11206e-07
2.96 4.94659e-07
3.04 7.75334e-07
3.12 1.19916e-06
3.2 1.83117e-06
3.28 2.76233e-06
3.36 4.11849e-06
3.44 6.07176e-06
3.52 8.85509e-06
3.6 1.27805e-05
3.68 1.82617e-05
3.76 2.58422e-05
3.84 3.62293e-05
3.92 5.03353e-05
4 6.93268e-05
4.08 9.46835e-05
4.16 0.000128267
4.24 0.000172401
4.32 0.000229965
4.4 0.0003045
4.48 0.000400329
4.56 0.000522696
4.64 0.000677916
4.72 0.00087354
4.8 0.00111854
4.88 0.00142351
4.96 0.00180084
5.04 0.00226498
5.12 0.00283262
5.2 0.00352292
5.28 0.00435773
5.36 0.00536178
5.44 0.00656287
5.52 0.00799201
5.6 0.00968353
5.68 0.0116752
5.76 0.014008
5.84 0.0167264
5.92 0.0198779
6 0.0235129
6.08 0.0276841
6.16 0.0324464
6.24 0.0378558
6.32 0.0439688
6.4 0.0508414
6.48 0.058528
6.56 0.0670801
6.64 0.0765446
6.72 0.0869627
6.8 0.0983675
6.88 0.110783
6.96 0.12422
7.04 0.138677
7.12 0.154136
7.2 0.170561
7.28 0.187895
7.36 0.20606
7.44 0.224953
7.52 0.244445
7.6 0.26438
7.68 0.284573
7.76 0.304812
7.84 0.324854
7.92 0.344427
8 0.363232
8.08 0.380945
8.16 0.397215
8.24 0.411674
8.32 0.423934
8.4 0.433597
8.48 0.440256
8.56 0.443506
8.64 0.442948
8.72 0.438194
8.8 0.428881
8.88 0.414676
8.96 0.395284
9.04 0.370461
9.12 0.340017
9.2 0.303831
9.28 0.261857
9.36 0.214129
9.44 0.160774
9.52 0.102014
9.6 0.0381693
9.68 -0.0303332
9.76 -0.102962
9.84 -0.179081
9.92 -0.257949
10 -0.338729
10.08 -0.420489
10.16 -0.502215
10.24 -0.58282
10.32 -0.66116
10.4 -0.736047
10.48 -0.806265
10.56 -0.870594
10.64 -0.927827
10.72 -0.976795
10.8 -1.01639
10.88 -1.04557
10.96 -1.06343
11.04 -1.06917
11.12 -1.06214
11.2 -1.04187
11.28 -1.00809
11.36 -0.960709
11.44 -0.899875
11.52 -0.825955
11.6 -0.739553
11.68 -0.641507
11.76 -0.532885
11.84 -0.414983
11.92 -0.289306
12 -0.157555
12.08 -0.0216014
12.16 0.116535
12.24 0.254719
12.32 0.390736
12.4 0.522327
12.48 0.647232
12.56 0.763226
12.64 0.868172
12.72 0.960055
12.8 1.03703
12.88 1.09747
12.96 1.13999
13.04 1.16349
13.12 1.16718
13.2 1.15065
13.28 1.1138
13.36 1.05694
13.44 0.980753
13.52 0.886309
