0 -0
0.08 -2.35482e-23
0.16 -1.92477e-19
0.24 -3.73175e-17
0.32 -1.56317e-15
0.4 -2.82464e-14
0.48 -2.99883e-13
0.56 -2.20407e-12
0.64 -1.23734e-11
0.72 -5.65215e-11
0.8 -2.19371e-10
0.88 -7.46053e-10
0.96 -2.27441e-09
1.04 -6.32379e-09
1.12 -1.62528e-08
1.2 -3.90244e-08
1.28 -8.82928e-08
1.36 -1.89555e-07
1.44 -3.88406e-07
1.52 -7.63272e-07
1.6 -1.44443e-06
1.68 -2.64151e-06
1.76 -4.68218e-06
1.84 -8.06513e-06
1.92 -1.35307e-05
2 -2.2153e-05
2.08 -3.54571e-05
2.16 -5.55648e-05
2.24 -8.5372e-05
2.32 -0.00012876
2.4 -0.000190841
2.48 -0.000278239
2.56 -0.000399401
2.64 -0.000564934
2.72 -0.000787973
2.8 -0.00108454
2.88 -0.00147396
2.96 -0.00197916
3.04 -0.00262711
3.12 -0.00344908
3.2 -0.00448097
3.28 -0.00576352
3.36 -0.0073425
3.44 -0.0092688
3.52 -0.0115985
3.6 -0.0143927
3.68 -0.0177176
3.76 -0.0216438
3.84 -0.0262462
3.92 -0.0316035
4 -0.037797
4.08 -0.0449098
4.16 -0.0530257
4.24 -0.0622275
4.32 -0.072595
4.4 -0.084203
4.48 -0.0971187
4.56 -0.111399
4.64 -0.127089
4.72 -0.144214
4.8 -0.162782
4.88 -0.182776
4.96 -0.204148
5.04 -0.226819
5.12 -0.250673
5.2 -0.275554
5.28 -0.301261
5.36 -0.327549
5.44 -0.354122
5.52 -0.380637
5.6 -0.406698
5.68 -0.431866
5.76 -0.455652
5.84 -0.477528
5.92 -0.496927
6 -0.513255
6.08 -0.525899
6.16 -0.534232
6.24 -0.537631
6.32 -0.535486
6.4 -0.527216
6.48 -0.512284
6.56 -0.490212
6.64 -0.460595
6.72 -0.423123
6.8 -0.377589
6.88 -0.323913
6.96 -0.262146
7.04 -0.192488
7.12 -0.115297
7.2 -0.0310959
7.28 0.0594243
7.36 0.155402
7.44 0.255809
7.52 0.359454
7.6 0.464998
7.68 0.570964
7.76 0.675759
7.84 0.777695
7.92 0.875017
8 0.965931
8.08 1.04864
8.16 1.12137
8.24 1.18244
8.32 1.23023
8.4 1.26332
8.48 1.28042
8.56 1.28051
8.64 1.26277
8.72 1.22672
8.8 1.17215
8.88 1.0992
8.96 1.00836
9.04 0.900466
9.12 0.776717
9.2 0.638664
9.28 0.488195
9.36 0.327514
9.44 0.159107
9.52 -0.0142928
9.6 -0.18975
9.68 -0.36418
9.76 -0.534408
9.84 -0.697227
9.92 -0.849469
10 -0.988068
10.08 -1.11013
10.16 -1.213
10.24 -1.29432
10.32 -1.35211
10.4 -1.3848
10.48 -1.39129
10.56 -1.37099
10.64 -1.32382
10.72 -1.25028
10.8 -1.15142
10.88 -1.02883
10.96 -0.884658
11.04 -0.721528
11.12 -0.542536
11.2 -0.351175
11.28 -0.151276
11.36 0.0530731
11.44 0.25761
11.52 0.457986
11.6 0.649868
11.68 0.829028
11.76 0.991446
11.84 1.1334
11.92 1.25158
12 1.34312
12.08 1.40573
12.16 1.43772
12.24 1.43808
12.32 1.4065
12.4 1.34337
12.48 1.24984
12.56 1.12774
12.64 0.979593
12.72 0.808565
12.8 0.618379
12.88 0.413257
12.96 0.197815
13.04 -0.0230316
13.12 -0.244184
13.2 -0.46048
13.28 -0.666814
13.36 -0.85826
13.44 -1.0302
13.52 -1.17842
