0 0
0.08 2.57453e-32
0.16 3.37041e-27
0.24 3.31372e-24
0.32 4.39438e-22
0.4 1.94383e-20
0.48 4.29085e-19
0.56 5.86265e-18
0.64 5.6361e-17
0.72 4.14192e-16
0.8 2.46209e-15
0.88 1.23256e-14
0.96 5.3536e-14
1.04 2.06367e-13
1.12 7.18499e-13
1.2 2.29118e-12
1.28 6.76739e-12
1.36 1.86855e-11
1.44 4.85982e-11
1.52 1.19822e-10
1.6 2.81583e-10
1.68 6.33621e-10
1.76 1.37066e-09
1.84 2.86026e-09
1.92 5.77509e-09
2 1.13119e-08
2.08 2.15451e-08
2.16 3.99847e-08
2.24 7.24387e-08
2.32 1.2832e-07
2.4 2.22588e-07
2.48 3.78596e-07
2.56 6.32174e-07
2.64 1.03742e-06
2.72 1.67479e-06
2.8 2.66221e-06
2.88 4.17015e-06
2.96 6.44191e-06
3.04 9.82029e-06
3.12 1.47826e-05
3.2 2.19856e-05
3.28 3.23232e-05
3.36 4.69989e-05
3.44 6.76159e-05
3.52 9.6289e-05
3.6 0.00013578
3.68 0.000189662
3.76 0.000262516
3.84 0.000360161
3.92 0.00048993
4 0.000660981
4.08 0.000884666
4.16 0.00117494
4.24 0.00154884
4.32 0.002027
4.4 0.00263422
4.48 0.00340015
4.56 0.00435993
4.64 0.00555496
4.72 0.0070337
4.8 0.0088525
4.88 0.0110764
4.96 0.0137801
5.04 0.0170486
5.12 0.0209782
5.2 0.0256773
5.28 0.0312668
5.36 0.0378807
5.44 0.0456666
5.52 0.0547859
5.6 0.0654132
5.68 0.0777365
5.76 0.0919562
5.84 0.108284
5.92 0.126941
6 0.148157
6.08 0.172166
6.16 0.199203
6.24 0.229506
6.32 0.263302
6.4 0.300811
6.48 0.342236
6.56 0.387762
6.64 0.437541
6.72 0.491697
6.8 0.550309
6.88 0.61341
6.96 0.680978
7.04 0.752928
7.12 0.829108
7.2 0.90929
7.28 0.993162
7.36 1.08033
7.44 1.17031
7.52 1.26251
7.6 1.35628
7.68 1.45082
7.76 1.54528
7.84 1.63871
7.92 1.73007
8 1.81823
8.08 1.90203
8.16 1.98022
8.24 2.05152
8.32 2.11463
8.4 2.16824
8.48 2.21107
8.56 2.24185
8.64 2.25939
8.72 2.26257
8.8 2.25041
8.88 2.22201
8.96 2.17669
9.04 2.11392
9.12 2.03336
9.2 1.93493
9.28 1.81879
9.36 1.68533
9.44 1.53524
9.52 1.36947
9.6 1.18926
9.68 0.996124
9.76 0.791848
9.84 0.578472
9.92 0.358275
10 0.133753
10.08 -0.0924161
10.16 -0.317403
10.24 -0.53827
10.32 -0.752012
10.4 -0.955607
10.48 -1.14607
10.56 -1.32049
10.64 -1.4761
10.72 -1.61035
10.8 -1.72091
10.88 -1.80575
10.96 -1.86322
11.04 -1.89203
11.12 -1.89133
11.2 -1.86073
11.28 -1.80035
11.36 -1.71078
11.44 -1.59313
11.52 -1.44905
11.6 -1.28063
11.68 -1.09048
11.76 -0.881617
11.84 -0.65748
11.92 -0.421837
12 -0.178742
12.08 0.0675364
12.16 0.312592
12.24 0.55196
12.32 0.781203
12.4 0.995999
12.48 1.19223
12.56 1.36605
12.64 1.514
12.72 1.63307
12.8 1.72076
12.88 1.77513
12.96 1.79491
13.04 1.77946
13.12 1.72886
13.2 1.64388
13.28 1.52602
13.36 1.37743
13.44 1.20095
13.52 1
