0 -0
0.08 -1.33672e-29
0.16 -8.74439e-25
0.24 -5.72779e-22
0.32 -5.69128e-20
0.4 -2.01232e-18
0.48 -3.69723e-17
0.56 -4.32463e-16
0.64 -3.6326e-15
0.72 -2.36917e-14
0.8 -1.26523e-13
0.88 -5.74673e-13
0.96 -2.28307e-12
1.04 -8.10402e-12
1.12 -2.61303e-11
1.2 -7.7543e-11
1.28 -2.14032e-10
1.36 -5.54245e-10
1.44 -1.35618e-09
1.52 -3.15443e-09
1.6 -7.00993e-09
1.68 -1.49474e-08
1.76 -3.06966e-08
1.84 -6.09086e-08
1.92 -1.17097e-07
2 -2.18656e-07
2.08 -3.97427e-07
2.16 -7.04479e-07
2.24 -1.21992e-06
2.32 -2.06687e-06
2.4 -3.43085e-06
2.48 -5.58646e-06
2.56 -8.93311e-06
2.64 -1.40424e-05
2.72 -2.17198e-05
2.8 -3.30839e-05
2.88 -4.96667e-05
2.96 -7.3539e-05
3.04 -0.000107465
3.12 -0.000155091
3.2 -0.000221175
3.28 -0.000311854
3.36 -0.000434974
3.44 -0.00060046
3.52 -0.00082076
3.6 -0.00111135
3.68 -0.00149132
3.76 -0.00198401
3.84 -0.0026178
3.92 -0.00342688
4 -0.00445219
4.08 -0.00574247
4.16 -0.00735527
4.24 -0.00935818
4.32 -0.0118301
4.4 -0.0148624
4.48 -0.0185604
4.56 -0.0230448
4.64 -0.0284527
4.72 -0.0349391
4.8 -0.0426782
4.88 -0.0518639
4.96 -0.0627114
5.04 -0.0754569
5.12 -0.0903582
5.2 -0.107694
5.28 -0.127764
5.36 -0.150887
5.44 -0.177397
5.52 -0.207644
5.6 -0.241988
5.68 -0.280796
5.76 -0.324433
5.84 -0.373263
5.92 -0.427633
6 -0.487872
6.08 -0.554278
6.16 -0.627112
6.24 -0.706583
6.32 -0.79284
6.4 -0.885962
6.48 -0.985943
6.56 -1.09268
6.64 -1.20597
6.72 -1.32549
6.8 -1.45079
6.88 -1.58128
6.96 -1.71623
7.04 -1.85478
7.12 -1.9959
7.2 -2.13841
7.28 -2.28099
7.36 -2.42217
7.44 -2.56034
7.52 -2.69379
7.6 -2.82068
7.68 -2.93908
7.76 -3.04702
7.84 -3.14246
7.92 -3.22338
8 -3.28777
8.08 -3.33367
8.16 -3.35923
8.24 -3.36274
8.32 -3.34265
8.4 -3.29762
8.48 -3.2266
8.56 -3.12879
8.64 -3.00375
8.72 -2.85138
8.8 -2.67198
8.88 -2.46626
8.96 -2.23534
9.04 -1.9808
9.12 -1.70464
9.2 -1.40932
9.28 -1.0977
9.36 -0.773027
9.44 -0.438934
9.52 -0.0993644
9.6 0.241461
9.68 0.579108
9.76 0.908992
9.84 1.22645
9.92 1.52682
10 1.80553
10.08 2.05816
10.16 2.28055
10.24 2.46889
10.32 2.61977
10.4 2.7303
10.48 2.79816
10.56 2.82167
10.64 2.79985
10.72 2.73245
10.8 2.62001
10.88 2.46384
10.96 2.26608
11.04 2.02961
11.12 1.7581
11.2 1.45591
11.28 1.12804
11.36 0.780079
11.44 0.418095
11.52 0.0485283
11.6 -0.321918
11.68 -0.686401
11.76 -1.03807
11.84 -1.3702
11.92 -1.67633
12 -1.95041
12.08 -2.1869
12.16 -2.38093
12.24 -2.5284
12.32 -2.62607
12.4 -2.67166
12.48 -2.66391
12.56 -2.60261
12.64 -2.48868
12.72 -2.32409
12.8 -2.11191
12.88 -1.85623
12.96 -1.56209
13.04 -1.2354
13.12 -0.882827
13.2 -0.511662
13.28 -0.129667
13.36 0.255081
13.44 0.634364
13.52 1
