0 -0
0.08 -2.58445e-14
0.16 -1.31933e-11
0.24 -5.0481e-10
0.32 -6.67877e-09
0.4 -4.93433e-08
0.48 -2.51994e-07
0.56 -9.96864e-07
0.64 -3.26945e-06
0.72 -9.2884e-06
0.8 -2.35519e-05
0.88 -5.44499e-05
0.96 -0.000116597
1.04 -0.000234042
1.12 -0.000444471
1.2 -0.000804506
1.28 -0.00139612
1.36 -0.00233412
1.44 -0.00377458
1.52 -0.00592389
1.6 -0.00904825
1.68 -0.0134828
1.76 -0.0196404
1.84 -0.0280181
1.92 -0.0392027
2 -0.0538721
2.08 -0.0727932
2.16 -0.0968156
2.24 -0.126859
2.32 -0.163897
2.4 -0.208931
2.48 -0.262962
2.56 -0.326954
2.64 -0.401795
2.72 -0.488252
2.8 -0.586923
2.88 -0.698191
2.96 -0.822176
3.04 -0.958696
3.12 -1.10723
3.2 -1.26688
3.28 -1.43637
3.36 -1.61403
3.44 -1.7978
3.52 -1.98524
3.6 -2.17358
3.68 -2.35976
3.76 -2.54047
3.84 -2.71223
3.92 -2.87146
4 -3.01454
4.08 -3.1379
4.16 -3.23813
4.24 -3.31201
4.32 -3.35661
4.4 -3.36937
4.48 -3.34816
4.56 -3.29134
4.64 -3.19781
4.72 -3.06707
4.8 -2.89926
4.88 -2.69513
4.96 -2.45613
5.04 -2.18437
5.12 -1.88262
5.2 -1.55428
5.28 -1.20338
5.36 -0.83451
5.44 -0.452758
5.52 -0.0636601
5.6 0.326891
5.68 0.71274
5.76 1.08757
5.84 1.44504
5.92 1.77885
6 2.08292
6.08 2.35153
6.16 2.57939
6.24 2.76181
6.32 2.89481
6.4 2.97524
6.48 3.00087
6.56 2.97047
6.64 2.88387
6.72 2.74203
6.8 2.54701
6.88 2.30203
6.96 2.01137
7.04 1.68038
7.12 1.31532
7.2 0.923343
7.28 0.51227
7.36 0.0904993
7.44 -0.33319
7.52 -0.74982
7.6 -1.15041
7.68 -1.52619
7.76 -1.86879
7.84 -2.17046
7.92 -2.42422
8 -2.6241
8.08 -2.76525
8.16 -2.84412
8.24 -2.8585
8.32 -2.80767
8.4 -2.69241
8.48 -2.515
8.56 -2.27921
8.64 -1.99023
8.72 -1.65455
8.8 -1.27986
8.88 -0.874833
8.96 -0.448979
9.04 -0.0123877
9.12 0.424495
9.2 0.851123
9.28 1.25711
9.36 1.63248
9.44 1.96794
9.52 2.2551
9.6 2.4867
9.68 2.65681
9.76 2.76099
9.84 2.7964
9.92 2.76194
10 2.65823
10.08 2.48765
10.16 2.25431
10.24 1.96391
10.32 1.62365
10.4 1.24206
10.48 0.828759
10.56 0.394242
10.64 -0.0503916
10.72 -0.493724
10.8 -0.924308
10.88 -1.33097
10.96 -1.70311
11.04 -2.03096
11.12 -2.30588
11.2 -2.52056
11.28 -2.66926
11.36 -2.74791
11.44 -2.75432
11.52 -2.68815
11.6 -2.55101
11.68 -2.34638
11.76 -2.07955
11.84 -1.7575
11.92 -1.38869
12 -0.982857
12.08 -0.550784
12.16 -0.10398
12.24 0.345607
12.32 0.785913
12.4 1.20508
12.48 1.5918
12.56 1.93557
12.64 2.22705
12.72 2.45827
12.8 2.62287
12.88 2.71629
12.96 2.73589
13.04 2.68103
13.12 2.5531
13.2 2.35551
13.28 2.09354
13.36 1.77429
13.44 1.40644
13.52 1
