0 -0
0.08 -1.58717e-38
0.16 -1.66175e-32
0.24 -5.51326e-29
0.32 -1.73239e-26
0.4 -1.49725e-24
0.48 -5.70818e-23
0.56 -1.23906e-21
0.64 -1.7778e-20
0.72 -1.86065e-19
0.8 -1.51736e-18
0.88 -1.01121e-17
0.96 -5.70307e-17
1.04 -2.79541e-16
1.12 -1.2157e-15
1.2 -4.76832e-15
1.28 -1.70922e-14
1.36 -5.65991e-14
1.44 -1.74697e-13
1.52 -5.06381e-13
1.6 -1.38718e-12
1.68 -3.61074e-12
1.76 -8.97189e-12
1.84 -2.1367e-11
1.92 -4.89435e-11
2 -1.08162e-10
2.08 -2.31237e-10
2.16 -4.79387e-10
2.24 -9.65808e-10
2.32 -1.89453e-09
2.4 -3.62463e-09
2.48 -6.77411e-09
2.56 -1.23844e-08
2.64 -2.21765e-08
2.72 -3.89411e-08
2.8 -6.71256e-08
2.88 -1.137e-07
2.96 -1.89419e-07
3.04 -3.1063e-07
3.12 -5.01838e-07
3.2 -7.99287e-07
3.28 -1.25592e-06
3.36 -1.94814e-06
3.44 -2.985e-06
3.52 -4.52046e-06
3.6 -6.76971e-06
3.68 -1.00306e-05
3.76 -1.47117e-05
3.84 -2.13686e-05
3.92 -3.07501e-05
4 -4.38582e-05
4.08 -6.20226e-05
4.16 -8.69956e-05
4.24 -0.000121069
4.32 -0.000167221
4.4 -0.000229294
4.48 -0.000312216
4.56 -0.00042226
4.64 -0.000567373
4.72 -0.00075755
4.8 -0.00100529
4.88 -0.00132614
4.96 -0.00173931
5.04 -0.0022684
5.12 -0.00294225
5.2 -0.00379589
5.28 -0.00487165
5.36 -0.00622035
5.44 -0.00790274
5.52 -0.00999094
5.6 -0.0125702
5.68 -0.0157406
5.76 -0.0196192
5.84 -0.0243419
5.92 -0.030066
6 -0.0369718
6.08 -0.045266
6.16 -0.0551831
6.24 -0.0669882
6.32 -0.0809793
6.4 -0.0974894
6.48 -0.116888
6.56 -0.139584
6.64 -0.166024
6.72 -0.196698
6.8 -0.232134
6.88 -0.2729
6.96 -0.319605
7.04 -0.372892
7.12 -0.433438
7.2 -0.501948
7.28 -0.579149
7.36 -0.665786
7.44 -0.762609
7.52 -0.870364
7.6 -0.989787
7.68 -1.12158
7.76 -1.26641
7.84 -1.42488
7.92 -1.59753
8 -1.78478
8.08 -1.98696
8.16 -2.20427
8.24 -2.43674
8.32 -2.68423
8.4 -2.94641
8.48 -3.22272
8.56 -3.51239
8.64 -3.81438
8.72 -4.12738
8.8 -4.4498
8.88 -4.77979
8.96 -5.11516
9.04 -5.45346
9.12 -5.79192
9.2 -6.1275
9.28 -6.45689
9.36 -6.77652
9.44 -7.0826
9.52 -7.37116
9.6 -7.63806
9.68 -7.87906
9.76 -8.08987
9.84 -8.2662
9.92 -8.40382
10 -8.49865
10.08 -8.5468
10.16 -8.54467
10.24 -8.48901
10.32 -8.377
10.4 -8.20634
10.48 -7.9753
10.56 -7.68281
10.64 -7.32851
10.72 -6.91282
10.8 -6.43698
10.88 -5.90308
10.96 -5.31411
11.04 -4.67394
11.12 -3.98737
11.2 -3.26004
11.28 -2.49848
11.36 -1.70998
11.44 -0.902598
11.52 -0.085022
11.6 0.733505
11.68 1.5433
11.76 2.33439
11.84 3.09661
11.92 3.8198
12 4.49396
12.08 5.1094
12.16 5.65692
12.24 6.12799
12.32 6.5149
12.4 6.81095
12.48 7.01057
12.56 7.10951
12.64 7.1049
12.72 6.9954
12.8 6.78128
12.88 6.46443
12.96 6.04845
13.04 5.53861
13.12 4.94182
13.2 4.26657
13.28 3.52284
13.36 2.72198
13.44 1.87651
13.52 1
