0 -0
0.08 -7.69515e-30
0.16 -5.03655e-25
0.24 -3.30074e-22
0.32 -3.2822e-20
0.4 -1.16117e-18
0.48 -2.13533e-17
0.56 -2.49973e-16
0.64 -2.10182e-15
0.72 -1.37228e-14
0.8 -7.33742e-14
0.88 -3.33719e-13
0.96 -1.32779e-12
1.04 -4.72101e-12
1.12 -1.52504e-11
1.2 -4.53494e-11
1.28 -1.25457e-10
1.36 -3.25698e-10
1.44 -7.99174e-10
1.52 -1.8646e-09
1.6 -4.15774e-09
1.68 -8.89899e-09
1.76 -1.8351e-08
1.84 -3.65781e-08
1.92 -7.06729e-08
2 -1.32689e-07
2.08 -2.42614e-07
2.16 -4.32854e-07
2.24 -7.54854e-07
2.32 -1.28871e-06
2.4 -2.15684e-06
2.48 -3.54321e-06
2.56 -5.71981e-06
2.64 -9.08275e-06
2.72 -1.42006e-05
2.8 -2.18783e-05
2.88 -3.32408e-05
2.96 -4.98406e-05
3.04 -7.37948e-05
3.12 -0.000107957
3.2 -0.000156131
3.28 -0.000223334
3.36 -0.000316111
3.44 -0.000442919
3.52 -0.000614575
3.6 -0.000844783
3.68 -0.00115075
3.76 -0.00155386
3.84 -0.00208052
3.92 -0.00276299
4 -0.00364037
4.08 -0.00475974
4.16 -0.00617725
4.24 -0.00795942
4.32 -0.0101844
4.4 -0.0129436
4.48 -0.0163425
4.56 -0.0205029
4.64 -0.0255636
4.72 -0.0316822
4.8 -0.0390361
4.88 -0.0478235
4.96 -0.0582647
5.04 -0.070602
5.12 -0.0851002
5.2 -0.102046
5.28 -0.121749
5.36 -0.144537
5.44 -0.170756
5.52 -0.200767
5.6 -0.234945
5.68 -0.273667
5.76 -0.317316
5.84 -0.366267
5.92 -0.420885
6 -0.481512
6.08 -0.548464
6.16 -0.622014
6.24 -0.702385
6.32 -0.789742
6.4 -0.884173
6.48 -0.985683
6.56 -1.09418
6.64 -1.20946
6.72 -1.33121
6.8 -1.45898
6.88 -1.59218
6.96 -1.73008
7.04 -1.87179
7.12 -2.01628
7.2 -2.16234
7.28 -2.30864
7.36 -2.45368
7.44 -2.59583
7.52 -2.73331
7.6 -2.86427
7.68 -2.98673
7.76 -3.09866
7.84 -3.19799
7.92 -3.28262
8 -3.3505
8.08 -3.39962
8.16 -3.42806
8.24 -3.43405
8.32 -3.41599
8.4 -3.37251
8.48 -3.30247
8.56 -3.20505
8.64 -3.07977
8.72 -2.92649
8.8 -2.74549
8.88 -2.53745
8.96 -2.30351
9.04 -2.04524
9.12 -1.76467
9.2 -1.46425
9.28 -1.1469
9.36 -0.815926
9.44 -0.475006
9.52 -0.128161
9.6 0.220309
9.68 0.565878
9.76 0.903861
9.84 1.22949
9.92 1.53799
10 1.82467
10.08 2.085
10.16 2.31469
10.24 2.50982
10.32 2.66688
10.4 2.78287
10.48 2.85536
10.56 2.8826
10.64 2.86353
10.72 2.79784
10.8 2.68604
10.88 2.52941
10.96 2.33007
11.04 2.09095
11.12 1.81571
11.2 1.50879
11.28 1.17526
11.36 0.820801
11.44 0.451584
11.52 0.0741759
11.6 -0.304582
11.68 -0.677696
11.76 -1.03816
11.84 -1.37908
11.92 -1.69383
12 -1.9762
12.08 -2.22048
12.16 -2.42165
12.24 -2.57547
12.32 -2.67855
12.4 -2.72852
12.48 -2.724
12.56 -2.66474
12.64 -2.55159
12.72 -2.38649
12.8 -2.17253
12.88 -1.91381
12.96 -1.61545
13.04 -1.28342
13.12 -0.924508
13.2 -0.546123
13.28 -0.156177
13.36 0.237086
13.44 0.625269
13.52 1
