0 0
0.08 9.28995e-13
0.16 2.37047e-10
0.24 6.04342e-09
0.32 5.99236e-08
0.4 3.53836e-07
0.48 1.5041e-06
0.56 5.09299e-06
0.64 1.45923e-05
0.72 3.67825e-05
0.8 8.37675e-05
0.88 0.000175655
0.96 0.000343929
1.04 0.000635494
1.12 0.0011173
1.2 0.00188138
1.28 0.00305011
1.36 0.00478129
1.44 0.00727285
1.52 0.0107666
1.6 0.0155506
1.68 0.0219599
1.76 0.0303747
1.84 0.0412164
1.92 0.0549399
2 0.0720231
2.08 0.0929532
2.16 0.118209
2.24 0.148242
2.32 0.183451
2.4 0.22416
2.48 0.27059
2.56 0.322834
2.64 0.380835
2.72 0.444359
2.8 0.51298
2.88 0.586064
2.96 0.662768
3.04 0.742035
3.12 0.822604
3.2 0.903031
3.28 0.98171
3.36 1.05691
3.44 1.12681
3.52 1.18956
3.6 1.24331
3.68 1.28628
3.76 1.3168
3.84 1.33339
3.92 1.33475
4 1.31989
4.08 1.28807
4.16 1.23891
4.24 1.17236
4.32 1.08876
4.4 0.988791
4.48 0.873504
4.56 0.744307
4.64 0.602936
4.72 0.451431
4.8 0.292103
4.88 0.127492
4.96 -0.0396778
5.04 -0.20655
5.12 -0.370188
5.2 -0.527631
5.28 -0.675954
5.36 -0.812329
5.44 -0.93408
5.52 -1.03875
5.6 -1.12414
5.68 -1.18839
5.76 -1.23001
5.84 -1.24792
5.92 -1.24148
6 -1.21057
6.08 -1.15551
6.16 -1.07718
6.24 -0.976917
6.32 -0.856568
6.4 -0.718435
6.48 -0.565243
6.56 -0.400088
6.64 -0.226385
6.72 -0.0477903
6.8 0.131868
6.88 0.308676
6.96 0.478722
7.04 0.638186
7.12 0.783429
7.2 0.911084
7.28 1.01814
7.36 1.10202
7.44 1.16065
7.52 1.19251
7.6 1.19671
7.68 1.17298
7.76 1.12172
7.84 1.04399
7.92 0.941483
8 0.816521
8.08 0.671986
8.16 0.511264
8.24 0.338168
8.32 0.15685
8.4 -0.0282972
8.48 -0.212749
8.56 -0.39196
8.64 -0.561476
8.72 -0.717048
8.8 -0.854747
8.88 -0.97106
8.96 -1.06299
9.04 -1.12813
9.12 -1.16475
9.2 -1.17182
9.28 -1.14907
9.36 -1.09698
9.44 -1.0168
9.52 -0.910502
9.6 -0.78075
9.68 -0.63083
9.76 -0.464571
9.84 -0.286246
9.92 -0.100469
10 0.0879293
10.08 0.274024
10.16 0.452928
10.24 0.619919
10.32 0.770567
10.4 0.900857
10.48 1.00729
10.56 1.087
10.64 1.13781
10.72 1.1583
10.8 1.14787
10.88 1.10673
10.96 1.03594
11.04 0.937329
11.12 0.813509
11.2 0.66777
11.28 0.504007
11.36 0.326617
11.44 0.140383
11.52 -0.0496583
11.6 -0.238349
11.68 -0.420552
11.76 -0.591291
11.84 -0.74589
11.92 -0.880099
12 -0.990214
12.08 -1.07318
12.16 -1.12669
12.24 -1.14923
12.32 -1.14014
12.4 -1.09963
12.48 -1.02877
12.56 -0.929487
12.64 -0.804495
12.72 -0.657222
12.8 -0.491726
12.88 -0.31258
12.96 -0.124749
13.04 0.0665524
13.12 0.255999
13.2 0.438307
13.28 0.60838
13.36 0.761454
13.44 0.893231
13.52 1
