0 0
0.08 8.25671e-37
0.16 4.32207e-31
0.24 9.55868e-28
0.32 2.25239e-25
0.4 1.5569e-23
0.48 4.94586e-22
0.56 9.19828e-21
0.64 1.15454e-19
0.72 1.07365e-18
0.8 7.87694e-18
0.88 4.77002e-17
0.96 2.46482e-16
1.04 1.11462e-15
1.12 4.49851e-15
1.2 1.64578e-14
1.28 5.52694e-14
1.36 1.7213e-13
1.44 5.01396e-13
1.52 1.37575e-12
1.6 3.57725e-12
1.68 8.85999e-12
1.76 2.09946e-11
1.84 4.77784e-11
1.92 1.04773e-10
2 2.22038e-10
2.08 4.55914e-10
2.16 9.0909e-10
2.24 1.76393e-09
2.32 3.33651e-09
2.4 6.16241e-09
2.48 1.113e-08
2.56 1.96836e-08
2.64 3.41276e-08
2.72 5.80741e-08
2.8 9.70899e-08
2.88 1.5962e-07
2.96 2.58287e-07
3.04 4.11686e-07
3.12 6.46849e-07
3.2 1.00258e-06
3.28 1.5339e-06
3.36 2.31798e-06
3.44 3.46182e-06
3.52 5.11235e-06
3.6 7.46934e-06
3.68 1.08019e-05
3.76 1.54695e-05
3.84 2.1948e-05
3.92 3.08629e-05
4 4.30292e-05
4.08 5.95022e-05
4.16 8.16378e-05
4.24 0.000111166
4.32 0.000150282
4.4 0.000201748
4.48 0.000269023
4.56 0.000356409
4.64 0.000469224
4.72 0.000614005
4.8 0.000798737
4.88 0.00103312
4.96 0.00132885
5.04 0.0017
5.12 0.00216333
5.2 0.00273876
5.28 0.00344977
5.36 0.00432391
5.44 0.00539332
5.52 0.00669527
5.6 0.00827273
5.68 0.010175
5.76 0.0124581
5.84 0.0151857
5.92 0.0184295
6 0.0222695
6.08 0.026795
6.16 0.0321045
6.24 0.0383062
6.32 0.0455182
6.4 0.0538684
6.48 0.0634943
6.56 0.0745428
6.64 0.0871691
6.72 0.101536
6.8 0.117814
6.88 0.136177
6.96 0.156802
7.04 0.179868
7.12 0.205552
7.2 0.234026
7.28 0.265453
7.36 0.299985
7.44 0.337759
7.52 0.37889
7.6 0.42347
7.68 0.471559
7.76 0.523183
7.84 0.578329
7.92 0.636938
8 0.698903
8.08 0.764059
8.16 0.832184
8.24 0.902994
8.32 0.976136
8.4 1.05119
8.48 1.12767
8.56 1.20501
8.64 1.28257
8.72 1.35966
8.8 1.43552
8.88 1.50931
8.96 1.58014
9.04 1.6471
9.12 1.70921
9.2 1.76548
9.28 1.8149
9.36 1.85646
9.44 1.88916
9.52 1.91204
9.6 1.92417
9.68 1.92472
9.76 1.9129
9.84 1.88805
9.92 1.84963
10 1.79722
10.08 1.73059
10.16 1.64964
10.24 1.55448
10.32 1.4454
10.4 1.32292
10.48 1.18773
10.56 1.04077
10.64 0.883181
10.72 0.716301
10.8 0.541681
10.88 0.361053
10.96 0.176324
11.04 -0.0104536
11.12 -0.197098
11.2 -0.381331
11.28 -0.56081
11.36 -0.733158
11.44 -0.896008
11.52 -1.04703
11.6 -1.184
11.68 -1.30479
11.76 -1.40746
11.84 -1.49027
11.92 -1.55174
12 -1.59064
12.08 -1.60609
12.16 -1.59753
12.24 -1.56476
12.32 -1.50797
12.4 -1.42774
12.48 -1.32506
12.56 -1.20128
12.64 -1.05816
12.72 -0.897825
12.8 -0.722716
12.88 -0.535593
12.96 -0.339479
13.04 -0.137611
13.12 0.0666094
13.2 0.269672
13.28 0.468025
13.36 0.658136
13.44 0.836558
13.52 1
