0 -0
0.08 -6.81778e-42
0.16 -1.42846e-35
0.24 -7.11309e-32
0.32 -2.98315e-29
0.4 -3.22437e-27
0.48 -1.47727e-25
0.56 -3.74411e-24
0.64 -6.14849e-23
0.72 -7.24924e-22
0.8 -6.57925e-21
0.88 -4.83159e-20
0.96 -2.97852e-19
1.04 -1.58505e-18
1.12 -7.44133e-18
1.2 -3.13547e-17
1.28 -1.20234e-16
1.36 -4.24386e-16
1.44 -1.39183e-15
1.52 -4.27497e-15
1.6 -1.23793e-14
1.68 -3.399e-14
1.76 -8.89258e-14
1.84 -2.22625e-13
1.92 -5.35303e-13
2 -1.24028e-12
2.08 -2.77706e-12
2.16 -6.02424e-12
2.24 -1.26899e-11
2.32 -2.60095e-11
2.4 -5.19662e-11
2.48 -1.01376e-10
2.56 -1.93385e-10
2.64 -3.61215e-10
2.72 -6.61446e-10
2.8 -1.18875e-09
2.88 -2.0989e-09
2.96 -3.64419e-09
3.04 -6.22706e-09
3.12 -1.04803e-08
3.2 -1.73853e-08
3.28 -2.84439e-08
3.36 -4.59257e-08
3.44 -7.32188e-08
3.52 -1.15322e-07
3.6 -1.7953e-07
3.68 -2.76366e-07
3.76 -4.20864e-07
3.84 -6.34275e-07
3.92 -9.46356e-07
4 -1.39839e-06
4.08 -2.04711e-06
4.16 -2.96985e-06
4.24 -4.27112e-06
4.32 -6.09103e-06
4.4 -8.61591e-06
4.48 -1.20918e-05
4.56 -1.6841e-05
4.64 -2.32829e-05
4.72 -3.19598e-05
4.8 -4.35675e-05
4.88 -5.89933e-05
4.96 -7.93618e-05
5.04 -0.000106089
5.12 -0.000140948
5.2 -0.000186143
5.28 -0.000244402
5.36 -0.000319078
5.44 -0.000414271
5.52 -0.000534966
5.6 -0.000687189
5.68 -0.000878187
5.76 -0.00111662
5.84 -0.0014128
5.92 -0.00177892
6 -0.00222932
6.08 -0.00278079
6.16 -0.00345289
6.24 -0.00426827
6.32 -0.00525301
6.4 -0.00643701
6.48 -0.00785437
6.56 -0.00954373
6.64 -0.0115487
6.72 -0.0139181
6.8 -0.0167066
6.88 -0.0199747
6.96 -0.023789
7.04 -0.0282227
7.12 -0.0333555
7.2 -0.0392738
7.28 -0.0460705
7.36 -0.0538448
7.44 -0.0627019
7.52 -0.0727528
7.6 -0.0841131
7.68 -0.0969026
7.76 -0.111244
7.84 -0.127262
7.92 -0.145081
8 -0.164824
8.08 -0.186611
8.16 -0.210555
8.24 -0.236762
8.32 -0.265326
8.4 -0.296329
8.48 -0.329833
8.56 -0.365882
8.64 -0.404498
8.72 -0.445673
8.8 -0.489371
8.88 -0.535521
8.96 -0.584016
9.04 -0.634711
9.12 -0.687416
9.2 -0.741898
9.28 -0.797875
9.36 -0.85502
9.44 -0.912955
9.52 -0.971254
9.6 -1.02944
9.68 -1.087
9.76 -1.14336
9.84 -1.19792
9.92 -1.25003
10 -1.29903
10.08 -1.34422
10.16 -1.38488
10.24 -1.42029
10.32 -1.44974
10.4 -1.47252
10.48 -1.48795
10.56 -1.49537
10.64 -1.49418
10.72 -1.48386
10.8 -1.46391
10.88 -1.43397
10.96 -1.39375
11.04 -1.34305
11.12 -1.28184
11.2 -1.21016
11.28 -1.12824
11.36 -1.0364
11.44 -0.935157
11.52 -0.825144
11.6 -0.707157
11.68 -0.582138
11.76 -0.451168
11.84 -0.315465
11.92 -0.17637
12 -0.0353366
12.08 0.10609
12.16 0.246287
12.24 0.383576
12.32 0.516246
12.4 0.642582
12.48 0.760884
12.56 0.869502
12.64 0.966861
12.72 1.05149
12.8 1.12205
12.88 1.17735
12.96 1.21641
13.04 1.23844
13.12 1.24288
13.2 1.22943
13.28 1.19804
13.36 1.14895
13.44 1.08267
13.52 1
