0 -0
0.08 -7.0131e-15
0.16 -3.5819e-12
0.24 -1.37126e-10
0.32 -1.81535e-09
0.4 -1.34211e-08
0.48 -6.8593e-08
0.56 -2.71577e-07
0.64 -8.91542e-07
0.72 -2.5355e-06
0.8 -6.43658e-06
0.88 -1.49001e-05
0.96 -3.19528e-05
1.04 -6.42408e-05
1.12 -0.000122218
1.2 -0.000221658
1.28 -0.000385508
1.36 -0.000646095
1.44 -0.00104766
1.52 -0.00164917
1.6 -0.00252736
1.68 -0.00377994
1.76 -0.00552867
1.84 -0.00792249
1.92 -0.0111401
2 -0.0153923
2.08 -0.0209234
2.16 -0.0280116
2.24 -0.0369687
2.32 -0.0481381
2.4 -0.0618914
2.48 -0.0786232
2.56 -0.0987442
2.64 -0.122673
2.72 -0.150823
2.8 -0.183595
2.88 -0.221356
2.96 -0.264428
3.04 -0.31307
3.12 -0.367456
3.2 -0.427662
3.28 -0.493643
3.36 -0.565219
3.44 -0.642055
3.52 -0.723655
3.6 -0.809344
3.68 -0.898273
3.76 -0.98941
3.84 -1.08155
3.92 -1.17334
4 -1.26326
4.08 -1.34969
4.16 -1.43092
4.24 -1.50517
4.32 -1.57064
4.4 -1.62557
4.48 -1.66824
4.56 -1.69705
4.64 -1.71052
4.72 -1.7074
4.8 -1.68664
4.88 -1.64744
4.96 -1.58933
5.04 -1.51213
5.12 -1.41602
5.2 -1.30152
5.28 -1.16951
5.36 -1.02127
5.44 -0.858412
5.52 -0.682901
5.6 -0.497035
5.68 -0.30341
5.76 -0.104879
5.84 0.0954849
5.92 0.294446
6 0.488663
6.08 0.674749
6.16 0.849346
6.24 1.00919
6.32 1.15119
6.4 1.27249
6.48 1.37055
6.56 1.4432
6.64 1.48873
6.72 1.50588
6.8 1.49398
6.88 1.4529
6.96 1.38309
7.04 1.28564
7.12 1.16221
7.2 1.01505
7.28 0.846957
7.36 0.66123
7.44 0.461608
7.52 0.252197
7.6 0.0373922
7.68 -0.178222
7.76 -0.389966
7.84 -0.593174
7.92 -0.783301
8 -0.956028
8.08 -1.10737
8.16 -1.23378
8.24 -1.33222
8.32 -1.40029
8.4 -1.43623
8.48 -1.43902
8.56 -1.40842
8.64 -1.34495
8.72 -1.24993
8.8 -1.12544
8.88 -0.974273
8.96 -0.799914
9.04 -0.606418
9.12 -0.398351
9.2 -0.18067
9.28 0.0413875
9.36 0.262434
9.44 0.477063
9.52 0.679982
9.6 0.866147
9.68 1.03089
9.76 1.17006
9.84 1.28008
9.92 1.35811
10 1.40209
10.08 1.41081
10.16 1.38393
10.24 1.32201
10.32 1.22654
10.4 1.09984
10.48 0.945061
10.56 0.766084
10.64 0.567439
10.72 0.35419
10.8 0.131801
10.88 -0.0939948
10.96 -0.317351
11.04 -0.532453
11.12 -0.733677
11.2 -0.915734
11.28 -1.07382
11.36 -1.20372
11.44 -1.30198
11.52 -1.36593
11.6 -1.39381
11.68 -1.38482
11.76 -1.33912
11.84 -1.25786
11.92 -1.14313
12 -0.997924
12.08 -0.826073
12.16 -0.632123
12.24 -0.421236
12.32 -0.199042
12.4 0.0285013
12.48 0.255276
12.56 0.475163
12.64 0.682211
12.72 0.870798
12.8 1.03579
12.88 1.17267
12.96 1.27768
13.04 1.34791
13.12 1.38141
13.2 1.37721
13.28 1.33538
13.36 1.25701
13.44 1.1442
13.52 1
