0 -0
0.08 -9.84442e-28
0.16 -3.21963e-23
0.24 -1.40572e-20
0.32 -1.04736e-18
0.4 -2.96154e-17
0.48 -4.53295e-16
0.56 -4.54258e-15
0.64 -3.33709e-14
0.72 -1.9335e-13
0.8 -9.28715e-13
0.88 -3.83209e-12
0.96 -1.39447e-11
1.04 -4.56521e-11
1.12 -1.3656e-10
1.2 -3.77858e-10
1.28 -9.76736e-10
1.36 -2.37783e-09
1.44 -5.48846e-09
1.52 -1.20787e-08
1.6 -2.54653e-08
1.68 -5.16409e-08
1.76 -1.01079e-07
1.84 -1.9154e-07
1.92 -3.5231e-07
2 -6.30455e-07
2.08 -1.09983e-06
2.16 -1.87379e-06
2.24 -3.12268e-06
2.32 -5.0976e-06
2.4 -8.16192e-06
2.48 -1.28324e-05
2.56 -1.98319e-05
2.64 -3.01563e-05
2.72 -4.51569e-05
2.8 -6.6642e-05
2.88 -9.69996e-05
2.96 -0.000139343
3.04 -0.000197681
3.12 -0.000277122
3.2 -0.000384095
3.28 -0.000526617
3.36 -0.000714582
3.44 -0.000960089
3.52 -0.0012778
3.6 -0.00168533
3.68 -0.0022037
3.76 -0.00285773
3.84 -0.00367662
3.92 -0.00469435
4 -0.00595032
4.08 -0.00748978
4.16 -0.00936446
4.24 -0.011633
4.32 -0.0143615
4.4 -0.017624
4.48 -0.0215028
4.56 -0.0260885
4.64 -0.0314807
4.72 -0.0377874
4.8 -0.0451254
4.88 -0.0536192
4.96 -0.0634011
5.04 -0.0746094
5.12 -0.0873878
5.2 -0.101883
5.28 -0.118245
5.36 -0.136619
5.44 -0.157151
5.52 -0.179976
5.6 -0.205221
5.68 -0.232998
5.76 -0.263398
5.84 -0.296492
5.92 -0.332321
6 -0.370892
6.08 -0.412178
6.16 -0.456105
6.24 -0.502555
6.32 -0.551357
6.4 -0.602285
6.48 -0.655057
6.56 -0.709328
6.64 -0.76469
6.72 -0.820677
6.8 -0.876756
6.88 -0.932339
6.96 -0.986779
7.04 -1.03938
7.12 -1.0894
7.2 -1.13606
7.28 -1.17855
7.36 -1.21606
7.44 -1.24776
7.52 -1.27283
7.6 -1.29049
7.68 -1.29999
7.76 -1.30064
7.84 -1.29181
7.92 -1.27299
8 -1.24375
8.08 -1.20379
8.16 -1.15296
8.24 -1.09125
8.32 -1.01879
8.4 -0.935926
8.48 -0.84314
8.56 -0.741113
8.64 -0.6307
8.72 -0.512935
8.8 -0.389018
8.88 -0.260312
8.96 -0.128319
9.04 0.00533043
9.12 0.138902
9.2 0.270585
9.28 0.398515
9.36 0.52081
9.44 0.635602
9.52 0.741069
9.6 0.835473
9.68 0.917195
9.76 0.984768
9.84 1.03691
9.92 1.07257
10 1.09093
10.08 1.09145
10.16 1.07389
10.24 1.03829
10.32 0.985061
10.4 0.914887
10.48 0.8288
10.56 0.728135
10.64 0.614525
10.72 0.489875
10.8 0.356338
10.88 0.216273
10.96 0.0722094
11.04 -0.0731982
11.12 -0.217223
11.2 -0.357115
11.28 -0.490159
11.36 -0.613728
11.44 -0.725342
11.52 -0.822718
11.6 -0.903824
11.68 -0.966926
11.76 -1.01063
11.84 -1.03392
11.92 -1.0362
12 -1.01726
12.08 -0.977373
12.16 -0.917233
12.24 -0.837971
12.32 -0.741137
12.4 -0.628672
12.48 -0.502876
12.56 -0.366357
12.64 -0.221986
12.72 -0.0728335
12.8 0.0778941
12.88 0.226923
12.96 0.370986
13.04 0.506892
13.12 0.631604
13.2 0.742305
13.28 0.836466
13.36 0.91191
13.44 0.966863
13.52 1
