0 -0
0.08 -1.24443e-08
0.16 -7.93494e-07
0.24 -8.98179e-06
0.32 -5.00179e-05
0.4 -0.000188617
0.48 -0.000555291
0.56 -0.00137692
0.64 -0.00300893
0.72 -0.00596648
0.8 -0.0109518
0.88 -0.0188747
0.96 -0.0308645
1.04 -0.0482695
1.12 -0.0726444
1.2 -0.105722
1.28 -0.149371
1.36 -0.205538
1.44 -0.276178
1.52 -0.363169
1.6 -0.468222
1.68 -0.592778
1.76 -0.737913
1.84 -0.904233
1.92 -1.09178
2 -1.29996
2.08 -1.52745
2.16 -1.77217
2.24 -2.03125
2.32 -2.30102
2.4 -2.57702
2.48 -2.85409
2.56 -3.12643
2.64 -3.38768
2.72 -3.6311
2.8 -3.8497
2.88 -4.03645
2.96 -4.18443
3.04 -4.28709
3.12 -4.33842
3.2 -4.3332
3.28 -4.26723
3.36 -4.13745
3.44 -3.94221
3.52 -3.68134
3.6 -3.35631
3.68 -2.97026
3.76 -2.52804
3.84 -2.03617
3.92 -1.50272
4 -0.937197
4.08 -0.350323
4.16 0.246205
4.24 0.840005
4.32 1.41832
4.4 1.96836
4.48 2.47763
4.56 2.9343
4.64 3.32749
4.72 3.64762
4.8 3.88667
4.88 4.03839
4.96 4.09853
5.04 4.06493
5.12 3.93764
5.2 3.71896
5.28 3.41336
5.36 3.02747
5.44 2.56989
5.52 2.05103
5.6 1.48291
5.68 0.878814
5.76 0.253066
5.84 -0.379364
5.92 -1.0032
6 -1.60323
6.08 -2.16468
6.16 -2.6736
6.24 -3.11723
6.32 -3.48427
6.4 -3.76529
6.48 -3.95289
6.56 -4.04198
6.64 -4.02988
6.72 -3.91648
6.8 -3.70422
6.88 -3.3981
6.96 -3.00554
7.04 -2.53623
7.12 -2.00193
7.2 -1.41613
7.28 -0.793762
7.36 -0.150819
7.44 0.496079
7.52 1.1301
7.6 1.73464
7.68 2.29378
7.76 2.79269
7.84 3.21806
7.92 3.55844
8 3.8046
8.08 3.94975
8.16 3.98976
8.24 3.92331
8.32 3.75192
8.4 3.47994
8.48 3.11445
8.56 2.66508
8.64 2.14378
8.72 1.56451
8.8 0.942833
8.88 0.295556
8.96 -0.359761
9.04 -1.00527
9.12 -1.62332
9.2 -2.19696
9.28 -2.71038
9.36 -3.1494
9.44 -3.5018
9.52 -3.75775
9.6 -3.91003
9.68 -3.95428
9.76 -3.8891
9.84 -3.71615
9.92 -3.44007
10 -3.06838
10.08 -2.61131
10.16 -2.08146
10.24 -1.49355
10.32 -0.863901
10.4 -0.210095
10.48 0.449593
10.56 1.09667
10.64 1.71296
10.72 2.28109
10.8 2.78504
10.88 3.21054
10.96 3.54551
11.04 3.78038
11.12 3.90844
11.2 3.92594
11.28 3.83229
11.36 3.63003
11.44 3.3248
11.52 2.92516
11.6 2.4424
11.68 1.89017
11.76 1.28413
11.84 0.6415
11.92 -0.0194181
12 -0.67978
12.08 -1.32072
12.16 -1.92391
12.24 -2.47205
12.32 -2.94942
12.4 -3.34229
12.48 -3.63932
12.56 -3.83193
12.64 -3.91452
12.72 -3.88463
12.8 -3.74306
12.88 -3.49379
12.96 -3.14394
13.04 -2.70351
13.12 -2.18516
13.2 -1.60377
13.28 -0.976103
13.36 -0.320246
13.44 0.344863
13.52 1
