0 -0
0.08 -1.14889e-41
0.16 -2.4059e-35
0.24 -1.19744e-31
0.32 -5.01739e-29
0.4 -5.42188e-27
0.48 -2.4806e-25
0.56 -6.28473e-24
0.64 -1.0307e-22
0.72 -1.21408e-21
0.8 -1.10046e-20
0.88 -8.07052e-20
0.96 -4.96764e-19
1.04 -2.63913e-18
1.12 -1.23667e-17
1.2 -5.2e-17
1.28 -1.98942e-16
1.36 -7.00407e-16
1.44 -2.2906e-15
1.52 -7.01356e-15
1.6 -2.02397e-14
1.68 -5.53618e-14
1.76 -1.44236e-13
1.84 -3.5944e-13
1.92 -8.59942e-13
2 -1.98154e-12
2.08 -4.41028e-12
2.16 -9.50496e-12
2.24 -1.98808e-11
2.32 -4.04378e-11
2.4 -8.01304e-11
2.48 -1.54942e-10
2.56 -2.92784e-10
2.64 -5.41395e-10
2.72 -9.80847e-10
2.8 -1.74301e-09
2.88 -3.04129e-09
2.96 -5.21546e-09
3.04 -8.79813e-09
3.12 -1.4612e-08
3.2 -2.39104e-08
3.28 -3.85777e-08
3.36 -6.14118e-08
3.44 -9.65183e-08
3.52 -1.49855e-07
3.6 -2.29975e-07
3.68 -3.49037e-07
3.76 -5.24155e-07
3.84 -7.79201e-07
3.92 -1.14719e-06
4 -1.67338e-06
4.08 -2.41935e-06
4.16 -3.46821e-06
4.24 -4.93132e-06
4.32 -6.9568e-06
4.4 -9.7403e-06
4.48 -1.35385e-05
4.56 -1.8686e-05
4.64 -2.56159e-05
4.72 -3.48858e-05
4.8 -4.72086e-05
4.88 -6.34905e-05
4.96 -8.48769e-05
5.04 -0.000112806
5.12 -0.000149074
5.2 -0.000195913
5.28 -0.000256077
5.36 -0.000332947
5.44 -0.000430655
5.52 -0.000554216
5.6 -0.000709689
5.68 -0.000904353
5.76 -0.0011469
5.84 -0.00144768
5.92 -0.00181891
6 -0.00227498
6.08 -0.00283269
6.16 -0.00351165
6.24 -0.00433452
6.32 -0.00532743
6.4 -0.00652029
6.48 -0.00794723
6.56 -0.00964691
6.64 -0.0116629
6.72 -0.0140442
6.8 -0.0168454
6.88 -0.0201268
6.96 -0.0239553
7.04 -0.028404
7.12 -0.0335526
7.2 -0.0394875
7.28 -0.0463015
7.36 -0.0540938
7.44 -0.0629698
7.52 -0.0730401
7.6 -0.0844206
7.68 -0.0972309
7.76 -0.111594
7.84 -0.127634
7.92 -0.145475
8 -0.165241
8.08 -0.18705
8.16 -0.211018
8.24 -0.237248
8.32 -0.265836
8.4 -0.296861
8.48 -0.330389
8.56 -0.366461
8.64 -0.405099
8.72 -0.446296
8.8 -0.490014
8.88 -0.536184
8.96 -0.584699
9.04 -0.635412
9.12 -0.688133
9.2 -0.742628
9.28 -0.798618
9.36 -0.855773
9.44 -0.913716
9.52 -0.97202
9.6 -1.03021
9.68 -1.08777
9.76 -1.14412
9.84 -1.19868
9.92 -1.25078
10 -1.29976
10.08 -1.34493
10.16 -1.38557
10.24 -1.42096
10.32 -1.45037
10.4 -1.47312
10.48 -1.4885
10.56 -1.49588
10.64 -1.49465
10.72 -1.48427
10.8 -1.46428
10.88 -1.43428
10.96 -1.39399
11.04 -1.34324
11.12 -1.28196
11.2 -1.21022
11.28 -1.12823
11.36 -1.03633
11.44 -0.935017
11.52 -0.82494
11.6 -0.706891
11.68 -0.581812
11.76 -0.450785
11.84 -0.31503
11.92 -0.175887
12 -0.034811
12.08 0.106652
12.16 0.246879
12.24 0.384191
12.32 0.516878
12.4 0.643221
12.48 0.761523
12.56 0.870133
12.64 0.967476
12.72 1.05208
12.8 1.1226
12.88 1.17787
12.96 1.21688
13.04 1.23886
13.12 1.24324
13.2 1.22972
13.28 1.19827
13.36 1.1491
13.44 1.08275
13.52 1
