0 -0
0.08 -9.48351e-17
0.16 -9.68491e-14
0.24 -5.56096e-12
0.32 -9.81542e-11
0.4 -9.07174e-10
0.48 -5.5647e-09
0.56 -2.57112e-08
0.64 -9.64975e-08
0.72 -3.0887e-07
0.8 -8.71642e-07
0.88 -2.22075e-06
0.96 -5.1983e-06
1.04 -1.1329e-05
1.12 -2.32259e-05
1.2 -4.516e-05
1.28 -8.38293e-05
1.36 -0.00014936
1.44 -0.000256569
1.52 -0.000426502
1.6 -0.000688252
1.68 -0.00108105
1.76 -0.00165659
1.84 -0.00248151
1.92 -0.00363993
2 -0.00523602
2.08 -0.00739631
2.16 -0.0102716
2.24 -0.0140386
2.32 -0.0189001
2.4 -0.0250852
2.48 -0.0328474
2.56 -0.0424621
2.64 -0.054222
2.72 -0.0684316
2.8 -0.0853999
2.88 -0.105432
2.96 -0.128817
3.04 -0.155821
3.12 -0.186673
3.2 -0.221552
3.28 -0.260578
3.36 -0.303798
3.44 -0.351181
3.52 -0.402603
3.6 -0.457846
3.68 -0.516588
3.76 -0.578407
3.84 -0.642778
3.92 -0.709073
4 -0.77657
4.08 -0.84446
4.16 -0.911853
4.24 -0.977791
4.32 -1.04126
4.4 -1.10121
4.48 -1.15655
4.56 -1.2062
4.64 -1.24907
4.72 -1.2841
4.8 -1.31031
4.88 -1.32673
4.96 -1.33252
5.04 -1.32693
5.12 -1.30933
5.2 -1.27926
5.28 -1.23639
5.36 -1.1806
5.44 -1.11193
5.52 -1.03067
5.6 -0.937294
5.68 -0.832518
5.76 -0.717279
5.84 -0.59274
5.92 -0.460282
6 -0.321492
6.08 -0.178147
6.16 -0.0321923
6.24 0.114289
6.32 0.259104
6.4 0.399991
6.48 0.534656
6.56 0.660819
6.64 0.776259
6.72 0.878862
6.8 0.96667
6.88 1.03793
6.96 1.09112
7.04 1.12502
7.12 1.13875
7.2 1.13176
7.28 1.10389
7.36 1.05539
7.44 0.986931
7.52 0.899568
7.6 0.794778
7.68 0.67442
7.76 0.54071
7.84 0.396184
7.92 0.243655
8 0.0861581
8.08 -0.0731106
8.16 -0.230859
8.24 -0.383768
8.32 -0.528569
8.4 -0.662113
8.48 -0.781447
8.56 -0.883886
8.64 -0.967077
8.72 -1.02906
8.8 -1.06833
8.88 -1.08386
8.96 -1.07515
9.04 -1.04225
9.12 -0.985764
9.2 -0.906841
9.28 -0.807161
9.36 -0.688907
9.44 -0.554716
9.52 -0.407629
9.6 -0.251018
9.68 -0.0885154
9.76 0.0760726
9.84 0.238855
9.92 0.395949
10 0.543575
10.08 0.678149
10.16 0.796375
10.24 0.895327
10.32 0.972527
10.4 1.02601
10.48 1.05439
10.56 1.05686
10.64 1.0333
10.72 0.984173
10.8 0.910634
10.88 0.814429
10.96 0.69789
11.04 0.563873
11.12 0.415694
11.2 0.257043
11.28 0.0919001
11.36 -0.0755694
11.44 -0.241117
11.52 -0.400521
11.6 -0.549695
11.68 -0.684793
11.76 -0.802314
11.84 -0.89919
11.92 -0.972876
12 -1.02141
12.08 -1.04348
12.16 -1.03846
12.24 -1.00641
12.32 -0.948122
12.4 -0.865054
12.48 -0.759335
12.56 -0.633693
12.64 -0.491393
12.72 -0.336151
12.8 -0.17204
12.88 -0.00338118
12.96 0.165366
13.04 0.329724
13.12 0.485317
13.2 0.627988
13.28 0.75391
13.36 0.859693
13.44 0.942475
13.52 1
