0 -0
0.08 -0.0828284
0.16 -0.327898
0.24 -0.725054
0.32 -1.25791
0.4 -1.90433
0.48 -2.6373
0.56 -3.42588
0.64 -4.23635
0.72 -5.03345
0.8 -5.78169
0.88 -6.44664
0.96 -6.99627
1.04 -7.40211
1.12 -7.64042
1.2 -7.69308
1.28 -7.54836
1.36 -7.20147
1.44 -6.65482
1.52 -5.91807
1.6 -5.00795
1.68 -3.94771
1.76 -2.76651
1.84 -1.49839
1.92 -0.181247
2 1.14449
2.08 2.4372
2.16 3.65551
2.24 4.75976
2.32 5.71339
2.4 6.48425
2.48 7.04582
2.56 7.3782
2.64 7.46886
2.72 7.31325
2.8 6.91498
2.88 6.28584
2.96 5.44549
3.04 4.42083
3.12 3.24515
3.2 1.95703
3.28 0.599027
3.36 -0.78378
3.44 -2.14534
3.52 -3.44025
3.6 -4.62529
3.68 -5.66094
3.76 -6.51277
3.84 -7.15255
3.92 -7.55922
4 -7.71955
4.08 -7.62851
4.16 -7.2894
4.24 -6.71359
4.32 -5.92007
4.4 -4.93473
4.48 -3.78943
4.56 -2.52083
4.64 -1.16924
4.72 0.222778
4.8 1.61175
4.88 2.95466
4.96 4.21024
5.04 5.34023
5.12 6.31049
5.2 7.09193
5.28 7.66135
5.36 8.00205
5.44 8.10425
5.52 7.9653
5.6 7.58973
5.68 6.98901
5.76 6.18123
5.84 5.19049
5.92 4.0462
6 2.78219
6.08 1.43571
6.16 0.0463685
6.24 -1.34505
6.32 -2.69774
6.4 -3.97208
6.48 -5.13078
6.56 -6.13991
6.64 -6.96994
6.72 -7.59659
6.8 -8.00149
6.88 -8.17275
6.96 -8.1053
7.04 -7.80105
7.12 -7.2688
7.2 -6.52406
7.28 -5.58851
7.36 -4.48945
7.44 -3.25899
7.52 -1.93309
7.6 -0.550519
7.68 0.848236
7.76 2.2222
7.84 3.53109
7.92 4.73651
8 5.80303
8.08 6.69931
8.16 7.39897
8.24 7.88136
8.32 8.13222
8.4 8.14409
8.48 7.91652
8.56 7.45609
8.64 6.77626
8.72 5.89696
8.8 4.84401
8.88 3.64834
8.96 2.34515
9.04 0.972817
9.12 -0.428212
9.2 -1.81661
9.28 -3.15139
9.36 -4.39313
9.44 -5.50512
9.52 -6.45446
9.6 -7.21303
9.68 -7.75834
9.76 -8.0742
9.84 -8.15118
9.92 -7.98692
10 -7.58623
10.08 -6.96088
10.16 -6.12933
10.24 -5.11616
10.32 -3.95136
10.4 -2.6694
10.48 -1.30828
10.56 0.0916527
10.64 1.48886
10.72 2.84188
10.8 4.11052
10.88 5.25709
10.96 6.24749
11.04 7.05227
11.12 7.64744
11.2 8.01528
11.28 8.14478
11.36 8.03203
11.44 7.68035
11.52 7.10012
11.6 6.30858
11.68 5.32924
11.76 4.19121
11.84 2.92836
11.92 1.57827
12 0.181164
12.08 -1.22134
12.16 -2.58744
12.24 -3.8764
12.32 -5.04976
12.4 -6.0725
12.48 -6.9141
12.56 -7.54939
12.64 -7.95939
12.72 -8.13181
12.8 -8.06146
12.88 -7.7504
12.96 -7.20788
13.04 -6.45006
13.12 -5.49954
13.2 -4.38469
13.28 -3.13881
13.36 -1.7991
13.44 -0.405615
13.52 1
