0 -0
0.08 -5.44356e-28
0.16 -1.78125e-23
0.24 -7.78109e-21
0.32 -5.80169e-19
0.4 -1.64149e-17
0.48 -2.51462e-16
0.56 -2.52209e-15
0.64 -1.85461e-14
0.72 -1.07572e-13
0.8 -5.17324e-13
0.88 -2.13746e-12
0.96 -7.78969e-12
1.04 -2.55443e-11
1.12 -7.65519e-11
1.2 -2.12251e-10
1.28 -5.499e-10
1.36 -1.34208e-09
1.44 -3.1064e-09
1.52 -6.85745e-09
1.6 -1.45066e-08
1.68 -2.95282e-08
1.76 -5.80358e-08
1.84 -1.10474e-07
1.92 -2.04214e-07
2 -3.67434e-07
2.08 -6.44813e-07
2.16 -1.10571e-06
2.24 -1.85568e-06
2.32 -3.05248e-06
2.4 -4.92783e-06
2.48 -7.81664e-06
2.56 -1.21957e-05
2.64 -1.87339e-05
2.72 -2.83572e-05
2.8 -4.23306e-05
2.88 -6.2361e-05
2.96 -9.07237e-05
3.04 -0.000130418
3.12 -0.000185352
3.2 -0.000260564
3.28 -0.000362485
3.36 -0.000499231
3.44 -0.000680953
3.52 -0.000920219
3.6 -0.00123244
3.68 -0.00163635
3.76 -0.0021545
3.84 -0.0028138
3.92 -0.0036461
4 -0.00468878
4.08 -0.00598532
4.16 -0.00758591
4.24 -0.00954801
4.32 -0.0119369
4.4 -0.0148261
4.48 -0.018298
4.56 -0.0224437
4.64 -0.0273636
4.72 -0.0331672
4.8 -0.0399732
4.88 -0.0479087
4.96 -0.0571085
5.04 -0.0677148
5.12 -0.079875
5.2 -0.0937407
5.28 -0.109465
5.36 -0.127201
5.44 -0.147099
5.52 -0.169301
5.6 -0.19394
5.68 -0.221134
5.76 -0.250984
5.84 -0.283567
5.92 -0.318931
6 -0.357093
6.08 -0.398032
6.16 -0.441684
6.24 -0.487937
6.32 -0.536628
6.4 -0.58754
6.48 -0.640395
6.56 -0.694855
6.64 -0.75052
6.72 -0.806924
6.8 -0.863542
6.88 -0.919785
6.96 -0.975009
7.04 -1.02852
7.12 -1.07956
7.2 -1.12737
7.28 -1.17112
7.36 -1.20999
7.44 -1.24315
7.52 -1.26977
7.6 -1.28905
7.68 -1.30022
7.76 -1.30258
7.84 -1.2955
7.92 -1.27843
8 -1.25092
8.08 -1.21266
8.16 -1.16347
8.24 -1.10332
8.32 -1.03232
8.4 -0.950782
8.48 -0.85918
8.56 -0.758168
8.64 -0.648585
8.72 -0.531445
8.8 -0.407936
8.88 -0.279406
8.96 -0.147349
9.04 -0.0133899
9.12 0.12074
9.2 0.253227
9.28 0.382203
9.36 0.505775
9.44 0.622062
9.52 0.729224
9.6 0.825501
9.68 0.909248
9.76 0.978971
9.84 1.03336
9.92 1.07132
10 1.092
10.08 1.09482
10.16 1.0795
10.24 1.04607
10.32 0.994857
10.4 0.92654
10.48 0.842106
10.56 0.742861
10.64 0.630409
10.72 0.506633
10.8 0.373665
10.88 0.233851
10.96 0.0897146
11.04 -0.0560935
11.12 -0.200841
11.2 -0.341767
11.28 -0.476139
11.36 -0.601308
11.44 -0.714763
11.52 -0.814188
11.6 -0.897511
11.68 -0.962956
11.76 -1.00908
11.84 -1.03483
11.92 -1.03954
12 -1.02297
12.08 -0.985333
12.16 -0.927278
12.24 -0.849891
12.32 -0.754682
12.4 -0.643557
12.48 -0.518784
12.56 -0.38295
12.64 -0.238908
12.72 -0.0897196
12.8 0.0614096
12.88 0.211199
12.96 0.356366
13.04 0.493699
13.12 0.620128
13.2 0.7328
13.28 0.829145
13.36 0.906936
13.44 0.964348
13.52 1
