0 -0
0.08 -1.52041e-25
0.16 -2.48727e-21
0.24 -7.2421e-19
0.32 -4.0488e-17
0.4 -9.16103e-16
0.48 -1.16902e-14
0.56 -1.00448e-13
0.64 -6.45944e-13
0.72 -3.32817e-12
0.8 -1.43944e-11
0.88 -5.40237e-11
0.96 -1.80314e-10
1.04 -5.45281e-10
1.12 -1.5158e-09
1.2 -3.91815e-09
1.28 -9.50513e-09
1.36 -2.18052e-08
1.44 -4.76007e-08
1.52 -9.94032e-08
1.6 -1.99459e-07
1.68 -3.8603e-07
1.76 -7.22978e-07
1.84 -1.314e-06
1.92 -2.3233e-06
2 -4.00498e-06
2.08 -6.74389e-06
2.16 -1.11116e-05
2.24 -1.79411e-05
2.32 -2.84265e-05
2.4 -4.42511e-05
2.48 -6.77526e-05
2.56 -0.000102131
2.64 -0.000151706
2.72 -0.000222238
2.8 -0.000321306
2.88 -0.000458768
2.96 -0.000647301
3.04 -0.00090302
3.12 -0.00124619
3.2 -0.00170203
3.28 -0.00230158
3.36 -0.00308271
3.44 -0.00409107
3.52 -0.00538123
3.6 -0.00701776
3.68 -0.00907634
3.76 -0.0116448
3.84 -0.0148242
3.92 -0.0187297
4 -0.0234912
4.08 -0.0292543
4.16 -0.0361802
4.24 -0.0444461
4.32 -0.054245
4.4 -0.0657846
4.48 -0.0792868
4.56 -0.094986
4.64 -0.113127
4.72 -0.133962
4.8 -0.15775
4.88 -0.184747
4.96 -0.215208
5.04 -0.249379
5.12 -0.28749
5.2 -0.329749
5.28 -0.376337
5.36 -0.427396
5.44 -0.483026
5.52 -0.54327
5.6 -0.608114
5.68 -0.67747
5.76 -0.751173
5.84 -0.828972
5.92 -0.910524
6 -0.995386
6.08 -1.08301
6.16 -1.17275
6.24 -1.26383
6.32 -1.3554
6.4 -1.44648
6.48 -1.536
6.56 -1.62281
6.64 -1.70566
6.72 -1.78325
6.8 -1.85423
6.88 -1.91722
6.96 -1.97082
7.04 -2.01367
7.12 -2.04441
7.2 -2.0618
7.28 -2.06465
7.36 -2.05192
7.44 -2.02272
7.52 -1.97635
7.6 -1.91229
7.68 -1.83029
7.76 -1.73034
7.84 -1.6127
7.92 -1.47794
8 -1.3269
8.08 -1.16075
8.16 -0.980969
8.24 -0.789309
8.32 -0.587822
8.4 -0.378823
8.48 -0.164862
8.56 0.0513045
8.64 0.266755
8.72 0.478444
8.8 0.683259
8.88 0.878065
8.96 1.05977
9.04 1.22537
9.12 1.37204
9.2 1.49716
9.28 1.59839
9.36 1.67372
9.44 1.72155
9.52 1.74068
9.6 1.73041
9.68 1.69052
9.76 1.62134
9.84 1.52373
9.92 1.39909
10 1.24935
10.08 1.07695
10.16 0.884822
10.24 0.676314
10.32 0.455168
10.4 0.225437
10.48 -0.00858176
10.56 -0.242429
10.64 -0.47157
10.72 -0.691488
10.8 -0.897773
10.88 -1.08622
10.96 -1.25293
11.04 -1.39437
11.12 -1.50749
11.2 -1.58978
11.28 -1.63934
11.36 -1.65492
11.44 -1.63597
11.52 -1.58269
11.6 -1.49599
11.68 -1.3775
11.76 -1.22959
11.84 -1.05525
11.92 -0.858123
12 -0.642356
12.08 -0.412567
12.16 -0.173728
12.24 0.0689393
12.32 0.310074
12.4 0.5443
12.48 0.766345
12.56 0.971164
12.64 1.15406
12.72 1.31079
12.8 1.43768
12.88 1.5317
12.96 1.59056
13.04 1.61278
13.12 1.59769
13.2 1.54551
13.28 1.45732
13.36 1.33504
13.44 1.18143
13.52 1
