1  35.7456    0.000186626  5.03415e-05    0.000520488  0.000140806    0.000748006  0.000174227    0.00101094  0.000104476    0.00120904  0.000212073    0.00151999  0.000162884    0.00157643  0.000973344    0.000799179  0.00165383    0.000383584  0.00161707    0.000305788  0.00110608  0.00826008  0.00619513  0.0144552
1.1  35.6456    0.000306074  8.77869e-05    0.00085324  0.000239318    0.00121881  0.00029189    0.00164308  0.00015113    0.00195967  0.000316269    0.00246025  0.000226728    0.00251302  0.00155289    0.00127108  0.0026163    0.000612431  0.00235165    0.000481894  0.00151849  0.0133195  0.00935245  0.022672
1.2  35.5456    0.000544412  0.000162859    0.00151747  0.000436992    0.00215602  0.000529336    0.00290112  0.000243743    0.00344971  0.000518695    0.00432628  0.000337913    0.00435651  0.00268548    0.00218872  0.00449863    0.00105634  0.00374689    0.000813722  0.00228279  0.0233103  0.0154433  0.0387536
1.3  35.4456    0.00107909  0.000330696    0.00300863  0.000879087    0.00425573  0.00106474    0.00572033  0.000451651    0.00678174  0.000965919    0.0084993  0.00055827    0.0084484  0.0051876    0.00420027  0.0086545    0.0020252  0.00677174    0.00151757  0.00391915  0.0455363  0.0287834  0.0743196
1.4  35.3456    0.00251734  0.000778047    0.00702346  0.00205714    0.00990095  0.00250527    0.0133047  0.00101274    0.0157304  0.00216073    0.0197096  0.00109096    0.0193661  0.0118481    0.0095016  0.0196895    0.00456365  0.0147188    0.00331323  0.00820088  0.104931  0.0640621  0.168993
1.5  35.2456    0.0079046  0.0024321    0.0220778  0.00640989    0.0310478  0.00788369    0.0417407  0.00312462    0.0492357  0.00663209    0.0617011  0.00291967    0.0600088  0.0366339    0.0290043  0.0605726    0.0138375  0.0439918    0.00971817  0.0239815  0.326276  0.194582  0.520858
1.6  35.1456    0.0542483  0.0164425    0.15173  0.0432452    0.213047  0.053901    0.286724  0.021408    0.337577  0.045213    0.423268  0.0175933    0.407963  0.24906    0.194079  0.408819    0.0917348  0.292599    0.0623673  0.158323  2.22274  1.3066  3.52934
1.7  35.0456    0.297128  0.0879852    0.832443  0.231042    1.1679  0.292594    1.57418  0.11832    1.85085  0.249051    2.32263  0.0880754    2.22096  1.35919    1.03978  2.20843    0.4859  1.57427    0.320662  0.853721  12.1124  7.06268  19.1751
1.8  34.9456    0.0292744  0.00841497    0.0821685  0.0220691    0.115249  0.0284601    0.155625  0.0118569    0.1828  0.0248953    0.229644  0.00828103    0.218047  0.134054    0.100482  0.214951    0.0463504  0.153694    0.0298044  0.0839204  1.18944  0.690597  1.88004
1.9  34.8456    0.0122409  0.0033988    0.0344262  0.00890506    0.0482919  0.0117161    0.0653394  0.00507327    0.0767012  0.0106244    0.0964794  0.00344117    0.0910309  0.0563211    0.0413113  0.0888595    0.0187911  0.0640017    0.011827  0.0352079  0.496439  0.287549  0.783988
2  34.7456    0.00771447  0.00206111    0.0217401  0.00539783    0.0305076  0.00725866    0.0413595  0.00329019    0.0485321  0.00686068    0.0611328  0.00222695    0.0573522  0.0357537    0.0256456  0.0553588    0.0114967  0.0402605    0.0071157  0.0222726  0.312597  0.180741  0.493338
2.1  34.6456    0.00584796  0.00149876    0.0165132  0.00392811    0.0231829  0.0054112    0.0314875  0.00258551    0.0369336  0.00534526    0.0465918  0.00177489    0.0434813  0.0273307    0.0191659  0.0414349    0.00846471  0.030479    0.00517433  0.0169091  0.236843  0.136697  0.373541
2.2  34.5456    0.00500941  0.00122865    0.014173  0.00322492    0.0199079  0.00455718    0.0270857  0.00230291    0.0317639  0.00471105    0.0401365  0.00162357    0.0372801  0.0236378    0.016211  0.0350167    0.00705741  0.0260552    0.00428086  0.0144359  0.202906  0.116794  0.3197
2.3  34.4456    0.00465072  0.00108966    0.0131827  0.00286672    0.0185267  0.00416069    0.0252449  0.0022281    0.0296028  0.00450124    0.0374741  0.00162202    0.0346594  0.0221694    0.0148799  0.032038    0.00639131  0.0241036    0.00386286  0.0132814  0.188475  0.108061  0.296536
2.4  34.3456    0.00457354  0.00102217    0.0129866  0.00269795    0.0182599  0.00402619    0.0249132  0.00228668    0.0292144  0.00455432    0.0370561  0.00172028    0.034142  0.022025    0.0144828  0.0310111    0.00614515  0.0235737    0.0037135  0.0128681  0.185487  0.105785  0.291273
2.5  34.2456    0.0046975  0.00100027    0.0133599  0.00265143    0.0187926  0.00407223    0.0256659  0.00245247    0.0300997  0.00480962    0.0382615  0.00190304    0.0351311  0.0228461    0.0147356  0.0313108    0.00618559  0.0240289    0.0037477  0.0129506  0.190677  0.108025  0.298703
2.6  34.1456    0.00499131  0.00101163    0.0142162  0.00269579    0.0200036  0.00426443    0.0273401  0.00272043    0.0320673  0.00524954    0.0408559  0.00216993    0.0373957  0.0244995    0.0155216  0.0326645    0.00645643  0.0252841    0.00393028  0.0134188  0.202778  0.113979  0.316757
2.7  34.0456    0.00545034  0.0010508    0.0155442  0.00281766    0.0218781  0.00459239    0.0299175  0.00309717    0.0350958  0.0058806    0.0448195  0.00252866    0.0409041  0.0269766    0.0168132  0.0349884    0.00694244  0.0272872    0.00425219  0.0142341  0.221617  0.123454  0.345071
2.8  33.9456    0.00607406  0.00111381    0.0173442  0.00300843    0.0244177  0.00505184    0.0334019  0.00359309    0.0391876  0.00671274    0.0501589  0.00298643    0.0456468  0.0302784    0.0185938  0.0382252    0.00763481  0.0300051    0.00470904  0.015371  0.247169  0.136346  0.383515
2.9  33.8456    0.00686748  0.00119872    0.0196329  0.00326467    0.027649  0.00564379    0.0378332  0.0042204    0.0443864  0.00775877    0.0569269  0.00354776    0.0516509  0.0344279    0.0208648  0.0423694    0.00853405  0.0334352    0.00530194  0.0168249  0.279648  0.152691  0.432339
3  33.7456    0.00781931  0.00130193    0.0223805  0.00358015    0.0315351  0.00636188    0.0431665  0.00498589    0.0506302  0.00901198    0.0650304  0.00420323    0.0588036  0.0393484    0.0235721  0.047322    0.00961939  0.037505    0.00601939  0.0185633  0.318577  0.172184  0.49076
3.1  33.6456    0.00888118  0.00141565    0.0254514  0.00394118    0.0358894  0.00718481    0.0491499  0.00588623    0.057603  0.0104246    0.0740347  0.00491965    0.0666803  0.0447417    0.0265407  0.0527505    0.0108231  0.0419788    0.00682423  0.0204812  0.361878  0.193724  0.555602
3.2  33.5456    0.0100514  0.00154179    0.0288458  0.00435013    0.0407286  0.00810533    0.0558306  0.00691567    0.0653658  0.0119855    0.0839933  0.0056801    0.075291  0.0506321    0.0297794  0.0587595    0.0121569  0.0468914    0.00772408  0.0226121  0.409767  0.217474  0.62724
3.3  33.4456    0.0112685  0.00167264    0.0323918  0.00478873    0.0458231  0.0090859    0.0629108  0.00805375    0.0735679  0.0136288    0.0944346  0.0064516    0.0841915  0.056729    0.03312  0.0650471    0.0135626  0.0520071    0.00869304  0.0248514  0.459964  0.242316  0.70228
3.4  33.3456    0.0124606  0.00179847    0.0358856  0.00523258    0.0508952  0.0100812    0.0700229  0.00927682    0.0817887  0.015284    0.104817  0.00721385    0.092906  0.0627221    0.0363921  0.0712469    0.0149866  0.0570514    0.00971587  0.0270672  0.509871  0.266975  0.776846
3.5  33.2456    0.0135574  0.00190883    0.0391263  0.00565446    0.0556673  0.0110451    0.0767929  0.0105624    0.0896112  0.0168891    0.114628  0.00796412    0.101016  0.0683366    0.0394566  0.0769871    0.0163934  0.0617537    0.0107931  0.0291215  0.557042  0.290223  0.847265
3.6  33.1456    0.0145031  0.0019949    0.0419535  0.00603047    0.0599145  0.0119389    0.0829125  0.0118915    0.0967017  0.0183996    0.123477  0.00871252    0.108232  0.0733745    0.0422283  0.0819668    0.0177699  0.0658961    0.0119371  0.0308999  0.599629  0.311105  0.910734
3.7  33.0456    0.0152698  0.00205207    0.0442857  0.00634661    0.0635197  0.0127395    0.0882183  0.0132499    0.102896  0.0197969    0.13119  0.00947486    0.114459  0.07776    0.044693  0.0860426    0.0191271  0.0693687    0.0131637  0.032343  0.636822  0.329174  0.965996
3.8  32.9456    0.0158556  0.00208022    0.0461139  0.00660137    0.0664642  0.0134423    0.0926761  0.0146278    0.108169  0.0210805    0.137766  0.0102626    0.119738  0.0814986    0.0468771  0.0891991    0.0204822  0.0721521    0.0144782  0.0334407  0.66862  0.344385  1.013
3.9  32.8456    0.0162886  0.00208403    0.0475154  0.00680554    0.0688479  0.0140601    0.0964123  0.0160183    0.112674  0.0222714    0.143418  0.0110831    0.12427  0.0847088    0.0488544  0.0915876    0.021859  0.0743417    0.0158738  0.0342429  0.696014  0.357203  1.05322
4  32.7456    0.0165135  0.00211557    0.0482739  0.00737938    0.0702375  0.0153233    0.0986461  0.0183074    0.115098  0.0242408    0.146447  0.0120398    0.126767  0.0863869    0.0499938  0.0923841    0.022988  0.0748752    0.0172225  0.0339258  0.712187  0.366978  1.07917
4.1  32.6456    0.0166959  0.00209587    0.0489406  0.00751812    0.071578  0.0157621    0.100931  0.0195363    0.117991  0.0250729    0.150118  0.0128486    0.129643  0.0884092    0.0514456  0.0930911    0.0243139  0.0758347    0.0186588  0.0341351  0.730315  0.374304  1.10462
4.2  32.5456    0.0168688  0.00207273    0.0495803  0.00765323    0.0728882  0.0161794    0.103185  0.0207507    0.120891  0.0259007    0.153858  0.0136852    0.13259  0.090422    0.0529408  0.0937582    0.0257004  0.0767009    0.0201102  0.0343087  0.748612  0.381432  1.13004
4.3  32.4456    0.0170719  0.00205204    0.0503051  0.00780161    0.0743199  0.0166013    0.105607  0.0219594    0.124014  0.0267557    0.157932  0.0145496    0.135815  0.0925625    0.0545403  0.0945656    0.0271569  0.0776042    0.0215662  0.0345103  0.768328  0.388962  1.15729
4.4  32.3456    0.0173356  0.0020379    0.0512008  0.00797555    0.0759917  0.0170492    0.108357  0.0231771    0.127534  0.0276646    0.162554  0.0154462    0.139481  0.0949452    0.0562991  0.0956438    0.0286995  0.0786388    0.0230309  0.0347822  0.790483  0.397361  1.18784
4.5  32.2456    0.0176816  0.00203291    0.0523305  0.00818323    0.0779945  0.0175396    0.11156  0.0244228    0.13159  0.0286503    0.167895  0.0163829    0.143721  0.097665    0.0582687  0.0970829    0.0303503  0.079865    0.02452  0.0351481  0.815912  0.406973  1.22288
4.6  32.1456    0.0181255  0.00203863    0.0537402  0.00842975    0.080397  0.0180855    0.115314  0.0257174    0.136295  0.0297324    0.174091  0.0173695    0.148641  0.100798    0.0604971  0.0989416    0.0321355  0.0813146    0.0260555  0.0356171  0.845293  0.418044  1.26334
4.7  32.0456    0.0186784  0.00205578    0.0554637  0.00871759    0.0832524  0.0186957    0.119699  0.0270812    0.141742  0.0309278    0.181257  0.0184166    0.154333  0.104407    0.0630275  0.101261    0.0340802  0.0830015    0.0276595  0.0361907  0.879193  0.430755  1.30995
4.8  31.9456    0.0193466  0.00208475    0.0575216  0.00904841    0.0865951  0.0193771    0.124768  0.0285329    0.147994  0.0322479    0.189469  0.0195337    0.160858  0.108533    0.0658953  0.104055    0.0362098  0.0849182    0.0293558  0.0368609  0.918014  0.445192  1.36321
4.9  31.8456    0.0201345  0.00212558    0.0599289  0.009423    0.0904531  0.0201344    0.130569  0.0300904    0.155111  0.033703    0.198802  0.0207321    0.16827  0.113216    0.0691325  0.107337    0.0385475  0.0870579    0.0311656  0.0376216  0.962114  0.46144  1.42355
5  31.7456    0.0210443  0.0021776    0.0626941  0.00984019    0.0948476  0.0209682    0.137143  0.0317697    0.163147  0.0353034    0.209327  0.0220268    0.176617  0.118505    0.0727612  0.11113    0.0411069  0.0894239    0.0331021  0.038474  1.01179  0.479619  1.49141
5.1  31.6456    0.0220713  0.00223782    0.0658077  0.0102925    0.0997782  0.0218682    0.144506  0.0335838    0.172141  0.0370606    0.221096  0.023441    0.185909  0.124469    0.0767722  0.11547    0.0438735  0.0920351    0.0351565  0.0394312  1.06711  0.499889  1.567
5.2  31.5456    0.0232126  0.0023086    0.0692628  0.0107906    0.10524  0.0228496    0.152657  0.0355532    0.182087  0.0389696    0.234097  0.0249791    0.196151  0.131067    0.0812008  0.120304    0.0468945  0.094846    0.0373731  0.040465  1.12817  0.522133  1.65031
5.3  31.4456    0.0244643  0.00238987    0.0730507  0.011337    0.11123  0.0239155    0.161608  0.0376953    0.193008  0.0410351    0.248364  0.0266574    0.207364  0.138329    0.0860627  0.125643    0.0501866  0.0978574    0.0397686  0.041574  1.19511  0.546434  1.74154
5.4  31.3456    0.0258202  0.00248144    0.0771566  0.0119345    0.117741  0.0250677    0.171364  0.0400277    0.204919  0.0432601    0.263921  0.028494    0.21956  0.146281    0.0913688  0.131499    0.0537637  0.101068    0.0423582  0.0427553  1.26797  0.572869  1.84084
5.5  31.2456    0.0272728  0.00258297    0.0815612  0.0125855    0.124756  0.0263068    0.181917  0.0425676    0.217828  0.0456462    0.280787  0.030509    0.232741  0.154954    0.0971268  0.137878    0.057638  0.104475    0.045155  0.0440044  1.34678  0.60151  1.94829
5.6  31.1456    0.0288143  0.00269406    0.0862443  0.0132925    0.132259  0.0276333    0.193261  0.0453316    0.23174  0.0481954    0.298977  0.0327228    0.246912  0.164378    0.103343  0.144788    0.0618203  0.108073    0.0481713  0.0453153  1.43154  0.632425  2.06397
5.7  31.0456    0.0304372  0.00281393    0.0911859  0.0140568    0.140231  0.0290464    0.205382  0.0483346    0.246654  0.0509106    0.318504  0.0351556    0.262076  0.174581    0.110022  0.152235    0.0663159  0.111857    0.0514139  0.0466824  1.52222  0.665673  2.1879
5.8  30.9456    0.0321379  0.0029424    0.0963771  0.0148812    0.148669  0.0305474    0.218286  0.0515906    0.262587  0.0537952    0.339406  0.0378283    0.278259  0.185601    0.117176  0.160225    0.0711379  0.115823    0.054895  0.0480999  1.61893  0.701334  2.32026
5.9  30.8456    0.0339149  0.00307886    0.101813  0.015767    0.157571  0.0321355    0.231978  0.0551095    0.279558  0.0568528    0.361724  0.0407611    0.295485  0.197476    0.124815  0.168766    0.0762923  0.119968    0.0586197  0.0495648  1.72177  0.73948  2.46125
6  30.7456    0.0357658  0.00322182    0.107487  0.0167124    0.16693  0.0338057    0.246445  0.0588934    0.297562  0.0600846    0.385466  0.0439703    0.313748  0.210224    0.132927  0.177846    0.0817662  0.124288    0.0625779  0.0510762  1.83067  0.780123  2.6108
6.1  30.6456    0.0376786  0.00336705    0.11336  0.0177086    0.17669  0.0355432    0.261605  0.0629329    0.316505  0.0634857    0.410529  0.047466    0.332923  0.223804    0.141433  0.187399    0.0874971  0.12876    0.0667217  0.0526338  1.94494  0.8231  2.76804
6.2  30.5456    0.039665  0.00351732    0.119463  0.0187622    0.186885  0.037351    0.277487  0.0672114    0.336412  0.0670405    0.436953  0.0512468    0.353048  0.238215    0.150356  0.197417    0.0935023  0.133377    0.0710595  0.0542339  2.06483  0.868371  2.9332
6.3  30.4456    0.0417202  0.00367177    0.125774  0.0198688    0.197468  0.0392151    0.294005  0.0716882    0.357163  0.0707203    0.464593  0.055295    0.373988  0.253361    0.159624  0.207817    0.0997268  0.138107    0.0755445  0.0558729  2.18961  0.915617  3.10522
6.4  30.3456    0.0438332  0.00382928    0.132252  0.0210207    0.208359  0.0411141    0.311014  0.0763032    0.378564  0.0744799    0.493193  0.0595779    0.395514  0.269082    0.169122  0.218475    0.106089  0.142904    0.0801095  0.0575447  2.31805  0.964331  3.28238
6.5  30.2456    0.0459855  0.00398845    0.138834  0.0222072    0.219436  0.0430202    0.328303  0.0809779    0.400334  0.078258    0.522385  0.0640479    0.417304  0.285155    0.178697  0.229228    0.112483  0.147705    0.0846683  0.0592399  2.44843  1.01383  3.46226
