1  16.2334    0.000657959  0.000266524    0.00145385  0.00162638    0.00271436  0.00130417    0.00317888  0.0037888    0.00469486  0.00214977    0.00488023  0.0100364    0.000594251  0.0153322    0.000112956  0.0128492    2.99242e-05  0.0145954    6.3077e-06  0.0138885  0.0183236  0.0758374  0.094161
1.1  16.1334    0.000876158  0.00042223    0.00179804  0.00259391    0.00332991  0.00181294    0.00385781  0.00560092    0.00596397  0.00300135    0.00647266  0.0156378    0.000704743  0.0200972    0.000143066  0.0151762    3.95083e-05  0.0156842    7.63101e-06  0.0140353  0.0231935  0.094062  0.117256
1.2  16.0334    0.00130691  0.000744965    0.00246005  0.00460798    0.0045528  0.00284746    0.00516953  0.00923428    0.00839332  0.00472218    0.00955109  0.0267146    0.000905303  0.0292733    0.000200007  0.0195488    5.7311e-05  0.0172963    9.9725e-06  0.0141446  0.0326063  0.129134  0.161741
1.3  15.9334    0.00229118  0.00149372    0.00397677  0.00932729    0.0074375  0.00524565    0.00818114  0.0175328    0.0138331  0.0086993    0.0163619  0.0515867    0.0013326  0.0498008    0.000323602  0.0293408    9.50347e-05  0.0207466    1.48932e-05  0.0146824  0.0538477  0.208456  0.262304
1.4  15.8334    0.00502411  0.0035651    0.00826483  0.0225573    0.0157644  0.0119473    0.0166773  0.0404062    0.028727  0.0198177    0.0345452  0.118892    0.00244573  0.105595    0.000648011  0.0562629    0.000191578  0.0307501    2.7676e-05  0.0172535  0.112316  0.427047  0.539363
1.5  15.7334    0.0156391  0.0115049    0.0253272  0.0740148    0.0493165  0.0380438    0.0502947  0.128413    0.0859638  0.0632793    0.102221  0.372986    0.00651309  0.317418    0.00183725  0.159986    0.000536918  0.0719081    7.4579e-05  0.0302375  0.337724  1.26779  1.60552
1.6  15.6334    0.110409  0.0811497    0.181616  0.532094    0.358679  0.271143    0.355871  0.906442    0.592509  0.454043    0.680334  2.57646    0.0407132  2.16261    0.0118569  1.07735    0.00337853  0.454501    0.000472018  0.161013  2.33584  8.67681  11.0126
1.7  15.5334    0.635086  0.455762    1.07947  3.04914    2.1435  1.56013    2.08978  5.15159    3.36566  2.64121    3.67577  14.2563    0.213977  11.9896    0.062752  6.07096    0.0173047  2.64274    0.00251366  0.945029  13.2858  48.7624  62.0482
1.8  15.4334    0.0663302  0.0459302    0.117211  0.313475    0.232272  0.16213    0.224141  0.528465    0.349262  0.278312    0.35998  1.41958    0.0208257  1.20345    0.00606464  0.626796    0.00161405  0.28849    0.000248004  0.110523  1.37795  4.97715  6.3551
1.9  15.3334    0.0294794  0.0196026    0.0541572  0.136328    0.10653  0.071463    0.102223  0.230046    0.154647  0.124575    0.14993  0.59882    0.008707  0.511889    0.00250484  0.274677    0.000643468  0.132082    0.000105081  0.0536129  0.608928  2.1531  2.76202
2  15.2334    0.0197447  0.0125963    0.0376252  0.0890999    0.0731954  0.0473686    0.0700246  0.150624    0.10325  0.0838337    0.0940199  0.379437    0.0054981  0.326365    0.00156307  0.179852    0.000388015  0.0885546    6.71856e-05  0.0372796  0.405376  1.39501  1.80039
2.1  15.1334    0.0159157  0.0097471    0.0313883  0.0699501    0.0602167  0.0377379    0.0575069  0.118336    0.0828654  0.0676525    0.0707323  0.287894    0.00416639  0.24865    0.00117429  0.14012    0.000281786  0.0694532    5.14752e-05  0.0298573  0.324299  1.0794  1.4037
2.2  15.0334    0.0144635  0.00852226    0.0294222  0.0618905    0.0555953  0.0338268    0.0530489  0.10465    0.0749658  0.0612635    0.0600088  0.245704    0.00355243  0.212335    0.000996748  0.121561    0.000231649  0.059826    4.42587e-05  0.0259474  0.29233  0.935526  1.22786
2.3  14.9334    0.0142157  0.00807933    0.0297413  0.0592207    0.0553258  0.0327308    0.0527678  0.0999158    0.0733265  0.0596716    0.0550797  0.226228    0.00326862  0.195021    0.000917004  0.112708    0.000206744  0.0546145    4.09341e-05  0.0237165  0.28489  0.871906  1.1568
2.4  14.8334    0.0147748  0.00811935    0.0317124  0.0599218    0.0580818  0.0334309    0.0553747  0.100695    0.0758178  0.0610925    0.0534827  0.219695    0.00317477  0.188461    0.000894213  0.109323    0.000195847  0.0519572    3.98175e-05  0.0224865  0.293549  0.855182  1.14873
2.5  14.7334    0.0160161  0.00852961    0.0351932  0.0632413    0.0634947  0.0355614    0.0605032  0.105674    0.0817385  0.0648425    0.0541999  0.221995    0.00321352  0.189158    0.000911911  0.109601    0.000194247  0.051072    4.01992e-05  0.0219725  0.315505  0.871648  1.18715
2.6  14.6334    0.0179371  0.0092766    0.0402758  0.0689704    0.0716401  0.0390359    0.068211  0.114454    0.0910264  0.0706996    0.0568033  0.23136    0.00336155  0.19556    0.000963654  0.112739    0.00019986  0.0516202    4.1766e-05  0.0220526  0.350461  0.915769  1.26623
2.7  14.5334    0.0206095  0.0103726    0.0472048  0.0772167    0.0828739  0.0439373    0.0788239  0.127166    0.104001  0.0787215    0.0611903  0.247279    0.00361403  0.20714    0.00104829  0.118456    0.000211943  0.053493    4.44173e-05  0.0226913  0.399622  0.986473  1.38609
2.8  14.4334    0.0241237  0.0118418    0.0562713  0.0881571    0.0976202  0.0503974    0.0927295  0.144039    0.121062  0.0890187    0.0673028  0.269416    0.00396991  0.223541    0.00116556  0.126574    0.000229956  0.0566295    4.80832e-05  0.0238763  0.464523  1.08349  1.54801
2.9  14.3334    0.0285773  0.0137176    0.0677789  0.102036    0.116326  0.0585777    0.110342  0.165441    0.142683  0.101776    0.07516  0.297829    0.00443336  0.244688    0.00131575  0.137056    0.000253562  0.0610316    5.27491e-05  0.0256225  0.546922  1.20778  1.7547
3  14.2334    0.034007  0.0160097    0.0818887  0.118902    0.139168  0.0685548    0.131825  0.19142    0.169047  0.117028    0.0846101  0.331958    0.00500147  0.270061    0.00149581  0.149666    0.000281694  0.0666257    5.82983e-05  0.027927  0.647383  1.35815  2.00554
3.1  14.1334    0.0403259  0.0186776    0.0984719  0.138369    0.165777  0.0802424    0.156831  0.221203    0.199694  0.134439    0.0951143  0.369555    0.00565447  0.298043    0.0016968  0.163682    0.000311888  0.0731539    6.43723e-05  0.0307349  0.763942  1.5281  2.29204
3.2  14.0334    0.0474782  0.0217089    0.117389  0.160422    0.195907  0.0935834    0.185215  0.255051    0.234748  0.154187    0.10686  0.411662    0.0064065  0.329015    0.00191527  0.179277    0.000343751  0.0807149    7.10634e-05  0.0341136  0.896333  1.71973  2.61607
3.3  13.9334    0.0552386  0.0250031    0.138123  0.18431    0.2286  0.108231    0.216187  0.291868    0.273484  0.17574    0.119432  0.456301    0.00724214  0.361352    0.00214036  0.195717    0.000375078  0.0890487    7.8061e-05  0.0380208  1.0409  1.92559  2.96649
3.4  13.8334    0.0633467  0.0284334    0.160072  0.209066    0.262777  0.123748    0.248881  0.330215    0.315158  0.198307    0.132413  0.500852    0.00814411  0.393033    0.00236247  0.212105    0.00040407  0.0978272    8.50388e-05  0.042399  1.19364  2.13599  3.32963
3.5  13.7334    0.0715531  0.0318683    0.182669  0.23366    0.297454  0.139694    0.282553  0.368556    0.359195  0.220942    0.145467  0.542429    0.00909627  0.421953    0.00257526  0.227518    0.000429706  0.106701    9.17294e-05  0.0471883  1.35108  2.34051  3.69159
3.6  13.6334    0.0796481  0.0351908    0.205446  0.257168    0.33186  0.155669    0.316655  0.405541    0.405276  0.242701    0.158369  0.578505    0.0100846  0.44636    0.00277575  0.241204    0.000451758  0.115375    9.79765e-05  0.0523478  1.51066  2.53006  4.04073
3.7  13.5334    0.0874967  0.0383278    0.228098  0.279005    0.365562  0.17144    0.350928  0.440337    0.453351  0.262971    0.171078  0.60761    0.0111003  0.46536    0.00296422  0.252809    0.00047073  0.123698    0.000103767  0.0578825  1.67115  2.69944  4.37059
3.8  13.4334    0.0950401  0.0412545    0.250484  0.298957    0.398435  0.186935    0.385332  0.472614    0.503496  0.281505    0.183603  0.629255    0.0121349  0.478869    0.00314225  0.262359    0.000487356  0.13167    0.000109141  0.063841  1.83226  2.84726  4.67952
3.9  13.3334    0.102308  0.0439969    0.272643  0.317247    0.430696  0.202229    0.420071  0.502714    0.55594  0.298526    0.196031  0.644368    0.0131818  0.487799    0.00331216  0.27032    0.000502595  0.13946    0.000114195  0.0703174  1.9948  2.97698  4.97178
4  13.2334    0.109829  0.0472858    0.296103  0.336367    0.465062  0.222213    0.455819  0.531687    0.611984  0.310114    0.206447  0.633827    0.0140476  0.481685    0.00343693  0.271623    0.000503297  0.14488    0.000115703  0.0763881  2.16335  3.05607  5.21942
4.1  13.1334    0.116005  0.0495335    0.316052  0.350184    0.493334  0.236044    0.488243  0.554094    0.66457  0.324868    0.217382  0.637325    0.0150407  0.482999    0.00358137  0.277354    0.000516504  0.152694    0.000119813  0.0840433  2.31484  3.14914  5.46398
4.2  13.0334    0.122263  0.0517945    0.336449  0.364143    0.522525  0.250233    0.522217  0.576861    0.720277  0.340249    0.228557  0.640066    0.0160315  0.484375    0.00372383  0.28361    0.000530567  0.161106    0.000123815  0.0924733  2.4727  3.24491  5.71761
4.3  12.9334    0.128781  0.0541542    0.357691  0.378933    0.553338  0.265091    0.558334  0.600929    0.77968  0.356934    0.240089  0.643645    0.0170225  0.486946    0.00386626  0.290858    0.000545953  0.170289    0.000127768  0.101708  2.63947  3.34949  5.98896
4.4  12.8334    0.135729  0.0566921    0.380183  0.395157    0.586462  0.280947    0.597209  0.627123    0.843507  0.37545    0.252125  0.649279    0.0180214  0.491477    0.00401128  0.299381    0.000563076  0.180344    0.000131755  0.111739  2.81794  3.46759  6.28553
4.5  12.7334    0.14327  0.05948    0.404316  0.413326    0.622555  0.298137    0.639439  0.656155    0.912581  0.396157    0.264828  0.657854    0.0190389  0.498402    0.00416196  0.309293    0.000582308  0.191298    0.000135881  0.12252  3.01091  3.60262  6.61353
4.6  12.6334    0.151538  0.0625793    0.43043  0.433842    0.662179  0.316956    0.685548  0.688621    0.987721  0.419214    0.278305  0.670025    0.0200836  0.507883    0.00432102  0.320561    0.000603915  0.203112    0.000140249  0.133959  3.22087  3.75675  6.97762
4.7  12.5334    0.160647  0.0660459    0.458804  0.457055    0.705827  0.337704    0.73599  0.725006    1.06967  0.444757    0.292685  0.686241    0.0211653  0.519901    0.00449124  0.333054    0.000628126  0.215695    0.000144953  0.14593  3.45005  3.93139  7.38144
4.8  12.4334    0.170688  0.0699286    0.489655  0.483236    0.753903  0.360661    0.791129  0.765665    1.15911  0.472809    0.308054  0.706664    0.0222928  0.534214    0.00467526  0.346533    0.000655095  0.228903    0.000150065  0.158272  3.70031  4.12689  7.8272
4.9  12.3334    0.181727  0.0742674    0.523146  0.512602    0.806724  0.38606    0.851257  0.810907    1.25666  0.50336    0.324458  0.731444    0.0234722  0.550552    0.00487487  0.360753    0.000684898  0.242586    0.000155639  0.170821  3.97316  4.34335  8.31651
5  12.2334    0.193802  0.0790884    0.559368  0.545307    0.864471  0.414046    0.916572  0.861008    1.3628  0.53642    0.341878  0.760825    0.0247052  0.568727    0.00509009  0.37552    0.000717448  0.256618    0.000161707  0.183424  4.26956  4.58098  8.85055
5.1  12.1334    0.206892  0.084389    0.598287  0.581398    0.927053  0.444599    0.987076  0.916125    1.47756  0.572131    0.360215  0.795241    0.0259847  0.588765    0.00531719  0.390772    0.000752285  0.27093    0.000168249  0.195963  4.58931  4.84031  9.42962
5.2  12.0334    0.221056  0.090215    0.640051  0.621006    0.994821  0.478102    1.06308  0.976373    1.60192  0.610282    0.379546  0.83389    0.0273292  0.609914    0.00556091  0.406109    0.000789662  0.285323    0.000175304  0.208286  4.93433  5.1195  10.0538
5.3  11.9334    0.236293  0.0965796    0.684668  0.664187    1.06782  0.514703    1.14467  1.04192    1.73633  0.650862    0.399841  0.876691    0.028744  0.631914    0.00582096  0.421376    0.000829449  0.299697    0.000182878  0.220288  5.3052  5.41822  10.7234
5.4  11.8334    0.25258  0.103488    0.732092  0.710941    1.14603  0.554519    1.23188  1.1129    1.88113  0.693837    0.421041  0.923498    0.0302333  0.654497    0.00609658  0.436427    0.000871478  0.313948    0.000190972  0.231874  5.70215  5.73593  11.4381
5.5  11.7334    0.269878  0.110936    0.782227  0.761216    1.22934  0.597636    1.32463  1.18939    2.03658  0.739146    0.443058  0.97411    0.0317998  0.677378    0.00638668  0.451118    0.000915567  0.327959    0.000199576  0.242953  6.12501  6.07185  12.1969
5.6  11.6334    0.288125  0.118911    0.834929  0.814882    1.31755  0.644055    1.4228  1.27149    2.20275  0.786631    0.465708  1.02832    0.0334404  0.70027    0.00668938  0.465305    0.000961507  0.341605    0.000208675  0.253435  6.57317  6.4249  12.9981
5.7  11.5334    0.307259  0.127397    0.890035  0.871824    1.41049  0.693801    1.52621  1.35921    2.37966  0.836265    0.488887  1.08584    0.0351548  0.722894    0.00700335  0.478857    0.00100918  0.354752    0.00021825  0.263238  7.04592  6.79408  13.84
5.8  11.4334    0.327239  0.136384    0.947415  0.931963    1.50807  0.746938    1.63475  1.45266    2.56736  0.888025    0.512515  1.14632    0.0369443  0.744946    0.00732847  0.49163    0.00105867  0.367258    0.000228297  0.272284  7.54291  7.17841  14.7213
5.9  11.3334    0.348019  0.145854    1.00692  0.995203    1.61018  0.803453    1.74828  1.55193    2.76579  0.941892    0.536453  1.20945    0.0388043  0.766177    0.00766401  0.503512    0.00111009  0.378986    0.000238797  0.280514  8.06347  7.57697  15.6404
6  11.2334    0.36953  0.155772    1.06834  1.06138    1.71659  0.863201    1.86654  1.65696    2.97451  0.99784    0.56046  1.27489    0.0407203  0.78641    0.00800749  0.514428    0.00116339  0.389813    0.00024969  0.287881  8.60612  7.98857  16.5947
6.1  11.1334    0.39164  0.166068    1.13131  1.13016    1.82671  0.925815    1.98894  1.76723    3.19223  1.05586    0.584172  1.34208    0.0426616  0.805565    0.00835248  0.524376    0.00121804  0.399649    0.000260829  0.294358  9.16749  8.41116  17.5787
6.2  11.0334    0.414337  0.176737    1.19564  1.20159    1.94058  0.991339    2.11527  1.88275    3.41877  1.11597    0.607505  1.41049    0.0446272  0.823308    0.00870154  0.533188    0.00127461  0.408328    0.000272184  0.299897  9.74698  8.8436  18.5906
6.3  10.9334    0.437475  0.187704    1.26086  1.27535    2.05749  1.05939    2.24473  2.0028    3.6526  1.17814    0.630104  1.47942    0.0465885  0.839458    0.00905008  0.540785    0.00133274  0.415719    0.000283586  0.304463  10.3405  9.28323  19.6237
6.4  10.8334    0.460848  0.198872    1.32628  1.35101    2.17643  1.12943    2.37615  2.12624    3.8915  1.24224    0.651532  1.54797    0.0485092  0.853827    0.00939157  0.547086    0.00139175  0.421691    0.000294809  0.308015  10.9423  9.72638  20.6687
6.5  10.7334    0.484187  0.210114    1.39108  1.42798    2.296  1.20077    2.50804  2.25146    4.13267  1.30808    0.671297  1.61508    0.0503464  0.866225    0.00971778  0.552006    0.00145065  0.426112    0.000305578  0.310509  11.5451  10.1683  21.7134
6.6  10.6334    0.507162  0.221283    1.45427  1.50553    2.41448  1.27255    2.63862  2.37647    4.37275  1.37525    0.688772  1.67962    0.0520477  0.876488    0.0100183  0.555471    0.00150807  0.42887    0.000315589  0.31191  12.1399  10.6034  22.7434
6.7  10.5334    0.529442  0.232229    1.5149  1.58291    2.53009  1.344    2.76607  2.49898    4.60824  1.44341    0.703533  1.74032    0.053569  0.884496    0.0102834  0.557442    0.0015625  0.429895    0.000324547  0.3122  12.718  11.0259  23.7439
6.8  10.4334    0.550744  0.242831    1.57218  1.65953    2.64129  1.41452    2.88881  2.6169    4.83623  1.51219    0.715321  1.79613    0.05488  0.890164    0.0105062  0.557884    0.00161273  0.429143    0.000332232  0.31138  13.2719  11.4307  24.7026
6.9  10.3334    0.570833  0.252985    1.62549  1.73487    2.74678  1.48365    3.00555  2.72834    5.05427  1.58116    0.723955  1.84621    0.0559563  0.893518    0.0106807  0.556823    0.00165763  0.426642    0.000338498  0.309488  13.7955  11.8137  25.6092
7  10.2334    0.589552  0.262622    1.67452  1.80851    2.84563  1.55112    3.11549  2.83177    5.26068  1.64987    0.729365  1.89002    0.056782  0.894702    0.0108029  0.554351    0.00169629  0.422492    0.000343287  0.306601  14.2849  12.1721  26.4569
7.1  10.1334    0.606836  0.271706    1.71929  1.8802    2.93745  1.61693    3.21837  2.92602    5.45456  1.7178    0.731663  1.92719    0.0573509  0.893981    0.01087  0.550654    0.00172791  0.416882    0.000346622  0.302851  14.7385  12.5042  27.2427
7.2  10.0334    0.622826  0.280312    1.76024  1.95036    3.02294  1.68169    3.31476  3.01164    5.6373  1.78505    0.731366  1.9583    0.0577038  0.891546    0.0108913  0.545776    0.00175349  0.409936    0.000348744  0.298327  15.1601  12.8129  27.9731
7.3  9.93344    0.637679  0.288516    1.79791  2.01932    3.10289  1.74603    3.40544  3.08915    5.81027  1.8516    0.728898  1.9839    0.0578705  0.887716    0.0108732  0.539871    0.00177369  0.401858    0.000349881  0.293155  15.554  13.1011  28.6551
7.4  9.83344    0.651603  0.296414    1.83299  2.08755    3.17836  1.81065    3.4914  3.15951    5.97523  1.91753    0.724709  2.00475    0.0578851  0.882819    0.0108232  0.533098    0.00178942  0.392858    0.000350289  0.287456  15.9251  13.3726  29.2978
7.5  9.73344    0.664821  0.304118    1.86615  2.15554    3.25052  1.87629    3.57364  3.22391    6.13406  1.98305    0.719227  2.02165    0.0577824  0.877165    0.0107495  0.5256    0.00180169  0.383136    0.000350224  0.281335  16.2791  13.6318  29.9109
7.6  9.63344    0.677521  0.311721    1.898  2.22366    3.32033  1.94346    3.65306  3.28351    6.28826  2.04835    0.712685  2.03542    0.0575868  0.87103    0.0106586  0.517506    0.00181148  0.372874    0.00034991  0.274876  16.6203  13.8824  30.5027
7.7  9.53344    0.689891  0.319321    1.92905  2.29232    3.38875  2.01278    3.73038  3.3394    6.43918  2.11367    0.705439  2.0467    0.057327  0.864635    0.0105571  0.508926    0.00181967  0.362233    0.000349534  0.268141  16.9527  14.1281  31.0809
7.8  9.43344    0.70208  0.327005    1.95965  2.36192    3.45654  2.08474    3.80604  3.39258    6.58781  2.1794    0.697771  2.05608    0.0570297  0.858135    0.0104517  0.499925    0.00182719  0.35133    0.000349248  0.261156  17.2796  14.3723  31.6518
7.9  9.33344    0.714171  0.334829    1.98999  2.43263    3.52411  2.1596    3.88019  3.44373    6.73447  2.2458    0.689813  2.06398    0.0567097  0.851638    0.0103465  0.490558    0.00183464  0.340263    0.000349148  0.253934  17.602  14.617  32.2189
8  9.23344    0.726185  0.342816    2.02009  2.50438    3.59151  2.23731    3.95271  3.49314    6.87891  2.31295    0.681572  2.0706    0.056372  0.845205    0.0102436  0.480871    0.00184235  0.329115    0.00034928  0.246477  17.9198  14.8629  32.7826
8.1  9.13344    0.738104  0.350958    2.04991  2.57695    3.65868  2.31778    4.02338  3.54074    7.02052  2.38055    0.673048  2.07579    0.0560155  0.83883    0.010143  0.470899    0.00185025  0.317957    0.000349652  0.238788  18.232  15.1093  33.3412
8.2  9.03344    0.749906  0.359278    2.07921  2.6504    3.72537  2.4009    4.0916  3.58677    7.15866  2.44914    0.664303  2.07984    0.055653  0.832511    0.0100485  0.460636    0.0018589  0.306803    0.000350275  0.230825  18.537  15.3571  33.8941
8.3  8.93344    0.761524  0.367753    2.10775  2.72445    3.79116  2.48633    4.15676  3.63097    7.29222  2.51867    0.655295  2.08265    0.0552835  0.826227    0.00996039  0.450108    0.0018683  0.295689    0.000351122  0.222578  18.8322  15.6054  34.4376
8.4  8.83344    0.77287  0.376347    2.13523  2.7988    3.8555  2.57363    4.21818  3.673    7.41995  2.58899    0.645974  2.08406    0.0549046  0.819948    0.00987822  0.439346    0.00187831  0.284643    0.000352149  0.21404  19.1147  15.8528  34.9675
8.5  8.73344    0.783855  0.385017    2.16134  2.87312    3.91783  2.6623    4.27519  3.71244    7.54052  2.65984    0.636285  2.08388    0.054513  0.813644    0.00980128  0.428388    0.00188874  0.273692    0.000353307  0.205218  19.3816  16.0975  35.4791
8.6  8.63344    0.794358  0.393697    2.18576  2.94689    3.9774  2.7515    4.32714  3.74877    7.6523  2.7308    0.626055  2.08189    0.0540983  0.807285    0.00972764  0.41728    0.00189925  0.262862    0.000354531  0.196131  19.6291  16.3371  35.9662
8.7  8.53344    0.804309  0.402336    2.20827  3.01984    4.03382  2.84079    4.37356  3.78159    7.75428  2.80118    0.615314  2.07779    0.0536594  0.800814    0.00965613  0.406057    0.00190949  0.252173    0.000355767  0.186813  19.8551  16.5694  36.4245
8.8  8.43344    0.813656  0.410901    2.22867  3.0918    4.0867  2.92972    4.41394  3.81068    7.84541  2.87045    0.604099  2.07146    0.0531985  0.794214    0.00958636  0.394771    0.0019192  0.241644    0.000356963  0.177305  20.0575  16.7929  36.8505
8.9  8.33344    0.822343  0.419343    2.24682  3.16252    4.13568  3.0177    4.44795  3.83581    7.92473  2.93782    0.592394  2.0627    0.0527129  0.787444    0.00951694  0.383464    0.00192799  0.231292    0.000358061  0.16766  20.2344  17.0058  37.2402
9  8.23344    0.83032  0.427611    2.26262  3.2317    4.18048  3.10411    4.47547  3.85671    7.99146  3.00225    0.58016  2.05131    0.0521975  0.780428    0.00944583  0.372156    0.00193538  0.221123    0.000359007  0.157941  20.3845  17.2053  37.5898
9.1  8.13344    0.837568  0.435654    2.27613  3.29907    4.22119  3.18864    4.49676  3.87317    8.04568  3.06219    0.567428  2.03693    0.0516476  0.772995    0.00937062  0.360822    0.00194083  0.211128    0.000359758  0.148207  20.5081  17.3888  37.8969
9.2  8.03344    0.844096  0.443474    2.28729  3.36476    4.25764  3.27085    4.51157  3.88541    8.08674  3.11738    0.554264  2.01981    0.0510703  0.765183    0.00929204  0.349525    0.00194423  0.201319    0.000360274  0.138524  20.6043  17.5562  38.1605
9.3  7.93344    0.849918  0.451054    2.29615  3.42873    4.28993  3.35041    4.5201  3.89351    8.11465  3.16688    0.540712  1.99994    0.0504659  0.75691    0.00920905  0.338273    0.00194524  0.191693    0.00036052  0.128959  20.6734  17.7064  38.3798
9.4  7.83344    0.85506  0.458384    2.30285  3.49099    4.31827  3.4271    4.52268  3.89759    8.12969  3.20983    0.526828  1.97735    0.0498352  0.748081    0.0091208  0.327067    0.00194357  0.182244    0.000360469  0.119572  20.7166  17.8382  38.5548
9.5  7.73344    0.859564  0.465465    2.30753  3.5516    4.34294  3.5008    4.51975  3.8978    8.13243  3.24544    0.512678  1.95214    0.0491797  0.738601    0.00902667  0.315906    0.00193901  0.172964    0.000360107  0.110423  20.7354  17.9511  38.6865
9.6  7.63344    0.863446  0.472279    2.31031  3.61041    4.36411  3.57111    4.51187  3.89416    8.12336  3.27317    0.498237  1.92441    0.0484953  0.728375    0.0089255  0.304787    0.00193136  0.163844    0.000359424  0.101563  20.731  18.0441  38.7752
9.7  7.53344    0.866782  0.478845    2.31148  3.66757    4.38242  3.63842    4.49977  3.88688    8.10402  3.2924    0.483657  1.89428    0.0477874  0.717278    0.00881739  0.293691    0.00192059  0.154872    0.000358437  0.0930357  20.707  18.1173  38.8243
9.8  7.43344    0.869656  0.485199    2.31125  3.72336    4.39838  3.70303    4.48394  3.87631    8.07544  3.30306    0.46906  1.86203    0.047063  0.705278    0.00870314  0.282643    0.00190675  0.146054    0.000357164  0.0848824  20.6657  18.1718  38.8376
9.9  7.33344    0.872131  0.491364    2.30983  3.77789    4.41249  3.7652    4.46501  3.86265    8.0389  3.30509    0.454526  1.82786    0.0463255  0.692319    0.00858312  0.271655    0.00188996  0.137393    0.000355633  0.0771356  20.61  18.2086  38.8186
10  7.23344    0.874258  0.497348    2.30742  3.83113    4.42524  3.8252    4.4437  3.84596    7.99581  3.29854    0.440107  1.79194    0.045576  0.678343    0.00845753  0.260732    0.00187041  0.128894    0.000353885  0.069819  20.5428  18.2279  38.7707
10.1  7.13344    0.876081  0.503147    2.30425  3.8829    4.43732  3.88372    4.42086  3.82614    7.94833  3.28345    0.425899  1.7544    0.0448169  0.663268    0.00832676  0.249859    0.00184842  0.120556    0.000351982  0.0629445  20.4681  18.2304  38.6985
10.2  7.03344    0.877671  0.508821    2.3004  3.93358    4.44895  3.94088    4.39652  3.80368    7.89659  3.26064    0.41196  1.7156    0.0440558  0.647217    0.00819255  0.239122    0.00182424  0.112424    0.000349943  0.0565334  20.3865  18.2185  38.605
10.3  6.93344    0.879071  0.51439    2.29597  3.98317    4.46051  3.99706    4.37107  3.77869    7.84161  3.23061    0.398338  1.67572    0.0432961  0.630223    0.00805579  0.228554    0.00179818  0.104527    0.000347814  0.0505912  20.3001  18.1935  38.4936
10.4  6.83344    0.880312  0.519873    2.29106  4.03166    4.47235  4.05262    4.34479  3.75126    7.78425  3.19393    0.38507  1.63489    0.0425405  0.612341    0.0079174  0.218186    0.00177054  0.0968935    0.000345636  0.0451163  20.2104  18.1568  38.3672
10.5  6.73344    0.881417  0.525285    2.28569  4.07896    4.48471  4.10787    4.3179  3.72145    7.7252  3.15122    0.372184  1.59324    0.0417919  0.593644    0.00777826  0.208052    0.00174166  0.0895541    0.000343449  0.0401012  20.1188  18.1094  38.2281
10.6  6.63344    0.882353  0.530611    2.2798  4.12471    4.49752  4.16259    4.29057  3.68909    7.66478  3.10317    0.359627  1.55084    0.0410473  0.574221    0.00763865  0.198182    0.00171182  0.0825394    0.000341282  0.0355326  20.0254  18.0515  38.0769
10.7  6.53344    0.883133  0.535854    2.27342  4.16878    4.5111  4.21737    4.26289  3.65417    7.60378  3.05034    0.347461  1.50774    0.0403114  0.554161    0.00749967  0.188597    0.0016814  0.0758732    0.000339176  0.0313907  19.9316  17.9843  37.9159
10.8  6.43344    0.883778  0.54105    2.26653  4.21124    4.52561  4.27256    4.23471  3.6169    7.54223  2.99335    0.335719  1.46401    0.0395885  0.533598    0.00736235  0.179335    0.00165062  0.0695854    0.000337153  0.0276551  19.8375  17.9093  37.7468
10.9  6.33344    0.884275  0.5462    2.25909  4.2519    4.54108  4.32831    4.20595  3.57726    7.48021  2.93276    0.324398  1.41967    0.0388798  0.512657    0.00722729  0.17042    0.00161971  0.0636951    0.000335232  0.0243002  19.7431  17.8272  37.5702
11  6.23344    0.884579  0.551283    2.25097  4.29036    4.5574  4.38458    4.17654  3.53505    7.4178  2.86911    0.313475  1.37473    0.0381843  0.491461    0.00709479  0.161866    0.00158892  0.0582132    0.00033343  0.0212976  19.648  17.738  37.3859
11.1  6.13344    0.884625  0.556241    2.24207  4.32609    4.57453  4.44162    4.14642  3.48991    7.35541  2.80284    0.302955  1.32916    0.0375021  0.470128    0.00696526  0.153678    0.0015586  0.0531408    0.000331769  0.0186171  19.5524  17.6414  37.1938
11.2  6.03344    0.884444  0.56114    2.23236  4.35934    4.59244  4.49932    4.11524  3.44224    7.29215  2.73442    0.292828  1.28301    0.0368356  0.448823    0.00683918  0.145888    0.00152868  0.0484848    0.000330238  0.0162326  19.455  17.5389  36.9939
11.3  5.93344    0.884007  0.565975    2.22177  4.38993    4.61101  4.55765    4.08286  3.39201    7.22782  2.66419    0.283081  1.23628    0.0361849  0.42767    0.00671672  0.1385    0.00149927  0.0442356    0.00032884  0.0141162  19.3553  17.4306  36.7858
11.4  5.83344    0.883288  0.57074    2.21022  4.41766    4.63015  4.6165    4.04914  3.33917    7.16216  2.59244    0.273701  1.189    0.0355494  0.406792    0.00659797  0.131514    0.00147045  0.0403762    0.000327574  0.0122415  19.2526  17.3164  36.569
11.5  5.73344    0.882262  0.57543    2.19765  4.44237    4.64975  4.67575    4.01397  3.2837    7.09491  2.51942    0.264674  1.14118    0.0349288  0.386299    0.00648292  0.124921    0.00144226  0.0368841    0.000326437  0.0105848  19.1464  17.1965  36.3429
11.6  5.63344    0.880855  0.580002    2.18393  4.46362    4.66931  4.73457    3.97741  3.22535    7.02551  2.44542    0.255933  1.09289    0.0343179  0.36629    0.00637111  0.11871    0.00141475  0.0337319    0.000325415  0.00912543  19.0354  17.0697  36.1051
11.7  5.53344    0.879051  0.58444    2.16905  4.4813    4.68888  4.79312    3.93937  3.16411    6.95396  2.37052    0.247502  1.04418    0.0337184  0.346848    0.00626271  0.112856    0.001388  0.0308888    0.000324511  0.007846  18.9195  16.9361  35.8556
11.8  5.43344    0.876876  0.588777    2.15303  4.49561    4.70855  4.85137    3.89975  3.10023    6.87993  2.29473    0.23939  0.995165    0.0331318  0.328046    0.00615776  0.107336    0.00136194  0.0283237    0.000323717  0.00673317  18.7985  16.7963  35.5948
11.9  5.33344    0.874317  0.593003    2.13588  4.50649    4.72824  4.90904    3.85859  3.03374    6.80315  2.2181    0.231583  0.945966    0.0325572  0.309935    0.00605608  0.102113    0.00133655  0.0260051    0.000323026  0.00577672  18.672  16.6502  35.3222
12  5.23344    0.871336  0.597082    2.11754  4.51373    4.74769  4.96558    3.81597  2.96455    6.72331  2.14068    0.224059  0.896727    0.0319923  0.29255    0.00595735  0.0971474    0.00131186  0.0239028    0.000322427  0.00496944  18.5395  16.4969  35.0364
12.1  5.13344    0.867878  0.600938    2.09794  4.51702    4.76674  5.02066    3.77195  2.89246    6.64037  2.06244    0.216814  0.847616    0.0314359  0.27591    0.00586145  0.0923918    0.00128797  0.0219896    0.000321917  0.00430664  18.4006  16.3357  34.7363
12.2  5.03344    0.864014  0.60465    2.07722  4.51688    4.78553  5.07399    3.72663  2.81794    6.55384  1.98331    0.209841  0.798821    0.0308887  0.260016    0.00576814  0.0878003    0.00126466  0.0202435    0.000321483  0.00378591  18.2553  16.1674  34.4227
12.3  4.93344    0.859745  0.608206    2.05539  4.51337    4.80402  5.12514    3.68011  2.74105    6.46347  1.90325    0.20313  0.750544    0.0303498  0.244855    0.0056772  0.0833231    0.00124188  0.018646    0.000321118  0.00340551  18.1035  15.9918  34.0952
12.4  4.83344    0.855075  0.611595    2.03249  4.50657    4.82217  5.17365    3.63256  2.66189    6.36904  1.82223    0.196671  0.702995    0.0298181  0.230395    0.00558837  0.0789121    0.00121959  0.0171837    0.000320815  0.00316375  17.945  15.8086  33.7535
12.5  4.73344    0.850011  0.614806    2.00854  4.49656    4.83994  5.2191    3.58414  2.58052    6.27037  1.74023    0.190455  0.656384    0.029293  0.216594    0.00550141  0.0745238    0.00119774  0.015848    0.000320565  0.00305809  17.7798  15.6176  33.3974
12.6  4.63344    0.844505  0.617788    1.98351  4.48316    4.85676  5.26023    3.53525  2.49684    6.1665  1.65741    0.184431  0.610919    0.0287695  0.2034    0.0054158  0.0701222    0.00117631  0.0146342    0.000320352  0.00308415  17.6066  15.4176  33.0242
12.7  4.53344    0.838575  0.620516    1.95744  4.46649    4.87284  5.297    3.48596  2.41098    6.05761  1.57374    0.178617  0.566801    0.0282493  0.19075    0.00533156  0.0656809    0.0011553  0.0135411    0.000320173  0.00323498  17.4261  15.2087  32.6348
12.8  4.43344    0.832288  0.623032    1.93047  4.44697    4.88847  5.32937    3.43634  2.32323    5.94383  1.48927    0.173022  0.524211    0.0277338  0.178577    0.00524863  0.0611864    0.00113461  0.0125698    0.000320026  0.00350039  17.2389  14.9919  32.2308
12.9  4.33344    0.82566  0.625327    1.90264  4.42472    4.90368  5.35695    3.38658  2.23371    5.82509  1.40416    0.167635  0.483304    0.0272226  0.166812    0.00516685  0.0566384    0.00111422  0.0117223    0.000319904  0.00386654  17.0451  14.7672  31.8123
13  4.23344    0.818682  0.627366    1.87395  4.39968    4.91828  5.37915    3.33692  2.14242    5.70114  1.31867    0.16244  0.444208    0.0267141  0.155388    0.00508601  0.0520514    0.00109412  0.0110008    0.000319798  0.00431585  16.8446  14.5343  31.3789
13.1  4.13344    0.811332  0.629079    1.84442  4.37171    4.93219  5.39562    3.28747  2.04938    5.57213  1.23309    0.157432  0.407021    0.0262083  0.144241    0.00500608  0.0474542    0.00107439  0.0104058    0.000319699  0.00482716  16.6376  14.2928  30.9304
13.2  4.03344    0.803706  0.630559    1.81418  4.34134    4.94576  5.40636    3.2384  1.95499    5.43823  1.14775    0.152608  0.371801    0.0257062  0.133316    0.00492695  0.0428884    0.00105487  0.00993619    0.000319606  0.0053763  16.4249  14.0443  30.4692
13.3  3.93344    0.795828  0.631808    1.78331  4.30864    4.95904  5.41112    3.18988  1.85944    5.29965  1.06307    0.147962  0.338576    0.0252077  0.122571    0.00484853  0.0384064    0.00103554  0.00958749    0.000319513  0.00593687  16.2071  13.7892  29.9962
13.4  3.83344    0.787722  0.632831    1.75187  4.27365    4.97207  5.40973    3.14206  1.76292    5.15665  0.97952    0.143484  0.307337    0.0247131  0.111982    0.00477077  0.0340676    0.00101638  0.00935189    0.000319416  0.00648133  15.9847  13.5279  29.5125
13.5  3.73344    0.779414  0.633638    1.7199  4.23638    4.98488  5.402    3.09508  1.66568    5.00958  0.897599    0.139167  0.278049    0.0242223  0.101542    0.00469362  0.0299345    0.00099739  0.00921788    0.00031931  0.00698227  15.7582  13.261  29.0193
13.6  3.63344    0.77086  0.634191    1.68743  4.19657    4.99662  5.38679    3.04947  1.56789    4.85708  0.817878    0.134976  0.250647    0.0237324  0.0912677    0.0046168  0.0260685    0.000978565  0.00917026    0.000319177  0.0074138  15.5261  12.9879  28.514
13.7  3.53344    0.762099  0.634497    1.65451  4.15418    5.00754  5.36437    3.00513  1.46991    4.70046  0.740829    0.130923  0.22505    0.0232454  0.0811982    0.00454048  0.0225249    0.000959948  0.00919044    0.000319018  0.00775291  15.2897  12.7095  27.9992
13.8  3.43344    0.753205  0.634632    1.62128  4.10936    5.018  5.33499    2.96205  1.37223    4.54098  0.666921    0.127013  0.201163    0.0227633  0.0713952    0.00446474  0.0193489    0.000941482  0.00925712    0.000318836  0.00798078  15.051  12.4273  27.4783
13.9  3.33344    0.7442  0.634617    1.58779  4.06197    5.0278  5.29832    2.9203  1.27528    4.37926  0.596613    0.123241  0.178887    0.0222866  0.0619412    0.00438955  0.0165721    0.000923168  0.00934695    0.000318626  0.00808388  14.8105  12.1416  26.9521
14  3.23344    0.735075  0.634446    1.55408  4.01171    5.03636  5.25365    2.88008  1.17948    4.21545  0.530304    0.119593  0.158122    0.0218145  0.0529354    0.00431488  0.0142096    0.000905036  0.00943548    0.00031838  0.00805471  14.568  11.8524  26.4204
14.1  3.13344    0.725812  0.634086    1.52018  3.95817    5.04313  5.20032    2.8414  1.08529    4.0504  0.468303    0.116066  0.138779    0.0213474  0.0444879    0.0042408  0.0122589    0.000887161  0.00949828    0.000318089  0.00789225  14.3238  11.5591  25.8829
14.2  3.03344    0.716491  0.633655    1.48622  3.90143    5.04787  5.13787    2.8043  0.993346    3.88505  0.410832    0.112659  0.120783    0.0208862  0.0367119    0.00416728  0.0107002    0.000869445  0.00951235    0.000317757  0.00760201  14.0788  11.2624  25.3413
14.3  2.93344    0.707126  0.633184    1.45228  3.84123    5.04978  5.06528    2.76884  0.904202    3.7201  0.358022    0.109365  0.104079    0.0204313  0.029715    0.00409433  0.00949743    0.000851893  0.00945707    0.00031738  0.00719558  13.8332  10.9619  24.795
14.4  2.83344    0.697731  0.632702    1.41841  3.77728    5.04779  4.98125    2.73508  0.818384    3.55621  0.309901    0.106178  0.0886358    0.0199826  0.0235896    0.00402193  0.00860144    0.000834511  0.00931553    0.000316952  0.00668985  13.5866  10.6563  24.2429
14.5  2.73344    0.688316  0.632238    1.38469  3.70927    5.04056  4.88423    2.70305  0.736396    3.39404  0.266407    0.103094  0.0744429    0.0195401  0.0184037    0.00395011  0.00795347    0.000817304  0.00907555    0.000316468  0.00610583  13.3384  10.3445  23.6829
14.6  2.63344    0.678809  0.631751    1.35116  3.63673    5.02473  4.77102    2.67343  0.658657    3.23185  0.227392    0.100083  0.0615126    0.0191009  0.014192    0.00387869  0.0074898    0.000800291  0.00873062    0.000315908  0.0054673  13.0842  10.0229  23.1071
14.7  2.53344    0.669244  0.631263    1.31789  3.55941    4.99888  4.6402    2.64591  0.585554    3.0716  0.19264    0.0971563  0.0498739    0.0186667  0.0109503    0.00380781  0.0071465    0.000783504  0.0082804    0.000315269  0.00479921  12.8243  9.69012  22.5144
14.8  2.43344    0.659688  0.630859    1.285  3.47729    4.96147  4.49032    2.62028  0.517412    2.91486  0.161893    0.0943181  0.0395657    0.0182388  0.00863134    0.00373753  0.00686399    0.000766906  0.00773108    0.000314555  0.0041262  12.5587  9.34469  21.9034
14.9  2.33344    0.650155  0.630553    1.25257  3.39016    4.90988  4.31933    2.59658  0.454401    2.76212  0.13486    0.0915636  0.0306276    0.0178172  0.00714581    0.00366787  0.00659101    0.000750498  0.00709503    0.000313758  0.00347103  12.2854  8.98423  21.2696
15  2.23344    0.640627  0.630319    1.22065  3.2978    4.8409  4.12517    2.57496  0.396572    2.61331  0.111237    0.0888838  0.0230892    0.017401  0.00636621    0.0035988  0.00628763    0.0007343  0.00639014    0.000312866  0.0028534  12.0014  8.60608  20.6075
15.1  2.13344    0.631095  0.6301    1.1893  3.20001    4.75176  3.90674    2.55536  0.343854    2.46899  0.0907294    0.0862758  0.0169577    0.0169903  0.00613542    0.00353038  0.00592712    0.000718364  0.00563871    0.000311863  0.00228898  11.7043  8.20838  19.9127
15.2  2.03344    0.621633  0.629972    1.15864  3.097    4.64063  3.66436    2.53778  0.296127    2.32973  0.0730595    0.0837382  0.0122073    0.0165854  0.00627835    0.00346257  0.00549652    0.000702614  0.00486603    0.000310752  0.00178884  11.3932  7.79116  19.1844
15.3  1.93344    0.612266  0.629913    1.12876  2.98885    4.50581  3.39932    2.52221  0.253155    2.19574  0.0579744    0.0812667  0.00876879    0.0161863  0.00661641    0.00339537  0.00499583    0.000687046  0.0040984    0.000309523  0.00135925  11.0666  7.35506  18.4217
15.4  1.83344    0.603023  0.629891    1.09974  2.87566    4.3466  3.11452    2.50869  0.214647    2.06715  0.0452479    0.0788576  0.00652389    0.0157929  0.00698281    0.00332877  0.00443621    0.000671656  0.00336126    0.000308166  0.0010019  10.7242  6.90228  17.6264
15.5  1.73344    0.593938  0.629863    1.07164  2.75762    4.16356  2.81455    2.49722  0.180294    1.94405  0.0346768    0.0765073  0.00530369    0.015405  0.00723713    0.00326275  0.00383721    0.000656438  0.00267725    0.000306671  0.000714433  10.3665  6.43677  16.8033
15.6  1.63344    0.584939  0.629658    1.04457  2.63484    3.95586  2.50398    2.48886  0.149802    1.82452  0.0260715    0.0741941  0.00489396    0.0150198  0.00727725    0.00319716  0.00322356    0.000641398  0.00206463    0.000305012  0.000491253  9.99211  5.96231  15.9544
15.7  1.53344    0.576113  0.629227    1.01859  2.50759    3.72866  2.19129    2.48311  0.1229    1.70988  0.01925    0.0719273  0.00504724    0.014639  0.00704711    0.00313206  0.00262175    0.000626547  0.00153597    0.000303183  0.000324465  9.60698  5.48683  15.0938
15.8  1.43344    0.567587  0.628566    0.993792  2.3762    3.48818  1.88517    2.47954  0.0993736    1.60098  0.014023    0.0697127  0.00550179    0.0142635  0.00653875    0.00306746  0.00205686    0.000611844  0.00109756    0.000301187  0.000204885  9.21803  5.01873  14.2368
15.9  1.33344    0.559426  0.62758    0.97025  2.24086    3.24006  1.59318    2.47814  0.0790588    1.4977  0.0101834    0.067548  0.00600592    0.0138934  0.00578848    0.00300331  0.00154983    0.000597282  0.000749351    0.000299014  0.00012298  8.83092  4.56507  13.396
16  1.23344    0.551675  0.626112    0.948052  2.10163    2.98975  1.32166    2.47914  0.0618215    1.39966  0.0075029    0.0654286  0.00634482    0.0135279  0.00486714    0.00293953  0.00111557    0.000582864  0.000485668    0.00029665  6.96716e-05  8.45104  4.13162  12.5827
16.1  1.13344    0.544402  0.623979    0.927274  1.95844    2.74298  1.07566    2.48242  0.047526    1.30684  0.00573341    0.063354  0.00636585    0.0131669  0.00386607    0.00287611  0.000761873    0.000568617  0.000296388    0.000294082  3.69218e-05  8.08417  3.72267  11.8068
16.2  1.03344    0.53776  0.62109    0.908051  1.81123    2.50506  0.858391    2.48789  0.0360034    1.21928  0.00461685    0.0613249  0.00599739    0.0128106  0.00288068    0.00281295  0.000489351    0.000554483  0.000168556    0.000291312  1.80942e-05  7.73583  3.34088  11.0767
16.3  0.933439    0.53187  0.617221    0.890514  1.65963    2.27976  0.67095    2.49555  0.0270009    1.13681  0.00390194    0.0593399  0.00525622    0.0124589  0.00199452    0.00275001  0.000292187    0.000540454  8.81281e-05    0.000288332  8.07803e-06  7.40988  2.98634  10.3962
16.4  0.833439    0.526867  0.612068    0.874835  1.50304    2.0697  0.512767    2.50543  0.0201641    1.05924  0.00336835    0.0573974  0.00423968    0.0121114  0.0012666    0.00268722  0.000159648    0.000526524  4.15995e-05    0.000285139  3.21982e-06  7.10908  2.65712  9.7662
16.5  0.733439    0.522915  0.605193    0.861237  1.34066    1.87637  0.381955    2.51761  0.0150446    0.986376  0.00285261    0.055496  0.00310133    0.0117678  0.000724265    0.00262452  7.80896e-05    0.000512687  1.72882e-05    0.000281725  1.11423e-06  6.83519  2.34963  9.18482
16.6  0.633439    0.519991  0.595685    0.850118  1.17153    1.69884  0.275548    2.53428  0.0111456    0.916824  0.00226956    0.0536187  0.00201294    0.0114257  0.000362984    0.00256178  3.31234e-05    0.00049895  6.10059e-06    0.000278069  3.21527e-07  6.58844  2.0586  8.64703
16.7  0.533439    0.518402  0.582591    0.841862  0.994488    1.53808  0.190594    2.55476  0.00801103    0.851273  0.00162094    0.0517737  0.00112039    0.0110861  0.000152978    0.00249903  1.16078e-05    0.00048532  1.73006e-06    0.000274175  7.27648e-08  6.3705  1.77859  8.14909
16.8  0.433439    0.518552  0.564325    0.83704  0.808506    1.39399  0.123894    2.57855  0.00533166    0.790058  0.000981883    0.0499662  0.000505318    0.0107501  5.06583e-05    0.00243625  3.10557e-06    0.000471769  3.60524e-07    0.000270056  1.16868e-08  6.18208  1.5036  7.68568
16.9  0.333439    0.520857  0.537764    0.836522  0.613146    1.26542  0.0725959    2.60606  0.00302961    0.732932  0.000461096    0.0481944  0.000166616    0.0104173  1.16623e-05    0.00237342  5.50403e-07    0.000458292  4.70056e-08    0.000265712  1.11314e-09  6.0235  1.22717  7.25067
17  0.233439    0.525912  0.49646    0.841637  0.409873    1.15093  0.0348797    2.63822  0.00126099    0.679518  0.000140214    0.0464546  3.23427e-05    0.0100874  1.44419e-06    0.00231049  4.80312e-08    0.000444897  2.7398e-09    0.000261139  4.31914e-11  5.89578  0.942648  6.83843
17.1  0.133439    0.534929  0.424372    0.854429  0.205974    1.04937  0.0104977    2.6755  0.000259931    0.629653  1.6935e-05    0.0447464  2.03691e-06    0.0097603  4.75495e-08    0.00224745  9.14668e-10    0.000431603  2.83902e-11    0.000256339  2.43634e-13  5.80132  0.641122  6.44244
17.2  0.033439    0.552031  0.253691    0.878316  0.0307528    0.95976  0.000417695    2.71828  2.98581e-06    0.583203  4.94792e-08    0.0430702  1.3618e-09    0.00943615  7.31103e-12    0.00218428  3.58241e-14    0.000418374  2.64692e-16    0.000251322  5.43002e-19  5.74695  0.284864  6.03181
17.3  -0.066561    0.392346  0    0.927873  0    0.902579  0    2.83494  0    0.553201  0    0.0424419  0    0.00933903  0    0.00217319  0    0.000415205  0    0.000252181  0  5.66556  0  5.66556
17.4  -0.166561    0.318392  0    0.945324  0    0.830347  0    2.89236  0    0.511951  0    0.0407863  0    0.00901263  0    0.0021081  0    0.000401776  0    0.000246612  0  5.55093  0  5.55093
17.5  -0.266561    0.275302  0    0.958475  0    0.765197  0    2.95812  0    0.473566  0    0.03916  0    0.00868901  0    0.00204282  0    0.00038841  0    0.00024084  0  5.48118  0  5.48118
17.6  -0.366561    0.244401  0    0.969525  0    0.705464  0    3.03892  0    0.437196  0    0.0375491  0    0.008366  0    0.00197728  0    0.000375119  0    0.000234848  0  5.44401  0  5.44401
17.7  -0.466561    0.220267  0    0.979049  0    0.650766  0    3.13443  0    0.403173  0    0.0359614  0    0.00804491  0    0.00191154  0    0.000361906  0    0.000228657  0  5.43419  0  5.43419
17.8  -0.566561    0.200482  0    0.98729  0    0.600703  0    3.24458  0    0.371619  0    0.0344019  0    0.00772665  0    0.00184561  0    0.000348751  0    0.000222286  0  5.44922  0  5.44922
17.9  -0.666561    0.183697  0    0.994511  0    0.554713  0    3.37201  0    0.342347  0    0.0328694  0    0.00741119  0    0.00177949  0    0.000335654  0    0.000215745  0  5.48989  0  5.48989
18  -0.766561    0.169093  0    1.00096  0    0.512281  0    3.52097  0    0.31513  0    0.0313618  0    0.00709825  0    0.00171318  0    0.000322618  0    0.000209038  0  5.55914  0  5.55914
18.1  -0.866561    0.156148  0    1.00674  0    0.473029  0    3.69553  0    0.28984  0    0.0298788  0    0.00678785  0    0.0016467  0    0.000309655  0    0.000202171  0  5.66011  0  5.66011
18.2  -0.966561    0.144517  0    1.01192  0    0.43666  0    3.90032  0    0.26636  0    0.0284203  0    0.00648017  0    0.00158006  0    0.000296741  0    0.000195157  0  5.79675  0  5.79675
18.3  -1.06656    0.133944  0    1.01656  0    0.40288  0    4.142  0    0.244547  0    0.0269857  0    0.00617516  0    0.00151324  0    0.000283875  0    0.000188002  0  5.97508  0  5.97508
18.4  -1.16656    0.124237  0    1.0207  0    0.371431  0    4.4291  0    0.22427  0    0.025574  0    0.00587281  0    0.00144628  0    0.000271054  0    0.000180714  0  6.20309  0  6.20309
18.5  -1.26656    0.115254  0    1.02438  0    0.342087  0    4.77258  0    0.205405  0    0.0241846  0    0.00557309  0    0.00137917  0    0.000258274  0    0.000173297  0  6.49127  0  6.49127
18.6  -1.36656    0.106833  0    1.02895  0    0.314394  0    5.21176  0    0.187507  0    0.0228057  0    0.00527419  0    0.0013119  0    0.000245545  0    0.000165733  0  6.87925  0  6.87925
18.7  -1.46656    0.0989255  0    1.03391  0    0.288388  0    5.76037  0    0.170749  0    0.0214448  0    0.00497734  0    0.00124452  0    0.000232863  0    0.000158041  0  7.3804  0  7.3804
18.8  -1.56656    0.0914842  0    1.03872  0    0.264034  0    6.43362  0    0.155183  0    0.0201063  0    0.00468338  0    0.00117704  0    0.000220208  0    0.000150237  0  8.00938  0  8.00938
18.9  -1.66656    0.0844475  0    1.04342  0    0.241183  0    7.25871  0    0.140709  0    0.0187896  0    0.00439226  0    0.00110947  0    0.000207576  0    0.000142327  0  8.79311  0  8.79311
19  -1.76656    0.0777618  0    1.04817  0    0.219687  0    8.26075  0    0.127215  0    0.0174934  0    0.00410382  0    0.00104182  0    0.000194966  0    0.000134311  0  9.75655  0  9.75655
19.1  -1.86656    0.0713849  0    1.05294  0    0.199434  0    9.4318  0    0.114629  0    0.0162176  0    0.00381807  0    0.000974106  0    0.000182378  0    0.000126191  0  10.8915  0  10.8915
19.2  -1.96656    0.065285  0    1.05764  0    0.180331  0    10.6808  0    0.102885  0    0.0149622  0    0.00353507  0    0.000906326  0    0.000169797  0    0.000117973  0  12.1067  0  12.1067
19.3  -2.06656    0.0594311  0    1.06226  0    0.162283  0    11.7555  0    0.0919123  0    0.0137267  0    0.00325477  0    0.000838486  0    0.000157216  0    0.000109659  0  13.1495  0  13.1495
19.4  -2.16656    0.0537967  0    1.06676  0    0.145201  0    12.198  0    0.0816448  0    0.0125106  0    0.00297712  0    0.000770593  0    0.000144629  0    0.00010125  0  13.5619  0  13.5619
19.5  -2.26656    0.0483587  0    1.07105  0    0.129007  0    11.5442  0    0.0720238  0    0.0113136  0    0.00270204  0    0.000702651  0    0.000132032  0    9.2748e-05  0  12.8796  0  12.8796
19.6  -2.36656    0.0430767  0    1.08158  0    0.113504  0    9.55741  0    0.0628308  0    0.0101262  0    0.00242803  0    0.000634668  0    0.00011943  0    8.41294e-05  0  10.8718  0  10.8718
19.7  -2.46656    0.0379527  0    1.09668  0    0.0987479  0    7.00735  0    0.0541748  0    0.00895581  0    0.00215625  0    0.000566654  0    0.000106811  0    7.54152e-05  0  8.30676  0  8.30676
19.8  -2.56656    0.0329807  0    1.11424  0    0.0847384  0    4.7803  0    0.0460848  0    0.00780636  0    0.00188735  0    0.000498603  0    9.41572e-05  0    6.66196e-05  0  6.0687  0  6.0687
19.9  -2.66656    0.0281449  0    1.13481  0    0.0714143  0    3.13993  0    0.0385095  0    0.00667741  0    0.00162124  0    0.000430514  0    8.14622e-05  0    5.7744e-05  0  4.42167  0  4.42167
20  -2.76656    0.0234311  0    1.15936  0    0.0587172  0    2.01608  0    0.0313997  0    0.00556827  0    0.00135776  0    0.000362387  0    6.87205e-05  0    4.87887e-05  0  3.2964  0  3.2964
20.1  -2.86656    0.0188268  0    1.18763  0    0.0465986  0    1.26621  0    0.0247173  0    0.00447873  0    0.00109686  0    0.000294222  0    5.59264e-05  0    3.97557e-05  0  2.54996  0  2.54996
20.2  -2.96656    0.0143216  0    1.2157  0    0.0350153  0    0.766788  0    0.0184265  0    0.00340847  0    0.000838457  0    0.000226013  0    4.30694e-05  0    3.06474e-05  0  2.0548  0  2.0548
20.3  -3.06656    0.00990521  0    1.22704  0    0.0239249  0    0.430299  0    0.0124933  0    0.00235709  0    0.000582442  0    0.000157755  0    3.01429e-05  0    2.14656e-05  0  1.70681  0  1.70681
20.4  -3.16656    0.00556833  0    1.14764  0    0.0132888  0    0.199919  0    0.00688701  0    0.00132418  0    0.00032871  0    8.94485e-05  0    1.71398e-05  0    1.2212e-05  0  1.37507  0  1.37507
20.5  -3.26656    0.00130246  0    0.566479  0    0.00307147  0    0.0393288  0    0.00157988  0    0.00030934  0    7.71502e-05  0    2.10904e-05  0    4.05343e-06  0    2.88876e-06  0  0.612176  0  0.612176
20.6  -3.36656    0.00367342  0    66.5503  0    0.00962217  0    0.0582317  0    0.00280023  0    0.000465323  0    9.8238e-05  0    2.4078e-05  0    4.60818e-06  0    3.58112e-06  0  66.6252  0  66.6252
20.7  -3.46656    0.00364563  0    8.37662  0    0.00939692  0    0.0512778  0    0.00271847  0    0.000460302  0    9.74567e-05  0    2.39686e-05  0    4.60906e-06  0    3.58268e-06  0  8.44425  0  8.44425
20.8  -3.56656    0.00362031  0    1.85189  0    0.00918386  0    0.0457889  0    0.00264167  0    0.000455366  0    9.66943e-05  0    2.38604e-05  0    4.61094e-06  0    3.58389e-06  0  1.91371  0  1.91371
20.9  -3.66656    0.00359731  0    0.865376  0    0.00898228  0    0.041417  0    0.00256944  0    0.000450511  0    9.59504e-05  0    2.37533e-05  0    4.61382e-06  0    3.58473e-06  0  0.92252  0  0.92252
21  -3.76656    0.00357645  0    0.56456  0    0.00879115  0    0.0379019  0    0.00250117  0    0.000445707  0    9.52192e-05  0    2.36467e-05  0    4.6176e-06  0    3.58503e-06  0  0.617904  0  0.617904
21.1  -3.86656    0.00355764  0    0.453382  0    0.00861001  0    0.035072  0    0.00243668  0    0.000440962  0    9.45019e-05  0    2.35409e-05  0    4.62237e-06  0    3.5848e-06  0  0.503626  0  0.503626
21.2  -3.96656    0.00354082  0    0.421338  0    0.00843856  0    0.0328013  0    0.00237583  0    0.000436293  0    9.38018e-05  0    2.3436e-05  0    4.6281e-06  0    3.58416e-06  0  0.469056  0  0.469056
21.3  -4.06656    0.00352592  0    0.436278  0    0.00827627  0    0.0309883  0    0.00231832  0    0.000431698  0    9.31183e-05  0    2.33318e-05  0    4.63476e-06  0    3.5831e-06  0  0.481943  0  0.481943
21.4  -4.16656    0.00351284  0    0.491895  0    0.00812267  0    0.0295564  0    0.0022639  0    0.000427174  0    9.24508e-05  0    2.32282e-05  0    4.64234e-06  0    3.58163e-06  0  0.535902  0  0.535902
21.5  -4.26656    0.0035015  0    0.596968  0    0.00797728  0    0.0284481  0    0.00221235  0    0.000422719  0    9.17987e-05  0    2.31251e-05  0    4.65081e-06  0    3.57972e-06  0  0.639653  0  0.639653
21.6  -4.36656    0.00349266  0    0.764739  0    0.00784482  0    0.0276542  0    0.00216728  0    0.000418872  0    9.1256e-05  0    2.30351e-05  0    4.6627e-06  0    3.58063e-06  0  0.806439  0  0.806439
21.7  -4.46656    0.0034856  0    1.04148  0    0.00772136  0    0.0270797  0    0.00212602  0    0.000415317  0    9.07669e-05  0    2.29511e-05  0    4.67669e-06  0    3.58255e-06  0  1.08243  0  1.08243
21.8  -4.56656    0.00347988  0    1.5454  0    0.00760418  0    0.0266833  0    0.00208661  0    0.000411807  0    9.02884e-05  0    2.28671e-05  0    4.69158e-06  0    3.58404e-06  0  1.58579  0  1.58579
21.9  -4.66656    0.00347546  0    2.59658  0    0.00749303  0    0.0264524  0    0.00204894  0    0.000408339  0    8.982e-05  0    2.27828e-05  0    4.70736e-06  0    3.5851e-06  0  2.63658  0  2.63658
22  -4.76656    0.00347226  0    5.40231  0    0.00738743  0    0.02638  0    0.00201272  0    0.000404887  0    8.93565e-05  0    2.26978e-05  0    4.7239e-06  0    3.58557e-06  0  5.44209  0  5.44209
22.1  -4.86656    0.00347026  0    17.8941  0    0.00728721  0    0.026463  0    0.00197795  0    0.00040146  0    8.88988e-05  0    2.26125e-05  0    4.74129e-06  0    3.58551e-06  0  17.9339  0  17.9339
22.2  -4.96656    0.00346946  0    248.667  0    0.00719233  0    0.0266998  0    0.00194461  0    0.000398073  0    8.84499e-05  0    2.25268e-05  0    4.75952e-06  0    3.58505e-06  0  248.707  0  248.707
22.3  -5.06656    0.00346985  0    29.2027  0    0.00710259  0    0.0270927  0    0.0019126  0    0.000394724  0    8.80093e-05  0    2.24407e-05  0    4.77857e-06  0    3.58422e-06  0  29.2428  0  29.2428
22.4  -5.16656    0.00347141  0    6.64173  0    0.00701779  0    0.0276479  0    0.00188185  0    0.000391413  0    8.75766e-05  0    2.23542e-05  0    4.79843e-06  0    3.58302e-06  0  6.68226  0  6.68226
22.5  -5.26656    0.00347411  0    2.80408  0    0.00693777  0    0.0283751  0    0.00185227  0    0.000388139  0    8.71515e-05  0    2.22673e-05  0    4.81909e-06  0    3.5815e-06  0  2.84522  0  2.84522
22.6  -5.36656    0.00347802  0    1.55265  0    0.00686378  0    0.0292266  0    0.00182513  0    0.000385142  0    8.67759e-05  0    2.21857e-05  0    4.8419e-06  0    3.58127e-06  0  1.59454  0  1.59454
22.7  -5.46656    0.00348299  0    0.985464  0    0.00679466  0    0.030231  0    0.00179955  0    0.000382285  0    8.64253e-05  0    2.21065e-05  0    4.86616e-06  0    3.58147e-06  0  1.02827  0  1.02827
22.8  -5.56656    0.003489  0    0.677744  0    0.00672962  0    0.0314317  0    0.00177483  0    0.000379456  0    8.60803e-05  0    2.20268e-05  0    4.89122e-06  0    3.58142e-06  0  0.721665  0  0.721665
22.9  -5.66656    0.00349603  0    0.492785  0    0.00666854  0    0.032854  0    0.00175094  0    0.000376656  0    8.57408e-05  0    2.19466e-05  0    4.91708e-06  0    3.58115e-06  0  0.538047  0  0.538047
23  -5.76656    0.00350408  0    0.37284  0    0.00661118  0    0.0345423  0    0.00172771  0    0.000373859  0    8.54022e-05  0    2.18653e-05  0    4.94358e-06  0    3.58051e-06  0  0.419715  0  0.419715
23.1  -5.86656    0.00351314  0    0.290904  0    0.00655744  0    0.0365394  0    0.00170515  0    0.000371076  0    8.50659e-05  0    2.17837e-05  0    4.97079e-06  0    3.57959e-06  0  0.339705  0  0.339705
23.2  -5.96656    0.00352323  0    0.232707  0    0.00650737  0    0.038891  0    0.0016833  0    0.000368322  0    8.47351e-05  0    2.17018e-05  0    4.99874e-06  0    3.57856e-06  0  0.283795  0  0.283795
23.3  -6.06656    0.00353435  0    0.189945  0    0.00646087  0    0.0416657  0    0.00166213  0    0.000365597  0    8.44096e-05  0    2.16197e-05  0    5.02744e-06  0    3.57743e-06  0  0.243749  0  0.243749
23.4  -6.16656    0.00354652  0    0.157643  0    0.00641785  0    0.0449522  0    0.00164159  0    0.000362902  0    8.40894e-05  0    2.15373e-05  0    5.05686e-06  0    3.57625e-06  0  0.214679  0  0.214679
23.5  -6.26656    0.00355974  0    0.132676  0    0.00637823  0    0.0488661  0    0.00162166  0    0.000360237  0    8.37745e-05  0    2.14548e-05  0    5.087e-06  0    3.57505e-06  0  0.193575  0  0.193575
23.6  -6.36656    0.00357386  0    0.113426  0    0.00634237  0    0.0533712  0    0.00160299  0    0.000357746  0    8.34902e-05  0    2.1376e-05  0    5.11883e-06  0    3.57488e-06  0  0.178788  0  0.178788
23.7  -6.46656    0.00358889  0    0.098081  0    0.00630982  0    0.0586857  0    0.00158516  0    0.000355348  0    8.32221e-05  0    2.12991e-05  0    5.15184e-06  0    3.5752e-06  0  0.168719  0  0.168719
23.8  -6.56656    0.00360494  0    0.085527  0    0.00628032  0    0.0651158  0    0.00156781  0    0.000352976  0    8.29587e-05  0    2.12222e-05  0    5.18554e-06  0    3.57557e-06  0  0.162562  0  0.162562
23.9  -6.66656    0.00362201  0    0.0751348  0    0.00625379  0    0.0729839  0    0.00155093  0    0.00035063  0    8.26999e-05  0    2.11455e-05  0    5.21992e-06  0    3.57602e-06  0  0.160009  0  0.160009
24  -6.76656    0.00364013  0    0.0664059  0    0.00623011  0    0.082815  0    0.00153438  0    0.000348287  0    8.24415e-05  0    2.10686e-05  0    5.25476e-06  0    3.57636e-06  0  0.161086  0  0.161086
24.1  -6.86656    0.00365929  0    0.0590195  0    0.0062092  0    0.0952884  0    0.00151821  0    0.000345955  0    8.21852e-05  0    2.09921e-05  0    5.29011e-06  0    3.57669e-06  0  0.166153  0  0.166153
24.2  -6.96656    0.00367951  0    0.052739  0    0.00619111  0    0.111349  0    0.00150244  0    0.00034365  0    8.19336e-05  0    2.0916e-05  0    5.32604e-06  0    3.57714e-06  0  0.175917  0  0.175917
24.3  -7.06656    0.0037008  0    0.0473583  0    0.00617577  0    0.132513  0    0.00148708  0    0.000341372  0    8.16869e-05  0    2.08404e-05  0    5.36253e-06  0    3.57773e-06  0  0.191688  0  0.191688
24.4  -7.16656    0.00372317  0    0.0427168  0    0.00616315  0    0.161196  0    0.00147208  0    0.00033912  0    8.1445e-05  0    2.07654e-05  0    5.39954e-06  0    3.57845e-06  0  0.215721  0  0.215721
24.5  -7.26656    0.00374664  0    0.0386881  0    0.0061532  0    0.201444  0    0.00145745  0    0.000336896  0    8.12078e-05  0    2.06911e-05  0    5.43703e-06  0    3.57932e-06  0  0.251937  0  0.251937
24.6  -7.36656    0.00377096  0    0.0352337  0    0.00614592  0    0.258529  0    0.00144359  0    0.000334796  0    8.09925e-05  0    2.062e-05  0    5.47581e-06  0    3.58109e-06  0  0.305569  0  0.305569
24.7  -7.46656    0.00379621  0    0.0322201  0    0.00614113  0    0.344648  0    0.00143025  0    0.000332767  0    8.07895e-05  0    2.05511e-05  0    5.51541e-06  0    3.58334e-06  0  0.388679  0  0.388679
24.8  -7.56656    0.00382256  0    0.0295548  0    0.0061388  0    0.485505  0    0.0014172  0    0.000330761  0    8.05905e-05  0    2.04829e-05  0    5.5554e-06  0    3.58573e-06  0  0.52688  0  0.52688
24.9  -7.66656    0.00385003  0    0.0271877  0    0.00613891  0    0.739901  0    0.00140445  0    0.000328778  0    8.03955e-05  0    2.04156e-05  0    5.59574e-06  0    3.58825e-06  0  0.778921  0  0.778921
25  -7.76656    0.0038787  0    0.0250672  0    0.00614142  0    1.27896  0    0.00139186  0    0.000326794  0    8.02001e-05  0    2.03486e-05  0    5.63616e-06  0    3.59071e-06  0  1.31588  0  1.31588
25.1  -7.86656    0.00390856  0    0.0231644  0    0.00614628  0    2.75778  0    0.0013795  0    0.000324817  0    8.00059e-05  0    2.02827e-05  0    5.67665e-06  0    3.59316e-06  0  2.79282  0  2.79282
25.2  -7.96656    0.00393961  0    0.0214577  0    0.00615353  0    9.56792  0    0.00136738  0    0.000322862  0    7.98153e-05  0    2.02177e-05  0    5.71733e-06  0    3.59571e-06  0  9.60127  0  9.60127
25.3  -8.06656    0.00397187  0    0.019922  0    0.00616316  0    69.092  0    0.00135551  0    0.000320929  0    7.96281e-05  0    2.01537e-05  0    5.75814e-06  0    3.59837e-06  0  69.1238  0  69.1238
25.4  -8.16656    0.00400539  0    0.0185362  0    0.00617517  0    10.1312  0    0.00134388  0    0.000319016  0    7.94442e-05  0    2.00906e-05  0    5.79904e-06  0    3.6011e-06  0  10.1617  0  10.1617
25.5  -8.26656    0.00404018  0    0.0172823  0    0.00618956  0    2.75662  0    0.00133246  0    0.000317124  0    7.92633e-05  0    2.00286e-05  0    5.83997e-06  0    3.60391e-06  0  2.78589  0  2.78589
25.6  -8.36656    0.00407591  0    0.0161614  0    0.00620612  0    1.24991  0    0.00132155  0    0.000315325  0    7.90978e-05  0    1.99696e-05  0    5.88164e-06  0    3.60736e-06  0  1.2781  0  1.2781
25.7  -8.46656    0.00411273  0    0.0151475  0    0.00622486  0    0.708499  0    0.00131098  0    0.000313577  0    7.89408e-05  0    1.99128e-05  0    5.92359e-06  0    3.61112e-06  0  0.735717  0  0.735717
25.8  -8.56656    0.00415088  0    0.0142215  0    0.00624593  0    0.453819  0    0.00130059  0    0.000311846  0    7.87858e-05  0    1.98571e-05  0    5.96545e-06  0    3.6149e-06  0  0.480158  0  0.480158
25.9  -8.66656    0.00419039  0    0.0133742  0    0.00626936  0    0.314574  0    0.00129037  0    0.000310131  0    7.86326e-05  0    1.98024e-05  0    6.00715e-06  0    3.61871e-06  0  0.340116  0  0.340116
26  -8.76656    0.00423145  0    0.0125933  0    0.00629527  0    0.229941  0    0.00128023  0    0.000308408  0    7.84768e-05  0    1.97482e-05  0    6.04837e-06  0    3.62231e-06  0  0.254757  0  0.254757
26.1  -8.86656    0.00427403  0    0.0118736  0    0.00632364  0    0.174947  0    0.0012702  0    0.000306685  0    7.83201e-05  0    1.96952e-05  0    6.08912e-06  0    3.62578e-06  0  0.199103  0  0.199103
26.2  -8.96656    0.00431812  0    0.0112121  0    0.00635451  0    0.137459  0    0.00126032  0    0.000304978  0    7.81648e-05  0    1.96434e-05  0    6.12956e-06  0    3.62923e-06  0  0.161017  0  0.161017
26.3  -9.06656    0.00436379  0    0.010603  0    0.00638796  0    0.110797  0    0.00125058  0    0.000303285  0    7.80105e-05  0    1.95926e-05  0    6.16965e-06  0    3.63267e-06  0  0.133813  0  0.133813
26.4  -9.16656    0.00441108  0    0.0100412  0    0.00642404  0    0.0911807  0    0.00124099  0    0.000301607  0    7.7857e-05  0    1.95429e-05  0    6.20935e-06  0    3.63608e-06  0  0.113707  0  0.113707
26.5  -9.26656    0.00446005  0    0.00952247  0    0.00646283  0    0.0763436  0    0.00123152  0    0.000299942  0    7.77042e-05  0    1.94943e-05  0    6.24862e-06  0    3.63946e-06  0  0.0984275  0  0.0984275
26.6  -9.36656    0.00451028  0    0.00904873  0    0.00650396  0    0.0650367  0    0.00122239  0    0.000298345  0    7.75615e-05  0    1.94483e-05  0    6.28815e-06  0    3.64328e-06  0  0.0867273  0  0.0867273
26.7  -9.46656    0.00456201  0    0.00861213  0    0.00654761  0    0.056142  0    0.00121349  0    0.000296787  0    7.74239e-05  0    1.94046e-05  0    6.32751e-06  0    3.64729e-06  0  0.0774808  0  0.0774808
26.8  -9.56656    0.00461555  0    0.00820683  0    0.00659415  0    0.0489679  0    0.0012047  0    0.00029524  0    7.72861e-05  0    1.93619e-05  0    6.36637e-06  0    3.65126e-06  0  0.069991  0  0.069991
26.9  -9.66656    0.00467097  0    0.00783015  0    0.00664369  0    0.0431009  0    0.001196  0    0.000293704  0    7.71481e-05  0    1.93204e-05  0    6.4047e-06  0    3.65521e-06  0  0.0638419  0  0.0638419
27  -9.76656    0.00472861  0    0.00747767  0    0.0066966  0    0.0382086  0    0.0011873  0    0.000292155  0    7.70057e-05  0    1.92794e-05  0    6.44215e-06  0    3.65891e-06  0  0.0586973  0  0.0586973
27.1  -9.86656    0.00478844  0    0.0071482  0    0.00675292  0    0.0340997  0    0.00117865  0    0.000290601  0    7.68606e-05  0    1.92395e-05  0    6.47876e-06  0    3.66245e-06  0  0.0543648  0  0.0543648
27.2  -9.96656    0.00485043  0    0.0068413  0    0.00681271  0    0.0306361  0    0.00117009  0    0.000289059  0    7.67151e-05  0    1.92009e-05  0    6.51478e-06  0    3.66599e-06  0  0.0507058  0  0.0507058
27.3  -10.0666    0.00491469  0    0.00655518  0    0.00687613  0    0.0276904  0    0.0011616  0    0.000287527  0    7.65691e-05  0    1.91633e-05  0    6.5502e-06  0    3.66952e-06  0  0.0475915  0  0.0475915
27.4  -10.1666    0.0049813  0    0.00628818  0    0.00694337  0    0.0251651  0    0.0011532  0    0.000286006  0    7.64225e-05  0    1.9127e-05  0    6.585e-06  0    3.67306e-06  0  0.044923  0  0.044923
27.5  -10.2666    0.00505037  0    0.00603882  0    0.00701462  0    0.0229846  0    0.00114487  0    0.000284494  0    7.62752e-05  0    1.90917e-05  0    6.61918e-06  0    3.67662e-06  0  0.0426234  0  0.0426234
27.6  -10.3666    0.00512137  0    0.00580828  0    0.00708931  0    0.0211153  0    0.00113677  0    0.000283037  0    7.61349e-05  0    1.90589e-05  0    6.65342e-06  0    3.68061e-06  0  0.0406595  0  0.0406595
27.7  -10.4666    0.00519464  0    0.00559354  0    0.0071679  0    0.019488  0    0.00112883  0    0.00028161  0    7.59978e-05  0    1.90283e-05  0    6.68734e-06  0    3.68483e-06  0  0.0389599  0  0.0389599
27.8  -10.5666    0.00527063  0    0.00539232  0    0.00725105  0    0.0180533  0    0.00112095  0    0.000280192  0    7.58598e-05  0    1.89987e-05  0    6.72065e-06  0    3.6891e-06  0  0.0374737  0  0.0374737
27.9  -10.6666    0.00534948  0    0.00520365  0    0.00733903  0    0.0167822  0    0.00111312  0    0.000278783  0    7.57208e-05  0    1.89704e-05  0    6.75335e-06  0    3.69344e-06  0  0.0361714  0  0.0361714
28  -10.7666    0.00543175  0    0.00502547  0    0.0074327  0    0.0156415  0    0.00110525  0    0.00027736  0    7.55768e-05  0    1.89426e-05  0    6.78505e-06  0    3.69763e-06  0  0.0350191  0  0.0350191
28.1  -10.8666    0.00551745  0    0.00485747  0    0.00753225  0    0.0146173  0    0.00109738  0    0.00027593  0    7.54297e-05  0    1.8916e-05  0    6.81583e-06  0    3.70176e-06  0  0.0340027  0  0.0340027
28.2  -10.9666    0.00560651  0    0.00469976  0    0.00763774  0    0.0136997  0    0.00108956  0    0.000274511  0    7.52819e-05  0    1.88905e-05  0    6.84601e-06  0    3.706e-06  0  0.0331125  0  0.0331125
28.3  -11.0666    0.0056991  0    0.0045516  0    0.00774956  0    0.0128744  0    0.00108179  0    0.000273101  0    7.51334e-05  0    1.88663e-05  0    6.87559e-06  0    3.71036e-06  0  0.0323342  0  0.0323342
28.4  -11.1666    0.00579539  0    0.00441235  0    0.00786816  0    0.0121295  0    0.00107406  0    0.000271701  0    7.49841e-05  0    1.88432e-05  0    6.9046e-06  0    3.71485e-06  0  0.0316556  0  0.0316556
28.5  -11.2666    0.00589558  0    0.00428138  0    0.00799403  0    0.0114549  0    0.00106638  0    0.00027031  0    7.48341e-05  0    1.88213e-05  0    6.93302e-06  0    3.71949e-06  0  0.0310669  0  0.0310669
28.6  -11.3666    0.00599898  0    0.00415934  0    0.00812633  0    0.0108495  0    0.00105887  0    0.000268964  0    7.46897e-05  0    1.88017e-05  0    6.96153e-06  0    3.72462e-06  0  0.0305661  0  0.0305661
28.7  -11.4666    0.00610614  0    0.00404487  0    0.00826609  0    0.0103003  0    0.00105147  0    0.000267645  0    7.45481e-05  0    1.87842e-05  0    6.98977e-06  0    3.73007e-06  0  0.0301406  0  0.0301406
28.8  -11.5666    0.00621773  0    0.00393696  0    0.00841457  0    0.00979769  0    0.0010441  0    0.000266334  0    7.44058e-05  0    1.87678e-05  0    7.01749e-06  0    3.73568e-06  0  0.0297813  0  0.0297813
28.9  -11.6666    0.006334  0    0.00383518  0    0.00857247  0    0.00933643  0    0.00103677  0    0.000265032  0    7.42629e-05  0    1.87526e-05  0    7.04469e-06  0    3.74148e-06  0  0.0294837  0  0.0294837
