0  7.24478  0.00388203  7.24866
0.9  7.14346  0.00384763  7.1473
1.8  6.84878  0.00375004  6.85253
2.7  6.38742  0.00360421  6.39102
3.6  5.79995  0.00342944  5.80338
4.5  5.13577  0.0032434  5.13901
5.4  4.44712  0.00305744  4.45018
6.3  3.78325  0.00287492  3.78612
7.2  3.18541  0.00269273  3.1881
8.1  2.6834  0.00250507  2.6859
9  2.29392  0.00230761  2.29623
9.9  2.02067  0.00210029  2.02277
10.8  1.85592  0.00188786  1.85781
11.7  1.78317  0.00167825  1.78485
12.6  1.78027  0.00147998  1.78175
13.5  1.8226  0.00129975  1.8239
14.4  1.8859  0.00114118  1.88704
15.3  1.94848  0.0010051  1.94949
16.2  1.99284  0.000890628  1.99374
17.1  2.0065  0.000796352  2.0073
18  1.98223  0.000720873  1.98295
18.9  1.91784  0.000662402  1.9185
19.8  1.81549  0.000617875  1.81611
20.7  1.68087  0.000582351  1.68145
21.6  1.52213  0.000549404  1.52268
22.5  1.34883  0.000512731  1.34935
23.4  1.17096  0.000468481  1.17143
24.3  0.997989  0.000417233  0.998406
25.2  0.838135  0.00036454  0.838499
26.1  0.6978  0.000319428  0.69812
27  0.581215  0.000291185  0.581507
27.9  0.490315  0.000285615  0.490601
28.8  0.424843  0.000302344  0.425146
29.7  0.382652  0.000334369  0.382987
30.6  0.360163  0.000370166  0.360533
31.5  0.352916  0.000397509  0.353313
32.4  0.356136  0.000407434  0.356544
33.3  0.365248  0.000396768  0.365644
34.2  0.37627  0.000368329  0.376638
35.1  0.386068  0.000328984  0.386397
36  0.392453  0.000286611  0.39274
36.9  0.394145  0.000247368  0.394392
37.8  0.390644  0.000214296  0.390858
38.7  0.382048  0.000187521  0.382236
39.6  0.368858  0.000165548  0.369024
40.5  0.3518  0.000146774  0.351946
41.4  0.331687  0.000130435  0.331817
42.3  0.309325  0.00011669  0.309442
43.2  0.285464  0.000106052  0.28557
44.1  0.260774  9.86658e-05  0.260873
45  0.235853  9.39111e-05  0.235947
45.9  0.211238  9.05217e-05  0.211328
46.8  0.187414  8.70982e-05  0.187501
47.7  0.164818  8.27062e-05  0.1649
48.6  0.143832  7.72519e-05  0.143909
49.5  0.124769  7.14835e-05  0.12484
50.4  0.107853  6.66531e-05  0.107919
51.3  0.0932095  6.40074e-05  0.0932735
52.2  0.0808595  6.4313e-05  0.0809238
53.1  0.0707233  6.75747e-05  0.0707909
54  0.0626365  7.30251e-05  0.0627095
54.9  0.056371  7.93678e-05  0.0564504
55.8  0.0516605  8.51811e-05  0.0517457
56.7  0.0482245  8.93401e-05  0.0483139
57.6  0.0457888  9.13101e-05  0.0458801
58.5  0.0441002  9.12105e-05  0.0441914
59.4  0.0429352  8.96398e-05  0.0430248
60.3  0.0421023  8.73469e-05  0.0421897
61.2  0.0414412  8.48968e-05  0.0415261
62.1  0.0408191  8.24706e-05  0.0409016
63  0.0401287  7.98661e-05  0.0402085
63.9  0.0392859  7.66701e-05  0.0393626
64.8  0.0382312  7.25011e-05  0.0383037
65.7  0.0369304  6.72127e-05  0.0369976
66.6  0.0353761  6.09894e-05  0.0354371
67.5  0.033587  5.43291e-05  0.0336413
68.4  0.031604  4.79507e-05  0.0316519
69.3  0.0294846  4.26668e-05  0.0295272
70.2  0.0272947  3.92469e-05  0.0273339
71.1  0.0251008  3.82782e-05  0.025139
72  0.0229628  4.00373e-05  0.0230029
72.9  0.0209294  4.44065e-05  0.0209738
73.8  0.0190354  5.08751e-05  0.0190863
74.7  0.0173018  5.86464e-05  0.0173604
75.6  0.0157372  6.68263e-05  0.015804
76.5  0.0143407  7.46229e-05  0.0144153
77.4  0.0131045  8.14794e-05  0.0131859
78.3  0.0120165  8.70935e-05  0.0121036
79.2  0.0110622  9.13385e-05  0.0111535
80.1  0.0102255  9.41498e-05  0.0103196
81  0.00948931  9.54501e-05  0.00958476
81.9  0.00883564  9.51494e-05  0.00893079
82.8  0.00824589  9.32049e-05  0.00833909
83.7  0.0077018  8.96898e-05  0.00779149
84.6  0.0071868  8.48221e-05  0.00727162
85.5  0.00668757  7.89388e-05  0.00676651
86.4  0.00619543  7.24392e-05  0.00626787
87.3  0.00570692  6.57334e-05  0.00577265
88.2  0.00522358  5.92158e-05  0.0052828
89.1  0.00475082  5.32592e-05  0.00480408
90  0.00429627  4.82003e-05  0.00434447
90.9  0.00386812  4.43025e-05  0.00391242
91.8  0.00347363  4.1702e-05  0.00351533
92.7  0.00311825  4.03694e-05  0.00315862
93.6  0.00280521  4.01179e-05  0.00284532
94.5  0.00253547  4.06631e-05  0.00257614
95.4  0.00230813  4.1712e-05  0.00234984
96.3  0.00212084  4.30387e-05  0.00216388
97.2  0.00197043  4.45183e-05  0.00201495
98.1  0.00185336  4.6115e-05  0.00189948
99  0.00176607  4.78464e-05  0.00181391
99.9  0.00170498  4.97528e-05  0.00175473
100.8  0.00166631  5.18824e-05  0.00171819
101.7  0.00164572  5.42828e-05  0.00170001
102.6  0.00163807  5.69795e-05  0.00169505
103.5  0.00163748  5.99334e-05  0.00169741
104.4  0.00163777  6.29922e-05  0.00170077
105.3  0.00163321  6.58681e-05  0.00169908
106.2  0.0016193  6.81687e-05  0.00168747
107.1  0.00159335  6.94834e-05  0.00166283
108  0.00155468  6.94948e-05  0.00162417
108.9  0.0015044  6.80684e-05  0.00157247
109.8  0.00144482  6.52838e-05  0.0015101
110.7  0.00137876  6.13961e-05  0.00144015
111.6  0.00130894  5.67538e-05  0.00136569
112.5  0.00123756  5.17115e-05  0.00128928
113.4  0.00116612  4.6573e-05  0.0012127
114.3  0.00109545  4.15788e-05  0.00113703
115.2  0.00102599  3.69274e-05  0.00106291
116.1  0.000958093  3.28076e-05  0.000990901
117  0.000892409  2.94208e-05  0.00092183
117.9  0.000830066  2.69826e-05  0.000857048
118.8  0.000772689  2.57046e-05  0.000798393
119.7  0.000722152  2.5765e-05  0.000747917
120.6  0.00068016  2.72737e-05  0.000707434
121.5  0.000647795  3.02384e-05  0.000678033
122.4  0.000625203  3.45362e-05  0.000659739
123.3  0.00061155  3.98952e-05  0.000651445
124.2  0.000605234  4.58964e-05  0.000651131
125.1  0.000604272  5.19999e-05  0.000656272
126  0.000606687  5.76001e-05  0.000664287
126.9  0.00061078  6.21028e-05  0.000672882
127.8  0.000615218  6.50118e-05  0.00068023
128.7  0.000618983  6.60049e-05  0.000684988
129.6  0.000621252  6.49795e-05  0.000686231
130.5  0.000621295  6.20565e-05  0.000683351
131.4  0.000618422  5.75408e-05  0.000675963
132.3  0.000611983  5.18514e-05  0.000663834
133.2  0.000601402  4.54458e-05  0.000646848
134.1  0.00058624  3.87614e-05  0.000625001
135  0.000566288  3.219e-05  0.000598478
135.9  0.000541668  2.60819e-05  0.00056775
136.8  0.000512915  2.07634e-05  0.000533679
137.7  0.000480972  1.65437e-05  0.000497516
138.6  0.00044708  1.36973e-05  0.000460777
139.5  0.00041256  1.24226e-05  0.000424982
140.4  0.000378587  1.27935e-05  0.000391381
141.3  0.000346045  1.4728e-05  0.000360773
142.2  0.000315531  1.79874e-05  0.000333518
143.1  0.000287508  2.22086e-05  0.000309716
144  0.000262492  2.69562e-05  0.000289449
144.9  0.000241159  3.17784e-05  0.000272938
145.8  0.000224278  3.62559e-05  0.000260534
146.7  0.000212494  4.00397e-05  0.000252533
147.6  0.000206059  4.288e-05  0.000248939
148.5  0.000204659  4.46453e-05  0.000249304
149.4  0.000207411  4.53249e-05  0.000252735
150.3  0.000213052  4.50103e-05  0.000258063
151.2  0.000220228  4.38554e-05  0.000264083
152.1  0.000227761  4.20281e-05  0.000269789
153  0.000234848  3.96722e-05  0.00027452
153.9  0.00024114  3.68951e-05  0.000278035
154.8  0.000246756  3.37838e-05  0.00028054
155.7  0.000252227  3.04346e-05  0.000282662
156.6  0.000258386  2.69754e-05  0.000285361
157.5  0.000266161  2.35652e-05  0.000289726
158.4  0.000276283  2.03707e-05  0.000296654
159.3  0.000288969  1.75324e-05  0.000306502
160.2  0.00030369  1.51402e-05  0.00031883
161.1  0.000319159  1.32262e-05  0.000332385
162  0.000333586  1.17743e-05  0.000345361
162.9  0.000345132  1.07337e-05  0.000355866
163.8  0.000352396  1.00278e-05  0.000362423
164.7  0.000354753  9.55868e-06  0.000364312
165.6  0.000352443  9.21389e-06  0.000361657
166.5  0.000346414  8.88216e-06  0.000355296
167.4  0.000338055  8.47732e-06  0.000346533
168.3  0.000328963  7.9589e-06  0.000336922
169.2  0.000320793  7.33711e-06  0.00032813
170.1  0.000315191  6.65808e-06  0.000321849
171  0.000313684  5.97787e-06  0.000319662
171.9  0.000317464  5.34099e-06  0.000322805
172.8  0.000327087  4.77522e-06  0.000331862
173.7  0.000342209  4.30133e-06  0.00034651
174.6  0.000361513  3.94469e-06  0.000365457
175.5  0.000382914  3.7344e-06  0.000386649
176.4  0.000403998  3.68613e-06  0.000407685
177.3  0.000422517  3.77992e-06  0.000426297
178.2  0.000436754  3.95154e-06  0.000440705
179.1  0.000445639  4.10955e-06  0.000449748
