0  51.1784  1.64632  52.8247
0.9  50.8674  1.63634  52.5038
1.8  49.9535  1.60701  51.5605
2.7  48.4913  1.5601  50.0514
3.6  46.566  1.49837  48.0643
4.5  44.2842  1.42525  45.7095
5.4  41.7643  1.34456  43.1089
6.3  39.1248  1.2601  40.3849
7.2  36.4741  1.17533  37.6494
8.1  33.9015  1.0931  34.9946
9  31.4721  1.01546  32.4875
9.9  29.223  0.943568  30.1665
10.8  27.1647  0.877734  28.0424
11.7  25.2845  0.817523  26.1021
12.6  23.5524  0.761964  24.3144
13.5  21.9285  0.709779  22.6383
14.4  20.3707  0.659626  21.0303
15.3  18.8415  0.610324  19.4518
16.2  17.314  0.561021  17.8751
17.1  15.7751  0.511301  16.2864
18  14.2265  0.461217  14.6877
18.9  12.6834  0.411253  13.0947
19.8  11.1722  0.362232  11.5344
20.7  9.72528  0.315183  10.0405
21.6  8.37679  0.271192  8.64798
22.5  7.15762  0.231254  7.38887
23.4  6.09154  0.196153  6.2877
24.3  5.19255  0.166377  5.35893
25.2  4.46362  0.142075  4.6057
26.1  3.89698  0.123059  4.02003
27  3.4757  0.108847  3.58455
27.9  3.17622  0.0987366  3.27496
28.8  2.97133  0.0918894  3.06322
29.7  2.83325  0.0874281  2.92068
30.6  2.73631  0.0845199  2.82083
31.5  2.65902  0.0824438  2.74147
32.4  2.58528  0.080636  2.66591
33.3  2.50473  0.0787085  2.58344
34.2  2.41245  0.076445  2.4889
35.1  2.30795  0.0737783  2.38173
36  2.19395  0.070754  2.26471
36.9  2.075  0.06749  2.14249
37.8  1.9562  0.0641357  2.02034
38.7  1.84229  0.0608389  1.90313
39.6  1.73692  0.0577212  1.79464
40.5  1.64241  0.054865  1.69727
41.4  1.55969  0.05231  1.612
42.3  1.48858  0.0500585  1.53864
43.2  1.42805  0.0480854  1.47613
44.1  1.37663  0.0463502  1.42298
45  1.33273  0.0448087  1.37754
45.9  1.29482  0.0434215  1.33824
46.8  1.26159  0.0421592  1.30375
47.7  1.23198  0.0410035  1.27298
48.6  1.20516  0.0399459  1.2451
49.5  1.18047  0.0389841  1.21945
50.4  1.15736  0.0381179  1.19548
51.3  1.13538  0.0373452  1.17272
52.2  1.1141  0.0366601  1.15076
53.1  1.09318  0.0360511  1.12923
54  1.07232  0.0355018  1.10782
54.9  1.05133  0.0349917  1.08632
55.8  1.03008  0.0344981  1.06457
56.7  1.00847  0.0339973  1.04247
57.6  0.986463  0.0334665  1.01993
58.5  0.963974  0.0328848  0.996859
59.4  0.940884  0.0322337  0.973117
60.3  0.917003  0.0314981  0.948502
61.2  0.892088  0.0306667  0.922755
62.1  0.865864  0.0297331  0.895598
63  0.838077  0.0286963  0.866773
63.9  0.808545  0.0275613  0.836106
64.8  0.777215  0.0263399  0.803555
65.7  0.744198  0.0250501  0.769248
66.6  0.709781  0.0237157  0.733496
67.5  0.674414  0.0223645  0.696779
68.4  0.638674  0.0210263  0.659701
69.3  0.603204  0.0197308  0.622935
70.2  0.568648  0.018505  0.587153
71.1  0.535593  0.0173713  0.552965
72  0.504518  0.0163459  0.520864
72.9  0.475762  0.0154384  0.491201
73.8  0.44952  0.0146513  0.464171
74.7  0.425852  0.0139815  0.439834
75.6  0.404712  0.0134207  0.418132
76.5  0.385977  0.0129571  0.398934
77.4  0.369487  0.0125764  0.382064
78.3  0.355071  0.0122634  0.367334
79.2  0.342562  0.0120028  0.354565
80.1  0.331812  0.0117793  0.343591
81  0.322682  0.0115793  0.334262
81.9  0.315042  0.0113901  0.326432
82.8  0.308751  0.0112014  0.319952
83.7  0.303652  0.0110049  0.314657
84.6  0.299564  0.0107953  0.310359
85.5  0.296272  0.0105698  0.306842
86.4  0.293534  0.0103286  0.303863
87.3  0.291085  0.0100744  0.30116
88.2  0.288642  0.00981158  0.298454
89.1  0.285916  0.00954526  0.295461
90  0.282623  0.00928039  0.291904
90.9  0.2785  0.00902059  0.287521
91.8  0.273314  0.00876734  0.282082
92.7  0.266879  0.00851962  0.275399
93.6  0.25907  0.00827391  0.267344
94.5  0.249837  0.00802477  0.257861
95.4  0.239214  0.00776576  0.24698
96.3  0.227326  0.00749063  0.234817
97.2  0.214385  0.00719446  0.221579
98.1  0.20068  0.00687467  0.207555
99  0.186562  0.00653153  0.193094
99.9  0.172413  0.00616839  0.178581
100.8  0.158618  0.00579125  0.164409
101.7  0.145536  0.00540801  0.150944
102.6  0.133465  0.00502755  0.138493
103.5  0.122626  0.00465858  0.127284
104.4  0.113142  0.00430879  0.117451
105.3  0.105044  0.00398416  0.109028
106.2  0.0982741  0.0036886  0.101963
107.1  0.0927055  0.00342402  0.0961295
108  0.088166  0.00319059  0.0913566
108.9  0.0844646  0.00298729  0.0874519
109.8  0.0814152  0.0028124  0.0842276
110.7  0.0788567  0.00266406  0.0815208
111.6  0.0766651  0.00254059  0.0792056
112.5  0.0747572  0.00244073  0.0771979
113.4  0.0730879  0.00236354  0.0754515
114.3  0.0716407  0.00230834  0.0739491
115.2  0.0704153  0.00227441  0.0726897
116.1  0.0694148  0.0022607  0.0716755
117  0.0686345  0.00226565  0.0709002
117.9  0.0680546  0.00228696  0.0703416
118.8  0.067637  0.00232154  0.0699586
119.7  0.0673273  0.00236555  0.0696929
120.6  0.0670598  0.00241452  0.0694743
121.5  0.0667653  0.00246354  0.0692289
122.4  0.0663798  0.00250755  0.0688873
123.3  0.065852  0.00254167  0.0683936
124.2  0.0651498  0.00256155  0.0677114
125.1  0.0642641  0.00256375  0.0668279
126  0.063209  0.00254609  0.0657551
126.9  0.0620207  0.00250792  0.0645286
127.8  0.0607533  0.00245033  0.0632036
128.7  0.059473  0.00237619  0.0618492
129.6  0.0582521  0.00228996  0.0605421
130.5  0.0571618  0.00219741  0.0593593
131.4  0.0562658  0.0021051  0.0583709
132.3  0.055614  0.00201974  0.0576337
133.2  0.0552377  0.00194752  0.0571852
134.1  0.0551463  0.00189344  0.0570398
135  0.0553249  0.00186079  0.0571857
135.9  0.0557339  0.00185077  0.0575847
136.8  0.0563116  0.00186238  0.058174
137.7  0.0569768  0.00189253  0.0588693
138.6  0.0576349  0.00193636  0.0595713
139.5  0.0581848  0.00198778  0.0601726
140.4  0.0585266  0.00204005  0.0605667
141.3  0.0585705  0.00208642  0.0606569
142.2  0.0582445  0.0021208  0.0603652
143.1  0.0575016  0.0021382  0.0596398
144  0.0563252  0.00213519  0.0584604
144.9  0.0547315  0.00211013  0.0568417
145.8  0.0527693  0.00206322  0.0548325
146.7  0.0505165  0.00199645  0.0525129
147.6  0.0480739  0.00191336  0.0499872
148.5  0.0455563  0.00181865  0.047375
149.4  0.0430826  0.00171774  0.0448004
150.3  0.0407649  0.00161626  0.0423812
151.2  0.0386989  0.0015195  0.0402184
152.1  0.0369571  0.001432  0.0383891
153  0.035584  0.00135719  0.0369412
153.9  0.0345964  0.0012973  0.0358937
154.8  0.0339868  0.0012534  0.0352402
155.7  0.0337304  0.00122561  0.034956
156.6  0.033795  0.00121357  0.0350085
157.5  0.0341511  0.00121683  0.0353679
158.4  0.0347827  0.00123533  0.036018
159.3  0.0356955  0.00126974  0.0369652
160.2  0.0369223  0.00132164  0.0382439
161.1  0.0385248  0.00139342  0.0399183
162  0.0405924  0.00148813  0.0420805
162.9  0.0432358  0.00160908  0.0448449
163.8  0.04658  0.00175942  0.0483394
164.7  0.0507534  0.00194176  0.0526952
165.6  0.055877  0.00215782  0.0580348
166.5  0.0620524  0.00240826  0.0644607
167.4  0.06935  0.0026926  0.0720426
168.3  0.0777979  0.0030092  0.0808071
169.2  0.0873714  0.00335529  0.0907267
170.1  0.0979842  0.0037269  0.101711
171  0.109482  0.00411884  0.113601
171.9  0.121639  0.00452446  0.126163
172.8  0.134159  0.00493558  0.139094
173.7  0.146683  0.00534231  0.152025
174.6  0.158803  0.00573322  0.164536
175.5  0.170079  0.00609565  0.176175
176.4  0.180068  0.00641631  0.186485
177.3  0.188349  0.00668222  0.195031
178.2  0.194555  0.00688167  0.201436
179.1  0.198399  0.00700536  0.205405
