1  36.0833    2.43505e-05  1.30951e-05    6.74796e-05  6.8424e-05    0.000102916  9.84286e-05    0.000137691  9.58739e-05    0.000168681  7.82401e-05    0.000238164  0.000201601    0.000318917  0.000207292    0.000251557  0.000167728    0.000141  0.000820993    7.66022e-05  0.00056296  0.00152736  0.00231464  0.003842
1.1  35.9833    2.74766e-05  1.57526e-05    7.7097e-05  8.09084e-05    0.000116914  0.000116732    0.000156781  0.000109121    0.000192057  8.96973e-05    0.000274252  0.000240916    0.000368325  0.000252796    0.000291161  0.000194956    0.000158091  0.000944821    8.66514e-05  0.000623883  0.00174881  0.00266958  0.00441839
1.2  35.8833    3.12123e-05  1.9024e-05    8.87273e-05  9.60605e-05    0.000133738  0.000138949    0.000179646  0.000124789    0.000219795  0.000102977    0.000317269  0.000288049    0.00042698  0.000307951    0.000337575  0.000227528    0.000177496  0.00108492    9.85152e-05  0.000687983  0.00201095  0.00307823  0.00508918
1.3  35.7833    3.57903e-05  2.30989e-05    0.000103089  0.00011472    0.000154419  0.000166212    0.000207642  0.000143756    0.000253417  0.000118731    0.000369468  0.000345096    0.000497734  0.000375128    0.000392656  0.000266969    0.00020004  0.00124512    0.000112745  0.000755977  0.002327  0.00355481  0.00588181
1.4  35.6833    4.15031e-05  2.82179e-05    0.00012109  0.000137935    0.000180247  0.00019992    0.000242463  0.000167095    0.000294821  0.000137795    0.000433683  0.000414717    0.000584185  0.000457309    0.000458721  0.000315199    0.000226741  0.0014302    0.000129986  0.000828873  0.00271344  0.00411726  0.0068307
1.5  35.5833    4.87214e-05  3.46879e-05    0.000143882  0.000167031    0.000212852  0.000241815    0.000286251  0.000196124    0.000346395  0.000161246    0.000513505  0.000500309    0.0006909  0.000558225    0.000538706  0.000374625    0.000258877  0.00164607    0.000150998  0.000908004  0.00319109  0.00478814  0.00797923
1.6  35.4833    5.79183e-05  4.29042e-05    0.000172941  0.000203691    0.000254308  0.000294084    0.000341725  0.000232481    0.000411172  0.000190474    0.000613516  0.000606217    0.000823698  0.000682568    0.000636356  0.000448294    0.000298064  0.00190008    0.000176697  0.000995055  0.0037864  0.00559585  0.00938225
1.7  35.3833    6.97e-05  5.33766e-05    0.00021016  0.000250065    0.000307272  0.00035949    0.000412368  0.000278219    0.000493029  0.00022729    0.000739595  0.000738002    0.000990034  0.00083628    0.000756462  0.000540107    0.000346357  0.00220137    0.000208191  0.00109212  0.00453317  0.00657632  0.0111095
1.8  35.2833    8.48456e-05  6.6762e-05    0.000257977  0.000308896    0.000375157  0.000441531    0.000502654  0.000335939    0.000596956  0.000274072    0.000899323  0.000902799    0.00119949  0.00102689    0.000905185  0.000655079    0.000406387  0.00256133    0.000246845  0.00120176  0.00547482  0.00777506  0.0132499
1.9  35.1833    0.00010436  8.39056e-05    0.000319538  0.000383683    0.00046236  0.000544626    0.00061835  0.000408935    0.000729407  0.000333957    0.00110252  0.00110975    0.00146443  0.00126395    0.00109047  0.000799694    0.000481533  0.00299422    0.000294352  0.00132719  0.00666733  0.00924991  0.0159172
2  35.0833    0.00012953  0.000105876    0.000398867  0.000478822    0.00057452  0.000674315    0.000766859  0.000501398    0.000898732  0.000411112    0.00136194  0.00137057    0.00180076  0.00155951    0.00132251  0.000982363    0.000576134  0.00351776    0.000352827  0.00147237  0.00818268  0.0110741  0.0192568
2.1  34.9833    0.000161993  0.000134001    0.000501092  0.000599741    0.000718839  0.000837425    0.000957658  0.000618614    0.00111575  0.000511081    0.00169409  0.00170005    0.00222891  0.00192878    0.00161439  0.00121404    0.000695749  0.004154    0.000424899  0.00164233  0.0101134  0.01334  0.0234534
2.2  34.8833    0.000203789  0.00016987    0.000632583  0.000752918    0.000904344  0.00104219    0.00120267  0.000767199    0.00139437  0.000641236    0.0021203  0.00211679    0.00277485  0.00239048    0.00198263  0.0015088    0.00084743  0.00492976    0.000513843  0.00184335  0.0125768  0.0161626  0.0287394
2.3  34.7833    0.000257376  0.000215271    0.000801019  0.000945689    0.00114208  0.00129817    0.00151661  0.000955327    0.00175227  0.000811314    0.00266778  0.00264357    0.00347109  0.00296734    0.00244772  0.00188468    0.00103996  0.00587692    0.000623664  0.00208332  0.0157196  0.0196816  0.0354012
2.4  34.6833    0.000325585  0.000272026    0.00101522  0.00118565    0.00144508  0.00161583    0.00191699  0.0011929    0.00221157  0.00103403    0.00337074  0.00330739    0.00435741  0.00368619    0.00303428  0.00236447    0.001284  0.00703186    0.000759152  0.00237195  0.01972  0.0240623  0.0437823
2.5  34.5833    0.000411435  0.000341651    0.00128456  0.0014795    0.00182784  0.00200571    0.00242373  0.00149154    0.00279917  0.00132565    0.00427116  0.00413878    0.00548085  0.00457712    0.00377075  0.00297624    0.00159194  0.00843357    0.000925841  0.00272093  0.0247873  0.0294907  0.054278
2.6  34.4833    0.000517788  0.000424834    0.00161792  0.00183121    0.00230532  0.00247701    0.00305799  0.00186449    0.00354665  0.00170635    0.00541881  0.00516992    0.00689452  0.00567177    0.004688  0.00375343    0.00197745  0.01012    0.00112981  0.0031437  0.0311543  0.0361627  0.0673169
2.7  34.3833    0.000646844  0.000520773    0.00202208  0.00223984    0.00289119  0.00303588    0.00384022  0.00232619    0.00448929  0.00220008    0.00686991  0.00643137    0.0086548  0.00700081    0.00581686  0.00473448    0.00245437  0.0121225    0.00137727  0.00365471  0.0390628  0.0442666  0.0833294
2.8  34.2833    0.000799632  0.000626672    0.00250017  0.00269771    0.00359594  0.00368397    0.00478777  0.00289168    0.00566378  0.00283345    0.00868368  0.00794779    0.0108167  0.00859024    0.00718471  0.00596112    0.00303521  0.0144597    0.00167402  0.00426789  0.0487416  0.0539602  0.102702
2.9  34.1833    0.000975736  0.000737759    0.00305078  0.00319034    0.0044253  0.0044177    0.00591259  0.00357513    0.00710433  0.00363331    0.0109158  0.00973286    0.0134271  0.0104574    0.00881176  0.00747503    0.00372928  0.0171327    0.00202455  0.00499433  0.0603772  0.0653466  0.125724
3  34.0833    0.00117337  0.000848116    0.00366819  0.00369874    0.00537895  0.00522845    0.00721876  0.00438737    0.00883587  0.00462203    0.0136069  0.0117841    0.0165149  0.0126064    0.0107064  0.00931178    0.00454041  0.0201213    0.00243109  0.00583887  0.0740749  0.0784471  0.152522
3.1  33.9833    0.0013897  0.000952053    0.00434329  0.00420283    0.00644917  0.00610156    0.00869926  0.00533091    0.0108642  0.00581071    0.0167663  0.0140759    0.0200769  0.0150218    0.0128596  0.0114917    0.00546416  0.0233819    0.0028921  0.00679663  0.0898048  0.093166  0.182971
3.2  33.8833    0.00162092  0.00104546    0.00506375  0.00468461    0.00761797  0.00701468    0.0103308  0.0063935    0.0131636  0.00719063    0.0203516  0.0165534    0.0240599  0.0176605    0.0152372  0.014007    0.00648464  0.0268436    0.00340094  0.0078495  0.107331  0.109243  0.216574
3.3  33.7833    0.00186205  0.00112629    0.00581336  0.00512891    0.00885447  0.00793533    0.0120697  0.00754347    0.0156686  0.00872734    0.0242568  0.019129    0.0283498  0.0204486    0.0177752  0.0168133    0.00757276  0.0304077    0.00394522  0.00896605  0.126168  0.126226  0.252394
3.4  33.6833    0.00210694  0.00119426    0.00657224  0.00552343    0.0101165  0.00882299    0.013854  0.00873218    0.0182795  0.0103632    0.0283229  0.021693    0.0327826  0.0232894    0.0203855  0.0198331    0.00868942  0.0339597    0.00450854  0.0101067  0.145618  0.143518  0.289136
3.5  33.5833    0.00234907  0.00125028    0.0073198  0.00586012    0.0113593  0.00963863    0.0156172  0.00990577    0.020886  0.0120312    0.0323754  0.024139    0.0371842  0.026084    0.0229777  0.0229749    0.00979534  0.0373958    0.00507511  0.0112342  0.164939  0.160514  0.325453
3.6  33.4833    0.00258302  0.00129598    0.0080395  0.00613741    0.0125475  0.0103569    0.0173062  0.0110215    0.0233977  0.0136746    0.0362737  0.0263929    0.0414211  0.0287552    0.0254874  0.0261605    0.0108632  0.040653    0.00563496  0.0123244  0.183554  0.176772  0.360327
3.7  33.3833    0.00280551  0.00133337    0.00872218  0.0063611    0.0136644  0.0109733    0.0188941  0.0120587    0.0257651  0.015262    0.0399427  0.028428    0.0454335  0.0312596    0.0278937  0.0293438    0.0118855  0.0437235    0.00618688  0.0133718  0.201194  0.192115  0.393309
3.8  33.2833    0.00301546  0.00136455    0.00936604  0.00654268    0.0147114  0.0115025    0.0203809  0.0130191    0.0279811  0.0167901    0.0433732  0.0302589    0.0492331  0.033582    0.0302186  0.0325125    0.0128736  0.0466477    0.00673773  0.0143872  0.217891  0.206607  0.424498
3.9  33.1833    0.00321346  0.00139141    0.00997449  0.00669595    0.0157029  0.0119699    0.0217854  0.0139193    0.0300686  0.0182763    0.0466019  0.0319247    0.05288  0.0357239    0.0325127  0.0356789    0.0138517  0.0494952    0.00729935  0.0153919  0.233891  0.220467  0.454358
4  33.0833    0.0034011  0.00141559    0.0105538  0.00683421    0.0166594  0.0124041    0.0231358  0.0147826    0.0320659  0.0197487    0.0496871  0.0334726    0.0564544  0.037695    0.0348378  0.0388677    0.014849  0.0523446    0.0078855  0.0164105  0.24953  0.233975  0.483505
4.1  32.9833    0.00358082  0.00143839    0.0111123  0.00696863    0.0176036  0.0128307    0.0244641  0.0156337    0.0340191  0.0212396    0.0526982  0.0349486    0.0600424  0.0395143    0.0372545  0.0421142    0.0158941  0.0552704    0.0085091  0.0174673  0.265178  0.247426  0.512604
4.2  32.8833    0.00375566  0.00146095    0.0116598  0.00710825    0.0185581  0.013272    0.0258029  0.0164961    0.0359753  0.0227798    0.0557047  0.0363957    0.0637231  0.0412075    0.0398139  0.0454552    0.017011  0.0583323    0.00918086  0.0185828  0.281185  0.261091  0.542276
4.3  32.7833    0.0039291  0.00148428    0.0122071  0.00726017    0.0195441  0.0137454    0.0271831  0.0173912    0.0379806  0.0243972    0.0587732  0.0378507    0.0675646  0.0428077    0.0425522  0.0489281    0.0182165  0.0615679    0.00990759  0.0197709  0.297858  0.275204  0.573062
4.4  32.6833    0.00410469  0.00150923    0.0127648  0.00742999    0.02058  0.0142647    0.0286327  0.018338    0.0400771  0.0261155    0.0619641  0.0393416    0.0716185  0.0443515    0.0454865  0.0525659    0.0195184  0.0649886    0.0106911  0.0210386  0.315438  0.289944  0.605381
4.5  32.5833    0.00428565  0.00153656    0.0133426  0.00762206    0.0216809  0.01484    0.0301743  0.0193525    0.0422996  0.0279532    0.0653256  0.0408881    0.0759175  0.0458718    0.0486161  0.0563909    0.0209153  0.0685794    0.0115282  0.0223849  0.334086  0.305419  0.639505
4.6  32.4833    0.00447462  0.00156688    0.0139482  0.00783973    0.0228575  0.0154789    0.0318251  0.0204473    0.0446753  0.0299238    0.0688932  0.0425012    0.0804759  0.0473951    0.0519255  0.0604124    0.0223987  0.0723061    0.0124116  0.0238033  0.353886  0.321675  0.67556
4.7  32.3833    0.00467364  0.00160066    0.0145875  0.00808562    0.0241168  0.0161867    0.033597  0.0216326    0.0472229  0.0320374    0.0726903  0.0441847    0.0852942  0.0489415    0.0553902  0.064631    0.0239555  0.076127    0.013332  0.0252842  0.37486  0.338711  0.713571
4.8  32.2833    0.00488427  0.00163832    0.0152648  0.00836186    0.0254637  0.016967    0.0354982  0.0229167    0.0499559  0.034302    0.0767321  0.0459388    0.0903671  0.0505264    0.0589852  0.069042    0.0255725  0.0800049    0.0142806  0.0268186  0.397004  0.356517  0.753521
4.9  32.1833    0.00510781  0.00168016    0.015984  0.00867029    0.0269022  0.0178233    0.0375355  0.0243064    0.0528856  0.0367257    0.081032  0.047764    0.0956929  0.0521634    0.062693  0.073644    0.0272398  0.0839177    0.0152511  0.0284013  0.420324  0.375096  0.79542
5  32.0833    0.00534538  0.00172652    0.0167481  0.00901258    0.0284358  0.0187583    0.0397148  0.0258075    0.0560211  0.0393166    0.0856016  0.0496622    0.101275  0.0538646    0.0665061  0.0784391    0.0289525  0.0878608    0.0162407  0.0300306  0.444841  0.394479  0.83932
5.1  31.9833    0.00559808  0.00177766    0.0175605  0.00939026    0.0300691  0.0197743    0.0420429  0.0274248    0.0593734  0.0420836    0.0904566  0.0516366    0.107127  0.0556443    0.070428  0.0834393    0.0307108  0.0918459    0.0172499  0.0317094  0.470616  0.414726  0.885342
5.2  31.8833    0.00586679  0.00183386    0.0184236  0.00980453    0.0318052  0.0208729    0.0445249  0.0291608    0.0629502  0.0450335    0.095609  0.0536926    0.113265  0.0575118    0.0744696  0.0886559    0.0325187  0.0958932    0.0182818  0.0334414  0.497715  0.4359  0.933615
5.3  31.7833    0.0061521  0.00189535    0.0193393  0.0102562    0.0336464  0.0220544    0.0471639  0.0310154    0.0667563  0.04817    0.101067  0.0558339    0.119704  0.0594739    0.0786443  0.0940999    0.0343816  0.100025    0.0193403  0.0352303  0.526195  0.458054  0.984249
5.4  31.6833    0.00645428  0.00196227    0.0203081  0.0107455    0.0355928  0.023317    0.04996  0.0329854    0.070792  0.0514924    0.106834  0.0580608    0.126455  0.0615343    0.082962  0.0997802    0.0363041  0.10426    0.0204292  0.0370783  0.556091  0.481216  1.03731
5.5  31.5833    0.00677309  0.00203471    0.021329  0.0112718    0.0376417  0.0246575    0.0529096  0.0350642    0.0750523  0.054995    0.112905  0.060371    0.133521  0.0636908    0.0874302  0.105698    0.0382896  0.108611    0.0215514  0.0389856  0.587403  0.50538  1.09278
5.6  31.4833    0.00710784  0.00211267    0.0223997  0.0118343    0.0397882  0.0260709    0.0560057  0.0372424    0.0795268  0.0586671    0.119267  0.0627593    0.140897  0.0659364    0.092052  0.111849    0.0403402  0.113083    0.0227093  0.0409506  0.620094  0.530506  1.1506
5.7  31.3833    0.00745744  0.00219605    0.0235166  0.0124313    0.0420248  0.0275509    0.0592376  0.0395083    0.0842002  0.062494    0.125901  0.065217    0.148572  0.0682615    0.0968254  0.118222    0.0424564  0.117676    0.0239048  0.042971  0.654096  0.556529  1.21062
5.8  31.2833    0.00782049  0.00228473    0.0246752  0.0130609    0.0443424  0.0290906    0.0625926  0.0418494    0.0890541  0.0664581    0.132782  0.0677338    0.156527  0.0706545    0.101746  0.124806    0.0446379  0.122387    0.0251396  0.0450449  0.689317  0.58337  1.27269
5.9  31.1833    0.00819547  0.00237855    0.0258705  0.0137214    0.046732  0.0306833    0.066058  0.0442535    0.0940702  0.0705416    0.139886  0.0702992    0.164747  0.0731048    0.106808  0.131589    0.0468852  0.127212    0.0264157  0.0471714  0.725668  0.610955  1.33662
6  31.0833    0.00858082  0.00247735    0.0270978  0.0144109    0.0491843  0.0323228    0.0696209  0.046709    0.0992298  0.0747266    0.147189  0.0729039    0.173216  0.0756021    0.112009  0.138563    0.0491993  0.132147    0.027736  0.0493511  0.763063  0.639213  1.40228
6.1  30.9833    0.00897522  0.00258101    0.0283528  0.0151284    0.0516923  0.0340042    0.0732717  0.049207    0.10452  0.0789988    0.154675  0.0755392    0.181925  0.0781419    0.117347  0.145726    0.0515824  0.137191    0.0291034  0.0515864  0.801444  0.668104  1.46955
6.2  30.8833    0.00937756  0.00268949    0.0296321  0.0158733    0.0542502  0.0357245    0.0770024  0.0517407    0.109929  0.0833462    0.16233  0.0782017    0.19087  0.0807181    0.122825  0.153078    0.0540384  0.142343    0.0305217  0.0538804  0.840776  0.697596  1.53837
6.3  30.7833    0.0097871  0.00280284    0.0309335  0.0166456    0.0568547  0.037483    0.0808089  0.0543061    0.115452  0.087761    0.170148  0.0808909    0.200056  0.0833278    0.128449  0.160623    0.0565723  0.147606    0.0319946  0.056237  0.881056  0.727683  1.60874
6.4  30.6833    0.0102036  0.00292117    0.032256  0.0174462    0.0595056  0.0392802    0.0846911  0.0569028    0.12109  0.0922403    0.178132  0.0836078    0.209493  0.0859728    0.134226  0.168374    0.0591889  0.152982    0.0335258  0.0586612  0.922312  0.758389  1.6807
6.5  30.5833    0.0106274  0.00304471    0.0336002  0.018277    0.0622054  0.0411194    0.0886529  0.0595332    0.126847  0.0967861    0.186293  0.0863583    0.2192  0.088655    0.140169  0.176344    0.0618945  0.158478    0.0351187  0.0611579  0.964609  0.789754  1.75436
6.6  30.4833    0.011059  0.00317381    0.0349679  0.0191402    0.0649589  0.0430059    0.0927016  0.0622025    0.132736  0.101405    0.194648  0.089152    0.229203  0.091377    0.146293  0.184548    0.0646959  0.164101    0.0367767  0.0637321  1.00804  0.821838  1.82988
6.7  30.3833    0.0114995  0.00330884    0.0363621  0.0200389    0.0677733  0.0449465    0.0968477  0.0649186    0.138772  0.106108    0.203219  0.0919987    0.239531  0.0941432    0.152613  0.193004    0.0675991  0.169859    0.0385025  0.0663892  1.05272  0.854715  1.90743
6.8  30.2833    0.0119501  0.00345027    0.0377863  0.0209765    0.0706571  0.046949    0.101104  0.0676909    0.144972  0.110908    0.212032  0.0949093    0.250214  0.0969578    0.159143  0.201729    0.0706099  0.17576    0.0402984  0.0691346  1.09877  0.888465  1.98723
6.9  30.1833    0.0124125  0.00359857    0.0392446  0.0219568    0.0736197  0.049022    0.105483  0.0705306    0.151358  0.115822    0.221116  0.0978938    0.261285  0.0998269    0.165898  0.210739    0.0737331  0.181815    0.0421663  0.0719737  1.14632  0.923178  2.0695
