0.9 9.82742e-07
1.8 1.63828e-05
2.7 8.03239e-05
3.6 0.000245055
4.5 0.000381828
5.4 0.000185278
6.3 -6.99744e-05
7.2 -0.000255034
8.1 -0.000402714
9 -0.000540044
9.9 -0.000681247
10.8 -0.0008346
11.7 -0.0010057
12.6 -0.00119844
13.5 -0.00141456
14.4 -0.00165135
15.3 -0.00189558
16.2 -0.00210829
17.1 -0.00218511
18 -0.00184759
18.9 -0.000337776
19.8 0.00434298
20.7 0.0158478
21.6 0.0315057
22.5 0.0360574
23.4 0.0312853
24.3 0.0259068
25.2 0.0220248
26.1 0.0194425
27 0.0177575
27.9 0.0166798
28.8 0.0160202
29.7 0.0156476
30.6 0.0154551
31.5 0.0153294
32.4 0.0151163
33.3 0.0145687
34.2 0.0132656
35.1 0.0104865
36 0.00506442
36.9 -0.00463734
37.8 -0.0201959
38.7 -0.0415492
39.6 -0.0652997
40.5 -0.0859644
41.4 -0.100058
42.3 -0.107759
43.2 -0.111019
44.1 -0.111586
45 -0.110392
45.9 -0.107696
46.8 -0.103414
47.7 -0.097425
48.6 -0.0898002
49.5 -0.080878
50.4 -0.0711751
51.3 -0.0611858
52.2 -0.0511745
53.1 -0.0410175
54 -0.0300667
54.9 -0.0169385
55.8 0.000904603
56.7 0.0278751
57.6 0.0709119
58.5 0.137359
59.4 0.222495
60.3 0.291368
61.2 0.306392
62.1 0.278123
63 0.237846
63.9 0.201966
64.8 0.173981
65.7 0.152816
66.6 0.136455
67.5 0.122814
68.4 0.10967
69.3 0.0943288
70.2 0.073414
71.1 0.0435904
72 0.00442951
72.9 -0.0376931
73.8 -0.071333
74.7 -0.0890541
75.6 -0.091633
76.5 -0.083315
77.4 -0.0667639
78.3 -0.0409695
79.2 0.00056801
80.1 0.074723
81 0.214631
81.9 0.405676
82.8 0.414685
83.7 0.283287
84.6 0.204781
85.5 0.177577
86.4 0.174705
87.3 0.181539
88.2 0.191535
89.1 0.202146
