6.02483e-05
0.000480798
0.00161584
0.00380694
0.00737764
0.0126269
0.0198238
0.029203
0.04096
0.0552473
0.072172
0.0917926
0.114118
0.139108
0.16667
0.196665
0.228905
0.263157
0.29915
0.336573
0.375085
0.414318
0.453883
0.49338
0.532398
0.570528
0.607367
0.642525
0.675631
0.706343
0.734347
0.759369
0.781174
0.799572
0.81442
0.825627
0.833148
0.83699
0.837207
0.833901
0.827216
0.817334
0.804475
0.788886
0.770836
0.750615
0.728519
0.704853
0.679917
0.654006
0.627402
0.60037
0.573155
0.545979
0.51904
0.49251
0.466537
0.441244
0.41673
0.393075
0.370336
0.348554
0.327755
0.30795
0.289138
0.27131
0.254448
0.238526
0.223516
0.209384
0.196096
0.183612
0.171896
0.160908
0.15061
0.140963
0.131931
0.123478
0.11557
0.108172
0.101254
0.0947853
0.0887374
0.0830834
0.0777978
0.0728567
0.0682375
0.063919
0.0598816
0.0561065
0.0525765
0.0492753
0.0461877
0.0432996
0.0405977
0.0380697
0.0357041
0.0334901
0.0314177
0.0294775
0.0276609
0.0259598
0.0243665
0.022874
0.0214756
0.0201654
0.0189374
0.0177865
0.0167075
0.0156959
0.0147472
0.0138576
0.013023
0.0122402
0.0115056
0.0108163
0.0101694
0.00956224
0.00899222
0.00845703
0.00795449
0.00748254
0.00703926
0.00662286
0.00623167
0.00586411
0.00551871
0.00519411
0.004889
0.0046022
0.00433256
0.00407904
0.00384064
0.00361644
0.00340557
0.00320721
0.0030206
0.00284503
0.00267982
0.00252435
0.00237802
0.00224028
0.00211062
0.00198855
0.0018736
0.00176535
0.0016634
0.00156736
0.00147689
0.00139165
0.00131132
0.00123561
0.00116425
0.00109697
0.00103353
0.000973701
0.000917262
0.000864013
0.00081376
0.000766325
0.000721537
0.000679237
0.000639274
0.000601505
0.000565798
0.000532026
0.00050007
0.000469818
0.000441163
0.000414006
