0.00584509  -4.3327e-09 -9.83818e-11  
0.0307801  -3.25688e-06 -7.84933e-08  
0.0755696  -0.000159495 -3.87346e-06  
0.140103  -0.00243715 -5.93154e-05  
0.224207  -0.0193972 -0.000472765  
0.327655  -0.0986129 -0.0024084  
0.45017  -0.360224 -0.00880571  
0.591419  -1.01241 -0.0246361  
0.751024  -2.21785 -0.05277  
0.928553  -3.93869 -0.0879641  
1.12353  -5.75475 -0.110024  
1.33542  -7.25232 -0.0989696  
1.56367  -8.43502 -0.0606405  
1.80764  -9.48671 -0.0215578  
2.0667  -10.1507 0.0170756  
2.34013  -10.5343 0.0675394  
2.6272  -11.152 0.0930533  
2.92714  -11.6323 0.0545812  
3.23914  -10.9906 -0.00778527  
3.56235  -9.91459 -0.0768758  
3.89591  -9.16456 -0.160987  
4.23891  -7.72678 -0.210584  
4.59044  -5.7453 -0.230161  
4.94954  -4.40297 -0.236511  
5.31525  -3.15624 -0.198541  
5.68658  -1.76927 -0.145044  
6.06252  -0.977446 -0.0945334  
6.44208  -0.585017 -0.0545592  
6.82421  -0.0773659 -0.0318713  
7.2079  0.280387 -0.0139409  
7.5921  0.246429 -0.00920888  
7.97579  0.064563 -0.0083374  
8.35792  -0.036409 -0.00166059  
8.73748  -0.0471142 -9.48253e-05  
9.11342  -0.0260286 -0.00217738  
9.48475  -0.0085087 -0.00120252  
9.85046  -0.00201454 0.000200303  
10.2096  -0.000652266 0.000268862  
10.5611  -0.00028524 -5.13754e-05  
10.9041  9.68124e-06 -7.08252e-05  
11.2377  -1.08768e-06 2.23122e-06  
11.5609  3.88228e-05 -1.94462e-05  
11.8729  7.54134e-06 5.39655e-05  
12.1728  -3.28199e-05 -8.93568e-06  
12.4599  1.96958e-05 8.7697e-06  
12.7333  -3.91077e-05 2.8549e-05  
12.9924  -3.09988e-05 -4.32534e-05  
13.2363  2.78889e-05 -1.71541e-05  
13.4646  -4.27855e-06 1.94118e-05  
13.6765  -2.34189e-05 -1.846e-05  
13.8714  1.72844e-05 -3.10375e-05  
14.049  3.28903e-05 6.51801e-06  
14.2086  5.59087e-06 2.90004e-05  
14.3498  -1.90805e-05 1.49891e-05  
14.4723  -1.91254e-05 -6.06937e-06  
14.5758  -6.61145e-06 -1.45229e-05  
14.6599  3.19079e-06 -1.1539e-05  
14.7244  6.3172e-06 -5.86738e-06  
14.7692  5.08882e-06 -1.84365e-06  
14.7942  2.37644e-06 -3.00618e-07  
