0.0900561  -0.35034  -0.774764  0.850293
0.47045  -1.75174  -3.87422  4.25185
1.13845  -3.34839  -7.42451  8.14463
2.06687  -2.8168  -6.29898  6.90011
3.21771  0.106916  0.272136  0.292385
4.54386  1.62187  3.69379  4.03417
5.99104  0.931328  2.1191  2.31472
7.5  0.401749  0.921367  1.00515
9.00896  0.202101  0.492393  0.532255
10.4561  0.107911  0.296773  0.315783
11.7823  0.0628379  0.189386  0.199539
12.9331  0.0410939  0.125263  0.131831
13.8615  0.0280611  0.0901858  0.0944505
14.5296  0.0247452  0.0669  0.0713298
14.9099  0.0215659  0.0579229  0.0618074
0.0900561  -0.248238  1.04031  1.06952
0.47045  -1.24991  5.17732  5.32606
1.13845  -2.4435  9.76848  10.0695
2.06687  -2.07105  8.18292  8.44093
3.21771  0.124256  -0.437748  0.455042
4.54386  1.24015  -4.71673  4.87704
5.99104  0.691728  -2.58186  2.67291
7.5  0.263534  -0.919326  0.956353
9.00896  0.0967498  -0.295075  0.310531
10.4561  0.0206935  -0.0474424  0.0517591
11.7823  -0.0136884  0.0408869  0.0431174
12.9331  -0.0288507  0.0631796  0.0694552
13.8615  -0.0320201  0.0654239  0.0728393
14.5296  -0.0288602  0.0518311  0.0593243
14.9099  -0.024143  0.0454367  0.0514527
0.0900561  -0.473828  -0.231327  0.527281
0.47045  -2.36005  -1.16211  2.63065
1.13845  -4.46576  -2.26458  5.00713
2.06687  -3.76041  -1.95595  4.23868
3.21771  0.164072  0.0697277  0.178274
4.54386  2.14746  1.1377  2.43021
5.99104  1.19197  0.646667  1.35608
7.5  0.449683  0.257767  0.518323
9.00896  0.176165  0.117413  0.211707
10.4561  0.0636501  0.0614001  0.0884381
11.7823  0.0162511  0.0367059  0.0401425
12.9331  -0.00276773  0.0225949  0.0227638
13.8615  -0.0104474  0.0144319  0.0178165
14.5296  -0.00905123  0.00917019  0.0128848
14.9099  -0.00827752  0.00780233  0.0113751
0.0900561  1.11102  -0.30128  1.15115
0.47045  5.52939  -1.50401  5.73029
1.13845  10.4161  -2.86915  10.8041
2.06687  8.6393  -2.45826  8.98224
3.21771  -0.562211  0.0173282  0.562478
4.54386  -5.09497  1.34364  5.26917
5.99104  -2.80018  0.782671  2.9075
7.5  -1.0946  0.332935  1.14412
9.00896  -0.499374  0.162815  0.525246
10.4561  -0.264227  0.0872086  0.278247
11.7823  -0.159179  0.051213  0.167215
12.9331  -0.104341  0.0324162  0.10926
13.8615  -0.0742671  0.0209816  0.0771741
14.5296  -0.0553843  0.0182805  0.0583232
14.9099  -0.0473303  0.015859  0.0499166
0.0900561  0.70199  0.254475  0.746691
0.47045  3.4949  1.26549  3.71696
1.13845  6.59696  2.37584  7.01174
2.06687  5.51876  1.94529  5.85157
3.21771  -0.278033  -0.181464  0.332012
4.54386  -3.19597  -1.181  3.4072
5.99104  -1.78122  -0.625099  1.88772
7.5  -0.705781  -0.221707  0.739784
9.00896  -0.320648  -0.0832848  0.331287
10.4561  -0.162927  -0.0327241  0.166181
11.7823  -0.0924538  -0.0122265  0.0932588
12.9331  -0.0577334  -0.00237031  0.0577821
13.8615  -0.0389767  0.00114705  0.0389935
14.5296  -0.0298618  0.00354217  0.0300712
14.9099  -0.0253756  0.0031728  0.0255732
0.0900561  0.325424  0.372061  0.494298
0.47045  1.62257  1.84937  2.46027
1.13845  3.08233  3.46974  4.64111
2.06687  2.61742  2.86973  3.8841
3.21771  -0.0774417  -0.196042  0.210784
4.54386  -1.4861  -1.69185  2.25185
5.99104  -0.851681  -0.920949  1.2544
7.5  -0.357729  -0.344978  0.496971
9.00896  -0.180123  -0.141703  0.229181
10.4561  -0.106037  -0.0624426  0.123056
11.7823  -0.0706171  -0.0295666  0.0765569
12.9331  -0.0510249  -0.0148366  0.0531382
13.8615  -0.0385704  -0.00822973  0.0394386
14.5296  -0.030946  -0.00487036  0.0313269
14.9099  -0.0264367  -0.00396858  0.0267329
0.0900561  0.175933  0.175886  0.248773
0.47045  0.880684  0.874732  1.24127
1.13845  1.69844  1.64591  2.3651
2.06687  1.47361  1.37373  2.01461
3.21771  -0.017917  -0.0778735  0.0799081
4.54386  -0.827001  -0.800644  1.15107
5.99104  -0.484455  -0.441646  0.655552
7.5  -0.212579  -0.168877  0.271494
9.00896  -0.114653  -0.0715463  0.135145
10.4561  -0.0727878  -0.0331015  0.0799611
11.7823  -0.0521228  -0.0166983  0.0547323
12.9331  -0.0395585  -0.00907137  0.0405853
13.8615  -0.0307549  -0.00556393  0.0312542
14.5296  -0.024627  -0.00352648  0.0248782
14.9099  -0.0210447  -0.00290571  0.0212443
0.0900561  0.122107  0.103056  0.159783
0.47045  0.612683  0.514138  0.799824
1.13845  1.19127  0.979754  1.54242
2.06687  1.04254  0.835195  1.33583
3.21771  -0.0063719  -0.0318829  0.0325134
4.54386  -0.586043  -0.480811  0.758041
5.99104  -0.347627  -0.271533  0.441106
7.5  -0.155357  -0.108297  0.189377
9.00896  -0.0865416  -0.0494491  0.0996728
10.4561  -0.056762  -0.0254711  0.0622149
11.7823  -0.0412028  -0.0148268  0.0437893
12.9331  -0.0315503  -0.00955777  0.0329662
13.8615  -0.0247412  -0.00686452  0.0256759
14.5296  -0.0197958  -0.00486775  0.0203855
14.9099  -0.0169369  -0.00410778  0.0174279
0.0900561  0.0756405  0.0855877  0.114222
0.47045  0.379246  0.427892  0.571768
1.13845  0.734911  0.821645  1.10236
2.06687  0.639693  0.707602  0.953891
3.21771  -0.00450039  -0.0192717  0.0197902
4.54386  -0.359053  -0.40468  0.541004
5.99104  -0.213901  -0.232935  0.316247
7.5  -0.0974593  -0.0971748  0.137627
9.00896  -0.0552808  -0.0480444  0.0732409
10.4561  -0.037302  -0.0276685  0.0464434
11.7823  -0.0278134  -0.0180011  0.0331305
12.9331  -0.0214567  -0.0126488  0.0249075
13.8615  -0.016848  -0.00954794  0.0193654
14.5296  -0.0135641  -0.00717943  0.015347
14.9099  -0.0116192  -0.00610796  0.0131268
0.0900561  0.0626341  0.0928742  0.112021
0.47045  0.313268  0.464109  0.559941
1.13845  0.601482  0.889336  1.07364
2.06687  0.516105  0.762533  0.920772
3.21771  -0.0108015  -0.0234289  0.025799
4.54386  -0.291731  -0.436434  0.524959
5.99104  -0.169735  -0.249785  0.301997
7.5  -0.0755484  -0.104218  0.128721
9.00896  -0.0421862  -0.0519086  0.0668894
10.4561  -0.0278328  -0.0301598  0.04104
11.7823  -0.0206814  -0.0200433  0.0288003
12.9331  -0.0160818  -0.0143941  0.0215827
13.8615  -0.0125892  -0.0108969  0.0166502
14.5296  -0.0101852  -0.00832248  0.0131531
14.9099  -0.00871786  -0.00707581  0.011228
0.0900561  0.0457351  0.105896  0.11535
0.47045  0.22871  0.528931  0.57626
1.13845  0.438573  1.01145  1.10244
2.06687  0.374417  0.863233  0.940935
3.21771  -0.00990543  -0.0311894  0.0327245
4.54386  -0.213273  -0.496692  0.540544
5.99104  -0.123281  -0.282097  0.307858
7.5  -0.0541751  -0.115971  0.128001
9.00896  -0.0304152  -0.0571251  0.0647176
10.4561  -0.0203983  -0.0329123  0.038721
11.7823  -0.0151035  -0.0215234  0.026294
12.9331  -0.0117563  -0.0153583  0.0193413
13.8615  -0.00927207  -0.0116256  0.0148703
14.5296  -0.00760606  -0.00895119  0.0117463
14.9099  -0.00653121  -0.00761069  0.0100289
0.0900561  0.0142049  0.0923264  0.0934128
0.47045  0.0713298  0.461147  0.466631
1.13845  0.13817  0.881498  0.892261
2.06687  0.117674  0.750907  0.760071
3.21771  -0.00188673  -0.0286477  0.0287098
4.54386  -0.0674282  -0.434529  0.439729
5.99104  -0.0408102  -0.24772  0.251059
7.5  -0.0203268  -0.102933  0.104921
9.00896  -0.0133574  -0.051487  0.0531914
10.4561  -0.010466  -0.0306575  0.0323947
11.7823  -0.00858936  -0.0206777  0.0223907
12.9331  -0.00694409  -0.0149172  0.0164543
13.8615  -0.00556781  -0.0113664  0.0126568
14.5296  -0.00464727  -0.00879157  0.00994429
14.9099  -0.00403172  -0.0074915  0.00850749
0.0900561  -0.0121613  0.0433222  0.0449967
0.47045  -0.0603988  0.216455  0.224724
1.13845  -0.11384  0.413898  0.429268
2.06687  -0.0974426  0.351799  0.365045
3.21771  0.00474886  -0.0135127  0.0143229
4.54386  0.0559617  -0.205274  0.212765
5.99104  0.0301848  -0.118939  0.12271
7.5  0.00963866  -0.0529054  0.0537763
9.00896  0.00211902  -0.0293324  0.0294089
10.4561  -0.000764973  -0.0193799  0.019395
11.7823  -0.00183305  -0.0143954  0.0145116
12.9331  -0.00197456  -0.0110954  0.0112697
13.8615  -0.00175666  -0.0087557  0.00893019
14.5296  -0.00156125  -0.00685891  0.00703436
14.9099  -0.00139443  -0.0058746  0.00603783
0.0900561  -0.013854  0.00261162  0.014098
0.47045  -0.0690085  0.0131292  0.0702463
1.13845  -0.131002  0.0252965  0.133422
2.06687  -0.111946  0.0207837  0.113859
3.21771  0.00426146  -0.000682299  0.00431573
4.54386  0.0645512  -0.0133844  0.0659242
5.99104  0.0365907  -0.00933876  0.0377636
7.5  0.0145094  -0.00787233  0.0165074
9.00896  0.00634843  -0.00800886  0.0102198
10.4561  0.00300724  -0.00754494  0.00812217
11.7823  0.00151561  -0.00680209  0.0069689
12.9331  0.000828122  -0.00592323  0.00598084
13.8615  0.000509849  -0.00503033  0.0050561
14.5296  0.000320544  -0.00405051  0.00406317
14.9099  0.000239754  -0.0034938  0.00350202
0.0900561  0.00471608  -0.0362252  0.0365309
0.47045  0.0234044  -0.181061  0.182567
1.13845  0.0439215  -0.346745  0.349516
2.06687  0.0369245  -0.295521  0.297819
3.21771  -0.00303137  0.010447  0.0108779
4.54386  -0.0221992  0.170781  0.172218
5.99104  -0.0116636  0.0982072  0.0988974
7.5  -0.00362263  0.0419335  0.0420897
9.00896  -0.000798392  0.0213935  0.0214084
10.4561  0.000185437  0.0124706  0.012472
11.7823  0.000499022  0.00814107  0.00815635
12.9331  0.000544683  0.00569355  0.00571955
13.8615  0.00044445  0.00419443  0.00421791
14.5296  0.00046529  0.00321889  0.00325234
14.9099  0.000409113  0.00275075  0.002781
0.0900561  -0.356613  -0.935875  1.00152
0.47045  -1.78303  -4.67773  5.00603
1.13845  -3.40817  -8.95366  9.58038
2.06687  -2.86906  -7.59772  8.12139
3.21771  0.106644  0.333639  0.350268
4.54386  1.64899  4.44561  4.74159
5.99104  0.946292  2.53558  2.7064
7.5  0.407436  1.08034  1.15461
9.00896  0.204626  0.559626  0.595863
10.4561  0.109358  0.327999  0.345749
11.7823  0.0638468  0.205514  0.215203
12.9331  0.0418548  0.134535  0.140896
13.8615  0.0287684  0.0961232  0.100336
14.5296  0.0255175  0.0712306  0.0756634
14.9099  0.0223655  0.061556  0.0654932
0.0900561  -0.35754  1.19668  1.24895
0.47045  -1.79497  5.95698  6.22154
1.13845  -3.48028  11.2512  11.7772
2.06687  -2.95023  9.44188  9.89207
3.21771  0.168738  -0.497147  0.525003
4.54386  1.75118  -5.44332  5.71807
5.99104  0.973838  -2.98288  3.13782
7.5  0.369227  -1.07039  1.13228
9.00896  0.139065  -0.357074  0.383198
10.4561  0.0381441  -0.0748676  0.0840246
11.7823  -0.006305  0.0276377  0.0283478
12.9331  -0.0256392  0.0561205  0.0617
13.8615  -0.0307  0.0611405  0.0684152
14.5296  -0.0283171  0.048745  0.0563731
14.9099  -0.0239045  0.0428393  0.0490574
0.0900561  -0.532537  -0.30737  0.614876
0.47045  -2.6528  -1.54132  3.06807
1.13845  -5.02279  -2.98591  5.8433
2.06687  -4.23432  -2.56794  4.95215
3.21771  0.185238  0.0994707  0.210256
4.54386  2.41999  1.49245  2.84319
5.99104  1.34258  0.842953  1.58527
7.5  0.506606  0.332079  0.605744
9.00896  0.199725  0.148078  0.248631
10.4561  0.0742386  0.0749544  0.105497
11.7823  0.0214702  0.0432115  0.0482514
12.9331  6.88239e-05  0.0260235  0.0260236
13.8615  -0.00867611  0.0163876  0.0185426
14.5296  -0.00771419  0.0104611  0.0129978
14.9099  -0.00712085  0.00880775  0.0113262
0.0900561  1.32314  -0.284869  1.35346
0.47045  6.58721  -1.4222  6.73899
1.13845  12.4287  -2.71387  12.7216
2.06687  10.3484  -2.32834  10.6071
3.21771  -0.642935  0.00719498  0.642975
4.54386  -6.08295  1.26471  6.21303
5.99104  -3.34663  0.739584  3.42738
7.5  -1.30187  0.31746  1.34002
9.00896  -0.585772  0.157371  0.606543
10.4561  -0.30345  0.0857203  0.315325
11.7823  -0.178863  0.0512042  0.186048
12.9331  -0.115304  0.0328856  0.119902
13.8615  -0.0810944  0.0217041  0.0839486
14.5296  -0.0603051  0.019178  0.0632811
14.9099  -0.0514472  0.0168185  0.0541265
0.0900561  0.803786  0.341642  0.873379
0.47045  4.00259  1.70014  4.3487
1.13845  7.56328  3.20238  8.21331
2.06687  6.34054  2.64598  6.87049
3.21771  -0.315154  -0.216705  0.38247
4.54386  -3.66956  -1.58803  3.99844
5.99104  -2.04341  -0.849889  2.21311
7.5  -0.805469  -0.306466  0.861801
9.00896  -0.362492  -0.118042  0.381228
10.4561  -0.18222  -0.0479312  0.188418
11.7823  -0.102352  -0.0194321  0.104181
12.9331  -0.0633919  -0.00611596  0.0636862
13.8615  -0.0426491  -0.000943882  0.0426595
14.5296  -0.032639  0.00223989  0.0327158
14.9099  -0.0277731  0.00220205  0.0278603
0.0900561  0.362892  0.452715  0.580208
0.47045  1.80946  2.25157  2.88855
1.13845  3.43823  4.23488  5.45487
2.06687  2.92052  3.5192  4.57321
3.21771  -0.0900903  -0.227672  0.244848
4.54386  -1.65994  -2.06814  2.6519
5.99104  -0.948258  -1.1288  1.47424
7.5  -0.394967  -0.423357  0.578991
9.00896  -0.19628  -0.173899  0.262234
10.4561  -0.113959  -0.0766459  0.137336
11.7823  -0.0750312  -0.036391  0.0833905
12.9331  -0.0537584  -0.0184483  0.0568357
13.8615  -0.0404943  -0.0103442  0.0417946
14.5296  -0.032495  -0.00629062  0.0330983
14.9099  -0.0278232  -0.00510533  0.0282877
0.0900561  0.199583  0.216348  0.294346
0.47045  0.998668  1.07652  1.46842
1.13845  1.92326  2.02994  2.79636
2.06687  1.66517  1.69986  2.37956
3.21771  -0.0259457  -0.0936953  0.0972213
4.54386  -0.937081  -0.989643  1.36291
5.99104  -0.545685  -0.546109  0.772015
7.5  -0.236222  -0.208336  0.314968
9.00896  -0.12494  -0.0878035  0.152708
10.4561  -0.0778167  -0.0403054  0.0876354
11.7823  -0.0548994  -0.0201877  0.0584935
12.9331  -0.0412675  -0.0109357  0.0426919
13.8615  -0.0319423  -0.00666395  0.03263
14.5296  -0.0255733  -0.00426397  0.0259263
14.9099  -0.0218863  -0.00349536  0.0221637
0.0900561  0.139576  0.129296  0.19026
0.47045  0.699819  0.645015  0.95173
1.13845  1.35722  1.22892  1.83093
2.06687  1.18384  1.04688  1.58032
3.21771  -0.0123663  -0.0420542  0.0438347
4.54386  -0.667299  -0.603524  0.899738
5.99104  -0.392846  -0.339459  0.519192
7.5  -0.172815  -0.134045  0.218707
9.00896  -0.0941041  -0.0601395  0.11168
10.4561  -0.0604407  -0.0302692  0.0675966
11.7823  -0.0432098  -0.0171898  0.0465036
12.9331  -0.0327603  -0.0108468  0.0345093
13.8615  -0.0255661  -0.00764128  0.0266836
14.5296  -0.0204486  -0.00539585  0.0211485
14.9099  -0.017516  -0.00453281  0.018093
0.0900561  0.0849887  0.106193  0.136014
0.47045  0.425867  0.530663  0.680416
1.13845  0.823651  1.0173  1.30893
2.06687  0.715243  0.873838  1.12923
3.21771  -0.00763524  -0.0271569  0.0282099
4.54386  -0.402366  -0.500953  0.642536
5.99104  -0.237983  -0.286263  0.372267
7.5  -0.106779  -0.117447  0.158731
9.00896  -0.059331  -0.0565036  0.0819318
10.4561  -0.0392667  -0.0314977  0.0503386
11.7823  -0.0288845  -0.01991  0.0350816
12.9331  -0.0220968  -0.0136993  0.0259988
13.8615  -0.017279  -0.0101866  0.0200582
14.5296  -0.013912  -0.00762356  0.0158639
14.9099  -0.0119337  -0.00647206  0.0135757
0.0900561  0.0683965  0.113776  0.132752
0.47045  0.342007  0.568358  0.663324
1.13845  0.656199  1.08778  1.27038
2.06687  0.562738  0.931138  1.08798
3.21771  -0.0126574  -0.0314082  0.0338628
4.54386  -0.318365  -0.534026  0.621723
5.99104  -0.184516  -0.303813  0.355455
7.5  -0.0812451  -0.124742  0.148867
9.00896  -0.0446709  -0.0604798  0.0751884
10.4561  -0.0290481  -0.0340407  0.0447499
11.7823  -0.0213417  -0.0219754  0.0306331
12.9331  -0.016479  -0.0154596  0.0225955
13.8615  -0.0128662  -0.011548  0.0172886
14.5296  -0.0104207  -0.00878153  0.0136274
14.9099  -0.00893705  -0.00745539  0.0116385
0.0900561  0.0472653  0.127703  0.136169
0.47045  0.236344  0.637694  0.680082
1.13845  0.453132  1.2185  1.30003
2.06687  0.386939  1.03918  1.10888
3.21771  -0.010162  -0.039471  0.0407581
4.54386  -0.220189  -0.59849  0.63771
5.99104  -0.127155  -0.338458  0.361556
7.5  -0.0557171  -0.137368  0.148238
9.00896  -0.0311425  -0.0660517  0.0730252
10.4561  -0.0208148  -0.036962  0.0424199
11.7823  -0.0153653  -0.023539  0.0281101
12.9331  -0.0119266  -0.0164633  0.0203294
13.8615  -0.00940686  -0.0123013  0.0154858
14.5296  -0.00773846  -0.00943176  0.0122001
14.9099  -0.00666492  -0.00801143  0.0104213
0.0900561  0.0109417  0.109565  0.11011
0.47045  0.0550558  0.547129  0.549892
1.13845  0.107213  1.04518  1.05067
2.06687  0.0914878  0.890031  0.894721
3.21771  -0.000383029  -0.0351275  0.0351296
4.54386  -0.0520098  -0.514969  0.517589
5.99104  -0.0323161  -0.292289  0.29407
7.5  -0.0171786  -0.119904  0.121128
9.00896  -0.0121207  -0.0586  0.0598404
10.4561  -0.00997339  -0.0339096  0.0353459
11.7823  -0.00839076  -0.0223205  0.0238455
12.9331  -0.0068587  -0.0158302  0.0172521
13.8615  -0.00553902  -0.0119321  0.0131551
14.5296  -0.00465497  -0.00920086  0.0103114
14.9099  -0.00405674  -0.00783793  0.00882555
0.0900561  -0.016879  0.0503662  0.0531193
0.47045  -0.0839274  0.25159  0.265219
1.13845  -0.158614  0.480795  0.506283
2.06687  -0.135432  0.408681  0.430537
3.21771  0.00666928  -0.0160934  0.0174205
4.54386  0.0780698  -0.238107  0.250579
5.99104  0.0424056  -0.137155  0.143561
7.5  0.0142449  -0.0599017  0.0615722
9.00896  0.00400251  -0.0323263  0.0325732
10.4561  6.14685e-05  -0.0207863  0.0207864
11.7823  -0.00143512  -0.015128  0.015196
12.9331  -0.00176224  -0.0115176  0.0116516
13.8615  -0.00163367  -0.00902841  0.00917503
14.5296  -0.0014854  -0.0070645  0.00721897
14.9099  -0.00133874  -0.00605376  0.00620002
0.0900561  -0.0163089  0.00254409  0.0165061
0.47045  -0.0812506  0.0127953  0.0822519
1.13845  -0.154296  0.0246783  0.156257
2.06687  -0.131729  0.0202804  0.133281
3.21771  0.00521653  -0.000592502  0.00525007
4.54386  0.0760124  -0.0130471  0.077124
5.99104  0.042928  -0.00917846  0.0438983
7.5  0.016918  -0.0078635  0.0186561
9.00896  0.0073586  -0.00806528  0.0109178
10.4561  0.00347239  -0.00761227  0.00836685
11.7823  0.00175722  -0.00685371  0.00707539
12.9331  0.000969961  -0.00595847  0.0060369
13.8615  0.00060379  -0.00505792  0.00509383
14.5296  0.00038896  -0.00407655  0.00409506
14.9099  0.000297443  -0.0035206  0.00353315
0.0900561  0.00781672  -0.0416891  0.0424156
0.47045  0.0388716  -0.208307  0.211903
1.13845  0.0733753  -0.398582  0.40528
2.06687  0.0619263  -0.33958  0.345181
3.21771  -0.0042635  0.0125166  0.0132228
4.54386  -0.0367403  0.196227  0.199637
5.99104  -0.0197272  0.112259  0.113979
7.5  -0.00669156  0.0472398  0.0477114
9.00896  -0.00207626  0.0235894  0.0236806
10.4561  -0.00038543  0.0134574  0.0134629
11.7823  0.000220769  0.00863179  0.00863461
12.9331  0.000395259  0.00596806  0.00598113
13.8615  0.000360249  0.00436971  0.00438453
14.5296  0.000413212  0.00335106  0.00337644
14.9099  0.000371596  0.00286435  0.00288836
0.0900561  -0.337873  -1.16136  1.20951
0.47045  -1.68958  -5.80229  6.04328
1.13845  -3.23061  -11.0939  11.5548
2.06687  -2.72005  -9.41595  9.80096
3.21771  0.0959554  0.419328  0.430167
4.54386  1.55869  5.49748  5.71417
5.99104  0.89634  3.11799  3.24427
7.5  0.388682  1.30216  1.35893
9.00896  0.197222  0.652991  0.682125
10.4561  0.106577  0.371059  0.386061
11.7823  0.0629478  0.227564  0.23611
12.9331  0.0416859  0.147098  0.15289
13.8615  0.0290252  0.104124  0.108094
14.5296  0.0260791  0.0770659  0.0813589
14.9099  0.0230575  0.0664621  0.0703481
0.0900561  -0.536108  1.39566  1.49508
0.47045  -2.68547  6.94917  7.45001
1.13845  -5.17452  13.1385  14.1208
2.06687  -4.38783  11.0451  11.8848
3.21771  0.240221  -0.571854  0.62026
4.54386  2.58581  -6.36791  6.8729
5.99104  1.43487  -3.4934  3.7766
7.5  0.542505  -1.26301  1.37459
9.00896  0.209211  -0.436489  0.484037
10.4561  0.0679012  -0.110349  0.129566
11.7823  0.00700893  0.0102255  0.012397
12.9331  -0.0192777  0.0466679  0.0504928
13.8615  -0.0275429  0.0552693  0.061752
14.5296  -0.0265518  0.0444222  0.0517526
14.9099  -0.0227011  0.0391478  0.0452536
0.0900561  -0.601215  -0.423181  0.735216
0.47045  -2.99528  -2.11886  3.66896
1.13845  -5.67453  -4.08473  6.99181
2.06687  -4.78897  -3.50066  5.93202
3.21771  0.20966  0.144504  0.254635
4.54386  2.73858  2.03283  3.41061
5.99104  1.51867  1.14189  1.90007
7.5  0.573246  0.445208  0.725824
9.00896  0.227433  0.194789  0.299447
10.4561  0.0868289  0.0956709  0.129198
11.7823  0.0277869  0.0532208  0.060038
12.9331  0.00357455  0.0313475  0.0315507
13.8615  -0.00642345  0.0194823  0.0205139
14.5296  -0.00597073  0.01254  0.0138889
14.9099  -0.00558696  0.0104547  0.0118539
0.0900561  1.61565  -0.226065  1.63139
0.47045  8.04595  -1.12896  8.12477
1.13845  15.2045  -2.15628  15.3567
2.06687  12.7063  -1.85704  12.8413
3.21771  -0.753723  -0.0201944  0.753993
4.54386  -7.44547  0.987094  7.51061
5.99104  -4.10021  0.586659  4.14197
7.5  -1.58759  0.260597  1.60884
9.00896  -0.704802  0.135047  0.717623
10.4561  -0.357471  0.0769566  0.365661
11.7823  -0.205969  0.047838  0.211452
12.9331  -0.130402  0.0316677  0.134192
13.8615  -0.0905284  0.0215466  0.0930572
14.5296  -0.0671415  0.0195901  0.069941
14.9099  -0.0571942  0.0174606  0.0598001
0.0900561  0.930712  0.480241  1.04731
0.47045  4.63561  2.39129  5.21605
1.13845  8.76825  4.51713  9.8634
2.06687  7.36544  3.76139  8.27029
3.21771  -0.361151  -0.271889  0.452055
4.54386  -4.25982  -2.2353  4.81067
5.99104  -2.37013  -1.20751  2.66
7.5  -0.929678  -0.441433  1.02916
9.00896  -0.414659  -0.173516  0.449499
10.4561  -0.206334  -0.072342  0.218649
11.7823  -0.114777  -0.0311076  0.118918
12.9331  -0.070525  -0.0122593  0.0715826
13.8615  -0.0473193  -0.00445385  0.0475285
14.5296  -0.0362092  -2.33546e-05  0.0362092
14.9099  -0.0308809  0.000462355  0.0308844
0.0900561  0.401349  0.571285  0.698175
0.47045  2.00128  2.84287  3.47664
1.13845  3.80357  5.35996  6.57239
2.06687  3.23189  4.47454  5.51966
3.21771  -0.102606  -0.273762  0.292359
4.54386  -1.83797  -2.62132  3.20148
5.99104  -1.04716  -1.43447  1.77602
7.5  -0.433158  -0.538744  0.691282
9.00896  -0.21295  -0.221417  0.307203
10.4561  -0.122249  -0.0977197  0.156505
11.7823  -0.0797328  -0.0466016  0.0923527
12.9331  -0.0567163  -0.0239082  0.0615495
13.8615  -0.0426253  -0.0135862  0.0447381
14.5296  -0.0342547  -0.00850632  0.0352951
14.9099  -0.029424  -0.00689917  0.030222
0.0900561  0.225593  0.27669  0.357001
0.47045  1.12843  1.37747  1.78066
1.13845  2.17052  2.60271  3.38899
2.06687  1.87591  2.18634  2.88082
3.21771  -0.0346097  -0.117122  0.122129
4.54386  -1.05795  -1.27142  1.65401
5.99104  -0.612883  -0.701876  0.931803
7.5  -0.26216  -0.267203  0.374333
9.00896  -0.136237  -0.112093  0.176424
10.4561  -0.083367  -0.0511057  0.0977847
11.7823  -0.0579861  -0.0254458  0.0633236
12.9331  -0.0431792  -0.0137631  0.0453196
13.8615  -0.0332893  -0.00834855  0.0343202
14.5296  -0.0266659  -0.00541108  0.0272094
14.9099  -0.0228701  -0.00442155  0.0232936
0.0900561  0.159385  0.168786  0.232147
0.47045  0.79863  0.841977  1.16049
1.13845  1.5454  1.60388  2.22726
2.06687  1.34411  1.36544  1.916
3.21771  -0.0190794  -0.057305  0.0603977
4.54386  -0.759321  -0.788083  1.09437
5.99104  -0.444019  -0.441586  0.62622
7.5  -0.192547  -0.172729  0.258669
9.00896  -0.102645  -0.0761815  0.127826
10.4561  -0.0646015  -0.0374607  0.074677
11.7823  -0.0454883  -0.0207274  0.0499881
12.9331  -0.0341393  -0.0127736  0.0364507
13.8615  -0.026517  -0.00880352  0.0279401
14.5296  -0.0212124  -0.0061928  0.0220979
14.9099  -0.0182009  -0.00517796  0.0189231
0.0900561  0.0944608  0.136451  0.165957
0.47045  0.473107  0.68158  0.829687
1.13845  0.913577  1.30459  1.59267
2.06687  0.791858  1.11795  1.36998
3.21771  -0.010692  -0.038723  0.040172
4.54386  -0.446146  -0.642263  0.782016
5.99104  -0.262322  -0.364495  0.449076
7.5  -0.11621  -0.14714  0.187497
9.00896  -0.0634523  -0.0688636  0.0936397
10.4561  -0.0412931  -0.0370753  0.055495
11.7823  -0.0300091  -0.02268  0.0376155
12.9331  -0.0227807  -0.0152192  0.0273968
13.8615  -0.0177531  -0.0111113  0.0209436
14.5296  -0.0143062  -0.00826962  0.0165243
14.9099  -0.0122963  -0.00700315  0.0141507
0.0900561  0.0728384  0.143834  0.161226
0.47045  0.364161  0.718277  0.805316
1.13845  0.698391  1.37317  1.54056
2.06687  0.598784  1.17362  1.31755
3.21771  -0.0138896  -0.0428609  0.0450553
4.54386  -0.338735  -0.674324  0.754622
5.99104  -0.195833  -0.381456  0.428788
7.5  -0.0856446  -0.154201  0.176389
9.00896  -0.0466426  -0.0727535  0.086421
10.4561  -0.0300625  -0.0395852  0.0497065
11.7823  -0.0219253  -0.0247299  0.0330497
12.9331  -0.0168483  -0.0169752  0.023917
13.8615  -0.0131417  -0.0124757  0.0181204
14.5296  -0.0106702  -0.00943824  0.0142454
14.9099  -0.00917726  -0.00799989  0.0121746
0.0900561  0.0456731  0.158303  0.16476
0.47045  0.228405  0.790315  0.822658
1.13845  0.438059  1.50903  1.57133
2.06687  0.374334  1.28608  1.33945
3.21771  -0.00911142  -0.0510631  0.0518696
4.54386  -0.212437  -0.741279  0.771118
5.99104  -0.122918  -0.417487  0.435206
7.5  -0.0542055  -0.167345  0.175905
9.00896  -0.0306297  -0.0785387  0.0843001
10.4561  -0.020704  -0.0426177  0.0473807
11.7823  -0.0153897  -0.0263535  0.0305181
12.9331  -0.0119814  -0.0180086  0.0216302
13.8615  -0.00948644  -0.0132505  0.0162963
14.5296  -0.00784626  -0.0101107  0.0127981
14.9099  -0.00678738  -0.00857953  0.0109397
0.0900561  0.00346068  0.132998  0.133043
0.47045  0.0177467  0.663999  0.664236
1.13845  0.0362241  1.26767  1.26818
2.06687  0.0313206  1.07915  1.0796
3.21771  0.00281091  -0.0439114  0.0440012
4.54386  -0.0168425  -0.624254  0.624482
5.99104  -0.0129016  -0.352808  0.353044
7.5  -0.00990934  -0.142918  0.143261
9.00896  -0.0091952  -0.068227  0.0688439
10.4561  -0.00874392  -0.0383028  0.0392882
11.7823  -0.00784492  -0.0245361  0.0257598
12.9331  -0.00659395  -0.0170625  0.0182923
13.8615  -0.00541168  -0.0127  0.0138049
14.5296  -0.00460327  -0.0097599  0.010791
14.9099  -0.00403901  -0.00831266  0.00924196
0.0900561  -0.0246484  0.0593654  0.0642791
0.47045  -0.122676  0.296476  0.320854
1.13845  -0.232356  0.566257  0.612075
2.06687  -0.198026  0.481357  0.520499
3.21771  0.00977854  -0.0193781  0.0217056
4.54386  0.114438  -0.280026  0.302507
5.99104  0.0625121  -0.160395  0.172146
7.5  0.021832  -0.0688043  0.072185
9.00896  0.00711564  -0.0361184  0.0368127
10.4561  0.00143343  -0.0225606  0.0226061
11.7823  -0.000772815  -0.0160494  0.016068
12.9331  -0.00140845  -0.0120475  0.0121295
13.8615  -0.00142758  -0.00937199  0.00948009
14.5296  -0.001354  -0.00732524  0.00744933
14.9099  -0.00123908  -0.00628175  0.00640279
0.0900561  -0.0197186  0.00203088  0.0198229
0.47045  -0.0982553  0.0102388  0.0987873
1.13845  -0.186656  0.0198305  0.187707
2.06687  -0.159219  0.0161888  0.160039
3.21771  0.00652903  -0.000320058  0.00653687
4.54386  0.0919236  -0.0106196  0.092535
5.99104  0.0517265  -0.00786225  0.0523206
7.5  0.0202593  -0.00741848  0.0215748
9.00896  0.00875729  -0.00794316  0.011823
10.4561  0.0041141  -0.00760205  0.00864389
11.7823  0.0020876  -0.00686875  0.00717898
12.9331  0.00116138  -0.00597455  0.00608639
13.8615  0.000729043  -0.005075  0.0051271
14.5296  0.000480365  -0.00409662  0.00412469
14.9099  0.000374666  -0.00354345  0.0035632
0.0900561  0.0130577  -0.0487688  0.0504866
0.47045  0.0650131  -0.243612  0.252138
1.13845  0.123144  -0.465762  0.481766
2.06687  0.104182  -0.39669  0.410142
3.21771  -0.00633361  0.015173  0.0164419
4.54386  -0.0612851  0.229187  0.237239
5.99104  -0.033322  0.130466  0.134654
7.5  -0.0118499  0.054122  0.055404
9.00896  -0.0042143  0.0264443  0.026778
10.4561  -0.00133622  0.0147476  0.014808
11.7823  -0.000240235  0.00927834  0.00928145
12.9331  0.000148926  0.00633174  0.00633349
13.8615  0.000219848  0.00460367  0.00460892
14.5296  0.000324116  0.00352844  0.00354329
14.9099  0.000305127  0.00301764  0.00303302
