0.05  -50.5391  -2.37978  -70.327  -3.52241  -66.7208  -0  
0.1  -50.4257  -2.39294  -70.1277  -3.54496  -66.6152  -0  
0.15  -50.3041  -2.40751  -69.9169  -3.56962  -66.5015  -0  
0.2  -50.1738  -2.42363  -69.694  -3.59661  -66.3791  -0  
0.25  -50.0343  -2.44148  -69.4584  -3.62611  -66.2475  -0  
0.3  -49.8849  -2.46121  -69.2096  -3.65835  -66.1059  -0  
0.35  -49.725  -2.48302  -68.9469  -3.69357  -65.9537  -0  
0.4  -49.5541  -2.50711  -68.6696  -3.73203  -65.7901  -0  
0.45  -49.3713  -2.53372  -68.3771  -3.774  -65.6143  -0  
0.5  -49.176  -2.56307  -68.0686  -3.81979  -65.4256  -0  
0.55  -48.9674  -2.59545  -67.7435  -3.86971  -65.2229  -0  
0.6  -48.7448  -2.63113  -67.4011  -3.9241  -65.0054  -0  
0.65  -48.5073  -2.67043  -67.0406  -3.98333  -64.7722  -0  
0.7  -48.2542  -2.71368  -66.6614  -4.04778  -64.5222  -0  
0.75  -47.9846  -2.76124  -66.2626  -4.11786  -64.2544  -0  
0.8  -47.6977  -2.8135  -65.8436  -4.194  -63.9677  -0  
0.85  -47.3925  -2.87087  -65.4037  -4.27666  -63.6608  -0  
0.9  -47.0683  -2.93379  -64.9422  -4.3663  -63.3328  -0  
0.95  -46.7241  -3.00273  -64.4583  -4.46344  -62.9822  -0  
1  -46.3591  -3.07816  -63.9515  -4.56856  -62.608  -0  
1.05  -45.9724  -3.16061  -63.421  -4.68221  -62.2089  -0  
1.1  -45.5631  -3.25061  -62.8662  -4.80491  -61.7834  -0  
1.15  -45.1305  -3.34869  -62.2867  -4.93721  -61.3305  -0  
1.2  -44.6739  -3.45543  -61.6818  -5.07963  -60.8487  -0  
1.25  -44.1923  -3.57139  -61.0511  -5.23271  -60.3369  -0  
1.3  -43.6853  -3.69712  -60.3942  -5.39696  -59.7937  -0  
1.35  -43.1523  -3.83317  -59.7107  -5.57285  -59.2179  -0  
1.4  -42.5926  -3.98007  -59.0005  -5.76082  -58.6085  -0  
1.45  -42.0061  -4.1383  -58.2633  -5.96124  -57.9642  -0  
1.5  -41.3923  -4.30827  -57.4991  -6.17441  -57.2842  -0  
1.55  -40.7511  -4.49033  -56.7078  -6.40055  -56.5674  -0  
1.6  -40.0826  -4.68474  -55.8896  -6.63975  -55.8133  -0  
1.65  -39.3869  -4.89161  -55.0448  -6.89197  -55.0211  -0  
1.7  -38.6642  -5.11093  -54.1738  -7.15699  -54.1904  -0  
1.75  -37.9152  -5.34247  -53.277  -7.43443  -53.321  -0  
1.8  -37.1405  -5.58583  -52.355  -7.7237  -52.4129  -0  
1.85  -36.341  -5.84035  -51.4086  -8.02394  -51.4664  -0  
1.9  -35.5177  -6.10511  -50.4387  -8.33408  -50.4817  -0  
1.95  -34.672  -6.37888  -49.4464  -8.65273  -49.4599  -0  
2  -33.8052  -6.66013  -48.4328  -8.97823  -48.4018  -0  
2.05  -32.9191  -6.94696  -47.3993  -9.30857  -47.3087  -0  
2.1  -32.0155  -7.23716  -46.3471  -9.64148  -46.1824  -0  
2.15  -31.0964  -7.52815  -45.278  -9.97434  -45.0248  -0  
2.2  -30.164  -7.81703  -44.1936  -10.3042  -43.8381  -0  
2.25  -29.2207  -8.10057  -43.0956  -10.628  -42.6248  -0  
2.3  -28.2687  -8.37529  -41.986  -10.9422  -41.3877  -0  
2.35  -27.3107  -8.63752  -40.8667  -11.2433  -40.1299  -0  
2.4  -26.3492  -8.88341  -39.7397  -11.5274  -38.8547  -0  
2.45  -25.3868  -9.10912  -38.6071  -11.7908  -37.5655  -0  
2.5  -24.4262  -9.31083  -37.4712  -12.0298  -36.266  -0  
2.55  -23.47  -9.48489  -36.3339  -12.2407  -34.9599  -0  
2.6  -22.5207  -9.62793  -35.1976  -12.4201  -33.6511  -0  
2.65  -21.5808  -9.73699  -34.0643  -12.5648  -32.3434  -0  
2.7  -20.6527  -9.80958  -32.9362  -12.6721  -31.0407  -0  
2.75  -19.7387  -9.84381  -31.8154  -12.7399  -29.7468  -0  
2.8  -18.8409  -9.83845  -30.704  -12.7663  -28.4654  -0  
2.85  -17.9612  -9.79297  -29.6038  -12.7504  -27.2  -0  
2.9  -17.1015  -9.70759  -28.5169  -12.6918  -25.954  -0  
2.95  -16.2633  -9.58324  -27.4451  -12.5906  -24.7305  -0  
3  -15.448  -9.42155  -26.3899  -12.4478  -23.5325  -0  
3.05  -14.6568  -9.22477  -25.353  -12.265  -22.3625  -0  
3.1  -13.8908  -8.99573  -24.3359  -12.0443  -21.2231  -0  
3.15  -13.1508  -8.73769  -23.3398  -11.7882  -20.1161  -0  
3.2  -12.4374  -8.45427  -22.366  -11.5  -19.0434  -0  
3.25  -11.7509  -8.14931  -21.4155  -11.183  -18.0064  -0  
3.3  -11.0918  -7.8268  -20.4893  -10.8408  -17.0063  -0  
3.35  -10.46  -7.4907  -19.5881  -10.4774  -16.0439  -0  
3.4  -9.85555  -7.14491  -18.7125  -10.0966  -15.1199  -0  
3.45  -9.27824  -6.79316  -17.8632  -9.70232  -14.2345  -0  
3.5  -8.72776  -6.43892  -17.0404  -9.2983  -13.3879  -0  
3.55  -8.20368  -6.08538  -16.2445  -8.88816  -12.5799  -0  
3.6  -7.70547  -5.73542  -15.4756  -8.47528  -11.8101  -0  
3.65  -7.23253  -5.39153  -14.7338  -8.06276  -11.078  -0  
3.7  -6.78418  -5.05588  -14.0189  -7.65343  -10.3829  -0  
3.75  -6.35968  -4.73026  -13.3309  -7.24979  -9.72394  -0  
3.8  -5.95824  -4.41611  -12.6694  -6.85402  -9.10024  -0  
3.85  -5.57906  -4.11458  -12.0342  -6.46798  -8.51071  -0  
3.9  -5.22127  -3.82649  -11.4249  -6.09321  -7.95422  -0  
3.95  -4.88401  -3.55241  -10.841  -5.73099  -7.42957  -0  
4  -4.56642  -3.29268  -10.282  -5.38227  -6.93554  -0  
4.05  -4.26761  -3.04739  -9.7474  -5.04778  -6.47085  -0  
4.1  -3.98671  -2.81652  -9.23651  -4.72802  -6.03423  -0  
4.15  -3.72286  -2.59984  -8.74873  -4.42328  -5.62438  -0  
4.2  -3.47522  -2.39703  -8.28339  -4.13367  -5.24001  -0  
4.25  -3.24294  -2.20768  -7.83982  -3.85914  -4.87986  -0  
4.3  -3.02521  -2.03129  -7.4173  -3.59952  -4.54267  -0  
4.35  -2.82127  -1.86731  -7.01512  -3.35454  -4.22722  -0  
4.4  -2.63033  -1.71515  -6.63256  -3.12382  -3.93232  -0  
4.45  -2.45167  -1.5742  -6.2689  -2.90692  -3.65682  -0  
4.5  -2.28459  -1.44384  -5.92342  -2.70336  -3.39959  -0  
4.55  -2.1284  -1.32344  -5.59539  -2.51259  -3.15957  -0  
4.6  -1.98247  -1.21239  -5.28411  -2.33406  -2.93573  -0  
4.65  -1.84617  -1.11008  -4.98888  -2.16719  -2.72708  -0  
4.7  -1.71892  -1.01593  -4.70901  -2.0114  -2.53268  -0  
4.75  -1.60017  -0.929358  -4.44382  -1.86609  -2.35164  -0  
4.8  -1.48937  -0.849837  -4.19266  -1.7307  -2.18311  -0  
4.85  -1.38604  -0.776847  -3.95488  -1.60465  -2.02629  -0  
4.9  -1.28969  -0.709901  -3.72986  -1.48738  -1.88041  -0  
4.95  -1.19988  -0.648538  -3.51699  -1.37837  -1.74476  -0  
5  -1.11619  -0.592328  -3.3157  -1.27708  -1.61865  -0  
5.05  -1.03821  -0.540864  -3.12542  -1.18303  -1.50145  -0  
5.1  -0.965584  -0.49377  -2.9456  -1.09575  -1.39256  -0  
5.15  -0.897945  -0.450693  -2.77571  -1.01478  -1.29141  -0  
5.2  -0.834967  -0.411306  -2.61527  -0.939696  -1.19748  -0  
5.25  -0.776339  -0.375307  -2.46377  -0.870098  -1.11026  -0  
5.3  -0.72177  -0.342414  -2.32076  -0.805605  -1.0293  -0  
5.35  -0.670986  -0.312369  -2.1858  -0.745858  -0.954163  -0  
5.4  -0.623732  -0.284932  -2.05846  -0.690523  -0.884436  -0  
5.45  -0.579769  -0.259882  -1.93834  -0.639284  -0.819742  -0  
5.5  -0.538871  -0.237017  -1.82505  -0.591847  -0.759726  -0  
5.55  -0.500831  -0.21615  -1.71822  -0.547937  -0.704059  -0  
5.6  -0.465451  -0.19711  -1.61751  -0.507298  -0.65243  -0  
5.65  -0.43255  -0.179739  -1.52257  -0.469689  -0.604554  -0  
5.7  -0.401956  -0.163893  -1.43309  -0.434888  -0.560162  -0  
5.75  -0.373511  -0.14944  -1.34877  -0.402688  -0.519004  -0  
5.8  -0.347065  -0.136259  -1.26933  -0.372895  -0.480849  -0  
5.85  -0.32248  -0.124239  -1.19449  -0.345332  -0.445481  -0  
5.9  -0.299626  -0.113278  -1.12399  -0.319831  -0.412698  -0  
5.95  -0.278384  -0.103284  -1.0576  -0.296238  -0.382314  -0  
6  -0.258639  -0.0941716  -0.995068  -0.274411  -0.354155  -0  
6.05  -0.240289  -0.0858641  -0.936189  -0.254217  -0.32806  -0  
6.1  -0.223235  -0.0782904  -0.880751  -0.235534  -0.303879  -0  
6.15  -0.207386  -0.071386  -0.828559  -0.218247  -0.281473  -0  
6.2  -0.192659  -0.0650917  -0.779426  -0.202252  -0.260713  -0  
6.25  -0.178974  -0.0593538  -0.733178  -0.187451  -0.241479  -0  
6.3  -0.166257  -0.0541232  -0.689647  -0.173753  -0.223659  -0  
6.35  -0.154442  -0.0493551  -0.648679  -0.161077  -0.20715  -0  
6.4  -0.143464  -0.0450084  -0.610123  -0.149345  -0.191856  -0  
6.45  -0.133264  -0.0410461  -0.573842  -0.138485  -0.177688  -0  
6.5  -0.123788  -0.037434  -0.539701  -0.128432  -0.164564  -0  
6.55  -0.114984  -0.0341411  -0.507578  -0.119125  -0.152407  -0  
6.6  -0.106805  -0.0311393  -0.477354  -0.110508  -0.141146  -0  
6.65  -0.0992064  -0.0284027  -0.448919  -0.102528  -0.130716  -0  
6.7  -0.0921476  -0.0259078  -0.422168  -0.0951378  -0.121055  -0  
6.75  -0.0855902  -0.0236332  -0.397003  -0.0882931  -0.112107  -0  
6.8  -0.0794988  -0.0215594  -0.37333  -0.0819527  -0.10382  -0  
6.85  -0.0738402  -0.0196686  -0.351061  -0.0760787  -0.0961438  -0  
6.9  -0.0685839  -0.0179446  -0.330115  -0.0706361  -0.0890347  -0  
6.95  -0.0637013  -0.0163727  -0.310414  -0.0655926  -0.0824507  -0  
7  -0.059166  -0.0149393  -0.291883  -0.0609182  -0.076353  -0  
7.05  -0.0549531  -0.0136322  -0.274455  -0.0565855  -0.0707058  -0  
7.1  -0.05104  -0.0124402  -0.258064  -0.0525687  -0.0654758  -0  
7.15  -0.0474052  -0.0113531  -0.242648  -0.0488445  -0.0606324  -0  
7.2  -0.0440291  -0.0103617  -0.22815  -0.045391  -0.0561469  -0  
7.25  -0.0408932  -0.00945752  -0.214516  -0.042188  -0.051993  -0  
7.3  -0.0379806  -0.00863278  -0.201695  -0.0392169  -0.0481463  -0  
7.35  -0.0352752  -0.00788049  -0.189638  -0.0364606  -0.0445839  -0  
7.4  -0.0327624  -0.00719425  -0.1783  -0.0339031  -0.0412849  -0  
7.45  -0.0304285  -0.00656823  -0.167638  -0.0315298  -0.03823  -0  
7.5  -0.0282608  -0.00599711  -0.157612  -0.029327  -0.0354009  -0  
7.55  -0.0262474  -0.00547604  -0.148185  -0.0272822  -0.0327812  -0  
7.6  -0.0243774  -0.00500061  -0.139321  -0.0253838  -0.0303552  -0  
7.65  -0.0226406  -0.0045668  -0.130985  -0.023621  -0.0281086  -0  
7.7  -0.0210274  -0.00417094  -0.123148  -0.0219838  -0.0260283  -0  
7.75  -0.0195292  -0.00380969  -0.115779  -0.0204632  -0.0241019  -0  
7.8  -0.0181377  -0.00347999  -0.10885  -0.0190505  -0.022318  -0  
7.85  -0.0168452  -0.00317908  -0.102336  -0.017738  -0.0206661  -0  
7.9  -0.0156449  -0.00290442  -0.0962102  -0.0165182  -0.0191364  -0  
7.95  -0.0145301  -0.0026537  -0.0904511  -0.0153846  -0.0177199  -0  
8  -0.0134946  -0.00242482  -0.0850363  -0.0143308  -0.0164083  -0  
8.05  -0.012533  -0.00221587  -0.0799453  -0.0133511  -0.0151937  -0  
8.1  -0.0116399  -0.0020251  -0.0751588  -0.0124401  -0.014069  -0  
8.15  -0.0108104  -0.0018509  -0.0706586  -0.0115929  -0.0130276  -0  
8.2  -0.01004  -0.00169184  -0.0664276  -0.0108049  -0.0120632  -0  
8.25  -0.00932445  -0.00154658  -0.0624497  -0.0100719  -0.0111702  -0  
8.3  -0.00865993  -0.00141392  -0.0587099  -0.00938982  -0.0103433  -0  
8.35  -0.00804276  -0.00129275  -0.0551938  -0.00875514  -0.00957759  -0  
8.4  -0.00746956  -0.00118207  -0.0518882  -0.00816445  -0.00886856  -0  
8.45  -0.00693721  -0.00108096  -0.0487804  -0.00761461  -0.00821202  -0  
8.5  -0.0064428  -0.000988594  -0.0458586  -0.00710273  -0.00760408  -0  
8.55  -0.00598362  -0.000904204  -0.0431118  -0.00662611  -0.00704114  -0  
8.6  -0.00555716  -0.000827095  -0.0405294  -0.00618227  -0.00651987  -0  
8.65  -0.00516109  -0.000756632  -0.0381016  -0.00576888  -0.00603719  -0  
8.7  -0.00479325  -0.000692239  -0.0358191  -0.00538381  -0.00559024  -0  
8.75  -0.00445162  -0.000633386  -0.0336733  -0.00502506  -0.00517638  -0  
8.8  -0.00413434  -0.000579594  -0.031656  -0.00469078  -0.00479315  -0  
8.85  -0.00383967  -0.000530421  -0.0297595  -0.00437927  -0.00443829  -0  
8.9  -0.003566  -0.000485468  -0.0279766  -0.00408892  -0.00410971  -0  
8.95  -0.00331184  -0.000444369  -0.0263005  -0.00381828  -0.00380545  -0  
9  -0.00307579  -0.00040679  -0.0247247  -0.00356595  -0.00352371  -0  
9.05  -0.00285656  -0.000372427  -0.0232434  -0.00333068  -0.00326283  -0  
9.1  -0.00265296  -0.000341001  -0.0218507  -0.00311128  -0.00302127  -0  
9.15  -0.00246387  -0.000312259  -0.0205415  -0.00290666  -0.00279758  -0  
9.2  -0.00228826  -0.000285969  -0.0193107  -0.00271578  -0.00259046  -0  
9.25  -0.00212516  -0.000261919  -0.0181536  -0.00253771  -0.00239867  -0  
9.3  -0.00197369  -0.000239917  -0.0170659  -0.00237157  -0.00222108  -0  
9.35  -0.00183301  -0.000219787  -0.0160433  -0.00221654  -0.00205664  -0  
9.4  -0.00170236  -0.000201366  -0.0150819  -0.00207185  -0.00190437  -0  
9.45  -0.00158102  -0.000184509  -0.0141782  -0.0019368  -0.00176338  -0  
9.5  -0.00146833  -0.000169082  -0.0133286  -0.00181073  -0.00163282  -0  
9.55  -0.00136367  -0.000154961  -0.0125299  -0.00169303  -0.00151193  -0  
9.6  -0.00126648  -0.000142034  -0.0117791  -0.00158314  -0.0014  -0  
9.65  -0.00117621  -0.0001302  -0.0110732  -0.00148052  -0.00129634  -0  
9.7  -0.00109237  -0.000119366  -0.0104096  -0.00138467  -0.00120036  -0  
9.75  -0.00101451  -0.000109444  -0.00978584  -0.00129515  -0.00111149  -0  
9.8  -0.000942196  -0.000100359  -0.00919942  -0.00121153  -0.0010292  -0  
9.85  -0.000875039  -9.20375e-05  -0.00864813  -0.0011334  -0.000953  -0  
9.9  -0.000812668  -8.44156e-05  -0.00812987  -0.00106041  -0.000882442  -0  
9.95  -0.000754743  -7.74335e-05  -0.00764267  -0.000992194  -0.000817108  -0  
10  -0.000700947  -7.10369e-05  -0.00718466  -0.000928447  -0.000756611  -0  
10.05  -0.000650985  -6.5176e-05  -0.0067541  -0.000868866  -0.000700593  -0  
10.1  -0.000604584  -5.98053e-05  -0.00634934  -0.000813175  -0.000648722  -0  
10.15  -0.00056149  -5.48834e-05  -0.00596883  -0.000761112  -0.000600692  -0  
10.2  -0.000521469  -5.03723e-05  -0.00561112  -0.000712438  -0.000556218  -0  
10.25  -0.000484299  -4.62372e-05  -0.00527485  -0.000666927  -0.000515036  -0  
10.3  -0.000449779  -4.24464e-05  -0.00495873  -0.000624369  -0.000476904  -0  
10.35  -0.00041772  -3.89707e-05  -0.00466156  -0.000584569  -0.000441594  -0  
10.4  -0.000387946  -3.57838e-05  -0.00438219  -0.000547346  -0.000408899  -0  
10.45  -0.000360294  -3.28612e-05  -0.00411957  -0.000512528  -0.000378625  -0  
10.5  -0.000334613  -3.01808e-05  -0.00387268  -0.000479958  -0.000350592  -0  
10.55  -0.000310762  -2.77222e-05  -0.00364059  -0.000449488  -0.000324635  -0  
10.6  -0.000288611  -2.54667e-05  -0.0034224  -0.00042098  -0.000300599  -0  
10.65  -0.00026804  -2.33975e-05  -0.0032173  -0.000394306  -0.000278343  -0  
10.7  -0.000248934  -2.14988e-05  -0.00302448  -0.000369345  -0.000257735  -0  
10.75  -0.000231191  -1.97565e-05  -0.00284322  -0.000345985  -0.000238653  -0  
10.8  -0.000214712  -1.81575e-05  -0.00267282  -0.000324123  -0.000220983  -0  
10.85  -0.000199407  -1.66897e-05  -0.00251264  -0.00030366  -0.000204622  -0  
10.9  -0.000185194  -1.53424e-05  -0.00236205  -0.000284505  -0.000189472  -0  
10.95  -0.000171994  -1.41055e-05  -0.00222049  -0.000266574  -0.000175444  -0  
11  -0.000159734  -1.29697e-05  -0.00208741  -0.000249787  -0.000162454  -0  
11.05  -0.000148349  -1.19268e-05  -0.00196231  -0.000234069  -0.000150426  -0  
11.1  -0.000137775  -1.0969e-05  -0.0018447  -0.000219353  -0.000139289  -0  
11.15  -0.000127954  -1.00892e-05  -0.00173415  -0.000205572  -0.000128976  -0  
11.2  -0.000118834  -9.28107e-06  -0.00163021  -0.000192667  -0.000119427  -0  
11.25  -0.000110363  -8.53862e-06  -0.00153251  -0.000180581  -0.000110585  -0  
11.3  -0.000102497  -7.85645e-06  -0.00144066  -0.000169262  -0.000102397  -0  
11.35  -9.51911e-05  -7.22959e-06  -0.00135432  -0.000158659  -9.48157e-05  -0  
11.4  -8.8406e-05  -6.65349e-06  -0.00127315  -0.000148728  -8.77957e-05  -0  
11.45  -8.21046e-05  -6.12399e-06  -0.00119685  -0.000139425  -8.12954e-05  -0  
11.5  -7.62523e-05  -5.63725e-06  -0.00112512  -0.000130709  -7.52764e-05  -0  
11.55  -7.08171e-05  -5.18977e-06  -0.00105769  -0.000122544  -6.9703e-05  -0  
11.6  -6.57694e-05  -4.77834e-06  -0.000994299  -0.000114893  -6.45423e-05  -0  
11.65  -6.10814e-05  -4.40001e-06  -0.000934708  -0.000107725  -5.97636e-05  -0  
11.7  -5.67276e-05  -4.05208e-06  -0.000878688  -0.000101008  -5.53388e-05  -0  
11.75  -5.26842e-05  -3.73207e-06  -0.000826026  -9.47138e-05  -5.12416e-05  -0  
11.8  -4.89289e-05  -3.43771e-06  -0.000776519  -8.88152e-05  -4.74477e-05  -0  
11.85  -4.54413e-05  -3.1669e-06  -0.00072998  -8.3287e-05  -4.39347e-05  -0  
11.9  -4.22023e-05  -2.91775e-06  -0.00068623  -7.81059e-05  -4.06819e-05  -0  
11.95  -3.91942e-05  -2.68848e-06  -0.000645103  -7.32498e-05  -3.76698e-05  -0  
12  -3.64005e-05  -2.47749e-06  -0.00060644  -6.8698e-05  -3.48808e-05  -0  
12.05  -3.38059e-05  -2.2833e-06  -0.000570094  -6.44313e-05  -3.22983e-05  -0  
12.1  -3.13963e-05  -2.10455e-06  -0.000535926  -6.04317e-05  -2.99069e-05  -0  
12.15  -2.91584e-05  -1.93999e-06  -0.000503807  -5.66822e-05  -2.76927e-05  -0  
12.2  -2.708e-05  -1.78849e-06  -0.000473612  -5.3167e-05  -2.56423e-05  -0  
12.25  -2.51498e-05  -1.64899e-06  -0.000445227  -4.98715e-05  -2.37438e-05  -0  
12.3  -2.33572e-05  -1.52053e-06  -0.000418543  -4.67816e-05  -2.19858e-05  -0  
12.35  -2.16923e-05  -1.40222e-06  -0.000393458  -4.38845e-05  -2.0358e-05  -0  
12.4  -2.01461e-05  -1.29324e-06  -0.000369877  -4.11681e-05  -1.88507e-05  -0  
12.45  -1.87101e-05  -1.19285e-06  -0.000347709  -3.86208e-05  -1.7455e-05  -0  
12.5  -1.73765e-05  -1.10036e-06  -0.00032687  -3.62323e-05  -1.61627e-05  -0  
12.55  -1.61379e-05  -1.01515e-06  -0.000307279  -3.39923e-05  -1.4966e-05  -0  
12.6  -1.49876e-05  -9.36624e-07  -0.000288863  -3.18917e-05  -1.3858e-05  -0  
12.65  -1.39193e-05  -8.64257e-07  -0.000271551  -2.99217e-05  -1.28319e-05  -0  
12.7  -1.29272e-05  -7.97558e-07  -0.000255276  -2.80741e-05  -1.18819e-05  -0  
12.75  -1.20057e-05  -7.36077e-07  -0.000239976  -2.63412e-05  -1.10021e-05  -0  
12.8  -1.115e-05  -6.794e-07  -0.000225594  -2.47159e-05  -1.01876e-05  -0  
12.85  -1.03552e-05  -6.27145e-07  -0.000212073  -2.31915e-05  -9.43329e-06  -0  
12.9  -9.61712e-06  -5.78963e-07  -0.000199363  -2.17615e-05  -8.73486e-06  -0  
12.95  -8.93162e-06  -5.34532e-07  -0.000187414  -2.04202e-05  -8.08814e-06  -0  
13  -8.29499e-06  -4.93555e-07  -0.000176182  -1.9162e-05  -7.4893e-06  -0  
13.05  -7.70373e-06  -4.55761e-07  -0.000165623  -1.79817e-05  -6.9348e-06  -0  
13.1  -7.15462e-06  -4.20898e-07  -0.000155696  -1.68744e-05  -6.42135e-06  -0  
13.15  -6.64465e-06  -3.88737e-07  -0.000146365  -1.58357e-05  -5.94592e-06  -0  
13.2  -6.17103e-06  -3.59064e-07  -0.000137593  -1.48612e-05  -5.50569e-06  -0  
13.25  -5.73117e-06  -3.31685e-07  -0.000129346  -1.39469e-05  -5.09806e-06  -0  
13.3  -5.32266e-06  -3.0642e-07  -0.000121594  -1.30892e-05  -4.7206e-06  -0  
13.35  -4.94326e-06  -2.83104e-07  -0.000114307  -1.22844e-05  -4.3711e-06  -0  
13.4  -4.59091e-06  -2.61583e-07  -0.000107456  -1.15293e-05  -4.04746e-06  -0  
13.45  -4.26368e-06  -2.41719e-07  -0.000101016  -1.08208e-05  -3.74779e-06  -0  
13.5  -3.95977e-06  -2.23381e-07  -9.49615e-05  -1.0156e-05  -3.47031e-06  -0  
13.55  -3.67752e-06  -2.06451e-07  -8.92701e-05  -9.53222e-06  -3.21337e-06  -0  
13.6  -3.41539e-06  -1.90819e-07  -8.39198e-05  -8.9469e-06  -2.97546e-06  -0  
13.65  -3.17195e-06  -1.76385e-07  -7.88902e-05  -8.39766e-06  -2.75516e-06  -0  
13.7  -2.94586e-06  -1.63056e-07  -7.41621e-05  -7.88225e-06  -2.55117e-06  -0  
13.75  -2.73588e-06  -1.50745e-07  -6.97173e-05  -7.39859e-06  -2.36228e-06  -0  
13.8  -2.54087e-06  -1.39375e-07  -6.55389e-05  -6.94472e-06  -2.18738e-06  -0  
13.85  -2.35976e-06  -1.28872e-07  -6.16109e-05  -6.51878e-06  -2.02543e-06  -0  
13.9  -2.19156e-06  -1.19169e-07  -5.79183e-05  -6.11905e-06  -1.87547e-06  -0  
13.95  -2.03535e-06  -1.10205e-07  -5.44471e-05  -5.74391e-06  -1.73661e-06  -0  
14  -1.89027e-06  -1.01922e-07  -5.11839e-05  -5.39184e-06  -1.60804e-06  -0  
14.05  -1.75554e-06  -9.42692e-08  -4.81163e-05  -5.06141e-06  -1.48898e-06  -0  
14.1  -1.6304e-06  -8.71968e-08  -4.52325e-05  -4.7513e-06  -1.37874e-06  -0  
14.15  -1.51419e-06  -8.06606e-08  -4.25215e-05  -4.46024e-06  -1.27666e-06  -0  
14.2  -1.40626e-06  -7.46195e-08  -3.99731e-05  -4.18707e-06  -1.18213e-06  -0  
14.25  -1.30602e-06  -6.90355e-08  -3.75774e-05  -3.93067e-06  -1.09461e-06  -0  
14.3  -1.21293e-06  -6.38736e-08  -3.53252e-05  -3.69001e-06  -1.01357e-06  -0  
14.35  -1.12648e-06  -5.91016e-08  -3.3208e-05  -3.46413e-06  -9.38523e-07  -0  
14.4  -1.04618e-06  -5.46897e-08  -3.12178e-05  -3.25211e-06  -8.69036e-07  -0  
14.45  -9.71612e-07  -5.06104e-08  -2.93468e-05  -3.0531e-06  -8.04693e-07  -0  
14.5  -9.02357e-07  -4.68383e-08  -2.75879e-05  -2.86629e-06  -7.45115e-07  -0  
14.55  -8.38038e-07  -4.335e-08  -2.59345e-05  -2.69095e-06  -6.89947e-07  -0  
14.6  -7.78304e-07  -4.0124e-08  -2.43801e-05  -2.52635e-06  -6.38864e-07  -0  
14.65  -7.22828e-07  -3.71404e-08  -2.2919e-05  -2.37185e-06  -5.91564e-07  -0  
14.7  -6.71305e-07  -3.43806e-08  -2.15453e-05  -2.22682e-06  -5.47765e-07  -0  
14.75  -6.23456e-07  -3.18278e-08  -2.02541e-05  -2.09067e-06  -5.07209e-07  -0  
14.8  -5.79017e-07  -2.94662e-08  -1.90402e-05  -1.96286e-06  -4.69656e-07  -0  
14.85  -5.37745e-07  -2.72814e-08  -1.7899e-05  -1.84289e-06  -4.34883e-07  -0  
14.9  -4.99415e-07  -2.52601e-08  -1.68263e-05  -1.73026e-06  -4.02685e-07  -0  
14.95  -4.63818e-07  -2.33897e-08  -1.58178e-05  -1.62453e-06  -3.7287e-07  -0  
15  -4.30757e-07  -2.16591e-08  -1.48698e-05  -1.52527e-06  -3.45263e-07  -0  
15.05  -4.00053e-07  -2.00576e-08  -1.39786e-05  -1.43209e-06  -3.197e-07  -0  
15.1  -3.71538e-07  -1.85755e-08  -1.31408e-05  -1.34461e-06  -2.9603e-07  -0  
15.15  -3.45055e-07  -1.72038e-08  -1.23532e-05  -1.26248e-06  -2.74112e-07  -0  
15.2  -3.2046e-07  -1.59342e-08  -1.16129e-05  -1.18538e-06  -2.53817e-07  -0  
15.25  -2.97618e-07  -1.4759e-08  -1.09169e-05  -1.113e-06  -2.35025e-07  -0  
15.3  -2.76405e-07  -1.36712e-08  -1.02626e-05  -1.04504e-06  -2.17624e-07  -0  
15.35  -2.56703e-07  -1.26642e-08  -9.6475e-06  -9.81238e-07  -2.01511e-07  -0  
15.4  -2.38405e-07  -1.17319e-08  -9.06929e-06  -9.21338e-07  -1.86592e-07  -0  
15.45  -2.21412e-07  -1.08687e-08  -8.52574e-06  -8.651e-07  -1.72777e-07  -0  
15.5  -2.0563e-07  -1.00696e-08  -8.01476e-06  -8.12299e-07  -1.59984e-07  -0  
15.55  -1.90973e-07  -9.32959e-09  -7.53441e-06  -7.62726e-07  -1.48139e-07  -0  
15.6  -1.77361e-07  -8.64438e-09  -7.08284e-06  -7.16183e-07  -1.37171e-07  -0  
15.65  -1.64719e-07  -8.00984e-09  -6.65834e-06  -6.72484e-07  -1.27015e-07  -0  
15.7  -1.52978e-07  -7.42221e-09  -6.25928e-06  -6.31454e-07  -1.17611e-07  -0  
15.75  -1.42074e-07  -6.87798e-09  -5.88414e-06  -5.92931e-07  -1.08903e-07  -0  
15.8  -1.31947e-07  -6.37392e-09  -5.53149e-06  -5.56761e-07  -1.0084e-07  -0  
15.85  -1.22542e-07  -5.90705e-09  -5.19996e-06  -5.22801e-07  -9.33742e-08  -0  
15.9  -1.13807e-07  -5.4746e-09  -4.88831e-06  -4.90914e-07  -8.64609e-08  -0  
15.95  -1.05695e-07  -5.074e-09  -4.59534e-06  -4.60974e-07  -8.00594e-08  -0  
16  -9.81615e-08  -4.70291e-09  -4.31992e-06  -4.32863e-07  -7.41319e-08  -0  
16.05  -9.11646e-08  -4.35912e-09  -4.06102e-06  -4.06468e-07  -6.86433e-08  -0  
16.1  -8.46665e-08  -4.04062e-09  -3.81762e-06  -3.81684e-07  -6.3561e-08  -0  
16.15  -7.86316e-08  -3.74553e-09  -3.58882e-06  -3.58412e-07  -5.8855e-08  -0  
16.2  -7.30269e-08  -3.47211e-09  -3.37373e-06  -3.36561e-07  -5.44974e-08  -0  
16.25  -6.78216e-08  -3.21877e-09  -3.17153e-06  -3.16044e-07  -5.04625e-08  -0  
16.3  -6.29874e-08  -2.98402e-09  -2.98145e-06  -2.96779e-07  -4.67263e-08  -0  
16.35  -5.84977e-08  -2.76649e-09  -2.80276e-06  -2.78689e-07  -4.32668e-08  -0  
16.4  -5.43281e-08  -2.5649e-09  -2.63478e-06  -2.61702e-07  -4.00633e-08  -0  
16.45  -5.04556e-08  -2.37808e-09  -2.47687e-06  -2.45752e-07  -3.70971e-08  -0  
16.5  -4.68592e-08  -2.20494e-09  -2.32842e-06  -2.30775e-07  -3.43505e-08  -0  
16.55  -4.35192e-08  -2.04447e-09  -2.18887e-06  -2.16712e-07  -3.18072e-08  -0  
16.6  -4.04172e-08  -1.89574e-09  -2.05768e-06  -2.03506e-07  -2.94522e-08  -0  
16.65  -3.75363e-08  -1.75789e-09  -1.93436e-06  -1.91106e-07  -2.72716e-08  -0  
16.7  -3.48608e-08  -1.63011e-09  -1.81843e-06  -1.79462e-07  -2.52524e-08  -0  
16.75  -3.23759e-08  -1.51166e-09  -1.70944e-06  -1.68527e-07  -2.33828e-08  -0  
16.8  -3.00682e-08  -1.40186e-09  -1.60699e-06  -1.5826e-07  -2.16515e-08  -0  
16.85  -2.7925e-08  -1.30007e-09  -1.51068e-06  -1.48619e-07  -2.00485e-08  -0  
16.9  -2.59345e-08  -1.20571e-09  -1.42014e-06  -1.39565e-07  -1.85641e-08  -0  
16.95  -2.4086e-08  -1.11823e-09  -1.33502e-06  -1.31063e-07  -1.71897e-08  -0  
17  -2.23691e-08  -1.03712e-09  -1.25501e-06  -1.2308e-07  -1.59169e-08  -0  
17.05  -2.07747e-08  -9.61926e-10  -1.17979e-06  -1.15583e-07  -1.47385e-08  -0  
17.1  -1.92939e-08  -8.92204e-10  -1.10908e-06  -1.08543e-07  -1.36473e-08  -0  
17.15  -1.79187e-08  -8.27557e-10  -1.04261e-06  -1.01932e-07  -1.26368e-08  -0  
17.2  -1.66414e-08  -7.67613e-10  -9.80125e-07  -9.57241e-08  -1.17012e-08  -0  
17.25  -1.54553e-08  -7.1203e-10  -9.21383e-07  -8.98944e-08  -1.08349e-08  -0  
17.3  -1.43536e-08  -6.60487e-10  -8.66161e-07  -8.442e-08  -1.00327e-08  -0  
17.35  -1.33305e-08  -6.1269e-10  -8.14249e-07  -7.92791e-08  -9.28985e-09  -0  
17.4  -1.23803e-08  -5.68365e-10  -7.65448e-07  -7.44515e-08  -8.60204e-09  -0  
17.45  -1.14979e-08  -5.27259e-10  -7.19572e-07  -6.9918e-08  -7.96516e-09  -0  
17.5  -1.06783e-08  -4.89137e-10  -6.76446e-07  -6.56607e-08  -7.37543e-09  -0  
17.55  -9.9172e-09  -4.53781e-10  -6.35904e-07  -6.16628e-08  -6.82936e-09  -0  
17.6  -9.21031e-09  -4.2099e-10  -5.97792e-07  -5.79084e-08  -6.32372e-09  -0  
17.65  -8.55381e-09  -3.90577e-10  -5.61964e-07  -5.43827e-08  -5.85552e-09  -0  
17.7  -7.94411e-09  -3.62369e-10  -5.28284e-07  -5.10717e-08  -5.42198e-09  -0  
17.75  -7.37786e-09  -3.36205e-10  -4.96622e-07  -4.79625e-08  -5.02054e-09  -0  
17.8  -6.85198e-09  -3.11936e-10  -4.66857e-07  -4.50426e-08  -4.64883e-09  -0  
17.85  -6.36358e-09  -2.89425e-10  -4.38877e-07  -4.23006e-08  -4.30463e-09  -0  
17.9  -5.90999e-09  -2.68543e-10  -4.12574e-07  -3.97255e-08  -3.98592e-09  -0  
17.95  -5.48874e-09  -2.49173e-10  -3.87847e-07  -3.73073e-08  -3.69081e-09  -0  
18  -5.09751e-09  -2.31204e-10  -3.64602e-07  -3.50363e-08  -3.41755e-09  -0  
18.05  -4.73416e-09  -2.14535e-10  -3.4275e-07  -3.29036e-08  -3.16452e-09  -0  
18.1  -4.39672e-09  -1.99071e-10  -3.22207e-07  -3.09008e-08  -2.93022e-09  -0  
18.15  -4.08333e-09  -1.84726e-10  -3.02896e-07  -2.902e-08  -2.71327e-09  -0  
18.2  -3.79227e-09  -1.71417e-10  -2.84743e-07  -2.72537e-08  -2.51238e-09  -0  
18.25  -3.52196e-09  -1.59069e-10  -2.67677e-07  -2.55949e-08  -2.32637e-09  -0  
18.3  -3.27092e-09  -1.47613e-10  -2.51634e-07  -2.40371e-08  -2.15412e-09  -0  
18.35  -3.03778e-09  -1.36985e-10  -2.36553e-07  -2.25742e-08  -1.99464e-09  -0  
18.4  -2.82125e-09  -1.27124e-10  -2.22376e-07  -2.12003e-08  -1.84695e-09  -0  
18.45  -2.62015e-09  -1.17974e-10  -2.09048e-07  -1.991e-08  -1.71021e-09  -0  
18.5  -2.43339e-09  -1.09485e-10  -1.96519e-07  -1.86984e-08  -1.58359e-09  -0  
18.55  -2.25994e-09  -1.01608e-10  -1.84741e-07  -1.75604e-08  -1.46634e-09  -0  
18.6  -2.09886e-09  -9.42996e-11  -1.73669e-07  -1.64918e-08  -1.35777e-09  -0  
18.65  -1.94925e-09  -8.75178e-11  -1.6326e-07  -1.54882e-08  -1.25725e-09  -0  
18.7  -1.81031e-09  -8.12249e-11  -1.53475e-07  -1.45457e-08  -1.16416e-09  -0  
18.75  -1.68128e-09  -7.53855e-11  -1.44277e-07  -1.36605e-08  -1.07797e-09  -0  
18.8  -1.56144e-09  -6.99669e-11  -1.3563e-07  -1.28293e-08  -9.98155e-10  -0  
18.85  -1.45014e-09  -6.49386e-11  -1.27501e-07  -1.20486e-08  -9.24253e-10  -0  
18.9  -1.34678e-09  -6.02725e-11  -1.1986e-07  -1.13155e-08  -8.55822e-10  -0  
18.95  -1.25078e-09  -5.59424e-11  -1.12676e-07  -1.06269e-08  -7.92458e-10  -0  
19  -1.16163e-09  -5.1924e-11  -1.05923e-07  -9.98032e-09  -7.33785e-10  -0  
19.05  -1.07883e-09  -4.81948e-11  -9.95745e-08  -9.37306e-09  -6.79457e-10  -0  
19.1  -1.00193e-09  -4.4734e-11  -9.36067e-08  -8.80275e-09  -6.2915e-10  -0  
19.15  -9.30513e-10  -4.15222e-11  -8.79965e-08  -8.26715e-09  -5.82569e-10  -0  
19.2  -8.64187e-10  -3.85415e-11  -8.27226e-08  -7.76414e-09  -5.39436e-10  -0  
19.25  -8.02589e-10  -3.57751e-11  -7.77647e-08  -7.29175e-09  -4.99497e-10  -0  
19.3  -7.45381e-10  -3.32077e-11  -7.3104e-08  -6.84811e-09  -4.62515e-10  -0  
19.35  -6.92252e-10  -3.08248e-11  -6.87226e-08  -6.43146e-09  -4.28271e-10  -0  
19.4  -6.42909e-10  -2.86132e-11  -6.46038e-08  -6.04017e-09  -3.96562e-10  -0  
19.45  -5.97083e-10  -2.65606e-11  -6.07319e-08  -5.67268e-09  -3.67201e-10  -0  
19.5  -5.54524e-10  -2.46555e-11  -5.7092e-08  -5.32756e-09  -3.40014e-10  -0  
19.55  -5.14998e-10  -2.28873e-11  -5.36703e-08  -5.00344e-09  -3.14839e-10  -0  
19.6  -4.7829e-10  -2.12461e-11  -5.04536e-08  -4.69904e-09  -2.91529e-10  -0  
19.65  -4.44198e-10  -1.97227e-11  -4.74298e-08  -4.41317e-09  -2.69945e-10  -0  
19.7  -4.12536e-10  -1.83088e-11  -4.45871e-08  -4.14469e-09  -2.49958e-10  -0  
19.75  -3.83131e-10  -1.69964e-11  -4.19149e-08  -3.89254e-09  -2.31452e-10  -0  
19.8  -3.55822e-10  -1.57782e-11  -3.94028e-08  -3.65574e-09  -2.14315e-10  -0  
19.85  -3.30459e-10  -1.46474e-11  -3.70412e-08  -3.43334e-09  -1.98447e-10  -0  
19.9  -3.06905e-10  -1.35978e-11  -3.48212e-08  -3.22448e-09  -1.83755e-10  -0  
19.95  -2.85029e-10  -1.26235e-11  -3.27342e-08  -3.02832e-09  -1.7015e-10  -0  
20  -2.64713e-10  -1.17191e-11  -3.07724e-08  -2.8441e-09  -1.57552e-10  -0  
20.05  -2.45844e-10  -1.08796e-11  -2.89281e-08  -2.67109e-09  -1.45887e-10  -0  
20.1  -2.28321e-10  -1.01004e-11  -2.71943e-08  -2.5086e-09  -1.35086e-10  -0  
20.15  -2.12046e-10  -9.37697e-12  -2.55645e-08  -2.356e-09  -1.25084e-10  -0  
20.2  -1.96932e-10  -8.70546e-12  -2.40323e-08  -2.21269e-09  -1.15823e-10  -0  
20.25  -1.82895e-10  -8.0821e-12  -2.2592e-08  -2.07809e-09  -1.07248e-10  -0  
20.3  -1.69858e-10  -7.50343e-12  -2.12379e-08  -1.95168e-09  -9.93071e-11  -0  
20.35  -1.57751e-10  -6.96624e-12  -1.99651e-08  -1.83296e-09  -9.19545e-11  -0  
20.4  -1.46507e-10  -6.46755e-12  -1.87685e-08  -1.72146e-09  -8.51463e-11  -0  
20.45  -1.36064e-10  -6.00461e-12  -1.76436e-08  -1.61675e-09  -7.88421e-11  -0  
20.5  -1.26366e-10  -5.57484e-12  -1.65862e-08  -1.51841e-09  -7.30047e-11  -0  
20.55  -1.17358e-10  -5.17586e-12  -1.55921e-08  -1.42604e-09  -6.75995e-11  -0  
20.6  -1.08993e-10  -4.80547e-12  -1.46576e-08  -1.3393e-09  -6.25945e-11  -0  
20.65  -1.01224e-10  -4.46162e-12  -1.37791e-08  -1.25784e-09  -5.79601e-11  -0  
20.7  -9.40092e-11  -4.14239e-12  -1.29533e-08  -1.18133e-09  -5.36688e-11  -0  
20.75  -8.73083e-11  -3.84603e-12  -1.2177e-08  -1.10947e-09  -4.96952e-11  -0  
20.8  -8.10851e-11  -3.57089e-12  -1.14472e-08  -1.04199e-09  -4.60158e-11  -0  
20.85  -7.53055e-11  -3.31545e-12  -1.07611e-08  -9.78609e-10  -4.26089e-11  -0  
20.9  -6.99378e-11  -3.07831e-12  -1.01161e-08  -9.19086e-10  -3.94542e-11  -0  
20.95  -6.49527e-11  -2.85814e-12  -9.50985e-09  -8.63183e-10  -3.6533e-11  -0  
21  -6.0323e-11  -2.65373e-12  -8.93989e-09  -8.1068e-10  -3.38282e-11  -0  
21.05  -5.60232e-11  -2.46396e-12  -8.40409e-09  -7.61372e-10  -3.13236e-11  -0  
21.1  -5.203e-11  -2.28777e-12  -7.9004e-09  -7.15062e-10  -2.90044e-11  -0  
21.15  -4.83214e-11  -2.12419e-12  -7.4269e-09  -6.7157e-10  -2.68569e-11  -0  
21.2  -4.48771e-11  -1.97231e-12  -6.98178e-09  -6.30723e-10  -2.48685e-11  -0  
21.25  -4.16783e-11  -1.8313e-12  -6.56334e-09  -5.92361e-10  -2.30272e-11  -0  
21.3  -3.87075e-11  -1.70039e-12  -6.16998e-09  -5.56332e-10  -2.13223e-11  -0  
21.35  -3.59485e-11  -1.57884e-12  -5.80019e-09  -5.22495e-10  -1.97437e-11  -0  
21.4  -3.33861e-11  -1.46598e-12  -5.45256e-09  -4.90716e-10  -1.82819e-11  -0  
21.45  -3.10064e-11  -1.3612e-12  -5.12577e-09  -4.6087e-10  -1.69283e-11  -0  
21.5  -2.87963e-11  -1.26391e-12  -4.81857e-09  -4.32839e-10  -1.56749e-11  -0  
21.55  -2.67438e-11  -1.17358e-12  -4.52977e-09  -4.06514e-10  -1.45144e-11  -0  
21.6  -2.48375e-11  -1.08971e-12  -4.25829e-09  -3.81789e-10  -1.34397e-11  -0  
21.65  -2.30671e-11  -1.01184e-12  -4.00307e-09  -3.58568e-10  -1.24447e-11  -0  
21.7  -2.14229e-11  -9.3954e-13  -3.76315e-09  -3.3676e-10  -1.15233e-11  -0  
21.75  -1.98959e-11  -8.72408e-13  -3.53762e-09  -3.16278e-10  -1.06701e-11  -0  
21.8  -1.84778e-11  -8.10075e-13  -3.32559e-09  -2.97042e-10  -9.88012e-12  -0  
21.85  -1.71607e-11  -7.522e-13  -3.12628e-09  -2.78976e-10  -9.1486e-12  -0  
21.9  -1.59375e-11  -6.98461e-13  -2.93891e-09  -2.62009e-10  -8.47125e-12  -0  
21.95  -1.48015e-11  -6.48564e-13  -2.76277e-09  -2.46074e-10  -7.84405e-12  -0  
22  -1.37465e-11  -6.02234e-13  -2.59719e-09  -2.31108e-10  -7.26328e-12  -0  
22.05  -1.27666e-11  -5.59216e-13  -2.44153e-09  -2.17052e-10  -6.72552e-12  -0  
22.1  -1.18567e-11  -5.19272e-13  -2.2952e-09  -2.03852e-10  -6.22757e-12  -0  
22.15  -1.10115e-11  -4.82183e-13  -2.15764e-09  -1.91454e-10  -5.76649e-12  -0  
22.2  -1.02266e-11  -4.47744e-13  -2.02833e-09  -1.7981e-10  -5.33954e-12  -0  
22.25  -9.4977e-12  -4.15767e-13  -1.90676e-09  -1.68874e-10  -4.94421e-12  -0  
22.3  -8.82071e-12  -3.86074e-13  -1.79248e-09  -1.58603e-10  -4.57814e-12  -0  
22.35  -8.19198e-12  -3.58503e-13  -1.68505e-09  -1.48958e-10  -4.23918e-12  -0  
22.4  -7.60807e-12  -3.32903e-13  -1.58406e-09  -1.39898e-10  -3.92532e-12  -0  
22.45  -7.06578e-12  -3.09131e-13  -1.48912e-09  -1.3139e-10  -3.63469e-12  -0  
22.5  -6.56214e-12  -2.87057e-13  -1.39987e-09  -1.23399e-10  -3.36558e-12  -0  
22.55  -6.0944e-12  -2.66561e-13  -1.31597e-09  -1.15894e-10  -3.1164e-12  -0  
22.6  -5.66e-12  -2.47528e-13  -1.2371e-09  -1.08846e-10  -2.88566e-12  -0  
22.65  -5.25656e-12  -2.29856e-13  -1.16296e-09  -1.02226e-10  -2.67201e-12  -0  
22.7  -4.88188e-12  -2.13445e-13  -1.09326e-09  -9.60094e-11  -2.47418e-12  -0  
22.75  -4.53391e-12  -1.98207e-13  -1.02774e-09  -9.01704e-11  -2.29099e-12  -0  
22.8  -4.21073e-12  -1.84057e-13  -9.66141e-10  -8.46865e-11  -2.12137e-12  -0  
22.85  -3.9106e-12  -1.70917e-13  -9.08236e-10  -7.95362e-11  -1.96431e-12  -0  
22.9  -3.63186e-12  -1.58717e-13  -8.53803e-10  -7.46991e-11  -1.81887e-12  -0  
22.95  -3.37298e-12  -1.47387e-13  -8.02631e-10  -7.01562e-11  -1.6842e-12  -0  
23  -3.13256e-12  -1.36866e-13  -7.54527e-10  -6.58896e-11  -1.55951e-12  -0  
23.05  -2.90928e-12  -1.27097e-13  -7.09305e-10  -6.18825e-11  -1.44404e-12  -0  
23.1  -2.70191e-12  -1.18025e-13  -6.66794e-10  -5.8119e-11  -1.33713e-12  -0  
23.15  -2.50932e-12  -1.09601e-13  -6.26831e-10  -5.45845e-11  -1.23813e-12  -0  
23.2  -2.33046e-12  -1.01779e-13  -5.89263e-10  -5.12649e-11  -1.14646e-12  -0  
23.25  -2.16435e-12  -9.45147e-14  -5.53946e-10  -4.81472e-11  -1.06158e-12  -0  
23.3  -2.01007e-12  -8.77693e-14  -5.20746e-10  -4.52191e-11  -9.82979e-13  -0  
23.35  -1.8668e-12  -8.15055e-14  -4.89536e-10  -4.24691e-11  -9.102e-13  -0  
23.4  -1.73374e-12  -7.56889e-14  -4.60196e-10  -3.98863e-11  -8.4281e-13  -0  
23.45  -1.61016e-12  -7.02875e-14  -4.32615e-10  -3.74606e-11  -7.80409e-13  -0  
23.5  -1.49539e-12  -6.52717e-14  -4.06687e-10  -3.51825e-11  -7.22628e-13  -0  
23.55  -1.3888e-12  -6.0614e-14  -3.82313e-10  -3.30429e-11  -6.69126e-13  -0  
23.6  -1.28981e-12  -5.62887e-14  -3.59399e-10  -3.10334e-11  -6.19584e-13  -0  
23.65  -1.19787e-12  -5.22722e-14  -3.37859e-10  -2.91461e-11  -5.73711e-13  -0  
23.7  -1.11249e-12  -4.85423e-14  -3.1761e-10  -2.73736e-11  -5.31234e-13  -0  
23.75  -1.03319e-12  -4.50787e-14  -2.98575e-10  -2.57089e-11  -4.91902e-13  -0  
23.8  -9.59547e-13  -4.18623e-14  -2.8068e-10  -2.41454e-11  -4.55482e-13  -0  
23.85  -8.91152e-13  -3.88754e-14  -2.63858e-10  -2.2677e-11  -4.21759e-13  -0  
23.9  -8.27632e-13  -3.61017e-14  -2.48044e-10  -2.12979e-11  -3.90532e-13  -0  
23.95  -7.68639e-13  -3.3526e-14  -2.33178e-10  -2.00027e-11  -3.61618e-13  -0  
24  -7.13852e-13  -3.1134e-14  -2.19203e-10  -1.87862e-11  -3.34844e-13  -0  
24.05  -6.62969e-13  -2.89128e-14  -2.06065e-10  -1.76438e-11  -3.10052e-13  -0  
24.1  -6.15714e-13  -2.68501e-14  -1.93715e-10  -1.65708e-11  -2.87096e-13  -0  
24.15  -5.71826e-13  -2.49346e-14  -1.82105e-10  -1.55631e-11  -2.6584e-13  -0  
24.2  -5.31067e-13  -2.31558e-14  -1.71191e-10  -1.46166e-11  -2.46158e-13  -0  
24.25  -4.93214e-13  -2.15039e-14  -1.60931e-10  -1.37277e-11  -2.27932e-13  -0  
24.3  -4.58058e-13  -1.99698e-14  -1.51285e-10  -1.28929e-11  -2.11056e-13  -0  
24.35  -4.25408e-13  -1.85453e-14  -1.42218e-10  -1.21088e-11  -1.9543e-13  -0  
24.4  -3.95086e-13  -1.72223e-14  -1.33695e-10  -1.13724e-11  -1.80961e-13  -0  
24.45  -3.66924e-13  -1.59938e-14  -1.25682e-10  -1.06808e-11  -1.67563e-13  -0  
24.5  -3.40771e-13  -1.48529e-14  -1.18149e-10  -1.00313e-11  -1.55156e-13  -0  
24.55  -3.16481e-13  -1.37934e-14  -1.11068e-10  -9.42125e-12  -1.43669e-13  -0  
24.6  -2.93923e-13  -1.28096e-14  -1.04412e-10  -8.84831e-12  -1.33032e-13  -0  
24.65  -2.72972e-13  -1.18959e-14  -9.81538e-11  -8.31022e-12  -1.23182e-13  -0  
24.7  -2.53515e-13  -1.10473e-14  -9.22711e-11  -7.80484e-12  -1.14062e-13  -0  
24.75  -2.35445e-13  -1.02594e-14  -8.6741e-11  -7.3302e-12  -1.05617e-13  -0  
24.8  -2.18663e-13  -9.52761e-15  -8.15423e-11  -6.88443e-12  -9.77971e-14  -0  
24.85  -2.03077e-13  -8.84806e-15  -7.66552e-11  -6.46577e-12  -9.05563e-14  -0  
24.9  -1.88602e-13  -8.21698e-15  -7.20609e-11  -6.07256e-12  -8.38516e-14  -0  
24.95  -1.75158e-13  -7.63092e-15  -6.77421e-11  -5.70327e-12  -7.76433e-14  -0  
25  -1.62673e-13  -7.08666e-15  -6.36821e-11  -5.35644e-12  -7.18947e-14  -0  
25.05  -1.51078e-13  -6.58123e-15  -5.98654e-11  -5.03069e-12  -6.65717e-14  -0  
25.1  -1.4031e-13  -6.11186e-15  -5.62774e-11  -4.72476e-12  -6.16428e-14  -0  
25.15  -1.30308e-13  -5.67596e-15  -5.29045e-11  -4.43744e-12  -5.70788e-14  -0  
25.2  -1.2102e-13  -5.27116e-15  -4.97338e-11  -4.16758e-12  -5.28528e-14  -0  
25.25  -1.12394e-13  -4.89523e-15  -4.6753e-11  -3.91414e-12  -4.89396e-14  -0  
25.3  -1.04383e-13  -4.54612e-15  -4.3951e-11  -3.67611e-12  -4.53162e-14  -0  
25.35  -9.69425e-14  -4.22191e-15  -4.13168e-11  -3.45255e-12  -4.1961e-14  -0  
25.4  -9.00326e-14  -3.92082e-15  -3.88406e-11  -3.24259e-12  -3.88543e-14  -0  
25.45  -8.36152e-14  -3.64121e-15  -3.65127e-11  -3.0454e-12  -3.59775e-14  -0  
25.5  -7.76552e-14  -3.38154e-15  -3.43244e-11  -2.8602e-12  -3.33138e-14  -0  
25.55  -7.212e-14  -3.14039e-15  -3.22672e-11  -2.68627e-12  -3.08473e-14  -0  
25.6  -6.69794e-14  -2.91644e-15  -3.03333e-11  -2.52291e-12  -2.85634e-14  -0  
25.65  -6.22052e-14  -2.70847e-15  -2.85153e-11  -2.36948e-12  -2.64486e-14  -0  
25.7  -5.77713e-14  -2.51532e-15  -2.68063e-11  -2.22539e-12  -2.44904e-14  -0  
25.75  -5.36534e-14  -2.33596e-15  -2.51997e-11  -2.09006e-12  -2.26771e-14  -0  
25.8  -4.98291e-14  -2.16938e-15  -2.36894e-11  -1.96295e-12  -2.09981e-14  -0  
25.85  -4.62773e-14  -2.01468e-15  -2.22696e-11  -1.84358e-12  -1.94435e-14  -0  
25.9  -4.29788e-14  -1.87102e-15  -2.09349e-11  -1.73147e-12  -1.80039e-14  -0  
25.95  -3.99153e-14  -1.7376e-15  -1.96802e-11  -1.62617e-12  -1.66709e-14  -0  
26  -3.70702e-14  -1.6137e-15  -1.85007e-11  -1.52728e-12  -1.54366e-14  -0  
26.05  -3.44279e-14  -1.49863e-15  -1.73919e-11  -1.4344e-12  -1.42937e-14  -0  
26.1  -3.19739e-14  -1.39177e-15  -1.63495e-11  -1.34717e-12  -1.32354e-14  -0  
26.15  -2.96948e-14  -1.29253e-15  -1.53696e-11  -1.26525e-12  -1.22555e-14  -0  
26.2  -2.75782e-14  -1.20037e-15  -1.44485e-11  -1.18831e-12  -1.13481e-14  -0  
26.25  -2.56125e-14  -1.11478e-15  -1.35825e-11  -1.11604e-12  -1.05079e-14  -0  
26.3  -2.37869e-14  -1.03529e-15  -1.27685e-11  -1.04817e-12  -9.72989e-15  -0  
26.35  -2.20914e-14  -9.61468e-16  -1.20032e-11  -9.84432e-13  -9.0095e-15  -0  
26.4  -2.05167e-14  -8.92913e-16  -1.12838e-11  -9.24566e-13  -8.34245e-15  -0  
26.45  -1.90543e-14  -8.29247e-16  -1.06076e-11  -8.68341e-13  -7.72478e-15  -0  
26.5  -1.76962e-14  -7.7012e-16  -9.97181e-12  -8.15535e-13  -7.15285e-15  -0  
26.55  -1.64348e-14  -7.1521e-16  -9.37416e-12  -7.65941e-13  -6.62326e-15  -0  
26.6  -1.52633e-14  -6.64215e-16  -8.81234e-12  -7.19362e-13  -6.13288e-15  -0  
26.65  -1.41754e-14  -6.16856e-16  -8.28418e-12  -6.75616e-13  -5.67881e-15  -0  
26.7  -1.3165e-14  -5.72874e-16  -7.78768e-12  -6.3453e-13  -5.25835e-15  -0  
26.75  -1.22266e-14  -5.32029e-16  -7.32094e-12  -5.95943e-13  -4.86903e-15  -0  
26.8  -1.13551e-14  -4.94096e-16  -6.88217e-12  -5.59703e-13  -4.50853e-15  -0  
26.85  -1.05457e-14  -4.58868e-16  -6.4697e-12  -5.25666e-13  -4.17473e-15  -0  
26.9  -9.79405e-15  -4.26151e-16  -6.08194e-12  -4.93699e-13  -3.86563e-15  -0  
26.95  -9.09594e-15  -3.95768e-16  -5.71743e-12  -4.63676e-13  -3.57943e-15  -0  
27  -8.44759e-15  -3.67551e-16  -5.37477e-12  -4.35479e-13  -3.31441e-15  -0  
27.05  -7.84546e-15  -3.41345e-16  -5.05264e-12  -4.08997e-13  -3.06901e-15  -0  
27.1  -7.28625e-15  -3.17009e-16  -4.74981e-12  -3.84125e-13  -2.84179e-15  -0  
27.15  -6.76689e-15  -2.94407e-16  -4.46514e-12  -3.60765e-13  -2.63139e-15  -0  
27.2  -6.28456e-15  -2.73417e-16  -4.19753e-12  -3.38826e-13  -2.43656e-15  -0  
27.25  -5.8366e-15  -2.53924e-16  -3.94596e-12  -3.18222e-13  -2.25616e-15  -0  
27.3  -5.42058e-15  -2.3582e-16  -3.70946e-12  -2.9887e-13  -2.08912e-15  -0  
27.35  -5.03421e-15  -2.19008e-16  -3.48714e-12  -2.80695e-13  -1.93444e-15  -0  
27.4  -4.67537e-15  -2.03394e-16  -3.27814e-12  -2.63625e-13  -1.79122e-15  -0  
27.45  -4.34212e-15  -1.88893e-16  -3.08167e-12  -2.47594e-13  -1.6586e-15  -0  
27.5  -4.03262e-15  -1.75426e-16  -2.89698e-12  -2.32537e-13  -1.5358e-15  -0  
27.55  -3.74518e-15  -1.62919e-16  -2.72335e-12  -2.18396e-13  -1.42209e-15  -0  
27.6  -3.47823e-15  -1.51304e-16  -2.56013e-12  -2.05115e-13  -1.3168e-15  -0  
27.65  -3.2303e-15  -1.40517e-16  -2.40669e-12  -1.92641e-13  -1.2193e-15  -0  
27.7  -3.00005e-15  -1.305e-16  -2.26245e-12  -1.80927e-13  -1.12903e-15  -0  
27.75  -2.78621e-15  -1.21196e-16  -2.12686e-12  -1.69924e-13  -1.04544e-15  -0  
27.8  -2.58762e-15  -1.12556e-16  -1.99939e-12  -1.59591e-13  -9.68033e-16  -0  
27.85  -2.40317e-15  -1.04531e-16  -1.87956e-12  -1.49886e-13  -8.9636e-16  -0  
27.9  -2.23188e-15  -9.70793e-17  -1.76691e-12  -1.40771e-13  -8.29995e-16  -0  
27.95  -2.07279e-15  -9.01584e-17  -1.66101e-12  -1.3221e-13  -7.68543e-16  -0  
28  -1.92505e-15  -8.3731e-17  -1.56146e-12  -1.2417e-13  -7.11641e-16  -0  
28.05  -1.78783e-15  -7.77617e-17  -1.46788e-12  -1.16619e-13  -6.58952e-16  -0  
28.1  -1.6604e-15  -7.22181e-17  -1.3799e-12  -1.09527e-13  -6.10164e-16  -0  
28.15  -1.54205e-15  -6.70697e-17  -1.2972e-12  -1.02867e-13  -5.64988e-16  -0  
28.2  -1.43213e-15  -6.22883e-17  -1.21945e-12  -9.66113e-14  -5.23157e-16  -0  
28.25  -1.33005e-15  -5.78478e-17  -1.14637e-12  -9.07362e-14  -4.84423e-16  -0  
28.3  -1.23525e-15  -5.37238e-17  -1.07766e-12  -8.52184e-14  -4.48557e-16  -0  
28.35  -1.1472e-15  -4.98939e-17  -1.01307e-12  -8.00361e-14  -4.15346e-16  -0  
28.4  -1.06543e-15  -4.6337e-17  -9.52356e-13  -7.51689e-14  -3.84594e-16  -0  
28.45  -9.89487e-16  -4.30337e-17  -8.95278e-13  -7.05978e-14  -3.56119e-16  -0  
28.5  -9.18958e-16  -3.99659e-17  -8.41621e-13  -6.63046e-14  -3.29753e-16  -0  
28.55  -8.53456e-16  -3.71168e-17  -7.91179e-13  -6.22725e-14  -3.05338e-16  -0  
28.6  -7.92622e-16  -3.44708e-17  -7.43761e-13  -5.84856e-14  -2.82731e-16  -0  
28.65  -7.36125e-16  -3.20135e-17  -6.99185e-13  -5.4929e-14  -2.61798e-16  -0  
28.7  -6.83655e-16  -2.97313e-17  -6.5728e-13  -5.15886e-14  -2.42415e-16  -0  
28.75  -6.34925e-16  -2.76119e-17  -6.17887e-13  -4.84514e-14  -2.24467e-16  -0  
28.8  -5.89669e-16  -2.56435e-17  -5.80855e-13  -4.5505e-14  -2.07847e-16  -0  
28.85  -5.47638e-16  -2.38154e-17  -5.46042e-13  -4.27378e-14  -1.92459e-16  -0  
28.9  -5.08603e-16  -2.21177e-17  -5.13316e-13  -4.01388e-14  -1.78209e-16  -0  
28.95  -4.7235e-16  -2.0541e-17  -4.82551e-13  -3.76979e-14  -1.65015e-16  -0  
29  -4.38682e-16  -1.90767e-17  -4.5363e-13  -3.54054e-14  -1.52797e-16  -0  
29.05  -4.07413e-16  -1.77168e-17  -4.26443e-13  -3.32523e-14  -1.41484e-16  -0  
29.1  -3.78373e-16  -1.64538e-17  -4.00884e-13  -3.12302e-14  -1.31009e-16  -0  
29.15  -3.51403e-16  -1.52809e-17  -3.76858e-13  -2.9331e-14  -1.21309e-16  -0  
29.2  -3.26356e-16  -1.41916e-17  -3.54271e-13  -2.75474e-14  -1.12328e-16  -0  
29.25  -3.03094e-16  -1.31799e-17  -3.33039e-13  -2.58722e-14  -1.04011e-16  -0  
29.3  -2.8149e-16  -1.22404e-17  -3.13079e-13  -2.42988e-14  -9.63101e-17  -0  
29.35  -2.61425e-16  -1.13678e-17  -2.94315e-13  -2.28212e-14  -8.91794e-17  -0  
29.4  -2.42791e-16  -1.05575e-17  -2.76675e-13  -2.14334e-14  -8.25767e-17  -0  
29.45  -2.25485e-16  -9.80488e-18  -2.60093e-13  -2.013e-14  -7.64628e-17  -0  
29.5  -2.09413e-16  -9.10594e-18  -2.44505e-13  -1.89058e-14  -7.08016e-17  -0  
29.55  -1.94486e-16  -8.45683e-18  -2.29851e-13  -1.77561e-14  -6.55595e-17  -0  
29.6  -1.80624e-16  -7.85398e-18  -2.16075e-13  -1.66764e-14  -6.07055e-17  -0  
29.65  -1.67749e-16  -7.29412e-18  -2.03125e-13  -1.56622e-14  -5.6211e-17  -0  
29.7  -1.55792e-16  -6.77416e-18  -1.90951e-13  -1.47098e-14  -5.20492e-17  -0  
29.75  -1.44687e-16  -6.29127e-18  -1.79507e-13  -1.38153e-14  -4.81955e-17  -0  
29.8  -1.34374e-16  -5.8428e-18  -1.68748e-13  -1.29751e-14  -4.46272e-17  -0  
29.85  -1.24796e-16  -5.4263e-18  -1.58634e-13  -1.21861e-14  -4.1323e-17  -0  
29.9  -1.15901e-16  -5.03949e-18  -1.49127e-13  -1.1445e-14  -3.82635e-17  -0  
29.95  -1.0764e-16  -4.68026e-18  -1.40189e-13  -1.0749e-14  -3.54305e-17  -0  
30  -9.99673e-17  -4.34663e-18  -1.31787e-13  -1.00954e-14  -3.28073e-17  -0  
30.05  -9.28418e-17  -4.03679e-18  -1.23889e-13  -9.48146e-15  -3.03783e-17  -0  
30.1  -8.62242e-17  -3.74903e-18  -1.16464e-13  -8.90488e-15  -2.81291e-17  -0  
30.15  -8.00782e-17  -3.48179e-18  -1.09484e-13  -8.36336e-15  -2.60464e-17  -0  
30.2  -7.43703e-17  -3.23359e-18  -1.02922e-13  -7.85477e-15  -2.4118e-17  -0  
30.25  -6.90693e-17  -3.00309e-18  -9.67533e-14  -7.37711e-15  -2.23323e-17  -0  
30.3  -6.41462e-17  -2.78902e-18  -9.09546e-14  -6.92849e-15  -2.06789e-17  -0  
30.35  -5.95739e-17  -2.59021e-18  -8.55033e-14  -6.50716e-15  -1.91478e-17  -0  
30.4  -5.53276e-17  -2.40557e-18  -8.03788e-14  -6.11145e-15  -1.77301e-17  -0  
30.45  -5.13839e-17  -2.2341e-18  -7.55614e-14  -5.7398e-15  -1.64174e-17  -0  
30.5  -4.77213e-17  -2.07484e-18  -7.10328e-14  -5.39075e-15  -1.52019e-17  -0  
30.55  -4.43198e-17  -1.92694e-18  -6.67755e-14  -5.06293e-15  -1.40764e-17  -0  
30.6  -4.11607e-17  -1.78959e-18  -6.27734e-14  -4.75505e-15  -1.30342e-17  -0  
30.65  -3.82269e-17  -1.66202e-18  -5.90112e-14  -4.46588e-15  -1.20691e-17  -0  
30.7  -3.55021e-17  -1.54355e-18  -5.54745e-14  -4.19431e-15  -1.11755e-17  -0  
30.75  -3.29716e-17  -1.43352e-18  -5.21497e-14  -3.93924e-15  -1.03481e-17  -0  
30.8  -3.06214e-17  -1.33133e-18  -4.90242e-14  -3.69969e-15  -9.58195e-18  -0  
30.85  -2.84387e-17  -1.23643e-18  -4.6086e-14  -3.47471e-15  -8.87251e-18  -0  
30.9  -2.64117e-17  -1.1483e-18  -4.33239e-14  -3.2634e-15  -8.2156e-18  -0  
30.95  -2.45291e-17  -1.06645e-18  -4.07273e-14  -3.06495e-15  -7.60733e-18  -0  
31  -2.27807e-17  -9.90427e-19  -3.82864e-14  -2.87857e-15  -7.04409e-18  -0  
31.05  -2.11569e-17  -9.19827e-19  -3.59917e-14  -2.70352e-15  -6.52255e-18  -0  
31.1  -1.96489e-17  -8.5426e-19  -3.38346e-14  -2.53911e-15  -6.03963e-18  -0  
31.15  -1.82483e-17  -7.93367e-19  -3.18068e-14  -2.3847e-15  -5.59246e-18  -0  
31.2  -1.69476e-17  -7.36814e-19  -2.99005e-14  -2.23968e-15  -5.1784e-18  -0  
31.25  -1.57396e-17  -6.84293e-19  -2.81085e-14  -2.10349e-15  -4.795e-18  -0  
31.3  -1.46177e-17  -6.35516e-19  -2.64238e-14  -1.97557e-15  -4.43998e-18  -0  
31.35  -1.35758e-17  -5.90215e-19  -2.48402e-14  -1.85543e-15  -4.11125e-18  -0  
31.4  -1.26081e-17  -5.48144e-19  -2.33514e-14  -1.7426e-15  -3.80686e-18  -0  
31.45  -1.17094e-17  -5.09071e-19  -2.19519e-14  -1.63663e-15  -3.525e-18  -0  
31.5  -1.08748e-17  -4.72784e-19  -2.06362e-14  -1.5371e-15  -3.26401e-18  -0  
31.55  -1.00996e-17  -4.39083e-19  -1.93994e-14  -1.44363e-15  -3.02235e-18  -0  
31.6  -9.37975e-18  -4.07785e-19  -1.82367e-14  -1.35584e-15  -2.79858e-18  -0  
31.65  -8.71118e-18  -3.78717e-19  -1.71437e-14  -1.27339e-15  -2.59138e-18  -0  
31.7  -8.09026e-18  -3.51722e-19  -1.61163e-14  -1.19595e-15  -2.39951e-18  -0  
31.75  -7.51359e-18  -3.26651e-19  -1.51504e-14  -1.12322e-15  -2.22186e-18  -0  
31.8  -6.97804e-18  -3.03367e-19  -1.42423e-14  -1.05492e-15  -2.05735e-18  -0  
31.85  -6.48065e-18  -2.81743e-19  -1.33887e-14  -9.90768e-16  -1.90503e-18  -0  
31.9  -6.01872e-18  -2.6166e-19  -1.25863e-14  -9.30518e-16  -1.76398e-18  -0  
31.95  -5.58971e-18  -2.43008e-19  -1.1832e-14  -8.73931e-16  -1.63338e-18  -0  
32  -5.19128e-18  -2.25686e-19  -1.11228e-14  -8.20786e-16  -1.51244e-18  -0  
32.05  -4.82126e-18  -2.09599e-19  -1.04562e-14  -7.70873e-16  -1.40046e-18  -0  
32.1  -4.4776e-18  -1.94659e-19  -9.82953e-15  -7.23995e-16  -1.29678e-18  -0  
32.15  -4.15845e-18  -1.80784e-19  -9.24041e-15  -6.79967e-16  -1.20076e-18  -0  
32.2  -3.86204e-18  -1.67897e-19  -8.6866e-15  -6.38617e-16  -1.11186e-18  -0  
32.25  -3.58676e-18  -1.55929e-19  -8.16598e-15  -5.99782e-16  -1.02954e-18  -0  
32.3  -3.3311e-18  -1.44815e-19  -7.67657e-15  -5.63308e-16  -9.53314e-19  -0  
32.35  -3.09366e-18  -1.34492e-19  -7.21648e-15  -5.29053e-16  -8.82731e-19  -0  
32.4  -2.87315e-18  -1.24905e-19  -6.78397e-15  -4.9688e-16  -8.17375e-19  -0  
32.45  -2.66835e-18  -1.16002e-19  -6.37739e-15  -4.66664e-16  -7.56857e-19  -0  
32.5  -2.47816e-18  -1.07733e-19  -5.99517e-15  -4.38285e-16  -7.0082e-19  -0  
32.55  -2.30152e-18  -1.00054e-19  -5.63585e-15  -4.11633e-16  -6.48932e-19  -0  
32.6  -2.13747e-18  -9.29223e-20  -5.29808e-15  -3.866e-16  -6.00886e-19  -0  
32.65  -1.98511e-18  -8.62988e-20  -4.98055e-15  -3.63091e-16  -5.56397e-19  -0  
32.7  -1.84362e-18  -8.01474e-20  -4.68204e-15  -3.41011e-16  -5.15202e-19  -0  
32.75  -1.71221e-18  -7.44344e-20  -4.40143e-15  -3.20273e-16  -4.77057e-19  -0  
32.8  -1.59016e-18  -6.91287e-20  -4.13764e-15  -3.00797e-16  -4.41736e-19  -0  
32.85  -1.47682e-18  -6.42012e-20  -3.88966e-15  -2.82505e-16  -4.09031e-19  -0  
32.9  -1.37155e-18  -5.96249e-20  -3.65653e-15  -2.65325e-16  -3.78746e-19  -0  
32.95  -1.27379e-18  -5.53749e-20  -3.43739e-15  -2.4919e-16  -3.50705e-19  -0  
33  -1.183e-18  -5.14277e-20  -3.23137e-15  -2.34037e-16  -3.24739e-19  -0  
33.05  -1.09867e-18  -4.7762e-20  -3.0377e-15  -2.19805e-16  -3.00695e-19  -0  
33.1  -1.02036e-18  -4.43575e-20  -2.85564e-15  -2.06438e-16  -2.78432e-19  -0  
33.15  -9.47631e-19  -4.11957e-20  -2.68449e-15  -1.93884e-16  -2.57817e-19  -0  
33.2  -8.80085e-19  -3.82593e-20  -2.5236e-15  -1.82094e-16  -2.38729e-19  -0  
33.25  -8.17354e-19  -3.55321e-20  -2.37235e-15  -1.7102e-16  -2.21054e-19  -0  
33.3  -7.59094e-19  -3.29994e-20  -2.23017e-15  -1.6062e-16  -2.04687e-19  -0  
33.35  -7.04987e-19  -3.06472e-20  -2.09651e-15  -1.50853e-16  -1.89532e-19  -0  
33.4  -6.54736e-19  -2.84627e-20  -1.97086e-15  -1.41679e-16  -1.755e-19  -0  
33.45  -6.08068e-19  -2.64339e-20  -1.85274e-15  -1.33063e-16  -1.62506e-19  -0  
33.5  -5.64725e-19  -2.45497e-20  -1.7417e-15  -1.24972e-16  -1.50474e-19  -0  
33.55  -5.24473e-19  -2.27998e-20  -1.63731e-15  -1.17372e-16  -1.39333e-19  -0  
33.6  -4.87089e-19  -2.11746e-20  -1.53918e-15  -1.10234e-16  -1.29017e-19  -0  
33.65  -4.5237e-19  -1.96653e-20  -1.44693e-15  -1.03531e-16  -1.19465e-19  -0  
33.7  -4.20126e-19  -1.82636e-20  -1.36021e-15  -9.72348e-17  -1.1062e-19  -0  
33.75  -3.9018e-19  -1.69617e-20  -1.27869e-15  -9.13218e-17  -1.0243e-19  -0  
33.8  -3.62368e-19  -1.57527e-20  -1.20205e-15  -8.57684e-17  -9.48457e-20  -0  
33.85  -3.36539e-19  -1.46299e-20  -1.13001e-15  -8.05527e-17  -8.78235e-20  -0  
33.9  -3.12551e-19  -1.35871e-20  -1.06228e-15  -7.56541e-17  -8.13211e-20  -0  
33.95  -2.90273e-19  -1.26186e-20  -9.98618e-16  -7.10535e-17  -7.53002e-20  -0  
34  -2.69582e-19  -1.17191e-20  -9.38768e-16  -6.67326e-17  -6.9725e-20  -0  
34.05  -2.50367e-19  -1.08838e-20  -8.82504e-16  -6.26745e-17  -6.45627e-20  -0  
34.1  -2.32521e-19  -1.0108e-20  -8.29612e-16  -5.88632e-17  -5.97825e-20  -0  
34.15  -2.15947e-19  -9.3875e-21  -7.79891e-16  -5.52836e-17  -5.53563e-20  -0  
34.2  -2.00555e-19  -8.71837e-21  -7.33149e-16  -5.19217e-17  -5.12578e-20  -0  
34.25  -1.8626e-19  -8.09693e-21  -6.89209e-16  -4.87643e-17  -4.74627e-20  -0  
34.3  -1.72983e-19  -7.51978e-21  -6.47902e-16  -4.57988e-17  -4.39486e-20  -0  
34.35  -1.60653e-19  -6.98378e-21  -6.09071e-16  -4.30137e-17  -4.06947e-20  -0  
34.4  -1.49202e-19  -6.48598e-21  -5.72567e-16  -4.0398e-17  -3.76817e-20  -0  
34.45  -1.38567e-19  -6.02366e-21  -5.38251e-16  -3.79413e-17  -3.48918e-20  -0  
34.5  -1.2869e-19  -5.5943e-21  -5.05992e-16  -3.56341e-17  -3.23084e-20  -0  
34.55  -1.19517e-19  -5.19554e-21  -4.75666e-16  -3.34671e-17  -2.99164e-20  -0  
34.6  -1.10998e-19  -4.8252e-21  -4.47158e-16  -3.14319e-17  -2.77014e-20  -0  
34.65  -1.03087e-19  -4.48127e-21  -4.20358e-16  -2.95205e-17  -2.56504e-20  -0  
34.7  -9.57387e-20  -4.16184e-21  -3.95164e-16  -2.77253e-17  -2.37513e-20  -0  
34.75  -8.89145e-20  -3.86519e-21  -3.71481e-16  -2.60393e-17  -2.19928e-20  -0  
34.8  -8.25768e-20  -3.58968e-21  -3.49217e-16  -2.44558e-17  -2.03644e-20  -0  
34.85  -7.66909e-20  -3.33381e-21  -3.28287e-16  -2.29686e-17  -1.88567e-20  -0  
34.9  -7.12244e-20  -3.09618e-21  -3.08612e-16  -2.15718e-17  -1.74605e-20  -0  
34.95  -6.61477e-20  -2.87549e-21  -2.90115e-16  -2.026e-17  -1.61678e-20  -0  
35  -6.14327e-20  -2.67052e-21  -2.72728e-16  -1.9028e-17  -1.49707e-20  -0  
35.05  -5.70539e-20  -2.48017e-21  -2.56382e-16  -1.78708e-17  -1.38623e-20  -0  
35.1  -5.29872e-20  -2.30339e-21  -2.41016e-16  -1.67841e-17  -1.2836e-20  -0  
35.15  -4.92103e-20  -2.1392e-21  -2.26571e-16  -1.57634e-17  -1.18856e-20  -0  
35.2  -4.57027e-20  -1.98672e-21  -2.12992e-16  -1.48048e-17  -1.10056e-20  -0  
35.25  -4.2445e-20  -1.84511e-21  -2.00227e-16  -1.39045e-17  -1.01908e-20  -0  
35.3  -3.94196e-20  -1.71359e-21  -1.88226e-16  -1.3059e-17  -9.43626e-21  -0  
35.35  -3.66098e-20  -1.59145e-21  -1.76945e-16  -1.22648e-17  -8.73761e-21  -0  
35.4  -3.40003e-20  -1.47801e-21  -1.6634e-16  -1.1519e-17  -8.09068e-21  -0  
35.45  -3.15768e-20  -1.37266e-21  -1.56371e-16  -1.08185e-17  -7.49166e-21  -0  
35.5  -2.93261e-20  -1.27482e-21  -1.46999e-16  -1.01606e-17  -6.93698e-21  -0  
35.55  -2.72358e-20  -1.18395e-21  -1.38189e-16  -9.54272e-18  -6.42338e-21  -0  
35.6  -2.52944e-20  -1.09956e-21  -1.29907e-16  -8.96241e-18  -5.9478e-21  -0  
35.65  -2.34915e-20  -1.02118e-21  -1.22121e-16  -8.41739e-18  -5.50743e-21  -0  
35.7  -2.1817e-20  -9.48394e-22  -1.14802e-16  -7.90552e-18  -5.09966e-21  -0  
35.75  -2.02619e-20  -8.80794e-22  -1.07921e-16  -7.42477e-18  -4.72209e-21  -0  
35.8  -1.88177e-20  -8.18012e-22  -1.01453e-16  -6.97326e-18  -4.37247e-21  -0  
35.85  -1.74764e-20  -7.59704e-22  -9.53729e-17  -6.5492e-18  -4.04874e-21  -0  
35.9  -1.62307e-20  -7.05553e-22  -8.96568e-17  -6.15093e-18  -3.74898e-21  -0  
35.95  -1.50738e-20  -6.55262e-22  -8.42834e-17  -5.77689e-18  -3.4714e-21  -0  
36  -1.39994e-20  -6.08556e-22  -7.9232e-17  -5.42558e-18  -3.21439e-21  -0  
36.05  -1.30015e-20  -5.65178e-22  -7.44833e-17  -5.09565e-18  -2.9764e-21  -0  
36.1  -1.20748e-20  -5.24893e-22  -7.00193e-17  -4.78577e-18  -2.75603e-21  -0  
36.15  -1.12141e-20  -4.87479e-22  -6.58228e-17  -4.49474e-18  -2.55197e-21  -0  
36.2  -1.04148e-20  -4.52732e-22  -6.18778e-17  -4.22141e-18  -2.36303e-21  -0  
36.25  -9.67243e-21  -4.20462e-22  -5.81692e-17  -3.9647e-18  -2.18807e-21  -0  
36.3  -8.98299e-21  -3.90492e-22  -5.46829e-17  -3.7236e-18  -2.02607e-21  -0  
36.35  -8.34269e-21  -3.62658e-22  -5.14056e-17  -3.49716e-18  -1.87606e-21  -0  
36.4  -7.74804e-21  -3.36808e-22  -4.83247e-17  -3.28449e-18  -1.73716e-21  -0  
36.45  -7.19577e-21  -3.12801e-22  -4.54284e-17  -3.08476e-18  -1.60854e-21  -0  
36.5  -6.68286e-21  -2.90505e-22  -4.27057e-17  -2.89717e-18  -1.48945e-21  -0  
36.55  -6.20652e-21  -2.69798e-22  -4.01462e-17  -2.72099e-18  -1.37917e-21  -0  
36.6  -5.76412e-21  -2.50567e-22  -3.77401e-17  -2.55552e-18  -1.27706e-21  -0  
36.65  -5.35326e-21  -2.32707e-22  -3.54782e-17  -2.40011e-18  -1.18251e-21  -0  
36.7  -4.97169e-21  -2.1612e-22  -3.33519e-17  -2.25416e-18  -1.09495e-21  -0  
36.75  -4.61732e-21  -2.00715e-22  -3.1353e-17  -2.11708e-18  -1.01389e-21  -0  
36.8  -4.2882e-21  -1.86408e-22  -2.94739e-17  -1.98834e-18  -9.38819e-22  -0  
36.85  -3.98254e-21  -1.73121e-22  -2.77074e-17  -1.86742e-18  -8.6931e-22  -0  
36.9  -3.69867e-21  -1.60781e-22  -2.60468e-17  -1.75386e-18  -8.04947e-22  -0  
36.95  -3.43504e-21  -1.49321e-22  -2.44857e-17  -1.64721e-18  -7.45349e-22  -0  
37  -3.19019e-21  -1.38677e-22  -2.30182e-17  -1.54704e-18  -6.90165e-22  -0  
37.05  -2.9628e-21  -1.28793e-22  -2.16387e-17  -1.45296e-18  -6.39066e-22  -0  
37.1  -2.75161e-21  -1.19612e-22  -2.03418e-17  -1.3646e-18  -5.9175e-22  -0  
37.15  -2.55548e-21  -1.11087e-22  -1.91226e-17  -1.28162e-18  -5.47937e-22  -0  
37.2  -2.37333e-21  -1.03168e-22  -1.79765e-17  -1.20368e-18  -5.07369e-22  -0  
37.25  -2.20416e-21  -9.58147e-23  -1.68991e-17  -1.13048e-18  -4.69804e-22  -0  
37.3  -2.04705e-21  -8.89852e-23  -1.58863e-17  -1.06174e-18  -4.3502e-22  -0  
37.35  -1.90114e-21  -8.26424e-23  -1.49342e-17  -9.97171e-19  -4.02811e-22  -0  
37.4  -1.76563e-21  -7.67517e-23  -1.40391e-17  -9.36532e-19  -3.72988e-22  -0  
37.45  -1.63978e-21  -7.1281e-23  -1.31977e-17  -8.7958e-19  -3.45372e-22  -0  
37.5  -1.5229e-21  -6.62001e-23  -1.24067e-17  -8.26091e-19  -3.19801e-22  -0  
37.55  -1.41435e-21  -6.14815e-23  -1.16632e-17  -7.75855e-19  -2.96123e-22  -0  
37.6  -1.31354e-21  -5.70991e-23  -1.09641e-17  -7.28674e-19  -2.74199e-22  -0  
37.65  -1.21991e-21  -5.30292e-23  -1.0307e-17  -6.84362e-19  -2.53897e-22  -0  
37.7  -1.13295e-21  -4.92493e-23  -9.68928e-18  -6.42745e-19  -2.35099e-22  -0  
37.75  -1.0522e-21  -4.57389e-23  -9.10857e-18  -6.03659e-19  -2.17693e-22  -0  
37.8  -9.772e-22  -4.24787e-23  -8.56266e-18  -5.66949e-19  -2.01575e-22  -0  
37.85  -9.07546e-22  -3.94508e-23  -8.04947e-18  -5.32472e-19  -1.8665e-22  -0  
37.9  -8.42858e-22  -3.66388e-23  -7.56704e-18  -5.00092e-19  -1.72831e-22  -0  
37.95  -7.8278e-22  -3.40273e-23  -7.11352e-18  -4.6968e-19  -1.60035e-22  -0  
38  -7.26984e-22  -3.16018e-23  -6.68718e-18  -4.41118e-19  -1.48186e-22  -0  
38.05  -6.75166e-22  -2.93493e-23  -6.28639e-18  -4.14293e-19  -1.37215e-22  -0  
38.1  -6.27041e-22  -2.72573e-23  -5.90963e-18  -3.89099e-19  -1.27055e-22  -0  
38.15  -5.82346e-22  -2.53144e-23  -5.55544e-18  -3.65438e-19  -1.17648e-22  -0  
38.2  -5.40837e-22  -2.35101e-23  -5.22248e-18  -3.43215e-19  -1.08938e-22  -0  
38.25  -5.02287e-22  -2.18343e-23  -4.90948e-18  -3.22343e-19  -1.00872e-22  -0  
38.3  -4.66485e-22  -2.0278e-23  -4.61524e-18  -3.02741e-19  -9.34036e-23  -0  
38.35  -4.33234e-22  -1.88326e-23  -4.33863e-18  -2.84331e-19  -8.64881e-23  -0  
38.4  -4.02354e-22  -1.74902e-23  -4.0786e-18  -2.6704e-19  -8.00846e-23  -0  
38.45  -3.73675e-22  -1.62435e-23  -3.83416e-18  -2.50801e-19  -7.41552e-23  -0  
38.5  -3.4704e-22  -1.50857e-23  -3.60436e-18  -2.3555e-19  -6.86649e-23  -0  
38.55  -3.22303e-22  -1.40104e-23  -3.38834e-18  -2.21225e-19  -6.3581e-23  -0  
38.6  -2.9933e-22  -1.30118e-23  -3.18527e-18  -2.07772e-19  -5.88735e-23  -0  
38.65  -2.77994e-22  -1.20843e-23  -2.99436e-18  -1.95137e-19  -5.45146e-23  -0  
38.7  -2.58179e-22  -1.1223e-23  -2.8149e-18  -1.83271e-19  -5.04784e-23  -0  
38.75  -2.39776e-22  -1.0423e-23  -2.64619e-18  -1.72126e-19  -4.6741e-23  -0  
38.8  -2.22685e-22  -9.68006e-24  -2.4876e-18  -1.61658e-19  -4.32804e-23  -0  
38.85  -2.06813e-22  -8.99007e-24  -2.33851e-18  -1.51828e-19  -4.00759e-23  -0  
38.9  -1.92071e-22  -8.34927e-24  -2.19835e-18  -1.42595e-19  -3.71088e-23  -0  
38.95  -1.78381e-22  -7.75415e-24  -2.0666e-18  -1.33923e-19  -3.43613e-23  -0  
39  -1.65666e-22  -7.20144e-24  -1.94274e-18  -1.25779e-19  -3.18172e-23  -0  
39.05  -1.53858e-22  -6.68813e-24  -1.8263e-18  -1.18131e-19  -2.94615e-23  -0  
39.1  -1.42891e-22  -6.21141e-24  -1.71685e-18  -1.10947e-19  -2.72802e-23  -0  
39.15  -1.32706e-22  -5.76867e-24  -1.61395e-18  -1.042e-19  -2.52604e-23  -0  
39.2  -1.23247e-22  -5.35748e-24  -1.51722e-18  -9.78634e-20  -2.33901e-23  -0  
39.25  -1.14462e-22  -4.97561e-24  -1.42629e-18  -9.19122e-20  -2.16584e-23  -0  
39.3  -1.06303e-22  -4.62095e-24  -1.3408e-18  -8.63228e-20  -2.00548e-23  -0  
39.35  -9.87259e-23  -4.29158e-24  -1.26045e-18  -8.10734e-20  -1.857e-23  -0  
39.4  -9.16889e-23  -3.98568e-24  -1.1849e-18  -7.61432e-20  -1.71951e-23  -0  
39.45  -8.51534e-23  -3.70158e-24  -1.11389e-18  -7.15128e-20  -1.5922e-23  -0  
39.5  -7.90838e-23  -3.43774e-24  -1.04713e-18  -6.7164e-20  -1.47431e-23  -0  
39.55  -7.34468e-23  -3.1927e-24  -9.8437e-19  -6.30796e-20  -1.36516e-23  -0  
39.6  -6.82116e-23  -2.96513e-24  -9.25373e-19  -5.92437e-20  -1.26408e-23  -0  
39.65  -6.33496e-23  -2.75378e-24  -8.69912e-19  -5.5641e-20  -1.17049e-23  -0  
39.7  -5.88341e-23  -2.55749e-24  -8.17775e-19  -5.22573e-20  -1.08383e-23  -0  
39.75  -5.46405e-23  -2.3752e-24  -7.68763e-19  -4.90795e-20  -1.00358e-23  -0  
39.8  -5.07458e-23  -2.2059e-24  -7.22688e-19  -4.60949e-20  -9.29278e-24  -0  
39.85  -4.71287e-23  -2.04866e-24  -6.79375e-19  -4.32918e-20  -8.60475e-24  -0  
39.9  -4.37694e-23  -1.90264e-24  -6.38658e-19  -4.06591e-20  -7.96767e-24  -0  
39.95  -4.06496e-23  -1.76702e-24  -6.00381e-19  -3.81866e-20  -7.37775e-24  -0  
40  -3.77522e-23  -1.64107e-24  -5.64398e-19  -3.58644e-20  -6.83151e-24  -0  
40.05  -3.50612e-23  -1.5241e-24  -5.30572e-19  -3.36834e-20  -6.32571e-24  -0  
40.1  -3.25621e-23  -1.41546e-24  -4.98773e-19  -3.16351e-20  -5.85736e-24  -0  
40.15  -3.02411e-23  -1.31457e-24  -4.68879e-19  -2.97113e-20  -5.42369e-24  -0  
40.2  -2.80856e-23  -1.22087e-24  -4.40778e-19  -2.79045e-20  -5.02212e-24  -0  
40.25  -2.60837e-23  -1.13385e-24  -4.1436e-19  -2.62076e-20  -4.65029e-24  -0  
40.3  -2.42245e-23  -1.05303e-24  -3.89526e-19  -2.46139e-20  -4.30599e-24  -0  
40.35  -2.24978e-23  -9.77968e-25  -3.66181e-19  -2.31171e-20  -3.98718e-24  -0  
40.4  -2.08942e-23  -9.08259e-25  -3.44234e-19  -2.17113e-20  -3.69197e-24  -0  
40.45  -1.94049e-23  -8.4352e-25  -3.23603e-19  -2.0391e-20  -3.41862e-24  -0  
40.5  -1.80217e-23  -7.83395e-25  -3.04208e-19  -1.9151e-20  -3.16551e-24  -0  
40.55  -1.67371e-23  -7.27555e-25  -2.85976e-19  -1.79864e-20  -2.93114e-24  -0  
40.6  -1.55441e-23  -6.75696e-25  -2.68836e-19  -1.68926e-20  -2.71412e-24  -0  
40.65  -1.44362e-23  -6.27533e-25  -2.52724e-19  -1.58653e-20  -2.51317e-24  -0  
40.7  -1.34072e-23  -5.82804e-25  -2.37577e-19  -1.49005e-20  -2.3271e-24  -0  
40.75  -1.24515e-23  -5.41262e-25  -2.23339e-19  -1.39944e-20  -2.1548e-24  -0  
40.8  -1.1564e-23  -5.02682e-25  -2.09953e-19  -1.31434e-20  -1.99526e-24  -0  
40.85  -1.07397e-23  -4.66851e-25  -1.9737e-19  -1.23441e-20  -1.84754e-24  -0  
40.9  -9.97423e-24  -4.33575e-25  -1.85541e-19  -1.15934e-20  -1.71075e-24  -0  
40.95  -9.26328e-24  -4.0267e-25  -1.74421e-19  -1.08884e-20  -1.58409e-24  -0  
41  -8.603e-24  -3.73968e-25  -1.63967e-19  -1.02263e-20  -1.4668e-24  -0  
41.05  -7.98979e-24  -3.47312e-25  -1.5414e-19  -9.60441e-21  -1.3582e-24  -0  
41.1  -7.42029e-24  -3.22556e-25  -1.44902e-19  -9.02035e-21  -1.25764e-24  -0  
41.15  -6.89138e-24  -2.99565e-25  -1.36217e-19  -8.47181e-21  -1.16453e-24  -0  
41.2  -6.40017e-24  -2.78212e-25  -1.28053e-19  -7.95662e-21  -1.07831e-24  -0  
41.25  -5.94398e-24  -2.58382e-25  -1.20379e-19  -7.47277e-21  -9.9847e-25  -0  
41.3  -5.5203e-24  -2.39965e-25  -1.13164e-19  -7.01834e-21  -9.24544e-25  -0  
41.35  -5.12682e-24  -2.2286e-25  -1.06382e-19  -6.59154e-21  -8.56092e-25  -0  
41.4  -4.76139e-24  -2.06975e-25  -1.00006e-19  -6.1907e-21  -7.92708e-25  -0  
41.45  -4.422e-24  -1.92222e-25  -9.40121e-20  -5.81423e-21  -7.34016e-25  -0  
41.5  -4.10681e-24  -1.78521e-25  -8.83776e-20  -5.46066e-21  -6.79671e-25  -0  
41.55  -3.81408e-24  -1.65796e-25  -8.30808e-20  -5.12859e-21  -6.29349e-25  -0  
41.6  -3.54222e-24  -1.53978e-25  -7.81015e-20  -4.81671e-21  -5.82752e-25  -0  
41.65  -3.28973e-24  -1.43003e-25  -7.34206e-20  -4.5238e-21  -5.39606e-25  -0  
41.7  -3.05524e-24  -1.3281e-25  -6.90202e-20  -4.2487e-21  -4.99654e-25  -0  
41.75  -2.83747e-24  -1.23343e-25  -6.48836e-20  -3.99033e-21  -4.6266e-25  -0  
41.8  -2.63522e-24  -1.14552e-25  -6.09949e-20  -3.74767e-21  -4.28405e-25  -0  
41.85  -2.44738e-24  -1.06386e-25  -5.73393e-20  -3.51977e-21  -3.96687e-25  -0  
41.9  -2.27294e-24  -9.88034e-26  -5.39027e-20  -3.30573e-21  -3.67316e-25  -0  
41.95  -2.11093e-24  -9.17608e-26  -5.06721e-20  -3.1047e-21  -3.40121e-25  -0  
42  -1.96046e-24  -8.52202e-26  -4.76352e-20  -2.9159e-21  -3.14939e-25  -0  
42.05  -1.82072e-24  -7.91458e-26  -4.47802e-20  -2.73858e-21  -2.91621e-25  -0  
42.1  -1.69094e-24  -7.35044e-26  -4.20964e-20  -2.57204e-21  -2.7003e-25  -0  
42.15  -1.57042e-24  -6.82651e-26  -3.95734e-20  -2.41563e-21  -2.50037e-25  -0  
42.2  -1.45848e-24  -6.33993e-26  -3.72016e-20  -2.26873e-21  -2.31524e-25  -0  
42.25  -1.35452e-24  -5.88803e-26  -3.4972e-20  -2.13077e-21  -2.14383e-25  -0  
42.3  -1.25797e-24  -5.46834e-26  -3.2876e-20  -2.00119e-21  -1.9851e-25  -0  
42.35  -1.16831e-24  -5.07856e-26  -3.09056e-20  -1.8795e-21  -1.83812e-25  -0  
42.4  -1.08503e-24  -4.71657e-26  -2.90534e-20  -1.7652e-21  -1.70203e-25  -0  
42.45  -1.00769e-24  -4.38038e-26  -2.73121e-20  -1.65786e-21  -1.57602e-25  -0  
42.5  -9.35864e-25  -4.06815e-26  -2.56752e-20  -1.55704e-21  -1.45933e-25  -0  
42.55  -8.69157e-25  -3.77818e-26  -2.41364e-20  -1.46235e-21  -1.35128e-25  -0  
42.6  -8.07204e-25  -3.50887e-26  -2.26898e-20  -1.37342e-21  -1.25123e-25  -0  
42.65  -7.49668e-25  -3.25876e-26  -2.13299e-20  -1.2899e-21  -1.15859e-25  -0  
42.7  -6.96233e-25  -3.02648e-26  -2.00515e-20  -1.21146e-21  -1.07281e-25  -0  
42.75  -6.46606e-25  -2.81076e-26  -1.88498e-20  -1.13779e-21  -9.93383e-26  -0  
42.8  -6.00517e-25  -2.61041e-26  -1.772e-20  -1.0686e-21  -9.19834e-26  -0  
42.85  -5.57713e-25  -2.42435e-26  -1.6658e-20  -1.00362e-21  -8.51731e-26  -0  
42.9  -5.1796e-25  -2.25154e-26  -1.56596e-20  -9.42586e-22  -7.8867e-26  -0  
42.95  -4.8104e-25  -2.09105e-26  -1.47211e-20  -8.85266e-22  -7.30277e-26  -0  
43  -4.46752e-25  -1.94201e-26  -1.38388e-20  -8.31432e-22  -6.76208e-26  -0  
43.05  -4.14908e-25  -1.80358e-26  -1.30094e-20  -7.80871e-22  -6.26143e-26  -0  
43.1  -3.85334e-25  -1.67503e-26  -1.22297e-20  -7.33385e-22  -5.79784e-26  -0  
43.15  -3.57868e-25  -1.55563e-26  -1.14967e-20  -6.88787e-22  -5.36857e-26  -0  
43.2  -3.3236e-25  -1.44475e-26  -1.08077e-20  -6.469e-22  -4.97109e-26  -0  
43.25  -3.0867e-25  -1.34177e-26  -1.016e-20  -6.07561e-22  -4.60303e-26  -0  
43.3  -2.86668e-25  -1.24613e-26  -9.55103e-21  -5.70615e-22  -4.26223e-26  -0  
43.35  -2.66235e-25  -1.15731e-26  -8.97861e-21  -5.35915e-22  -3.94666e-26  -0  
43.4  -2.47258e-25  -1.07482e-26  -8.44049e-21  -5.03325e-22  -3.65445e-26  -0  
43.45  -2.29634e-25  -9.98204e-27  -7.93462e-21  -4.72717e-22  -3.38388e-26  -0  
43.5  -2.13266e-25  -9.27054e-27  -7.45907e-21  -4.4397e-22  -3.13334e-26  -0  
43.55  -1.98064e-25  -8.60975e-27  -7.01202e-21  -4.16972e-22  -2.90135e-26  -0  
43.6  -1.83947e-25  -7.99605e-27  -6.59177e-21  -3.91615e-22  -2.68654e-26  -0  
43.65  -1.70835e-25  -7.42611e-27  -6.1967e-21  -3.678e-22  -2.48763e-26  -0  
43.7  -1.58658e-25  -6.89678e-27  -5.82531e-21  -3.45434e-22  -2.30345e-26  -0  
43.75  -1.47349e-25  -6.40519e-27  -5.47618e-21  -3.24427e-22  -2.1329e-26  -0  
43.8  -1.36846e-25  -5.94864e-27  -5.14797e-21  -3.04698e-22  -1.97499e-26  -0  
43.85  -1.27092e-25  -5.52462e-27  -4.83943e-21  -2.86169e-22  -1.82876e-26  -0  
43.9  -1.18033e-25  -5.13084e-27  -4.54939e-21  -2.68767e-22  -1.69336e-26  -0  
43.95  -1.0962e-25  -4.76512e-27  -4.27673e-21  -2.52423e-22  -1.56799e-26  -0  
44  -1.01806e-25  -4.42547e-27  -4.02041e-21  -2.37072e-22  -1.45189e-26  -0  
44.05  -9.45498e-26  -4.11002e-27  -3.77945e-21  -2.22656e-22  -1.3444e-26  -0  
44.1  -8.78104e-26  -3.81707e-27  -3.55294e-21  -2.09116e-22  -1.24486e-26  -0  
44.15  -8.15514e-26  -3.54499e-27  -3.34e-21  -1.96399e-22  -1.15269e-26  -0  
44.2  -7.57385e-26  -3.29231e-27  -3.13982e-21  -1.84456e-22  -1.06735e-26  -0  
44.25  -7.034e-26  -3.05764e-27  -2.95164e-21  -1.73238e-22  -9.88323e-27  -0  
44.3  -6.53262e-26  -2.83969e-27  -2.77474e-21  -1.62704e-22  -9.15148e-27  -0  
44.35  -6.06699e-26  -2.63728e-27  -2.60844e-21  -1.52809e-22  -8.47392e-27  -0  
44.4  -5.63454e-26  -2.4493e-27  -2.4521e-21  -1.43517e-22  -7.84652e-27  -0  
44.45  -5.23292e-26  -2.27472e-27  -2.30514e-21  -1.34789e-22  -7.26557e-27  -0  
44.5  -4.85992e-26  -2.11258e-27  -2.16698e-21  -1.26592e-22  -6.72764e-27  -0  
44.55  -4.51351e-26  -1.962e-27  -2.03711e-21  -1.18894e-22  -6.22953e-27  -0  
44.6  -4.1918e-26  -1.82215e-27  -1.91502e-21  -1.11664e-22  -5.7683e-27  -0  
44.65  -3.89301e-26  -1.69227e-27  -1.80024e-21  -1.04874e-22  -5.34122e-27  -0  
44.7  -3.61552e-26  -1.57165e-27  -1.69235e-21  -9.84961e-23  -4.94576e-27  -0  
44.75  -3.35781e-26  -1.45962e-27  -1.59092e-21  -9.25063e-23  -4.57959e-27  -0  
44.8  -3.11847e-26  -1.35558e-27  -1.49557e-21  -8.68809e-23  -4.24052e-27  -0  
44.85  -2.89619e-26  -1.25896e-27  -1.40594e-21  -8.15975e-23  -3.92655e-27  -0  
44.9  -2.68975e-26  -1.16922e-27  -1.32167e-21  -7.66354e-23  -3.63584e-27  -0  
44.95  -2.49803e-26  -1.08588e-27  -1.24246e-21  -7.19751e-23  -3.36664e-27  -0  
45  -2.31998e-26  -1.00848e-27  -1.168e-21  -6.75982e-23  -3.11738e-27  -0  
45.05  -2.15461e-26  -9.36597e-28  -1.09799e-21  -6.34874e-23  -2.88657e-27  -0  
45.1  -2.00103e-26  -8.69838e-28  -1.03219e-21  -5.96267e-23  -2.67285e-27  -0  
45.15  -1.8584e-26  -8.07837e-28  -9.70325e-22  -5.60007e-23  -2.47496e-27  -0  
45.2  -1.72594e-26  -7.50255e-28  -9.1217e-22  -5.25952e-23  -2.29172e-27  -0  
45.25  -1.60292e-26  -6.96778e-28  -8.575e-22  -4.93968e-23  -2.12204e-27  -0  
45.3  -1.48866e-26  -6.47113e-28  -8.06107e-22  -4.63929e-23  -1.96493e-27  -0  
45.35  -1.38255e-26  -6.00987e-28  -7.57794e-22  -4.35717e-23  -1.81944e-27  -0  
45.4  -1.28401e-26  -5.5815e-28  -7.12377e-22  -4.0922e-23  -1.68474e-27  -0  
45.45  -1.19248e-26  -5.18365e-28  -6.69682e-22  -3.84335e-23  -1.56e-27  -0  
45.5  -1.10748e-26  -4.81417e-28  -6.29545e-22  -3.60963e-23  -1.4445e-27  -0  
45.55  -1.02854e-26  -4.47102e-28  -5.91815e-22  -3.39012e-23  -1.33755e-27  -0  
45.6  -9.55231e-27  -4.15233e-28  -5.56345e-22  -3.18396e-23  -1.23852e-27  -0  
45.65  -8.87144e-27  -3.85636e-28  -5.23001e-22  -2.99034e-23  -1.14682e-27  -0  
45.7  -8.23909e-27  -3.58148e-28  -4.91656e-22  -2.80849e-23  -1.06191e-27  -0  
45.75  -7.65182e-27  -3.3262e-28  -4.62189e-22  -2.6377e-23  -9.83288e-28  -0  
45.8  -7.10641e-27  -3.08911e-28  -4.34489e-22  -2.4773e-23  -9.10487e-28  -0  
45.85  -6.59987e-27  -2.86893e-28  -4.08448e-22  -2.32665e-23  -8.43075e-28  -0  
45.9  -6.12944e-27  -2.66443e-28  -3.83968e-22  -2.18516e-23  -7.80655e-28  -0  
45.95  -5.69255e-27  -2.47452e-28  -3.60956e-22  -2.05228e-23  -7.22856e-28  -0  
46  -5.28679e-27  -2.29814e-28  -3.39323e-22  -1.92748e-23  -6.69336e-28  -0  
46.05  -4.90995e-27  -2.13433e-28  -3.18986e-22  -1.81026e-23  -6.19779e-28  -0  
46.1  -4.55998e-27  -1.9822e-28  -2.99868e-22  -1.70018e-23  -5.73892e-28  -0  
46.15  -4.23495e-27  -1.84091e-28  -2.81896e-22  -1.59679e-23  -5.31401e-28  -0  
46.2  -3.93309e-27  -1.70969e-28  -2.65001e-22  -1.49969e-23  -4.92057e-28  -0  
46.25  -3.65274e-27  -1.58783e-28  -2.49118e-22  -1.40849e-23  -4.55626e-28  -0  
46.3  -3.39238e-27  -1.47465e-28  -2.34188e-22  -1.32284e-23  -4.21892e-28  -0  
46.35  -3.15058e-27  -1.36954e-28  -2.20152e-22  -1.24239e-23  -3.90655e-28  -0  
46.4  -2.92601e-27  -1.27192e-28  -2.06958e-22  -1.16684e-23  -3.61731e-28  -0  
46.45  -2.71744e-27  -1.18126e-28  -1.94554e-22  -1.09588e-23  -3.34949e-28  -0  
46.5  -2.52375e-27  -1.09706e-28  -1.82894e-22  -1.02924e-23  -3.1015e-28  -0  
46.55  -2.34386e-27  -1.01886e-28  -1.71932e-22  -9.6665e-24  -2.87187e-28  -0  
46.6  -2.17679e-27  -9.46238e-29  -1.61628e-22  -9.07866e-24  -2.65924e-28  -0  
46.65  -2.02163e-27  -8.78792e-29  -1.51941e-22  -8.52658e-24  -2.46235e-28  -0  
46.7  -1.87753e-27  -8.16153e-29  -1.42834e-22  -8.00806e-24  -2.28004e-28  -0  
46.75  -1.74371e-27  -7.57978e-29  -1.34274e-22  -7.52108e-24  -2.11123e-28  -0  
46.8  -1.61942e-27  -7.03951e-29  -1.26226e-22  -7.06371e-24  -1.95492e-28  -0  
46.85  -1.50399e-27  -6.53774e-29  -1.18661e-22  -6.63415e-24  -1.81018e-28  -0  
46.9  -1.39678e-27  -6.07174e-29  -1.11549e-22  -6.23072e-24  -1.67615e-28  -0  
46.95  -1.29722e-27  -5.63895e-29  -1.04864e-22  -5.85182e-24  -1.55205e-28  -0  
47  -1.20476e-27  -5.23702e-29  -9.85789e-23  -5.49596e-24  -1.43714e-28  -0  
47.05  -1.11889e-27  -4.86373e-29  -9.26707e-23  -5.16174e-24  -1.33074e-28  -0  
47.1  -1.03913e-27  -4.51705e-29  -8.71166e-23  -4.84785e-24  -1.23221e-28  -0  
47.15  -9.65065e-28  -4.19508e-29  -8.18954e-23  -4.55304e-24  -1.14098e-28  -0  
47.2  -8.96276e-28  -3.89606e-29  -7.69871e-23  -4.27617e-24  -1.0565e-28  -0  
47.25  -8.32391e-28  -3.61835e-29  -7.2373e-23  -4.01613e-24  -9.78279e-29  -0  
47.3  -7.73059e-28  -3.36044e-29  -6.80355e-23  -3.7719e-24  -9.05848e-29  -0  
47.35  -7.17957e-28  -3.12091e-29  -6.39578e-23  -3.54252e-24  -8.3878e-29  -0  
47.4  -6.66782e-28  -2.89846e-29  -6.01246e-23  -3.3271e-24  -7.76678e-29  -0  
47.45  -6.19254e-28  -2.69186e-29  -5.65211e-23  -3.12477e-24  -7.19174e-29  -0  
47.5  -5.75115e-28  -2.49999e-29  -5.31336e-23  -2.93475e-24  -6.65927e-29  -0  
47.55  -5.34121e-28  -2.32179e-29  -4.99491e-23  -2.75628e-24  -6.16622e-29  -0  
47.6  -4.9605e-28  -2.1563e-29  -4.69555e-23  -2.58867e-24  -5.70968e-29  -0  
47.65  -4.60692e-28  -2.0026e-29  -4.41413e-23  -2.43125e-24  -5.28694e-29  -0  
47.7  -4.27855e-28  -1.85986e-29  -4.14958e-23  -2.2834e-24  -4.8955e-29  -0  
47.75  -3.97358e-28  -1.72729e-29  -3.90088e-23  -2.14454e-24  -4.53305e-29  -0  
47.8  -3.69035e-28  -1.60417e-29  -3.66708e-23  -2.01413e-24  -4.19742e-29  -0  
47.85  -3.4273e-28  -1.48983e-29  -3.4473e-23  -1.89165e-24  -3.88665e-29  -0  
47.9  -3.18301e-28  -1.38363e-29  -3.24069e-23  -1.77661e-24  -3.59889e-29  -0  
47.95  -2.95613e-28  -1.28501e-29  -3.04647e-23  -1.66857e-24  -3.33243e-29  -0  
48  -2.74542e-28  -1.19342e-29  -2.86388e-23  -1.5671e-24  -3.0857e-29  -0  
48.05  -2.54973e-28  -1.10835e-29  -2.69224e-23  -1.47181e-24  -2.85724e-29  -0  
48.1  -2.36799e-28  -1.02935e-29  -2.53088e-23  -1.3823e-24  -2.64569e-29  -0  
48.15  -2.1992e-28  -9.55979e-30  -2.3792e-23  -1.29824e-24  -2.44981e-29  -0  
48.2  -2.04244e-28  -8.87838e-30  -2.23661e-23  -1.2193e-24  -2.26843e-29  -0  
48.25  -1.89686e-28  -8.24554e-30  -2.10256e-23  -1.14515e-24  -2.10047e-29  -0  
48.3  -1.76166e-28  -7.65781e-30  -1.97654e-23  -1.07551e-24  -1.94496e-29  -0  
48.35  -1.63609e-28  -7.11197e-30  -1.85808e-23  -1.01011e-24  -1.80095e-29  -0  
48.4  -1.51947e-28  -6.60504e-30  -1.74672e-23  -9.4868e-25  -1.66761e-29  -0  
48.45  -1.41116e-28  -6.13424e-30  -1.64203e-23  -8.90989e-25  -1.54415e-29  -0  
48.5  -1.31058e-28  -5.697e-30  -1.54362e-23  -8.36807e-25  -1.42982e-29  -0  
48.55  -1.21716e-28  -5.29093e-30  -1.45111e-23  -7.85919e-25  -1.32396e-29  -0  
48.6  -1.1304e-28  -4.9138e-30  -1.36414e-23  -7.38126e-25  -1.22593e-29  -0  
48.65  -1.04983e-28  -4.56355e-30  -1.28238e-23  -6.93239e-25  -1.13517e-29  -0  
48.7  -9.75e-29  -4.23827e-30  -1.20552e-23  -6.51082e-25  -1.05112e-29  -0  
48.75  -9.05503e-29  -3.93617e-30  -1.13327e-23  -6.11489e-25  -9.73296e-30  -0  
48.8  -8.4096e-29  -3.6556e-30  -1.06535e-23  -5.74303e-25  -9.01234e-30  -0  
48.85  -7.81017e-29  -3.39504e-30  -1.0015e-23  -5.39379e-25  -8.34507e-30  -0  
48.9  -7.25348e-29  -3.15304e-30  -9.41476e-24  -5.06579e-25  -7.72721e-30  -0  
48.95  -6.73646e-29  -2.9283e-30  -8.8505e-24  -4.75773e-25  -7.1551e-30  -0  
49  -6.25629e-29  -2.71957e-30  -8.32006e-24  -4.4684e-25  -6.62534e-30  -0  
49.05  -5.81035e-29  -2.52572e-30  -7.82141e-24  -4.19667e-25  -6.13481e-30  -0  
49.1  -5.3962e-29  -2.34569e-30  -7.35264e-24  -3.94147e-25  -5.6806e-30  -0  
49.15  -5.01156e-29  -2.1785e-30  -6.91197e-24  -3.70178e-25  -5.26001e-30  -0  
49.2  -4.65435e-29  -2.02322e-30  -6.49771e-24  -3.47667e-25  -4.87056e-30  -0  
49.25  -4.32259e-29  -1.879e-30  -6.10828e-24  -3.26525e-25  -4.50995e-30  -0  
49.3  -4.01448e-29  -1.74507e-30  -5.74219e-24  -3.06668e-25  -4.17604e-30  -0  
49.35  -3.72834e-29  -1.62068e-30  -5.39804e-24  -2.88019e-25  -3.86685e-30  -0  
49.4  -3.46258e-29  -1.50516e-30  -5.07452e-24  -2.70504e-25  -3.58055e-30  -0  
49.45  -3.21578e-29  -1.39788e-30  -4.77038e-24  -2.54054e-25  -3.31545e-30  -0  
49.5  -2.98656e-29  -1.29824e-30  -4.48448e-24  -2.38605e-25  -3.06998e-30  -0  
49.55  -2.77368e-29  -1.2057e-30  -4.21571e-24  -2.24095e-25  -2.84268e-30  -0  
49.6  -2.57598e-29  -1.11976e-30  -3.96305e-24  -2.10467e-25  -2.63221e-30  -0  
49.65  -2.39237e-29  -1.03995e-30  -3.72553e-24  -1.97669e-25  -2.43733e-30  -0  
49.7  -2.22184e-29  -9.65821e-31  -3.50224e-24  -1.85648e-25  -2.25687e-30  -0  
49.75  -2.06347e-29  -8.96978e-31  -3.29234e-24  -1.74358e-25  -2.08977e-30  -0  
49.8  -1.91639e-29  -8.33043e-31  -3.09502e-24  -1.63755e-25  -1.93505e-30  -0  
49.85  -1.77979e-29  -7.73665e-31  -2.90952e-24  -1.53797e-25  -1.79178e-30  -0  
49.9  -1.65293e-29  -7.18519e-31  -2.73515e-24  -1.44445e-25  -1.65912e-30  -0  
49.95  -1.53511e-29  -6.67304e-31  -2.57122e-24  -1.35661e-25  -1.53628e-30  -0  
50  -1.42569e-29  -6.19739e-31  -2.41712e-24  -1.27411e-25  -1.42254e-30  -0  
