0.9 1.58129e+07
1.8 988428
2.7 195285
3.6 61807.2
4.5 25325.6
5.4 12218.9
6.3 6598.98
7.2 3870.59
8.1 2418.08
9 1587.74
9.9 1085.39
10.8 767.081
11.7 557.493
12.6 414.938
13.5 315.245
14.4 243.831
15.3 191.585
16.2 152.649
17.1 123.149
18 100.467
18.9 82.7942
19.8 68.8582
20.7 57.7484
21.6 48.8032
22.5 41.5346
23.4 35.5787
24.3 30.6604
25.2 26.5697
26.1 23.1445
27 20.2587
27.9 17.8133
28.8 15.7297
29.7 13.9454
30.6 12.41
31.5 11.0829
32.4 9.93097
33.3 8.927
34.2 8.0487
35.1 7.27755
36 6.59817
36.9 5.9977
37.8 5.46532
38.7 4.99193
39.6 4.56981
40.5 4.19238
41.4 3.85406
42.3 3.55005
43.2 3.27623
44.1 3.02903
45 2.8054
45.9 2.60266
46.8 2.41849
47.7 2.25087
48.6 2.09804
49.5 1.95843
50.4 1.83069
51.3 1.71361
52.2 1.60614
53.1 1.50732
54 1.41633
54.9 1.33243
55.8 1.25496
56.7 1.18332
57.6 1.117
58.5 1.05551
59.4 0.998443
60.3 0.945408
61.2 0.896067
62.1 0.85011
63 0.807258
63.9 0.76726
64.8 0.729886
65.7 0.69493
66.6 0.662203
67.5 0.631535
68.4 0.602768
69.3 0.575761
70.2 0.550384
71.1 0.526518
72 0.504055
72.9 0.482895
73.8 0.462947
74.7 0.444127
75.6 0.426358
76.5 0.409569
77.4 0.393694
78.3 0.378673
79.2 0.364451
80.1 0.350976
81 0.338201
81.9 0.326082
82.8 0.314577
83.7 0.30365
84.6 0.293265
85.5 0.283389
86.4 0.273993
87.3 0.265048
88.2 0.256527
89.1 0.248407
