0 -16.1722
0.0266667 -55.6468
0.0533333 -39.5079
0.08 -32.633
0.106667 -29.0542
0.133333 -26.905
0.16 -25.4844
0.186667 -24.4821
0.213333 -23.742
0.24 -23.1772
0.266667 -22.7356
0.293333 -22.3839
0.32 -22.1001
0.346667 -21.8688
0.373333 -21.6792
0.4 -21.5232
0.426667 -21.3948
0.453333 -21.2896
0.48 -21.2039
0.506667 -21.1349
0.533333 -21.0805
0.56 -21.0388
0.586667 -21.0084
0.613333 -20.988
0.64 -20.9767
0.666667 -20.9737
0.693333 -20.9782
0.72 -20.9897
0.746667 -21.0077
0.773333 -21.0318
0.8 -21.0615
0.826667 -21.0967
0.853333 -21.137
0.88 -21.1822
0.906667 -21.2322
0.933333 -21.2867
0.96 -21.3456
0.986667 -21.4089
1.01333 -21.4763
1.04 -21.5479
1.06667 -21.6235
1.09333 -21.703
1.12 -21.7865
1.14667 -21.8739
1.17333 -21.9651
1.2 -22.06
1.22667 -22.1588
1.25333 -22.2614
1.28 -22.3676
1.30667 -22.4776
1.33333 -22.5913
1.36 -22.7087
1.38667 -22.8298
1.41333 -22.9546
1.44 -23.0831
1.46667 -23.2152
1.49333 -23.351
1.52 -23.4904
1.54667 -23.6335
1.57333 -23.7801
1.6 -23.9304
1.62667 -24.0842
1.65333 -24.2415
1.68 -24.4023
1.70667 -24.5666
1.73333 -24.7342
1.76 -24.9052
1.78667 -25.0795
1.81333 -25.257
1.84 -25.4377
1.86667 -25.6214
1.89333 -25.808
1.92 -25.9975
1.94667 -26.1896
1.97333 -26.3844
2 -26.5816
2.02667 -26.781
2.05333 -26.9826
2.08 -27.186
2.10667 -27.3911
2.13333 -27.5977
2.16 -27.8056
2.18667 -28.0144
2.21333 -28.2239
2.24 -28.4338
2.26667 -28.6438
2.29333 -28.8536
2.32 -29.0628
2.34667 -29.2711
2.37333 -29.478
2.4 -29.6831
2.42667 -29.8861
2.45333 -30.0864
2.48 -30.2836
2.50667 -30.4773
2.53333 -30.6668
2.56 -30.8518
2.58667 -31.0316
2.61333 -31.2058
2.64 -31.3736
2.66667 -31.5347
2.69333 -31.6883
2.72 -31.8339
2.74667 -31.9709
2.77333 -32.0986
2.8 -32.2165
2.82667 -32.324
2.85333 -32.4204
2.88 -32.5052
2.90667 -32.5777
2.93333 -32.6374
2.96 -32.6837
2.98667 -32.7161
3.01333 -32.734
3.04 -32.7369
3.06667 -32.7244
3.09333 -32.696
3.12 -32.6513
3.14667 -32.5899
3.17333 -32.5115
3.2 -32.4157
3.22667 -32.3025
3.25333 -32.1714
3.28 -32.0225
3.30667 -31.8555
3.33333 -31.6705
3.36 -31.4674
3.38667 -31.2462
3.41333 -31.0072
3.44 -30.7504
3.46667 -30.4761
3.49333 -30.1846
3.52 -29.8762
3.54667 -29.5511
3.57333 -29.21
3.6 -28.8533
3.62667 -28.4814
3.65333 -28.0949
3.68 -27.6945
3.70667 -27.2807
3.73333 -26.8543
3.76 -26.416
3.78667 -25.9664
3.81333 -25.5064
3.84 -25.0367
3.86667 -24.5581
3.89333 -24.0714
3.92 -23.5775
3.94667 -23.077
3.97333 -22.5709
4 -22.06
4.02667 -21.545
4.05333 -21.0269
4.08 -20.5062
4.10667 -19.984
4.13333 -19.4608
4.16 -18.9375
4.18667 -18.4147
4.21333 -17.8928
4.24 -17.3721
4.26667 -16.8531
4.29333 -16.3365
4.32 -15.8229
4.34667 -15.3129
4.37333 -14.8069
4.4 -14.3056
4.42667 -13.8093
4.45333 -13.3186
4.48 -12.8338
4.50667 -12.3554
4.53333 -11.8836
4.56 -11.4189
4.58667 -10.9614
4.61333 -10.5116
4.64 -10.0696
4.66667 -9.63558
4.69333 -9.2098
4.72 -8.79241
4.74667 -8.38354
4.77333 -7.98331
4.8 -7.59179
4.82667 -7.20907
4.85333 -6.8352
4.88 -6.4702
4.90667 -6.11409
4.93333 -5.76687
4.96 -5.42851
4.98667 -5.09899
5.01333 -4.77825
5.04 -4.46623
5.06667 -4.16286
5.09333 -3.86806
5.12 -3.58173
5.14667 -3.30377
5.17333 -3.03407
5.2 -2.77251
5.22667 -2.51896
5.25333 -2.27329
5.28 -2.03537
5.30667 -1.80506
5.33333 -1.5822
5.36 -1.36665
5.38667 -1.15827
5.41333 -0.956889
5.44 -0.762359
5.46667 -0.574523
5.49333 -0.393223
5.52 -0.2183
5.54667 -0.0495958
5.57333 0.113046
5.6 0.269785
5.62667 0.420777
5.65333 0.566177
5.68 0.706139
5.70667 0.840817
5.73333 0.970361
5.76 1.09492
5.78667 1.21464
5.81333 1.32967
5.84 1.44014
5.86667 1.5462
5.89333 1.64799
5.92 1.74564
5.94667 1.83928
5.97333 1.92903
6 2.01504
6.02667 2.09741
6.05333 2.17627
6.08 2.25174
6.10667 2.32392
6.13333 2.39295
6.16 2.45891
6.18667 2.52191
6.21333 2.58207
6.24 2.63948
6.26667 2.69423
6.29333 2.74642
6.32 2.79615
6.34667 2.8435
6.37333 2.88855
6.4 2.9314
6.42667 2.97211
6.45333 3.01078
6.48 3.04748
6.50667 3.08227
6.53333 3.11524
6.56 3.14645
6.58667 3.17596
6.61333 3.20385
6.64 3.23017
6.66667 3.25499
6.69333 3.27835
6.72 3.30033
6.74667 3.32097
6.77333 3.34032
6.8 3.35844
6.82667 3.37537
6.85333 3.39117
6.88 3.40587
6.90667 3.41952
6.93333 3.43217
6.96 3.44385
6.98667 3.4546
7.01333 3.46446
7.04 3.47347
7.06667 3.48166
7.09333 3.48907
7.12 3.49572
7.14667 3.50165
7.17333 3.5069
7.2 3.51148
7.22667 3.51543
7.25333 3.51877
7.28 3.52154
7.30667 3.52374
7.33333 3.52542
7.36 3.52658
7.38667 3.52726
7.41333 3.52748
7.44 3.52725
7.46667 3.52659
7.49333 3.52553
7.52 3.52408
7.54667 3.52226
7.57333 3.52008
7.6 3.51757
7.62667 3.51474
7.65333 3.51159
7.68 3.50816
7.70667 3.50445
7.73333 3.50047
7.76 3.49624
7.78667 3.49176
7.81333 3.48706
7.84 3.48214
7.86667 3.47701
7.89333 3.47169
7.92 3.46617
7.94667 3.46048
7.97333 3.45463
8 3.44861
8.02667 3.44244
8.05333 3.43613
8.08 3.42968
8.10667 3.42311
8.13333 3.41641
8.16 3.4096
8.18667 3.40269
8.21333 3.39567
8.24 3.38856
8.26667 3.38135
8.29333 3.37407
8.32 3.36671
8.34667 3.35927
8.37333 3.35176
8.4 3.34419
8.42667 3.33656
8.45333 3.32888
8.48 3.32115
8.50667 3.31336
8.53333 3.30554
8.56 3.29767
8.58667 3.28977
8.61333 3.28184
8.64 3.27388
8.66667 3.26589
8.69333 3.25787
8.72 3.24984
8.74667 3.24178
8.77333 3.23371
8.8 3.22563
8.82667 3.21754
8.85333 3.20943
8.88 3.20132
8.90667 3.19321
8.93333 3.18509
8.96 3.17697
8.98667 3.16885
9.01333 3.16074
9.04 3.15262
9.06667 3.14452
9.09333 3.13641
9.12 3.12832
9.14667 3.12024
9.17333 3.11217
9.2 3.1041
9.22667 3.09606
9.25333 3.08802
9.28 3.08
9.30667 3.072
9.33333 3.06401
9.36 3.05605
9.38667 3.0481
9.41333 3.04017
9.44 3.03226
9.46667 3.02437
9.49333 3.0165
9.52 3.00865
9.54667 3.00083
9.57333 2.99303
9.6 2.98525
9.62667 2.9775
9.65333 2.96977
9.68 2.96207
9.70667 2.95439
9.73333 2.94674
9.76 2.93912
9.78667 2.93152
9.81333 2.92395
9.84 2.9164
9.86667 2.90889
9.89333 2.9014
9.92 2.89393
9.94667 2.8865
9.97333 2.8791
10 2.87172
10.0267 2.86437
10.0533 2.85705
10.08 2.84976
10.1067 2.8425
10.1333 2.83527
10.16 2.82807
10.1867 2.8209
10.2133 2.81375
10.24 2.80664
10.2667 2.79955
10.2933 2.7925
10.32 2.78547
10.3467 2.77847
10.3733 2.77151
10.4 2.76457
10.4267 2.75766
10.4533 2.75078
10.48 2.74393
10.5067 2.73712
10.5333 2.73033
10.56 2.72356
10.5867 2.71683
10.6133 2.71013
10.64 2.70346
10.6667 2.69682
10.6933 2.6902
10.72 2.68362
10.7467 2.67706
10.7733 2.67053
10.8 2.66403
10.8267 2.65756
10.8533 2.65112
10.88 2.64471
10.9067 2.63832
10.9333 2.63197
10.96 2.62564
10.9867 2.61934
11.0133 2.61306
11.04 2.60682
11.0667 2.6006
11.0933 2.59441
11.12 2.58825
11.1467 2.58212
11.1733 2.57601
11.2 2.56993
11.2267 2.56388
11.2533 2.55785
11.28 2.55185
11.3067 2.54588
11.3333 2.53993
11.36 2.53401
11.3867 2.52812
11.4133 2.52225
11.44 2.51641
11.4667 2.51059
11.4933 2.5048
11.52 2.49904
11.5467 2.4933
11.5733 2.48759
11.6 2.4819
11.6267 2.47624
11.6533 2.4706
11.68 2.46498
11.7067 2.45939
11.7333 2.45383
11.76 2.44829
11.7867 2.44277
11.8133 2.43728
11.84 2.43181
11.8667 2.42637
11.8933 2.42095
11.92 2.41555
11.9467 2.41018
11.9733 2.40483
12 2.3995
12.0267 2.3942
12.0533 2.38891
12.08 2.38366
12.1067 2.37842
12.1333 2.37321
12.16 2.36802
12.1867 2.36285
12.2133 2.3577
12.24 2.35258
12.2667 2.34747
12.2933 2.34239
12.32 2.33733
12.3467 2.33229
12.3733 2.32728
12.4 2.32228
12.4267 2.31731
12.4533 2.31235
12.48 2.30742
12.5067 2.30251
12.5333 2.29762
12.56 2.29275
12.5867 2.2879
12.6133 2.28307
12.64 2.27826
12.6667 2.27347
12.6933 2.2687
12.72 2.26395
12.7467 2.25922
12.7733 2.25451
12.8 2.24982
12.8267 2.24514
12.8533 2.24049
12.88 2.23586
12.9067 2.23124
12.9333 2.22665
12.96 2.22207
12.9867 2.21751
13.0133 2.21297
13.04 2.20845
13.0667 2.20394
13.0933 2.19946
13.12 2.19499
13.1467 2.19054
13.1733 2.18611
13.2 2.1817
13.2267 2.1773
13.2533 2.17293
13.28 2.16856
13.3067 2.16422
13.3333 2.1599
13.36 2.15559
13.3867 2.1513
13.4133 2.14702
13.44 2.14276
13.4667 2.13852
13.4933 2.1343
13.52 2.13009
