0.08 -93.3299
0.16 -93.3212
0.24 -93.313
0.32 -93.3053
0.4 -93.2977
0.48 -93.2901
0.56 -93.2822
0.64 -93.2737
0.72 -93.2643
0.8 -93.2535
0.88 -93.2409
0.96 -93.2261
1.04 -93.2086
1.12 -93.1876
1.2 -93.1626
1.28 -93.1328
1.36 -93.0973
1.44 -93.0551
1.52 -93.0053
1.6 -92.9465
1.68 -92.8775
1.76 -92.7967
1.84 -92.7025
1.92 -92.593
2 -92.4662
2.08 -92.3197
2.16 -92.1511
2.24 -91.9573
2.32 -91.7355
2.4 -91.4821
2.48 -91.1933
2.56 -90.8651
2.64 -90.4929
2.72 -90.0719
2.8 -89.5968
2.88 -89.0619
2.96 -88.4611
3.04 -87.7882
3.12 -87.0364
3.2 -86.1987
3.28 -85.268
3.36 -84.237
3.44 -83.0988
3.52 -81.8463
3.6 -80.4731
3.68 -78.9733
3.76 -77.3421
3.84 -75.5758
3.92 -73.672
4 -71.6303
4.08 -69.4522
4.16 -67.1416
4.24 -64.7047
4.32 -62.1505
4.4 -59.4903
4.48 -56.7378
4.56 -53.9046
4.64 -51.0082
4.72 -48.0688
4.8 -45.1077
4.88 -42.1464
4.96 -39.2067
5.04 -36.3095
5.12 -33.4743
5.2 -30.7192
5.28 -28.0599
5.36 -25.5098
5.44 -23.0797
5.52 -20.7779
5.6 -18.6099
5.68 -16.579
5.76 -14.6861
5.84 -12.9304
5.92 -11.309
6 -9.81807
6.08 -8.45238
6.16 -7.20597
6.24 -6.07227
6.32 -5.04436
6.4 -4.11511
6.48 -3.2774
6.56 -2.52417
6.64 -1.8486
6.72 -1.2441
6.8 -0.704433
6.88 -0.223719
6.96 0.203547
7.04 0.582481
7.12 0.917809
7.2 1.21388
7.28 1.47467
7.36 1.70382
7.44 1.90463
7.52 2.08009
7.6 2.23292
7.68 2.36556
7.76 2.48021
7.84 2.57886
7.92 2.66328
8 2.73506
8.08 2.79563
8.16 2.84627
8.24 2.88812
8.32 2.92219
8.4 2.94939
8.48 2.97053
8.56 2.98633
8.64 2.99742
8.72 3.00438
8.8 3.00771
8.88 3.00786
8.96 3.00523
9.04 3.00017
9.12 2.993
9.2 2.984
9.28 2.9734
9.36 2.96144
9.44 2.94829
9.52 2.93414
9.6 2.91913
9.68 2.90339
9.76 2.88705
9.84 2.8702
9.92 2.85294
10 2.83535
10.08 2.81749
10.16 2.79944
10.24 2.78124
10.32 2.76294
10.4 2.74458
10.48 2.7262
10.56 2.70784
10.64 2.68951
10.72 2.67124
10.8 2.65306
10.88 2.63498
10.96 2.61701
11.04 2.59917
11.12 2.58147
11.2 2.56392
11.28 2.54652
11.36 2.52929
11.44 2.51223
11.52 2.49533
11.6 2.47861
11.68 2.46207
11.76 2.44571
11.84 2.42953
11.92 2.41353
12 2.39771
12.08 2.38207
12.16 2.36662
12.24 2.35134
12.32 2.33624
12.4 2.32132
12.48 2.30657
12.56 2.292
12.64 2.2776
12.72 2.26337
12.8 2.2493
12.88 2.23541
12.96 2.22167
13.04 2.2081
13.12 2.19469
13.2 2.18143
13.28 2.16833
13.36 2.15539
13.44 2.14259
13.52 2.12994
