   0.0000000000000000       -16.169689908439135     
  8.00000000000000017E-002  -30.439150793630116     
  0.16000000000000000       -25.313569431473816     
  0.23999999999999999       -23.159824172178432     
  0.32000000000000001       -22.098081607798143     
  0.40000000000000002       -21.522931353758565     
  0.48000000000000004       -21.203858340548404     
  0.56000000000000005       -21.038793498259068     
  0.64000000000000001       -20.976716944728899     
  0.71999999999999997       -20.989720628581953     
  0.79999999999999993       -21.061528151646407     
  0.87999999999999989       -21.182233464920333     
  0.95999999999999985       -21.345648142217655     
   1.0399999999999998       -21.547883674907183     
   1.1199999999999999       -21.786513408292574     
   1.2000000000000000       -22.060048846997837     
   1.2800000000000000       -22.367623002409690     
   1.3600000000000001       -22.708743769050972     
   1.4400000000000002       -23.083102106204397     
   1.5200000000000002       -23.490433502418593     
   1.6000000000000003       -23.930367261069623     
   1.6800000000000004       -24.402292151379203     
   1.7600000000000005       -24.905233096601414     
   1.8400000000000005       -25.437682952351448     
   1.9200000000000006       -25.997463209927641     
   2.0000000000000004       -26.581568714768771     
   2.0800000000000005       -27.185991832942545     
   2.1600000000000006       -27.805567169602860     
   2.2400000000000007       -28.433814003895066     
   2.3200000000000007       -29.062812215958633     
   2.4000000000000008       -29.683095721162552     
   2.4800000000000009       -30.283625828664199     
   2.5600000000000009       -30.851807987458063     
   2.6400000000000010       -31.373628799501606     
   2.7200000000000011       -31.833882852557068     
   2.8000000000000012       -32.216535043790984     
   2.8800000000000012       -32.505194036242592     
   2.9600000000000013       -32.683718161313877     
   3.0400000000000014       -32.736911140975430     
   3.1200000000000014       -32.651268048118609     
   3.2000000000000015       -32.415747147164659     
   3.2800000000000016       -32.022480839951285     
   3.3600000000000017       -31.467352643229518     
   3.4400000000000017       -30.750431063562282     
   3.5200000000000018       -29.876150759124265     
   3.6000000000000019       -28.853253167347301     
   3.6800000000000019       -27.694471374730885     
   3.7600000000000020       -26.415989676178871     
   3.8400000000000021       -25.036720450168421     
   3.9200000000000021       -23.577456199737533     
   4.0000000000000018       -22.059988101375154     
   4.0800000000000018       -20.506236732855779     
   4.1600000000000019       -18.937460441845438     
   4.2400000000000020       -17.372104813930978     
   4.3200000000000021       -15.822927753091861     
   4.4000000000000021       -14.305578830966624     
   4.4800000000000022       -12.833804963782264     
   4.5600000000000023       -11.418863546669263     
   4.6400000000000023       -10.069565039957826     
   4.7200000000000024       -8.7924124556899770     
   4.8000000000000025       -7.5917898073407306     
   4.8800000000000026       -6.4701987768451215     
   4.9600000000000026       -5.4285116425107391     
   5.0400000000000027       -4.4662290616743201     
   5.1200000000000028       -3.5817293975484596     
   5.2000000000000028       -2.7725046514775915     
   5.2800000000000029       -2.0353700683093985     
   5.3600000000000030       -1.3666540821411644     
   5.4400000000000031      -0.76235871313618631     
   5.5200000000000031      -0.21829879381636927     
   5.6000000000000032       0.26978586957857026     
   5.6800000000000033       0.70614006814745767     
   5.7600000000000033        1.0949205889717635     
   5.8400000000000034        1.4401421991838506     
   5.9200000000000035        1.7456393580335341     
   6.0000000000000036        2.0150373745174233     
   6.0800000000000036        2.2517373374187657     
   6.1600000000000037        2.4589064901688840     
   6.2400000000000038        2.6394770457731407     
   6.3200000000000038        2.7961489205463907     
   6.4000000000000039        2.9313965754015547     
   6.4800000000000040        3.0474788690902357     
   6.5600000000000041        3.1464497575157120     
   6.6400000000000041        3.2301720501685653     
   6.7200000000000042        3.3003292749565025     
   6.8000000000000043        3.3584398132185020     
   6.8800000000000043        3.4058698311730589     
   6.9600000000000044        3.4438460893389782     
   7.0400000000000045        3.4734681415951165     
   7.1200000000000045        3.4957198875614099     
   7.2000000000000046        3.5114806918036825     
   7.2800000000000047        3.5215350821722078     
   7.3600000000000048        3.5265823945431380     
   7.4400000000000048        3.5272451503838953     
   7.5200000000000049        3.5240770290170556     
   7.6000000000000050        3.5175699525257551     
   7.6800000000000050        3.5081605029910135     
   7.7600000000000051        3.4962359185397358     
   7.8400000000000052        3.4821392694851858     
   7.9200000000000053        3.4661743049039737     
   8.0000000000000053        3.4486096899104779     
   8.0800000000000054        3.4296828683026801     
   8.1600000000000055        3.4096035072602677     
   8.2400000000000055        3.3885565699930598     
   8.3200000000000056        3.3667050845526783     
   8.4000000000000057        3.3441925774256429     
   8.4800000000000058        3.3211452951537273     
   8.5600000000000058        3.2976741157221632     
   8.6400000000000059        3.2738763473172923     
   8.7200000000000060        3.2498372121457177     
   8.8000000000000060        3.2256312716587234     
   8.8800000000000061        3.2013236273143861     
   8.9600000000000062        3.1769710120010193     
   9.0400000000000063        3.1526227556804614     
   9.1200000000000063        3.1283216519298023     
   9.2000000000000064        3.1041047030051732     
   9.2800000000000065        3.0800038113727104     
   9.3600000000000065        3.0560463652349728     
   9.4400000000000066        3.0322557834055619     
   9.5200000000000067        3.0086519746880778     
   9.6000000000000068        2.9852517605807423     
   9.6800000000000068        2.9620692469472760     
   9.7600000000000069        2.9391161479523737     
   9.8400000000000070        2.9164020787574558     
   9.9200000000000070        2.8939348121970236     
   10.000000000000007        2.8717205059016129     
   10.080000000000007        2.8497639036411426     
   10.160000000000007        2.8280685141072301     
   10.240000000000007        2.8066367675675754     
   10.320000000000007        2.7854701547765099     
   10.400000000000007        2.7645693526669630     
   10.480000000000008        2.7439343290392046     
   10.560000000000008        2.7235644422502658     
   10.640000000000008        2.7034585233371367     
   10.720000000000008        2.6836149521204535     
   10.800000000000008        2.6640317225992045     
   10.880000000000008        2.6447065003816661     
   10.960000000000008        2.6256366750846958     
   11.040000000000008        2.6068194035960364     
   11.120000000000008        2.5882516509782687     
   11.200000000000008        2.5699302238191710     
   11.280000000000008        2.5518518015661131     
   11.360000000000008        2.5340129623466434     
   11.440000000000008        2.5164102066425031     
   11.520000000000008        2.4990399774926315     
   11.600000000000009        2.4818986778817180     
   11.680000000000009        2.4649826862560142     
   11.760000000000009        2.4482883699530644     
   11.840000000000009        2.4318120963499545     
   11.920000000000009        2.4155502432425595     
   12.000000000000009        2.3994992068357117     
   12.080000000000009        2.3836554095168188     
   12.160000000000009        2.3680153056833961     
   12.240000000000009        2.3525753871997193     
   12.320000000000009        2.3373321876162256     
   12.400000000000009        2.3222822860205712     
   12.480000000000009        2.3074223098927527     
   12.560000000000009        2.2927489376160772     
   12.640000000000009        2.2782589003828768     
   12.720000000000010        2.2639489837829196     
   12.800000000000010        2.2498160288400735     
   12.880000000000010        2.2358569328641131     
   12.960000000000010        2.2220686500071181     
   13.040000000000010        2.2084481914373733     
   13.120000000000010        2.1949926254910581     
   13.200000000000010        2.1816990774791263     
   13.280000000000010        2.1685647294356460     
   13.360000000000010        2.1555868196864405     
   13.440000000000010        2.1427626422974457     
   13.520000000000010        2.1300895464822944     
