   0.0000000000000000        9.7830765549445022     
  8.00000000000000017E-002   9.7818905540901078     
  0.16000000000000000        9.7783325515269173     
  0.23999999999999999        9.7724025472549325     
  0.32000000000000001        9.7641005412741553     
  0.40000000000000002        9.7534265335845856     
  0.48000000000000004        9.7403805241862216     
  0.56000000000000005        9.7249625130790651     
  0.64000000000000001        9.7071725002631126     
  0.71999999999999997        9.6870104857383676     
  0.79999999999999993        9.6644764695048302     
  0.87999999999999989        9.6395704515625003     
  0.95999999999999985        9.6122924319113743     
   1.0399999999999998        9.5826424105514558     
   1.1199999999999999        9.5506203874827449     
   1.2000000000000000        9.5162263627052397     
   1.2800000000000000        9.4794603362189420     
   1.3600000000000001        9.4403223080238501     
   1.4400000000000002        9.3988122781199621     
   1.5200000000000002        9.3549302465072834     
   1.6000000000000003        9.3086762131858123     
   1.6800000000000004        9.2600501781555469     
   1.7600000000000005        9.2090521414164854     
   1.8400000000000005        9.1556821029686333     
   1.9200000000000006        9.0999400628119869     
   2.0000000000000004        9.0418260209465480     
   2.0800000000000005        8.9813399773723148     
   2.1600000000000006        8.9184819320892874     
   2.2400000000000007        8.8532518850974693     
   2.3200000000000007        8.7856498363968534     
   2.4000000000000008        8.7156757859874467     
   2.4800000000000009        8.6433297338692459     
   2.5600000000000009        8.5686116800422525     
   2.6400000000000010        8.4915216245064649     
   2.7200000000000011        8.4120595672618830     
   2.8000000000000012        8.3302255083085104     
   2.8800000000000012        8.2460194476463400     
   2.9600000000000013        8.1594413852753789     
   3.0400000000000014        8.0704913211956253     
   3.1200000000000014        7.9791692554070766     
   3.2000000000000015        7.8854751879097353     
   3.2800000000000016        7.7894091187036008     
   3.3600000000000017        7.6909710477886701     
   3.4400000000000017        7.5901609751649497     
   3.5200000000000018        7.4869789008324323     
   3.6000000000000019        7.3814248247911252     
   3.6800000000000019        7.2734987470410211     
   3.7600000000000020        7.1632006675821254     
   3.8400000000000021        7.0505305864144363     
   3.9200000000000021        6.9354885035379548     
   4.0000000000000018        6.8180744189526781     
   4.0800000000000018        6.6982883326586071     
   4.1600000000000019        6.5761302446557446     
   4.2400000000000020        6.4527214956705370     
   4.3200000000000021        6.3332266531581194     
   4.4000000000000021        6.2180770776461536     
   4.4800000000000022        6.1070399869739020     
   4.5600000000000023        5.9998989345708509     
   4.6400000000000023        5.8964524012161821     
   4.7200000000000024        5.7965125300091289     
   4.8000000000000025        5.6999039878423092     
   4.8800000000000026        5.6064629388612888     
   4.9600000000000026        5.5160361172667516     
   5.0400000000000027        5.4284799884212491     
   5.1200000000000028        5.3436599886021670     
   5.2000000000000028        5.2614498349313648     
   5.2800000000000029        5.1817308980384649     
   5.3600000000000030        5.1043916309035637     
   5.4400000000000031        5.0293270480961585     
   5.5200000000000031        4.9564382502976638     
   5.6000000000000032        4.8856319895791254     
   5.6800000000000033        4.8168202714160389     
   5.7600000000000033        4.7499199898685944     
   5.8400000000000034        4.6848525927471067     
   5.9200000000000035        4.6215437739262004     
   6.0000000000000036        4.5599231902738513     
   6.0800000000000036        4.4999242009281426     
   6.1600000000000037        4.4414836268901148     
   6.2400000000000038        4.3845415291094731     
   6.3200000000000038        4.3290410034245435     
   6.4000000000000039        4.2749279908817366     
   6.4800000000000040        4.2221511021054186     
   6.5600000000000041        4.1706614545187675     
   6.6400000000000041        4.1204125213317946     
   6.7200000000000042        4.0713599913159397     
   6.8000000000000043        4.0234616384769293     
   6.8800000000000043        3.9766772008202209     
   6.9600000000000044        3.9309682674774598     
   7.0400000000000045        3.8862981735288522     
   7.1200000000000045        3.8426319019161688     
   7.2000000000000046        3.7999359918948783     
   7.2800000000000047        3.7581784535224072     
   7.3600000000000048        3.7173286877232501     
   7.4400000000000048        3.6773574115111720     
   7.5200000000000049        3.6382365879844580     
   7.6000000000000050        3.5999393607425167     
   7.6800000000000050        3.5624399924014489     
   7.7600000000000051        3.5257138069127736     
   7.8400000000000052        3.4897371354136646     
   7.9200000000000053        3.4544872653589809     
   8.0000000000000053        3.4199423927053911     
   8.0800000000000054        3.3860815769360313     
   8.1600000000000055        3.3528846987307754     
   8.2400000000000055        3.3203324201023219     
   8.3200000000000056        3.2884061468321071     
   8.4000000000000057        3.2570879930527536     
   8.4800000000000058        3.2263607478352747     
   8.5600000000000058        3.1962078436498986     
   8.6400000000000059        3.1666133265790664     
   8.7200000000000060        3.1375618281700839     
   8.8000000000000060        3.1090385388230835     
   8.8800000000000061        3.0810291826174701     
   8.9600000000000062        3.0535199934869572     
   9.0400000000000063        3.0264976926596390     
   9.1200000000000063        2.9999494672854317     
   9.2000000000000064        2.9738629501786016     
   9.2800000000000065        2.9482262006080968     
   9.3600000000000065        2.9230276860729849     
   9.4400000000000066        2.8982562650045698     
   9.5200000000000067        2.8739011703406661     
