  0. -4.90429771E-06
  0.0341880347 -16.2679749
  0.0683760694 -9.73006173
  0.102564104 -6.9446511
  0.136752139 -5.49929355
  0.170940173 -4.63630991
  0.205128208 -4.07046168
  0.239316243 -3.67552706
  0.273504278 -3.38791671
  0.307692312 -3.17225691
  0.341880347 -3.00733288
  0.376068382 -2.87965891
  0.410256416 -2.7802595
  0.444444451 -2.70293538
  0.478632486 -2.64327245
  0.51282052 -2.5980467
  0.547008555 -2.56485413
  0.58119659 -2.54186827
  0.615384625 -2.52768132
  0.649572659 -2.52119375
  0.683760694 -2.52153819
  0.717948729 -2.52802329
  0.752136763 -2.54009548
  0.786324798 -2.55730775
  0.820512833 -2.5792995
  0.854700867 -2.6057769
  0.888888902 -2.63650305
  0.923076937 -2.67128554
  0.957264972 -2.70996911
  0.991453006 -2.75242985
  1.02564104 -2.79856864
  1.05982908 -2.84830936
  1.09401711 -2.90159281
  1.12820515 -2.95837524
  1.16239318 -3.01862581
  1.19658121 -3.08232454
  1.23076925 -3.14945983
  1.26495728 -3.22002768
  1.29914532 -3.29403037
  1.33333335 -3.37147438
  1.36752139 -3.45236921
  1.40170942 -3.53672781
  1.43589746 -3.62456388
  1.47008549 -3.71589074
  1.50427353 -3.81072247
  1.53846156 -3.90906973
  1.5726496 -4.01094242
  1.60683763 -4.11634509
  1.64102567 -4.2252789
  1.6752137 -4.3377389
  1.70940173 -4.45371366
  1.74358977 -4.57318377
  1.7777778 -4.6961207
  1.81196584 -4.82248677
  1.84615387 -4.95223287
  1.88034191 -5.08529811
  1.91452994 -5.22160715
  1.94871798 -5.36107014
  1.98290601 -5.50358282
  2.01709405 -5.64902226
  2.05128208 -5.79724838
  2.08547012 -5.94810022
  2.11965815 -6.10139849
  2.15384619 -6.25693922
  2.18803422 -6.41449937
  2.22222226 -6.57382889
  2.25641029 -6.73465489
  2.29059832 -6.896679
  2.32478636 -7.05957695
  2.35897439 -7.22299784
  2.39316243 -7.38656563
  2.42735046 -7.5498769
  2.4615385 -7.71250311
  2.49572653 -7.87398982
  2.52991457 -8.03385598
  2.5641026 -8.19160147
  2.59829064 -8.34670185
  2.63247867 -8.49861135
  2.66666671 -8.64676973
  2.70085474 -8.79060079
  2.73504278 -8.92951459
  2.76923081 -9.06291514
  2.80341885 -9.19020033
  2.83760688 -9.31076884
  2.87179491 -9.42402312
  2.90598295 -9.52937252
  2.94017098 -9.62624308
  2.97435902 -9.71407534
  3.00854705 -9.79233876
  3.04273509 -9.8605302
  3.07692312 -9.91817847
  3.11111116 -9.96485732
  3.14529919 -10.0001816
  3.17948723 -10.0238164
  3.21367526 -10.03548
  3.2478633 -10.0349502
  3.28205133 -10.0220626
  3.31623937 -9.99671972
  3.3504274 -9.95888735
  3.38461544 -9.90859668
  3.41880347 -9.845952
  3.4529915 -9.77111771
  3.48717954 -9.68432979
  3.52136757 -9.58588739
  3.55555561 -9.47614977
  3.58974364 -9.35553635
  3.62393168 -9.22452136
  3.65811971 -9.08363
  3.69230775 -8.93343088
  3.72649578 -8.77453447
  3.76068382 -8.60758398
  3.79487185 -8.43325076
  3.82905989 -8.25222978
  3.86324792 -8.0652297
  3.89743596 -7.87296984
  3.93162399 -7.67617256
  3.96581202 -7.47555718
  4.00000006 -7.27183617
  4.03418809 -7.06570905
  4.06837613 -6.85785862
  4.10256416 -6.64894329
  4.1367522 -6.43959789
  4.17094023 -6.23042566
  4.20512827 -6.02200053
  4.2393163 -5.81486142
  4.27350434 -5.60951071
  4.30769237 -5.40641502
  4.34188041 -5.20600135
  4.37606844 -5.00865982
  4.41025648 -4.8147421
  4.44444451 -4.62456141
  4.47863255 -4.43839483
  4.51282058 -4.2564825
  4.54700861 -4.07902919
  4.58119665 -3.90620844
  4.61538468 -3.73816032
  4.64957272 -3.57499444
  4.68376075 -3.41679451
  4.71794879 -3.26361574
  4.75213682 -3.11549009
  4.78632486 -2.97242707
  4.82051289 -2.83441584
  4.85470093 -2.70142653
  4.88888896 -2.57341345
  4.923077 -2.45031553
  4.95726503 -2.33205874
  4.99145307 -2.21855764
  5.0256411 -2.10971612
  5.05982914 -2.00543087
  5.09401717 -1.90559035
  5.1282052 -1.81007774
  5.16239324 -1.71877086
  5.19658127 -1.63154488
  5.23076931 -1.54827125
  5.26495734 -1.46882039
  5.29914538 -1.39306126
  5.33333341 -1.32086267
  5.36752145 -1.25209378
  5.40170948 -1.18662463
  5.43589752 -1.12432667
  5.47008555 -1.06507315
  5.50427359 -1.00873954
  5.53846162 -0.955203753
  5.57264966 -0.904346479
  5.60683769 -0.856051255
  5.64102573 -0.810205046
  5.67521376 -0.766697955
  5.70940179 -0.725423226
  5.74358983 -0.686278005
  5.77777786 -0.649162624
  5.8119659 -0.613981126
  5.84615393 -0.580640933
  5.88034197 -0.549053175
  5.91453 -0.519132268
  5.94871804 -0.490796193
  5.98290607 -0.463966311
  6.01709411 -0.438567218
  6.05128214 -0.414526885
  6.08547018 -0.391776307
  6.11965821 -0.370249642
  6.15384625 -0.349884068
  6.18803428 -0.330619523
  6.22222231 -0.312398895
  6.25641035 -0.295167663
  6.29059838 -0.278873971
  6.32478642 -0.263468487
  6.35897445 -0.248904158
  6.39316249 -0.235136384
  6.42735052 -0.222122754
  6.46153856 -0.209822971
  6.49572659 -0.198198728
  6.52991463 -0.187213712
  6.56410266 -0.176833493
  6.5982907 -0.16702534
  6.63247873 -0.157758257
  6.66666677 -0.149002904
  6.7008548 -0.140731367
  6.73504284 -0.132917325
  6.76923087 -0.125535731
  6.8034189 -0.118562965
  6.83760694 -0.111976594
  6.87179497 -0.105755413
  6.90598301 -0.0998793456
  6.94017104 -0.0943293982
  6.97435908 -0.0890875995
  7.00854711 -0.0841369597
  7.04273515 -0.0794613808
  7.07692318 -0.075045663
  7.11111122 -0.0708754331
  7.14529925 -0.0669371026
  7.17948729 -0.0632178087
  7.21367532 -0.0597054142
  7.24786336 -0.0563884358
  7.28205139 -0.0532560149
  7.31623943 -0.050297911
  7.35042746 -0.047504431
  7.38461549 -0.0448664229
  7.41880353 -0.042375237
  7.45299156 -0.0400227026
  7.4871796 -0.0378011067
  7.52136763 -0.0357031527
  7.55555567 -0.0337219631
  7.5897437 -0.0318510233
  7.62393174 -0.0300842022
  7.65811977 -0.0284156898
  7.69230781 -0.0268400091
  7.72649584 -0.0253519865
  7.76068388 -0.0239467337
  7.79487191 -0.0226196406
  7.82905995 -0.0213663496
  7.86324798 -0.0201827471
  7.89743602 -0.0190649438
  7.93162405 -0.0180092767
  7.96581208 -0.0170122788
  8.00000012 -0.0160706822
  8.03418815 -0.0151813978
  8.06837619 -0.01434151
  8.10256422 -0.0135482655
  8.13675226 -0.0127990687
  8.17094029 -0.0120914604
  8.20512833 -0.0114231274
  8.23931636 -0.0107918806
  8.2735044 -0.010195655
  8.30769243 -0.00963249998
  8.34188047 -0.0091005758
  8.3760685 -0.00859814156
  8.41025654 -0.00812355893
  8.44444457 -0.0076752758
  8.4786326 -0.00725183001
  8.51282064 -0.0068518397
  8.54700867 -0.00647400028
  8.58119671 -0.00611708154
  8.61538474 -0.00577991864
  8.64957278 -0.00546141404
  8.68376081 -0.00516053152
  8.71794885 -0.0048762921
  8.75213688 -0.00460777105
  8.78632492 -0.00435409606
  8.82051295 -0.0041144424
  8.85470099 -0.00388803215
  8.88888902 -0.00367413051
  8.92307706 -0.00347204322
  8.95726509 -0.00328111537
  8.99145313 -0.00310072794
  9.02564116 -0.00293029687
  9.05982919 -0.00276927039
  9.09401723 -0.00261712706
  9.12820526 -0.00247337497
  9.1623933 -0.00233754952
  9.19658133 -0.00220921159
  9.23076937 -0.00208794713
  9.2649574 -0.00197336422
  9.29914544 -0.00186509341
  9.33333347 -0.00176278551
  9.36752151 -0.00166611105
  9.40170954 -0.00157475819
  9.43589758 -0.00148843303
  9.47008561 -0.00140685774
  9.50427365 -0.00132976992
  9.53846168 -0.00125692158
  9.57264972 -0.00118807884
  9.60683775 -0.00112302037
  9.64102578 -0.00106153748
  9.67521382 -0.0010034328
  9.70940185 -0.000948520046
  9.74358989 -0.000896623221
  9.77777792 -0.000847575912
  9.81196596 -0.000801221179
  9.84615399 -0.000757410494
  9.88034203 -0.000716003876
  9.91453006 -0.000676868778
  9.9487181 -0.00063988013
  9.98290613 -0.000604919743
  10.0170942 -0.000571876068
  10.0512822 -0.00054064355
  10.0854702 -0.000511122581
  10.1196583 -0.000483218988
  10.1538463 -0.00045684385
  10.1880343 -0.000431913168
  10.2222224 -0.000408347498
  10.2564104 -0.000386071854
  10.2905984 -0.000365015317
  10.3247865 -0.00034511101
  10.3589745 -0.000326295631
  10.3931625 -0.000308509319
  10.4273506 -0.000291695719
  10.4615386 -0.000275801357
  10.4957267 -0.0002607758
  10.5299147 -0.000246571453
  10.5641027 -0.000233143226
  10.5982908 -0.000220448587
  10.6324788 -0.000208447325
  10.6666668 -0.000197101437
  10.7008549 -0.000186374997
  10.7350429 -0.000176234093
  10.7692309 -0.00016664663
  10.803419 -0.000157582343
  10.837607 -0.000149012541
  10.871795 -0.000140910199
  10.9059831 -0.000133249727
  10.9401711 -0.000126006934
  10.9743591 -0.000119158972
  11.0085472 -0.000112684262
  11.0427352 -0.000106562396
  11.0769232 -0.00010077406
  11.1111113 -9.53010574E-05
  11.1452993 -9.01261303E-05
  11.1794873 -8.52330118E-05
  11.2136754 -8.06063007E-05
  11.2478634 -7.62314438E-05
  11.2820515 -7.20947008E-05
  11.3162395 -6.81830574E-05
  11.3504275 -6.4484231E-05
  11.3846156 -6.09866185E-05
  11.4188036 -5.76792323E-05
  11.4529916 -5.45516946E-05
  11.4871797 -5.15942027E-05
  11.5213677 -4.8797482E-05
  11.5555557 -4.61527665E-05
  11.5897438 -4.36517689E-05
  11.6239318 -4.12866552E-05
  11.6581198 -3.90500237E-05
  11.6923079 -3.69348767E-05
  11.7264959 -3.49345938E-05
  11.7606839 -3.30429232E-05
  11.794872 -3.12539445E-05
  11.82906 -2.95620737E-05
  11.863248 -2.79620204E-05
  11.8974361 -2.64487873E-05
  11.9316241 -2.50176589E-05
  11.9658121 -2.36641577E-05
  12.0000002 -2.23840659E-05
  12.0341882 -2.11733927E-05
  12.0683762 -2.00283616E-05
  12.1025643 -1.89454041E-05
  12.1367523 -1.7921146E-05
  12.1709404 -1.69523963E-05
  12.2051284 -1.60361423E-05
  12.2393164 -1.51695284E-05
  12.2735045 -1.43498583E-05
  12.3076925 -1.35745841E-05
  12.3418805 -1.28412958E-05
  12.3760686 -1.21477103E-05
  12.4102566 -1.14916753E-05
  12.4444446 -1.08711524E-05
  12.4786327 -1.02842128E-05
  12.5128207 -9.72903514E-06
  12.5470087 -9.2038976E-06
  12.5811968 -8.707169E-06
  12.6153848 -8.23730968E-06
  12.6495728 -7.79286196E-06
  12.6837609 -7.37244879E-06
  12.7179489 -6.9747664E-06
  12.7521369 -6.59858363E-06
  12.786325 -6.24273538E-06
  12.820513 -5.90611897E-06
  12.854701 -5.58769343E-06
  12.8888891 -5.28647296E-06
  12.9230771 -5.00152548E-06
  12.9572652 -4.73197081E-06
  12.9914532 -4.47697413E-06
  13.0256412 -4.23574854E-06
  13.0598293 -4.00754781E-06
  13.0940173 -3.79166742E-06
  13.1282053 -3.58744061E-06
  13.1623934 -3.39423692E-06
  13.1965814 -3.21146001E-06
  13.2307694 -3.03854565E-06
  13.2649575 -2.8749612E-06
  13.2991455 -2.72020106E-06
  13.3333335 -2.57378919E-06
  13.3675216 -2.43527336E-06
  13.4017096 -2.30422744E-06
  13.4358976 -2.18024746E-06
  13.4700857 -2.06295158E-06
  13.5042737 -1.95197885E-06
  13.5384617 -1.84698753E-06
  13.5726498 -1.74765441E-06
  13.6068378 -1.65367423E-06
  13.6410258 -1.56475753E-06
  13.6752139 -1.48063111E-06
  13.7094019 -1.40103643E-06
  13.7435899 -1.32572868E-06
  13.777778 -1.25447666E-06
  13.811966 -1.18706149E-06
  13.8461541 -1.12327603E-06
  13.8803421 -1.06292444E-06
  13.9145301 -1.00582154E-06
  13.9487182 -9.51792187E-07
  13.9829062 -9.00670425E-07
  14.0170942 -8.52299633E-07
  14.0512823 -8.06531361E-07
  14.0854703 -7.63225324E-07
  14.1196583 -7.22248816E-07
  14.1538464 -6.83476387E-07
  14.1880344 -6.46789032E-07
  14.2222224 -6.12074597E-07
  14.2564105 -5.79226687E-07
  14.2905985 -5.48144763E-07
  14.3247865 -5.18733684E-07
  14.3589746 -4.90903435E-07
  14.3931626 -4.64568948E-07
  14.4273506 -4.39649736E-07
  14.4615387 -4.16069396E-07
  14.4957267 -3.93756016E-07
  14.5299147 -3.72641359E-07
  14.5641028 -3.5266091E-07
  14.5982908 -3.337536E-07
  14.6324789 -3.15861718E-07
  14.6666669 -2.98930616E-07
  14.7008549 -2.82908617E-07
  14.735043 -2.67746791E-07
  14.769231 -2.53398881E-07
  14.803419 -2.39821152E-07
  14.8376071 -2.26972134E-07
  14.8717951 -2.14812719E-07
  14.9059831 -2.03305749E-07
  14.9401712 -1.92416199E-07
  14.9743592 -1.82110878E-07
  15.0085472 -1.72358382E-07
  15.0427353 -1.63129002E-07
  15.0769233 -1.54394622E-07
  15.1111113 -1.46128666E-07
  15.1452994 -1.38305964E-07
  15.1794874 -1.30902686E-07
  15.2136754 -1.23896328E-07
  15.2478635 -1.17265578E-07
  15.2820515 -1.10990235E-07
  15.3162395 -1.05051243E-07
  15.3504276 -9.94305336E-08
  15.3846156 -9.41110307E-08
  15.4188036 -8.90765598E-08
  15.4529917 -8.43118198E-08
  15.4871797 -7.98023434E-08
  15.5213678 -7.55344231E-08
  15.5555558 -7.14951001E-08
  15.5897438 -6.7672113E-08
  15.6239319 -6.40538586E-08
  15.6581199 -6.06293572E-08
  15.6923079 -5.73882134E-08
  15.726496 -5.43205875E-08
  15.760684 -5.14171844E-08
  15.794872 -4.86691967E-08
  15.8290601 -4.60682846E-08
  15.8632481 -4.36065764E-08
  15.8974361 -4.12766004E-08
  15.9316242 -3.90713015E-08
  15.9658122 -3.69839988E-08
  16.0000002 -3.50083633E-08
  16.0341883 -3.31384146E-08
  16.0683763 -3.13684928E-08
  16.1025643 -2.96932358E-08
  16.1367524 -2.81075733E-08
  16.1709404 -2.66067076E-08
  16.2051284 -2.51860959E-08
  16.2393165 -2.38414423E-08
  16.2735045 -2.25686762E-08
  16.3076926 -2.13639511E-08
  16.3418806 -2.02236246E-08
  16.3760686 -1.91442471E-08
  16.4102567 -1.81225577E-08
  16.4444447 -1.7155467E-08
  16.4786327 -1.62400557E-08
  16.5128208 -1.53735576E-08
  16.5470088 -1.45533526E-08
  16.5811968 -1.37769666E-08
  16.6153849 -1.30420532E-08
  16.6495729 -1.23463962E-08
  16.6837609 -1.16878945E-08
  16.717949 -1.10645604E-08
  16.752137 -1.04745129E-08
  16.786325 -9.91597364E-09
  16.8205131 -9.38725668E-09
  16.8547011 -8.88676701E-09
  16.8888891 -8.41299538E-09
  16.9230772 -7.96451544E-09
  16.9572652 -7.5399732E-09
  16.9914532 -7.13808979E-09
  17.0256413 -6.75765438E-09
  17.0598293 -6.39752067E-09
  17.0940173 -6.05660404E-09
  17.1282054 -5.73387656E-09
  17.1623934 -5.42836811E-09
  17.1965815 -5.1391578E-09
  17.2307695 -4.86537474E-09
