0.05 0.05 -98.5313
0.10975 0.109797 -98.5065
0.1695 0.169743 -98.4617
0.22925 0.22992 -98.4079
0.289 0.290411 -98.3479
0.34875 0.351298 -98.2829
0.4085 0.412665 -98.2138
0.46825 0.474595 -98.1412
0.528 0.537173 -98.0656
0.58775 0.600484 -97.9878
0.6475 0.664613 -97.9085
0.70725 0.729646 -97.8285
0.767 0.795669 -97.7487
0.82675 0.86277 -97.6699
0.8865 0.931036 -97.5931
0.94625 1.00056 -97.5191
1.006 1.07142 -97.4487
1.06575 1.14371 -97.3825
1.1255 1.21753 -97.3211
1.18525 1.29296 -97.2645
1.245 1.37009 -97.2127
1.30475 1.44903 -97.1652
1.3645 1.52985 -97.1209
1.42425 1.61266 -97.0785
1.484 1.69755 -97.0359
1.54375 1.78462 -96.9905
1.6035 1.87397 -96.9392
1.66325 1.96569 -96.8782
1.723 2.05988 -96.803
1.78275 2.15666 -96.7086
1.8425 2.25615 -96.5882
1.90225 2.35889 -96.419
1.962 2.4677 -96.0909
2.02175 2.59105 -95.3068
2.0815 2.73916 -93.7812
2.14125 2.91173 -91.6669
2.201 3.09848 -89.3973
2.26075 3.29161 -87.2247
2.3205 3.48884 -85.1895
2.38025 3.69006 -83.2689
2.44 3.89547 -81.4363
2.49975 4.10529 -79.6693
2.5595 4.31978 -77.9492
2.61925 4.53919 -76.2606
2.679 4.76381 -74.5909
2.73875 4.99394 -72.9299
2.7985 5.22992 -71.2692
2.85825 5.47212 -69.6025
2.918 5.72094 -67.9248
2.97775 5.97686 -66.2328
3.0375 6.2404 -64.5239
3.09725 6.51216 -62.7971
3.157 6.79282 -61.0519
3.21675 7.08316 -59.2889
3.2765 7.38405 -57.5091
3.33625 7.69653 -55.7144
3.396 8.02174 -53.9068
3.45575 8.36102 -52.089
3.5155 8.71588 -50.264
3.57525 9.08805 -48.4349
3.635 9.47948 -46.6052
3.69475 9.8924 -44.7784
3.7545 10.3293 -42.9582
3.81425 10.793 -41.1484
3.874 11.2868 -39.3529
3.93375 11.8141 -37.5755
3.9935 12.379 -35.8201
4.05325 12.9858 -34.0905
4.113 13.6396 -32.3906
4.17275 14.3458 -30.7241
4.2325 15.1104 -29.0945
4.29225 15.9401 -27.5054
4.352 16.8423 -25.9599
4.41175 17.8249 -24.4611
4.4715 18.897 -23.0117
4.53125 20.0681 -21.614
4.591 21.349 -20.27
4.65075 22.7513 -18.9814
4.7105 24.2878 -17.7492
4.77025 25.9725 -16.5743
4.83 27.8207 -15.4571
4.88975 29.8491 -14.3973
4.9495 32.0761 -13.3945
5.00925 34.5219 -12.448
5.069 37.2084 -11.5566
5.12875 40.1597 -10.7189
5.1885 43.4022 -9.9331
5.24825 46.9649 -9.19748
5.308 50.8795 -8.50999
5.36775 55.1808 -7.86849
5.4275 59.9068 -7.2708
5.48725 65.0995 -6.71467
5.547 70.8047 -6.19784
5.60675 77.0729 -5.71807
5.6665 83.9591 -5.27316
5.72625 91.5242 -4.86096
5.786 99.8346 -4.47939
5.84575 108.963 -4.12643
5.9055 118.991 -3.80016
5.96525 130.004 -3.49875
6.025 142.101 -3.22046
6.08475 155.387 -2.96366
6.1445 169.979 -2.72678
6.20425 186.004 -2.50837
6.264 203.602 -2.30707
6.32375 222.928 -2.12161
6.3835 244.15 -1.95078
6.44325 267.454 -1.79347
6.503 293.043 -1.64866
6.56275 321.141 -1.51538
6.6225 351.993 -1.39274
6.68225 385.867 -1.27991
6.742 423.06 -1.17613
6.80175 463.895 -1.08068
6.8615 508.728 -0.992907
6.92125 557.95 -0.912206
6.981 611.988 -0.838016
7.04075 671.313 -0.769819
7.1005 736.44 -0.707138
7.16025 807.936 -0.649531
7.22 886.422 -0.596593
7.27975 972.579 -0.547949
7.3395 1067.15 -0.503254
7.39925 1170.97 -0.46219
7.459 1284.92 -0.424464
7.51875 1410.01 -0.389808
7.5785 1547.3 -0.357972
7.63825 1697.99 -0.328729
7.698 1863.39 -0.301869
7.75775 2044.92 -0.277199
7.8175 2244.16 -0.25454
7.87725 2462.83 -0.23373
7.937 2702.82 -0.214619
7.99675 2966.2 -0.197067
8.0565 3255.24 -0.180949
8.11625 3572.44 -0.166147
8.176 3920.54 -0.152555
8.23575 4302.54 -0.140073
8.2955 4721.73 -0.128612
8.35525 5181.73 -0.118087
8.415 5686.49 -0.108423
8.47475 6240.37 -0.0995495
8.5345 6848.12 -0.0914016
8.59425 7514.99 -0.0839202
8.654 8246.7 -0.0770508
8.71375 9049.54 -0.0707434
8.7735 9930.43 -0.0649521
8.83325 10896.9 -0.0596348
8.893 11957.3 -0.0547526
8.95275 13120.7 -0.0502699
9.0125 14397.1 -0.0461542
9.07225 15797.4 -0.0423753
9.132 17333.7 -0.0389058
9.19175 19019.1 -0.0357203
9.2515 20868 -0.0327956
9.31125 22896.4 -0.0301103
9.371 25121.5 -0.0276448
9.43075 27562.5 -0.02538
9.4905 30240.1 -0.0233003
9.55025 33177.4 -0.0213904
9.61 36399.4 -0.0196364
9.66975 39933.8 -0.0180253
9.7295 43810.6 -0.0165455
9.78925 48063 -0.0151859
9.849 52727.4 -0.0139365
9.90875 57843.6 -0.0127883
9.9685 63455.3 -0.0117327
10.0282 69610.3 -0.010762
10.088 76361.2 -0.00986901
10.1478 83765.5 -0.00904718
10.2075 91886.4 -0.0082905
10.2673 100793 -0.00759346
10.327 110562 -0.00695102
10.3868 121275 -0.00635857
10.4465 133024 -0.0058119
10.5062 145910 -0.00530721
10.566 160042 -0.00484102
10.6258 175540 -0.00441021
10.6855 192536 -0.00401195
10.7453 211174 -0.00364371
10.805 231614 -0.00330321
10.8648 254029 -0.00298841
10.9245 278608 -0.0026975
10.9842 305563 -0.00242885
11.044 335120 -0.00218101
11.1037 367532 -0.00195269
11.1635 403073 -0.00174269
11.2233 442045 -0.00154996
11.283 484779 -0.0013735
11.3428 531637 -0.0012124
11.4025 583018 -0.00106579
11.4623 639356 -0.000932854
11.522 701129 -0.000812782
11.5817 768861 -0.000704797
11.6415 843127 -0.000608128
11.7012 924554 -0.000522015
11.761 1.01383e+06 -0.000445706
11.8208 1.11172e+06 -0.000378455
11.8805 1.21905e+06 -0.000319527
11.9403 1.33672e+06 -0.0002682
12 1.46573e+06 -0.00022377
12.0598 1.60717e+06 -0.000185556
