0.05 0.05 -85.0394
0.10975 0.109706 -84.9844
0.1695 0.169275 -84.935
0.22925 0.228634 -84.884
0.289 0.287709 -84.8299
0.34875 0.346431 -84.7722
0.4085 0.404726 -84.7103
0.46825 0.462527 -84.6436
0.528 0.519765 -84.5717
0.58775 0.576372 -84.4941
0.6475 0.632283 -84.41
0.70725 0.687435 -84.3191
0.767 0.741764 -84.2206
0.82675 0.795211 -84.114
0.8865 0.847718 -83.9986
0.94625 0.899229 -83.8739
1.006 0.949691 -83.739
1.06575 0.999055 -83.5934
1.1255 1.04727 -83.4364
1.18525 1.0943 -83.2672
1.245 1.1401 -83.0852
1.30475 1.18463 -82.8897
1.3645 1.22786 -82.6801
1.42425 1.26977 -82.4558
1.484 1.31032 -82.2164
1.54375 1.34951 -81.9615
1.6035 1.38731 -81.6908
1.66325 1.42371 -81.4041
1.723 1.45872 -81.1015
1.78275 1.49233 -80.7834
1.8425 1.52455 -80.45
1.90225 1.55537 -80.1023
1.962 1.58483 -79.7411
2.02175 1.61292 -79.3678
2.0815 1.63967 -78.9841
2.14125 1.66509 -78.5919
2.201 1.6892 -78.1936
2.26075 1.71201 -77.7922
2.3205 1.73352 -77.391
2.38025 1.75372 -76.9942
2.44 1.77257 -76.6067
2.49975 1.79001 -76.2346
2.5595 1.80594 -75.8861
2.61925 1.82017 -75.5715
2.679 1.8324 -75.3055
2.73875 1.84228 -75.105
2.7985 1.8501 -74.9594
2.85825 1.85962 -74.7198
2.918 1.87994 -74.0307
2.97775 1.91858 -72.6343
3.0375 1.97359 -70.6827
3.09725 2.03869 -68.4787
3.157 2.1102 -66.1939
3.21675 2.18692 -63.8912
3.2765 2.26859 -61.5959
3.33625 2.35522 -59.3215
3.396 2.447 -57.0754
3.45575 2.54424 -54.8614
3.5155 2.64733 -52.6818
3.57525 2.75679 -50.5373
3.635 2.87322 -48.4285
3.69475 2.99732 -46.3553
3.7545 3.12988 -44.3182
3.81425 3.2718 -42.3177
3.874 3.42409 -40.3544
3.93375 3.58789 -38.4297
3.9935 3.76445 -36.545
4.05325 3.95515 -34.702
4.113 4.16156 -32.9028
4.17275 4.38536 -31.1497
4.2325 4.62844 -29.445
4.29225 4.89286 -27.7908
4.352 5.18089 -26.1896
4.41175 5.49504 -24.6433
4.4715 5.83804 -23.1537
4.53125 6.21291 -21.7226
4.591 6.62296 -20.3511
4.65075 7.0718 -19.04
4.7105 7.56342 -17.79
4.77025 8.10218 -16.601
4.83 8.69287 -15.4728
4.88975 9.34074 -14.4049
4.9495 10.0516 -13.3962
5.00925 10.8316 -12.4456
5.069 11.6879 -11.5514
5.12875 12.6279 -10.7119
5.1885 13.66 -9.9253
5.24825 14.7933 -9.18939
5.308 16.0379 -8.50204
5.36775 17.4048 -7.86096
5.4275 18.9059 -7.26385
5.48725 20.5547 -6.70839
5.547 22.3655 -6.19226
5.60675 24.3543 -5.7132
5.6665 26.5386 -5.26895
5.72625 28.9377 -4.85737
5.786 31.5726 -4.47634
5.84575 34.4664 -4.12387
5.9055 37.6445 -3.79803
5.96525 41.1349 -3.49699
6.025 44.968 -3.21901
6.08475 49.1775 -2.96247
6.1445 53.8002 -2.72581
6.20425 58.8766 -2.50759
6.264 64.4511 -2.30644
6.32375 70.5725 -2.1211
6.3835 77.2943 -1.95037
6.44325 84.6751 -1.79315
6.503 92.7794 -1.64841
6.56275 101.678 -1.51518
6.6225 111.449 -1.39258
6.68225 122.176 -1.27979
6.742 133.955 -1.17603
6.80175 146.886 -1.0806
6.8615 161.084 -0.992845
6.92125 176.671 -0.912158
6.981 193.783 -0.837978
7.04075 212.57 -0.76979
7.1005 233.193 -0.707115
7.16025 255.834 -0.649513
7.22 280.687 -0.596579
7.27975 307.97 -0.547938
7.3395 337.918 -0.503245
7.39925 370.792 -0.462183
7.459 406.877 -0.424459
7.51875 446.486 -0.389804
7.5785 489.961 -0.357969
7.63825 537.68 -0.328727
7.698 590.054 -0.301868
7.75775 647.539 -0.277198
7.8175 710.63 -0.254539
7.87725 779.873 -0.23373
7.937 855.866 -0.214618
7.99675 939.267 -0.197067
8.0565 1030.79 -0.180948
8.11625 1131.24 -0.166147
8.176 1241.47 -0.152554
8.23575 1362.43 -0.140073
8.2955 1495.17 -0.128611
8.35525 1640.83 -0.118087
8.415 1800.67 -0.108423
8.47475 1976.06 -0.0995494
8.5345 2168.51 -0.0914015
8.59425 2379.68 -0.0839201
8.654 2611.38 -0.0770507
8.71375 2865.61 -0.0707434
8.7735 3144.54 -0.0649521
8.83325 3450.59 -0.0596348
8.893 3786.37 -0.0547525
8.95275 4154.77 -0.0502699
9.0125 4558.94 -0.0461542
9.07225 5002.37 -0.0423753
9.132 5488.84 -0.0389058
9.19175 6022.53 -0.0357203
9.2515 6608.02 -0.0327956
9.31125 7250.31 -0.0301103
9.371 7954.92 -0.0276448
9.43075 8727.86 -0.02538
9.4905 9575.76 -0.0233003
9.55025 10505.9 -0.0213904
9.61 11526.2 -0.0196364
9.66975 12645.3 -0.0180253
9.7295 13873 -0.0165455
9.78925 15219.5 -0.0151859
9.849 16696.5 -0.0139365
9.90875 18316.6 -0.0127883
9.9685 20093.6 -0.0117327
10.0282 22042.6 -0.010762
10.088 24180.3 -0.00986901
10.1478 26525 -0.00904718
10.2075 29096.5 -0.0082905
10.2673 31916.9 -0.00759346
10.327 35010.2 -0.00695102
10.3868 38402.6 -0.00635857
10.4465 42123.2 -0.0058119
10.5062 46203.6 -0.00530721
10.566 50678.5 -0.00484102
10.6258 55586 -0.00441021
10.6855 60967.9 -0.00401195
10.7453 66870 -0.00364371
10.805 73342.3 -0.00330321
10.8648 80440.1 -0.00298841
10.9245 88223.5 -0.0026975
10.9842 96758.7 -0.00242885
11.044 106118 -0.00218101
11.1037 116382 -0.00195269
11.1635 127636 -0.00174269
11.2233 139977 -0.00154996
11.283 153509 -0.0013735
11.3428 168347 -0.0012124
11.4025 184617 -0.00106579
11.4623 202457 -0.000932854
11.522 222018 -0.000812782
11.5817 243466 -0.000704797
11.6415 266982 -0.000608128
11.7012 292767 -0.000522015
11.761 321038 -0.000445706
11.8208 352035 -0.000378455
11.8805 386020 -0.000319527
11.9403 423281 -0.0002682
12 464134 -0.00022377
12.0598 508923 -0.000185556
