0.05 0.05 -82.2183
0.10975 0.109686 -82.158
0.1695 0.169171 -82.1076
0.22925 0.228348 -82.0564
0.289 0.28711 -82.0026
0.34875 0.345351 -81.9452
0.4085 0.402968 -81.8837
0.46825 0.459858 -81.8174
0.528 0.515921 -81.7459
0.58775 0.571059 -81.6685
0.6475 0.625174 -81.5849
0.70725 0.678174 -81.4943
0.767 0.729966 -81.3963
0.82675 0.780464 -81.2902
0.8865 0.829581 -81.1754
0.94625 0.877236 -81.0512
1.006 0.923351 -80.917
1.06575 0.967851 -80.772
1.1255 1.01067 -80.6154
1.18525 1.05173 -80.4464
1.245 1.09099 -80.2641
1.30475 1.12837 -80.0676
1.3645 1.16384 -79.8559
1.42425 1.19734 -79.6278
1.484 1.22884 -79.3824
1.54375 1.2583 -79.1185
1.6035 1.2857 -78.8347
1.66325 1.311 -78.53
1.723 1.33421 -78.203
1.78275 1.35531 -77.8524
1.8425 1.37429 -77.4769
1.90225 1.39117 -77.0752
1.962 1.40597 -76.646
2.02175 1.41869 -76.1883
2.0815 1.42937 -75.701
2.14125 1.43805 -75.1831
2.201 1.44476 -74.6339
2.26075 1.44956 -74.0531
2.3205 1.4525 -73.4404
2.38025 1.45364 -72.7962
2.44 1.45304 -72.1212
2.49975 1.45078 -71.4165
2.5595 1.44691 -70.6842
2.61925 1.4415 -69.9267
2.679 1.43462 -69.1477
2.73875 1.42632 -68.3515
2.7985 1.41664 -67.5439
2.85825 1.40561 -66.7321
2.918 1.39322 -65.9251
2.97775 1.37942 -65.1346
3.0375 1.36409 -64.3754
3.09725 1.34703 -63.6677
3.157 1.32789 -63.0387
3.21675 1.30618 -62.5231
3.2765 1.28194 -62.132
3.33625 1.25795 -61.744
3.396 1.2409 -61.0374
3.45575 1.23637 -59.7495
3.5155 1.24393 -57.9389
3.57525 1.26045 -55.8113
3.635 1.28386 -53.5147
3.69475 1.31331 -51.1309
3.7545 1.34849 -48.711
3.81425 1.38934 -46.291
3.874 1.43598 -43.8972
3.93375 1.48862 -41.5487
3.9935 1.54756 -39.2598
4.05325 1.61321 -37.0403
4.113 1.68605 -34.8975
4.17275 1.76663 -32.8357
4.2325 1.8556 -30.8578
4.29225 1.95367 -28.9652
4.352 2.06167 -27.1581
4.41175 2.18051 -25.4362
4.4715 2.31119 -23.7982
4.53125 2.45484 -22.2429
4.591 2.61271 -20.7683
4.65075 2.78617 -19.3725
4.7105 2.97673 -18.0534
4.77025 3.18608 -16.8084
4.83 3.41605 -15.6353
4.88975 3.66867 -14.5314
4.9495 3.94617 -13.4942
5.00925 4.251 -12.5211
5.069 4.58585 -11.6093
5.12875 4.95367 -10.7562
5.1885 5.35772 -9.95894
5.24825 5.80156 -9.21485
5.308 6.28911 -8.52121
5.36775 6.82466 -7.87534
5.4275 7.41293 -7.2746
5.48725 8.05911 -6.71639
5.547 8.76888 -6.19819
5.60675 9.54848 -5.71757
5.6665 10.4048 -5.27217
5.72625 11.3453 -4.85972
5.786 12.3783 -4.47806
5.84575 13.5128 -4.12511
5.9055 14.7588 -3.79893
5.96525 16.1272 -3.49763
6.025 17.63 -3.21948
6.08475 19.2804 -2.9628
6.1445 21.0928 -2.72605
6.20425 23.0831 -2.50776
6.264 25.2687 -2.30656
6.32375 27.6687 -2.12118
6.3835 30.304 -1.95043
6.44325 33.1978 -1.79319
6.503 36.3753 -1.64843
6.56275 39.8641 -1.5152
6.6225 43.6948 -1.39259
6.68225 47.9008 -1.27979
6.742 52.5187 -1.17603
6.80175 57.5888 -1.0806
6.8615 63.1552 -0.992847
6.92125 69.2663 -0.912159
6.981 75.9755 -0.837979
7.04075 83.341 -0.76979
7.1005 91.4268 -0.707115
7.16025 100.303 -0.649513
7.22 110.047 -0.596579
7.27975 120.744 -0.547938
7.3395 132.486 -0.503245
7.39925 145.375 -0.462183
7.459 159.522 -0.424459
7.51875 175.051 -0.389804
7.5785 192.097 -0.357969
7.63825 210.805 -0.328727
7.698 231.34 -0.301868
7.75775 253.877 -0.277198
7.8175 278.613 -0.254539
7.87725 305.761 -0.23373
7.937 335.555 -0.214618
7.99675 368.254 -0.197067
8.0565 404.139 -0.180948
8.11625 443.519 -0.166147
8.176 486.736 -0.152554
8.23575 534.162 -0.140073
8.2955 586.204 -0.128611
8.35525 643.313 -0.118087
8.415 705.98 -0.108423
8.47475 774.743 -0.0995494
8.5345 850.197 -0.0914015
8.59425 932.988 -0.0839201
8.654 1023.83 -0.0770507
8.71375 1123.5 -0.0707434
8.7735 1232.87 -0.0649521
8.83325 1352.85 -0.0596348
8.893 1484.5 -0.0547525
8.95275 1628.94 -0.0502699
9.0125 1787.4 -0.0461542
9.07225 1961.25 -0.0423753
9.132 2151.98 -0.0389058
9.19175 2361.22 -0.0357203
9.2515 2590.77 -0.0327956
9.31125 2842.59 -0.0301103
9.371 3118.84 -0.0276448
9.43075 3421.89 -0.02538
9.4905 3754.32 -0.0233003
9.55025 4118.99 -0.0213904
9.61 4519 -0.0196364
9.66975 4957.79 -0.0180253
9.7295 5439.1 -0.0165455
9.78925 5967.04 -0.0151859
9.849 6546.13 -0.0139365
9.90875 7181.31 -0.0127883
9.9685 7878 -0.0117327
10.0282 8642.14 -0.010762
10.088 9480.27 -0.00986901
10.1478 10399.5 -0.00904718
10.2075 11407.7 -0.0082905
10.2673 12513.5 -0.00759346
10.327 13726.3 -0.00695102
10.3868 15056.3 -0.00635857
10.4465 16515 -0.0058119
10.5062 18114.8 -0.00530721
10.566 19869.3 -0.00484102
10.6258 21793.3 -0.00441021
10.6855 23903.4 -0.00401195
10.7453 26217.4 -0.00364371
10.805 28755 -0.00330321
10.8648 31537.7 -0.00298841
10.9245 34589.3 -0.0026975
10.9842 37935.7 -0.00242885
11.044 41605.3 -0.00218101
11.1037 45629.2 -0.00195269
11.1635 50041.6 -0.00174269
11.2233 54880 -0.00154996
11.283 60185.4 -0.0013735
11.3428 66002.9 -0.0012124
11.4025 72381.8 -0.00106579
11.4623 79376.2 -0.000932854
11.522 87045.4 -0.000812782
11.5817 95454.4 -0.000704797
11.6415 104674 -0.000608128
11.7012 114784 -0.000522015
11.761 125868 -0.000445706
11.8208 138021 -0.000378455
11.8805 151345 -0.000319527
11.9403 165954 -0.0002682
12 181971 -0.00022377
12.0598 199531 -0.000185556
