0 -23.534
1 -45.9607
2 -36.9474
3 -40.3353
0.05 0.05 -78.9993
0.10975 0.109661 -78.935
0.1695 0.169043 -78.8866
0.22925 0.227997 -78.8399
0.289 0.286375 -78.7923
0.34875 0.344031 -78.7427
0.4085 0.400821 -78.6904
0.46825 0.456604 -78.6348
0.528 0.511245 -78.5754
0.58775 0.564609 -78.5118
0.6475 0.616566 -78.4434
0.70725 0.666991 -78.3698
0.767 0.715765 -78.2905
0.82675 0.762773 -78.2048
0.8865 0.807904 -78.1124
0.94625 0.851055 -78.0127
1.006 0.892129 -77.905
1.06575 0.931036 -77.7888
1.1255 0.967692 -77.6633
1.18525 1.00202 -77.5281
1.245 1.03395 -77.3822
1.30475 1.06343 -77.225
1.3645 1.0904 -77.0557
1.42425 1.11481 -76.8733
1.484 1.13664 -76.6771
1.54375 1.15586 -76.4661
1.6035 1.17244 -76.2392
1.66325 1.18638 -75.9955
1.723 1.19768 -75.7338
1.78275 1.20635 -75.4531
1.8425 1.21241 -75.1521
1.90225 1.21589 -74.8295
1.962 1.21682 -74.4842
2.02175 1.21526 -74.1148
2.0815 1.21126 -73.72
2.14125 1.20488 -73.2984
2.201 1.19619 -72.8486
2.26075 1.18528 -72.3693
2.3205 1.17224 -71.8592
2.38025 1.15715 -71.3167
2.44 1.14013 -70.7407
2.49975 1.12128 -70.1298
2.5595 1.10072 -69.4828
2.61925 1.07855 -68.7987
2.679 1.05492 -68.0764
2.73875 1.02994 -67.315
2.7985 1.00374 -66.5137
2.85825 0.976452 -65.672
2.918 0.948213 -64.7893
2.97775 0.919155 -63.8656
3.0375 0.88941 -62.9009
3.09725 0.859108 -61.8952
3.157 0.82838 -60.8492
3.21675 0.797352 -59.7635
3.2765 0.766149 -58.6391
3.33625 0.734888 -57.4774
3.396 0.703686 -56.2797
3.45575 0.672652 -55.0478
3.5155 0.641888 -53.7839
3.57525 0.611493 -52.49
3.635 0.581558 -51.1687
3.69475 0.552166 -49.8226
3.7545 0.523394 -48.4546
3.81425 0.49531 -47.0678
3.874 0.467977 -45.6651
3.93375 0.441447 -44.2499
3.9935 0.415768 -42.8254
4.05325 0.390977 -41.3951
4.113 0.367106 -39.9623
4.17275 0.344177 -38.5305
4.2325 0.322207 -37.103
4.29225 0.301207 -35.6831
4.352 0.281178 -34.2741
4.41175 0.262119 -32.8793
4.4715 0.244022 -31.5017
4.53125 0.226872 -30.1442
4.591 0.210652 -28.8098
4.65075 0.19534 -27.501
4.7105 0.18091 -26.2204
4.77025 0.167336 -24.9704
4.83 0.154585 -23.753
4.88975 0.142625 -22.5703
4.9495 0.131422 -21.424
5.00925 0.12094 -20.3158
5.069 0.111142 -19.247
5.12875 0.101993 -18.2191
5.1885 0.0934541 -17.2331
5.24825 0.0854899 -16.2901
5.308 0.0780633 -15.391
5.36775 0.0711385 -14.5367
5.4275 0.06468 -13.7282
5.48725 0.0586535 -12.9664
5.547 0.0530252 -12.2525
5.60675 0.0477622 -11.5879
5.6665 0.0428329 -10.9748
5.72625 0.0382062 -10.4161
5.786 0.033852 -9.91593
5.84575 0.0297413 -9.48097
5.9055 0.0258454 -9.12154
5.96525 0.0221365 -8.85471
6.025 0.0185872 -8.71019
6.08475 0.0151709 -8.7436
6.1445 0.0118624 -9.07041
6.20425 0.00864098 -9.9715
6.264 0.00548956 -12.3584
6.32375 0.00238762 -21.8603
6.3835 -0.000691899 56.1314
6.44325 -0.0037777 7.26429
6.503 -0.00689746 2.56971
6.56275 -0.0100783 0.936505
6.6225 -0.0133477 0.177781
6.68225 -0.0167336 -0.218311
6.742 -0.0202651 -0.434013
6.80175 -0.0239726 -0.550073
6.8615 -0.027888 -0.607465
6.92125 -0.0320452 -0.628967
6.981 -0.03648 -0.628088
7.04075 -0.0412307 -0.613213
7.1005 -0.0463386 -0.589727
7.16025 -0.0518478 -0.561167
7.22 -0.057806 -0.52989
7.27975 -0.064265 -0.497479
7.3395 -0.0712806 -0.464997
7.39925 -0.0789137 -0.433148
7.459 -0.0872303 -0.402394
7.51875 -0.0963026 -0.37302
7.5785 -0.106209 -0.345194
7.63825 -0.117036 -0.318998
7.698 -0.128876 -0.294455
7.75775 -0.141832 -0.271548
7.8175 -0.156016 -0.250233
7.87725 -0.171551 -0.230446
7.937 -0.188571 -0.212114
7.99675 -0.207224 -0.195157
8.0565 -0.227669 -0.179492
8.11625 -0.250083 -0.165036
8.176 -0.274661 -0.151707
8.23575 -0.301614 -0.139427
8.2955 -0.331174 -0.128118
8.35525 -0.363595 -0.117711
8.415 -0.399158 -0.108136
8.47475 -0.438169 -0.0993306
8.5345 -0.480962 -0.0912346
8.59425 -0.527908 -0.0837928
8.654 -0.579408 -0.0769536
8.71375 -0.635906 -0.0706693
8.7735 -0.697888 -0.0648956
8.83325 -0.765886 -0.0595917
8.893 -0.840483 -0.0547197
8.95275 -0.922321 -0.0502448
9.0125 -1.0121 -0.0461351
9.07225 -1.1106 -0.0423607
9.132 -1.21865 -0.0388947
9.19175 -1.33718 -0.0357118
9.2515 -1.46722 -0.0327891
9.31125 -1.60986 -0.0301054
9.371 -1.76635 -0.0276411
9.43075 -1.93801 -0.0253772
9.4905 -2.12631 -0.0232981
9.55025 -2.33287 -0.0213887
9.61 -2.55945 -0.0196351
9.66975 -2.80799 -0.0180244
9.7295 -3.08061 -0.0165447
9.78925 -3.37964 -0.0151853
9.849 -3.70764 -0.0139361
9.90875 -4.06741 -0.012788
9.9685 -4.46202 -0.0117325
10.0282 -4.89484 -0.0107618
10.088 -5.36956 -0.00986886
10.1478 -5.89023 -0.00904707
10.2075 -6.46128 -0.00829041
10.2673 -7.08759 -0.00759339
10.327 -7.7745 -0.00695097
10.3868 -8.52785 -0.00635853
10.4465 -9.35406 -0.00581187
10.5062 -10.2602 -0.00530719
10.566 -11.2539 -0.00484101
10.6258 -12.3437 -0.0044102
10.6855 -13.5388 -0.00401194
10.7453 -14.8495 -0.0036437
10.805 -16.2868 -0.0033032
10.8648 -17.8629 -0.0029884
10.9245 -19.5913 -0.00269749
10.9842 -21.4867 -0.00242885
11.044 -23.5652 -0.00218101
11.1037 -25.8443 -0.00195269
11.1635 -28.3435 -0.00174269
11.2233 -31.084 -0.00154996
11.283 -34.089 -0.0013735
11.3428 -37.384 -0.0012124
11.4025 -40.997 -0.00106579
11.4623 -44.9586 -0.000932854
11.522 -49.3024 -0.000812782
11.5817 -54.0653 -0.000704796
11.6415 -59.2875 -0.000608127
11.7012 -65.0134 -0.000522015
11.761 -71.2914 -0.000445706
11.8208 -78.1747 -0.000378455
11.8805 -85.7216 -0.000319527
11.9403 -93.996 -0.0002682
12 -103.068 -0.00022377
12.0598 -113.014 -0.000185556
