0.0666667  -0.359176 -0.0639173
0.133333  -0.359364 -0.0634493
0.2  -0.359675 -0.0626704
0.266667  -0.360108 -0.0615791
0.333333  -0.36066 -0.0601728
0.4  -0.361329 -0.0584482
0.466667  -0.362193 -0.0562752
0.533333  -0.36308 -0.0538995
0.6  -0.36407 -0.0511894
0.666667  -0.365156 -0.0481377
0.733333  -0.366331 -0.0447365
0.8  -0.367587 -0.0409769
0.866667  -0.368915 -0.0368492
0.933333  -0.370303 -0.0323429
1  -0.371742 -0.0274467
1.06667  -0.373216 -0.0221485
1.13333  -0.374713 -0.0164353
1.2  -0.376214 -0.0102936
1.26667  -0.377703 -0.00370893
1.33333  -0.379223 0.00347508
1.4  -0.380621 0.0109899
1.46667  -0.381939 0.0189938
1.53333  -0.383149 0.0275028
1.6  -0.384223 0.0365333
1.66667  -0.385126 0.0461016
1.73333  -0.385822 0.0562238
1.8  -0.386314 0.0670711
1.86667  -0.386468 0.0783449
1.93333  -0.386285 0.0902161
2  -0.385711 0.102696
2.06667  -0.384691 0.115796
2.13333  -0.383162 0.129521
2.2  -0.381071 0.144041
2.26667  -0.378316 0.159021
2.33333  -0.37484 0.174624
2.4  -0.370561 0.190838
2.46667  -0.365394 0.207645
2.53333  -0.359226 0.225187
2.6  -0.352002 0.243085
2.66667  -0.34361 0.261466
2.73333  -0.333951 0.280273
2.8  -0.322873 0.299605
2.86667  -0.310381 0.319031
2.93333  -0.296333 0.338629
3  -0.280643 0.358285
3.06667  -0.263136 0.37803
3.13333  -0.243925 0.397393
3.2  -0.222868 0.416385
3.26667  -0.199803 0.434983
3.33333  -0.174959 0.452701
3.4  -0.148223 0.469512
3.46667  -0.119625 0.485225
3.53333  -0.0890631 0.499762
3.6  -0.0569429 0.5127
3.66667  -0.0232199 0.523991
3.73333  0.0121537 0.533557
3.8  0.0486351 0.54108
3.86667  0.0862252 0.546542
3.93333  0.124718 0.549858
4  0.164099 0.550999
4.06667  0.203724 0.549872
4.13333  0.243571 0.546531
4.2  0.283407 0.541022
4.26667  0.323208 0.533398
4.33333  0.362343 0.523802
4.4  0.40082 0.512357
4.46667  0.438455 0.49922
4.53333  0.475078 0.484567
4.6  0.510546 0.468587
4.66667  0.544731 0.451479
4.73333  0.577534 0.433448
4.8  0.608871 0.414698
4.86667  0.638685 0.39543
4.93333  0.666935 0.375836
5  0.693601 0.3561
5.06667  0.718678 0.33639
5.13333  0.742179 0.316861
5.2  0.764049 0.297733
5.26667  0.784492 0.278958
5.33333  0.803468 0.260723
5.4  0.821031 0.243112
5.46667  0.837244 0.226193
5.53333  0.852125 0.210081
5.6  0.865842 0.194683
5.66667  0.878415 0.180087
5.73333  0.889916 0.166305
5.8  0.900417 0.153337
5.86667  0.909962 0.141221
5.93333  0.918674 0.129847
6  0.926591 0.11924
6.06667  0.933776 0.109374
6.13333  0.940273 0.100252
6.2  0.946172 0.091772
6.26667  0.951509 0.0839344
6.33333  0.956333 0.0767034
6.4  0.960679 0.0700659
6.46667  0.964612 0.0639383
6.53333  0.96816 0.05831
6.6  0.971359 0.0531465
6.66667  0.974235 0.0484309
6.73333  0.976832 0.0440982
6.8  0.97917 0.0401355
6.86667  0.981275 0.0365143
6.93333  0.983165 0.0332185
7  0.98487 0.0302004
7.06667  0.986403 0.0274481
7.13333  0.987779 0.0249475
7.2  0.989019 0.0226619
7.26667  0.990133 0.0205808
7.33333  0.991136 0.0186868
7.4  0.992035 0.0169692
7.46667  0.992844 0.0154018
7.53333  0.993572 0.0139769
7.6  0.994226 0.0126818
7.66667  0.994812 0.0115088
7.73333  0.99534 0.0104396
7.8  0.995814 0.00946866
7.86667  0.996241 0.00858703
7.93333  0.996623 0.00778913
8  0.996967 0.00706252
8.06667  0.997276 0.00640312
8.13333  0.997553 0.00580656
8.2  0.997802 0.0052636
8.26667  0.998026 0.00477107
8.33333  0.998228 0.00432433
8.4  0.998408 0.00392034
8.46667  0.99857 0.00355284
8.53333  0.998716 0.0032196
8.6  0.998847 0.00291746
8.66667  0.998965 0.00264432
8.73333  0.99907 0.00239595
8.8  0.999165 0.0021708
8.86667  0.99925 0.00196672
8.93333  0.999327 0.00178228
9  0.999396 0.0016146
9.06667  0.999457 0.00146265
9.13333  0.999513 0.00132494
9.2  0.999562 0.00120051
9.26667  0.999607 0.00108741
9.33333  0.999647 0.000984942
9.4  0.999683 0.000892097
9.46667  0.999716 0.000808211
9.53333  0.999745 0.000731986
9.6  0.999771 0.00066293
9.66667  0.999794 0.000600372
9.73333  0.999815 0.000543856
9.8  0.999834 0.000492511
9.86667  0.999851 0.000446001
9.93333  0.999866 0.000403873
10  0.99988 0.000365818
10.0667  0.999892 0.000331249
10.1333  0.999903 0.00029994
10.2  0.999913 0.000271584
10.2667  0.999922 0.000245903
10.3333  0.99993 0.000222708
10.4  0.999937 0.000201641
10.4667  0.999944 0.000182562
10.5333  0.999949 0.000165286
10.6  0.999955 0.000149682
10.6667  0.999959 0.000135512
10.7333  0.999963 0.000122681
10.8  0.999967 0.000111063
10.8667  0.999971 0.00010057
10.9333  0.999974 9.10424e-05
11  0.999976 8.24159e-05
11.0667  0.999979 7.46055e-05
11.1333  0.999981 6.75518e-05
11.2  0.999983 6.11481e-05
11.2667  0.999985 5.53504e-05
11.3333  0.999986 5.01015e-05
11.4  0.999988 4.53495e-05
11.4667  0.999989 4.10585e-05
11.5333  0.99999 3.71631e-05
11.6  0.999991 3.36367e-05
11.6667  0.999992 3.04445e-05
11.7333  0.999993 2.75619e-05
11.8  0.999994 2.49454e-05
11.8667  0.999994 2.2577e-05
11.9333  0.999995 2.04331e-05
12  0.999995 1.84925e-05
12.0667  0.999996 1.67403e-05
12.1333  0.999996 1.515e-05
12.2  0.999997 1.37106e-05
12.2667  0.999997 1.24078e-05
12.3333  0.999997 1.12314e-05
12.4  0.999998 1.01639e-05
12.4667  0.999998 9.19768e-06
12.5333  0.999998 8.32322e-06
12.6  0.999998 7.53179e-06
12.6667  0.999998 6.81724e-06
12.7333  0.999999 6.16885e-06
12.8  0.999999 5.58206e-06
12.8667  0.999999 5.05102e-06
12.9333  0.999999 4.57156e-06
13  0.999999 4.13655e-06
13.0667  0.999999 3.74289e-06
13.1333  0.999999 3.38664e-06
13.2  0.999999 3.06426e-06
13.2667  0.999999 2.77322e-06
13.3333  0.999999 2.50918e-06
13.4  1 2.27025e-06
13.4667  1 2.05404e-06
13.5333  1 1.85841e-06
13.6  1 1.68179e-06
13.6667  1 1.52158e-06
13.7333  1 1.37661e-06
13.8  1 1.24544e-06
13.8667  1 1.12675e-06
13.9333  1 1.01961e-06
14  1 9.22428e-07
14.0667  1 8.34498e-07
14.1333  1 7.5494e-07
14.2  1 6.83122e-07
14.2667  1 6.17985e-07
14.3333  1 5.59052e-07
14.4  1 5.05733e-07
14.4667  1 4.57495e-07
14.5333  1 4.13951e-07
14.6  1 3.7446e-07
14.6667  1 3.38733e-07
14.7333  1 3.06412e-07
14.8  1 2.77172e-07
14.8667  1 2.50778e-07
14.9333  1 2.26842e-07
15  1 2.0519e-07
15.0667  1 1.85602e-07
15.1333  1 1.67882e-07
15.2  1 1.51888e-07
15.2667  1 1.37385e-07
15.3333  1 1.24265e-07
15.4  1 1.12397e-07
15.4667  1 1.01662e-07
15.5333  1 9.1972e-08
15.6  1 8.31862e-08
15.6667  1 7.5239e-08
15.7333  1 6.80504e-08
15.8  1 6.1548e-08
15.8667  1 5.5679e-08
15.9333  1 5.0358e-08
16  1 4.55451e-08
16.0667  1 4.11918e-08
16.1333  1 3.72543e-08
16.2  1 3.36928e-08
16.2667  1 3.04785e-08
16.3333  1 2.75644e-08
16.4  1 2.49287e-08
16.4667  1 2.25449e-08
16.5333  1 2.03888e-08
16.6  1 1.84429e-08
16.6667  1 1.66789e-08
16.7333  1 1.50835e-08
16.8  1 1.36406e-08
16.8667  1 1.23356e-08
16.9333  1 1.11578e-08
17  1 1.00902e-08
17.0667  1 9.12471e-09
17.1333  1 8.25152e-09
17.2  1 7.46183e-09
17.2667  1 6.74913e-09
17.3333  1 6.10314e-09
17.4  1 5.51894e-09
17.4667  1 4.99063e-09
17.5333  1 4.51285e-09
17.6  1 4.08078e-09
17.6667  1 3.69086e-09
17.7333  1 3.33745e-09
17.8  1 3.01786e-09
17.8667  1 2.72885e-09
17.9333  1 2.4675e-09
18  1 2.23165e-09
18.0667  1 2.0179e-09
18.1333  1 1.8246e-09
18.2  1 1.64982e-09
18.2667  1 1.49176e-09
18.3333  1 1.34912e-09
18.4  1 1.21986e-09
18.4667  1 1.10298e-09
18.5333  1 9.97284e-10
18.6  1 9.01714e-10
18.6667  1 8.15297e-10
18.7333  1 7.37313e-10
18.8  1 6.66645e-10
18.8667  1 6.02745e-10
18.9333  1 5.44968e-10
19  1 4.92725e-10
19.0667  1 4.4558e-10
19.1333  1 4.02861e-10
19.2  1 3.64235e-10
19.2667  1 3.29311e-10
19.3333  1 2.97733e-10
19.4  1 2.69182e-10
19.4667  1 2.43418e-10
19.5333  1 2.20073e-10
19.6  1 1.98966e-10
19.6667  1 1.79882e-10
19.7333  1 1.62627e-10
19.8  1 1.47027e-10
19.8667  1 1.3295e-10
19.9333  1 1.20195e-10
20  1 1.08664e-10
