7.97 177
3 2377.78
4 2357.84
5 2332.43
6 2301.73
7 2265.93
8 2225.28
9 2180.04
10 2130.51
11 2076.99
12 2019.84
13 1959.4
14 1896.03
15 1830.13
16 1762.08
17 1692.25
18 1621.05
19 1548.85
20 1476.04
21 1402.97
22 1330.01
23 1257.49
24 1185.73
25 1115.04
26 1045.69
27 977.935
28 912.014
29 848.131
30 786.467
31 727.176
32 670.388
33 616.206
34 564.711
35 515.956
36 469.973
37 426.772
38 386.342
39 348.654
40 313.661
41 281.299
42 251.494
43 224.154
44 199.183
45 176.471
46 155.904
47 137.363
48 120.723
49 105.86
50 92.6469
51 80.9584
52 70.6707
53 61.6626
54 53.8171
55 47.0215
56 41.1685
57 36.1568
58 31.891
59 28.2824
60 25.2494
61 22.7168
62 20.6166
63 18.8876
64 17.4751
65 16.3309
66 15.4129
67 14.6848
68 14.1158
69 13.68
70 13.356
71 13.1267
72 12.9786
73 12.9014
74 12.8873
75 12.9313
76 13.0299
77 13.1813
78 13.3847
79 13.6402
80 13.9483
81 14.3098
82 14.7252
83 15.195
84 15.7192
85 16.2971
86 16.9275
87 17.6084
88 18.3368
89 19.1091
90 19.9208
91 20.7667
92 21.6409
93 22.5365
94 23.4465
95 24.3631
96 25.2784
97 26.184
98 27.0715
99 27.9325
100 28.7587
101 29.5419
102 30.2744
103 30.949
104 31.5589
105 32.0979
106 32.5608
107 32.9428
108 33.2403
109 33.4504
110 33.5713
111 33.6018
112 33.5422
113 33.3933
114 33.1573
115 32.8369
116 32.4361
117 31.9596
118 31.4132
119 30.8031
120 30.1366
121 29.4217
122 28.6668
123 27.881
124 27.0739
125 26.2557
126 25.4366
127 24.6274
128 23.839
129 23.0823
130 22.3684
131 21.7084
132 21.1131
133 20.5932
134 20.1593
135 19.8212
136 19.5888
137 19.471
138 19.4765
139 19.6129
140 19.8874
141 20.3061
142 20.8743
143 21.5964
144 22.4755
145 23.5138
146 24.7123
147 26.0706
148 27.5871
149 29.2591
150 31.0823
151 33.0511
152 35.1588
153 37.397
154 39.7562
155 42.2256
156 44.7932
157 47.4457
158 50.1688
159 52.9473
160 55.7648
161 58.6045
162 61.4488
163 64.2794
164 67.0779
165 69.8257
166 72.5041
167 75.0945
168 77.5785
169 79.9386
170 82.1576
171 84.2192
172 86.1081
173 87.8102
174 89.3126
175 90.604
176 91.6745
177 92.5157
178 93.1213
179 93.4866
11.9 177
3 2215.31
4 2185.76
5 2148.3
6 2103.31
7 2051.26
8 1992.66
9 1928.11
10 1858.24
11 1783.71
12 1705.23
13 1623.52
14 1539.31
15 1453.34
16 1366.31
17 1278.94
18 1191.89
19 1105.79
20 1021.25
21 938.794
22 858.925
23 782.073
24 708.608
25 638.841
26 573.02
27 511.333
28 453.905
29 400.804
30 352.046
31 307.593
32 267.363
33 231.231
34 199.038
35 170.593
36 145.678
37 124.058
38 105.483
39 89.6921
40 76.422
41 65.4082
42 56.3906
43 49.117
44 43.3458
45 38.849
46 35.4142
47 32.8463
48 30.9682
49 29.6221
50 28.6693
51 27.9903
52 27.484
53 27.0674
54 26.6741
55 26.2531
56 25.7681
57 25.1948
58 24.5205
59 23.7417
60 22.8632
61 21.8959
62 20.8558
63 19.7626
64 18.6382
65 17.506
66 16.3894
67 15.3115
68 14.2937
69 13.3561
70 12.5159
71 11.788
72 11.1844
73 10.714
74 10.3828
75 10.194
76 10.1477
77 10.2415
78 10.4706
79 10.8279
80 11.3044
81 11.8895
82 12.5711
83 13.3361
84 14.1705
85 15.0597
86 15.989
87 16.9432
88 17.9076
89 18.8675
90 19.8089
91 20.7183
92 21.5831
93 22.3916
94 23.1329
95 23.7975
96 24.3771
97 24.8644
98 25.2536
99 25.5404
100 25.7216
101 25.7955
102 25.7619
103 25.6219
104 25.3778
105 25.0335
106 24.5939
107 24.0651
108 23.4543
109 22.7695
110 22.0198
111 21.2147
112 20.3645
113 19.4797
114 18.5712
115 17.6498
116 16.7263
117 15.8114
118 14.9153
119 14.0474
120 13.217
121 12.432
122 11.6997
123 11.0266
124 10.4177
125 9.87735
126 9.40849
127 9.01311
128 8.69208
129 8.44526
130 8.27153
131 8.16893
132 8.13471
133 8.16549
134 8.25736
135 8.40602
136 8.60693
137 8.85543
138 9.14687
139 9.47676
140 9.84084
141 10.2352
142 10.6564
143 11.1015
144 11.5681
145 12.0542
146 12.5585
147 13.0803
148 13.6193
149 14.1755
150 14.7496
151 15.3421
152 15.9541
153 16.5864
154 17.2398
155 17.9151
156 18.6127
157 19.3324
158 20.0736
159 20.8354
160 21.6158
161 22.4125
162 23.2221
163 24.0409
164 24.8641
165 25.6865
166 26.5022
167 27.3048
168 28.0876
169 28.8433
170 29.5648
171 30.2448
172 30.876
173 31.4516
174 31.9651
175 32.4106
176 32.7826
177 33.0769
178 33.2897
179 33.4185
16.8 177
3 2237.3
4 2192.17
5 2135.27
6 2067.44
7 1989.63
8 1902.95
9 1808.59
10 1707.82
11 1601.98
12 1492.43
13 1380.54
14 1267.66
15 1155.07
16 1044.02
17 935.646
18 831.001
19 731.008
20 636.466
21 548.037
22 466.245
23 391.471
24 323.959
25 263.815
26 211.022
27 165.442
28 126.833
29 94.8581
30 69.1019
31 49.0842
32 34.2754
33 24.1108
34 18.0055
35 15.3676
36 15.6114
37 18.1684
38 22.4975
39 28.0935
40 34.4938
41 41.2842
42 48.1018
43 54.6379
44 60.6383
45 65.9027
46 70.2828
47 73.6798
48 76.0402
49 77.3516
50 77.638
51 76.9541
52 75.3802
53 73.0166
54 69.9784
55 66.3902
56 62.3813
57 58.0818
58 53.6181
59 49.1099
60 44.6676
61 40.3895
62 36.361
63 32.6525
64 29.3198
65 26.4032
66 23.9283
67 21.9065
68 20.3361
69 19.2035
70 18.4848
71 18.147
72 18.1504
73 18.4495
74 18.9955
75 19.7374
76 20.6235
77 21.6033
78 22.6284
79 23.6536
80 24.6377
81 25.5447
82 26.3437
83 27.0097
84 27.5233
85 27.8712
86 28.0455
87 28.044
88 27.8691
89 27.5278
90 27.031
91 26.3925
92 25.629
93 24.7588
94 23.8017
95 22.7779
96 21.7075
97 20.6104
98 19.5051
99 18.409
100 17.3376
101 16.3045
102 15.3211
103 14.3967
104 13.5381
105 12.7502
106 12.0356
107 11.3951
108 10.8276
109 10.3307
110 9.90053
111 9.53236
112 9.22067
113 8.95946
114 8.74248
115 8.56348
116 8.41638
117 8.29544
118 8.19539
119 8.11156
120 8.03991
121 7.97709
122 7.92042
123 7.86791
124 7.81816
125 7.77032
126 7.72404
127 7.67932
128 7.63644
129 7.59588
130 7.55822
131 7.52402
132 7.49382
133 7.46799
134 7.44676
135 7.43016
136 7.41798
137 7.40982
138 7.4051
139 7.40306
140 7.40282
141 7.40344
142 7.40397
143 7.40349
144 7.40119
145 7.39641
146 7.3887
147 7.37782
148 7.36383
149 7.34704
150 7.32806
151 7.30778
152 7.28729
153 7.26794
154 7.25121
155 7.23868
156 7.23198
157 7.2327
158 7.24233
159 7.26218
160 7.29333
161 7.33656
162 7.39233
163 7.46068
164 7.54126
165 7.63331
166 7.73566
167 7.84672
168 7.96459
169 8.08701
170 8.21151
171 8.33543
172 8.456
173 8.57046
174 8.67609
175 8.77035
176 8.85092
177 8.9158
178 8.96335
179 8.99237
