133
0.35 5.75593e-07 7.34552e-07 -0 7.34552e-07 6.25729e-16 7.34548e-07
0.55 0.000853965 0.00281111 -0 0.00280768 3.438e-06 0.00281109
0.75 0.0118167 0.207296 -0 0.206958 0.000338227 0.207295
0.95 0.0481999 0.834633 -0 0.833125 0.00150866 0.83463
1.15 0.125655 1.22422 -0 1.22188 0.00234351 1.22421
1.35 0.259981 2.08432 -0 2.08021 0.00411128 2.08431
1.55 0.467273 3.67313 -0 3.66576 0.00737378 3.6731
1.75 0.763966 5.93786 -0 5.92574 0.0121225 5.93781
1.95 1.16674 8.56732 -0 8.54949 0.0178269 8.56723
2.15 11.3005 11.4189 -0 11.3947 0.0242382 11.4188
2.35 14.3475 14.5848 -0 14.5533 0.0315536 14.5846
2.55 18.2394 18.2487 -0 18.2085 0.0401538 18.2484
2.75 22.6377 22.6369 -0 22.5864 0.0505004 22.6365
2.95 28.0611 28.061 -0 27.9978 0.0631991 28.0604
3.15 35.035 35.0362 -0 34.957 0.0791963 35.0354
3.35 44.5599 44.5642 -0 44.4639 0.100251 44.5631
3.55 58.8808 58.8908 -0 58.7606 0.130209 58.8894
3.75 83.7896 83.8085 -0 83.6295 0.178922 83.8068
3.95 136.335 136.375 -0 136.099 0.275543 136.373
4.15 267.271 267.315 -0 266.806 0.508189 267.313
4.35 515.527 515.594 -0 514.641 0.952636 515.592
4.55 550.867 550.86 -0 549.815 1.04417 550.857
4.75 423.5 423.594 -0 422.745 0.848518 423.59
4.95 352.282 352.358 -0 351.611 0.746292 352.354
5.15 326.909 326.981 -0 326.256 0.724926 326.976
5.35 325.896 325.97 -0 325.221 0.748678 325.964
5.55 339.233 339.325 -0 338.524 0.800753 339.319
5.75 362.78 362.872 -0 361.998 0.87424 362.865
5.95 395.239 395.279 -0 394.312 0.967141 395.271
6.15 436.955 436.991 -0 435.91 1.08064 436.982
6.35 489.892 489.935 -0 488.716 1.21877 489.925
6.55 557.264 557.326 -0 555.937 1.38835 557.314
6.75 642.631 642.702 -0 641.105 1.59771 642.69
6.95 746.758 746.84 -0 744.988 1.8515 746.826
7.15 862.058 862.167 -0 860.028 2.13993 862.153
7.35 969.932 970.078 -0 967.647 2.43129 970.063
7.55 1050.37 1050.52 -0 1047.83 2.68664 1050.5
7.75 1097.34 1097.43 -0 1094.54 2.88938 1097.41
7.95 1119.79 1119.89 -0 1116.84 3.05194 1119.87
8.15 1130.75 1130.86 -0 1127.66 3.19712 1130.84
8.35 1139.36 1139.47 -0 1136.13 3.34285 1139.45
8.55 1150.07 1150.2 -0 1146.7 3.49918 1150.18
8.75 1164.36 1164.48 -0 1160.81 3.67054 1164.46
8.95 1182.15 1182.28 -0 1178.42 3.85838 1182.25
9.15 1202.76 1202.9 -0 1198.83 4.06266 1202.87
9.35 1225.26 1225.43 -0 1221.14 4.28271 1225.4
9.55 1248.79 1248.96 -0 1244.44 4.51761 1248.93
9.75 1272.57 1272.66 -0 1267.89 4.76641 1272.63
9.95 1295.75 1295.84 -0 1290.82 5.02824 1295.81
10.15 1317.9 1318 -0 1312.69 5.3024 1317.97
10.35 1338.65 1338.76 -0 1333.17 5.58843 1338.73
10.55 1357.82 1357.94 -0 1352.06 5.8861 1357.91
10.75 1375.34 1375.47 -0 1369.27 6.19541 1375.43
10.95 1391.24 1391.36 -0 1384.85 6.51659 1391.33
11.15 1405.59 1405.72 -0 1398.87 6.85005 1405.69
11.35 1418.53 1418.68 -0 1411.48 7.19633 1418.64
11.55 1430.22 1430.38 -0 1422.83 7.55606 1430.35
11.75 1440.82 1440.99 -0 1433.06 7.92995 1440.95
11.95 1450.45 1450.64 -0 1442.32 8.31873 1450.6
12.15 1459.27 1459.46 -0 1450.74 8.72313 1459.42
12.35 1467.43 1467.56 -0 1458.42 9.14387 1467.52
12.55 1474.9 1475.03 -0 1465.45 9.58168 1474.99
12.75 1481.81 1481.94 -0 1471.9 10.0372 1481.9
12.95 1488.21 1488.34 -0 1477.83 10.5111 1488.3
13.15 1494.12 1494.27 -0 1483.26 11.004 1494.23
13.35 1499.61 1499.76 -0 1488.24 11.5165 1499.71
13.55 1504.68 1504.82 -0 1492.77 12.049 1504.78
13.75 1509.31 1509.47 -0 1496.87 12.602 1509.43
13.95 1513.54 1513.72 -0 1500.54 13.1761 1513.67
14.15 1517.38 1517.56 -0 1503.79 13.7716 1517.51
14.35 1520.82 1521 -0 1506.61 14.3889 1520.95
14.55 1523.85 1524.04 -0 1509.01 15.0284 1523.99
14.75 1526.49 1526.67 -0 1510.98 15.6905 1526.63
14.95 1528.73 1528.92 -0 1512.54 16.3754 1528.87
15.15 1530.57 1530.77 -0 1513.68 17.0834 1530.72
15.35 1542.69 1542.81 -0 1524.88 17.9357 1542.77
15.55 1543.77 1543.9 -0 1525.21 18.6971 1543.86
15.75 1544.45 1544.59 -0 1525.11 19.4824 1544.54
15.95 1544.75 1544.88 -0 1524.59 20.2919 1544.84
16.15 1544.67 1544.81 -0 1523.68 21.126 1544.76
16.35 1544.24 1544.39 -0 1522.4 21.9848 1544.34
16.55 1543.49 1543.64 -0 1520.77 22.8687 1543.6
16.75 1542.44 1542.6 -0 1518.82 23.778 1542.55
16.95 1541.13 1541.28 -0 1516.56 24.7131 1541.23
17.15 1539.54 1539.7 -0 1514.03 25.6741 1539.66
17.35 1537.74 1537.91 -0 1511.25 26.6614 1537.86
17.55 1535.72 1535.9 -0 1508.23 27.6754 1535.86
17.75 1533.54 1533.72 -0 1505.01 28.7163 1533.68
17.95 1531.19 1531.38 -0 1501.6 29.7846 1531.33
18.15 1528.7 1528.9 -0 1498.02 30.8805 1528.85
18.35 1526.07 1526.26 -0 1494.26 32.0054 1526.22
18.55 1523.28 1523.5 -0 1490.34 33.16 1523.45
18.75 1520.4 1520.62 -0 1486.28 34.3448 1520.58
18.95 1517.5 1517.65 -0 1482.09 35.5604 1517.61
19.15 1514.44 1514.6 -0 1477.79 36.8071 1514.55
19.35 1511.32 1511.48 -0 1473.4 38.0854 1511.43
19.55 1508.15 1508.3 -0 1468.91 39.3959 1508.26
19.75 1504.93 1505.08 -0 1464.35 40.7389 1505.04
19.95 1501.68 1501.83 -0 1459.72 42.1149 1501.79
20.15 1498.4 1498.55 -0 1455.03 43.5244 1498.51
20 1500.87 1501.01 -0 1458.55 42.4641 1500.97
25.625 1410.76 1410.93 -0 1314.6 96.3381 1410.89
31.25 1331.01 1331.22 -0 1151.28 179.955 1331.18
36.875 1266.58 1266.8 -0 981.629 285.208 1266.76
42.5 1216.67 1216.9 -0 821.749 395.22 1216.87
48.125 1175.66 1175.9 -0 682.034 493.975 1175.88
53.75 1138.83 1139.06 -0 565.928 573.295 1139.04
59.375 1103.8 1104.01 -0 471.857 632.382 1103.99
65 1070.41 1070.62 -0 396.128 674.811 1070.59
70.625 1039.8 1040.07 -0 334.819 705.69 1040.05
76.25 1011.97 1012.21 -0 285.03 727.772 1012.19
81.875 986.73 986.953 -0 244.381 743.354 986.932
87.5 963.942 964.192 -0 210.976 754.236 964.171
93.125 943.559 943.775 -0 183.335 761.759 943.754
98.75 925.323 925.514 -0 160.305 766.898 925.493
104.375 908.947 909.197 -0 140.989 770.36 909.175
110 894.395 894.608 -0 124.684 772.654 894.586
115.625 881.35 881.536 -0 110.834 774.149 881.513
121.25 869.558 869.779 -0 99.0011 775.114 869.756
126.875 858.94 859.152 -0 88.8353 775.748 859.127
132.5 849.312 849.479 -0 80.0557 776.197 849.454
138.125 840.41 840.602 -0 72.4356 776.571 840.576
143.75 832.206 832.377 -0 65.7908 776.952 832.35
149.375 824.473 824.672 -0 59.9707 777.405 824.644
155 817.202 817.372 -0 54.8516 777.975 817.343
160.625 810.224 810.372 -0 50.3312 778.7 810.342
166.25 803.412 803.585 -0 46.3243 779.604 803.553
171.875 796.776 796.934 -0 42.7598 780.708 796.901
177.5 790.177 790.358 -0 39.578 782.021 790.324
183.125 783.65 783.809 -0 36.7282 783.549 783.773
188.75 777.055 777.25 -0 34.1678 785.293 777.213
194.375 770.486 770.658 -0 31.8602 787.248 770.619
200 763.868 764.019 -0 29.7743 789.406 763.979
100
2 2713.78
4 5448.27
6 4305.77
8 4064.73
10 3370.07
12 3029.1
14 2836.76
16 2785.96
18 2763.35
20 2777.08
22 2815.84
24 2868.65
26 2924.64
28 2977.57
30 3021.41
32 3055.64
34 3079.74
36 3092.69
38 3095.4
40 3088.86
42 3074.07
44 3051.68
46 3022.79
48 2988.27
50 2949.64
52 2907.22
54 2861.89
56 2814.46
58 2765.44
60 2715.48
62 2665.27
64 2614.86
66 2564.95
68 2515.32
70 2466.45
72 2418.7
74 2371.88
76 2325.89
78 2281.61
80 2238.33
82 2196.21
84 2155.67
86 2116.26
88 2078.41
90 2041.54
92 2006.52
94 1972.52
96 1939.17
98 1907.94
100 1877.57
102 1848.62
104 1820.75
106 1793
108 1767.96
110 1743.3
112 1719.15
114 1696.65
116 1674.28
118 1652.83
120 1632.89
122 1613.66
124 1594.32
126 1576.87
128 1559.51
130 1542.18
132 1526.7
134 1511.25
136 1496.77
138 1482.45
140 1468.5
142 1455.65
144 1442.69
146 1430.5
148 1418.77
150 1407.18
152 1396.56
154 1386.03
156 1375.83
158 1366.21
160 1356.53
162 1347.72
164 1338.69
166 1330.54
168 1322.26
170 1314.32
172 1306.85
174 1299.52
176 1292.24
178 1285.35
180 1278.77
182 1272.33
184 1266.26
186 1259.99
188 1254.29
190 1248.55
192 1243.13
194 1237.67
196 1232.9
198 1227.78
200 1223.28
