133
0.35 1477.71 1656.47 1632.22 -9.42508e-05 24.248
0.55 931.909 1376.97 1356.47 -0.000309234 20.4995
0.75 1341.46 1346.07 1325.6 -0.000646877 20.4731
0.95 1430.38 1439.06 1416.59 -0.00110056 22.469
1.15 1583.86 1588.92 1563.34 -0.00160192 25.5855
1.35 1728.2 1735.66 1706.73 -0.00202296 28.9331
1.55 1823.97 1834.62 1802.88 -0.00224378 31.7482
1.75 1856.88 1871.36 1837.69 -0.00222862 33.6776
1.95 1837.95 1856.73 1821.95 -0.00202946 34.7814
2.15 1786.61 1810.06 1774.76 -0.00173273 35.3054
2.35 1719.38 1747.75 1712.26 -0.0014131 35.4917
2.55 1646.78 1680.4 1644.89 -0.00111733 35.5149
2.75 1574.81 1614.05 1578.56 -0.000867285 35.4867
2.95 1506.63 1551.87 1516.39 -0.000668219 35.4772
3.15 1443.88 1495.43 1459.9 -0.000516253 35.5307
3.35 1444.56 1445.39 1409.72 -0.000403345 35.6754
3.55 1400.81 1401.86 1365.93 -0.000320122 35.9297
3.75 1363.36 1364.68 1328.38 -0.000257293 36.3049
3.95 1331.85 1333.5 1296.69 -0.000206247 36.8076
4.15 1305.85 1307.9 1270.45 -0.000159251 37.4413
4.35 1284.87 1287.4 1249.19 -0.000109504 38.2072
4.55 1268.42 1271.52 1232.42 -5.11578e-05 39.1048
4.75 1255.99 1259.76 1219.63 2.06336e-05 40.132
4.95 1247.07 1251.63 1210.34 0.000109609 41.2855
5.15 1241.13 1246.6 1204.04 0.000218267 42.5606
5.35 1237.63 1244.17 1200.22 0.000347726 43.9512
5.55 1236.08 1243.83 1198.38 0.000497644 45.4498
5.75 1235.86 1245.05 1198 0.000666209 47.0477
5.95 1236.51 1247.34 1198.6 0.000850233 48.7351
6.15 1250.14 1250.23 1199.73 0.00104535 50.5018
6.35 1253.22 1253.32 1200.98 0.00124633 52.3374
6.55 1256.13 1256.23 1202 0.00144741 54.232
6.75 1258.58 1258.7 1202.52 0.00164275 56.1769
6.95 1260.37 1260.51 1202.34 0.00182671 58.1647
7.15 1261.36 1261.53 1201.34 0.0019942 60.1902
7.35 1261.52 1261.73 1199.48 0.00214079 62.2498
7.55 1260.87 1261.1 1196.76 0.00226286 64.3421
7.75 1259.46 1259.71 1193.24 0.00235756 66.4676
7.95 1257.4 1257.65 1189.02 0.00242276 68.6283
8.15 1254.75 1255.05 1184.22 0.00245695 70.8278
8.35 1251.7 1252.05 1178.97 0.00245911 73.0706
8.55 1248.37 1248.77 1173.41 0.00242856 75.3618
8.75 1244.91 1245.37 1167.66 0.00236492 77.7073
8.95 1241.42 1241.96 1161.85 0.00226798 80.113
9.15 1238.6 1238.67 1156.08 0.00213766 82.5849
9.35 1235.5 1235.57 1150.44 0.00197397 85.1287
9.55 1232.69 1232.77 1145.02 0.00177707 87.7499
9.75 1230.23 1230.31 1139.85 0.00154721 90.4532
9.95 1228.12 1228.23 1134.99 0.00128482 93.2429
10.15 1226.46 1226.57 1130.45 0.000990548 96.1224
10.35 1225.22 1225.33 1126.24 0.000665298 99.0943
10.55 1224.38 1224.5 1122.34 0.000310308 102.16
10.75 1223.94 1224.05 1118.73 -7.28258e-05 105.321
10.95 1223.84 1223.95 1115.37 -0.000482105 108.575
11.15 1224.04 1224.15 1112.22 -0.000915116 111.923
11.35 1224.47 1224.59 1109.23 -0.00136902 115.361
11.55 1225.08 1225.21 1106.32 -0.00184058 118.887
11.75 1225.81 1225.94 1103.44 -0.00232619 122.496
11.95 1226.57 1226.71 1100.53 -0.00282198 126.184
12.15 1227.31 1227.46 1097.52 -0.00332385 129.946
12.35 1227.96 1228.12 1094.35 -0.00382761 133.777
12.55 1228.57 1228.64 1090.97 -0.00432902 137.671
12.75 1228.88 1228.96 1087.34 -0.00482397 141.623
12.95 1228.95 1229.03 1083.41 -0.00530856 145.628
13.15 1228.72 1228.82 1079.15 -0.00577916 149.681
13.35 1228.22 1228.31 1074.53 -0.00623257 153.778
13.55 1227.37 1227.47 1069.56 -0.00666598 157.914
13.75 1226.2 1226.29 1064.21 -0.00707713 162.087
13.95 1224.66 1224.78 1058.49 -0.00746426 166.292
14.15 1222.82 1222.93 1052.41 -0.00782617 170.53
14.35 1220.65 1220.76 1045.98 -0.00816217 174.796
14.55 1218.18 1218.29 1039.21 -0.00847212 179.092
14.75 1215.4 1215.53 1032.12 -0.00875632 183.415
14.95 1212.36 1212.5 1024.74 -0.00901555 187.766
15.15 1209.09 1209.24 1017.1 -0.00925097 192.145
15.35 1210.23 1210.39 1012.86 -0.00936055 197.539
15.55 1206.28 1206.46 1004.49 -0.00949316 201.974
15.75 1202.23 1202.4 995.966 -0.0096101 206.443
15.95 1198.07 1198.25 987.308 -0.0097142 210.947
16.15 1193.94 1194.02 978.544 -0.00980838 215.489
16.35 1189.67 1189.76 969.696 -0.00989557 220.07
16.55 1185.37 1185.47 960.786 -0.00997871 224.691
16.75 1181.07 1181.18 951.832 -0.0100607 229.354
16.95 1176.8 1176.9 942.854 -0.0101442 234.059
17.15 1172.56 1172.66 933.865 -0.0102321 238.808
17.35 1168.36 1168.47 924.882 -0.0103269 243.603
17.55 1164.22 1164.35 915.915 -0.0104311 248.443
17.75 1160.16 1160.29 906.976 -0.0105469 253.329
17.95 1156.2 1156.33 898.074 -0.0106765 258.262
18.15 1152.32 1152.45 889.217 -0.0108218 263.242
18.35 1148.54 1148.67 880.411 -0.0109846 268.269
18.55 1144.84 1144.99 871.662 -0.0111665 273.343
18.75 1141.28 1141.43 862.973 -0.0113688 278.464
18.95 1137.81 1137.97 854.348 -0.0115929 283.631
19.15 1134.44 1134.62 845.789 -0.0118396 288.842
19.35 1131.2 1131.38 837.297 -0.0121098 294.098
19.55 1128.07 1128.26 828.872 -0.0124042 299.396
19.75 1125.13 1125.24 820.514 -0.0127232 304.736
19.95 1122.22 1122.32 812.222 -0.013067 310.115
20.15 1119.41 1119.51 803.994 -0.0134357 315.531
20 1121.5 1121.61 810.159 -0.0131568 311.465
25.625 1063.43 1063.6 595.432 -0.03041 468.2
31.25 1017.13 1017.33 413.377 -0.0525388 604.01
36.875 979.793 980.022 279.004 -0.0824756 701.1
42.5 943.779 943.92 186.019 -0.123753 758.025
48.125 905.989 906.237 123.27 -0.178414 783.146
53.75 868.018 868.254 81.4135 -0.2497 787.09
59.375 833.172 833.388 53.5459 -0.340295 780.182
65 802.113 802.326 35.0994 -0.453422 767.68
70.625 774.889 775.063 22.9557 -0.593234 752.701
76.25 751.251 751.494 14.991 -0.764964 737.268
81.875 731.173 731.377 9.78081 -0.975308 722.572
87.5 714.198 714.374 6.37842 -1.23288 709.228
93.125 699.858 700.1 4.15914 -1.5487 697.489
98.75 687.996 688.213 2.71279 -1.93693 687.437
104.375 678.031 678.201 1.7699 -2.4143 678.845
110 669.491 669.727 1.15528 -3.0015 671.573
115.625 662.296 662.488 0.754567 -3.72295 665.456
121.25 656.053 656.216 0.493198 -4.60674 660.329
126.875 650.475 650.685 0.322618 -5.68441 656.047
132.5 645.528 645.704 0.211211 -6.99034 652.483
138.125 640.897 641.115 0.138393 -8.56099 649.538
143.75 636.591 636.789 0.0907578 -10.4338 647.132
149.375 632.467 632.618 0.0595699 -12.6458 645.204
155 628.321 628.515 0.0391326 -15.2324 643.708
160.625 624.239 624.408 0.0257284 -18.2258 642.608
166.25 620.045 620.24 0.0169294 -21.6536 641.877
171.875 615.795 615.964 0.0111485 -25.5374 641.49
177.5 611.384 611.545 0.00734726 -29.892 641.43
183.125 606.782 606.958 0.00484572 -34.7246 641.677
188.75 602.034 602.185 0.00319819 -40.0345 642.217
194.375 597.034 597.22 0.00211226 -45.8129 643.03
200 591.891 592.06 0.00139596 -52.0436 644.102
100
2 4700.52
4 4094.31
6 3401.99
8 2904.97
10 2517.54
12 2302.08
14 2204.34
16 2154.11
18 2116.45
20 2115.99
22 2146.59
24 2192.67
26 2241.46
28 2286.68
30 2326.55
32 2361.59
34 2391.16
36 2414.51
38 2430.33
40 2440.9
42 2444.01
44 2441.8
46 2433.66
48 2420.6
50 2403.28
52 2381.97
54 2357.9
56 2330.73
58 2301.32
60 2269.84
62 2236.73
64 2202.42
66 2166.88
68 2130.78
70 2094.09
72 2057.13
74 2020.11
76 1983.2
78 1946.48
80 1910.11
82 1873.95
84 1838.5
86 1804.14
88 1769.92
90 1736.01
92 1703.78
94 1671.91
96 1642.32
98 1612.01
100 1583.66
102 1554.94
104 1527.79
106 1500.85
108 1474.71
110 1449.17
112 1424.75
114 1400.91
116 1377.84
118 1355.24
120 1333.44
122 1312.86
124 1292.41
126 1272.93
128 1253.8
130 1235.69
132 1218.11
134 1201.13
136 1184.55
138 1168.81
140 1153.48
142 1138.63
144 1124.46
146 1110.96
148 1097.79
150 1085.15
152 1072.71
154 1061.06
156 1049.5
158 1038.35
160 1027.54
162 1017.43
164 1007.5
166 997.951
168 988.818
170 979.757
172 971.303
174 962.91
176 954.774
178 947.051
180 939.493
182 932.358
184 925.153
186 918.27
188 912.012
190 905.545
192 899.357
194 893.442
196 887.505
198 882.031
200 876.387
