21. 1
McCamis et al, Phys Rev C 33 1624 (1986) _______________________from table
47 X
10.22 14790. -3.6
12.77 6046.  -3.2
15.32 3139.  -2.8
17.88 1881.  -2.9
20.43 1112.  -2.8
22.98  651.2 -2.9
25.53  375.9 -2.9
28.08  212.7 -3.1
30.63  114.8 -3.1
33.17   64.45 -4.0
35.72   43.49  -3.0
38.26   47.60  -2.9
40.80   60.25  -2.9
43.34   75.67  -3.1
45.88   86.84  -2.9
48.42   93.76  -2.9
50.96   90.68  -2.8
53.49   80.56  -2.9
56.02   67.90  -2.8
58.55   54.63  -3.0
61.08   40.84  -2.9
63.61   28.38  -3.2
66.13   18.62  -3.2
68.65   11.16  -3.3
71.17   7.270  -3.0
73.69   5.463  -4.4
76.21   5.699  -5.3
78.72   6.892  -4.9
81.23   7.772  -3.5
86.24   11.13  -3.1
91.25   12.03  -3.0
96.24   10.33  -3.4
101.23  8.230  -3.4
106.21  5.141  -3.4
111.17  2.838  -3.2
116.13  1.734  -3.0
121.08  1.233  -3.0
126.02  1.186  -3.2
130.96  1.479  -2.9
135.88  1.924  -3.2
140.80  2.148  -3.1
145.72  2.218  -3.2
150.62  2.169  -3.1
155.53  2.026  -3.2
160.43  1.706  -3.0
165.32  1.499  -3.1
170.22  0.960  -4.0
0 A
25 1
McCamis et al, Phys Rev C 33 1624 (1986) _______________________from table
46 X
10.22 10660 -3.5
12.77 4880  -3.0
15.32 2765. -2.8
17.88 1732  -2.9
20.43 1010. -2.8
22.98 615.0 -2.9
25.53 319.2 -3.0
28.08 147.8 -3.8
30.63  53.20 -3.4
33.17  24.59  -4.2
35.72  30.81  -2.8
38.26  51.16  -3.1
40.81  79.32  -2.9
43.35  99.98  -2.9
45.89  107.4  -2.8
48.43  108.1  -2.9
50.96  94.50  -2.8
53.50  77.32  -2.9
56.03  58.05  -2.9
58.56  42.34  -3.1
61.09  28.54  -3.0
63.61  17.56  -3.5
66.14  11.24  -3.2
71.18  7.007  -3.0
73.70  8.332  -3.6
76.21  9.646  -3.6
78.73  11.12  -3.5
81.24  12.26  -3.0
86.25  11.97  -3.0
91.25  10.25  -3.7
96.25   6.281 -3.3
101.24  3.657  -4.0
106.21  2.246  -4.3
111.18  1.515  -3.3
116.14  1.475  -3.1
121.09  1.563  -3.0
126.03  1.540  -3.1
130.96  1.424  -2.9
135.98  1.235  -3.3
140.81  1.113  -3.4
145.72  1.102  -3.6
150.63  1.094  -3.1
155.53  1.125  -3.1
160.43  1.212  -3.0
165.32  1.263  -3.2
170.22  1.425  -3.2
0 A
30.0 1
McCamis et al, Phys Rev C 33 1624 (1986) _______________________from table
47 X
10.22 7591.0 -3.0
12.77 4184.0 -3.0
15.33 2542.0 -2.8
17.88 1623.0 -2.9
20.43 936.0  -2.8
22.98 524.9  -2.9
25.53 229.9  -2.9
28.08  82.58  -3.2
30.63  29.72  -2.8
33.18  29.18  -3.5
35.72  51.54  -3.1
38.27  83.56  -3.1
40.81  107.0  -2.8
43.35  116.5  -2.8
45.89  114.7  -2.9
48.43  102.1  -3.0
50.97   79.06 -2.8
53.50   58.52  -3.1
56.03   39.02  -3.0
58.56   24.99  -3.4
61.09   15.56  -3.1
63.62   10.21  -3.1
66.14    8.434  -2.9
68.67    8.332   -3.0
71.19    9.398  -3.0
73.70    10.65   -3.1
76.22    11.28   -3.3
78.73    11.55   -3.2
81.24     9.998  -3.1
86.26     7.049  -3.4
91.26     4.383  -4.5
96.26     2.562  -4.1
101.24    1.585  -3.1
106.22    1.446  -2.9
111.18    1.538  -2.9
116.14    1.566  -2.9
121.09    1.421  -2.9
126.03    1.002  -3.4
130.97    0.626  -3.4
135.89    0.353  -4.6
140.81    0.303  -3.6
145.72    0.430  -3.3
150.63    0.601  -3.0
155.53    0.743  -3.0
160.43    0.806  -3.0
165.33    0.751  -3.7
170.22    0.600  -6.5
0 A
40  1
McCamis et al, Phys Rev C 33 1624 (1986) _______________________from table
47 X
10.22 5966. -3.0
12.78 3875  -3.0
15.33 2586. -2.9
17.88 1603  -2.9
20.44  888.0  -2.8
22.99  433.9 -2.9
25.54  171.6  -2.9
28.09   66.28  -3.0
30.64   45.69  -2.8
33.18   67.24  -2.9
35.73   92.83  -2.8
38.28   109.6  -2.9
40.82   110.6  -2.8
43.36   99.34  -2.9
45.90   77.68  -2.9
48.44   54.87  -3.1
50.98   34.96  -2.9
53.51   21.33  -3.4
56.04   12.44  -3.1
58.57    9.212  -3.1
61.10    8.318  -2.9
63.63    8.616  -3.0
66.15    8.987  -2.9
68.68    9.000  -3.0
71.20    8.755  -3.0
73.71    7.833  -3.6
76.23    6.267  -4.1
78.74    4.467  -4.4
81.25    3.259  -4.3
86.27    1.832  -5.1
91.27    1.320  -3.5
96.27    1.143  -3.1
101.25   1.116  -2.9
106.23   0.832  -3.3
111.20   0.562  -3.3
116.15   0.341  -3.9
121.10   0.231  -3.2
126.04   0.211  -3.1
130.97   0.201  -2.9
135.90   0.185  -3.1
140.82   0.150  -3.1
145.73   0.123  -3.7
150.64   0.117  -3.6
155.54   0.126  -4.1
160.44   0.125  -3.6
165.33   0.106  -4.1
170.22   0.068  -5.4
0 A
45.0  1
McCamis et al, Phys Rev C 33 1624 (1986) _______________________from table
47 X
10.22 4721. -4.1
12.78 3340. -8.4
15.33 2370.  -2.9
17.89 1427.0 -3.1
20.44  772.0 -2.8
22.99  391.0 -3.2
25.54  136.6 -2.9
28.09   57.53 -2.9
30.64   53.75  -2.8
33.19  77.13  -2.9
35.73  96.17  -2.8
38.28  105.3  -2.9
40.82  94.29  -2.8
43.37  76.40  -3.0
45.91  52.53  -2.9
48.44  34.26  -3.2
50.98  19.88  -3.0
53.52  12.07  -3.2
56.05   8.123 -2.9
58.58   7.404 -2.9
61.11   7.842 -2.9
63.64   7.886 -2.9
66.16   7.808 -3.0
68.68   6.883 -3.0
71.20 5.771 -3.3
73.72  4.423 -4.0
76.24  3.237 -3.4
78.75  2.383  -3.5
81.26  1.447  -3.3
86.27  0.974  -3.6
91.28  0.818  -3.3
96.27  0.802  -3.9
101.26 0.657  -3.2
106.24 0.409  -3.5
111.20 0.222  -3.4
116.16 0.144  -3.5
121.11 0.131  -3.0
126.05  0.134  -3.4
130.98  0.134  -3.4
135.90  0.098  -3.6
140.82  0.070  -3.4
145.73  0.041  -4.1
150.64  0.031  -3.9
155.54  0.038  -4.2
160.44  0.046  -3.8
165.33  0.048  -5.2
170.22  0.032  -4.6
0 A
48.4  1
McCamis et al, Phys Rev C 33 1624 (1986) _______________________from table
47 X
10.22 4467. -2.9
12.78 3057.  -4.3
15.33  2120. -2.9
17.89  1246.  -3.0
20.44  688.5  -2.8
22.99  311.8  -3.2
25.54  111.9  -2.9
28.09   52.54 -2.9
30.64   56.48 -2.8
33.19   81.02  -2.9
35.74   94.26  -2.8
38.28   94.25  -2.9
40.83   82.08  -2.8
43.37   61.58  -3.0
45.91   40.93  -3.0
48.45   24.35  -3.3
50.98   13.90  -3.0
53.52    9.046  -3.4
56.05    6.995  -2.9
58.58    6.951  -3.0
61.11    7.063  -2.9
63.64    7.096  -2.9
66.16    6.310  -3.1
68.69    5.334  -3.1
71.21    4.207  -3.2
73.72    3.043  -3.4
76.24    2.144  -3.8
78.75    1.558  -4.6
81.26    1.126  -3.9
86.28    0.640  -5.4
91.28    0.494  -4.9
96.28    0.429  -6.4
101.26   0.390  -3.5
106.24   0.219  -4.5
111.21   0.130  -3.3
116.16   0.108  -3.0
121.11   0.102  -3.0
126.05   0.093  -3.3
130.98   0.078  -3.3
135.91   0.052  -3.7
140.82   0.033  -4.0
145.74   0.018  -5.6
150.64   0.015  -4.3
155.54   0.019  -4.6
160.44   0.024  -3.9
165.33   0.024  -7.2
170.22   0.021  -4.4
0 A
65 1
Sakaguchi et al., Phys. Rev. C 26, 944 (1982) _________from table
28 X
14.75 1460. -4.
15.79 1160. -4.
17.86 781.  -4.
19.10 476.  -4.
20.54 332.  -4.
21.58 210.  -4.
22.40 138.  -4.
23.44  81.3 -4.
24.26  53.5  -4.
25.71  33.3  -4.
26.33  28.0  -4.
27.36  30.8  -4.
28.60  35.2  -4.
29.64  41.8  -4.
30.67  46.8  -4.
33.36  55.6  -4.
35.84  51.5  -4.
38.11  39.5  -4.
40.80  25.5  -4.
43.49  13.4  -4.
45.97   7.27 -4.
48.45   4.52 -4.
51.14   3.88  -4.
53.20   3.88  -4.
55.89   3.81  -4.
58.79   3.09  -4.
61.27   2.41  -4.
65.81   1.04  -4.
30 A
14.91 -1.18e-3 .1
15.85 -2.19e-2 .1
17.53 -5.92e-2 .1
19.09 -8.82e-2 .1
20.14 -1.30e-1 .1
21.29 -1.42e-1 .1
22.02 -1.59e-1 .1
23.17 -1.42e-1 .1
24.11  7.10e-3 .1
25.37  .338    .1
26.41  .678    .1
27.46  .836    .1
28.40  .856    .1
29.34  .773    .1
30.38  .744    .1
30.38  .720    .1
33.00  .570    .1
35.51  .459    .1
38.22  .384    .1
40.73  .322    .1
43.14  .305    .1
45.85  .413    .1
48.36  .691    .1
50.87  .951    .1
53.59  1.0     .1
56.10  .951    .1
58.61  .869    .1
61.22  .831    .1
66.34  .691    .0165
71.25  .686    .027
65. 1
Noro Nuc Phys A366, 189 (1981) from DARPE
28 X
15.16 1.507E+03 1.838E+00
16.18 1.170E+03 3.721E+00
17.72 7.890E+02 8.105E-01
19.25 4.818E+02 2.354E+00
20.27 3.388E+02 8.524E-01
21.30 2.165E+02 9.813E-01
22.32 1.425E+02 4.132E-01
23.34 8.404E+01 5.546E-01
24.37 5.398E+01 2.577E-01
25.39 3.409E+01 3.449E-01
26.41 2.813E+01 2.556E-01
27.43 3.203E+01 2.368E-01
29.48 4.286E+01 3.143E-01
30.50 4.878E+01 1.564E-01
33.05 5.712E+01 2.014E-01
35.60 5.214E+01 2.810E-01
38.15 3.968E+01 1.230E-01
40.70 2.557E+01 1.940E-01
43.24 1.410E+01 7.165E-02
45.79 7.400E+00 7.517E-02
48.33 4.650E+00 3.674E-02
50.87 4.099E+00 3.929E-02
53.41 4.019E+00 3.482E-02
55.94 3.878E+00 3.428E-02
58.48 3.225E+00 3.109E-02
61.01 2.529E+00 2.186E-02
66.07 1.102E+00 1.281E-02
71.11 5.768E-01 9.429E-03
29 A
15.16 0.0002 0.0064
16.18 -0.0236 0.0049
17.72 -0.0580 0.0070
19.25 -0.0945 0.0070
20.27 -0.1273 0.0040
21.30 -0.1500 0.0061
22.32 -0.1607 0.0049
23.34 -0.1410 0.0089
24.37 0.0760 0.0079
25.39 0.3364 0.0131
26.41 0.6753 0.0120
27.43 0.8352 0.0131
28.45 0.8497 0.0110
29.48 0.7771 0.0131
30.50 0.7337 0.0061
33.05 0.5634 0.0070
35.60 0.4633 0.0089
38.15 0.3791 0.0061
40.70 0.3209 0.0110
43.24 0.3124 0.0079
45.79 0.4082 0.0140
48.33 0.6949 0.0118
50.87 0.9536 0.0140
53.41 1.0046 0.0131
55.94 0.9522 0.0131
58.48 0.8675 0.0140
61.01 0.8294 0.0131
66.07 0.7034 0.0160
71.11 0.6940 0.0210
-1 -1
 
