17.57 35
12.39 9203 920.3
15.59 3648 364.8
18.51 1787 178.7
21.86 1025 102.5
25.06 571.1 57.11
27.69 319.5 31.95
30.89 167.3 16.73
36.14 58.07 5.807
41.24 42.71 4.271
46.2 62.05 6.205
51.15 80.92 8.092
57.13 82.96 8.296
61.65 72.28 7.228
65.3 57.1 5.71
67 47.6 4.76
68.79 35 3.5
71.42 26.18 2.618
76.51 12.3 1.23
81.61 7.47 0.747
86.72 8.12 0.812
91.82 10.86 1.086
96.48 13.93 1.393
101.73 14.98 1.498
106.97 14.52 1.452
111.49 13.04 1.304
116.89 10.4 1.04
122.13 8.68 0.868
126.8 6.71 0.671
131.17 5.02 0.502
135.8 3.69 0.369
141.37 2.88 0.288
150.85 3.26 0.326
155.95 4.36 0.436
160.32 6.6 0.66
164.7 9.2 0.92
19.57 36
11.781 9281.4 928.14
15.41 3014.8 301.48
18.54 1510.05 151.005
21.6 872 87.2
24.36 554.04 55.404
27.63 240.13 24.013
30.55 108.04 10.804
35.63 25.32 2.532
40.87 38.18 3.818
45.96 68.55 6.855
51.27 88.12 8.812
56.65 81.27 8.127
61.74 62.06 6.206
64.72 48.82 4.882
66.9 39.27 3.927
69.23 29.34 2.934
72 18.93 1.893
77.23 9.266 0.9266
82.18 7.208 0.7208
86.9 9.72 0.972
92 12.95 1.295
97.09 14.49 1.449
101.96 14.59 1.459
107.05 11.93 1.193
112 8.277 0.8277
116.95 6.24 0.624
121.6 3.73 0.373
126.32 2.86 0.286
131.41 2.26 0.226
136.14 2.23 0.223
141 2.529 0.2529
145.81 2.743 0.2743
150.54 2.887 0.2887
155.54 3.42 0.342
160.58 3.893 0.3893
165.67 4.439 0.4439
21 59
15.4 2786 278.6
18.3 1507 150.7
19.4 1350 135
20.5 1003 100.3
22.6 724.2 72.42
25.1 419.6 41.96
26 320.4 32.04
28.5 178.7 17.87
29.6 117.9 11.79
30.7 89.51 8.951
31.1 80.73 8.073
32.8 42.2 4.22
35.4 17.36 1.736
38.4 18.54 1.854
40.9 36.58 3.658
43.1 61.6 6.16
46.2 83.46 8.346
48.6 94.86 9.486
51.1 99.54 9.954
53.2 103.3 10.33
53.7 99.1 9.91
56.2 91.88 9.188
58.7 79.29 7.929
61.3 68.1 6.81
65.8 41.4 4.14
68.4 29.85 2.985
70.9 20.18 2.018
73.2 13.93 1.393
73.2 13.93 1.393
78.4 7.847 0.7847
81.5 7.79 0.779
84 9.531 0.9531
86.5 11.35 1.135
89 12.95 1.295
91.5 14.51 1.451
94 15.19 1.519
96.5 15.99 1.599
99 15.47 1.547
101.5 15.03 1.503
103.9 12.95 1.295
106.4 11.15 1.115
108.9 9.467 0.9467
111.4 7.469 0.7469
113.9 5.791 0.5791
116.3 4.181 0.4181
118.8 3.119 0.3119
121.3 2.208 0.2208
123.7 1.788 0.1788
126.2 1.587 0.1587
128.7 1.635 0.1635
131.1 1.779 0.1779
136 2.36 0.236
140.9 2.986 0.2986
145.8 3.014 0.3014
150.7 2.751 0.2751
155.6 2.882 0.2882
160.5 3.199 0.3199
165.4 3.515 0.3515
170.3 4.855 0.4855
25 47
10.24 10700 1070
12.8 4860 486
15.36 2794 279.4
17.91 1766 176.6
20.47 1121 112.1
23.03 667.5 66.75
25.58 355.2 35.52
28.14 174.5 17.45
30.69 68.51 6.851
33.24 24.93 2.493
35.79 19.75 1.975
38.34 39.88 3.988
40.89 66.24 6.624
43.43 91.41 9.141
45.98 107.6 10.76
48.52 113.5 11.35
51.06 112.7 11.27
53.59 100.3 10.03
56.13 86.19 8.619
58.66 68.23 6.823
61.19 51.13 5.113
63.72 38.46 3.846
66.25 24.74 2.474
68.77 18.42 1.842
71.3 14.68 1.468
72.82 10.65 1.065
76.33 11.09 1.109
78.85 11.71 1.171
81.36 12.42 1.242
86.37 12.91 1.291
91.38 13.09 1.309
96.37 10.31 1.031
101.36 7.854 0.7854
106.33 5.779 0.5779
111.3 4.108 0.4108
116.25 2.8 0.28
121.19 2.095 0.2095
126.13 1.417 0.1417
131.06 1.281 0.1281
135.97 1.299 0.1299
140.89 1.656 0.1656
145.79 2.03 0.203
150.69 2.232 0.2232
155.58 2.326 0.2326
160.47 2.308 0.2308
165.36 2.237 0.2237
170.24 1.781 0.1781
26.3 60
15.7 2373 237.3
18.2 1485 148.5
20.7 914.2 91.42
22.8 644 64.4
25.4 329.2 32.92
27.9 145.8 14.58
30.5 52.22 5.222
33 14.61 1.461
35.7 15.99 1.599
38.2 37.04 3.704
40.7 64.42 6.442
43.2 88.32 8.832
45.9 105.3 10.53
48.6 107.5 10.75
50.9 102.9 10.29
53.5 90.78 9.078
56 75.11 7.511
58.4 59.57 5.957
60.9 43.72 4.372
63.5 30.88 3.088
66 20.95 2.095
68.6 14.9 1.49
71.1 12.1 1.21
73.6 11.09 1.109
76 11.03 1.103
78.6 11.81 1.181
81.1 12.28 1.228
83.6 12.51 1.251
86.1 12.3 1.23
88.8 11.56 1.156
91.2 10.74 1.074
93.6 9.559 0.9559
96.1 8.236 0.8236
99 6.816 0.6816
101.2 5.459 0.5459
103.9 4.243 0.4243
106.4 3.617 0.3617
108.9 3.26 0.326
111.2 2.06 0.206
116.3 2.471 0.2471
118.8 2.359 0.2359
121.3 2.041 0.2041
123.8 1.743 0.1743
126.2 1.561 0.1561
128.7 1.303 0.1303
131.1 1.115 0.1115
133.6 1.031 0.1031
136 1.023 0.1023
138.5 1.002 0.1002
141 1.152 0.1152
143.4 1.229 0.1229
145.9 1.486 0.1486
148.3 1.656 0.1656
150.7 1.789 0.1789
153.2 1.955 0.1955
155.6 1.999 0.1999
158.1 2.086 0.2086
160.6 2.065 0.2065
163 2.035 0.2035
165.5 1.977 0.1977
30 47
10.24 7832 783.2
12.8 4055 405.5
15.36 2547 254.7
17.92 1621 162.1
20.47 1034 103.4
23.03 589.2 58.92
25.59 299.9 29.99
28.14 132.3 13.23
30.69 46.85 4.685
33.25 29.39 2.939
35.8 45.32 4.532
38.34 69.9 6.99
40.89 97.5 9.75
43.44 113.9 11.39
45.98 117.9 11.79
48.52 114.8 11.48
51.06 95.78 9.578
53.6 77.31 7.731
56.14 60.96 6.096
58.67 43.07 4.307
61.2 28.99 2.899
63.73 20.29 2.029
66.26 14.24 1.424
68.78 10.58 1.058
71.3 10.47 1.047
73.82 11.26 1.126
76.34 11.78 1.178
78.85 11.87 1.187
81.37 11.59 1.159
86.38 10.64 1.064
91.39 7.404 0.7404
96.38 3.709 0.3709
101.36 2.555 0.2555
106.34 1.938 0.1938
111.3 1.924 0.1924
116.26 1.987 0.1987
121.2 1.794 0.1794
126.14 1.318 0.1318
131.06 0.793 0.0793
135.98 0.48 0.048
140.89 0.479 0.0479
145.79 0.733 0.0733
150.69 1.069 0.1069
155.59 1.313 0.1313
160.47 1.398 0.1398
165.36 1.361 0.1361
170.24 1.18 0.118
35 47
10.24 5562 556.2
12.8 3426 342.6
15.36 2354 235.4
17.92 1525 152.5
20.48 959.1 95.91
23.03 525.5 52.55
25.59 267.4 26.74
28.14 106.6 10.66
30.7 47.86 4.786
33.25 38.42 3.842
35.8 58.79 5.879
38.35 77.85 7.785
40.9 94.19 9.419
43.44 99.49 9.949
45.99 99.59 9.959
48.53 81.66 8.166
51.07 67.73 6.773
53.61 47.41 4.741
56.14 35.11 3.511
58.68 22.01 2.201
61.21 15.05 1.505
63.74 9.683 0.9683
66.26 8.718 0.8718
68.79 8.5 0.85
71.31 8.606 0.8606
73.83 8.355 0.8355
76.35 8.252 0.8252
78.86 8.004 0.8004
81.37 7.681 0.7681
86.39 5.608 0.5608
91.39 3.286 0.3286
96.39 2.015 0.2015
101.37 1.25 0.125
106.35 1.128 0.1128
111.31 1.119 0.1119
116.26 1.109 0.1109
121.21 0.864 0.0864
126.14 0.521 0.0521
131.07 0.305 0.0305
135.98 0.169 0.0169
140.89 0.183 0.0183
145.8 0.398 0.0398
150.7 0.564 0.0564
155.59 0.683 0.0683
160.48 0.706 0.0706
165.36 0.666 0.0666
170.24 0.402 0.0402
40 44
10.26 5665 566.5
12.8 3709 370.9
15.36 2407 240.7
17.92 1691 169.1
20.48 983.3 98.33
23.04 516.1 51.61
25.59 229 22.9
28.15 101.4 10.14
30.7 65.5 6.55
33.25 59.8 5.98
35.8 71.8 7.18
38.35 97.7 9.77
40.9 103.4 10.34
43.45 97.4 9.74
45.99 77.3 7.73
48.53 62.52 6.252
51.07 44.81 4.481
53.61 31.58 3.158
56.15 21.28 2.128
58.68 13.14 1.314
61.21 9.437 0.9437
63.74 8.423 0.8423
66.27 8.356 0.8356
68.79 8.515 0.8515
71.32 8.094 0.8094
73.84 7.759 0.7759
76.35 6.528 0.6528
78.87 5.597 0.5597
81.38 4.335 0.4335
86.39 2.298 0.2298
91.4 1.349 0.1349
96.39 1.05 0.105
101.38 0.979 0.0979
106.35 0.913 0.0913
111.32 0.684 0.0684
116.27 0.431 0.0431
121.21 0.333 0.0333
126.15 0.235 0.0235
135.99 0.155 0.0155
140.9 0.167 0.0167
145.8 0.205 0.0205
160.48 0.261 0.0261
165.39 0.21 0.021
170.24 0.114 0.0114
45 47
10.24 4556 455.6
12.8 2963 296.3
15.36 2180 218
17.92 1347 134.7
20.48 852 85.2
23.04 397.4 39.74
25.6 200.3 20.03
28.15 75.29 7.529
30.7 52.44 5.244
33.26 61.67 6.167
35.81 77.79 7.779
38.36 84.51 8.451
40.9 89.48 8.948
43.45 78.8 7.88
46 63.27 6.327
48.54 42.16 4.216
51.08 30.23 3.023
53.62 17.39 1.739
56.15 12.13 1.213
58.69 8.029 0.8029
61.22 7.808 0.7808
63.75 7.552 0.7552
66.28 7.232 0.7232
68.8 7.088 0.7088
71.32 6.156 0.6156
73.84 4.864 0.4864
76.36 4.01 0.401
78.87 2.889 0.2889
81.39 2.305 0.2305
86.4 1.117 0.1117
91.41 0.976 0.0976
96.4 0.872 0.0872
101.39 0.749 0.0749
106.36 0.514 0.0514
111.32 0.298 0.0298
116.27 0.186 0.0186
121.22 0.143 0.0143
126.15 0.146 0.0146
131.08 0.148 0.0148
135.99 0.121 0.0121
140.9 0.098 0.0098
145.81 0.074 0.0074
150.7 0.073 0.0073
155.59 0.075 0.0075
160.48 0.073 0.0073
165.36 0.059 0.0059
170.24 0.035 0.0035
48 47
10.3 5492 549.2
14.9 2236 223.6
16 2166 216.6
17.4 1423 142.3
20 806.1 80.61
21.1 700.1 70.01
22.6 418.8 41.88
25.1 174.3 17.43
25.6 154.4 15.44
26.2 131 13.1
27.7 70.42 7.042
30.2 44.48 4.448
30.8 40.58 4.058
32.8 55.42 5.542
35.9 68.98 6.898
41 75.05 7.505
46.1 46.27 4.627
50.6 18.15 1.815
51.2 19.98 1.998
55.6 7.611 0.7611
60.7 6.059 0.6059
61.3 5.825 0.5825
66.4 5.212 0.5212
71.4 4.234 0.4234
76.5 2.386 0.2386
81.5 1.258 0.1258
86.5 0.822 0.0822
91.5 0.711 0.0711
96.5 0.617 0.0617
101.5 0.445 0.0445
106.5 0.27 0.027
111.4 0.158 0.0158
114.4 0.116 0.0116
117 0.093 0.0093
119.4 0.095 0.0095
121.9 0.097 0.0097
124.4 0.104 0.0104
126.2 0.1 0.01
131.2 0.115 0.0115
136.8 0.078 0.0078
141.5 0.049 0.0049
146.4 0.029 0.0029
151.2 0.023 0.0023
156.3 0.03 0.003
161.2 0.034 0.0034
166 0.03 0.003
170.8 0.016 0.0016
61.4 35
29.7 46.1 4.61
31.8 56.5 5.65
32.8 60.3 6.03
33.8 60.6 6.06
35.8 56.5 5.65
37.9 40.4 4.04
42 29.1 2.91
44 20.4 2.04
46 12.5 1.25
48.1 7.84 0.784
50.1 5.62 0.562
52.1 4.66 0.466
54.2 4.5 0.45
56.2 3.9 0.39
57.2 3.91 0.391
60.3 3.21 0.321
63.3 2.88 0.288
64.3 2.31 0.231
67.3 1.6 0.16
69.3 1.25 0.125
71.4 0.918 0.0918
73.4 0.701 0.0701
75.4 0.648 0.0648
77.4 0.535 0.0535
81.4 0.467 0.0467
83.4 0.442 0.0442
85.4 0.406 0.0406
87.4 0.323 0.0323
89.4 0.283 0.0283
91.4 0.199 0.0199
93.4 0.149 0.0149
95.4 0.124 0.0124
99.4 0.0686 0.00686
103.4 0.0364 0.00364
107.4 0.0415 0.00415
65 35
15.17 1520 152
16.2 1242 124.2
17.22 959.2 95.92
18.24 738.9 73.89
19.27 553.7 55.37
20.29 388.3 38.83
21.31 283.2 28.32
22.34 190.5 19.05
23.36 125.2 12.52
25.41 52.18 5.218
26.43 36.55 3.655
27.45 33.21 3.321
28.47 30.48 3.048
29.5 34.18 3.418
30.52 39.4 3.94
33.07 47.41 4.741
35.88 47.7 4.77
38.17 40.44 4.044
40.99 27.97 2.797
43.27 17.51 1.751
46.09 9.899 0.9899
51.18 4.29 0.429
53.44 3.678 0.3678
56.26 3.69 0.369
58.51 3.072 0.3072
61.33 2.68 0.268
66.4 1.33 0.133
76.49 0.552 0.0552
81.52 0.487 0.0487
86.53 0.318 0.0318
89.17 0.2875 0.02875
91.64 0.1523 0.01523
94.31 0.1 0.01
96.57 0.0656 0.00656
98.97 0.043 0.0043
80.2 44
7.16 4008.15 400.815
9.38 3088.1 308.81
11.47 2478.87 247.887
13.63 1748.38 174.838
15.79 973.83 97.383
17.88 540.136 54.0136
19.71 271.34 27.134
21.81 111.72 11.172
23.97 40.25 4.025
26.06 24.02 2.402
27.89 27.56 2.756
30.05 31.4 3.14
32.14 35.47 3.547
34.3 32.93 3.293
36.2 26.44 2.644
38.36 18 1.8
40.45 10.89 1.089
42.29 6.9 0.69
44.44 4.305 0.4305
46.34 3.306 0.3306
48.5 2.838 0.2838
50.46 2.68 0.268
52.62 2.61 0.261
54.59 2.141 0.2141
56.68 1.667 0.1667
58.64 1.196 0.1196
60.6 0.816 0.0816
62.7 0.586 0.0586
64.85 0.4192 0.04192
66.95 0.357 0.0357
68.78 0.34 0.034
71.07 0.321 0.0321
73.04 0.292 0.0292
75 0.266 0.0266
76.96 0.22 0.022
78.92 0.2029 0.02029
81.21 0.111 0.0111
83.17 0.0744 0.00744
85.27 0.0486 0.00486
87.1 0.03105 0.003105
88.73 0.0227 0.00227
91.15 0.0197 0.00197
92.99 0.02 0.002
94.95 0.0198 0.00198
100.6 23
10.08 2414 241.4
10.49 2171 217.1
12.13 1648 164.8
12.54 1562 156.2
14.19 1015 101.5
14.6 872 87.2
16.24 535.3 53.53
16.65 422.9 42.29
18.71 168.7 16.87
22.79 20.55 2.055
24.84 21.68 2.168
26.89 28.79 2.879
30.98 27.82 2.782
35.08 12.5 1.25
39.16 4.301 0.4301
43.25 2.362 0.2362
47.32 1.883 0.1883
51.39 1.04 0.104
55.46 0.4803 0.04803
59.52 0.283 0.0283
63.57 0.2326 0.02326
67.62 0.1665 0.01665
71.65 0.08274 0.008274
135.1 43
8.28 2041 204.1
10.57 1222.9 122.29
12.27 791.46 79.146
15.11 153.78 15.378
17.01 76.71 7.671
18.91 22.77 2.277
20.88 15.38 1.538
23.04 20.043 2.0043
25.14 20.15 2.015
27.31 17.33 1.733
29.61 11.26 1.126
31.58 6.582 0.6582
33.08 4.126 0.4126
35.18 2.7 0.27
37.18 1.656 0.1656
39.32 1.495 0.1495
41.62 1.135 0.1135
43.39 0.832 0.0832
45.69 0.549 0.0549
47.45 0.357 0.0357
49.49 0.266 0.0266
51.57 0.211 0.0211
53.89 0.174 0.0174
55.85 0.139 0.0139
57.82 0.0966 0.00966
60 0.06 0.006
61.76 0.02088 0.002088
63.73 0.0187 0.00187
65.83 0.01125 0.001125
68.19 0.00846 0.000846
69.96 0.00908 0.000908
72.26 0.00819 0.000819
74.03 0.00747 0.000747
76.33 0.00548 0.000548
78.37 0.00421 0.000421
80.14 0.00231 0.000231
82.43 0.001188 0.0001188
84.08 0.000526 5.26e-05
86.18 0.000261 3.132e-05
87.81 0.00025 3e-05
89.65 0.000223 2.676e-05
92.08 0.000402 4.422e-05
94.11 0.000487 4.87e-05
152 28
7.8125 1383.88 138.388
10.5495 874.202 87.4202
13.0247 304.548 30.4548
15.7109 90.0946 9.00946
17.5555 22.9565 2.29565
18.24 17.8352 1.78352
19.4509 12.8677 1.28677
20.7134 14.5057 1.45057
21.9231 17.6141 1.76141
23.2384 17.6292 1.76292
25.8698 13.3118 1.33118
28.5542 8.4089 0.84089
29.7651 5.802 0.5802
31.0288 3.9444 0.39444
33.6086 1.823 0.1823
36.0826 1.1344 0.11344
37.8198 0.7601 0.07601
41.2932 0.5252 0.05252
46.4514 0.2127 0.02127
49.1357 0.1405 0.01405
51.4514 0.1061 0.01061
54.0302 0.0755 0.00755
56.82 0.0436 0.00436
61.769 0.0106 0.00106
64.2952 0.0079189 0.00079189
67.1891 0.0073651 0.00073651
68.9256 0.006845 0.0006845
70.715 0.0054015 0.00054015
160 43
7.9076 1677.79 167.779
9.5543 1135 113.5
11.3061 700.98 70.098
12.9415 365.793 36.5793
14.0271 202.541 20.2541
15.8697 68.816 6.8816
17.1658 27.534 2.7534
19.125 13.678 1.3678
20.4449 15.607 1.5607
22.0938 18.189 1.8189
23.5206 19.2 1.92
24.9422 16.49 1.649
27.3427 10.594 1.0594
28.8648 6.432 0.6432
31.0413 3.52 0.352
32.9998 2.0489 0.20489
35.1805 1.384 0.1384
37.1439 1.0187 0.10187
39.543 0.6932 0.06932
41.3938 0.4579 0.04579
43.4645 0.3189 0.03189
45.6463 0.2404 0.02404
47.72 0.19358 0.019358
49.6823 0.14412 0.014412
51.8611 0.09816 0.009816
53.8177 0.05837 0.005837
55.8797 0.02958 0.002958
57.7234 0.01528 0.001528
59.9003 0.009863 0.0009863
61.8671 0.0092019 0.00092019
63.7243 0.0085212 0.00085212
65.9099 0.0080421 0.00080421
68.089 0.0058261 0.00058261
69.7188 0.0037876 0.00037876
72.2173 0.0019227 0.00019227
74.056 0.0008329 8.329e-05
76.3286 0.00031334 3.1334e-05
78.1707 0.00023321 2.3321e-05
80.0385 0.00023484 2.3484e-05
81.9032 0.00030827 3.0827e-05
84.2002 0.00032945 3.2945e-05
85.8371 0.00029506 2.9506e-05
88.2396 0.00026978 2.6978e-05
181 27
7.8769 1739.21 173.921
10.3824 836.97 83.697
13.0123 260.54 26.054
14.3323 125.79 12.579
15.4414 47.847 4.7847
16.983 20.526 2.0526
18.2922 17.024 1.7024
19.5956 18.512 1.8512
20.7889 21.59 2.159
21.8751 21.698 2.1698
23.4052 18.405 1.8405
24.6073 15.326 1.5326
25.7039 11.211 1.1211
28.5551 5.0932 0.50932
31.0776 2.5914 0.25914
33.7094 1.3377 0.13377
36.4468 0.81803 0.081803
39.1835 0.52825 0.052825
41.8087 0.38617 0.038617
43.9996 0.31429 0.031429
46.5184 0.17639 0.017639
49.152 0.09396 0.009396
51.6804 0.043023 0.0043023
54.3182 0.01976 0.001976
56.8351 0.014942 0.0014942
59.242 0.012146 0.0012146
61.8672 0.0095001 0.00095001
200 28
9.2844 1092.93 109.293
10.3717 715.366 71.5366
12.1504 401.413 40.1413
13.3403 126.248 12.6248
15.9136 25.4961 2.54961
18.6764 21.8795 2.18795
22.0297 24.6037 2.46037
24.0041 18.44 1.844
25.6851 8.6978 0.86978
27.1672 5.4787 0.54787
28.5512 3.1335 0.31335
30.1323 1.8629 0.18629
32.1084 1.0254 0.10254
33.59 0.7113 0.07113
35.4657 0.5435 0.05435
37.4397 0.44 0.044
40.5985 0.2883 0.02883
42.8692 0.2039 0.02039
43.9559 0.1499 0.01499
45.4381 0.0926 0.00926
47.611 0.0561 0.00561
47.8106 0.036 0.0036
49.3917 0.0214 0.00214
51.1694 0.0146 0.00146
53.143 0.0127 0.00127
54.6226 0.0128 0.00128
55.6101 0.0105 0.00105
59.2623 0.0067641 0.00067641
