133
0.35 7.48586e-07 7.90015e-07 7.80788e-07 -0 9.22585e-09 7.89842e-07
0.55 0.000390693 0.00041587 0.000410764 -0 5.10487e-06 0.000415783
0.75 0.0123834 0.0133049 0.0131333 -0 0.000171568 0.0133023
0.95 0.116317 0.126266 0.124557 -0 0.00170936 0.126244
1.15 0.568016 0.623676 0.614818 -0 0.00885795 0.623572
1.35 2.05341 2.07101 2.04017 -0 0.0308373 2.0707
1.55 5.23966 5.29221 5.20965 -0 0.0825525 5.29146
1.75 11.2475 11.2583 11.0745 -0 0.183844 11.2569
1.95 20.9135 20.9393 20.5816 -0 0.357702 20.9369
2.15 35.1043 35.1557 34.5278 -0 0.627863 35.1519
2.35 54.4292 54.4465 53.4304 -0 1.01605 54.4412
2.55 78.9398 78.9672 77.4281 -0 1.53907 78.9603
2.75 108.407 108.444 106.237 -0 2.20642 108.435
2.95 142.167 142.217 139.198 -0 3.01926 142.207
3.15 179.325 179.396 175.424 -0 3.97186 179.384
3.35 219.012 219.074 214.019 -0 5.05525 219.061
3.55 260.46 260.532 254.27 -0 6.26186 260.517
3.75 303.216 303.313 295.724 -0 7.58873 303.297
3.95 347.04 347.173 338.135 -0 9.03792 347.157
4.15 391.772 391.924 381.31 -0 10.6139 391.907
4.35 437.1 437.258 424.939 -0 12.3195 437.241
4.55 482.466 482.634 468.484 -0 14.1512 482.617
4.75 527.071 527.256 511.16 -0 16.097 527.239
4.95 569.946 570.145 552.01 -0 18.1361 570.128
5.15 610.071 610.29 590.05 -0 20.2407 610.273
5.35 646.6 646.806 624.427 -0 22.3806 646.789
5.55 678.88 679.069 654.543 -0 24.5278 679.052
5.75 706.602 706.778 680.121 -0 26.6594 706.762
5.95 729.793 729.956 701.198 -0 28.761 729.94
6.15 748.747 748.89 718.066 -0 30.826 748.874
6.35 763.916 764.046 731.193 -0 32.8554 764.03
6.55 775.862 775.981 741.128 -0 34.8558 775.965
6.75 785.154 785.268 748.434 -0 36.8373 785.253
6.95 792.329 792.442 753.633 -0 38.8116 792.427
7.15 797.844 797.961 757.174 -0 40.7902 797.946
7.35 802.08 802.196 759.416 -0 42.7836 802.181
7.55 805.247 805.368 760.575 -0 44.7968 805.353
7.75 807.766 807.825 760.986 -0 46.8433 807.81
7.95 809.568 809.624 760.707 -0 48.9228 809.61
8.15 810.82 810.872 759.84 -0 51.0378 810.858
8.35 811.598 811.651 758.468 -0 53.1898 811.637
8.55 811.976 812.037 756.664 -0 55.3801 812.023
8.75 812.045 812.106 754.503 -0 57.6103 812.092
8.95 811.9 811.94 752.064 -0 59.8828 811.926
9.15 811.572 811.626 749.432 -0 62.2011 811.613
9.35 811.203 811.256 746.694 -0 64.5697 811.243
9.55 810.846 810.918 743.932 -0 66.9938 810.906
9.75 810.617 810.694 741.221 -0 69.4797 810.681
9.95 810.569 810.651 738.624 -0 72.0337 810.639
10.15 810.75 810.841 736.185 -0 74.6619 810.829
10.35 811.196 811.295 733.931 -0 77.3702 811.283
10.55 811.916 812.022 731.864 -0 80.163 812.01
10.75 812.962 813.007 729.967 -0 83.0439 812.995
10.95 814.167 814.213 728.202 -0 86.0143 814.202
11.15 815.543 815.584 726.512 -0 89.074 815.573
11.35 817.006 817.047 724.827 -0 92.2204 817.036
11.55 818.484 818.514 723.064 -0 95.449 818.503
11.75 819.823 819.893 721.137 -0 98.7531 819.882
11.95 821.014 821.089 718.96 -0 102.124 821.079
12.15 821.943 822.014 716.455 -0 105.553 822.004
12.35 822.51 822.591 713.554 -0 109.029 822.58
12.55 822.672 822.758 710.207 -0 112.542 822.748
12.75 822.372 822.477 706.384 -0 116.081 822.467
12.95 821.616 821.73 702.078 -0 119.639 821.72
13.15 820.401 820.524 697.301 -0 123.209 820.514
13.35 818.756 818.889 692.088 -0 126.785 818.879
13.55 816.741 816.873 686.491 -0 130.367 816.864
13.75 814.393 814.543 680.573 -0 133.953 814.534
13.95 811.827 811.977 674.411 -0 137.548 811.968
14.15 809.121 809.259 668.085 -0 141.156 809.249
14.35 806.397 806.477 661.675 -0 144.784 806.468
14.55 803.641 803.719 655.26 -0 148.442 803.711
14.75 800.988 801.069 648.913 -0 152.139 801.06
14.95 798.515 798.6 642.699 -0 155.885 798.591
15.15 796.29 796.38 636.672 -0 159.692 796.371
15.35 797.863 797.963 633.625 -0 164.326 797.955
15.55 797.144 797.241 628.787 -0 168.443 797.233
15.75 796.856 796.958 624.276 -0 172.674 796.95
15.95 797 797.11 620.08 -0 177.024 797.102
16.15 797.556 797.677 616.177 -0 181.497 797.669
16.35 798.491 798.623 612.529 -0 186.095 798.615
16.55 799.766 799.899 609.088 -0 190.815 799.892
16.75 801.304 801.443 605.799 -0 195.651 801.435
16.95 803.04 803.18 602.595 -0 200.596 803.172
17.15 804.884 805.029 599.409 -0 205.635 805.022
17.35 806.756 806.904 596.169 -0 210.754 806.897
17.55 808.561 808.717 592.806 -0 215.934 808.709
17.75 810.233 810.38 589.252 -0 221.155 810.373
17.95 811.655 811.814 585.45 -0 226.395 811.807
18.15 812.779 812.947 581.35 -0 231.632 812.94
18.35 813.628 813.718 576.913 -0 236.844 813.711
18.55 813.992 814.081 572.114 -0 242.01 814.075
18.75 813.916 814.008 566.942 -0 247.113 814.001
18.95 813.397 813.482 561.397 -0 252.135 813.476
19.15 812.405 812.506 555.492 -0 257.066 812.499
19.35 810.987 811.094 549.252 -0 261.896 811.087
19.55 809.162 809.272 542.71 -0 266.62 809.266
19.75 806.965 807.079 535.903 -0 271.235 807.073
19.95 804.459 804.558 528.875 -0 275.743 804.552
20.15 801.645 801.758 521.672 -0 280.147 801.752
20 803.775 803.882 527.089 -0 276.854 803.876
25.625 737.576 737.716 350.779 -0 386.984 737.711
31.25 738.37 738.529 247.617 -0 491.019 738.525
36.875 733.312 733.462 174.361 -0 559.254 733.458
42.5 730.117 730.289 127.667 -0 602.833 730.284
48.125 723.689 723.831 96.5661 -0 627.556 723.827
53.75 714.818 714.974 75.0459 -0 640.313 714.969
59.375 705.367 705.513 59.7001 -0 646.317 nan
65 695.516 695.734 48.4374 -0 647.946 nan
70.625 685.861 686.047 39.963 -0 646.912 nan
76.25 676.605 676.76 33.4472 -0 644.359 nan
81.875 667.891 668.042 28.3415 -0 641.015 nan
87.5 659.767 659.965 24.2747 -0 637.334 nan
93.125 652.374 652.541 20.9888 -0 633.6 nan
98.75 645.594 645.741 18.3003 -0 629.983 nan
104.375 639.315 639.511 16.0761 -0 626.585 nan
110 633.617 633.788 14.2176 -0 623.462 nan
115.625 628.356 628.501 12.6509 -0 620.644 nan
121.25 623.394 623.58 11.3196 -0 618.145 nan
126.875 618.793 618.955 10.18 -0 615.968 nan
132.5 614.367 614.559 9.19813 -0 614.111 nan
138.125 610.179 610.33 8.347 -0 612.567 nan
143.75 606.064 606.211 7.60508 -0 611.33 nan
149.375 601.992 602.153 6.95501 -0 610.389 nan
155 597.98 598.112 6.3827 -0 609.734 nan
160.625 593.893 594.052 5.87659 -0 609.353 nan
166.25 589.809 589.945 5.42714 -0 609.235 nan
171.875 585.598 585.771 5.02643 -0 609.366 nan
177.5 581.372 581.516 4.66783 -0 609.732 nan
183.125 577.053 577.175 4.34578 -0 610.319 nan
188.75 572.6 572.747 4.05556 -0 611.109 nan
194.375 568.104 568.238 3.7932 -0 612.087 nan
200 563.511 563.657 3.55527 -0 613.237 nan
