7
20.8 1034 25
24.8 1028 28
29.7 1002 25
34.8 951 21
39.7 933 20
44.9 877 22
47.8 876 23
143
0.35 3.20611e-08 5.73204e-07 5.73203e-07 2.11864e-13 -0
0.55 1.66795e-05 0.000300382 0.000300382 1.05511e-10 -0
0.75 0.00052922 0.00960922 0.00960922 3.1969e-09 -0
0.95 0.00498943 0.0914301 0.09143 2.86548e-08 -0
1.15 0.0241413 0.447282 0.447282 1.29487e-07 -0
1.35 0.0859602 1.49484 1.49484 3.9948e-07 -0
1.55 0.221276 3.85169 3.85169 9.37982e-07 1.29767e-11
1.75 0.47541 8.27705 8.27705 1.8081e-06 4.04553e-08
1.95 0.915035 15.5712 15.5712 2.98026e-06 8.49353e-07
2.15 1.64662 26.4778 26.4778 4.29045e-06 6.34141e-06
2.35 2.86522 41.5934 41.5933 5.41526e-06 2.89468e-05
2.55 4.99362 61.286 61.2859 5.86815e-06 9.80709e-05
2.75 8.32432 85.6235 85.6233 5.03098e-06 0.000270846
2.95 13.3193 114.365 114.365 2.11966e-06 0.000643355
3.15 20.2362 147.016 147.014 -3.76276e-06 0.0013602
3.35 29.6322 182.918 182.916 -1.35433e-05 0.00262094
3.55 41.7209 221.378 221.373 -2.80717e-05 0.00468369
3.75 57.0383 261.722 261.714 -4.78973e-05 0.00786585
3.95 75.8674 303.451 303.438 -7.33138e-05 0.0125483
4.15 98.3632 346.17 346.151 -0.000104154 0.0191772
4.35 124.687 389.443 389.415 -0.000139518 0.0282558
4.55 154.497 432.734 432.694 -0.000177751 0.0403301
4.75 187.51 475.318 475.262 -0.000216406 0.0559552
4.95 223.385 516.512 516.436 -0.000252977 0.0756858
5.15 261.73 555.712 555.613 -0.000285183 0.100058
5.35 302.195 592.326 592.197 -0.000310995 0.129551
5.55 344.713 625.904 625.74 -0.000329092 0.164591
5.75 389.831 656.121 655.915 -0.000338934 0.205532
5.95 438.278 682.946 682.694 -0.000341061 0.252717
6.15 489.372 706.586 706.279 -0.000336745 0.306513
6.35 541.764 727.271 726.904 -0.000327535 0.36727
6.55 592.649 745.308 744.873 -0.000315173 0.435358
6.75 720.276 760.995 760.484 -0.000301437 0.511151
6.95 745.399 774.696 774.101 -0.000287985 0.595096
7.15 763.87 786.806 786.119 -0.000276111 0.687732
7.35 778.957 797.63 796.84 -0.000266832 0.789613
7.55 791.924 807.362 806.461 -0.000260928 0.901263
7.75 806.787 816.379 815.356 -0.000258801 1.02348
7.95 817.314 824.763 823.607 -0.000260823 1.15684
8.15 826.617 832.703 831.401 -0.000266843 1.30211
8.35 835.204 840.316 838.857 -0.000276679 1.46007
8.55 843.348 847.693 846.062 -0.000290019 1.6315
8.75 851.682 854.887 853.07 -0.000306557 1.81719
8.95 859.327 861.931 859.914 -0.000325993 2.01794
9.15 866.656 868.874 866.639 -0.000347623 2.23463
9.35 873.803 875.728 873.26 -0.000370935 2.46811
9.55 880.8 882.496 879.777 -0.000395435 2.71925
9.75 887.812 889.164 886.175 -0.000420789 2.98885
9.95 894.568 895.709 892.432 -0.000446832 3.27771
10.15 901.128 902.133 898.546 -0.000472976 3.58673
10.35 907.519 908.421 904.505 -0.000498897 3.91676
10.55 913.726 914.558 910.29 -0.000524397 4.26864
10.75 919.791 920.518 915.875 -0.000549512 4.64315
10.95 925.702 926.272 921.231 -0.000574545 5.04103
11.15 931.322 931.821 926.358 -0.000599261 5.46317
11.35 936.711 937.157 931.248 -0.000623669 5.91041
11.55 941.859 942.273 935.89 -0.000647963 6.38358
11.75 946.799 947.155 940.272 -0.000672562 6.88347
11.95 951.455 951.787 944.377 -0.000698179 7.41076
12.15 955.868 956.179 948.213 -0.000724892 7.9664
12.35 960.056 960.341 951.79 -0.000752895 8.55129
12.55 964.005 964.276 955.11 -0.000782619 9.16633
12.75 967.729 967.988 958.176 -0.000814645 9.81235
12.95 971.224 971.47 960.98 -0.000849848 10.4901
13.15 974.509 974.741 963.541 -0.000888452 11.2006
13.35 977.594 977.821 965.877 -0.000930636 11.945
13.55 980.5 980.723 968 -0.000976856 12.7241
13.75 983.233 983.456 969.918 -0.00102764 13.5391
13.95 985.798 986.018 971.628 -0.00108377 14.3907
14.15 988.285 988.426 973.147 -0.00114549 15.2801
14.35 990.568 990.705 974.498 -0.00121284 16.2084
14.55 992.74 992.866 975.69 -0.00128616 17.1769
14.75 994.793 994.918 976.733 -0.00136581 18.1866
14.95 996.736 996.856 977.619 -0.00145234 19.2383
15.15 998.573 998.69 978.358 -0.00154588 20.3331
15.35 1000.33 1000.44 978.972 -0.00164634 21.4725
15.55 1002.01 1002.12 979.464 -0.0017539 22.6577
15.75 1003.62 1003.73 979.841 -0.00186869 23.8896
15.95 1005.14 1005.25 980.087 -0.00199097 25.1691
16.15 1006.59 1006.7 980.204 -0.0021207 26.4971
16.35 1007.97 1008.08 980.212 -0.00225772 27.8751
16.55 1009.3 1009.41 980.109 -0.00240203 29.3042
16.75 1010.56 1010.68 979.897 -0.00255357 30.7854
16.95 1011.75 1011.88 979.56 -0.00271228 32.3193
17.15 1012.86 1012.99 979.087 -0.00287798 33.9063
17.35 1013.91 1014.04 978.499 -0.0030505 35.5482
17.55 1014.9 1015.04 977.795 -0.0032297 37.2458
17.75 1015.83 1015.97 976.97 -0.0034154 39
17.95 1016.75 1016.82 976.012 -0.00360735 40.811
18.15 1017.5 1017.58 974.904 -0.00380521 42.6791
18.35 1018.18 1018.27 973.668 -0.00400889 44.6058
18.55 1018.81 1018.89 972.302 -0.00421819 46.5918
18.75 1019.36 1019.44 970.805 -0.00443291 48.6378
18.95 1019.82 1019.9 969.164 -0.00465273 50.7439
19.15 1020.19 1020.27 967.365 -0.00487726 52.9098
19.35 1020.47 1020.56 965.426 -0.0051065 55.137
19.55 1020.68 1020.77 963.35 -0.00534032 57.4261
19.75 1020.82 1020.91 961.138 -0.00557854 59.7777
19.95 1020.86 1020.97 958.781 -0.0058209 62.1915
20.15 1020.83 1020.93 956.266 -0.00606707 64.667
20 1020.88 1020.97 958.169 -0.00588211 62.8047
25.625 998.199 998.316 841.362 -0.0144466 156.968
31.25 964.245 964.368 672.542 -0.0286433 291.854
36.875 932.204 932.339 498.396 -0.0503336 433.994
42.5 900.704 900.826 350.093 -0.0804605 550.813
48.125 868.631 868.77 237.807 -0.121461 631.084
53.75 836.481 836.612 157.981 -0.175939 678.807
59.375 806.662 806.789 103.157 -0.245825 703.878
65 779.973 780.155 66.5283 -0.333343 713.96
70.625 756.643 756.807 42.5458 -0.441163 714.703
76.25 736.429 736.56 27.0595 -0.572508 710.073
81.875 718.877 719.057 17.1511 -0.731347 702.638
87.5 703.767 703.925 10.8493 -0.922595 693.998
93.125 690.672 690.817 6.85606 -1.15226 685.113
98.75 679.361 679.528 4.33168 -1.42787 676.624
104.375 669.46 669.619 2.73653 -1.75753 668.64
110 660.717 660.901 1.72917 -2.15111 661.323
115.625 653.061 653.211 1.09306 -2.61977 654.738
121.25 646.29 646.407 0.691304 -3.17579 648.891
126.875 640.222 640.364 0.437464 -3.8323 643.758
132.5 634.859 634.975 0.277 -4.60291 639.301
138.125 629.991 630.147 0.175504 -5.5012 635.473
143.75 625.664 625.799 0.111268 -6.54019 632.228
149.375 621.704 621.858 0.0705871 -7.73166 629.519
155 618.139 618.264 0.0448076 -9.08569 627.305
160.625 614.808 614.963 0.0284606 -10.61 625.544
166.25 611.778 611.909 0.0180883 -12.3097 624.201
171.875 608.952 609.065 0.0115028 -14.1868 623.241
177.5 606.265 606.4 0.00731911 -16.2404 622.633
183.125 603.765 603.887 0.00465962 -18.4665 622.349
188.75 601.369 601.507 0.00296805 -20.858 622.362
194.375 599.124 599.243 0.00189153 -23.4058 622.647
200 596.945 597.086 0.00120606 -26.0984 623.183
205.625 594.901 595.025 0.000769351 -28.9228 623.947
211.25 592.916 593.056 0.000490991 -31.865 624.921
216.875 591.043 591.176 0.000313478 -34.9102 626.086
222.5 589.226 589.382 0.000200223 -38.044 627.426
228.125 587.534 587.674 0.000127935 -41.2517 628.925
233.75 585.889 586.051 8.17753e-05 -44.5197 630.571
239.375 584.362 584.515 5.22884e-05 -47.8351 632.35
245 582.891 583.064 3.34451e-05 -51.1862 634.25
250.625 581.542 581.701 2.13991e-05 -54.5624 636.263
256.25 580.244 580.424 1.36958e-05 -57.9545 638.379
