177
0.0523599 1.00642
0.0698132 1.01488
0.0872665 1.02097
0.10472 1.02201
0.122173 1.01679
0.139626 1.00524
0.15708 0.987969
0.174533 0.966027
0.191986 0.94067
0.20944 0.913218
0.226893 0.88496
0.244346 0.857088
0.261799 0.830656
0.279253 0.806564
0.296706 0.785542
0.314159 0.768153
0.331613 0.754795
0.349066 0.745715
0.366519 0.741014
0.383972 0.740667
0.401426 0.744534
0.418879 0.752378
0.436332 0.763874
0.453786 0.778631
0.471239 0.796203
0.488692 0.816099
0.506145 0.837804
0.523599 0.860782
0.541052 0.884494
0.558505 0.908402
0.575959 0.931983
0.593412 0.954734
0.610865 0.976179
0.628319 0.995876
0.645772 1.01342
0.663225 1.02846
0.680678 1.04066
0.698132 1.04978
0.715585 1.05558
0.733038 1.0579
0.750492 1.05662
0.767945 1.05169
0.785398 1.04307
0.802851 1.03079
0.820305 1.01494
0.837758 0.995622
0.855211 0.972995
0.872665 0.94725
0.890118 0.918612
0.907571 0.887335
0.925025 0.853698
0.942478 0.818003
0.959931 0.780568
0.977384 0.741729
0.994838 0.701829
1.01229 0.66122
1.02974 0.620256
1.0472 0.579293
1.06465 0.538681
1.0821 0.498767
1.09956 0.459885
1.11701 0.422361
1.13446 0.386502
1.15192 0.352604
1.16937 0.32094
1.18682 0.291764
1.20428 0.265308
1.22173 0.241782
1.23918 0.22137
1.25664 0.204232
1.27409 0.190501
1.29154 0.180283
1.309 0.173659
1.32645 0.170683
1.3439 0.171381
1.36136 0.175753
1.37881 0.183772
1.39626 0.195388
1.41372 0.210522
1.43117 0.229075
1.44862 0.250921
1.46608 0.275915
1.48353 0.303889
1.50098 0.334657
1.51844 0.368014
1.53589 0.403736
1.55334 0.441589
1.5708 0.481319
1.58825 0.522666
1.6057 0.565355
1.62316 0.609106
1.64061 0.653632
1.65806 0.69864
1.67552 0.743835
1.69297 0.788923
1.71042 0.833607
1.72788 0.877599
1.74533 0.92061
1.76278 0.962362
1.78024 1.00258
1.79769 1.04102
1.81514 1.07741
1.8326 1.11153
1.85005 1.14317
1.8675 1.17211
1.88496 1.19817
1.90241 1.2212
1.91986 1.24104
1.93732 1.25757
1.95477 1.2707
1.97222 1.28034
1.98968 1.28645
2.00713 1.28898
2.02458 1.28794
2.04204 1.28334
2.05949 1.27522
2.07694 1.26365
2.0944 1.24871
2.11185 1.2305
2.1293 1.20917
2.14675 1.18485
2.16421 1.15772
2.18166 1.12795
2.19911 1.09576
2.21657 1.06135
2.23402 1.02495
2.25147 0.9868
2.26893 0.947151
2.28638 0.906253
2.30383 0.864365
2.32129 0.82175
2.33874 0.778668
2.35619 0.735383
2.37365 0.69215
2.3911 0.649222
2.40855 0.606844
2.42601 0.565252
2.44346 0.52467
2.46091 0.48531
2.47837 0.447369
2.49582 0.411029
2.51327 0.376455
2.53073 0.343791
2.54818 0.313167
2.56563 0.284688
2.58309 0.258441
2.60054 0.234491
2.61799 0.212882
2.63545 0.193637
2.6529 0.176757
2.67035 0.162223
2.68781 0.149996
2.70526 0.140017
2.72271 0.132207
2.74017 0.126473
2.75762 0.122702
2.77507 0.120769
2.79253 0.120536
2.80998 0.12185
2.82743 0.124552
2.84489 0.128472
2.86234 0.133438
2.87979 0.13927
2.89725 0.145787
2.9147 0.15281
2.93215 0.160159
2.94961 0.167661
2.96706 0.175146
2.98451 0.182454
3.00197 0.189433
3.01942 0.195943
3.03687 0.201857
3.05433 0.20706
3.07178 0.211455
3.08923 0.214961
3.10669 0.217511
3.12414 0.21906
29 8
0.392001 0.726778 0.0726778
0.479442 0.783289 0.0783289
0.563916 0.9151 0.09151
0.580322 0.933932 0.0933932
0.663051 1.06585 0.106585
0.759218 1.13625 0.113625
0.851721 1.14217 0.114217
0.941082 1.0668 0.10668
1.04214 0.862585 0.0862585
1.12469 0.689041 0.0689041
1.22068 0.495739 0.0495739
1.31476 0.338969 0.0338969
1.40935 0.307155 0.0307155
1.50517 0.311276 0.0311276
1.59785 0.405164 0.0405164
1.6804 0.573928 0.0573928
1.77832 0.801721 0.0801721
1.8675 1.00988 0.100988
1.96175 1.20423 0.120423
2.05757 1.29629 0.129629
2.15217 1.32776 0.132776
2.16875 1.30199 0.130199
2.26648 1.292 0.1292
2.34223 1.24846 0.124846
2.35969 1.16036 0.116036
2.43822 1.08483 0.108483
2.53422 0.962251 0.0962251
2.60857 0.762996 0.0762996
2.7077 0.603593 0.0603593
177
0.0523599 10.1418
0.0698132 10.2091
0.0872665 10.2006
0.10472 10.0998
0.122173 9.90895
0.139626 9.64088
0.15708 9.31387
0.174533 8.94825
0.191986 8.56426
0.20944 8.18077
0.226893 7.81453
0.244346 7.47972
0.261799 7.18786
0.279253 6.94774
0.296706 6.76553
0.314159 6.64497
0.331613 6.58751
0.349066 6.59263
0.366519 6.65801
0.383972 6.77983
0.401426 6.95299
0.418879 7.17139
0.436332 7.42815
0.453786 7.71581
0.471239 8.0266
0.488692 8.35257
0.506145 8.68581
0.523599 9.01861
0.541052 9.34355
0.558505 9.65368
0.575959 9.9426
0.593412 10.2045
0.610865 10.4344
0.628319 10.6279
0.645772 10.7814
0.663225 10.8921
0.680678 10.9581
0.698132 10.9781
0.715585 10.9516
0.733038 10.8789
0.750492 10.7608
0.767945 10.5988
0.785398 10.3949
0.802851 10.1516
0.820305 9.87191
0.837758 9.55904
0.855211 9.21658
0.872665 8.84831
0.890118 8.45817
0.907571 8.05023
0.925025 7.62857
0.942478 7.19729
0.959931 6.76043
0.977384 6.32194
0.994838 5.88567
1.01229 5.45529
1.02974 5.03433
1.0472 4.62609
1.06465 4.2337
1.0821 3.86006
1.09956 3.50783
1.11701 3.17948
1.13446 2.87722
1.15192 2.60306
1.16937 2.35877
1.18682 2.14591
1.20428 1.96583
1.22173 1.81965
1.23918 1.70829
1.25664 1.63249
1.27409 1.59274
1.29154 1.58938
1.309 1.62251
1.32645 1.69207
1.3439 1.79777
1.36136 1.93914
1.37881 2.11549
1.39626 2.32596
1.41372 2.56946
1.43117 2.8447
1.44862 3.1502
1.46608 3.48427
1.48353 3.84502
1.50098 4.23037
1.51844 4.63805
1.53589 5.0656
1.55334 5.5104
1.5708 5.96965
1.58825 6.44043
1.6057 6.91967
1.62316 7.40419
1.64061 7.89073
1.65806 8.37595
1.67552 8.85647
1.69297 9.32889
1.71042 9.78981
1.72788 10.2359
1.74533 10.6638
1.76278 11.0703
1.78024 11.4524
1.79769 11.8071
1.81514 12.1317
1.8326 12.4236
1.85005 12.6805
1.8675 12.9003
1.88496 13.0812
1.90241 13.2216
1.91986 13.3205
1.93732 13.3769
1.95477 13.3903
1.97222 13.3605
1.98968 13.2876
2.00713 13.1722
2.02458 13.0152
2.04204 12.8177
2.05949 12.5813
2.07694 12.3078
2.0944 11.9996
2.11185 11.6591
2.1293 11.2891
2.14675 10.8926
2.16421 10.473
2.18166 10.0337
2.19911 9.57839
2.21657 9.111
2.23402 8.63545
2.25147 8.15581
2.26893 7.67619
2.28638 7.20074
2.30383 6.73358
2.32129 6.27881
2.33874 5.84043
2.35619 5.42234
2.37365 5.02829
2.3911 4.66184
2.40855 4.32637
2.42601 4.02498
2.44346 3.76053
2.46091 3.53558
2.47837 3.35237
2.49582 3.21281
2.51327 3.11844
2.53073 3.07043
2.54818 3.06957
2.56563 3.11626
2.58309 3.21049
2.60054 3.35183
2.61799 3.53946
2.63545 3.77217
2.6529 4.04833
2.67035 4.36594
2.68781 4.72263
2.70526 5.11568
2.72271 5.54202
2.74017 5.9983
2.75762 6.48086
2.77507 6.9858
2.79253 7.50901
2.80998 8.04619
2.82743 8.59288
2.84489 9.14452
2.86234 9.69649
2.87979 10.2441
2.89725 10.7828
2.9147 11.3078
2.93215 11.8148
2.94961 12.2994
2.96706 12.7573
2.98451 13.1846
3.00197 13.5777
3.01942 13.933
3.03687 14.2476
3.05433 14.5185
3.07178 14.7435
3.08923 14.9206
3.10669 15.0483
3.12414 15.1253
27 10
0.392001 6.54981 0.654981
0.479442 7.81626 0.781626
0.563916 9.13225 0.913225
0.580322 9.32002 0.932002
0.663051 10.6358 1.06358
0.759218 10.8731 1.08731
0.851721 10.4773 1.04773
0.941082 9.00354 0.900354
1.04214 6.75619 0.675619
1.12469 4.78788 0.478788
1.22068 2.91711 0.291711
1.31476 1.87918 0.187918
1.40935 1.93856 0.193856
1.50517 3.25026 0.325026
1.59785 5.64597 0.564597
1.6804 8.62182 0.862182
1.77832 11.6147 1.16147
1.8675 13.2377 1.32377
1.96175 15.1521 1.51521
2.05757 14.7075 1.47075
2.15217 12.7027 1.27027
2.16875 12.3257 1.23257
2.26648 10.0749 1.00749
2.34223 7.91299 0.791299
2.35969 6.93179 0.693179
2.43822 5.56236 0.556236
2.53422 3.09786 0.309786
177
0.0523599 101.746
0.0698132 101.793
0.0872665 100.692
0.10472 98.4433
0.122173 95.216
0.139626 91.2589
0.15708 86.845
0.174533 82.242
0.191986 77.6941
0.20944 73.4129
0.226893 69.5732
0.244346 66.3114
0.261799 63.7262
0.279253 61.8811
0.296706 60.8066
0.314159 60.5038
0.331613 60.9482
0.349066 62.0932
0.366519 63.874
0.383972 66.2114
0.401426 69.0157
0.418879 72.1896
0.436332 75.6321
0.453786 79.2411
0.471239 82.9164
0.488692 86.5618
0.506145 90.0873
0.523599 93.4111
0.541052 96.4604
0.558505 99.1729
0.575959 101.497
0.593412 103.393
0.610865 104.832
0.628319 105.797
0.645772 106.279
0.663225 106.282
0.680678 105.818
0.698132 104.904
0.715585 103.568
0.733038 101.841
0.750492 99.7569
0.767945 97.3553
0.785398 94.6756
0.802851 91.7584
0.820305 88.6438
0.837758 85.3708
0.855211 81.9761
0.872665 78.4942
0.890118 74.9564
0.907571 71.391
0.925025 67.8228
0.942478 64.2736
0.959931 60.762
0.977384 57.3039
0.994838 53.9129
1.01229 50.6006
1.02974 47.3772
1.0472 44.252
1.06465 41.234
1.0821 38.332
1.09956 35.5558
1.11701 32.9156
1.13446 30.4234
1.15192 28.0921
1.16937 25.9366
1.18682 23.9731
1.20428 22.2195
1.22173 20.695
1.23918 19.4198
1.25664 18.4148
1.27409 17.7011
1.29154 17.2997
1.309 17.2308
1.32645 17.5132
1.3439 18.1636
1.36136 19.1966
1.37881 20.6233
1.39626 22.4513
1.41372 24.6843
1.43117 27.3214
1.44862 30.3567
1.46608 33.7795
1.48353 37.5738
1.50098 41.7182
1.51844 46.1864
1.53589 50.9467
1.55334 55.9628
1.5708 61.1939
1.58825 66.595
1.6057 72.118
1.62316 77.7114
1.64061 83.3219
1.65806 88.8943
1.67552 94.3727
1.69297 99.701
1.71042 104.824
1.72788 109.688
1.74533 114.241
1.76278 118.434
1.78024 122.222
1.79769 125.564
1.81514 128.423
1.8326 130.768
1.85005 132.574
1.8675 133.819
1.88496 134.492
1.90241 134.584
1.91986 134.095
1.93732 133.029
1.95477 131.399
1.97222 129.221
1.98968 126.521
2.00713 123.326
2.02458 119.671
2.04204 115.595
2.05949 111.142
2.07694 106.358
2.0944 101.295
2.11185 96.0045
2.1293 90.5434
2.14675 84.9684
2.16421 79.3379
2.18166 73.7106
2.19911 68.1457
2.21657 62.7017
2.23402 57.4361
2.25147 52.4053
2.26893 47.6639
2.28638 43.2641
2.30383 39.2558
2.32129 35.6861
2.33874 32.5987
2.35619 30.0343
2.37365 28.0297
2.3911 26.6179
2.40855 25.8279
2.42601 25.6845
2.44346 26.2083
2.46091 27.4153
2.47837 29.3172
2.49582 31.9208
2.51327 35.2283
2.53073 39.2373
2.54818 43.9406
2.56563 49.326
2.58309 55.3768
2.60054 62.0714
2.61799 69.3834
2.63545 77.282
2.6529 85.7316
2.67035 94.6922
2.68781 104.12
2.70526 113.966
2.72271 124.178
2.74017 134.702
2.75762 145.477
2.77507 156.441
2.79253 167.531
2.80998 178.678
2.82743 189.816
2.84489 200.874
2.86234 211.781
2.87979 222.466
2.89725 232.861
2.9147 242.894
2.93215 252.499
2.94961 261.609
2.96706 270.162
2.98451 278.097
3.00197 285.359
3.01942 291.895
3.03687 297.659
3.05433 302.609
3.07178 306.71
3.08923 309.931
3.10669 312.249
3.12414 313.646
27 12
0.392001 65.359 6.5359
0.479442 81.7499 8.17499
0.563916 96.8563 9.68563
0.580322 97.7434 9.77434
0.663051 109.197 10.9197
0.759218 110.184 11.0184
0.851721 104.552 10.4552
0.941082 94.3863 9.43863
1.04214 72.3565 7.23565
1.12469 55.3826 5.53826
1.22068 36.0107 3.60107
1.31476 25.3888 2.53888
1.40935 28.723 2.8723
1.50517 51.6169 5.16169
1.59785 87.3073 8.73073
1.6804 117.819 11.7819
1.77832 137.71 13.771
1.8675 151.21 15.121
1.96175 146.952 14.6952
2.05757 117.875 11.7875
2.15217 74.8451 7.48451
2.16875 68.9661 6.89661
2.26648 38.4786 3.84786
2.34223 26.2094 2.62094
2.35969 23.9596 2.39596
2.43822 37.8182 3.78182
2.53422 45.9554 4.59554
177
0.0523599 1015.82
0.0698132 1007.96
0.0872665 986.315
0.10472 952.552
0.122173 909.639
0.139626 860.962
0.15708 809.846
0.174533 759.306
0.191986 711.917
0.20944 669.763
0.226893 634.423
0.244346 606.983
0.261799 588.072
0.279253 577.899
0.296706 576.303
0.314159 582.808
0.331613 596.677
0.349066 616.964
0.366519 642.575
0.383972 672.315
0.401426 704.944
0.418879 739.217
0.436332 773.931
0.453786 807.961
0.471239 840.288
0.488692 870.025
0.506145 896.438
0.523599 918.955
0.541052 937.171
0.558505 950.849
0.575959 959.914
0.593412 964.44
0.610865 964.636
0.628319 960.824
0.645772 953.419
0.663225 942.904
0.680678 929.804
0.698132 914.666
0.715585 898.026
0.733038 880.396
0.750492 862.241
0.767945 843.959
0.785398 825.875
0.802851 808.226
0.820305 791.158
0.837758 774.728
0.855211 758.901
0.872665 743.564
0.890118 728.53
0.907571 713.556
0.925025 698.354
0.942478 682.612
0.959931 666.009
0.977384 648.234
0.994838 629.007
1.01229 608.089
1.02974 585.304
1.0472 560.55
1.06465 533.807
1.0821 505.149
1.09956 474.745
1.11701 442.862
1.13446 409.862
1.15192 376.197
1.16937 342.402
1.18682 309.082
1.20428 276.899
1.22173 246.557
1.23918 218.786
1.25664 194.321
1.27409 173.886
1.29154 158.173
1.309 147.826
1.32645 143.422
1.3439 145.457
1.36136 154.328
1.37881 170.328
1.39626 193.627
1.41372 224.273
1.43117 262.183
1.44862 307.146
1.46608 358.819
1.48353 416.735
1.50098 480.307
1.51844 548.84
1.53589 621.541
1.55334 697.533
1.5708 775.867
1.58825 855.542
1.6057 935.522
1.62316 1014.75
1.64061 1092.17
1.65806 1166.74
1.67552 1237.45
1.69297 1303.36
1.71042 1363.57
1.72788 1417.28
1.74533 1463.77
1.76278 1502.44
1.78024 1532.77
1.79769 1554.4
1.81514 1567.08
1.8326 1570.66
1.85005 1565.15
1.8675 1550.68
1.88496 1527.48
1.90241 1495.93
1.91986 1456.48
1.93732 1409.72
1.95477 1356.3
1.97222 1296.96
1.98968 1232.5
2.00713 1163.8
2.02458 1091.73
2.04204 1017.24
2.05949 941.269
2.07694 864.752
2.0944 788.626
2.11185 713.797
2.1293 641.141
2.14675 571.488
2.16421 505.618
2.18166 444.249
2.19911 388.036
2.21657 337.561
2.23402 293.335
2.25147 255.791
2.26893 225.29
2.28638 202.114
2.30383 186.475
2.32129 178.512
2.33874 178.298
2.35619 185.845
2.37365 201.108
2.3911 223.989
2.40855 254.344
2.42601 291.991
2.44346 336.711
2.46091 388.26
2.47837 446.365
2.49582 510.738
2.51327 581.075
2.53073 657.058
2.54818 738.363
2.56563 824.656
2.58309 915.599
2.60054 1010.85
2.61799 1110.05
2.63545 1212.86
2.6529 1318.9
2.67035 1427.8
2.68781 1539.18
2.70526 1652.65
2.72271 1767.78
2.74017 1884.16
2.75762 2001.33
2.77507 2118.82
2.79253 2236.17
2.80998 2352.84
2.82743 2468.33
2.84489 2582.09
2.86234 2693.56
2.87979 2802.17
2.89725 2907.34
2.9147 3008.49
2.93215 3105.03
2.94961 3196.39
2.96706 3282.01
2.98451 3361.35
3.00197 3433.88
3.01942 3499.12
3.03687 3556.63
3.05433 3606.01
3.07178 3646.91
3.08923 3679.03
3.10669 3702.14
3.12414 3716.08
27 14.03
0.624828 925.852 18.517
0.71541 1028.23 20.5647
0.809484 1015.95 20.3189
0.897099 1010.73 20.2146
0.983319 985.149 19.703
1.076 878.613 17.5723
1.15942 585.037 11.7007
1.23936 327.059 6.54118
1.32383 240.27 4.8054
1.41319 313.184 6.26368
1.50011 651.913 13.0383
1.58092 1159.3 23.186
1.67272 1594.85 31.8971
1.76435 1847.52 36.9505
1.83836 1823.53 36.4706
1.93697 1488.98 29.7796
2.01935 1001.62 20.0325
2.10731 530.792 10.6158
2.19213 214.31 4.2862
2.28638 112.235 2.24471
2.37173 270.98 5.41961
2.45149 592.921 11.8584
2.54556 949.314 18.9863
2.63004 1424.67 28.4935
2.71922 1745.64 34.9128
2.80387 2068.52 41.3704
2.88608 2314.53 46.2905
177
0.0523599 10134.6
0.0698132 10011.6
0.0872665 9744.52
0.10472 9357.67
0.122173 8886.21
0.139626 8367.48
0.15708 7836.73
0.174533 7324.89
0.191986 6857.52
0.20944 6454.47
0.226893 6129.91
0.244346 5892.6
0.261799 5746.34
0.279253 5690.5
0.296706 5720.62
0.314159 5829.1
0.331613 6005.78
0.349066 6238.69
0.366519 6514.67
0.383972 6819.95
0.401426 7140.79
0.418879 7463.99
0.436332 7777.31
0.453786 8069.91
0.471239 8332.61
0.488692 8558.15
0.506145 8741.29
0.523599 8878.92
0.541052 8969.94
0.558505 9015.23
0.575959 9017.43
0.593412 8980.7
0.610865 8910.47
0.628319 8813.08
0.645772 8695.47
0.663225 8564.79
0.680678 8428.13
0.698132 8292.12
0.715585 8162.68
0.733038 8044.75
0.750492 7942.12
0.767945 7857.24
0.785398 7791.18
0.802851 7743.57
0.820305 7712.64
0.837758 7695.36
0.855211 7687.51
0.872665 7683.95
0.890118 7678.81
0.907571 7665.75
0.925025 7638.28
0.942478 7589.98
0.959931 7514.84
0.977384 7407.53
0.994838 7263.62
1.01229 7079.79
1.02974 6854.08
1.0472 6585.94
1.06465 6276.37
1.0821 5927.96
1.09956 5544.83
1.11701 5132.64
1.13446 4698.4
1.15192 4250.38
1.16937 3797.85
1.18682 3350.94
1.20428 2920.28
1.22173 2516.85
1.23918 2151.57
1.25664 1835.14
1.27409 1577.68
1.29154 1388.49
1.309 1275.82
1.32645 1246.63
1.3439 1306.45
1.36136 1459.15
1.37881 1706.91
1.39626 2050.09
1.41372 2487.23
1.43117 3015.05
1.44862 3628.51
1.46608 4320.88
1.48353 5083.89
1.50098 5907.85
1.51844 6781.88
1.53589 7694.07
1.55334 8631.74
1.5708 9581.63
1.58825 10530.2
1.6057 11463.8
1.62316 12369.1
1.64061 13233
1.65806 14043.1
1.67552 14787.8
1.69297 15456.8
1.71042 16040.5
1.72788 16531.2
1.74533 16922.2
1.76278 17208.6
1.78024 17387.1
1.79769 17455.8
1.81514 17414.7
1.8326 17265.4
1.85005 17010.9
1.8675 16655.8
1.88496 16206
1.90241 15668.9
1.91986 15052.7
1.93732 14366.9
1.95477 13621.7
1.97222 12827.9
1.98968 11996.8
2.00713 11140.2
2.02458 10269.7
2.04204 9396.97
2.05949 8533.61
2.07694 7690.66
2.0944 6878.69
2.11185 6107.6
2.1293 5386.5
2.14675 4723.62
2.16421 4126.23
2.18166 3600.56
2.19911 3151.76
2.21657 2783.88
2.23402 2499.89
2.25147 2301.66
2.26893 2190.01
2.28638 2164.74
2.30383 2224.76
2.32129 2368.08
2.33874 2591.96
2.35619 2893.01
2.37365 3267.24
2.3911 3710.24
2.40855 4217.24
2.42601 4783.24
2.44346 5403.11
2.46091 6071.67
2.47837 6783.83
2.49582 7534.59
2.51327 8319.19
2.53073 9133.11
2.54818 9972.14
2.56563 10832.4
2.58309 11710.3
2.60054 12602.6
2.61799 13506.5
2.63545 14419.3
2.6529 15338.8
2.67035 16262.8
2.68781 17189.3
2.70526 18116.5
2.72271 19042.6
2.74017 19965.8
2.75762 20884.2
2.77507 21795.8
2.79253 22698.4
2.80998 23589.8
2.82743 24467.3
2.84489 25328
2.86234 26168.9
2.87979 26986.6
2.89725 27777.7
2.9147 28538.2
2.93215 29264.3
2.94961 29952
2.96706 30597.2
2.98451 31195.8
3.00197 31743.9
3.01942 32237.7
3.03687 32673.7
3.05433 33048.5
3.07178 33359.4
3.08923 33603.8
3.10669 33779.8
3.12414 33886
28 15.05
0.536863 7656.31 153.126
0.624828 7714.73 154.295
0.71541 8187.8 163.756
0.809484 8895.82 177.916
0.897099 10106 202.12
0.983319 10438.5 208.769
1.076 9425.05 188.501
1.15942 6650.45 133.009
1.23936 3713.87 74.2773
1.32383 2202.37 44.0475
1.41319 3182.01 63.6401
1.50011 6905.39 138.108
1.58092 11820.5 236.409
1.67272 16504 330.079
1.76435 19051.2 381.025
1.83836 18849.8 376.996
1.93697 14934.9 298.698
2.01935 10474.3 209.486
2.10731 5512.3 110.246
2.19213 2517.63 50.3525
2.28638 2257.67 45.1534
2.37173 4798.56 95.9713
2.45149 8478.77 169.575
2.54556 12782.9 255.657
2.63004 15544.6 310.891
2.71922 19767.5 395.349
2.80387 21703.8 434.076
2.88608 24224.4 484.488
177
0.0523599 101166
0.0698132 99674
0.0872665 96717.5
0.10472 92583.8
0.122173 87653.5
0.139626 82318.1
0.15708 76939.3
0.174533 71828.4
0.191986 67237.5
0.20944 63356.9
0.226893 60316.5
0.244346 58189.5
0.261799 56997.1
0.279253 56715.2
0.296706 57281
0.314159 58600.3
0.331613 60554.9
0.349066 63009.9
0.366519 65821.1
0.383972 68841.2
0.401426 71927
0.418879 74944
0.436332 77771.8
0.453786 80308.1
0.471239 82471
0.488692 84201.6
0.506145 85464.7
0.523599 86248.6
0.541052 86564.2
0.558505 86443.3
0.575959 85935.4
0.593412 85105
0.610865 84027.7
0.628319 82785.9
0.645772 81465.1
0.663225 80149.1
0.680678 78916.6
0.698132 77837.3
0.715585 76969
0.733038 76354.5
0.750492 76020.5
0.767945 75975.9
0.785398 76211.5
0.802851 76700.7
0.820305 77400.4
0.837758 78252.8
0.855211 79187.6
0.872665 80125.5
0.890118 80981
0.907571 81665.6
0.925025 82092.5
0.942478 82179
0.959931 81850.8
0.977384 81044.7
0.994838 79711.9
1.01229 77819.7
1.02974 75353.9
1.0472 72319.6
1.06465 68741.8
1.0821 64665.3
1.09956 60154.1
1.11701 55289.8
1.13446 50169.9
1.15192 44905.3
1.16937 39617.4
1.18682 34435.3
1.20428 29491.8
1.22173 24920.8
1.23918 20853.1
1.25664 17413.1
1.27409 14715.8
1.29154 12863.8
1.309 11944.3
1.32645 12027.1
1.3439 13162.8
1.36136 15381.3
1.37881 18691.2
1.39626 23079.3
1.41372 28510.7
1.43117 34929.7
1.44862 42260.9
1.46608 50410.7
1.48353 59269
1.50098 68711.8
1.51844 78603.6
1.53589 88799.9
1.55334 99150
1.5708 109500
1.58825 119697
1.6057 129587
1.62316 139026
1.64061 147873
1.65806 156002
1.67552 163294
1.69297 169648
1.71042 174976
1.72788 179208
1.74533 182293
1.76278 184194
1.78024 184897
1.79769 184404
1.81514 182734
1.8326 179926
1.85005 176034
1.8675 171128
1.88496 165289
1.90241 158614
1.91986 151208
1.93732 143187
1.95477 134671
1.97222 125786
1.98968 116661
2.00713 107427
2.02458 98210.5
2.04204 89137.8
2.05949 80329.2
2.07694 71898.7
2.0944 63952.4
2.11185 56586.8
2.1293 49888.5
2.14675 43932.1
2.16421 38780.7
2.18166 34484.4
2.19911 31080.8
2.21657 28594.5
2.23402 27037.4
2.25147 26409.1
2.26893 26697.7
2.28638 27880.2
2.30383 29923.7
2.32129 32786.4
2.33874 36418.9
2.35619 40765.3
2.37365 45764.8
2.3911 51352.7
2.40855 57462.1
2.42601 64025.3
2.44346 70974.9
2.46091 78244.8
2.47837 85771.9
2.49582 93496.5
2.51327 101363
2.53073 109322
2.54818 117329
2.56563 125344
2.58309 133335
2.60054 141274
2.61799 149141
2.63545 156918
2.6529 164595
2.67035 172163
2.68781 179619
2.70526 186960
2.72271 194186
2.74017 201297
2.75762 208293
2.77507 215174
2.79253 221937
2.80998 228579
2.82743 235090
2.84489 241462
2.86234 247679
2.87979 253725
2.89725 259579
2.9147 265217
2.93215 270613
2.94961 275737
2.96706 280559
2.98451 285047
3.00197 289170
3.01942 292895
3.03687 296194
3.05433 299037
3.07178 301400
3.08923 303262
3.10669 304605
3.12414 305416
26 15.65
0.624828 82612.6 1652.25
0.71541 86745.4 1734.91
0.809484 98351.6 1967.03
0.897099 110929 2218.58
0.983319 119580 2391.6
1.076 101667 2033.34
1.15942 66849 1336.98
1.23936 32620.3 652.407
1.32383 15928.1 318.561
1.41319 35788.5 715.771
1.50011 83481.1 1669.62
1.58092 142297 2845.93
1.67272 197835 3956.7
1.76435 224261 4485.22
1.83836 211719 4234.37
1.93697 163819 3276.38
2.10731 52466 1049.32
2.19213 23383.7 467.674
2.28638 29228 584.559
2.37173 66464.4 1329.29
2.45149 114252 2285.04
2.54556 167738 3354.76
2.63004 210993 4219.85
2.71922 236807 4736.15
2.80387 242541 4850.83
2.88608 249610 4992.19
177
0.0523599 986584
0.0698132 949718
0.0872665 899687
0.10472 842583
0.122173 784130
0.139626 729175
0.15708 681491
0.174533 643719
0.191986 617394
0.20944 603019
0.226893 600167
0.244346 607617
0.261799 623499
0.279253 645467
0.296706 670865
0.314159 696913
0.331613 720877
0.349066 740233
0.366519 752820
0.383972 756960
0.401426 751563
0.418879 736187
0.436332 711076
0.453786 677154
0.471239 635985
0.488692 589704
0.506145 540912
0.523599 492549
0.541052 447752
0.558505 409695
0.575959 381429
0.593412 365726
0.610865 364934
0.628319 380848
0.645772 414608
0.663225 466624
0.680678 536538
0.698132 623211
0.715585 724756
0.733038 838596
0.750492 961554
0.767945 1.08997e+06
0.785398 1.21986e+06
0.802851 1.34702e+06
0.820305 1.46726e+06
0.837758 1.57648e+06
0.855211 1.67094e+06
0.872665 1.74729e+06
0.890118 1.80279e+06
0.907571 1.83538e+06
0.925025 1.84376e+06
0.942478 1.82745e+06
0.959931 1.78682e+06
0.977384 1.72307e+06
0.994838 1.63818e+06
1.01229 1.53487e+06
1.02974 1.41649e+06
1.0472 1.28691e+06
1.06465 1.15037e+06
1.0821 1.01139e+06
1.09956 874552
1.11701 744405
1.13446 625294
1.15192 521229
1.16937 435764
1.18682 371887
1.20428 331941
1.22173 317554
1.23918 329605
1.25664 368209
1.27409 432723
1.29154 521782
1.309 633352
1.32645 764798
1.3439 912977
1.36136 1.07434e+06
1.37881 1.24502e+06
1.39626 1.42099e+06
1.41372 1.59814e+06
1.43117 1.77239e+06
1.44862 1.93984e+06
1.46608 2.09683e+06
1.48353 2.24004e+06
1.50098 2.36656e+06
1.51844 2.47399e+06
1.53589 2.56043e+06
1.55334 2.62454e+06
1.5708 2.66557e+06
1.58825 2.68331e+06
1.6057 2.67811e+06
1.62316 2.65083e+06
1.64061 2.60281e+06
1.65806 2.5358e+06
1.67552 2.45188e+06
1.69297 2.35346e+06
1.71042 2.24312e+06
1.72788 2.12359e+06
1.74533 1.99766e+06
1.76278 1.86812e+06
1.78024 1.73766e+06
1.79769 1.60887e+06
1.81514 1.48413e+06
1.8326 1.36559e+06
1.85005 1.25515e+06
1.8675 1.15438e+06
1.88496 1.0646e+06
1.90241 986766
1.91986 921548
1.93732 869306
1.95477 830116
1.97222 803791
1.98968 789909
2.00713 787844
2.02458 796797
2.04204 815833
2.05949 843912
2.07694 879925
2.0944 922722
2.11185 971140
2.1293 1.02403e+06
2.14675 1.08028e+06
2.16421 1.13882e+06
2.18166 1.19865e+06
2.19911 1.25886e+06
2.21657 1.31859e+06
2.23402 1.37708e+06
2.25147 1.43365e+06
2.26893 1.4877e+06
2.28638 1.53872e+06
2.30383 1.58626e+06
2.32129 1.62992e+06
2.33874 1.6694e+06
2.35619 1.70442e+06
2.37365 1.73478e+06
2.3911 1.7603e+06
2.40855 1.78088e+06
2.42601 1.79643e+06
2.44346 1.80693e+06
2.46091 1.8124e+06
2.47837 1.81291e+06
2.49582 1.80857e+06
2.51327 1.79957e+06
2.53073 1.78611e+06
2.54818 1.76851e+06
2.56563 1.74709e+06
2.58309 1.72226e+06
2.60054 1.69448e+06
2.61799 1.66425e+06
2.63545 1.63214e+06
2.6529 1.59872e+06
2.67035 1.56461e+06
2.68781 1.53044e+06
2.70526 1.49682e+06
2.72271 1.46438e+06
2.74017 1.4337e+06
2.75762 1.4053e+06
2.77507 1.37967e+06
2.79253 1.3572e+06
2.80998 1.33823e+06
2.82743 1.32298e+06
2.84489 1.31157e+06
2.86234 1.30403e+06
2.87979 1.30026e+06
2.89725 1.30009e+06
2.9147 1.30322e+06
2.93215 1.30928e+06
2.94961 1.31783e+06
2.96706 1.32835e+06
2.98451 1.34028e+06
3.00197 1.35304e+06
3.01942 1.36604e+06
3.03687 1.3787e+06
3.05433 1.39047e+06
3.07178 1.40084e+06
3.08923 1.40939e+06
3.10669 1.41576e+06
3.12414 1.41969e+06
48 21
0.178198 741283 14825.7
0.222879 709525 14190.5
0.267384 765215 15304.3
0.31189 830699 16614
0.356396 858365 17167.3
0.400902 816333 16326.7
0.445408 743488 14869.8
0.489914 621950 12439
0.534245 480608 9612.17
0.578751 406778 8135.56
0.623257 450896 9017.93
0.667588 646919 12938.4
0.71192 959862 19197.2
0.756251 1.38081e+06 27616.2
0.800583 1.79276e+06 35855.2
0.844914 2.20027e+06 44005.4
0.889071 2.37566e+06 47513.2
0.933402 2.4304e+06 48607.9
0.977559 2.26425e+06 45285
1.02172 1.97786e+06 39557.3
1.0657 1.57326e+06 31465.1
1.10985 1.11923e+06 22384.7
1.15384 779491 15589.8
1.19799 584384 11687.7
1.24198 583713 11674.3
1.28578 782526 15650.5
1.32977 1.15374e+06 23074.9
1.37357 1.44919e+06 28983.8
1.41738 2.07301e+06 41460.3
1.46119 2.51422e+06 50284.4
1.50482 2.62453e+06 52490.6
1.59226 3.02406e+06 60481.1
1.67936 2.59916e+06 51983.1
1.76645 1.70315e+06 34063
1.85337 1.10302e+06 22060.5
1.93993 807279 16145.6
2.0265 820469 16409.4
2.11307 1.0167e+06 20334
2.19929 1.31012e+06 26202.4
2.28533 1.54446e+06 30889.2
2.37138 1.68802e+06 33760.4
2.45725 1.79576e+06 35915.3
2.54312 1.80734e+06 36146.8
2.62881 1.72453e+06 34490.6
2.71434 1.58107e+06 31621.3
2.79986 1.48703e+06 29740.6
2.88538 1.45708e+06 29141.6
2.97072 1.50995e+06 30199
177
0.0523599 9.6241e+06
0.0698132 9.11801e+06
0.0872665 8.51666e+06
0.10472 7.90049e+06
0.122173 7.33699e+06
0.139626 6.87758e+06
0.15708 6.55671e+06
0.174533 6.3922e+06
0.191986 6.38622e+06
0.20944 6.52681e+06
0.226893 6.78996e+06
0.244346 7.14197e+06
0.261799 7.54231e+06
0.279253 7.94658e+06
0.296706 8.30967e+06
0.314159 8.58885e+06
0.331613 8.74672e+06
0.349066 8.75381e+06
0.366519 8.59073e+06
0.383972 8.24974e+06
0.401426 7.73564e+06
0.418879 7.06597e+06
0.436332 6.27039e+06
0.453786 5.38944e+06
0.471239 4.47257e+06
0.488692 3.57569e+06
0.506145 2.75822e+06
0.523599 2.08001e+06
0.541052 1.59802e+06
0.558505 1.36322e+06
0.575959 1.41769e+06
0.593412 1.79213e+06
0.610865 2.50396e+06
0.628319 3.55599e+06
0.645772 4.93591e+06
0.663225 6.61641e+06
0.680678 8.55611e+06
0.698132 1.07011e+07
0.715585 1.29873e+07
0.733038 1.53428e+07
0.750492 1.76912e+07
0.767945 1.99547e+07
0.785398 2.20575e+07
0.802851 2.39286e+07
0.820305 2.55056e+07
0.837758 2.67363e+07
0.855211 2.75815e+07
0.872665 2.80161e+07
0.890118 2.80305e+07
0.907571 2.76305e+07
0.925025 2.6837e+07
0.942478 2.56853e+07
0.959931 2.42232e+07
0.977384 2.25095e+07
0.994838 2.06113e+07
1.01229 1.86015e+07
1.02974 1.6556e+07
1.0472 1.45511e+07
1.06465 1.26603e+07
1.0821 1.09524e+07
1.09956 9.48837e+06
1.11701 8.32017e+06
1.13446 7.48868e+06
1.15192 7.02276e+06
1.16937 6.93855e+06
1.18682 7.23929e+06
1.20428 7.91552e+06
1.22173 8.94581e+06
1.23918 1.02978e+07
1.25664 1.19294e+07
1.27409 1.37909e+07
1.29154 1.58262e+07
1.309 1.79752e+07
1.32645 2.01755e+07
1.3439 2.23648e+07
1.36136 2.44824e+07
1.37881 2.6471e+07
1.39626 2.82786e+07
1.41372 2.98598e+07
1.43117 3.11763e+07
1.44862 3.21987e+07
1.46608 3.29061e+07
1.48353 3.32872e+07
1.50098 3.33395e+07
1.51844 3.30695e+07
1.53589 3.24919e+07
1.55334 3.16291e+07
1.5708 3.05099e+07
1.58825 2.91688e+07
1.6057 2.76445e+07
1.62316 2.59791e+07
1.64061 2.42162e+07
1.65806 2.24003e+07
1.67552 2.0575e+07
1.69297 1.87824e+07
1.71042 1.70618e+07
1.72788 1.54485e+07
1.74533 1.39738e+07
1.76278 1.26637e+07
1.78024 1.15387e+07
1.79769 1.06137e+07
1.81514 9.89768e+06
1.8326 9.39374e+06
1.85005 9.09947e+06
1.8675 9.00719e+06
1.88496 9.10442e+06
1.90241 9.37447e+06
1.91986 9.79708e+06
1.93732 1.03491e+07
1.95477 1.10054e+07
1.97222 1.17394e+07
1.98968 1.2524e+07
2.00713 1.33324e+07
2.02458 1.41384e+07
2.04204 1.49177e+07
2.05949 1.56479e+07
2.07694 1.63092e+07
2.0944 1.68848e+07
2.11185 1.73613e+07
2.1293 1.77283e+07
2.14675 1.79795e+07
2.16421 1.81115e+07
2.18166 1.81246e+07
2.19911 1.80221e+07
2.21657 1.78101e+07
2.23402 1.74972e+07
2.25147 1.70942e+07
2.26893 1.66133e+07
2.28638 1.60682e+07
2.30383 1.54731e+07
2.32129 1.48426e+07
2.33874 1.41914e+07
2.35619 1.35335e+07
2.37365 1.28823e+07
2.3911 1.22501e+07
2.40855 1.16481e+07
2.42601 1.10858e+07
2.44346 1.05717e+07
2.46091 1.01125e+07
2.47837 9.71347e+06
2.49582 9.37865e+06
2.51327 9.11072e+06
2.53073 8.91123e+06
2.54818 8.78079e+06
2.56563 8.7192e+06
2.58309 8.72561e+06
2.60054 8.79875e+06
2.61799 8.93697e+06
2.63545 9.13844e+06
2.6529 9.40122e+06
2.67035 9.72331e+06
2.68781 1.01027e+07
2.70526 1.05373e+07
2.72271 1.1025e+07
2.74017 1.15637e+07
2.75762 1.21507e+07
2.77507 1.27835e+07
2.79253 1.34588e+07
2.80998 1.41731e+07
2.82743 1.49219e+07
2.84489 1.57004e+07
2.86234 1.65028e+07
2.87979 1.73226e+07
2.89725 1.81526e+07
2.9147 1.89847e+07
2.93215 1.98101e+07
2.94961 2.06196e+07
2.96706 2.14036e+07
2.98451 2.2152e+07
3.00197 2.28548e+07
3.01942 2.35024e+07
3.03687 2.40854e+07
3.05433 2.4595e+07
3.07178 2.50235e+07
3.08923 2.53641e+07
3.10669 2.56114e+07
3.12414 2.57615e+07
49 25
0.178198 7.43168e+06 148634
0.222879 8.23187e+06 164637
0.267384 9.29176e+06 185835
0.31189 1.02948e+07 205896
0.356396 1.02625e+07 205250
0.400902 9.20836e+06 184167
0.445408 6.89728e+06 137946
0.489914 4.08889e+06 81777.7
0.53442 2.26212e+06 45242.5
0.578751 2.31171e+06 46234.2
0.623257 4.88592e+06 97718.3
0.667588 1.00199e+07 200397
0.71192 1.66702e+07 333405
0.756251 2.42192e+07 484384
0.800583 3.00918e+07 601836
0.844914 3.43276e+07 686552
0.889245 3.43948e+07 687896
0.933402 3.19974e+07 639947
0.977559 2.67258e+07 534517
1.02172 2.06642e+07 413285
1.06587 1.44013e+07 288026
1.11003 1.01662e+07 203325
1.15401 8.43372e+06 168674
1.19799 9.88194e+06 197639
1.24198 1.222e+07 244401
1.28596 1.80736e+07 361473
1.32977 2.38385e+07 476770
1.37375 2.93905e+07 587811
1.41756 3.3538e+07 670761
1.46119 3.62896e+07 725791
1.505 3.44739e+07 689479
1.54863 3.19204e+07 638408
1.59244 2.7602e+07 552041
1.67953 1.77626e+07 355252
1.76662 1.0147e+07 202939
1.85337 9.04398e+06 180880
1.94011 1.26697e+07 253394
2.02668 1.71574e+07 343148
2.11307 1.92578e+07 385155
2.19929 1.75814e+07 351628
2.28551 1.35565e+07 271131
2.37138 9.7924e+06 195848
2.45725 8.27971e+06 165594
2.54312 9.48931e+06 189786
2.62881 1.27272e+07 254545
2.71434 1.6271e+07 325420
2.79986 1.94042e+07 388084
2.88538 2.14699e+07 429398
2.97072 2.33211e+07 466423
177
0.0523599 9.29166e+07
0.0698132 8.63521e+07
0.0872665 7.94679e+07
0.10472 7.33168e+07
0.122173 6.87052e+07
0.139626 6.61756e+07
0.15708 6.60066e+07
0.174533 6.82228e+07
0.191986 7.26147e+07
0.20944 7.87688e+07
0.226893 8.61063e+07
0.244346 9.39311e+07
0.261799 1.01483e+08
0.279253 1.07998e+08
0.296706 1.12762e+08
0.314159 1.1517e+08
0.331613 1.14776e+08
0.349066 1.11329e+08
0.366519 1.048e+08
0.383972 9.53962e+07
0.401426 8.35577e+07
0.418879 6.99363e+07
0.436332 5.53638e+07
0.453786 4.08055e+07
0.471239 2.73046e+07
0.488692 1.59199e+07
0.506145 7.66195e+06
0.523599 3.42994e+06
0.541052 3.95507e+06
0.558505 9.75243e+06
0.575959 2.10853e+07
0.593412 3.79432e+07
0.610865 6.00362e+07
0.628319 8.68037e+07
0.645772 1.1744e+08
0.663225 1.5093e+08
0.680678 1.86101e+08
0.698132 2.2168e+08
0.715585 2.56354e+08
0.733038 2.88836e+08
0.750492 3.17925e+08
0.767945 3.42565e+08
0.785398 3.61894e+08
0.802851 3.75279e+08
0.820305 3.82346e+08
0.837758 3.82992e+08
0.855211 3.77385e+08
0.872665 3.65949e+08
0.890118 3.49344e+08
0.907571 3.28428e+08
0.925025 3.04214e+08
0.942478 2.77825e+08
0.959931 2.50436e+08
0.977384 2.2323e+08
0.994838 1.97341e+08
1.01229 1.73812e+08
1.02974 1.53551e+08
1.0472 1.37301e+08
1.06465 1.25617e+08
1.0821 1.18847e+08
1.09956 1.1713e+08
1.11701 1.20398e+08
1.13446 1.28388e+08
1.15192 1.40663e+08
1.16937 1.56635e+08
1.18682 1.75597e+08
1.20428 1.96755e+08
1.22173 2.19265e+08
1.23918 2.42265e+08
1.25664 2.64911e+08
1.27409 2.86405e+08
1.29154 3.06027e+08
1.309 3.2315e+08
1.32645 3.37264e+08
1.3439 3.47984e+08
1.36136 3.55058e+08
1.37881 3.58365e+08
1.39626 3.57917e+08
1.41372 3.53845e+08
1.43117 3.46386e+08
1.44862 3.35876e+08
1.46608 3.22722e+08
1.48353 3.07391e+08
1.50098 2.90388e+08
1.51844 2.72236e+08
1.53589 2.53459e+08
1.55334 2.34565e+08
1.5708 2.16033e+08
1.58825 1.98297e+08
1.6057 1.81737e+08
1.62316 1.66675e+08
1.64061 1.53364e+08
1.65806 1.41991e+08
1.67552 1.32674e+08
1.69297 1.25464e+08
1.71042 1.20351e+08
1.72788 1.17266e+08
1.74533 1.16091e+08
1.76278 1.16662e+08
1.78024 1.18781e+08
1.79769 1.22223e+08
1.81514 1.26742e+08
1.8326 1.32082e+08
1.85005 1.37981e+08
1.8675 1.44184e+08
1.88496 1.50441e+08
1.90241 1.5652e+08
1.91986 1.62207e+08
1.93732 1.67312e+08
1.95477 1.71671e+08
1.97222 1.75151e+08
1.98968 1.77646e+08
2.00713 1.79082e+08
2.02458 1.79415e+08
2.04204 1.78632e+08
2.05949 1.76746e+08
2.07694 1.73799e+08
2.0944 1.69854e+08
2.11185 1.64998e+08
2.1293 1.59336e+08
2.14675 1.52985e+08
2.16421 1.46078e+08
2.18166 1.38753e+08
2.19911 1.31154e+08
2.21657 1.23427e+08
2.23402 1.15714e+08
2.25147 1.08152e+08
2.26893 1.0087e+08
2.28638 9.39843e+07
2.30383 8.75991e+07
2.32129 8.18018e+07
2.33874 7.66626e+07
2.35619 7.22335e+07
2.37365 6.85473e+07
2.3911 6.56181e+07
2.40855 6.34418e+07
2.42601 6.19971e+07
2.44346 6.12472e+07
2.46091 6.11424e+07
2.47837 6.16221e+07
2.49582 6.26178e+07
2.51327 6.40562e+07
2.53073 6.58624e+07
2.54818 6.79627e+07
2.56563 7.02876e+07
2.58309 7.27743e+07
2.60054 7.53691e+07
2.61799 7.80287e+07
2.63545 8.07219e+07
2.6529 8.34294e+07
2.67035 8.61446e+07
2.68781 8.88723e+07
2.70526 9.16276e+07
2.72271 9.44344e+07
2.74017 9.73228e+07
2.75762 1.00327e+08
2.77507 1.03482e+08
2.79253 1.06822e+08
2.80998 1.10376e+08
2.82743 1.14167e+08
2.84489 1.18207e+08
2.86234 1.22497e+08
2.87979 1.27028e+08
2.89725 1.31774e+08
2.9147 1.36696e+08
2.93215 1.41743e+08
2.94961 1.4685e+08
2.96706 1.51941e+08
2.98451 1.56933e+08
3.00197 1.61736e+08
3.01942 1.66257e+08
3.03687 1.70404e+08
3.05433 1.74087e+08
3.07178 1.77225e+08
3.08923 1.79745e+08
3.10669 1.8159e+08
3.12414 1.82715e+08
49 30
0.178373 8.2195e+07 1.6439e+06
0.222879 1.00103e+08 2.00206e+06
0.267384 1.24298e+08 2.48597e+06
0.31189 1.37903e+08 2.75806e+06
0.356396 1.34017e+08 2.68034e+06
0.401077 1.02535e+08 2.05071e+06
0.445408 5.9356e+07 1.18712e+06
0.489914 2.4777e+07 495539
0.53442 1.42028e+07 284056
0.578926 3.79363e+07 758726
0.623257 1.005e+08 2.01001e+06
0.667763 1.99793e+08 3.99586e+06
0.712094 3.03155e+08 6.0631e+06
0.756426 3.91095e+08 7.82189e+06
0.800757 4.26239e+08 8.52479e+06
0.845088 4.44637e+08 8.89274e+06
0.889245 4.0412e+08 8.08239e+06
0.933577 3.27485e+08 6.54969e+06
0.977733 2.37856e+08 4.75712e+06
1.02189 1.6782e+08 3.3564e+06
1.06605 1.28405e+08 2.56809e+06
1.11003 1.20622e+08 2.41245e+06
1.15419 1.49768e+08 2.99537e+06
1.19817 2.10228e+08 4.20455e+06
1.24215 2.78591e+08 5.57183e+06
1.28596 3.36958e+08 6.73916e+06
1.32994 3.79811e+08 7.59622e+06
1.37375 3.95211e+08 7.90421e+06
1.41756 3.69482e+08 7.38963e+06
1.46136 3.35946e+08 6.71893e+06
1.50517 2.79805e+08 5.59609e+06
1.54881 2.14331e+08 4.28661e+06
1.59244 1.69386e+08 3.38772e+06
1.6797 1.13508e+08 2.27016e+06
1.76662 1.18528e+08 2.37056e+06
1.85354 1.6195e+08 3.23899e+06
1.94028 2.00095e+08 4.00191e+06
2.02668 2.01345e+08 4.02689e+06
2.11307 1.66424e+08 3.32849e+06
2.19946 1.13796e+08 2.27592e+06
2.28551 6.47671e+07 1.29534e+06
2.37155 3.9317e+07 786340
2.45742 4.75796e+07 951592
2.54312 8.39226e+07 1.67845e+06
2.62881 1.30982e+08 2.61965e+06
2.71434 1.68015e+08 3.3603e+06
2.79986 1.79185e+08 3.58369e+06
2.88538 1.6246e+08 3.2492e+06
2.97072 1.19959e+08 2.39917e+06
177
0.0523599 8.94487e+08
0.0698132 8.15822e+08
0.0872665 7.41852e+08
0.10472 6.85874e+08
0.122173 6.57475e+08
0.139626 6.62377e+08
0.15708 7.02445e+08
0.174533 7.75833e+08
0.191986 8.77318e+08
0.20944 9.98807e+08
0.226893 1.13003e+09
0.244346 1.2594e+09
0.261799 1.37494e+09
0.279253 1.46528e+09
0.296706 1.52066e+09
0.314159 1.53373e+09
0.331613 1.50032e+09
0.349066 1.41987e+09
0.366519 1.29565e+09
0.383972 1.1347e+09
0.401426 9.47461e+08
0.418879 7.47143e+08
0.436332 5.48906e+08
0.453786 3.68846e+08
0.471239 2.22915e+08
0.488692 1.25823e+08
0.506145 9.00107e+07
0.523599 1.24767e+08
0.541052 2.35541e+08
0.558505 4.23511e+08
0.575959 6.85417e+08
0.593412 1.01369e+09
0.610865 1.39685e+09
0.628319 1.82012e+09
0.645772 2.26631e+09
0.663225 2.71671e+09
0.680678 3.15224e+09
0.698132 3.55441e+09
0.715585 3.90641e+09
0.733038 4.19394e+09
0.750492 4.40596e+09
0.767945 4.53522e+09
0.785398 4.57856e+09
0.802851 4.53697e+09
0.820305 4.41543e+09
0.837758 4.22257e+09
0.855211 3.97007e+09
0.872665 3.67202e+09
0.890118 3.34412e+09
0.907571 3.00282e+09
0.925025 2.66452e+09
0.942478 2.34475e+09
0.959931 2.05746e+09
0.977384 1.81443e+09
0.994838 1.6248e+09
1.01229 1.49476e+09
1.02974 1.42743e+09
1.0472 1.42282e+09
1.06465 1.47807e+09
1.0821 1.58766e+09
1.09956 1.74386e+09
1.11701 1.93719e+09
1.13446 2.15696e+09
1.15192 2.39179e+09
1.16937 2.63022e+09
1.18682 2.86118e+09
1.20428 3.07446e+09
1.22173 3.26113e+09
1.23918 3.41384e+09
1.25664 3.52702e+09
1.27409 3.59702e+09
1.29154 3.62215e+09
1.309 3.60262e+09
1.32645 3.54039e+09
1.3439 3.43898e+09
1.36136 3.30322e+09
1.37881 3.13896e+09
1.39626 2.95277e+09
1.41372 2.75161e+09
1.43117 2.54254e+09
1.44862 2.33242e+09
1.46608 2.12767e+09
1.48353 1.93403e+09
1.50098 1.75642e+09
1.51844 1.59879e+09
1.53589 1.46408e+09
1.55334 1.35413e+09
1.5708 1.26977e+09
1.58825 1.2108e+09
1.6057 1.17615e+09
1.62316 1.16393e+09
1.64061 1.17162e+09
1.65806 1.19618e+09
1.67552 1.23421e+09
1.69297 1.28212e+09
1.71042 1.33628e+09
1.72788 1.39312e+09
1.74533 1.4493e+09
1.76278 1.50178e+09
1.78024 1.54793e+09
1.79769 1.58556e+09
1.81514 1.61299e+09
1.8326 1.62905e+09
1.85005 1.63309e+09
1.8675 1.62493e+09
1.88496 1.60487e+09
1.90241 1.57358e+09
1.91986 1.53209e+09
1.93732 1.4817e+09
1.95477 1.4239e+09
1.97222 1.36031e+09
1.98968 1.29261e+09
2.00713 1.22248e+09
2.02458 1.15152e+09
2.04204 1.08125e+09
2.05949 1.01301e+09
2.07694 9.48e+08
2.0944 8.87195e+08
2.11185 8.31391e+08
2.1293 7.8118e+08
2.14675 7.36962e+08
2.16421 6.98955e+08
2.18166 6.67217e+08
2.19911 6.4166e+08
2.21657 6.22071e+08
2.23402 6.08131e+08
2.25147 5.99437e+08
2.26893 5.95513e+08
2.28638 5.95833e+08
2.30383 5.99825e+08
2.32129 6.06891e+08
2.33874 6.16412e+08
2.35619 6.2776e+08
2.37365 6.40304e+08
2.3911 6.53421e+08
2.40855 6.66503e+08
2.42601 6.78968e+08
2.44346 6.90268e+08
2.46091 6.99901e+08
2.47837 7.07424e+08
2.49582 7.1246e+08
2.51327 7.14715e+08
2.53073 7.13985e+08
2.54818 7.10167e+08
2.56563 7.03268e+08
2.58309 6.93408e+08
2.60054 6.80827e+08
2.61799 6.65877e+08
2.63545 6.49026e+08
2.6529 6.30842e+08
2.67035 6.11979e+08
2.68781 5.93166e+08
2.70526 5.75178e+08
2.72271 5.58816e+08
2.74017 5.44876e+08
2.75762 5.3412e+08
2.77507 5.27248e+08
2.79253 5.2487e+08
2.80998 5.27471e+08
2.82743 5.35398e+08
2.84489 5.4883e+08
2.86234 5.67773e+08
2.87979 5.92042e+08
2.89725 6.21269e+08
2.9147 6.54904e+08
2.93215 6.92229e+08
2.94961 7.32376e+08
2.96706 7.74356e+08
2.98451 8.17086e+08
3.00197 8.59427e+08
3.01942 9.0022e+08
3.03687 9.38324e+08
3.05433 9.72657e+08
3.07178 1.00223e+09
3.08923 1.02618e+09
3.10669 1.04382e+09
3.12414 1.05461e+09
49 35
0.178373 9.5182e+08 1.90364e+07
0.222879 1.33786e+09 2.67571e+07
0.267384 1.72188e+09 3.44375e+07
0.312065 1.91751e+09 3.83502e+07
0.356571 1.73835e+09 3.4767e+07
0.401077 1.25841e+09 2.51682e+07
0.445583 7.07591e+08 1.41518e+07
0.490088 2.97223e+08 5.94446e+06
0.53442 3.4386e+08 6.8772e+06
0.578926 9.36898e+08 1.8738e+07
0.623432 1.97866e+09 3.95732e+07
0.667763 3.28803e+09 6.57605e+07
0.712094 4.36347e+09 8.72694e+07
0.756426 5.07259e+09 1.01452e+08
0.800757 5.04501e+09 1.009e+08
0.845088 4.57819e+09 9.15638e+07
0.88942 3.71017e+09 7.42035e+07
0.933577 2.72845e+09 5.4569e+07
0.977733 1.92686e+09 3.85372e+07
1.02189 1.57881e+09 3.15762e+07
1.06605 1.56102e+09 3.12203e+07
1.1102 1.98688e+09 3.97376e+07
1.15419 2.60927e+09 5.21853e+07
1.19817 3.29335e+09 6.5867e+07
1.24215 3.73253e+09 7.46506e+07
1.28613 3.89805e+09 7.7961e+07
1.33012 3.73795e+09 7.4759e+07
1.37392 3.32813e+09 6.65627e+07
1.41773 2.73398e+09 5.46796e+07
1.46154 2.17056e+09 4.34112e+07
1.50517 1.71558e+09 3.43116e+07
1.54898 1.344e+09 2.68801e+07
1.59261 1.24287e+09 2.48575e+07
1.6797 1.40274e+09 2.80549e+07
1.7668 1.70385e+09 3.40769e+07
1.85354 1.81491e+09 3.62983e+07
1.94028 1.57152e+09 3.14304e+07
2.02685 1.19066e+09 2.38131e+07
2.11324 8.40338e+08 1.68068e+07
2.19946 6.81462e+08 1.36292e+07
2.28568 6.03079e+08 1.20616e+07
2.37155 5.92909e+08 1.18582e+07
2.45742 6.07984e+08 1.21597e+07
2.54312 6.86983e+08 1.37397e+07
2.62881 8.43901e+08 1.6878e+07
2.71451 1.02981e+09 2.05963e+07
2.80003 1.10054e+09 2.20108e+07
2.88538 9.28234e+08 1.85647e+07
2.9709 5.72887e+08 1.14577e+07
177
0.0523599 8.59645e+09
0.0698132 7.69459e+09
0.0872665 6.93015e+09
0.10472 6.46799e+09
0.122173 6.42209e+09
0.139626 6.85296e+09
0.15708 7.76698e+09
0.174533 9.11834e+09
0.191986 1.08141e+10
0.20944 1.27227e+10
0.226893 1.46854e+10
0.244346 1.65302e+10
0.261799 1.80871e+10
0.279253 1.92037e+10
0.296706 1.97595e+10
0.314159 1.96778e+10
0.331613 1.89345e+10
0.349066 1.75623e+10
0.366519 1.56499e+10
0.383972 1.33375e+10
0.401426 1.08069e+10
0.418879 8.26833e+09
0.436332 5.94512e+09
0.453786 4.05673e+09
0.471239 2.802e+09
0.488692 2.34383e+09
0.506145 2.79658e+09
0.523599 4.2169e+09
0.541052 6.59889e+09
0.558505 9.87383e+09
0.575959 1.39143e+10
0.593412 1.85424e+10
0.610865 2.35414e+10
0.628319 2.86699e+10
0.645772 3.36773e+10
0.663225 3.83193e+10
0.680678 4.23735e+10
0.698132 4.56519e+10
0.715585 4.8012e+10
0.733038 4.93638e+10
0.750492 4.96739e+10
0.767945 4.89654e+10
0.785398 4.73152e+10
0.802851 4.48467e+10
0.820305 4.17219e+10
0.837758 3.813e+10
0.855211 3.42756e+10
0.872665 3.03669e+10
0.890118 2.6604e+10
0.907571 2.31679e+10
0.925025 2.02122e+10
0.942478 1.78558e+10
0.959931 1.61789e+10
0.977384 1.52207e+10
0.994838 1.498e+10
1.01229 1.54178e+10
1.02974 1.64617e+10
1.0472 1.8012e+10
1.06465 1.99485e+10
1.0821 2.21386e+10
1.09956 2.44447e+10
1.11701 2.67317e+10
1.13446 2.88735e+10
1.15192 3.07594e+10
1.16937 3.22978e+10
1.18682 3.34198e+10
1.20428 3.4081e+10
1.22173 3.42615e+10
1.23918 3.39651e+10
1.25664 3.32176e+10
1.27409 3.20635e+10
1.29154 3.05625e+10
1.309 2.87856e+10
1.32645 2.68107e+10
1.3439 2.47187e+10
1.36136 2.25893e+10
1.37881 2.04974e+10
1.39626 1.85107e+10
1.41372 1.66867e+10
1.43117 1.50715e+10
1.44862 1.36983e+10
1.46608 1.25876e+10
1.48353 1.17474e+10
1.50098 1.11735e+10
1.51844 1.08515e+10
1.53589 1.07577e+10
1.55334 1.08615e+10
1.5708 1.1127e+10
1.58825 1.15151e+10
1.6057 1.19854e+10
1.62316 1.24978e+10
1.64061 1.30146e+10
1.65806 1.35011e+10
1.67552 1.39274e+10
1.69297 1.42685e+10
1.71042 1.45055e+10
1.72788 1.4625e+10
1.74533 1.46196e+10
1.76278 1.44876e+10
1.78024 1.42321e+10
1.79769 1.3861e+10
1.81514 1.33858e+10
1.8326 1.2821e+10
1.85005 1.21834e+10
1.8675 1.14913e+10
1.88496 1.07634e+10
1.90241 1.00187e+10
1.91986 9.27529e+09
1.93732 8.55034e+09
1.95477 7.85922e+09
1.97222 7.21538e+09
1.98968 6.62998e+09
2.00713 6.11172e+09
2.02458 5.66673e+09
2.04204 5.29851e+09
2.05949 5.008e+09
2.07694 4.79365e+09
2.0944 4.65164e+09
2.11185 4.57611e+09
2.1293 4.55945e+09
2.14675 4.59265e+09
2.16421 4.66574e+09
2.18166 4.76813e+09
2.19911 4.88909e+09
2.21657 5.01815e+09
2.23402 5.14547e+09
2.25147 5.26219e+09
2.26893 5.36072e+09
2.28638 5.4349e+09
2.30383 5.48017e+09
2.32129 5.49356e+09
2.33874 5.47367e+09
2.35619 5.42052e+09
2.37365 5.33542e+09
2.3911 5.22067e+09
2.40855 5.07939e+09
2.42601 4.91522e+09
2.44346 4.73209e+09
2.46091 4.53404e+09
2.47837 4.32498e+09
2.49582 4.10867e+09
2.51327 3.88857e+09
2.53073 3.66788e+09
2.54818 3.44955e+09
2.56563 3.23632e+09
2.58309 3.03087e+09
2.60054 2.83587e+09
2.61799 2.65411e+09
2.63545 2.48857e+09
2.6529 2.34247e+09
2.67035 2.2193e+09
2.68781 2.12281e+09
2.70526 2.05696e+09
2.72271 2.02579e+09
2.74017 2.03329e+09
2.75762 2.08326e+09
2.77507 2.17905e+09
2.79253 2.32344e+09
2.80998 2.51833e+09
2.82743 2.76461e+09
2.84489 3.06194e+09
2.86234 3.40864e+09
2.87979 3.80154e+09
2.89725 4.23596e+09
2.9147 4.70571e+09
2.93215 5.20318e+09
2.94961 5.71941e+09
2.96706 6.24438e+09
2.98451 6.7672e+09
3.00197 7.27644e+09
3.01942 7.76046e+09
3.03687 8.20779e+09
3.05433 8.60752e+09
3.07178 8.94966e+09
3.08923 9.22547e+09
3.10669 9.42782e+09
3.12414 9.5514e+09
48 40
0.178373 1.08762e+10 2.17524e+08
0.222879 1.68643e+10 3.37287e+08
0.267384 2.18471e+10 4.36942e+08
0.312065 2.3825e+10 4.765e+08
0.356571 2.0286e+10 4.0572e+08
0.401077 1.33251e+10 2.66502e+08
0.445583 6.66492e+09 1.33298e+08
0.490088 3.62237e+09 7.24474e+07
0.534594 6.81507e+09 1.36301e+08
0.578926 1.62581e+10 3.25163e+08
0.623432 2.99359e+10 5.98718e+08
0.667763 4.31875e+10 8.63749e+08
0.712269 5.17619e+10 1.03524e+09
0.7566 5.38182e+10 1.07636e+09
0.800932 4.83632e+10 9.67265e+08
0.845088 3.8533e+10 7.70659e+08
0.88942 2.74887e+10 5.49773e+08
0.933577 1.91791e+10 3.83582e+08
0.977908 1.56396e+10 3.12791e+08
1.02206 1.65799e+10 3.31598e+08
1.06622 2.19845e+10 4.39691e+08
1.1102 2.90858e+10 5.81717e+08
1.15436 3.44804e+10 6.89607e+08
1.19834 3.67848e+10 7.35696e+08
1.24233 3.57203e+10 7.14407e+08
1.28613 3.29283e+10 6.58566e+08
1.33012 2.67805e+10 5.35609e+08
1.37392 2.0676e+10 4.13519e+08
1.41773 1.53002e+10 3.06005e+08
1.46154 1.28828e+10 2.57657e+08
1.50535 1.18741e+10 2.37482e+08
1.59261 1.3771e+10 2.7542e+08
1.67988 1.67152e+10 3.34303e+08
1.7668 1.58967e+10 3.17935e+08
1.85371 1.21676e+10 2.43352e+08
1.94046 7.77075e+09 1.55415e+08
2.02703 5.3253e+09 1.06506e+08
2.11324 5.10261e+09 1.02052e+08
2.19964 6.08404e+09 1.21681e+08
2.28568 6.62245e+09 1.32449e+08
2.37173 6.11707e+09 1.22341e+08
2.45742 4.66536e+09 9.33072e+07
2.54329 3.51549e+09 7.03097e+07
2.62899 3.47514e+09 6.95028e+07
2.71451 4.55074e+09 9.10148e+07
2.80003 5.55407e+09 1.11081e+08
2.88538 5.33582e+09 1.06716e+08
2.9709 3.60341e+09 7.20682e+07
177
0.0523599 8.25283e+10
0.0698132 7.24793e+10
0.0872665 6.48033e+10
0.10472 6.15086e+10
0.122173 6.39395e+10
0.139626 7.27256e+10
0.15708 8.77628e+10
0.174533 1.08238e+11
0.191986 1.3271e+11
0.20944 1.59239e+11
0.226893 1.8557e+11
0.244346 2.09343e+11
0.261799 2.28325e+11
0.279253 2.40629e+11
0.296706 2.44911e+11
0.314159 2.40518e+11
0.331613 2.27575e+11
0.349066 2.06999e+11
0.366519 1.80445e+11
0.383972 1.50177e+11
0.401426 1.18891e+11
0.418879 8.94889e+10
0.436332 6.48385e+10
0.453786 4.75343e+10
0.471239 3.96795e+10
0.488692 4.27109e+10
0.506145 5.72787e+10
0.523599 8.3191e+10
0.541052 1.19427e+11
0.558505 1.64213e+11
0.575959 2.1516e+11
0.593412 2.69438e+11
0.610865 3.23988e+11
0.628319 3.75737e+11
0.645772 4.21816e+11
0.663225 4.59748e+11
0.680678 4.87605e+11
0.698132 5.04125e+11
0.715585 5.08765e+11
0.733038 5.01717e+11
0.750492 4.83862e+11
0.767945 4.56681e+11
0.785398 4.2214e+11
0.802851 3.82535e+11
0.820305 3.40333e+11
0.837758 2.9801e+11
0.855211 2.57896e+11
0.872665 2.2204e+11
0.890118 1.92103e+11
0.907571 1.69281e+11
0.925025 1.54264e+11
0.942478 1.47229e+11
0.959931 1.47862e+11
0.977384 1.55418e+11
0.994838 1.6879e+11
1.01229 1.86609e+11
1.02974 2.07337e+11
1.0472 2.29379e+11
1.06465 2.51173e+11
1.0821 2.71285e+11
1.09956 2.88478e+11
1.11701 3.01771e+11
1.13446 3.10472e+11
1.15192 3.14193e+11
1.16937 3.1285e+11
1.18682 3.06639e+11
1.20428 2.96005e+11
1.22173 2.8159e+11
1.23918 2.64186e+11
1.25664 2.44677e+11
1.27409 2.23983e+11
1.29154 2.03005e+11
1.309 1.82583e+11
1.32645 1.63457e+11
1.3439 1.46234e+11
1.36136 1.31374e+11
1.37881 1.19178e+11
1.39626 1.09791e+11
1.41372 1.03206e+11
1.43117 9.92866e+10
1.44862 9.77795e+10
1.46608 9.83445e+10
1.48353 1.00578e+11
1.50098 1.0404e+11
1.51844 1.08279e+11
1.53589 1.12854e+11
1.55334 1.17358e+11
1.5708 1.21428e+11
1.58825 1.24761e+11
1.6057 1.27124e+11
1.62316 1.2835e+11
1.64061 1.28347e+11
1.65806 1.27088e+11
1.67552 1.24608e+11
1.69297 1.20996e+11
1.71042 1.16384e+11
1.72788 1.10937e+11
1.74533 1.04844e+11
1.76278 9.83035e+10
1.78024 9.15187e+10
1.79769 8.4685e+10
1.81514 7.79846e+10
1.8326 7.15795e+10
1.85005 6.5608e+10
1.8675 6.01811e+10
1.88496 5.53812e+10
1.90241 5.12618e+10
1.91986 4.78485e+10
1.93732 4.51404e+10
1.95477 4.31129e+10
1.97222 4.17202e+10
1.98968 4.08996e+10
2.00713 4.05741e+10
2.02458 4.0657e+10
2.04204 4.10553e+10
2.05949 4.16736e+10
2.07694 4.24174e+10
2.0944 4.31965e+10
2.11185 4.39279e+10
2.1293 4.45381e+10
2.14675 4.49648e+10
2.16421 4.51591e+10
2.18166 4.50852e+10
2.19911 4.47215e+10
2.21657 4.406e+10
2.23402 4.31053e+10
2.25147 4.18738e+10
2.26893 4.03917e+10
2.28638 3.86933e+10
2.30383 3.68192e+10
2.32129 3.48138e+10
2.33874 3.27237e+10
2.35619 3.05957e+10
2.37365 2.84745e+10
2.3911 2.64019e+10
2.40855 2.44147e+10
2.42601 2.25443e+10
2.44346 2.08154e+10
2.46091 1.92459e+10
2.47837 1.78468e+10
2.49582 1.66221e+10
2.51327 1.55697e+10
2.53073 1.46823e+10
2.54818 1.39483e+10
2.56563 1.33533e+10
2.58309 1.28818e+10
2.60054 1.25183e+10
2.61799 1.22496e+10
2.63545 1.20656e+10
2.6529 1.19608e+10
2.67035 1.1935e+10
2.68781 1.19937e+10
2.70526 1.21483e+10
2.72271 1.24154e+10
2.74017 1.28156e+10
2.75762 1.33728e+10
2.77507 1.41116e+10
2.79253 1.50561e+10
2.80998 1.62276e+10
2.82743 1.76425e+10
2.84489 1.93105e+10
2.86234 2.12332e+10
2.87979 2.3403e+10
2.89725 2.5802e+10
2.9147 2.8402e+10
2.93215 3.11649e+10
2.94961 3.40436e+10
2.96706 3.69828e+10
2.98451 3.99211e+10
3.00197 4.2793e+10
3.01942 4.5531e+10
3.03687 4.80682e+10
3.05433 5.03402e+10
3.07178 5.22883e+10
3.08923 5.38609e+10
3.10669 5.50157e+10
3.12414 5.57215e+10
49 45
0.178373 1.30387e+11 2.60774e+09
0.222879 2.07225e+11 4.14451e+09
0.267559 2.68697e+11 5.37394e+09
0.312065 2.83124e+11 5.66248e+09
0.356571 2.43037e+11 4.86074e+09
0.401077 1.589e+11 3.17801e+09
0.445583 8.59508e+10 1.71902e+09
0.490088 6.07591e+10 1.21518e+09
0.534594 1.1986e+11 2.3972e+09
0.5791 2.42518e+11 4.85037e+09
0.623432 3.87422e+11 7.74844e+09
0.667938 5.10528e+11 1.02106e+10
0.712269 5.39753e+11 1.07951e+10
0.7566 5.19342e+11 1.03868e+10
0.800932 4.20122e+11 8.40244e+09
0.845263 3.04775e+11 6.0955e+09
0.889594 2.05027e+11 4.10055e+09
0.933751 1.70472e+11 3.40945e+09
0.977908 1.72132e+11 3.44263e+09
1.02206 2.2066e+11 4.4132e+09
1.06622 2.54174e+11 5.08348e+09
1.11038 3.16215e+11 6.32431e+09
1.15436 3.11714e+11 6.23427e+09
1.19834 3.2118e+11 6.4236e+09
1.24233 2.74447e+11 5.48894e+09
1.28631 2.26633e+11 4.53265e+09
1.33029 1.64647e+11 3.29294e+09
1.3741 1.35132e+11 2.70264e+09
1.41791 1.1344e+11 2.26879e+09
1.46171 1.15275e+11 2.3055e+09
1.50535 1.25935e+11 2.51869e+09
1.54915 1.49391e+11 2.98782e+09
1.59279 1.4984e+11 2.99681e+09
1.67988 1.43076e+11 2.86153e+09
1.76697 1.0316e+11 2.06321e+09
1.85389 6.37357e+10 1.27471e+09
1.94046 4.24306e+10 8.48611e+08
2.02703 4.10937e+10 8.21875e+08
2.11342 4.63558e+10 9.27116e+08
2.19964 5.11445e+10 1.02289e+09
2.28568 4.71396e+10 9.42793e+08
2.37173 3.6298e+10 7.25961e+08
2.4576 2.29111e+10 4.58222e+08
2.54329 1.38119e+10 2.76239e+08
2.62899 1.46603e+10 2.93207e+08
2.71451 2.36602e+10 4.73203e+08
2.80003 3.25583e+10 6.51166e+08
2.88555 3.38922e+10 6.77844e+08
2.9709 2.63024e+10 5.26049e+08
177
0.0523599 8.02229e+11
0.0698132 6.95199e+11
0.0872665 6.19143e+11
0.10472 5.96824e+11
0.122173 6.43164e+11
0.139626 7.64509e+11
0.15708 9.58319e+11
0.174533 1.2135e+12
0.191986 1.51147e+12
0.20944 1.82792e+12
0.226893 2.13518e+12
0.244346 2.40501e+12
0.261799 2.61148e+12
0.279253 2.73368e+12
0.296706 2.75806e+12
0.314159 2.67998e+12
0.331613 2.50445e+12
0.349066 2.24597e+12
0.366519 1.92737e+12
0.383972 1.57788e+12
0.401426 1.23058e+12
0.418879 9.19468e+11
0.436332 6.76438e+11
0.453786 5.2847e+11
0.471239 4.95272e+11
0.488692 5.87578e+11
0.506145 8.06252e+11
0.523599 1.14224e+12
0.541052 1.57738e+12
0.558505 2.08591e+12
0.575959 2.63659e+12
0.593412 3.1952e+12
0.610865 3.72719e+12
0.628319 4.20024e+12
0.645772 4.58661e+12
0.663225 4.86495e+12
0.680678 5.02167e+12
0.698132 5.05154e+12
0.715585 4.95774e+12
0.733038 4.75121e+12
0.750492 4.44957e+12
0.767945 4.07552e+12
0.785398 3.65508e+12
0.802851 3.21556e+12
0.820305 2.78376e+12
0.837758 2.38414e+12
0.855211 2.03741e+12
0.872665 1.75938e+12
0.890118 1.56033e+12
0.907571 1.44469e+12
0.925025 1.4112e+12
0.942478 1.45346e+12
0.959931 1.56071e+12
0.977384 1.71888e+12
0.994838 1.91175e+12
1.01229 2.12219e+12
1.02974 2.33327e+12
1.0472 2.52939e+12
1.06465 2.69704e+12
1.0821 2.82557e+12
1.09956 2.90753e+12
1.11701 2.93887e+12
1.13446 2.91887e+12
1.15192 2.84991e+12
1.16937 2.73702e+12
1.18682 2.58736e+12
1.20428 2.40955e+12
1.22173 2.21311e+12
1.23918 2.00774e+12
1.25664 1.8028e+12
1.27409 1.60679e+12
1.29154 1.42696e+12
1.309 1.26903e+12
1.32645 1.13703e+12
1.3439 1.03327e+12
1.36136 9.58333e+11
1.37881 9.1129e+11
1.39626 8.89864e+11
1.41372 8.90706e+11
1.43117 9.09678e+11
1.44862 9.42155e+11
1.46608 9.83312e+11
1.48353 1.0284e+12
1.50098 1.07297e+12
1.51844 1.11307e+12
1.53589 1.14542e+12
1.55334 1.16746e+12
1.5708 1.17745e+12
1.58825 1.17443e+12
1.6057 1.15824e+12
1.62316 1.12938e+12
1.64061 1.08899e+12
1.65806 1.03868e+12
1.67552 9.80413e+11
1.69297 9.16391e+11
1.71042 8.48909e+11
1.72788 7.80244e+11
1.74533 7.12546e+11
1.76278 6.47751e+11
1.78024 5.87515e+11
1.79769 5.33164e+11
1.81514 4.85668e+11
1.8326 4.45637e+11
1.85005 4.13324e+11
1.8675 3.88656e+11
1.88496 3.71265e+11
1.90241 3.60531e+11
1.91986 3.55635e+11
1.93732 3.55608e+11
1.95477 3.59382e+11
1.97222 3.65847e+11
1.98968 3.73892e+11
2.00713 3.82454e+11
2.02458 3.90555e+11
2.04204 3.97334e+11
2.05949 4.02073e+11
2.07694 4.04216e+11
2.0944 4.03379e+11
2.11185 3.9935e+11
2.1293 3.92087e+11
2.14675 3.81705e+11
2.16421 3.68456e+11
2.18166 3.52705e+11
2.19911 3.34906e+11
2.21657 3.15568e+11
2.23402 2.95232e+11
2.25147 2.74437e+11
2.26893 2.53698e+11
2.28638 2.33489e+11
2.30383 2.14218e+11
2.32129 1.96226e+11
2.33874 1.79772e+11
2.35619 1.65039e+11
2.37365 1.52132e+11
2.3911 1.41082e+11
2.40855 1.31858e+11
2.42601 1.24375e+11
2.44346 1.18503e+11
2.46091 1.14078e+11
2.47837 1.1091e+11
2.49582 1.08799e+11
2.51327 1.0754e+11
2.53073 1.0693e+11
2.54818 1.06782e+11
2.56563 1.06926e+11
2.58309 1.07219e+11
2.60054 1.07545e+11
2.61799 1.07825e+11
2.63545 1.08009e+11
2.6529 1.08084e+11
2.67035 1.08066e+11
2.68781 1.08002e+11
2.70526 1.07961e+11
2.72271 1.0803e+11
2.74017 1.08311e+11
2.75762 1.08912e+11
2.77507 1.09942e+11
2.79253 1.11508e+11
2.80998 1.13704e+11
2.82743 1.16615e+11
2.84489 1.20305e+11
2.86234 1.24816e+11
2.87979 1.30164e+11
2.89725 1.36336e+11
2.9147 1.43285e+11
2.93215 1.5093e+11
2.94961 1.59153e+11
2.96706 1.67801e+11
2.98451 1.76687e+11
3.00197 1.85595e+11
3.01942 1.94286e+11
3.03687 2.02508e+11
3.05433 2.10007e+11
3.07178 2.16538e+11
3.08923 2.21877e+11
3.10669 2.25835e+11
3.12414 2.2827e+11
48 48.4
0.178373 1.30984e+12 2.61969e+10
0.222879 2.1765e+12 4.35299e+10
0.267559 2.84194e+12 5.68387e+10
0.312065 2.94421e+12 5.88842e+10
0.356571 2.38257e+12 4.76514e+10
0.401077 1.45531e+12 2.91061e+10
0.445583 7.07902e+11 1.4158e+10
0.490088 6.25055e+11 1.25011e+10
0.534594 1.41017e+12 2.82033e+10
0.5791 2.79051e+12 5.58102e+10
0.623432 4.32061e+12 8.64122e+10
0.667938 5.23823e+12 1.04765e+11
0.712269 5.4061e+12 1.08122e+11
0.7566 4.71953e+12 9.43906e+10
0.800932 3.59934e+12 7.19868e+10
0.845263 2.44678e+12 4.89356e+10
0.889594 1.6583e+12 3.31661e+10
0.933751 1.63544e+12 3.27088e+10
0.977908 1.93833e+12 3.87665e+10
1.02224 2.5314e+12 5.06279e+10
1.0664 2.94311e+12 5.88622e+10
1.11038 3.18014e+12 6.36029e+10
1.15454 3.20676e+12 6.41352e+10
1.19852 2.81688e+12 5.63376e+10
1.2425 2.16061e+12 4.32121e+10
1.28648 1.63826e+12 3.27651e+10
1.33029 1.26268e+12 2.52536e+10
1.3741 1.10671e+12 2.21341e+10
1.41791 1.0974e+12 2.19481e+10
1.50552 1.33351e+12 2.66701e+10
1.54915 1.44892e+12 2.89785e+10
1.59279 1.39471e+12 2.78943e+10
1.68005 1.10113e+12 2.20225e+10
1.76697 6.71227e+11 1.34245e+10
1.85389 4.07233e+11 8.14465e+09
1.94063 3.68885e+11 7.3777e+09
2.02703 4.22198e+11 8.44396e+09
2.11342 4.38882e+11 8.77763e+09
2.19964 4.04193e+11 8.08386e+09
2.28586 2.95664e+11 5.91328e+09
2.37173 2.03305e+11 4.0661e+09
2.4576 1.30284e+11 2.60568e+09
2.54329 8.66692e+10 1.73338e+09
2.62899 9.53438e+10 1.90688e+09
2.71451 1.52379e+11 3.04758e+09
2.80003 2.20162e+11 4.40323e+09
2.88555 2.3229e+11 4.64581e+09
2.9709 1.93895e+11 3.8779e+09
177
0.0523599 6.99286e+12
0.0698132 5.67806e+12
0.0872665 5.05789e+12
0.10472 5.49465e+12
0.122173 7.19528e+12
0.139626 1.01876e+13
0.15708 1.43145e+13
0.174533 1.92494e+13
0.191986 2.45343e+13
0.20944 2.96353e+13
0.226893 3.40096e+13
0.244346 3.71749e+13
0.261799 3.87723e+13
0.279253 3.86137e+13
0.296706 3.67074e+13
0.314159 3.32598e+13
0.331613 2.8652e+13
0.349066 2.33953e+13
0.366519 1.80711e+13
0.383972 1.32647e+13
0.401426 9.49888e+12
0.418879 7.17753e+12
0.436332 6.54387e+12
0.453786 7.65883e+12
0.471239 1.04003e+13
0.488692 1.44828e+13
0.506145 1.94932e+13
0.523599 2.49395e+13
0.541052 3.03036e+13
0.558505 3.50957e+13
0.575959 3.89005e+13
0.593412 4.14142e+13
0.610865 4.24667e+13
0.628319 4.20296e+13
0.645772 4.02093e+13
0.663225 3.72272e+13
0.680678 3.33902e+13
0.698132 2.90563e+13
0.715585 2.45971e+13
0.733038 2.03631e+13
0.750492 1.66535e+13
0.767945 1.36943e+13
0.785398 1.16247e+13
0.802851 1.0493e+13
0.820305 1.02613e+13
0.837758 1.08172e+13
0.855211 1.19915e+13
0.872665 1.35784e+13
0.890118 1.53578e+13
0.907571 1.71155e+13
0.925025 1.86612e+13
0.942478 1.98421e+13
0.959931 2.05524e+13
0.977384 2.07367e+13
0.994838 2.03897e+13
1.01229 1.95509e+13
1.02974 1.82967e+13
1.0472 1.67301e+13
1.06465 1.49691e+13
1.0821 1.31357e+13
1.09956 1.13457e+13
1.11701 9.69993e+12
1.13446 8.27799e+12
1.15192 7.1344e+12
1.16937 6.29714e+12
1.18682 5.76852e+12
1.20428 5.52792e+12
1.22173 5.53606e+12
1.23918 5.74013e+12
1.25664 6.07937e+12
1.27409 6.49055e+12
1.29154 6.913e+12
1.309 7.29276e+12
1.32645 7.58578e+12
1.3439 7.75993e+12
1.36136 7.7959e+12
1.37881 7.68707e+12
1.39626 7.43844e+12
1.41372 7.06491e+12
1.43117 6.58899e+12
1.44862 6.03832e+12
1.46608 5.44313e+12
1.48353 4.83381e+12
1.50098 4.23879e+12
1.51844 3.68286e+12
1.53589 3.18587e+12
1.55334 2.76204e+12
1.5708 2.41966e+12
1.58825 2.16128e+12
1.6057 1.98425e+12
1.62316 1.8815e+12
1.64061 1.84258e+12
1.65806 1.8547e+12
1.67552 1.90383e+12
1.69297 1.97569e+12
1.71042 2.05668e+12
1.72788 2.13453e+12
1.74533 2.19893e+12
1.76278 2.2418e+12
1.78024 2.25753e+12
1.79769 2.24294e+12
1.81514 2.1972e+12
1.8326 2.12155e+12
1.85005 2.01898e+12
1.8675 1.89385e+12
1.88496 1.75148e+12
1.90241 1.5977e+12
1.91986 1.43849e+12
1.93732 1.2796e+12
1.95477 1.12625e+12
1.97222 9.82916e+11
1.98968 8.53162e+11
2.00713 7.39553e+11
2.02458 6.43654e+11
2.04204 5.66074e+11
2.05949 5.06554e+11
2.07694 4.64099e+11
2.0944 4.37119e+11
2.11185 4.23582e+11
2.1293 4.21163e+11
2.14675 4.27381e+11
2.16421 4.39722e+11
2.18166 4.55752e+11
2.19911 4.73198e+11
2.21657 4.90032e+11
2.23402 5.0452e+11
2.25147 5.15266e+11
2.26893 5.21231e+11
2.28638 5.21743e+11
2.30383 5.16482e+11
2.32129 5.05458e+11
2.33874 4.88969e+11
2.35619 4.67553e+11
2.37365 4.41935e+11
2.3911 4.12969e+11
2.40855 3.81586e+11
2.42601 3.4874e+11
2.44346 3.15368e+11
2.46091 2.82355e+11
2.47837 2.505e+11
2.49582 2.20496e+11
2.51327 1.92914e+11
2.53073 1.68187e+11
2.54818 1.46606e+11
2.56563 1.28319e+11
2.58309 1.13332e+11
2.60054 1.01522e+11
2.61799 9.26592e+10
2.63545 8.64305e+10
2.6529 8.24715e+10
2.67035 8.04013e+10
2.68781 7.98557e+10
2.70526 8.05164e+10
2.72271 8.2133e+10
2.74017 8.4535e+10
2.75762 8.76325e+10
2.77507 9.14083e+10
2.79253 9.59001e+10
2.80998 1.01179e+11
2.82743 1.07324e+11
2.84489 1.14403e+11
2.86234 1.22447e+11
2.87979 1.31447e+11
2.89725 1.41338e+11
2.9147 1.52004e+11
2.93215 1.63283e+11
2.94961 1.74972e+11
2.96706 1.86841e+11
2.98451 1.98637e+11
3.00197 2.101e+11
3.01942 2.20972e+11
3.03687 2.30999e+11
3.05433 2.39943e+11
3.07178 2.47588e+11
3.08923 2.53744e+11
3.10669 2.58258e+11
3.12414 2.61014e+11
23 65
0.427431 5.97097e+12 1.19419e+11
0.445233 5.98193e+12 1.19639e+11
0.463036 7.34386e+12 1.46877e+11
0.480838 9.91115e+12 1.98223e+11
0.498641 1.41446e+13 2.82892e+11
0.516268 1.91479e+13 3.82959e+11
0.534071 2.42482e+13 4.84964e+11
0.578402 3.59594e+13 7.19188e+11
0.622908 4.10082e+13 8.20163e+11
0.667414 3.70575e+13 7.41151e+11
0.711571 2.82167e+13 5.64334e+11
0.755902 1.78729e+13 3.57458e+11
0.800233 1.22963e+13 2.45925e+11
0.844565 1.17265e+13 2.3453e+11
0.888722 1.48558e+13 2.97116e+11
0.933053 1.81819e+13 3.63638e+11
0.97721 2.00558e+13 4.01116e+11
1.02137 1.87209e+13 3.74418e+11
1.06535 1.49635e+13 2.9927e+11
1.10951 1.17799e+13 2.35598e+11
1.15349 8.0238e+12 1.60476e+11
1.19747 6.75431e+12 1.35086e+11
1.24145 6.60392e+12 1.32078e+11
177
0.0523599 4.88045e+13
0.0698132 5.37918e+13
0.0872665 8.68057e+13
0.10472 1.41894e+14
0.122173 2.0278e+14
0.139626 2.49128e+14
0.15708 2.64777e+14
0.174533 2.4444e+14
0.191986 1.95983e+14
0.20944 1.37344e+14
0.226893 8.94824e+13
0.244346 6.83972e+13
0.261799 7.94898e+13
0.279253 1.1635e+14
0.296706 1.64067e+14
0.314159 2.05329e+14
0.331613 2.26662e+14
0.349066 2.22469e+14
0.366519 1.95724e+14
0.383972 1.55645e+14
0.401426 1.13735e+14
0.418879 7.98582e+13
0.436332 5.96745e+13
0.453786 5.39139e+13
0.471239 5.92685e+13
0.488692 7.02071e+13
0.506145 8.09441e+13
0.523599 8.69861e+13
0.541052 8.59799e+13
0.558505 7.7848e+13
0.575959 6.43672e+13
0.593412 4.84156e+13
0.610865 3.31128e+13
0.628319 2.10429e+13
0.645772 1.37053e+13
0.663225 1.12832e+13
0.680678 1.27537e+13
0.698132 1.62959e+13
0.715585 1.9876e+13
0.733038 2.18406e+13
0.750492 2.1339e+13
0.767945 1.84547e+13
0.785398 1.4025e+13
0.802851 9.24179e+12
0.820305 5.20181e+12
0.837758 2.57233e+12
0.855211 1.47313e+12
0.872665 1.57216e+12
0.890118 2.30976e+12
0.907571 3.136e+12
0.925025 3.67139e+12
0.942478 3.7586e+12
0.959931 3.42547e+12
0.977384 2.80634e+12
0.994838 2.0654e+12
1.01229 1.34575e+12
1.02974 7.47169e+11
1.0472 3.23852e+11
1.06465 9.07322e+10
1.0821 3.12112e+10
1.09956 1.04081e+11
1.11701 2.51539e+11
1.13446 4.11139e+11
1.15192 5.31966e+11
1.16937 5.90228e+11
1.18682 5.95602e+11
1.20428 5.81172e+11
1.22173 5.7864e+11
1.23918 5.92169e+11
1.25664 5.90004e+11
1.27409 5.25234e+11
1.29154 3.77081e+11
1.309 1.84605e+11
1.32645 4.23566e+10
1.3439 4.9568e+10
1.36136 2.39574e+11
1.37881 5.3873e+11
1.39626 7.92672e+11
1.41372 8.54223e+11
1.43117 6.80046e+11
1.44862 3.6876e+11
1.46608 1.07404e+11
1.48353 5.54946e+10
1.50098 2.42233e+11
1.51844 5.46999e+11
1.53589 7.77706e+11
1.55334 7.94576e+11
1.5708 5.96401e+11
1.58825 3.13609e+11
1.6057 1.17038e+11
1.62316 1.07022e+11
1.64061 2.56532e+11
1.65806 4.41349e+11
1.67552 5.30499e+11
1.69297 4.72731e+11
1.71042 3.22569e+11
1.72788 1.93612e+11
1.74533 1.75605e+11
1.76278 2.73124e+11
1.78024 4.05864e+11
1.79769 4.67449e+11
1.81514 4.00758e+11
1.8326 2.38171e+11
1.85005 8.0055e+10
1.8675 2.71379e+10
1.88496 1.13513e+11
1.90241 2.861e+11
1.91986 4.43881e+11
1.93732 5.08335e+11
1.95477 4.74484e+11
1.97222 4.05964e+11
1.98968 3.78613e+11
2.00713 4.15951e+11
2.02458 4.67704e+11
2.04204 4.51434e+11
2.05949 3.2855e+11
2.07694 1.55453e+11
2.0944 6.34937e+10
2.11185 1.71949e+11
2.1293 4.9149e+11
2.14675 8.91182e+11
2.16421 1.16395e+12
2.18166 1.15649e+12
2.19911 8.78054e+11
2.21657 5.08419e+11
2.23402 2.90087e+11
2.25147 3.71217e+11
2.26893 7.05933e+11
2.28638 1.08488e+12
2.30383 1.28029e+12
2.32129 1.20741e+12
2.33874 9.87699e+11
2.35619 8.64921e+11
2.37365 1.02823e+12
2.3911 1.46496e+12
2.40855 1.94877e+12
2.42601 2.1771e+12
2.44346 1.9692e+12
2.46091 1.39405e+12
2.47837 7.43415e+11
2.49582 3.66813e+11
2.51327 4.71307e+11
2.53073 1.00652e+12
2.54818 1.69732e+12
2.56563 2.19675e+12
2.58309 2.26632e+12
2.60054 1.88525e+12
2.61799 1.23892e+12
2.63545 6.05949e+11
2.6529 2.13543e+11
2.67035 1.38213e+11
2.68781 2.96186e+11
2.70526 5.1589e+11
2.72271 6.42548e+11
2.74017 6.13773e+11
2.75762 4.69106e+11
2.77507 2.99679e+11
2.79253 1.79702e+11
2.80998 1.27056e+11
2.82743 1.13568e+11
2.84489 1.0666e+11
2.86234 1.02134e+11
2.87979 1.19665e+11
2.89725 1.68595e+11
2.9147 2.21407e+11
2.93215 2.29419e+11
2.94961 1.7843e+11
2.96706 1.413e+11
2.98451 2.74998e+11
3.00197 7.45372e+11
3.01942 1.61889e+12
3.03687 2.79398e+12
3.05433 4.02639e+12
3.07178 5.04216e+12
3.08923 5.67263e+12
3.10669 5.92666e+12
3.12414 5.95691e+12
23 200
0.209556 2.02981e+14 2.02981e+13
0.225182 1.39462e+14 1.39462e+13
0.251186 9.50436e+13 9.50436e+12
0.264234 5.51383e+13 5.51383e+12
0.282408 5.00447e+13 5.00447e+12
0.3199 1.14794e+14 1.14794e+13
0.335424 1.47022e+14 1.47022e+13
0.354838 1.88064e+14 1.88064e+13
0.385941 2.01026e+14 2.01026e+13
0.4054 1.80611e+14 1.80611e+13
0.443041 1.22904e+14 1.22904e+13
0.481959 9.36568e+13 9.36568e+12
0.519572 7.39638e+13 7.39638e+12
0.55331 5.30299e+13 5.30299e+12
0.5896 4.84281e+13 4.84281e+12
0.622004 4.40718e+13 4.40718e+12
0.663459 4.49253e+13 4.49253e+12
0.730871 3.15789e+13 3.15789e+12
0.769791 2.0567e+13 2.0567e+12
0.804836 1.23985e+13 1.23985e+12
0.839886 7.15321e+12 7.15321e+11
0.877468 6.22721e+12 6.22721e+11
0.911119 7.34995e+12 7.34995e+11
