177
0.0523599 1.00966
0.0698132 1.01934
0.0872665 1.02531
0.10472 1.0248
0.122173 1.01669
0.139626 1.00106
0.15708 0.978718
0.174533 0.950901
0.191986 0.919054
0.20944 0.884679
0.226893 0.849235
0.244346 0.814072
0.261799 0.780397
0.279253 0.749245
0.296706 0.721474
0.314159 0.697763
0.331613 0.678615
0.349066 0.664369
0.366519 0.655211
0.383972 0.651186
0.401426 0.652214
0.418879 0.658109
0.436332 0.668586
0.453786 0.683286
0.471239 0.701782
0.488692 0.723599
0.506145 0.748224
0.523599 0.77512
0.541052 0.803736
0.558505 0.833518
0.575959 0.863918
0.593412 0.894402
0.610865 0.924458
0.628319 0.953601
0.645772 0.98138
0.663225 1.00738
0.680678 1.03122
0.698132 1.05258
0.715585 1.07115
0.733038 1.08671
0.750492 1.09904
0.767945 1.108
0.785398 1.11347
0.802851 1.11538
0.820305 1.11371
0.837758 1.10845
0.855211 1.09967
0.872665 1.08743
0.890118 1.07184
0.907571 1.05304
0.925025 1.03119
0.942478 1.00647
0.959931 0.979085
0.977384 0.949259
0.994838 0.917222
1.01229 0.883222
1.02974 0.847516
1.0472 0.810369
1.06465 0.77205
1.0821 0.732836
1.09956 0.693003
1.11701 0.652829
1.13446 0.612594
1.15192 0.572571
1.16937 0.533036
1.18682 0.494256
1.20428 0.456494
1.22173 0.420008
1.23918 0.385046
1.25664 0.351848
1.27409 0.320644
1.29154 0.291653
1.309 0.265081
1.32645 0.241123
1.3439 0.219956
1.36136 0.201744
1.37881 0.186634
1.39626 0.174753
1.41372 0.166213
1.43117 0.161101
1.44862 0.159489
1.46608 0.161423
1.48353 0.166927
1.50098 0.176004
1.51844 0.188633
1.53589 0.204768
1.55334 0.22434
1.5708 0.247256
1.58825 0.2734
1.6057 0.302631
1.62316 0.334786
1.64061 0.369684
1.65806 0.407118
1.67552 0.446864
1.69297 0.488683
1.71042 0.532315
1.72788 0.57749
1.74533 0.623923
1.76278 0.671322
1.78024 0.719384
1.79769 0.767804
1.81514 0.816273
1.8326 0.864482
1.85005 0.912125
1.8675 0.9589
1.88496 1.00452
1.90241 1.04869
1.91986 1.09115
1.93732 1.13164
1.95477 1.16993
1.97222 1.20579
1.98968 1.23904
2.00713 1.2695
2.02458 1.29701
2.04204 1.32147
2.05949 1.34277
2.07694 1.36084
2.0944 1.37565
2.11185 1.38719
2.1293 1.39547
2.14675 1.40054
2.16421 1.40247
2.18166 1.40137
2.19911 1.39735
2.21657 1.39058
2.23402 1.38122
2.25147 1.36946
2.26893 1.35552
2.28638 1.33964
2.30383 1.32204
2.32129 1.303
2.33874 1.28277
2.35619 1.26162
2.37365 1.23984
2.3911 1.2177
2.40855 1.19548
2.42601 1.17344
2.44346 1.15186
2.46091 1.13098
2.47837 1.11105
2.49582 1.0923
2.51327 1.07494
2.53073 1.05915
2.54818 1.04512
2.56563 1.03299
2.58309 1.02288
2.60054 1.0149
2.61799 1.00912
2.63545 1.00558
2.6529 1.0043
2.67035 1.00529
2.68781 1.00851
2.70526 1.01389
2.72271 1.02135
2.74017 1.03079
2.75762 1.04207
2.77507 1.05503
2.79253 1.06952
2.80998 1.08534
2.82743 1.10227
2.84489 1.12012
2.86234 1.13865
2.87979 1.15763
2.89725 1.17681
2.9147 1.19597
2.93215 1.21486
2.94961 1.23324
2.96706 1.2509
2.98451 1.2676
3.00197 1.28315
3.01942 1.29736
3.03687 1.31004
3.05433 1.32105
3.07178 1.33025
3.08923 1.33752
3.10669 1.34278
3.12414 1.34596
19 9
0.523599 0.900371 0.0900371
0.654498 1.15851 0.115851
0.785398 1.18743 0.118743
0.916298 1.26558 0.126558
1.0472 1.33803 0.133803
1.1781 1.08309 0.108309
1.309 0.750252 0.0750252
1.4399 0.410192 0.0410192
1.5708 0.247304 0.0247304
1.7017 0.273619 0.0273619
1.8326 0.503016 0.0503016
1.9635 1.06556 0.106556
2.0944 1.41185 0.141185
2.22529 1.61446 0.161446
2.35619 1.63502 0.163502
2.48709 1.92311 0.192311
2.61799 2.1978 0.21978
2.74889 2.28155 0.228155
2.87979 2.66768 0.266768
177
0.0523599 10.17
0.0698132 10.2004
0.0872665 10.1311
0.10472 9.95547
0.122173 9.68363
0.139626 9.3343
0.15708 8.92978
0.174533 8.49297
0.191986 8.04556
0.20944 7.60703
0.226893 7.19408
0.244346 6.82042
0.261799 6.49669
0.279253 6.23057
0.296706 6.02696
0.314159 5.88823
0.331613 5.81443
0.349066 5.80369
0.366519 5.85242
0.383972 5.95566
0.401426 6.10738
0.418879 6.30077
0.436332 6.52847
0.453786 6.78287
0.471239 7.05634
0.488692 7.34138
0.506145 7.63085
0.523599 7.91811
0.541052 8.19712
0.558505 8.46255
0.575959 8.70984
0.593412 8.93525
0.610865 9.13583
0.628319 9.30946
0.645772 9.45477
0.663225 9.57111
0.680678 9.65849
0.698132 9.71746
0.715585 9.74906
0.733038 9.7547
0.750492 9.73606
0.767945 9.69503
0.785398 9.63354
0.802851 9.55356
0.820305 9.45694
0.837758 9.34542
0.855211 9.22051
0.872665 9.08348
0.890118 8.93536
0.907571 8.77685
0.925025 8.60842
0.942478 8.43025
0.959931 8.24229
0.977384 8.04429
0.994838 7.83588
1.01229 7.61658
1.02974 7.38588
1.0472 7.14331
1.06465 6.88851
1.0821 6.62128
1.09956 6.34164
1.11701 6.0499
1.13446 5.74668
1.15192 5.43297
1.16937 5.11015
1.18682 4.78001
1.20428 4.44476
1.22173 4.10701
1.23918 3.76974
1.25664 3.4363
1.27409 3.11037
1.29154 2.79588
1.309 2.49694
1.32645 2.21783
1.3439 1.96288
1.36136 1.7364
1.37881 1.5426
1.39626 1.38552
1.41372 1.26893
1.43117 1.19627
1.44862 1.17057
1.46608 1.19439
1.48353 1.26975
1.50098 1.39806
1.51844 1.58014
1.53589 1.81613
1.55334 2.10549
1.5708 2.447
1.58825 2.83873
1.6057 3.27813
1.62316 3.76195
1.64061 4.28636
1.65806 4.84697
1.67552 5.43886
1.69297 6.05668
1.71042 6.6947
1.72788 7.3469
1.74533 8.007
1.76278 8.66862
1.78024 9.32529
1.79769 9.9706
1.81514 10.5982
1.8326 11.202
1.85005 11.7761
1.8675 12.315
1.88496 12.8136
1.90241 13.2671
1.91986 13.6716
1.93732 14.0233
1.95477 14.3192
1.97222 14.5572
1.98968 14.7353
2.00713 14.8527
2.02458 14.9089
2.04204 14.9043
2.05949 14.8397
2.07694 14.7168
2.0944 14.5376
2.11185 14.3051
2.1293 14.0224
2.14675 13.6933
2.16421 13.3221
2.18166 12.9133
2.19911 12.472
2.21657 12.0032
2.23402 11.5125
2.25147 11.0056
2.26893 10.488
2.28638 9.96568
2.30383 9.44428
2.32129 8.92953
2.33874 8.427
2.35619 7.94211
2.37365 7.48006
2.3911 7.04577
2.40855 6.64387
2.42601 6.27864
2.44346 5.954
2.46091 5.67345
2.47837 5.44006
2.49582 5.25645
2.51327 5.12477
2.53073 5.04666
2.54818 5.02329
2.56563 5.05532
2.58309 5.1429
2.60054 5.28568
2.61799 5.48282
2.63545 5.73296
2.6529 6.0343
2.67035 6.38456
2.68781 6.78103
2.70526 7.22056
2.72271 7.69963
2.74017 8.21435
2.75762 8.76049
2.77507 9.33355
2.79253 9.92873
2.80998 10.541
2.82743 11.1653
2.84489 11.7963
2.86234 12.4285
2.87979 13.0565
2.89725 13.6749
2.9147 14.2784
2.93215 14.8616
2.94961 15.4195
2.96706 15.9472
2.98451 16.44
3.00197 16.8935
3.01942 17.3037
3.03687 17.667
3.05433 17.9801
3.07178 18.2402
3.08923 18.445
3.10669 18.5926
3.12414 18.6817
18 12
0.523599 10.1794 1.01794
0.654498 10.1117 1.01117
0.785398 10.4935 1.04935
0.916298 10.5131 1.05131
1.0472 10.466 1.0466
1.1781 8.64977 0.864977
1.309 4.81518 0.481518
1.5708 2.02778 0.202778
1.7017 6.103 0.6103
1.8326 12.2312 1.22312
1.9635 16.8826 1.68826
2.0944 18.1028 1.81028
2.22529 15.5751 1.55751
2.35619 12.2 1.22
2.48709 9.25643 0.925643
2.61799 7.2886 0.72886
2.74889 7.26334 0.726334
2.87979 8.08991 0.808991
177
0.0523599 98.8316
0.0698132 95.5558
0.0872665 91.0906
0.10472 85.9728
0.122173 80.7102
0.139626 75.7354
0.15708 71.3877
0.174533 67.908
0.191986 65.4398
0.20944 64.0351
0.226893 63.663
0.244346 64.2203
0.261799 65.5438
0.279253 67.4245
0.296706 69.6222
0.314159 71.8806
0.331613 73.9425
0.349066 75.5646
0.366519 76.531
0.383972 76.6649
0.401426 75.8392
0.418879 73.9834
0.436332 71.0887
0.453786 67.2098
0.471239 62.4635
0.488692 57.0252
0.506145 51.1215
0.523599 45.0212
0.541052 39.024
0.558505 33.4474
0.575959 28.6132
0.593412 24.8332
0.610865 22.3953
0.628319 21.5501
0.645772 22.5
0.663225 25.3886
0.680678 30.2939
0.698132 37.223
0.715585 46.1103
0.733038 56.8184
0.750492 69.1413
0.767945 82.8112
0.785398 97.5067
0.802851 112.864
0.820305 128.487
0.837758 143.965
0.855211 158.883
0.872665 172.835
0.890118 185.44
0.907571 196.355
0.925025 205.283
0.942478 211.986
0.959931 216.288
0.977384 218.087
0.994838 217.351
1.01229 214.12
1.02974 208.51
1.0472 200.698
1.06465 190.926
1.0821 179.489
1.09956 166.723
1.11701 152.997
1.13446 138.705
1.15192 124.247
1.16937 110.024
1.18682 96.4232
1.20428 83.8083
1.22173 72.5107
1.23918 62.8206
1.25664 54.9803
1.27409 49.1794
1.29154 45.5508
1.309 44.1693
1.32645 45.0515
1.3439 48.1571
1.36136 53.3921
1.37881 60.613
1.39626 69.6326
1.41372 80.2258
1.43117 92.1372
1.44862 105.088
1.46608 118.786
1.48353 132.927
1.50098 147.212
1.51844 161.346
1.53589 175.047
1.55334 188.054
1.5708 200.128
1.58825 211.061
1.6057 220.674
1.62316 228.822
1.64061 235.396
1.65806 240.32
1.67552 243.555
1.69297 245.094
1.71042 244.963
1.72788 243.217
1.74533 239.935
1.76278 235.224
1.78024 229.208
1.79769 222.027
1.81514 213.835
1.8326 204.796
1.85005 195.078
1.8675 184.853
1.88496 174.29
1.90241 163.559
1.91986 152.821
1.93732 142.229
1.95477 131.928
1.97222 122.051
1.98968 112.717
2.00713 104.033
2.02458 96.0914
2.04204 88.9698
2.05949 82.731
2.07694 77.4229
2.0944 73.079
2.11185 69.7181
2.1293 67.3455
2.14675 65.953
2.16421 65.52
2.18166 66.0138
2.19911 67.3907
2.21657 69.5969
2.23402 72.5691
2.25147 76.236
2.26893 80.5187
2.28638 85.3324
2.30383 90.587
2.32129 96.1887
2.33874 102.041
2.35619 108.047
2.37365 114.108
2.3911 120.128
2.40855 126.014
2.42601 131.677
2.44346 137.033
2.46091 142.005
2.47837 146.525
2.49582 150.533
2.51327 153.978
2.53073 156.821
2.54818 159.035
2.56563 160.602
2.58309 161.518
2.60054 161.788
2.61799 161.431
2.63545 160.472
2.6529 158.949
2.67035 156.907
2.68781 154.396
2.70526 151.475
2.72271 148.205
2.74017 144.65
2.75762 140.875
2.77507 136.945
2.79253 132.922
2.80998 128.867
2.82743 124.836
2.84489 120.879
2.86234 117.042
2.87979 113.363
2.89725 109.875
2.9147 106.604
2.93215 103.571
2.94961 100.788
2.96706 98.2638
2.98451 96.0029
3.00197 94.0046
3.01942 92.2653
3.03687 90.7796
3.05433 89.5402
3.07178 88.5396
3.08923 87.7704
3.10669 87.2261
3.12414 86.9017
47 21
0.178547 76.382 7.6382
0.223053 74.3173 7.43173
0.267734 79.3194 7.93194
0.312239 86.806 8.6806
0.35692 91.5895 9.15895
0.401426 88.313 8.8313
0.445932 79.5734 7.95734
0.490438 61.5695 6.15695
0.534943 42.3714 4.23714
0.579449 24.6836 2.46836
0.623955 17.1142 1.71142
0.668461 31.3 3.13
0.712792 58.3077 5.83077
0.757124 96.1038 9.61038
0.80163 142.769 14.2769
0.845961 191.511 19.1511
0.890118 235.809 23.5809
0.934449 275.533 27.5533
0.978606 286.662 28.6662
1.02276 295.173 29.5173
1.06692 261.999 26.1999
1.11108 230.98 23.098
1.15523 164.338 16.4338
1.19922 125.663 12.5663
1.2432 98.1318 9.81318
1.28718 79.6121 7.96121
1.33099 64.9095 6.49095
1.37497 82.21 8.221
1.41878 112.23 11.223
1.50622 181.13 18.113
1.59366 258.079 25.8079
1.68075 309.644 30.9644
1.76784 291.135 29.1135
1.85459 245.055 24.5055
1.94133 148.492 14.8492
2.0279 104.305 10.4305
2.11412 65.4417 6.54417
2.20034 56.7045 5.67045
2.28638 71.6778 7.16778
2.37243 95.5863 9.55863
2.45812 138.425 13.8425
2.54382 168.043 16.8043
2.62934 177.825 17.7825
2.71486 174.244 17.4244
2.80038 177.589 17.7589
2.88573 184.359 18.4359
2.97107 199.101 19.9101
177
0.0523599 964.811
0.0698132 917.962
0.0872665 862.401
0.10472 805.571
0.122173 753.756
0.139626 711.798
0.15708 683.027
0.174533 669.277
0.191986 670.961
0.20944 687.199
0.226893 715.973
0.244346 754.326
0.261799 798.589
0.279253 844.629
0.296706 888.116
0.314159 924.792
0.331613 950.734
0.349066 962.596
0.366519 957.825
0.383972 934.832
0.401426 893.117
0.418879 833.33
0.436332 757.285
0.453786 667.899
0.471239 569.081
0.488692 465.568
0.506145 362.708
0.523599 266.221
0.541052 181.922
0.558505 115.45
0.575959 71.9904
0.593412 56.0212
0.610865 71.0853
0.628319 119.606
0.645772 202.752
0.663225 320.355
0.680678 470.889
0.698132 651.507
0.715585 858.135
0.733038 1085.62
0.750492 1327.92
0.767945 1578.33
0.785398 1829.74
0.802851 2074.89
0.820305 2306.68
0.837758 2518.36
0.855211 2703.87
0.872665 2857.97
0.890118 2976.47
0.907571 3056.35
0.925025 3095.88
0.942478 3094.62
0.959931 3053.44
0.977384 2974.49
0.994838 2861.04
1.01229 2717.44
1.02974 2548.85
1.0472 2361.13
1.06465 2160.59
1.0821 1953.79
1.09956 1747.29
1.11701 1547.49
1.13446 1360.38
1.15192 1191.4
1.16937 1045.25
1.18682 925.807
1.20428 836.001
1.22173 777.771
1.23918 752.043
1.25664 758.735
1.27409 796.801
1.29154 864.304
1.309 958.502
1.32645 1075.97
1.3439 1212.73
1.36136 1364.39
1.37881 1526.27
1.39626 1693.61
1.41372 1861.62
1.43117 2025.71
1.44862 2181.53
1.46608 2325.15
1.48353 2453.1
1.50098 2562.45
1.51844 2650.89
1.53589 2716.74
1.55334 2758.95
1.5708 2777.13
1.58825 2771.5
1.6057 2742.86
1.62316 2692.53
1.64061 2622.32
1.65806 2534.4
1.67552 2431.25
1.69297 2315.62
1.71042 2190.36
1.72788 2058.42
1.74533 1922.73
1.76278 1786.12
1.78024 1651.3
1.79769 1520.74
1.81514 1396.67
1.8326 1281.03
1.85005 1175.42
1.8675 1081.13
1.88496 999.079
1.90241 929.85
1.91986 873.699
1.93732 830.569
1.95477 800.118
1.97222 781.754
1.98968 774.666
2.00713 777.866
2.02458 790.231
2.04204 810.536
2.05949 837.502
2.07694 869.824
2.0944 906.209
2.11185 945.405
2.1293 986.224
2.14675 1027.56
2.16421 1068.42
2.18166 1107.91
2.19911 1145.27
2.21657 1179.83
2.23402 1211.07
2.25147 1238.59
2.26893 1262.08
2.28638 1281.33
2.30383 1296.25
2.32129 1306.81
2.33874 1313.05
2.35619 1315.11
2.37365 1313.13
2.3911 1307.34
2.40855 1297.99
2.42601 1285.36
2.44346 1269.75
2.46091 1251.51
2.47837 1230.98
2.49582 1208.52
2.51327 1184.51
2.53073 1159.33
2.54818 1133.38
2.56563 1107.05
2.58309 1080.75
2.60054 1054.9
2.61799 1029.88
2.63545 1006.11
2.6529 983.986
2.67035 963.877
2.68781 946.147
2.70526 931.132
2.72271 919.134
2.74017 910.412
2.75762 905.181
2.77507 903.598
2.79253 905.758
2.80998 911.683
2.82743 921.326
2.84489 934.555
2.86234 951.161
2.87979 970.852
2.89725 993.258
2.9147 1017.94
2.93215 1044.38
2.94961 1072.01
2.96706 1100.22
2.98451 1128.38
3.00197 1155.83
3.01942 1181.91
3.03687 1206
3.05433 1227.5
3.07178 1245.89
3.08923 1260.7
3.10669 1271.56
3.12414 1278.18
46 25
0.178547 774.375 77.4375
0.223053 859.125 85.9125
0.267734 1022.44 102.244
0.312414 1170.13 117.013
0.35692 1233.71 123.371
0.401426 1143.41 114.341
0.446106 912.885 91.2885
0.490612 593.896 59.3896
0.535118 299.008 29.9008
0.579624 134.718 13.4718
0.623955 223.149 22.3149
0.668461 579.933 57.9933
0.712967 1207.57 120.757
0.757298 2047.35 204.735
0.80163 2700.18 270.018
0.845961 3368.33 336.833
0.890292 3943.71 394.371
0.934449 3975.03 397.503
0.978781 3689.64 368.964
1.02294 3333.98 333.398
1.06709 2812.46 281.246
1.11125 2195.94 219.594
1.15523 1553.59 155.359
1.24337 1104.16 110.416
1.28718 1205.41 120.541
1.33116 1521.73 152.173
1.37497 1945.93 194.593
1.41878 2406.04 240.604
1.50639 3170.35 317.035
1.59366 3229.28 322.928
1.68093 2648.15 264.815
1.76784 2010.85 201.085
1.85476 1381.16 138.116
1.94133 1065.81 106.581
2.0279 910.05 91.005
2.11429 814.861 81.4861
2.20051 722.673 72.2673
2.28656 766.728 76.6728
2.37243 864.372 86.4372
2.45812 1090.29 109.029
2.54382 1202.68 120.268
2.62951 1298.18 129.818
2.71503 1387.13 138.713
2.80038 1437.09 143.709
2.88573 1495.06 149.506
2.97107 1612.06 161.206
177
0.0523599 9328.24
0.0698132 8702.58
0.0872665 8043.46
0.10472 7451.45
0.122173 7005.29
0.139626 6760.33
0.15708 6748.33
0.174533 6978.14
0.191986 7437.13
0.20944 8093.3
0.226893 8898.31
0.244346 9791.04
0.261799 10702
0.279253 11557.8
0.296706 12286.6
0.314159 12822.4
0.331613 13109.9
0.349066 13108.5
0.366519 12795.5
0.383972 12168
0.401426 11243.9
0.418879 10061.8
0.436332 8679.28
0.453786 7170.14
0.471239 5620.89
0.488692 4126.17
0.506145 2783.71
0.523599 1689.08
0.541052 930.502
0.558505 583.929
0.575959 708.838
0.593412 1344.82
0.610865 2509.18
0.628319 4195.74
0.645772 6374.75
0.663225 8994.02
0.680678 11981.2
0.698132 15246.8
0.715585 18688.5
0.733038 22195.1
0.750492 25652.2
0.767945 28946.4
0.785398 31970.4
0.802851 34627.5
0.820305 36835.6
0.837758 38529.9
0.855211 39665.5
0.872665 40218.6
0.890118 40187.3
0.907571 39590.8
0.925025 38467.9
0.942478 36875.4
0.959931 34885
0.977384 32579.9
0.994838 30051.6
1.01229 27396
1.02974 24709.6
1.0472 22085.9
1.06465 19611.8
1.0821 17365.5
1.09956 15413.1
1.11701 13807.4
1.13446 12586.5
1.15192 11773
1.16937 11374.4
1.18682 11383.2
1.20428 11778
1.22173 12525.5
1.23918 13581.8
1.25664 14894.6
1.27409 16405.8
1.29154 18053.1
1.309 19773.3
1.32645 21503.5
1.3439 23183.8
1.36136 24758.8
1.37881 26179
1.39626 27402.3
1.41372 28394.7
1.43117 29130.8
1.44862 29594.2
1.46608 29777.4
1.48353 29681.4
1.50098 29315
1.51844 28694.5
1.53589 27842.4
1.55334 26786.2
1.5708 25557.8
1.58825 24191.9
1.6057 22724.9
1.62316 21194
1.64061 19635.7
1.65806 18085.3
1.67552 16575.7
1.69297 15136.6
1.71042 13794.2
1.72788 12570.4
1.74533 11482.6
1.76278 10543.7
1.78024 9761.8
1.79769 9140.29
1.81514 8678.31
1.8326 8370.91
1.85005 8209.46
1.8675 8182.19
1.88496 8274.68
1.90241 8470.45
1.91986 8751.54
1.93732 9099.07
1.95477 9493.8
1.97222 9916.71
1.98968 10349.4
2.00713 10774.6
2.02458 11176.4
2.04204 11540.8
2.05949 11855.7
2.07694 12111.1
2.0944 12299.5
2.11185 12415.4
2.1293 12455.6
2.14675 12419.3
2.16421 12307.5
2.18166 12123.2
2.19911 11871
2.21657 11556.8
2.23402 11187.9
2.25147 10772.3
2.26893 10318.7
2.28638 9836.06
2.30383 9333.53
2.32129 8820.06
2.33874 8304.26
2.35619 7794.22
2.37365 7297.35
2.3911 6820.31
2.40855 6368.91
2.42601 5948.08
2.44346 5561.94
2.46091 5213.74
2.47837 4906.04
2.49582 4640.7
2.51327 4419.06
2.53073 4242.01
2.54818 4110.11
2.56563 4023.7
2.58309 3982.99
2.60054 3988.11
2.61799 4039.2
2.63545 4136.41
2.6529 4279.87
2.67035 4469.72
2.68781 4706.02
2.70526 4988.69
2.72271 5317.43
2.74017 5691.59
2.75762 6110.14
2.77507 6571.49
2.79253 7073.48
2.80998 7613.23
2.82743 8187.16
2.84489 8790.88
2.86234 9419.27
2.87979 10066.4
2.89725 10725.7
2.9147 11389.9
2.93215 12051.3
2.94961 12701.6
2.96706 13332.6
2.98451 13935.6
3.00197 14502.3
3.01942 15024.6
3.03687 15494.7
3.05433 15905.6
3.07178 16250.9
3.08923 16525.4
3.10669 16724.6
3.12414 16845.4
47 30
0.178547 7282.97 728.297
0.223228 9505.56 950.556
0.267734 12467.8 1246.78
0.312414 14591.6 1459.16
0.35692 14906 1490.6
0.4016 13266.8 1326.68
0.446106 9753.83 975.383
0.490612 5451.64 545.164
0.535118 2432.33 243.233
0.579624 2146.21 214.621
0.62413 5857.28 585.728
0.668461 12832.2 1283.22
0.712967 21525.4 2152.54
0.757298 30931.1 3093.11
0.80163 39352.7 3935.27
0.845961 43529.9 4352.99
0.890292 44078.5 4407.85
0.934624 40427.8 4042.78
0.978781 33961.3 3396.13
1.02294 24963.9 2496.39
1.06709 19050.5 1905.05
1.11125 14064.8 1406.48
1.15541 12023.8 1202.38
1.19939 12531.6 1253.16
1.24337 14850.8 1485.08
1.28735 19956.5 1995.65
1.33134 24166.1 2416.61
1.37514 27264.6 2726.46
1.41895 30292.1 3029.21
1.50657 29861.9 2986.19
1.59383 25415.6 2541.56
1.6811 14715.1 1471.51
1.76802 10646 1064.6
1.85494 9024.4 902.44
1.9415 11028.2 1102.82
2.02807 12648.5 1264.85
2.11429 12985.3 1298.53
2.20051 10302.5 1030.25
2.28656 7132.06 713.206
2.37243 4408.15 440.815
2.4583 4047.7 404.77
2.54399 6292.83 629.283
2.62951 9868.29 986.829
2.71503 12491.5 1249.15
2.80038 13654.7 1365.47
2.88573 13077.9 1307.79
2.97107 12528 1252.8
177
0.0523599 89935.6
0.0698132 82242
0.0872665 74863.8
0.10472 69098.6
0.122173 65922.2
0.139626 65972.1
0.15708 69544.3
0.174533 76600.6
0.191986 86788.6
0.20944 99477.8
0.226893 113809
0.244346 128760
0.261799 143216
0.279253 156058
0.296706 166240
0.314159 172868
0.331613 175275
0.349066 173071
0.366519 166184
0.383972 154875
0.401426 139730
0.418879 121634
0.436332 101720
0.453786 81305
0.471239 61810.4
0.488692 44674.7
0.506145 31266.3
0.523599 22799.4
0.541052 20258.3
0.558505 24336.6
0.575959 35393.4
0.593412 53429.4
0.610865 78083.5
0.628319 108651
0.645772 144120
0.663225 183225
0.680678 224514
0.698132 266419
0.715585 307343
0.733038 345734
0.750492 380159
0.767945 409375
0.785398 432380
0.802851 448454
0.820305 457188
0.837758 458486
0.855211 452569
0.872665 439944
0.890118 421376
0.907571 397839
0.925025 370471
0.942478 340508
0.959931 309231
0.977384 277908
0.994838 247737
1.01229 219801
1.02974 195029
1.0472 174163
1.06465 157740
1.0821 146081
1.09956 139290
1.11701 137267
1.13446 139722
1.15192 146203
1.16937 156122
1.18682 168792
1.20428 183459
1.22173 199337
1.23918 215644
1.25664 231633
1.27409 246614
1.29154 259982
1.309 271231
1.32645 279967
1.3439 285915
1.36136 288917
1.37881 288935
1.39626 286036
1.41372 280385
1.43117 272233
1.44862 261898
1.46608 249749
1.48353 236191
1.50098 221646
1.51844 206538
1.53589 191277
1.55334 176248
1.5708 161799
1.58825 148233
1.6057 135800
1.62316 124696
1.64061 115059
1.65806 106969
1.67552 100453
1.69297 95487.3
1.71042 92001.5
1.72788 89888.2
1.74533 89007.8
1.76278 89196.4
1.78024 90273.6
1.79769 92049.8
1.81514 94332.8
1.8326 96934
1.85005 99674.4
1.8675 102388
1.88496 104927
1.90241 107162
1.91986 108987
1.93732 110316
1.95477 111088
1.97222 111261
1.98968 110818
2.00713 109756
2.02458 108094
2.04204 105864
2.05949 103113
2.07694 99896.2
2.0944 96280.4
2.11185 92337.4
2.1293 88143.5
2.14675 83776.9
2.16421 79316
2.18166 74837.3
2.19911 70413.7
2.21657 66112.7
2.23402 61995.5
2.25147 58115.2
2.26893 54516.2
2.28638 51233.5
2.30383 48291.9
2.32129 45706.4
2.33874 43481.7
2.35619 41613.2
2.37365 40087
2.3911 38881.3
2.40855 37967.5
2.42601 37311.2
2.44346 36873.9
2.46091 36614.9
2.47837 36492.4
2.49582 36465.8
2.51327 36497
2.53073 36552.2
2.54818 36603.2
2.56563 36629
2.58309 36616.4
2.60054 36561.1
2.61799 36467.8
2.63545 36350.4
2.6529 36231.3
2.67035 36141.1
2.68781 36116.9
2.70526 36200.9
2.72271 36438.6
2.74017 36876.9
2.75762 37561.1
2.77507 38533.4
2.79253 39829.8
2.80998 41478.6
2.82743 43497.8
2.84489 45894.1
2.86234 48661.2
2.87979 51779.4
2.89725 55215.2
2.9147 58922
2.93215 62840.9
2.94961 66901.8
2.96706 71025.9
2.98451 75127.8
3.00197 79117.7
3.01942 82905.2
3.03687 86401.1
3.05433 89521.4
3.07178 92189.2
3.08923 94337.9
3.10669 95913.2
3.12414 96874.8
47 35
0.178547 88696.4 8869.64
0.223228 128288 12828.8
0.267734 176493 17649.3
0.312414 209055 20905.5
0.35692 211027 21102.7
0.4016 176458 17645.8
0.446106 119230 11923
0.490612 65138.5 6513.85
0.535118 39542.9 3954.29
0.579624 59199.9 5919.99
0.62413 128450 12845
0.668636 238369 23836.9
0.712967 355582 35558.2
0.757473 457011 45701.1
0.801804 501639 50163.9
0.846136 509652 50965.2
0.890467 471951 47195.1
0.934624 376405 37640.5
0.978955 281876 28187.6
1.02311 224430 22443
1.06727 158458 15845.8
1.11143 144813 14481.3
1.15541 154086 15408.6
1.19956 197744 19774.4
1.24355 234355 23435.5
1.28753 274379 27437.9
1.33134 299682 29968.2
1.37532 297365 29736.5
1.41913 280881 28088.1
1.50657 207189 20718.9
1.59401 140515 14051.5
1.6811 89858.4 8985.84
1.76819 96708.5 9670.85
1.85494 103680 10368
1.94168 110848 11084.8
2.02807 99586 9958.6
2.11447 82435.4 8243.54
2.20069 58998.8 5899.88
2.28673 38459.7 3845.97
2.3726 28086 2808.6
2.4583 33401.9 3340.19
2.54399 51855.1 5185.51
2.62951 74812.6 7481.26
2.71503 89040.9 8904.09
2.80038 88764.5 8876.45
2.88573 68567.7 6856.77
2.97107 45197.8 4519.78
177
0.0523599 865643
0.0698132 775564
0.0872665 696052
0.10472 643372
0.122173 629450
0.139626 661603
0.15708 742399
0.174533 869716
0.191986 1.03703e+06
0.20944 1.234e+06
0.226893 1.44725e+06
0.244346 1.66145e+06
0.261799 1.86053e+06
0.279253 2.02894e+06
0.296706 2.15292e+06
0.314159 2.22167e+06
0.331613 2.22827e+06
0.349066 2.17036e+06
0.366519 2.05043e+06
0.383972 1.87576e+06
0.401426 1.65807e+06
0.418879 1.41269e+06
0.436332 1.15761e+06
0.453786 912223
0.471239 696012
0.488692 527221
0.506145 421616
0.523599 391410
0.541052 444452
0.558505 583699
0.575959 807030
0.593412 1.10737e+06
0.610865 1.47317e+06
0.628319 1.88908e+06
0.645772 2.33692e+06
0.663225 2.79678e+06
0.680678 3.24816e+06
0.698132 3.67111e+06
0.715585 4.04736e+06
0.733038 4.36127e+06
0.750492 4.60054e+06
0.767945 4.75681e+06
0.785398 4.82596e+06
0.802851 4.8081e+06
0.820305 4.70748e+06
0.837758 4.53201e+06
0.855211 4.29271e+06
0.872665 4.00302e+06
0.890118 3.67799e+06
0.907571 3.33343e+06
0.925025 2.98509e+06
0.942478 2.64789e+06
0.959931 2.33527e+06
0.977384 2.05859e+06
0.994838 1.82673e+06
1.01229 1.64585e+06
1.02974 1.51926e+06
1.0472 1.4475e+06
1.06465 1.42849e+06
1.0821 1.45784e+06
1.09956 1.52923e+06
1.11701 1.63486e+06
1.13446 1.76595e+06
1.15192 1.9132e+06
1.16937 2.06727e+06
1.18682 2.21923e+06
1.20428 2.3609e+06
1.22173 2.48521e+06
1.23918 2.58636e+06
1.25664 2.66002e+06
1.27409 2.70335e+06
1.29154 2.71504e+06
1.309 2.69522e+06
1.32645 2.64531e+06
1.3439 2.56787e+06
1.36136 2.46639e+06
1.37881 2.34504e+06
1.39626 2.20847e+06
1.41372 2.06156e+06
1.43117 1.9092e+06
1.44862 1.7561e+06
1.46608 1.60661e+06
1.48353 1.46459e+06
1.50098 1.3333e+06
1.51844 1.21533e+06
1.53589 1.11254e+06
1.55334 1.02609e+06
1.5708 956441
1.58825 903412
1.6057 866245
1.62316 843695
1.64061 834119
1.65806 835582
1.67552 845956
1.69297 863019
1.71042 884541
1.72788 908370
1.74533 932496
1.76278 955109
1.78024 974638
1.79769 989780
1.81514 999515
1.8326 1.00311e+06
1.85005 1.00013e+06
1.8675 990379
1.88496 973941
1.90241 951113
1.91986 922388
1.93732 888428
1.95477 850027
1.97222 808080
1.98968 763550
2.00713 717432
2.02458 670726
2.04204 624403
2.05949 579379
2.07694 536488
2.0944 496463
2.11185 459916
2.1293 427323
2.14675 399019
2.16421 375192
2.18166 355883
2.19911 340995
2.21657 330302
2.23402 323464
2.25147 320046
2.26893 319538
2.28638 321376
2.30383 324966
2.32129 329705
2.33874 335004
2.35619 340303
2.37365 345093
2.3911 348926
2.40855 351425
2.42601 352294
2.44346 351320
2.46091 348374
2.47837 343410
2.49582 336461
2.51327 327632
2.53073 317092
2.54818 305066
2.56563 291822
2.58309 277666
2.60054 262929
2.61799 247957
2.63545 233102
2.6529 218713
2.67035 205133
2.68781 192683
2.70526 181667
2.72271 172356
2.74017 164993
2.75762 159782
2.77507 156886
2.79253 156425
2.80998 158471
2.82743 163045
2.84489 170112
2.86234 179582
2.87979 191306
2.89725 205077
2.9147 220629
2.93215 237640
2.94961 255737
2.96706 274506
2.98451 293493
3.00197 312226
3.01942 330218
3.03687 346991
3.05433 362085
3.07178 375077
3.08923 385596
3.10669 393339
3.12414 398078
47 40
0.178547 1.00737e+06 100737
0.223228 1.6467e+06 164670
0.267908 2.31479e+06 231479
0.312414 2.69025e+06 269025
0.357094 2.60463e+06 260463
0.4016 2.08659e+06 208659
0.446106 1.34856e+06 134856
0.490787 757749 75774.9
0.535292 593277 59327.7
0.579798 1.11214e+06 111214
0.624304 2.09114e+06 209114
0.668636 3.42148e+06 342148
0.713142 4.48263e+06 448263
0.757473 5.14552e+06 514552
0.801804 5.14582e+06 514582
0.846136 4.74038e+06 474038
0.890467 3.66704e+06 366704
0.934798 2.82517e+06 282517
0.978955 1.94056e+06 194056
1.02329 1.58138e+06 158138
1.06744 1.45251e+06 145251
1.11143 1.72086e+06 172086
1.15558 2.03639e+06 203639
1.19956 2.41489e+06 241489
1.24355 2.65437e+06 265437
1.28753 2.56965e+06 256965
1.33151 2.53675e+06 253675
1.37532 2.33951e+06 233951
1.41913 1.85585e+06 185585
1.50674 1.23476e+06 123476
1.59401 950719 95071.9
1.68128 965290 96529
1.76819 980952 98095.2
1.85511 914675 91467.5
1.94168 654056 65405.6
2.02825 466697 46669.7
2.11447 369010 36901
2.20069 308465 30846.5
2.28673 313824 31382.4
2.3726 360814 36081.4
2.45847 320580 32058
2.54399 320441 32044.1
2.62969 363683 36368.3
2.71503 404601 40460.1
2.80056 407618 40761.8
2.88573 319795 31979.5
2.97107 194858 19485.8
177
0.0523599 8.32559e+06
0.0698132 7.30476e+06
0.0872665 6.47064e+06
0.10472 6.02194e+06
0.122173 6.10181e+06
0.139626 6.79268e+06
0.15708 8.11327e+06
0.174533 1.00189e+07
0.191986 1.2406e+07
0.20944 1.51207e+07
0.226893 1.79717e+07
0.244346 2.07467e+07
0.261799 2.32303e+07
0.279253 2.52228e+07
0.296706 2.65582e+07
0.314159 2.71189e+07
0.331613 2.68473e+07
0.349066 2.57519e+07
0.366519 2.39082e+07
0.383972 2.14533e+07
0.401426 1.85768e+07
0.418879 1.5506e+07
0.436332 1.2489e+07
0.453786 9.77595e+06
0.471239 7.60001e+06
0.488692 6.16034e+06
0.506145 5.60749e+06
0.523599 6.0328e+06
0.541052 7.46227e+06
0.558505 9.85541e+06
0.575959 1.31087e+07
0.593412 1.70636e+07
0.610865 2.15179e+07
0.628319 2.62397e+07
0.645772 3.09831e+07
0.663225 3.55039e+07
0.680678 3.95749e+07
0.698132 4.2999e+07
0.715585 4.56202e+07
0.733038 4.73311e+07
0.750492 4.80773e+07
0.767945 4.78581e+07
0.785398 4.67238e+07
0.802851 4.47704e+07
0.820305 4.21318e+07
0.837758 3.89695e+07
0.855211 3.54624e+07
0.872665 3.17958e+07
0.890118 2.81503e+07
0.907571 2.46927e+07
0.925025 2.15673e+07
0.942478 1.889e+07
0.959931 1.67438e+07
0.977384 1.51773e+07
0.994838 1.42043e+07
1.01229 1.38061e+07
1.02974 1.39352e+07
1.0472 1.45202e+07
1.06465 1.5472e+07
1.0821 1.66898e+07
1.09956 1.80677e+07
1.11701 1.95006e+07
1.13446 2.089e+07
1.15192 2.21481e+07
1.16937 2.32018e+07
1.18682 2.39947e+07
1.20428 2.44885e+07
1.22173 2.46631e+07
1.23918 2.45158e+07
1.25664 2.40599e+07
1.27409 2.33219e+07
1.29154 2.23396e+07
1.309 2.11585e+07
1.32645 1.98292e+07
1.3439 1.84044e+07
1.36136 1.69365e+07
1.37881 1.54747e+07
1.39626 1.40639e+07
1.41372 1.27425e+07
1.43117 1.15419e+07
1.44862 1.04854e+07
1.46608 9.5884e+06
1.48353 8.85853e+06
1.50098 8.29593e+06
1.51844 7.89415e+06
1.53589 7.64107e+06
1.55334 7.51992e+06
1.5708 7.51051e+06
1.58825 7.59032e+06
1.6057 7.73568e+06
1.62316 7.92284e+06
1.64061 8.12889e+06
1.65806 8.33261e+06
1.67552 8.51516e+06
1.69297 8.66052e+06
1.71042 8.75588e+06
1.72788 8.79181e+06
1.74533 8.76226e+06
1.76278 8.66452e+06
1.78024 8.49892e+06
1.79769 8.26861e+06
1.81514 7.97916e+06
1.8326 7.63811e+06
1.85005 7.25456e+06
1.8675 6.8387e+06
1.88496 6.40136e+06
1.90241 5.95352e+06
1.91986 5.50597e+06
1.93732 5.06887e+06
1.95477 4.65142e+06
1.97222 4.26162e+06
1.98968 3.90597e+06
2.00713 3.5894e+06
2.02458 3.31511e+06
2.04204 3.0846e+06
2.05949 2.89772e+06
2.07694 2.75279e+06
2.0944 2.6468e+06
2.11185 2.57564e+06
2.1293 2.53438e+06
2.14675 2.51755e+06
2.16421 2.51949e+06
2.18166 2.53455e+06
2.19911 2.55741e+06
2.21657 2.58327e+06
2.23402 2.60797e+06
2.25147 2.62813e+06
2.26893 2.64116e+06
2.28638 2.64521e+06
2.30383 2.63915e+06
2.32129 2.62244e+06
2.33874 2.59499e+06
2.35619 2.55705e+06
2.37365 2.50906e+06
2.3911 2.45158e+06
2.40855 2.38516e+06
2.42601 2.31032e+06
2.44346 2.22754e+06
2.46091 2.13726e+06
2.47837 2.03994e+06
2.49582 1.93609e+06
2.51327 1.82636e+06
2.53073 1.71162e+06
2.54818 1.59296e+06
2.56563 1.47177e+06
2.58309 1.34973e+06
2.60054 1.22883e+06
2.61799 1.11132e+06
2.63545 999654
2.6529 896441
2.67035 804365
2.68781 726105
2.70526 664249
2.72271 621220
2.74017 599200
2.75762 600058
2.77507 625292
2.79253 675970
2.80998 752682
2.82743 855492
2.84489 983897
2.86234 1.1368e+06
2.87979 1.31247e+06
2.89725 1.50856e+06
2.9147 1.72208e+06
2.93215 1.94941e+06
2.94961 2.18638e+06
2.96706 2.42832e+06
2.98451 2.67014e+06
3.00197 2.90647e+06
3.01942 3.13181e+06
3.03687 3.34068e+06
3.05433 3.52783e+06
3.07178 3.68838e+06
3.08923 3.81807e+06
3.10669 3.91335e+06
3.12414 3.97161e+06
47 45
0.178547 1.01035e+07 1.01035e+06
0.223228 1.75286e+07 1.75286e+06
0.267908 2.49628e+07 2.49628e+06
0.312414 3.09192e+07 3.09192e+06
0.357094 2.72262e+07 2.72262e+06
0.4016 1.99322e+07 1.99322e+06
0.446281 9.94567e+06 994567
0.490787 6.44859e+06 644859
0.535292 7.21351e+06 721351
0.579798 1.25515e+07 1.25515e+06
0.624304 2.31567e+07 2.31567e+06
0.66881 3.65753e+07 3.65753e+06
0.713142 4.68224e+07 4.68224e+06
0.757647 5.23444e+07 5.23444e+06
0.801979 4.25615e+07 4.25615e+06
0.84631 3.64494e+07 3.64494e+06
0.890642 2.71836e+07 2.71836e+06
0.934798 2.08007e+07 2.08007e+06
0.97913 1.51745e+07 1.51745e+06
1.02329 1.47041e+07 1.47041e+06
1.06744 1.69903e+07 1.69903e+06
1.1116 2.04257e+07 2.04257e+06
1.15576 2.25256e+07 2.25256e+06
1.19974 2.39989e+07 2.39989e+06
1.24372 2.29229e+07 2.29229e+06
1.2877 2.10132e+07 2.10132e+06
1.33169 1.69816e+07 1.69816e+06
1.37549 1.3648e+07 1.3648e+06
1.4193 1.05969e+07 1.05969e+06
1.50692 6.79554e+06 679554
1.59418 8.3536e+06 835360
1.68145 9.47322e+06 947322
1.76837 7.92799e+06 792799
1.85511 6.28404e+06 628404
1.94185 3.84677e+06 384677
2.02825 2.64281e+06 264281
2.11464 2.45698e+06 245698
2.20086 2.87454e+06 287454
2.2869 3.00101e+06 300101
2.37278 2.65303e+06 265303
2.45847 1.87833e+06 187833
2.54417 1.33534e+06 133534
2.62969 1.12158e+06 112158
2.71521 1.36311e+06 136311
2.80056 1.50972e+06 150972
2.8859 1.41127e+06 141127
2.97107 876358 87635.8
177
0.0523599 8.1051e+07
0.0698132 7.0074e+07
0.0872665 6.15462e+07
0.10472 5.77172e+07
0.122173 6.0189e+07
0.139626 6.98412e+07
0.15708 8.67878e+07
0.174533 1.1038e+08
0.191986 1.39267e+08
0.20944 1.71509e+08
0.226893 2.04753e+08
0.244346 2.36436e+08
0.261799 2.64025e+08
0.279253 2.85241e+08
0.296706 2.98282e+08
0.314159 3.01988e+08
0.331613 2.95964e+08
0.349066 2.80621e+08
0.366519 2.57162e+08
0.383972 2.27483e+08
0.401426 1.94026e+08
0.418879 1.59579e+08
0.436332 1.27051e+08
0.453786 9.924e+07
0.471239 7.86115e+07
0.488692 6.71104e+07
0.506145 6.60159e+07
0.523599 7.58527e+07
0.541052 9.63636e+07
0.558505 1.26542e+08
0.575959 1.64719e+08
0.593412 2.08698e+08
0.610865 2.55922e+08
0.628319 3.03659e+08
0.645772 3.49193e+08
0.663225 3.90007e+08
0.680678 4.23937e+08
0.698132 4.49302e+08
0.715585 4.64986e+08
0.733038 4.70486e+08
0.750492 4.65909e+08
0.767945 4.51932e+08
0.785398 4.2973e+08
0.802851 4.0087e+08
0.820305 3.67193e+08
0.837758 3.30688e+08
0.855211 2.93354e+08
0.872665 2.57089e+08
0.890118 2.23578e+08
0.907571 1.94217e+08
0.925025 1.70045e+08
0.942478 1.51722e+08
0.959931 1.39517e+08
0.977384 1.33326e+08
0.994838 1.32716e+08
1.01229 1.36975e+08
1.02974 1.45183e+08
1.0472 1.5628e+08
1.06465 1.69146e+08
1.0821 1.82665e+08
1.09956 1.9579e+08
1.11701 2.07594e+08
1.13446 2.17312e+08
1.15192 2.24365e+08
1.16937 2.2837e+08
1.18682 2.29149e+08
1.20428 2.26708e+08
1.22173 2.21225e+08
1.23918 2.1302e+08
1.25664 2.02523e+08
1.27409 1.90243e+08
1.29154 1.76731e+08
1.309 1.6255e+08
1.32645 1.48245e+08
1.3439 1.34317e+08
1.36136 1.21203e+08
1.37881 1.09262e+08
1.39626 9.87662e+07
1.41372 8.98929e+07
1.43117 8.27301e+07
1.44862 7.72797e+07
1.46608 7.34661e+07
1.48353 7.11484e+07
1.50098 7.01339e+07
1.51844 7.01923e+07
1.53589 7.10713e+07
1.55334 7.25099e+07
1.5708 7.42526e+07
1.58825 7.60599e+07
1.6057 7.77182e+07
1.62316 7.90465e+07
1.64061 7.99015e+07
1.65806 8.01792e+07
1.67552 7.9816e+07
1.69297 7.87863e+07
1.71042 7.70998e+07
1.72788 7.4797e+07
1.74533 7.19435e+07
1.76278 6.86252e+07
1.78024 6.49414e+07
1.79769 6.09996e+07
1.81514 5.69101e+07
1.8326 5.27804e+07
1.85005 4.87116e+07
1.8675 4.47943e+07
1.88496 4.11058e+07
1.90241 3.77087e+07
1.91986 3.46488e+07
1.93732 3.19557e+07
1.95477 2.96428e+07
1.97222 2.77084e+07
1.98968 2.61376e+07
2.00713 2.49043e+07
2.02458 2.39736e+07
2.04204 2.33046e+07
2.05949 2.28529e+07
2.07694 2.25731e+07
2.0944 2.24207e+07
2.11185 2.23544e+07
2.1293 2.23368e+07
2.14675 2.23356e+07
2.16421 2.23239e+07
2.18166 2.22803e+07
2.19911 2.21883e+07
2.21657 2.20361e+07
2.23402 2.18153e+07
2.25147 2.15208e+07
2.26893 2.115e+07
2.28638 2.0702e+07
2.30383 2.01775e+07
2.32129 1.95786e+07
2.33874 1.89087e+07
2.35619 1.81725e+07
2.37365 1.73761e+07
2.3911 1.65268e+07
2.40855 1.56338e+07
2.42601 1.47071e+07
2.44346 1.37582e+07
2.46091 1.27993e+07
2.47837 1.18428e+07
2.49582 1.09014e+07
2.51327 9.98719e+06
2.53073 9.11165e+06
2.54818 8.2852e+06
2.56563 7.51717e+06
2.58309 6.81578e+06
2.60054 6.18824e+06
2.61799 5.64096e+06
2.63545 5.17985e+06
2.6529 4.81056e+06
2.67035 4.53876e+06
2.68781 4.37028e+06
2.70526 4.31119e+06
2.72271 4.36775e+06
2.74017 4.54623e+06
2.75762 4.85254e+06
2.77507 5.29188e+06
2.79253 5.86817e+06
2.80998 6.5836e+06
2.82743 7.43799e+06
2.84489 8.42841e+06
2.86234 9.54864e+06
2.87979 1.07889e+07
2.89725 1.21357e+07
2.9147 1.35717e+07
2.93215 1.50757e+07
2.94961 1.66232e+07
2.96706 1.81868e+07
2.98451 1.97363e+07
3.00197 2.12402e+07
3.01942 2.26659e+07
3.03687 2.39813e+07
3.05433 2.51555e+07
3.07178 2.61598e+07
3.08923 2.69691e+07
3.10669 2.75627e+07
3.12414 2.79253e+07
47 48.4
0.178547 8.92797e+07 8.92797e+06
0.223228 1.64977e+08 1.64977e+07
0.267908 2.44483e+08 2.44483e+07
0.312414 2.93773e+08 2.93773e+07
0.357094 2.80682e+08 2.80682e+07
0.401775 1.97623e+08 1.97623e+07
0.446281 9.8339e+07 9.8339e+06
0.490787 6.35187e+07 6.35187e+06
0.535292 6.82807e+07 6.82807e+06
0.579798 1.27155e+08 1.27155e+07
0.624304 2.18386e+08 2.18386e+07
0.66881 3.60056e+08 3.60056e+07
0.713316 4.61652e+08 4.61652e+07
0.757647 5.33825e+08 5.33825e+07
0.801979 4.08639e+08 4.08639e+07
0.84631 3.49681e+08 3.49681e+07
0.890642 2.25591e+08 2.25591e+07
0.934973 1.46506e+08 1.46506e+07
0.97913 1.51005e+08 1.51005e+07
1.02329 1.56421e+08 1.56421e+07
1.06762 1.8327e+08 1.8327e+07
1.1116 2.07235e+08 2.07235e+07
1.15576 2.21909e+08 2.21909e+07
1.19974 2.16956e+08 2.16956e+07
1.24372 1.92352e+08 1.92352e+07
1.2877 1.65216e+08 1.65216e+07
1.33169 1.25863e+08 1.25863e+07
1.37549 9.81506e+07 9.81506e+06
1.4193 6.75525e+07 6.75525e+06
1.50692 7.25954e+07 7.25954e+06
1.59418 7.97739e+07 7.97739e+06
1.68145 6.90188e+07 6.90188e+06
1.76837 5.78045e+07 5.78045e+06
1.85528 3.58134e+07 3.58134e+06
1.94185 2.39829e+07 2.39829e+06
2.02842 1.91804e+07 1.91804e+06
2.11464 2.10088e+07 2.10088e+06
2.20086 2.3043e+07 2.3043e+06
2.2869 2.1378e+07 2.1378e+06
2.37278 1.63533e+07 1.63533e+06
2.45847 1.0666e+07 1.0666e+06
2.54417 5.4738e+06 547380
2.62969 4.66941e+06 466941
2.71521 5.6126e+06 561260
2.80056 8.12258e+06 812258
2.8859 7.93685e+06 793685
2.97107 6.0621e+06 606210
177
0.0523599 7.125e+08
0.0698132 5.72312e+08
0.0872665 4.87317e+08
0.10472 4.93186e+08
0.122173 6.13308e+08
0.139626 8.56465e+08
0.15708 1.21577e+09
0.174533 1.66922e+09
0.191986 2.18195e+09
0.20944 2.71006e+09
0.226893 3.20553e+09
0.244346 3.62171e+09
0.261799 3.91866e+09
0.279253 4.06778e+09
0.296706 4.05507e+09
0.314159 3.88268e+09
0.331613 3.56869e+09
0.349066 3.14506e+09
0.366519 2.65408e+09
0.383972 2.14387e+09
0.401426 1.66329e+09
0.418879 1.25706e+09
0.436332 9.61398e+08
0.453786 8.00843e+08
0.471239 7.86312e+08
0.488692 9.14687e+08
0.506145 1.1698e+09
0.523599 1.52461e+09
0.541052 1.94433e+09
0.558505 2.39008e+09
0.575959 2.82261e+09
0.593412 3.20593e+09
0.610865 3.51017e+09
0.628319 3.71387e+09
0.645772 3.80517e+09
0.663225 3.78213e+09
0.680678 3.65209e+09
0.698132 3.43032e+09
0.715585 3.13806e+09
0.733038 2.80022e+09
0.750492 2.44302e+09
0.767945 2.09171e+09
0.785398 1.76857e+09
0.802851 1.49146e+09
0.820305 1.27276e+09
0.837758 1.119e+09
0.855211 1.03092e+09
0.872665 1.00407e+09
0.890118 1.02975e+09
0.907571 1.09615e+09
0.925025 1.1897e+09
0.942478 1.2963e+09
0.959931 1.40251e+09
0.977384 1.49654e+09
0.994838 1.56894e+09
1.01229 1.61307e+09
1.02974 1.62523e+09
1.0472 1.60466e+09
1.06465 1.55315e+09
1.0821 1.47465e+09
1.09956 1.37473e+09
1.11701 1.25991e+09
1.13446 1.13715e+09
1.15192 1.01323e+09
1.16937 8.94357e+08
1.18682 7.85723e+08
1.20428 6.9131e+08
1.22173 6.13735e+08
1.23918 5.54225e+08
1.25664 5.127e+08
1.27409 4.87918e+08
1.29154 4.77704e+08
1.309 4.792e+08
1.32645 4.8914e+08
1.3439 5.04126e+08
1.36136 5.20871e+08
1.37881 5.36412e+08
1.39626 5.48277e+08
1.41372 5.54589e+08
1.43117 5.54123e+08
1.44862 5.46304e+08
1.46608 5.31161e+08
1.48353 5.09247e+08
1.50098 4.81528e+08
1.51844 4.49263e+08
1.53589 4.13884e+08
1.55334 3.76876e+08
1.5708 3.39677e+08
1.58825 3.03594e+08
1.6057 2.69748e+08
1.62316 2.39024e+08
1.64061 2.12061e+08
1.65806 1.89244e+08
1.67552 1.70716e+08
1.69297 1.56402e+08
1.71042 1.46037e+08
1.72788 1.39201e+08
1.74533 1.35358e+08
1.76278 1.33897e+08
1.78024 1.34167e+08
1.79769 1.35519e+08
1.81514 1.37334e+08
1.8326 1.3906e+08
1.85005 1.40228e+08
1.8675 1.40472e+08
1.88496 1.39536e+08
1.90241 1.37278e+08
1.91986 1.3366e+08
1.93732 1.28735e+08
1.95477 1.22635e+08
1.97222 1.15548e+08
1.98968 1.07698e+08
2.00713 9.93265e+07
2.02458 9.06773e+07
2.04204 8.19821e+07
2.05949 7.34521e+07
2.07694 6.52723e+07
2.0944 5.7598e+07
2.11185 5.05542e+07
2.1293 4.42353e+07
2.14675 3.87057e+07
2.16421 3.40007e+07
2.18166 3.01271e+07
2.19911 2.70646e+07
2.21657 2.47673e+07
2.23402 2.31664e+07
2.25147 2.21746e+07
2.26893 2.16905e+07
2.28638 2.16049e+07
2.30383 2.1807e+07
2.32129 2.21911e+07
2.33874 2.26617e+07
2.35619 2.31381e+07
2.37365 2.35569e+07
2.3911 2.38725e+07
2.40855 2.40563e+07
2.42601 2.40939e+07
2.44346 2.39816e+07
2.46091 2.37221e+07
2.47837 2.33215e+07
2.49582 2.27863e+07
2.51327 2.21221e+07
2.53073 2.13335e+07
2.54818 2.04251e+07
2.56563 1.94036e+07
2.58309 1.82799e+07
2.60054 1.70703e+07
2.61799 1.57979e+07
2.63545 1.44915e+07
2.6529 1.31841e+07
2.67035 1.19108e+07
2.68781 1.07055e+07
2.70526 9.59803e+06
2.72271 8.61249e+06
2.74017 7.76566e+06
2.75762 7.06714e+06
2.77507 6.52036e+06
2.79253 6.12425e+06
2.80998 5.8754e+06
2.82743 5.77011e+06
2.84489 5.80616e+06
2.86234 5.98394e+06
2.87979 6.30673e+06
2.89725 6.7803e+06
2.9147 7.41148e+06
2.93215 8.20609e+06
2.94961 9.16616e+06
2.96706 1.02868e+07
2.98451 1.1553e+07
3.00197 1.29373e+07
3.01942 1.43983e+07
3.03687 1.58807e+07
3.05433 1.73176e+07
3.07178 1.86351e+07
3.08923 1.97582e+07
3.10669 2.06176e+07
3.12414 2.11575e+07
27 65
0.357792 2.03019e+09 2.03019e+08
0.375769 1.64629e+09 1.64629e+08
0.393572 1.29825e+09 1.29825e+08
0.411374 9.33468e+08 9.33468e+07
0.429351 7.42812e+08 7.42812e+07
0.447153 5.93792e+08 5.93792e+07
0.464956 5.36883e+08 5.36883e+07
0.482933 6.59714e+08 6.59714e+07
0.50056 7.68269e+08 7.68269e+07
0.518537 1.04264e+09 1.04264e+08
0.53634 1.33881e+09 1.33881e+08
0.581544 2.23403e+09 2.23403e+08
0.625526 2.74616e+09 2.74616e+08
0.670032 2.86613e+09 2.86613e+08
0.714538 2.38344e+09 2.38344e+08
0.759044 1.76406e+09 1.76406e+08
0.80355 1.21147e+09 1.21147e+08
0.847881 8.88757e+08 8.88757e+07
0.892387 8.39479e+08 8.39479e+07
0.936544 9.84642e+08 9.84642e+07
0.980875 1.07936e+09 1.07936e+08
1.02521 1.12823e+09 1.12823e+08
1.06936 1.01302e+09 1.01302e+08
1.11352 8.22128e+08 8.22128e+07
1.15768 6.21665e+08 6.21665e+07
1.20183 4.85319e+08 4.85319e+07
1.24582 4.07947e+08 4.07947e+07
