15.65 -1
Lombardi et al, Nucl. Phys. A188, 103 (1972) from plot
27 X
34.28  147.3   -10.
39.8   85.98   -10.
44.75  75.29   -10.
49.61  86.13   -10.
54.56  89.17   -10.
59.71  76.40   -10.
64.94  61.54   -10.
69.09  42.14   -10.
77.04  20.98   -10.
79.99  11.27   -10.
85.04  7.369   -10.
90.27  8.62    -10.
95.71  13.96   -10.
100.65 18.86   -10.
105.51 24.47   -10.
110.65 26.14   -10.
115.70 25.14   -10.
120.27 21.96   -10.
125.51 17.51   -10.
130.65 11.73   -10.
135.70 8.12    -10.
140.46 6.94    -10.
145.98 7.524   -10.
151.70 9.78    -10.
156.36 11.98   -10.
161.22 14.64   -10.
165.70 16.35   -10.
28 A
30.6  -.062 .1
34.28 .136  .1
39.8  .292  .1
44.75 .141  .1
49.61 -.161 .1
54.56  -.384 .1
59.71  -.570 .1
64.94  -.694 .1
69.09  -.813 .1
77.04  -.801 .1
79.99  -.724 .1
85.04  -.218 .1
90.27  0     .1
95.71  -.136 .1
100.65 -.210 .1
105.51 -.252 .1
110.65 -.215 .1
115.70 -.215 .1
120.27 -.260 .1
125.51 -.352 .1
130.65 -.550 .1
135.70 -.833 .1
140.46 -.967 .1
145.98 -.446 .1
151.70 .143  .1
156.36 .558  .1 
161.22 .818  .1 
165.70 .843  .1
16.25 -1
Lombardi et al, Nucl. Phys. A188, 103 (1972) from plot
27 X
34.28  136.71   -10.
39.8   93.72    -10.
44.75  84.96    -10.
49.61  102.4    -10.
54.56  103.27   -10.
59.71  92.00    -10.
64.94  67.27    -10.
69.09  44.46    -10.
77.04  21.74    -10.
79.99  11.83    -10.
85.04  7.127    -10.
90.27  7.935    -10.
95.71  11.93    -10.
100.65 17.51    -10.
105.51 21.36    -10.
110.65 23.80    -10.
115.70 23.11    -10.
120.27 21.14    -10.
125.51 17.23    -10.
130.65 12.36    -10.
135.70 9.022    -10.
140.46 6.811    -10.
145.98 6.38     -10.
151.70 7.348    -10.
156.36 10.44    -10.
161.22 12.96    -10.
165.70 15.07    -10.
27 A
34.28  .136 .1
39.8   .292 .1
44.75  .099 .1 
49.61  -.178 .1
54.56  -.396 .1
59.71  -.585 .1
64.94  -.719 .1
69.09  -.838 .1
77.04  -.917 .1
79.99  -.662 .1
85.04  -.153 .1
90.27  -.062 .1
95.71  -.218 .1
100.65 -.372 .1
105.51 -.376 .1
110.65 -.372 .1
115.70 -.384 .1
120.27 -.409 .1
125.51 -.471 .1
130.65 -.694 .1
135.70 -.954 .1
140.46 -.954 .1
145.98 -.520 .1
151.70 .148  .1
156.36 .632  .1
161.22 .88   .1
165.70 .893  .1
17.57 0
Dicello et al PRC 4, 1130 (1971) plot_____________________________________
35 X
12.39 9203 -10.
15.59 3648 -10.
18.51 1787 -10.
21.86 1025 -10.
25.06 571.1 -10.
27.69 319.5 -10.
30.89 167.3 -10.
36.14 58.07 -10.
41.24 42.71 -10.
46.20 62.05 -10.
51.15 80.92 -10.
57.13 82.96 -10.
61.65 72.28 -10.
65.30 57.1 -10.
67.0 47.6 -10.
68.79 35.0 -10.
71.42 26.18 -10.
76.51 12.30 -10.
81.61 7.47 -10.
86.72 8.12 -10.
91.82 10.86 -10.
96.48 13.93 -10.
101.73 14.98 -10.
106.97 14.52 -10.
111.49 13.04 -10.
116.89 10.4 -10.
122.13 8.68 -10.
126.80 6.71 -10.
131.17 5.02 -10.
135.8 3.69 -10.
141.37 2.88 -10.
150.85 3.26 -10.
155.95 4.36 -10.
160.32 6.60 -10.
164.7 9.20 -10.
0 A
19.57 1
van Oers PRC 3 1550 (1971) from plot
36 X
11.781 9281.4 -10.
15.41  3014.8 -10.
18.54  1510.05 -10.
21.6   872.0   -10.
24.36  554.04  -10.
27.63  240.13 -10.
30.55  108.04 -10.
35.63  25.32  -10.
40.87  38.18  -10.
45.96  68.55  -10.
51.27  88.12  -10.
56.65  81.27  -10.
61.74  62.06  -10.
64.72  48.82  -10.
66.90  39.27 -10.
69.23  29.34 -10.
72.00  18.93 -10.
77.23  9.266 -10.
82.18  7.208 -10.
86.90  9.72  -10.
92.0 12.95 -10.
97.09 14.49 -10.
101.96 14.59 -10.
107.05 11.93 -10.
112.0 8.277 -10.
116.95 6.24 -10.
121.6 3.73 -10.
126.32 2.86 -10.
131.41 2.26 -10.
136.14 2.23 -10.
141.00 2.529 -10.
145.81 2.743 -10.
150.54 2.887 -10.
155.54 3.42 -10.
160.58 3.893 -10.
165.67 4.439 -10.
0 A
21.0 1
McCamis, PRC 33 1624 (1986)(table)+Boschitz  Phys Letts. 13, 322 (1964)(plot)
59 X
15.4 2786. -3.2
18.3 1507. -2.3
19.4 1350. -2.4
20.5 1003. -3.4
22.6 724.2 -2.5
25.1 419.6 -3.4
26.0 320.4 -3.9
28.5 178.7 -3.9
29.6 117.9 -4.3
30.7 89.51 -4.5
31.1 80.73 -3.7
32.8 42.20 -5.4
35.4 17.36 -3.9
38.4 18.54 -9.0
40.9 36.58 -4.7
43.1 61.60 -2.7
46.2 83.46 -4.5
48.6 94.86 -3.0
51.1 99.54 -2.5
53.2 103.3 -1.5
53.7 99.10 -1.4
56.2 91.88 -1.3
58.7 79.29 -1.5
61.3 68.10 -1.6
65.8 41.40 -2.0
68.4 29.85 -2.1
70.9 20.18 -3.2
73.2 13.93 -2.4
73.2 13.93 -2.4
78.4 7.847 -1.8
81.5 7.790 -1.3
84.0 9.531 -1.6
86.5 11.35 -1.5
89.0 12.95 -1.4
91.5 14.51 -1.2
94.0 15.19 -4.9
96.5 15.99 -1.3
99.0 15.47 -1.3
101.5 15.03 -1.2
103.9 12.95 -1.5
106.4 11.15 -1.6
108.9 9.467 -1.7
111.4 7.469 -1.9
113.9 5.791 -2.1
116.3 4.181 -3.3
118.8 3.119 -2.9
121.3 2.208 -2.4
123.7 1.788 -2.1
126.2 1.587 -2.0
128.7 1.635 -1.2
131.1 1.779 -1.7
136.0 2.360 -1.7
140.9 2.986 -1.7
145.8 3.014 -1.5
150.7 2.751 -1.6
155.6 2.882 -1.6
160.5 3.199 -1.2
165.4 3.515 -1.6
170.3 4.855 -1.7
20 A
14.90 -.003 .030
22.63 -.173 .049
30.55 -.295 .062
37.73 .503 .068
45.55 -.033 .037
53.14 -.204 .099
60.73 -.453 .062
68.09 -.540 .093
75.46 .114 .124
82.54 .428 .074
90.64 .223 .074
97.08 -.006 .074
105.46 -.106 .074
112.73 -.267 .074
119.63 .134 .136
127.54 .590 .111
134.90 .304 .111
142.63 .043 .062
150.46 .260 .074
157.36 .627 .074
25.0 1
McCamis et al, Phys Rev C 33 1624 (1986) _______________________
47 X
10.24 10700 -2.9 
12.80 4860  -2.7
15.36 2794  -3.2
17.91 1766  -2.4
20.47 1121  -2.4
23.03 667.5 -2.4
25.58 355.2 -2.5
28.14 174.5 -2.5
30.69 68.51 -2.5
33.24 24.93 -2.6
35.79 19.75 -3.3
38.34 39.88 -3.3
40.89 66.24 -2.6
43.43 91.41 -2.5
45.98 107.6 -2.5
48.52 113.5 -2.4
51.06 112.7 -2.3
53.59 100.3  -2.4
56.13 86.19 -2.7
58.66 68.23 -2.4
61.19 51.13 -2.5
63.72 38.46 -3.3
66.25 24.74 -3.2
68.77 18.42 -3.4
71.30 14.68 -3.1
72.82 10.65 -3.1
76.33 11.09 -2.6
78.85 11.71 -3.1
81.36 12.42 -2.6
86.37 12.91 -2.6
91.38 13.09 -3.5
96.37 10.31 -3.4 
101.36 7.854 -3.3
106.33 5.779 -3.5
111.30 4.108 -3.4
116.25 2.800 -2.6
121.19 2.095 -2.4
126.13 1.417 -2.8
131.06 1.281 -3.1
135.97 1.299 -3.8
140.89 1.656 -3.3
145.79 2.030 -3.0
150.69 2.232 -2.5
155.58 2.326 -2.6
160.47 2.308 -2.5
165.36 2.237 -2.8
170.24 1.781 -3.0
0 A
26.3 1
Watson Nucl Phys A92, 193(1967) table+McCamis et al, PRC 33 1624 (1986)table
60 X
15.7 2373. -2.6
18.2 1485. -2.6
20.7 914.2 -2.7
22.8 644.0 -2.7
25.4 329.2 -3.8
27.9 145.8 -4.8
30.5 52.22 -6.5
33.0 14.61 -6.3
35.7 15.99 -3.5
38.2 37.04 -3.7
40.7 64.42 -2.5
43.2 88.32 -1.7
45.9 105.3 -1.3
48.6 107.5 -1.2
50.9 102.9 -1.2
53.5 90.78 -1.4
56.0 75.11 -1.6
58.4 59.57 -1.8
60.9 43.72 -2.4
63.5 30.88 -2.2
66.0 20.95 -2.3
68.6 14.90 -2.0
71.1 12.10 -1.6
73.6 11.09 -1.5
76.0 11.03 -1.5
78.6 11.81 -1.5
81.1 12.28 -1.3
83.6 12.51 -1.4
86.1 12.30 -1.4
88.8 11.56 -1.4
91.2 10.74 -2.3
93.6 9.559 -1.6
96.1 8.236 -1.7
99.0 6.816 -1.9
101.2 5.459 -3.7
103.9 4.243 -1.7
106.4 3.617 -1.7
108.9 3.260 -1.7
111.2 2.060 -3.3
116.3 2.471 -1.4
118.8 2.359 -1.9
121.3 2.041 -2.0
123.8 1.743 -2.1
126.2 1.561 -4.9
128.7 1.303 -2.3
131.1 1.115 -3.3
133.6 1.031 -2.4
136.0 1.023 -2.4
138.5 1.002 -2.5
141.0 1.152 -2.8
143.4 1.229 -2.1
145.9 1.486 -2.0
148.3 1.656 -1.8
150.7 1.789 -3.0
153.2 1.955 -2.9
155.6 1.999 -2.4
158.1 2.086 -1.7
160.6 2.065 -1.7
163.0 2.035 -1.7
165.5 1.977 -1.7
30 A
20.5 -.179 .033
25.6 -.235 .023
30.7 -.469 .050
33.3 -.394 .033
35.8 -.017 .036
40.9 .152 .031
46.0 -.008 .022
51.1 -.132 .018
53.6 -.176 .023
56.2 -.230 0.017
61.2 -.308 .022
66.3 -.394 .019
71.3 -.107 .022
76.4 .272 .024
81.4 .493 .024
86.4 .424 .032
91.4 .250 .018
96.4 .046 .021
101.4 -.106 .019
106.4 -.177 .040
113.3 0.009 .038
116.3 .407 .046
121.3 .749 .041
126.2 .945 .100
131.1 .794 .064
138.0 .205 .091
140.9 .003 .130
145.8 -.026 .170
150.7 -.053 .140
157.6 0.021 .100
30.0 1
McCamis et al, Phys Rev C 33 1624 (1986) _______________________from table
47 X
10.24 7832. -4.1
12.80 4055. -3.9
15.36 2547. -3.6
17.92 1621. -4.3
20.47 1034. -3.5
23.03 589.2 -3.9
25.59 299.9 -3.6
28.14 132.3 -4.0
30.69 46.85 -3.5
33.25 29.39 -4.1
35.80 45.32 -3.9
38.34 69.90 -3.9
40.89 97.50 -3.5
43.44 113.9 -3.8
45.98 117.9 -3.6
48.52 114.8 -3.2
51.06 95.78 -2.6
53.60 77.31 -3.2
56.14 60.96 -3.0
58.67 43.07 -3.8
61.20 28.99 -2.9
63.73 20.29 -3.4
66.26 14.24 -2.7
68.78 10.58 -3.6
71.30 10.47 -2.4
73.82 11.26 -2.7
76.34 11.78 -2.5
78.85 11.87 -2.7
81.37 11.59 -2.6
86.38 10.64 -3.3
91.39 7.404 -3.9
96.38 3.709 -5.3
101.36 2.555 -3.3
106.34 1.938 -3.4
111.30 1.924 -2.7
116.26 1.987 -3.4
121.20 1.794 -2.6
126.14 1.318 -3.1
131.06 0.793 -3.0
135.98 0.480 -6.6
140.89 0.479 -4.0
145.79 0.733 -4.1
150.69 1.069 -3.1
155.59 1.313 -3.4
160.47 1.398 -2.8
165.36 1.361 -3.1
170.24 1.180 -3.3
0 A
30.3 1
Hnizdo et al PRC 3, 1560,(1971)table
0 X
34 A
20.48 -.186 .004
23.04 -.273 .002
25.60 -.375 .004
30.71 -.652 .004
33.26 -.282 .007
35.82 .187 .004
38.37 .224 .004
40.92 .156 .003
46.01 .011 .002
48.55 -.054 .002
51.09 -.129 .003
56.17 -.244 .004
61.24 -.32 .003
66.29 -.066 0.005
71.34 .548 .003
76.38 .650 .005
81.41 .491 .004
86.42 .351 .005
91.43 .175 .003
96.42 .037 .003
101.41 .060 .005
106.38 .374 .004
111.34 .773 .005
116.29 .934 .004
121.21 .989 .005
126.17 .976 .004
131.09 .897 .006
136.01 .593 .019
140.92 .266 .010
145.82 .335 .016
150.71 .326 .007
155.60 .267 .012
160.49 .128 .010
165.37 -.035 .012
35.0 1
McCamis et al, Phys Rev C 33 1624 (1986) _______________________from table
47 X
10.24 5562  -3.2 
12.80 3426  -3.1
15.36 2354  -2.6
17.92 1525  -2.5
20.48 959.1 -2.4
23.03 525.5 -2.6
25.59 267.4  -2.5
28.14 106.6 -3.
30.70 47.86  -2.5
33.25 38.42  -2.5
35.80 58.79  -2.4
38.35 77.85  -2.5
40.90 94.19  -2.4
43.44 99.49  -2.5
45.99 99.59  -2.4
48.53 81.66  -2.7
51.07 67.73  -2.4
53.61 47.41  -2.8
56.14 35.11  -2.7
58.68 22.01  -3.1
61.21 15.05  -2.6
63.74 9.683  -3.0
66.26 8.718  -2.8
68.79 8.500  -2.6
71.31 8.606  -2.5
73.83 8.355  -3.0
76.35 8.252  -2.8
78.86 8.004  -2.9
81.37 7.681  -2.5
86.39 5.608  -3.2
91.39 3.286 -3.3
96.39 2.015 -2.8 
101.37 1.250 -2.4
106.35 1.128 -3.
111.31 1.119 -2.5
116.26 1.109 -4.1
121.21 .864 -3.
126.14 .521 -5.5
131.07 .305 -2.9
135.98 .169 -3.1
140.89 .183 -2.5
145.80 .398 -2.9
150.70 .564 -2.5
155.59 .683 -3.2
160.48 .706 -2.7
165.36 .666 -3.7
170.24 .402 -4.4
0 A
40.0 0
McCamis et al, PRC 33 1624 (1986) + Blumberg PR 147, 812 (1966)both from table
44 X
10.26 5665  -3.7
12.80 3709  -3.9
15.36 2407  -3.6
17.92 1691  -3.6
20.48  983.3 -3.2
23.04  516.1 -3.6
25.59  229.0 -3.6
28.15  101.4 -4.2
30.70  65.50 -3.6
33.25  59.80 -3.6
35.80  71.80 -3.3
38.35  97.70 -3.5
40.90  103.4 -3.5
43.45  97.40 -3.5
45.99  77.30 -3.3
48.53  62.52 -2.9
51.07  44.81 -2.6
53.61  31.58 -3.1
56.15  21.28 -2.7
58.68  13.14 -3.3
61.21  9.437 -2.7
63.74  8.423 -2.5
66.27  8.356 -2.6
68.79  8.515 -2.5
71.32  8.094 -2.4
73.84  7.759 -2.4
76.35  6.528 -2.7
78.87  5.597 -3.6
81.38  4.335 -3.0
86.39  2.298 -3.4
91.40  1.349 -3.2
96.39  1.050 -3.1
101.38 0.979 -2.7
106.35 0.913 -2.6
111.32 0.684 -2.6
116.27 0.431 -4.1
121.21 0.333 -3.7
126.15 0.235 -3.6
135.99 0.155 -2.7
140.90 0.167 -2.4
145.80 0.205 -3.3
160.48 0.261 -4.2
165.39 0.210 -6.5
170.24 0.114 -5.1
48 A
10.26 .025 -27.
12.83 -.028 -34.
15.39 -.082 -12.
17.95 -.12 -8.
20.51 -.21 -5.
23.08 -.32 -6.
25.64 -.37 -8.
28.19 -.41 -5.
30.75 -.16 -30.
33.31 .32 -6.
35.86 .34 -3.
38.42 .29 -7.
40.97 .26 -8.
46.06 .083 -7.
48.61 0.012 -42.
51.15 -.02 -24.
56.23 0.027 -18.
58.77 .23 -9.
61.30 .45 -7.
66.36 .80 -6.
71.41 .79 -5.
73.93 .58 -5.
76.45 .58 -7.
78.97 .45 -6.
81.48 .45 -6.
83.99 .31 -9.
86.50 .33 -9.
89.00 .36 -11.
91.50 .48 -10.
94.00 .62 -10.
96.50 .68 -9.
98.99 .72 -8.
101.48 .94 -10.
106.45 .94 -10.
108.93 .92 -11.
111.41 .85 -11.
116.36 .74 -13.
121.3 .71 -21.
126.23 .38 -32.
131.15 .38 -39.
136.06 .46 -26.
140.97 .34 -44.
145.86 .65 -20.
150.75 .66 -15.
155.63 .53 -19.
160.51 .29 -34.
165.39 .10 -120.
170.26 .23 -65.
45.0 1
McCamis et al, Phys Rev C 33 1624 (1986) _______________________
47 X
10.24 4556. -2.6 
12.80 2963  -2.5
15.36 2180  -2.9
17.92 1347  -2.5
20.48 852.0   -2.4
23.04 397.4   -2.5
25.60 200.3  -2.5
28.15 75.29  -2.8
30.70 52.44 -2.6
33.26 61.67  -2.7
35.81 77.79 -2.4
38.36 84.51 -2.4
40.90 89.48 -2.4
43.45 78.80 -2.5
46.00 63.27 -2.3
48.54 42.16  -2.5
51.08 30.23  -2.4
53.62 17.39  -2.7
56.15 12.13 -2.5
58.69 8.029 -2.6
61.22 7.808 -2.4
63.75 7.552 -2.5
66.28 7.232 -2.5
68.80 7.088 -2.5
71.32 6.156 -2.5
73.84 4.864 -2.7
76.36 4.010 -2.5
78.87 2.889 -3.0
81.39 2.305 -2.6
86.40 1.117 -3.2
91.41 0.976 -2.4
96.40 .872 -2.4 
101.39 .749 -2.6
106.36 .514 -2.8
111.32 .298 -3.8
116.27 .186 -3.1
121.22 .143 -2.9
126.15 .146 -2.7
131.08 .148 -2.6
135.99 .121 -3.1
140.90 .098 -3.0
145.81 .074 -4.3
150.70 .073 -4.0
155.59 .075 -4.1
160.48 .073  -4.2
165.36 .059 -3.7
170.24 .035 -5.9
0 A
48.0 1
McCamis et al, Phys Rev C 33 1624 (1986) _______________________
47 X
10.3 5492.0 -2.0
14.9 2236.0 -2.1
16.0 2166.0 -2.4
17.4 1423.0 -2.3
20.0 806.1 -2.6
21.1 700.1 -3.0
22.6 418.8 -2.7
25.1 174.3 -2.8
25.6 154.4 -3.2
26.2 131.0 -3.4
27.7 70.42 -2.9
30.2 44.48 -1.9
30.8 40.58 -1.8
32.8 55.42 -2.0
35.9 68.98 -1.2
41.0 75.05 -0.8
46.1 46.27 -2.0
50.6 18.15 -1.2
51.2 19.98 -1.6
55.6 7.611 -2.8
60.7 6.059 -1.2
61.3 5.825 -1.7
66.4 5.212 -1.1
71.4 4.234 -1.2
76.5 2.386 -1.7
81.5 1.258 -1.8
86.5 0.822 -1.2
91.5 0.711 -1.1
96.5 0.617 -1.3
101.5 0.445 -1.9
106.5 0.270 -2.3
111.4 0.158 -2.6
114.4 0.116 -3.5
117.0 0.093 -2.2
119.4 0.095 -2.4
121.9 0.097 -2.3
124.4 0.104 -2.3
126.2 0.100 -2.0
131.2 0.115 -2.0
136.8 0.078 -2.8
141.5 0.049 -3.9
146.4 0.029 -4.5
151.2 0.023 -4.9
156.3 0.030 -4.3
161.2 0.034 -4.1
166.0 0.030 -5.1
170.8 0.016 -5.4
0 A
49 1 
Graig et al, Nucl Phys 86, 113 (1966)  from table "natural Ca"
0 X
20 A
20.6 -.196 .019
25.7 -.254 .026
30.7 .111 .011
35.8 .563 .047
40.9 .363 .032
46.0 .236 .020
51.0 .203 .022
56.2 .444 .039
61.2 .892 .077
66.3 .990 .086
71.3 .854 .072
76.4 .676 .056
81.4 .573 .054
86.4 .727 .060
91.4 .938 .080
96.4 .977 .084
101.4 .945 .083
111.3 1.00 .13
116.3 .753 .084
121.3 .572 .105
61.4 1
Fulmer et al, Phys. Rev 181, 1565 (1969) ___________from plot
35 X
29.7 46.1 -10.
31.8 56.5 -5.
32.8 60.3 -5.
33.8 60.6 -5.
35.8 56.5 -5.
37.9 40.4 -5.
42.0 29.1 -5.
44.0 20.4 -5.
46.0 12.5 -5.
48.1 7.84 -5.
50.1 5.62 -5.
52.1 4.66 -5.
54.2 4.50 -5.
56.2 3.90 -5.
57.2 3.91 -5.
60.3 3.21 -5.
63.3 2.88 -5.
64.3 2.31 -5.
67.3 1.60 -5.
69.3 1.25 -5.
71.4 .918 -5.
73.4 .701 -5.
75.4 .648 -5.
77.4 .535 -5.
81.4 .467 -5.
83.4 .442 -5.
85.4 .406 -5.
87.4 .323 -5.
89.4 .283 -5.
91.4 .199 -5.
93.4 .149 -5.
95.4 .124 -8.
99.4 .0686 -10.
103.4 .0364 -10.
107.4 .0415 -10.
0 A
65. 1
Noro Nuc Phys A366, 189 (1981) from DARPE
35 X
15.17 1.520E+03 3.114E+00
16.20 1.242E+03 2.815E+00
17.22 9.592E+02 2.213E+00
18.24 7.389E+02 1.761E+00
19.27 5.537E+02 1.606E+00
20.29 3.883E+02 1.360E+00
21.31 2.832E+02 1.163E+00
22.34 1.905E+02 7.596E-01
23.36 1.252E+02 6.632E-01
25.41 5.218E+01 4.769E-01
26.43 3.655E+01 4.083E-01
27.45 3.321E+01 2.758E-01
28.47 3.048E+01 3.728E-01
29.50 3.418E+01 3.949E-01
30.52 3.940E+01 4.248E-01
33.07 4.741E+01 2.161E-01
35.88 4.770E+01 2.384E-00
38.17 4.044E+01 1.979E-01
40.99 2.797E+01 1.419E-01
43.27 1.751E+01 1.308E-01
46.09 9.899E+00 4.713E-01
51.18 4.290E+00 2.153E-01
53.44 3.678E+00 4.898E-02
56.26 3.690E+00 1.846E-01
58.51 3.072E+00 3.491E-02
61.33 2.680E+00 1.339E-01
66.40 1.330E+00 6.656E-02
76.49 5.520E-01 2.764E-02
81.52 4.870E-01 2.437E-02
86.53 3.180E-01 1.593E-02
89.17 .2875 -4.
91.64 .1523 -4.
94.31 .1 -4.
96.57 .0656 -4.
98.97 .0430 -4.
55 A
15.17 0.0282 0.0028
16.20 -0.0061 0.0028
17.22 -0.0169 0.0028
18.24 -0.0676 0.0035
19.27 -0.784 0.0040
20.29 -0.1188 0.0049
21.31 -0.1361 0.0061
22.34 -0.1667 0.0049
23.36 -0.1462 0.0084
25.41 0.0050 0.0084
26.43 0.3412 0.0153
27.45 0.5781 0.0107
28.47 0.8279 0.0180
29.50 0.8837 0.0181
30.52 0.8424 0.0169
33.07 0.6865 0.0057
35.88 0.5330 0.0020
38.17 0.4567 0.0067
40.99 0.3840 0.0020
43.27 0.3617 0.0103
46.09 0.3770 0.0040
51.18 0.8270 0.0040
53.44 0.9667 0.0142
56.26 1.0010 0.0049
58.51 0.9708 0.0120
61.33 0.9110 0.0061
66.40 0.7850 0.0061
76.49 0.7290 0.0140
81.52 0.7560 0.0371
86.53 0.9030 0.0430
89.17 .851 .05
91.64 .919 .05
94.31 .973 .05
96.57 .949 .05
98.97 .880 .05
101.67 .589 .05
106.57 .440 .05
109.12 .437 .05
111.36 .448 .05
113.91 .457 .05
117.20 .533 .05
119.32 .597 .05
121.86 .676 .05
123.70 .765 .05
126.45 .892 .05
130.53 .942 .05
133.19 .942 .05
134.61 .698 .05
137.67 .668 .05
140.73 .651 .05
143.79 .707 .05
145.43 .744 .05
147.36 .845 .05
149.9 .920 .05
152.87 .947 .05
65.0 -1
Sakaguchi et al., Phys. Rev. C 26, 944 (1982) _________ from plot
35 X
15.34 1414 -4.
16.38 1157  -4.
17.30 876 -4.
18.47 678 -4.
19.64 506.9 -4.
20.49 358  -4.
21.40 267.7 -4.
22.51 180.8 -4.
23.49 120.0 -4.
25.77 49.3 -4.
26.56 34.8 -4.
27.60 31.23 -4.
28.58 28.0 -4.
29.55 31.26 -4.
30.60 35.04 -4.
33.14 45.02 -4.
36.07 45.4 -4.
38.16 37.5 -4.
41.16 26.29 -4.
43.38 16.51 -4.
46.31 9.29 -4.
51.40 3.99 -4.
53.74 3.48 -4.
56.74 3.48 -4.
58.89 2.93 -4.
61.63 2.55 -4.
66.72 1.25 -4.
76.82 .516 -4.
81.71 .450 -4.
86.64 .3074 -4.
89.17 .2875 -4.
91.64 .1523 -4.
94.31 .1 -4.
96.57 .0656 -4.
98.97 .0430 -4.
58 A
15.06 .029 .05
16.09 .0   .05
17.12 -.014 .05
18.35 -.061 .05
19.17 -.073 .05
20.20 -.117 .05
21.32 -.135 .05
22.05 -.161 .05
23.28 -.143 .05
25.34 .007 .05
26.36 .341 .05
27.26 .572 .05
28.21 .820 .05
29.43 .878 .05
30.34 .839 .05
32.87 .680 .05
35.75 .532 .05
37.87 .452 .05
41.07 .379 .05
43.15 .360 .05
45.89 .369 .05
48.63 .557 .05
51.16 .820 .05
53.42 .948 .05
56.30 .982 .05
58.56 .969 .05
61.64 .908 .05
66.43 .778 .05
68.97 .729 .05
73.97 .689 .05
76.57 .724 .05
81.50 .744 .05
86.64 .818 .05
89.17 .851 .05
91.64 .919 .05
94.31 .973 .05
96.57 .949 .05
98.97 .880 .05
101.67 .589 .05
106.57 .440 .05
109.12 .437 .05
111.36 .448 .05
113.91 .457 .05
117.20 .533 .05
119.32 .597 .05
121.86 .676 .05
123.70 .765 .05
126.45 .892 .05
130.53 .942 .05
133.19 .942 .05
134.61 .698 .05
137.67 .668 .05
140.73 .651 .05
143.79 .707 .05
145.43 .744 .05
147.36 .845 .05
149.9 .920 .05
152.87 .947 .05
80.2 1
Nadasen at el PRC 23, 1023 (1981)+Schwandt et al PRC 26, 55 (1982)from plot
44 X
7.16 4008.15 -10.
9.38 3088.1 -10
11.47 2478.87 -10.
13.63 1748.38 -10.
15.79 973.83 -10.
17.88 540.136 -10.
19.71 271.34 -10.
21.81 111.72 -10.
23.97 40.25 -10.
26.06 24.02 -10.
27.89 27.56 -10.
30.05 31.40 -10.
32.14 35.47 -10.
34.3 32.93 -10.
36.2 26.44 -10.
38.36 18.00 -10.
40.45 10.89 -10.
42.29 6.9 -10.
44.44 4.305 -10.
46.34 3.306 -10.
48.50 2.838 -10.
50.46 2.68 -10.
52.62 2.61 -10.
54.59 2.141 -10.
56.68 1.667 -10.
58.64 1.196 -10.
60.60 .816  -10.
62.70 .586 -10.
64.85 .4192 -10.
66.95 .357 -10.
68.78 .340 -10.
71.07 .321 -10.
73.04 .292 -10.
75.00 .266 -10.
76.96 .220 -10.
78.92 .2029 -10.
81.21 .111 -10.
83.17 .0744 -10.
85.27 .0486 -10.
87.10 .03105 -10.
88.73 .0227 -10.
91.15 .0197 -10.
92.99 .0200 -10.
94.95 .0198 -10.
22 A
8.107 .179 -5.
10.64 .116 -5.
13.41 .084 -5.
15.87 .037 -5.
18.67 .015 -5.
20.99 -.009 -5.
24.28 .164 -5.
25.03 .505 -5.
26.33 .886 -5.
29.02 .905 -5.
31.56 .730 -5.
34.07 .613 -5.
36.61 .560 -5.
39.11 .528 -5.
41.84 .528 -5.
44.27 .641 -5.
46.88 .792 -5.
49.20 .886 -5.
51.55 .907 -5.
54.24 .907 -5.
56.78 .901 -5.
59.21 .881 -5.
100.6 1
Seifert phd thesis
23 X
  10.08  2414.      64.2               
   10.49  2171.      56.7               
   12.13  1648.      48.0               
   12.54  1562.     106.5               
   14.19  1015.      53.9               
   14.60   872.0     10.64              
   16.24   535.3      7.39              
   16.65   422.9      2.83              
   18.71   168.7      5.58              
   22.79    20.55     0.105             
   24.84    21.68     0.110             
   26.89    28.79     0.691             
   30.98    27.82     0.075             
   35.08    12.50     0.051             
   39.16     4.301    0.0185            
   43.25     2.362    0.0132            
   47.32     1.883    0.164             
   51.39     1.040    0.0059            
   55.46     0.4803   0.00509           
   59.52     0.2830   0.00224           
   63.57     0.2326   0.00149           
   67.62     0.1665   0.00107           
   71.65     0.08274  0.00055           
22 A
   10.08     0.226     0.019            
   10.49     0.224     0.003            
   12.13     0.207     0.010            
   12.54     0.201     0.018            
   14.19     0.200     0.014            
   14.60     0.200     0.008            
   16.24     0.199     0.011            
   16.65     0.193     0.004            
   18.71     0.201     0.007            
   22.79     0.730     0.006            
   24.84     0.821     0.006            
   26.89     0.710     0.003            
   30.98     0.614     0.004            
   35.08     0.643     0.005            
   39.16     0.705     0.005            
   43.25     0.709     0.007            
   47.32     0.668     0.009            
   51.39     0.770     0.007            
   55.46     0.868     0.011            
   59.52     0.784     0.009            
   63.57     0.596     0.008            
   67.62     0.509     0.008  
135.1 1
Nadasen at el Phys Rev C 23, 1023 (1981)_______  from plot
43 X
8.28 2041 -10.
10.57 1222.9 -10.
12.27 791.46 -10.
15.11 153.78 -10.
17.01 76.71 -10.
18.91 22.77 -10.
20.88 15.38 -10.
23.04 20.043 -10.
25.14 20.15 -10.
27.31 17.33 -10.
29.61 11.26 -10.
31.58 6.582 -10.
33.08 4.126 -10.
35.18 2.70 -10.
37.18 1.656 -10.
39.32 1.495 -10.
41.62 1.135 -10.
43.39 .832  -10.
45.69 .549 -10.
47.45 .357 -10.
49.49 .266 -10.
51.57 .211 -10.
53.89 .174 -10.
55.85 .139 -10.
57.82 .0966 -10.
60.00 .060 -10.
61.76 .02088 -10.
63.73 .0187 -10.
65.83 .01125 -10.
68.19 .00846 -10.
69.96 .00908 -10.
72.26 .00819 -10.
74.03 .00747 -10.
76.33 .00548 -10
78.37 .00421 -10.
80.14 .00231 -10.
82.43 .001188 -10.
84.08 .000526 -10.
86.18 .000261 -12.
87.81 .000250 -12.
89.65 .000223 -12.
92.08 .000402 -11.
94.11 .000487 -10.
0 A
152. 1
Rolland Nucl Phys 80 625 (1966) __________ from DataThief  **appended
28 X
7.8125 1383.875 -7.0
10.5495 874.2024 -7.0
13.0247 304.5476 -7.0
15.7109 90.0946 -7.0
17.5555 22.9565 -7.0
18.24 17.8352 -7.0
19.4509 12.8677 -7.0
20.7134 14.5057 -7.0
21.9231 17.6141 -7.0
23.2384 17.6292 -7.0
25.8698 13.3118 -7.0
28.5542 8.4089 -7.0
29.7651 5.802 -7.0
31.0288 3.9444 -7.0
33.6086 1.823 -7.0
36.0826 1.1344 -7.0
37.8198 0.7601 -7.0
41.2932 0.5252 -7.0
46.4514 0.2127 -7.0
49.1357 0.1405 -7.0
51.4514 0.1061 -7.0
54.0302 0.0755 -7.0
56.82 0.0436 -7.0
61.769 0.0106 -7.0
64.2952 7.9189e-3 -7.0
67.1891 7.3651e-3 -7.0
68.9256 6.845e-3 -7.0
70.715 5.4015e-3 -7.0
18 A
5.2856 0.3161 0.0258
10.3686 0.5353 0.031
15.5481 0.8631 0.0284
17.763 0.7802 0.031
19.4351 0.2452 0.0439
20.7617 0.0926 0.0388
22.0205 0.1313 0.0491
25.8238 0.5754 0.0465
29.6373 0.8904 0.0207
31.057 0.8903 0.0594
36.2608 0.2438 0.0491
38.8498 0.0834 0.0672
41.2385 0.4631 0.062
46.5542 1.0647 0.0956
51.5316 0.6225 0.0982
53.9743 0.3173 0.093
57.0833 0.2318 0.1215
61.6895 0.495 0.1576
160. -1
Roos Phys Rev 140 B1237 (1965) __________ from DataThief  ** appended
31 X
6.4712 2134.94 -7.0
7.5559 1790.08 -7.0
8.5175 1515.07 -7.0
9.5165 1237.74 -7.0
10.433 988.56 -7.0
11.6224 635.64 -7.0
12.5729 447.18 -7.0
13.6388 277.44 -7.0
14.6231 167.99 -7.0
15.6442 93.513 -7.0
16.665 52.676 -7.0
17.7685 32.809 -7.0
18.718 24.851 -7.0
19.7904 21.046 -7.0
20.7477 20.7936 -7.0
21.8272 22.486 -7.0
22.7056 23.172 -7.0
23.8596 21.606 -7.0
24.7742 20.221 -7.0
25.8048 16.942 -7.0
26.9536 13.738 -7.0
27.9815 10.749 -7.0
28.9681 8.051 -7.0
30.5023 4.4372 -7.0
32.437 2.670 -7.0
34.7303 1.6535 -7.0
36.6329 1.3085 -7.0
38.7695 .90211 -7.0
40.8283 .66648 -7.0
43.7958 .41182 -7.0
47.0028 .26730 -7.0
0 A
160. 1
Schwandt Phys Rev C 26 55 (1982) ___________ from DataThief  ** appended
0 X
18 A
5.0456 0.3169 0.0333
10.0032 0.5456 0.0238
15.048 0.8791 0.0238
16.9838 0.7982 0.0381
18.8493 0.2459 0.0381
19.8683 0.0936 0.0238
21.247 0.1222 0.0429
24.7217 0.589 0.0429
28.4791 0.9082 0.0333
29.7674 0.9035 0.0476
34.5817 0.2465 0.0429
37.073 0.0895 0.0619
39.6314 0.4753 0.0667
44.4795 1.085 0.0905
49.1926 0.628 0.119
51.6909 0.3186 0.1095
53.9945 0.2425 0.1381
58.9502 0.5141 0.1667
160. 1
Nadasen Phys Rev C 23 1023 (1981) ______________ from DataThief  **appended
43 X
7.9076 1677.79 -7.0
9.5543 1135. -7.0
11.3061 700.98 -7.0
12.9415 365.793 -7.0
14.0271 202.541 -7.0
15.8697 68.816 -7.0
17.1658 27.534 -7.0
19.125 13.678 -7.0
20.4449 15.607 -7.0
22.0938 18.189 -7.0
23.5206 19.20 -7.0
24.9422 16.490 -7.0
27.3427 10.594 -7.0
28.8648 6.432 -7.0
31.0413 3.520 -7.0
32.9998 2.0489 -7.0
35.1805 1.384 -7.0
37.1439 1.0187 -7.0
39.543 .6932 -7.0
41.3938 .4579 -7.0
43.4645 .3189 -7.0
45.6463 .2404 -7.0
47.72 .19358 -7.0
49.6823 .14412 -7.0
51.8611 .09816 -7.0
53.8177 .05837 -7.0
55.8797 .02958 -7.0
57.7234 .01528 -7.0
59.9003 .009863 -7.0
61.8671 .0092019 -7.0
63.7243 .0085212 -7.0
65.9099 .0080421 -7.0
68.089 .0058261 -7.0
69.7188 .0037876 -7.0
72.2173 .0019227 -7.0
74.056 .0008329 -7.0
76.3286 .00031334 -7.0
78.1707 .00023321 -7.0
80.0385 .00023484 -7.0
81.9032 .00030827 -7.0
84.2002 .00032945 -7.0
85.8371 .00029506 -7.0
88.2396 .00026978 -7.0
0 A
175. -1
Hillman Nucl. Phys. 4 648 (1957) ____________ from DataThief  **appended
0 X
14 A
6.5359 0.5342 0.0486
9.6807 0.6373 0.0389
14.7253 0.939 0.0311
17.651 0.3243 0.0759
18.7408 0.2231 0.0856
19.0914 0.1726 0.0817
19.7516 0.1881 0.0545
20.6796 0.4119 0.0875
21.6857 0.6181 0.0837
23.7445 0.6357 0.0642
26.7318 0.8478 0.0875
29.6079 0.7856 0.1517
34.5219 -0.189 0.356
39.5921 0.7975 0.5195
179.5 -1
Johansson Arkiv Fysik 19 541 (1961) __________ from table  **appended
7 X
45.30 .198 .018
57.82 .1031 .0034
50.31 .0475 .0022
52.81 .0220 .0014
55.31 .01314 .00089
57.81 .0127 .0012
60.31 .0102 .0013
0 A
181. 1
Schwandt Phys Rev C 26 55 (1982) ___________ from DataThief  **appended
0 X
47 A
1.9299 -0.0123 0.05610
3.0309 0.02 0.05140
4.3137 0.0944 0.03270
5.2266 0.2203 0.03740
7.2331 0.5421 0.03740
7.7809 0.6166 0.03740
9.2489 0.6582 0.03270
10.1683 0.6439 0.03270
11.0821 0.7511 0.03270
12.638 0.8814 0.0280
14.1032 0.9838 0.0149
15.4835 0.9366 0.03740
15.5781 0.8758 0.03270
16.9816 0.3239 0.03270
18.3599 0.3188 0.07940
18.4735 -0.1532 0.03270
19.2829 0.2251 0.09350
20.484 0.0798 0.0149
21.1114 0.4207 0.09810
21.7558 0.3925 0.03270
22.2047 0.6213 0.07010
23.4866 0.7144 0.02340
24.4088 0.6393 0.07010
25.4988 0.91 0.0280
27.1558 0.8393 0.05610
27.7027 0.9326 0.03740
29.4614 0.647 0.03270
30.1904 0.7776 0.14970
31.6883 0.1697 0.0280
33.7203 -0.0646 0.0280
35.38 -0.196 0.36450
35.9193 0.0655 0.03740
37.5507 0.5509 0.03270
39.6496 0.8587 0.03270
40.2034 0.8024 0.49540
41.7606 0.9047 0.03270
43.7884 0.7592 0.03270
45.73 0.4922 0.03270
47.856 0.2112 0.02340
49.8908 -0.0839 0.03740
51.8264 -0.22 0.03270
53.8313 0.1345 0.0280
55.5528 0.6573 0.03270
57.6569 0.8528 0.02340
59.951 0.9128 0.03740
61.9735 0.8842 0.01870
63.7198 0.8696 0.03270
181. 1
Nadasen Phys Rev C 23 1023 (1981) _________ from DataThief  **appended
27 X
7.8769 1739.21 -7.0
10.3824 836.97 -7.0
13.0123 260.54 -7.0
14.3323 125.79 -7.0
15.4414 47.847 -7.0
16.983 20.526 -7.0
18.2922 17.024 -7.0
19.5956 18.512 -7.0
20.7889 21.590 -7.0
21.8751 21.698 -7.0
23.4052 18.405 -7.0
24.6073 15.326 -7.0
25.7039 11.211 -7.0
28.5551 5.0932 -7.0
31.0776 2.5914 -7.0
33.7094 1.3377 -7.0
36.4468 .81803 -7.0
39.1835 .52825 -7.0
41.8087 .38617 -7.0
43.9996 .31429 -7.0
46.5184 .17639 -7.0
49.152 .093960 -7.0
51.6804 .043023 -7.0
54.3182 .01976 -7.0
56.8351 .014942 -7.0
59.242 .012146 -7.0
61.8672 .0095001 -7.0
0 A
181.5 -1
Johansson Arkiv Fysik 19 541 (1961) ______________ from table  **appended
22 X
5.32 3120. 110.
7.81 1815. 46.
10.33 807. 15.
12.80 280.9 4.8
14.08 132.0 4.2
15.33 56.6 1.6
16.58 28.53 .54
17.79 19.51 .39
19.06 19.95 .40
20.30 23.2 1.0
21.56 25.07 .48
22.82 20.78 .37
24.06 16.69 .53
25.32 11.84 .19
27.81 5.92 .11
30.31 2.848 .097
32.80 1.412 .034
35.30 .858 .018
37.81 .588 .017
40.33 .438 .016
42.83 .297 .013
45.31 .1942 .0074
0 A
200. 1
Murdock Phys Rev C 35 1442 (1987) _________________ from DataThief
28 X
9.2844 1092.9331 -7.0
10.3717 715.3657 -7.0
12.1504 401.4133 -7.0
13.3403 126.2476 -7.0
15.9136 25.4961 -7.0
18.6764 21.8795 -7.0
22.0297 24.6037 -7.0
24.0041 18.44 -7.0
25.6851 8.6978 -7.0
27.1672 5.4787 -7.0
28.5512 3.1335 -7.0
30.1323 1.8629 -7.0
32.1084 1.0254 -7.0
33.59 0.7113 -7.0
35.4657 0.5435 -7.0
37.4397 0.44 -7.0
40.5985 0.2883 -7.0
42.8692 0.2039 -7.0
43.9559 0.1499 -7.0
45.4381 0.0926 -7.0
47.611 0.0561 -7.0
47.8106 0.036 -7.0
49.3917 0.0214 -7.0
51.1694 0.0146 -7.0
53.143 0.0127 -7.0
54.6226 0.0128 -7.0
55.6101 0.0105 -7.0
59.2623 6.7641e-3 -7.0
71 A
9.6132 0.7134 0.0483
10.4816 0.7869 0.0294
11.4368 0.8667 0.0336
12.3918 0.9443 0.0294
13.6043 1.0094 0.0126
14.3772 0.9759 0.0252
15.557 0.6611 0.0714
16.8565 -0.2643 0.0399
18.1513 -0.2454 0.042
18.3396 -0.0607 0.0357
19.4739 0.0967 0.0588
19.6519 0.1618 0.
19.7433 0.2226 0.0483
20.0076 0.2877 0.0483
20.7086 0.4199 0.0567
21.9414 0.7201 0.0378
22.0327 0.7788 0.0462
22.9014 0.8565 0.0441
23.4241 0.9195 0.0567
24.4615 0.9531 0.0588
25.4117 0.9762 0.0504
26.8731 0.928 0.0567
27.8107 0.8042 0.0525
28.312 0.6195 0.0378
28.8209 0.523 0.0357
29.2381 0.3614 0.0504
29.8281 0.2061 0.0525
30.2494 0.0928 0.0483
31.0148 -0.0289 0.0504
31.2603 -0.18 0.0504
32.3825 -0.1631 0.0399
33.6808 -0.1022 0.0651
34.2059 -0.012 0.0462
35.1711 0.1853 0.0798
35.6234 0.4309 0.1091
36.3257 0.5778 0.1028
36.6864 0.7625 0.0944
37.2093 0.8276 0.0609
37.6492 0.9304 0.063
38.0891 1.0333 0.0651
38.9495 1.0144 0.0692
40.2426 1.0144 0.0861
40.4982 0.9788 0.0797
41.3485 0.8424 0.0755
41.8576 0.7479 0.0672
43.2331 0.7039 0.0462
43.4751 0.5109 0.0819
43.8128 0.429 0.0776
44.7517 0.3199 0.0609
45.0886 0.2276 0.0504
45.6814 0.1038 0.063
46.6994 -0.0872 0.063
47.215 -0.106 0.0504
47.6361 -0.2214 0.0504
47.9784 -0.2508 0.0483
48.8347 -0.3179 0.0273
49.4425 -0.2676 0.0378
50.0508 -0.2109 0.042
50.6591 -0.1542 0.063
50.7489 -0.1122 0.0441
51.2794 0.041 0.0315
51.2011 0.1333 0.0462
51.4793 0.36 0.0462
52.2586 0.3999 0.0399
52.529 0.5363 0.0777
53.4937 0.7273 0.0692
53.8456 0.8092 0.0441
54.5374 0.8344 0.042
55.4921 0.9079 0.0483
59.5398 0.8618 0.0965
63.4056 0.7045 0.155
-1 -1
