0 0 0
0.08 9.17774e-09 -1.02323e-12
0.16 3.61972e-07 -1.20526e-10
0.12 9.89773e-08 -2.21584e-11
0.1 3.48302e-08 -5.97712e-12
0.09 1.85941e-08 -2.61828e-12
0.1 3.49679e-08 -6.08263e-12
0.11 6.1912e-08 -1.30481e-11
0.12 1.04291e-07 -2.61974e-11
0.13 1.68477e-07 -4.97469e-11
0.14 2.62638e-07 -9.00804e-11
0.15 3.97032e-07 -1.5656e-10
0.16 5.84343e-07 -2.62549e-10
0.17 8.40026e-07 -4.26666e-10
0.18 1.18267e-06 -6.7433e-10
0.19 1.63442e-06 -1.0396e-09
0.2 2.22133e-06 -1.56739e-09
0.21 2.97385e-06 -2.31601e-09
0.22 3.92727e-06 -3.36028e-09
0.23 5.12215e-06 -4.79491e-09
0.24 6.60485e-06 -6.73863e-09
0.25 8.42802e-06 -9.33872e-09
0.26 1.06511e-05 -1.27762e-08
0.27 1.3341e-05 -1.72719e-08
0.28 1.65722e-05 -2.30926e-08
0.29 2.04282e-05 -3.0559e-08
0.3 2.50009e-05 -4.00535e-08
0.31 3.03925e-05 -5.20295e-08
0.32 3.67149e-05 -6.70211e-08
0.33 4.40913e-05 -8.56545e-08
0.34 5.2656e-05 -1.0866e-07
0.35 6.25558e-05 -1.36885e-07
0.36 7.39501e-05 -1.71308e-07
0.37 8.70117e-05 -2.13055e-07
0.38 0.000101928 -2.63415e-07
0.39 0.0001189 -3.23862e-07
0.4 0.000138145 -3.96068e-07
0.41 0.000159896 -4.81929e-07
0.42 0.000184404 -5.83587e-07
0.43 0.000211936 -7.03452e-07
0.44 0.000242777 -8.44231e-07
0.45 0.000277233 -1.00895e-06
0.46 0.000315626 -1.201e-06
0.47 0.000358302 -1.42413e-06
0.48 0.000405624 -1.68252e-06
0.49 0.00045798 -1.98081e-06
0.5 0.000515778 -2.32411e-06
0.51 0.00057945 -2.71805e-06
0.52 0.00064945 -3.16886e-06
0.53 0.000726257 -3.68334e-06
0.54 0.000810375 -4.26898e-06
0.55 0.000902333 -4.93393e-06
0.56 0.00100269 -5.68713e-06
0.57 0.00111201 -6.53829e-06
0.58 0.00123093 -7.49801e-06
0.59 0.00136006 -8.57778e-06
0.6 0.00150008 -9.79005e-06
0.61 0.00165168 -1.11483e-05
0.62 0.00181558 -1.26672e-05
0.63 0.00199253 -1.43625e-05
0.64 0.00218331 -1.6251e-05
0.65 0.00238875 -1.83512e-05
0.66 0.00260967 -2.06827e-05
0.67 0.00284696 -2.32665e-05
0.68 0.00310152 -2.61254e-05
0.69 0.00337429 -2.92835e-05
0.7 0.00366624 -3.27668e-05
0.71 0.00397837 -3.66029e-05
0.72 0.00431173 -4.08215e-05
0.73 0.00466738 -4.5454e-05
0.74 0.00504643 -5.0534e-05
0.75 0.00545001 -5.60973e-05
0.76 0.00587928 -6.21817e-05
0.77 0.00633546 -6.88276e-05
0.78 0.00681979 -7.60776e-05
0.79 0.00733352 -8.39771e-05
0.8 0.00787798 -9.25739e-05
0.81 0.00845449 -0.000101919
0.82 0.00906443 -0.000112065
0.83 0.0097092 -0.00012307
0.84 0.0103902 -0.000134992
0.85 0.011109 -0.000147894
0.86 0.0118671 -0.000161844
0.87 0.0126659 -0.00017691
0.88 0.013507 -0.000193165
0.89 0.0143922 -0.000210686
0.9 0.0153229 -0.000229555
0.91 0.0163008 -0.000249855
0.92 0.0173277 -0.000271676
0.93 0.0184052 -0.00029511
0.94 0.0195352 -0.000320255
0.95 0.0207193 -0.000347212
0.96 0.0219595 -0.000376087
0.97 0.0232575 -0.000406992
0.98 0.0246151 -0.000440042
0.99 0.0260344 -0.000475358
1 0.0275171 -0.000513067
1.01 0.0290652 -0.000553299
1.02 0.0306808 -0.00059619
1.03 0.0323657 -0.000641884
1.04 0.0341219 -0.000690527
1.05 0.0359515 -0.000742273
1.06 0.0378565 -0.000797281
1.07 0.0398389 -0.000855717
1.08 0.0419009 -0.000917752
1.09 0.0440445 -0.000983565
1.1 0.0462717 -0.00105334
1.11 0.0485848 -0.00112726
1.12 0.0509857 -0.00120554
1.13 0.0534768 -0.00128837
1.14 0.0560599 -0.00137596
1.15 0.0587374 -0.00146853
1.16 0.0615113 -0.00156632
1.17 0.0643838 -0.00166954
1.18 0.0673571 -0.00177844
1.19 0.0704332 -0.00189326
1.2 0.0736143 -0.00201427
1.21 0.0769025 -0.00214172
1.22 0.0803 -0.00227588
1.23 0.0838089 -0.00241703
1.24 0.0874312 -0.00256546
1.25 0.0911692 -0.00272145
1.26 0.0950247 -0.00288531
1.27 0.099 -0.00305735
1.28 0.103097 -0.00323789
1.29 0.107318 -0.00342725
1.3 0.111664 -0.00362576
1.31 0.116139 -0.00383377
1.32 0.120743 -0.00405162
1.33 0.125478 -0.00427968
1.34 0.130347 -0.00451831
1.35 0.135352 -0.00476788
1.36 0.140493 -0.00502879
1.37 0.145773 -0.00530141
1.38 0.151194 -0.00558616
1.39 0.156758 -0.00588344
1.4 0.162465 -0.00619365
1.41 0.168318 -0.00651724
1.42 0.174317 -0.00685464
1.43 0.180466 -0.00720627
1.44 0.186764 -0.00757259
1.45 0.193214 -0.00795407
1.46 0.199816 -0.00835115
1.47 0.206572 -0.00876432
1.48 0.213483 -0.00919406
1.49 0.22055 -0.00964084
1.5 0.227775 -0.0101052
1.51 0.235158 -0.0105876
1.52 0.242699 -0.0110885
1.53 0.250401 -0.0116085
1.54 0.258263 -0.0121481
1.55 0.266286 -0.0127079
1.56 0.274472 -0.0132882
1.57 0.282819 -0.0138898
1.58 0.291329 -0.0145132
1.59 0.300002 -0.0151589
1.6 0.308838 -0.0158274
1.61 0.317837 -0.0165193
1.62 0.326999 -0.0172353
1.63 0.336324 -0.0179758
1.64 0.345812 -0.0187415
1.65 0.355463 -0.0195328
1.66 0.365276 -0.0203506
1.67 0.37525 -0.0211952
1.68 0.385385 -0.0220673
1.69 0.39568 -0.0229675
1.7 0.406134 -0.0238964
1.71 0.416747 -0.0248546
1.72 0.427516 -0.0258427
1.73 0.438442 -0.0268613
1.74 0.449521 -0.0279109
1.75 0.460754 -0.0289923
1.76 0.472138 -0.0301059
1.77 0.483671 -0.0312525
1.78 0.495352 -0.0324326
1.79 0.507178 -0.0336467
1.8 0.519148 -0.0348956
1.81 0.531259 -0.0361798
1.82 0.543509 -0.0374998
1.83 0.555894 -0.0388563
1.84 0.568413 -0.0402499
1.85 0.581062 -0.041681
1.86 0.593839 -0.0431504
1.87 0.60674 -0.0446586
1.88 0.619762 -0.046206
1.89 0.632901 -0.0477934
1.9 0.646155 -0.0494212
1.91 0.659519 -0.0510899
1.92 0.672989 -0.0528002
1.93 0.686561 -0.0545524
1.94 0.700232 -0.0563471
1.95 0.713997 -0.0581849
1.96 0.727851 -0.0600661
1.97 0.741789 -0.0619913
1.98 0.755808 -0.063961
1.99 0.769902 -0.0659755
2 0.784066 -0.0680352
2.01 0.798295 -0.0701407
2.02 0.812583 -0.0722923
2.03 0.826926 -0.0744904
2.04 0.841316 -0.0767353
2.05 0.85575 -0.0790275
2.06 0.87022 -0.0813671
2.07 0.884721 -0.0837546
2.08 0.899246 -0.0861903
2.09 0.913789 -0.0886743
2.1 0.928345 -0.0912069
2.11 0.942905 -0.0937884
2.12 0.957463 -0.0964189
2.13 0.972013 -0.0990987
2.14 0.986547 -0.101828
2.15 1.00106 -0.104606
2.16 1.01554 -0.107435
2.17 1.02998 -0.110312
2.18 1.04438 -0.11324
2.19 1.05873 -0.116217
2.2 1.07302 -0.119244
2.21 1.08723 -0.122321
2.22 1.10138 -0.125447
2.23 1.11544 -0.128623
2.24 1.1294 -0.131848
2.25 1.14327 -0.135122
2.26 1.15702 -0.138445
2.27 1.17066 -0.141817
2.28 1.18418 -0.145237
2.29 1.19755 -0.148705
2.3 1.21079 -0.152221
2.31 1.22387 -0.155785
2.32 1.23679 -0.159395
2.33 1.24955 -0.163052
2.34 1.26212 -0.166755
2.35 1.27451 -0.170503
2.36 1.28669 -0.174296
2.37 1.29868 -0.178134
2.38 1.31044 -0.182014
2.39 1.32198 -0.185938
2.4 1.33329 -0.189904
2.41 1.34436 -0.193911
2.42 1.35517 -0.197959
2.43 1.36572 -0.202047
2.44 1.37599 -0.206173
2.45 1.38599 -0.210337
2.46 1.3957 -0.214537
2.47 1.4051 -0.218773
2.48 1.4142 -0.223044
2.49 1.42298 -0.227349
2.5 1.43143 -0.231685
2.51 1.43955 -0.236053
2.52 1.44731 -0.24045
2.53 1.45473 -0.244876
2.54 1.46177 -0.249329
2.55 1.46844 -0.253807
2.56 1.47473 -0.25831
2.57 1.48063 -0.262835
2.58 1.48612 -0.267382
2.59 1.49121 -0.271948
2.6 1.49587 -0.276531
2.61 1.50011 -0.281131
2.62 1.50391 -0.285746
2.63 1.50727 -0.290372
2.64 1.51017 -0.29501
2.65 1.51261 -0.299657
2.66 1.51458 -0.30431
2.67 1.51607 -0.308969
2.68 1.51707 -0.313631
2.69 1.51758 -0.318293
2.7 1.51759 -0.322955
2.71 1.51709 -0.327613
2.72 1.51607 -0.332265
2.73 1.51453 -0.33691
2.74 1.51246 -0.341545
2.75 1.50985 -0.346168
2.76 1.50669 -0.350776
2.77 1.50299 -0.355367
2.78 1.49872 -0.359938
2.79 1.49389 -0.364488
2.8 1.4885 -0.369013
2.81 1.48253 -0.373511
2.82 1.47597 -0.377979
2.83 1.46884 -0.382416
2.84 1.46111 -0.386817
2.85 1.45278 -0.391181
2.86 1.44386 -0.395505
2.87 1.43433 -0.399786
2.88 1.42419 -0.404021
2.89 1.41344 -0.408208
2.9 1.40208 -0.412343
2.91 1.3901 -0.416425
2.92 1.37749 -0.420449
2.93 1.36426 -0.424414
2.94 1.35041 -0.428315
2.95 1.33592 -0.432151
2.96 1.32081 -0.435918
2.97 1.30506 -0.439613
2.98 1.28868 -0.443234
2.99 1.27166 -0.446777
3 1.25401 -0.45024
3.01 1.23572 -0.453619
3.02 1.2168 -0.456911
3.03 1.19725 -0.460113
3.04 1.17706 -0.463223
3.05 1.15623 -0.466236
3.06 1.13478 -0.469151
3.07 1.11269 -0.471964
3.08 1.08998 -0.474672
3.09 1.06664 -0.477272
3.1 1.04267 -0.479761
3.11 1.01809 -0.482135
3.12 0.992887 -0.484393
3.13 0.967071 -0.48653
3.14 0.940646 -0.488545
3.15 0.913615 -0.490433
3.16 0.885983 -0.492192
3.17 0.857755 -0.493819
3.18 0.828937 -0.495311
3.19 0.799534 -0.496665
3.2 0.769551 -0.497878
3.21 0.738996 -0.498948
3.22 0.707875 -0.499871
3.23 0.676195 -0.500645
3.24 0.643963 -0.501266
3.25 0.611187 -0.501733
3.26 0.577875 -0.502042
3.27 0.544035 -0.502192
3.28 0.509676 -0.502178
3.29 0.474807 -0.501999
3.3 0.439437 -0.501652
3.31 0.403575 -0.501135
3.32 0.367232 -0.500444
3.33 0.330417 -0.499579
3.34 0.293142 -0.498536
3.35 0.255416 -0.497313
3.36 0.217252 -0.495908
3.37 0.178661 -0.494318
3.38 0.139653 -0.492542
3.39 0.100242 -0.490578
3.4 0.0604394 -0.488423
3.41 0.0202578 -0.486076
3.42 -0.0202899 -0.483535
3.43 -0.0611907 -0.480797
3.44 -0.102431 -0.477862
3.45 -0.143998 -0.474727
3.46 -0.185877 -0.471392
3.47 -0.228054 -0.467854
3.48 -0.270515 -0.464112
3.49 -0.313245 -0.460164
3.5 -0.35623 -0.456011
3.51 -0.399455 -0.451649
3.52 -0.442904 -0.447079
3.53 -0.486561 -0.4423
3.54 -0.530413 -0.437309
3.55 -0.574442 -0.432107
3.56 -0.618633 -0.426693
3.57 -0.662969 -0.421066
3.58 -0.707434 -0.415225
3.59 -0.752013 -0.409171
3.6 -0.796687 -0.402902
3.61 -0.841441 -0.396419
3.62 -0.886258 -0.389721
3.63 -0.931121 -0.382809
3.64 -0.976011 -0.375681
3.65 -1.02091 -0.368339
3.66 -1.06581 -0.360783
3.67 -1.11068 -0.353012
3.68 -1.15551 -0.345028
3.69 -1.20029 -0.336831
3.7 -1.24499 -0.328422
3.71 -1.28959 -0.319801
3.72 -1.33408 -0.310969
3.73 -1.37844 -0.301927
3.74 -1.42266 -0.292677
3.75 -1.46671 -0.283218
3.76 -1.51058 -0.273554
3.77 -1.55425 -0.263685
3.78 -1.5977 -0.253612
3.79 -1.64091 -0.243338
3.8 -1.68387 -0.232864
3.81 -1.72656 -0.222191
3.82 -1.76895 -0.211322
3.83 -1.81105 -0.200259
3.84 -1.85281 -0.189005
3.85 -1.89424 -0.17756
3.86 -1.9353 -0.165928
3.87 -1.97599 -0.154112
3.88 -2.01628 -0.142113
3.89 -2.05616 -0.129934
3.9 -2.09561 -0.11758
3.91 -2.13462 -0.105051
3.92 -2.17317 -0.0923516
3.93 -2.21123 -0.0794849
3.94 -2.2488 -0.0664539
3.95 -2.28586 -0.0532621
3.96 -2.32239 -0.0399129
3.97 -2.35837 -0.0264098
3.98 -2.3938 -0.0127567
3.99 -2.42864 0.00104283
4 -2.4629 0.0149848
4.01 -2.49655 0.0290652
4.02 -2.52958 0.0432801
4.03 -2.56196 0.0576251
4.04 -2.5937 0.0720961
4.05 -2.62477 0.0866886
4.06 -2.65516 0.101398
4.07 -2.68486 0.11622
4.08 -2.71385 0.13115
4.09 -2.74211 0.146183
4.1 -2.76964 0.161315
4.11 -2.79642 0.17654
4.12 -2.82244 0.191853
4.13 -2.84769 0.207249
4.14 -2.87215 0.222723
4.15 -2.89581 0.238271
4.16 -2.91866 0.253886
4.17 -2.94069 0.269563
4.18 -2.96189 0.285296
4.19 -2.98225 0.301081
4.2 -3.00175 0.316911
4.21 -3.02039 0.332781
4.22 -3.03816 0.348685
4.23 -3.05505 0.364617
4.24 -3.07104 0.380572
4.25 -3.08613 0.396543
4.26 -3.10031 0.412525
4.27 -3.11358 0.428511
4.28 -3.12592 0.444495
4.29 -3.13732 0.460471
4.3 -3.14779 0.476434
4.31 -3.15731 0.492376
4.32 -3.16588 0.508292
4.33 -3.17348 0.524174
4.34 -3.18012 0.540018
4.35 -3.18579 0.555816
4.36 -3.19049 0.571563
4.37 -3.1942 0.587251
4.38 -3.19693 0.602874
4.39 -3.19867 0.618426
4.4 -3.19942 0.6339
4.41 -3.19918 0.64929
4.42 -3.19793 0.664589
4.43 -3.19568 0.679791
4.44 -3.19243 0.694889
4.45 -3.18818 0.709876
4.46 -3.18292 0.724747
4.47 -3.17665 0.739494
4.48 -3.16937 0.754111
4.49 -3.16109 0.768592
4.5 -3.15179 0.78293
4.51 -3.14149 0.797118
4.52 -3.13018 0.81115
4.53 -3.11787 0.825019
4.54 -3.10455 0.83872
4.55 -3.09023 0.852245
4.56 -3.07491 0.865588
4.57 -3.0586 0.878744
4.58 -3.04129 0.891705
4.59 -3.02299 0.904465
4.6 -3.0037 0.917018
4.61 -2.98343 0.929359
4.62 -2.96218 0.94148
4.63 -2.93996 0.953376
4.64 -2.91677 0.965042
4.65 -2.89261 0.97647
4.66 -2.8675 0.987654
4.67 -2.84145 0.998591
4.68 -2.81444 1.00927
4.69 -2.78651 1.01969
4.7 -2.75764 1.02985
4.71 -2.72785 1.03973
4.72 -2.69715 1.04934
4.73 -2.66554 1.05867
4.74 -2.63304 1.06771
4.75 -2.59965 1.07645
4.76 -2.56538 1.0849
4.77 -2.53025 1.09305
4.78 -2.49426 1.10089
4.79 -2.45741 1.10841
4.8 -2.41974 1.11562
4.81 -2.38123 1.12251
4.82 -2.34192 1.12907
4.83 -2.30179 1.1353
4.84 -2.26088 1.1412
4.85 -2.21919 1.14676
4.86 -2.17673 1.15198
4.87 -2.13352 1.15685
4.88 -2.08957 1.16137
4.89 -2.04489 1.16554
4.9 -1.99949 1.16935
4.91 -1.9534 1.1728
4.92 -1.90662 1.17588
4.93 -1.85917 1.1786
4.94 -1.81106 1.18095
4.95 -1.76231 1.18292
4.96 -1.71293 1.18452
4.97 -1.66294 1.18575
4.98 -1.61236 1.18659
4.99 -1.56119 1.18705
5 -1.50946 1.18712
5.01 -1.45719 1.18681
5.02 -1.40438 1.18611
5.03 -1.35106 1.18502
5.04 -1.29724 1.18354
5.05 -1.24294 1.18167
5.06 -1.18818 1.1794
5.07 -1.13297 1.17673
5.08 -1.07734 1.17367
5.09 -1.02129 1.17022
5.1 -0.964857 1.16636
5.11 -0.908047 1.16211
5.12 -0.850882 1.15746
5.13 -0.793381 1.15241
5.14 -0.735562 1.14697
5.15 -0.677444 1.14112
5.16 -0.619046 1.13488
5.17 -0.560387 1.12824
5.18 -0.501486 1.12121
5.19 -0.442364 1.11378
5.2 -0.383038 1.10595
5.21 -0.32353 1.09773
5.22 -0.263858 1.08913
5.23 -0.204042 1.08013
5.24 -0.144103 1.07074
5.25 -0.0840593 1.06096
5.26 -0.0239321 1.0508
5.27 0.0362588 1.04026
5.28 0.0964932 1.02934
5.29 0.156751 1.01804
5.3 0.217012 1.00637
5.31 0.277255 0.994318
5.32 0.337461 0.981902
5.33 0.397609 0.969119
5.34 0.457678 0.955974
5.35 0.517649 0.942469
5.36 0.5775 0.928608
5.37 0.637212 0.914396
5.38 0.696763 0.899835
5.39 0.756134 0.88493
5.4 0.815304 0.869685
5.41 0.874252 0.854104
5.42 0.932959 0.838193
5.43 0.991404 0.821954
5.44 1.04957 0.805395
5.45 1.10743 0.788518
5.46 1.16496 0.77133
5.47 1.22216 0.753836
5.48 1.27899 0.73604
5.49 1.33544 0.717948
5.5 1.39148 0.699567
5.51 1.44711 0.680902
5.52 1.50229 0.661958
5.53 1.55701 0.642741
5.54 1.61125 0.623259
5.55 1.66499 0.603516
5.56 1.71821 0.58352
5.57 1.77089 0.563277
5.58 1.82301 0.542793
5.59 1.87456 0.522075
5.6 1.92551 0.501131
5.61 1.97585 0.479967
5.62 2.02556 0.458589
5.63 2.07462 0.437006
5.64 2.12301 0.415224
5.65 2.17071 0.393252
5.66 2.21771 0.371095
5.67 2.26399 0.348762
5.68 2.30954 0.326261
5.69 2.35433 0.3036
5.7 2.39835 0.280785
5.71 2.44158 0.257825
5.72 2.48401 0.234728
5.73 2.52562 0.211502
5.74 2.56639 0.188155
5.75 2.60631 0.164695
5.76 2.64537 0.141131
5.77 2.68354 0.117471
5.78 2.72082 0.0937232
5.79 2.75719 0.0698961
5.8 2.79264 0.0459981
5.81 2.82715 0.0220379
5.82 2.8607 -0.00197586
5.83 2.8933 -0.0260347
5.84 2.92491 -0.0501298
5.85 2.95553 -0.0742524
5.86 2.98516 -0.0983939
5.87 3.01376 -0.122545
5.88 3.04135 -0.146698
5.89 3.06789 -0.170843
5.9 3.09339 -0.194972
5.91 3.11782 -0.219075
5.92 3.14119 -0.243144
5.93 3.16348 -0.26717
5.94 3.18468 -0.291143
5.95 3.20478 -0.315056
5.96 3.22378 -0.338899
5.97 3.24166 -0.362663
5.98 3.25842 -0.386339
5.99 3.27404 -0.409918
6 3.28853 -0.433392
6.01 3.30188 -0.456751
6.02 3.31407 -0.479988
6.03 3.3251 -0.503092
6.04 3.33498 -0.526055
6.05 3.34368 -0.548869
6.06 3.35121 -0.571524
6.07 3.35756 -0.594012
6.08 3.36273 -0.616324
6.09 3.36671 -0.638453
6.1 3.36951 -0.660388
6.11 3.37111 -0.682122
6.12 3.37152 -0.703646
6.13 3.37073 -0.724951
6.14 3.36874 -0.74603
6.15 3.36556 -0.766875
6.16 3.36117 -0.787476
6.17 3.35559 -0.807826
6.18 3.3488 -0.827917
6.19 3.34082 -0.847741
6.2 3.33164 -0.86729
6.21 3.32126 -0.886556
6.22 3.30969 -0.905532
6.23 3.29692 -0.924209
6.24 3.28296 -0.94258
6.25 3.26782 -0.960639
6.26 3.25149 -0.978377
6.27 3.23399 -0.995787
6.28 3.21531 -1.01286
6.29 3.19546 -1.0296
6.3 3.17445 -1.04598
6.31 3.15228 -1.06201
6.32 3.12896 -1.07768
6.33 3.10449 -1.09298
6.34 3.07889 -1.1079
6.35 3.05216 -1.12245
6.36 3.0243 -1.1366
6.37 2.99533 -1.15036
6.38 2.96525 -1.16373
6.39 2.93408 -1.17669
6.4 2.90182 -1.18923
6.41 2.86849 -1.20136
6.42 2.83409 -1.21307
6.43 2.79864 -1.22436
6.44 2.76215 -1.23521
6.45 2.72462 -1.24563
6.46 2.68608 -1.2556
6.47 2.64653 -1.26513
6.48 2.60599 -1.27421
6.49 2.56446 -1.28283
6.5 2.52197 -1.291
6.51 2.47853 -1.29871
6.52 2.43416 -1.30595
6.53 2.38886 -1.31272
6.54 2.34265 -1.31901
6.55 2.29556 -1.32484
6.56 2.24758 -1.33018
6.57 2.19875 -1.33504
6.58 2.14908 -1.33942
6.59 2.09858 -1.34331
6.6 2.04728 -1.34671
6.61 1.99519 -1.34962
6.62 1.94232 -1.35204
6.63 1.88871 -1.35396
6.64 1.83436 -1.35538
6.65 1.77929 -1.35631
6.66 1.72353 -1.35674
6.67 1.66709 -1.35667
6.68 1.61 -1.3561
6.69 1.55228 -1.35502
6.7 1.49394 -1.35345
6.71 1.435 -1.35137
6.72 1.37549 -1.34879
6.73 1.31543 -1.34571
6.74 1.25485 -1.34213
6.75 1.19375 -1.33804
6.76 1.13217 -1.33346
6.77 1.07012 -1.32838
6.78 1.00764 -1.3228
6.79 0.944734 -1.31672
6.8 0.881436 -1.31014
6.81 0.817766 -1.30308
6.82 0.753747 -1.29552
6.83 0.689404 -1.28747
6.84 0.62476 -1.27893
6.85 0.559839 -1.26991
6.86 0.494665 -1.26041
6.87 0.429261 -1.25043
6.88 0.363653 -1.23997
6.89 0.297865 -1.22904
6.9 0.231921 -1.21764
6.91 0.165846 -1.20578
6.92 0.0996648 -1.19345
6.93 0.0334022 -1.18066
6.94 -0.032917 -1.16742
6.95 -0.0992676 -1.15374
6.96 -0.165625 -1.1396
6.97 -0.231963 -1.12503
6.98 -0.298258 -1.11002
6.99 -0.364484 -1.09458
7 -0.430615 -1.07872
7.01 -0.496628 -1.06244
7.02 -0.562495 -1.04574
7.03 -0.628193 -1.02864
7.04 -0.693697 -1.01113
7.05 -0.75898 -0.993228
7.06 -0.824017 -0.974937
7.07 -0.888785 -0.956263
7.08 -0.953257 -0.937213
7.09 -1.01741 -0.917793
7.1 -1.08122 -0.898011
7.11 -1.14465 -0.877873
7.12 -1.2077 -0.857387
7.13 -1.27032 -0.836561
7.14 -1.3325 -0.815401
7.15 -1.39421 -0.793915
7.16 -1.45543 -0.772112
7.17 -1.51614 -0.749999
7.18 -1.5763 -0.727585
7.19 -1.6359 -0.704877
7.2 -1.69492 -0.681884
7.21 -1.75332 -0.658614
7.22 -1.81109 -0.635077
7.23 -1.8682 -0.61128
7.24 -1.92464 -0.587234
7.25 -1.98037 -0.562946
7.26 -2.03538 -0.538426
7.27 -2.08964 -0.513682
7.28 -2.14313 -0.488725
7.29 -2.19584 -0.463564
7.3 -2.24773 -0.438208
7.31 -2.2988 -0.412666
7.32 -2.34901 -0.386949
7.33 -2.39834 -0.361067
7.34 -2.44679 -0.335028
7.35 -2.49432 -0.308843
7.36 -2.54092 -0.282522
7.37 -2.58657 -0.256075
7.38 -2.63125 -0.229512
7.39 -2.67494 -0.202844
7.4 -2.71763 -0.17608
7.41 -2.75929 -0.149231
7.42 -2.79991 -0.122307
7.43 -2.83948 -0.0953194
7.44 -2.87796 -0.0682774
7.45 -2.91536 -0.041192
7.46 -2.95165 -0.0140737
7.47 -2.98682 0.013067
7.48 -3.02086 0.0402194
7.49 -3.05374 0.067373
7.5 -3.08545 0.0945172
7.51 -3.11599 0.121641
7.52 -3.14534 0.148735
7.53 -3.17348 0.175787
7.54 -3.2004 0.202787
7.55 -3.22609 0.229724
7.56 -3.25055 0.256588
7.57 -3.27375 0.283369
7.58 -3.29569 0.310055
7.59 -3.31636 0.336635
7.6 -3.33575 0.363101
7.61 -3.35385 0.38944
7.62 -3.37065 0.415642
7.63 -3.38615 0.441697
7.64 -3.40033 0.467595
7.65 -3.41319 0.493325
7.66 -3.42473 0.518877
7.67 -3.43493 0.54424
7.68 -3.44379 0.569405
7.69 -3.45131 0.594361
7.7 -3.45749 0.619099
7.71 -3.46231 0.643607
7.72 -3.46578 0.667877
7.73 -3.46789 0.691898
7.74 -3.46864 0.715661
7.75 -3.46803 0.739156
7.76 -3.46606 0.762373
7.77 -3.46273 0.785303
7.78 -3.45803 0.807937
7.79 -3.45197 0.830266
7.8 -3.44455 0.852279
7.81 -3.43577 0.873969
7.82 -3.42564 0.895326
7.83 -3.41415 0.916341
7.84 -3.40131 0.937007
7.85 -3.38712 0.957313
7.86 -3.37159 0.977252
7.87 -3.35472 0.996816
7.88 -3.33651 1.016
7.89 -3.31698 1.03478
7.9 -3.29613 1.05317
7.91 -3.27397 1.07115
7.92 -3.2505 1.08872
7.93 -3.22573 1.10587
7.94 -3.19968 1.12258
7.95 -3.17234 1.13886
7.96 -3.14374 1.1547
7.97 -3.11387 1.17008
7.98 -3.08276 1.18501
7.99 -3.05041 1.19948
8 -3.01683 1.21347
8.01 -2.98204 1.22699
8.02 -2.94604 1.24003
8.03 -2.90886 1.25258
8.04 -2.87051 1.26465
8.05 -2.831 1.27621
8.06 -2.79034 1.28727
8.07 -2.74855 1.29782
8.08 -2.70565 1.30786
8.09 -2.66165 1.31739
8.1 -2.61657 1.32639
8.11 -2.57043 1.33487
8.12 -2.52324 1.34282
8.13 -2.47502 1.35023
8.14 -2.42579 1.35711
8.15 -2.37557 1.36345
8.16 -2.32438 1.36925
8.17 -2.27224 1.37451
8.18 -2.21917 1.37921
8.19 -2.16518 1.38337
8.2 -2.11031 1.38697
8.21 -2.05456 1.39002
8.22 -1.99797 1.39251
8.23 -1.94056 1.39445
8.24 -1.88234 1.39582
8.25 -1.82334 1.39664
8.26 -1.76358 1.3969
8.27 -1.7031 1.39659
8.28 -1.6419 1.39573
8.29 -1.58001 1.3943
8.3 -1.51747 1.39231
8.31 -1.45429 1.38976
8.32 -1.3905 1.38665
8.33 -1.32612 1.38299
8.34 -1.26119 1.37876
8.35 -1.19572 1.37397
8.36 -1.12974 1.36863
8.37 -1.06328 1.36273
8.38 -0.996358 1.35629
8.39 -0.929013 1.34929
8.4 -0.861265 1.34174
8.41 -0.793143 1.33365
8.42 -0.724674 1.32502
8.43 -0.655885 1.31584
8.44 -0.586804 1.30614
8.45 -0.517458 1.29589
8.46 -0.447877 1.28513
8.47 -0.378087 1.27383
8.48 -0.308117 1.26202
8.49 -0.237995 1.24969
8.5 -0.167751 1.23684
8.51 -0.0974111 1.2235
8.52 -0.0270055 1.20965
8.53 0.0434377 1.1953
8.54 0.11389 1.18046
8.55 0.184322 1.16514
8.56 0.254706 1.14934
8.57 0.325012 1.13306
8.58 0.395213 1.11632
8.59 0.465278 1.09912
8.6 0.53518 1.08146
8.61 0.60489 1.06336
8.62 0.674379 1.04482
8.63 0.743619 1.02584
8.64 0.812581 1.00644
8.65 0.881237 0.986624
8.66 0.949558 0.966397
8.67 1.01752 0.945768
8.68 1.08508 0.924746
8.69 1.15223 0.903338
8.7 1.21894 0.881554
8.71 1.28516 0.859401
8.72 1.35089 0.83689
8.73 1.41609 0.814028
8.74 1.48073 0.790825
8.75 1.54479 0.767291
8.76 1.60823 0.743434
8.77 1.67105 0.719264
8.78 1.7332 0.694791
8.79 1.79466 0.670025
8.8 1.8554 0.644976
8.81 1.91541 0.619653
8.82 1.97465 0.594068
8.83 2.03311 0.56823
8.84 2.09074 0.54215
8.85 2.14754 0.515838
8.86 2.20348 0.489306
8.87 2.25853 0.462563
8.88 2.31267 0.435621
8.89 2.36588 0.408492
8.9 2.41813 0.381185
8.91 2.46941 0.353711
8.92 2.51969 0.326084
8.93 2.56894 0.298312
8.94 2.61716 0.270409
8.95 2.66431 0.242385
8.96 2.71038 0.214252
8.97 2.75535 0.186021
8.98 2.7992 0.157705
8.99 2.84191 0.129314
9 2.88346 0.10086
9.01 2.92383 0.0723557
9.02 2.96301 0.0438121
9.03 3.00098 0.0152412
9.04 3.03772 -0.0133452
9.05 3.07322 -0.0419353
9.06 3.10746 -0.0705171
9.07 3.14042 -0.0990789
9.08 3.1721 -0.127609
9.09 3.20247 -0.156095
9.1 3.23153 -0.184526
9.11 3.25926 -0.212889
9.12 3.28565 -0.241173
9.13 3.31069 -0.269365
9.14 3.33436 -0.297455
9.15 3.35666 -0.325431
9.16 3.37757 -0.35328
9.17 3.39709 -0.380991
9.18 3.4152 -0.408553
9.19 3.43191 -0.435953
9.2 3.44719 -0.463181
9.21 3.46105 -0.490225
9.22 3.47348 -0.517074
9.23 3.48446 -0.543716
9.24 3.49401 -0.570139
9.25 3.5021 -0.596334
9.26 3.50874 -0.622289
9.27 3.51392 -0.647993
9.28 3.51764 -0.673434
9.29 3.5199 -0.698603
9.3 3.52069 -0.723489
9.31 3.52002 -0.74808
9.32 3.51788 -0.772367
9.33 3.51427 -0.79634
9.34 3.5092 -0.819987
9.35 3.50267 -0.8433
9.36 3.49467 -0.866267
9.37 3.48521 -0.88888
9.38 3.4743 -0.911129
9.39 3.46193 -0.933003
9.4 3.44812 -0.954495
9.41 3.43286 -0.975593
9.42 3.41616 -0.996291
9.43 3.39803 -1.01658
9.44 3.37848 -1.03645
9.45 3.3575 -1.05589
9.46 3.33512 -1.07489
9.47 3.31134 -1.09345
9.48 3.28616 -1.11156
9.49 3.25961 -1.1292
9.5 3.23168 -1.14638
9.51 3.20239 -1.16309
9.52 3.17175 -1.17931
9.53 3.13977 -1.19504
9.54 3.10647 -1.21027
9.55 3.07186 -1.22501
9.56 3.03595 -1.23923
9.57 2.99876 -1.25294
9.58 2.9603 -1.26612
9.59 2.92059 -1.27878
9.6 2.87964 -1.2909
9.61 2.83747 -1.30249
9.62 2.7941 -1.31353
9.63 2.74955 -1.32402
9.64 2.70383 -1.33396
9.65 2.65696 -1.34334
9.66 2.60896 -1.35215
9.67 2.55985 -1.36041
9.68 2.50965 -1.36809
9.69 2.45838 -1.3752
9.7 2.40607 -1.38173
9.71 2.35273 -1.38768
9.72 2.29838 -1.39305
9.73 2.24305 -1.39783
9.74 2.18677 -1.40203
9.75 2.12955 -1.40563
9.76 2.07141 -1.40865
9.77 2.01239 -1.41107
9.78 1.95251 -1.41289
9.79 1.89179 -1.41413
9.8 1.83025 -1.41476
9.81 1.76793 -1.4148
9.82 1.70484 -1.41424
9.83 1.64102 -1.41308
9.84 1.57649 -1.41133
9.85 1.51128 -1.40898
9.86 1.44542 -1.40604
9.87 1.37893 -1.4025
9.88 1.31183 -1.39836
9.89 1.24417 -1.39364
9.9 1.17597 -1.38832
9.91 1.10725 -1.38241
9.92 1.03805 -1.37592
9.93 0.96839 -1.36885
9.94 0.898305 -1.36119
9.95 0.827824 -1.35296
9.96 0.756974 -1.34415
9.97 0.685788 -1.33476
9.98 0.614294 -1.32482
9.99 0.542524 -1.3143
10 0.470506 -1.30323
10.01 0.398272 -1.2916
10.02 0.325853 -1.27942
10.03 0.253278 -1.2667
10.04 0.18058 -1.25344
10.05 0.107788 -1.23964
10.06 0.0349336 -1.22531
10.07 -0.0379522 -1.21046
10.08 -0.110838 -1.19509
10.09 -0.183694 -1.17921
10.1 -0.256488 -1.16282
10.11 -0.32919 -1.14594
10.12 -0.401768 -1.12857
10.13 -0.474192 -1.11071
10.14 -0.54643 -1.09237
10.15 -0.618451 -1.07357
10.16 -0.690226 -1.05431
10.17 -0.761723 -1.03459
10.18 -0.832911 -1.01443
10.19 -0.903761 -0.993832
10.2 -0.974241 -0.972806
10.21 -1.04432 -0.951362
10.22 -1.11397 -0.929507
10.23 -1.18316 -0.907252
10.24 -1.25187 -0.884605
10.25 -1.32005 -0.861577
10.26 -1.38769 -0.838175
10.27 -1.45474 -0.814412
10.28 -1.5212 -0.790296
10.29 -1.58701 -0.765837
10.3 -1.65217 -0.741047
10.31 -1.71663 -0.715935
10.32 -1.78037 -0.690511
10.33 -1.84337 -0.664788
10.34 -1.90559 -0.638775
10.35 -1.96701 -0.612484
10.36 -2.02761 -0.585926
10.37 -2.08735 -0.559112
10.38 -2.14621 -0.532053
10.39 -2.20416 -0.504761
10.4 -2.26119 -0.477247
10.41 -2.31726 -0.449524
10.42 -2.37234 -0.421603
10.43 -2.42643 -0.393495
10.44 -2.47949 -0.365213
10.45 -2.53149 -0.336769
10.46 -2.58243 -0.308176
10.47 -2.63227 -0.279444
10.48 -2.68099 -0.250587
10.49 -2.72857 -0.221617
10.5 -2.77499 -0.192545
10.51 -2.82023 -0.163386
10.52 -2.86428 -0.134151
10.53 -2.9071 -0.104852
10.54 -2.94869 -0.0755022
10.55 -2.98901 -0.0461145
10.56 -3.02807 -0.0167011
10.57 -3.06583 0.0127252
10.58 -3.10228 0.0421519
10.59 -3.13741 0.0715663
10.6 -3.1712 0.100956
10.61 -3.20364 0.130307
10.62 -3.2347 0.159609
10.63 -3.26438 0.188848
10.64 -3.29266 0.218011
10.65 -3.31954 0.247086
10.66 -3.34499 0.27606
10.67 -3.36901 0.304922
10.68 -3.39158 0.333657
10.69 -3.4127 0.362255
10.7 -3.43236 0.390702
10.71 -3.45054 0.418987
10.72 -3.46724 0.447097
10.73 -3.48246 0.475019
10.74 -3.49617 0.502742
10.75 -3.50838 0.530254
10.76 -3.51909 0.557543
10.77 -3.52828 0.584597
10.78 -3.53595 0.611403
10.79 -3.5421 0.637952
10.8 -3.54672 0.66423
10.81 -3.54982 0.690227
10.82 -3.55139 0.715931
10.83 -3.55142 0.741331
10.84 -3.54992 0.766416
10.85 -3.5469 0.791175
10.86 -3.54234 0.815597
10.87 -3.53625 0.839671
10.88 -3.52863 0.863387
10.89 -3.51949 0.886735
10.9 -3.50883 0.909705
10.91 -3.49665 0.932285
10.92 -3.48296 0.954467
10.93 -3.46776 0.97624
10.94 -3.45106 0.997596
10.95 -3.43286 1.01852
10.96 -3.41318 1.03902
10.97 -3.39202 1.05906
10.98 -3.36939 1.07865
10.99 -3.3453 1.09778
11 -3.31976 1.11644
11.01 -3.29277 1.13462
11.02 -3.26436 1.15231
11.03 -3.23453 1.1695
11.04 -3.20329 1.18619
11.05 -3.17066 1.20237
11.06 -3.13666 1.21803
11.07 -3.10129 1.23317
11.08 -3.06457 1.24778
11.09 -3.02651 1.26185
11.1 -2.98714 1.27537
11.11 -2.94647 1.28834
11.12 -2.90451 1.30076
11.13 -2.86129 1.31261
11.14 -2.81682 1.3239
11.15 -2.77112 1.33462
11.16 -2.72421 1.34476
11.17 -2.67611 1.35431
11.18 -2.62684 1.36328
11.19 -2.57642 1.37167
11.2 -2.52488 1.37945
11.21 -2.47223 1.38664
11.22 -2.4185 1.39323
11.23 -2.36371 1.39922
11.24 -2.30789 1.40459
11.25 -2.25105 1.40936
11.26 -2.19323 1.41352
11.27 -2.13445 1.41706
11.28 -2.07472 1.41999
11.29 -2.01409 1.4223
11.3 -1.95257 1.424
11.31 -1.89019 1.42507
11.32 -1.82698 1.42553
11.33 -1.76297 1.42536
11.34 -1.69818 1.42458
11.35 -1.63264 1.42318
11.36 -1.56638 1.42115
11.37 -1.49942 1.41851
11.38 -1.4318 1.41525
11.39 -1.36355 1.41137
11.4 -1.2947 1.40688
11.41 -1.22527 1.40177
11.42 -1.15529 1.39606
11.43 -1.08481 1.38973
11.44 -1.01383 1.3828
11.45 -0.942408 1.37526
11.46 -0.870562 1.36713
11.47 -0.798325 1.35839
11.48 -0.725728 1.34906
11.49 -0.652804 1.33915
11.5 -0.579585 1.32864
11.51 -0.506101 1.31756
11.52 -0.432386 1.3059
11.53 -0.35847 1.29367
11.54 -0.284387 1.28087
11.55 -0.210169 1.26751
11.56 -0.135848 1.2536
11.57 -0.0614561 1.23914
11.58 0.0129735 1.22413
11.59 0.0874085 1.20859
11.6 0.161816 1.19251
11.61 0.236165 1.17592
11.62 0.310421 1.1588
11.63 0.384552 1.14118
11.64 0.458527 1.12306
11.65 0.532312 1.10444
11.66 0.605875 1.08534
11.67 0.679184 1.06576
11.68 0.752206 1.04571
11.69 0.82491 1.0252
11.7 0.897264 1.00424
11.71 0.969236 0.98284
11.72 1.04079 0.961005
11.73 1.11191 0.938745
11.74 1.18254 0.916072
11.75 1.25267 0.892995
11.76 1.32226 0.869524
11.77 1.39129 0.845668
11.78 1.45971 0.821439
11.79 1.5275 0.796846
11.8 1.59464 0.771901
11.81 1.66108 0.746615
11.82 1.72681 0.720998
11.83 1.79178 0.695061
11.84 1.85599 0.668816
11.85 1.91938 0.642274
11.86 1.98195 0.615447
11.87 2.04366 0.588346
11.88 2.10447 0.560983
11.89 2.16438 0.533371
11.9 2.22334 0.505521
11.91 2.28133 0.477445
11.92 2.33833 0.449156
11.93 2.39432 0.420667
11.94 2.44926 0.391988
11.95 2.50313 0.363134
11.96 2.55591 0.334116
11.97 2.60758 0.304948
11.98 2.65811 0.275641
11.99 2.70747 0.24621
12 2.75566 0.216667
12.01 2.80264 0.187024
12.02 2.84839 0.157296
12.03 2.89291 0.127494
12.04 2.93615 0.0976325
12.05 2.97811 0.0677239
12.06 3.01877 0.0377816
12.07 3.0581 0.00781878
12.08 3.0961 -0.0221515
12.09 3.13274 -0.0521159
12.1 3.168 -0.0820614
12.11 3.20188 -0.111975
12.12 3.23436 -0.141843
12.13 3.26541 -0.171652
12.14 3.29503 -0.20139
12.15 3.32321 -0.231043
12.16 3.34992 -0.260598
12.17 3.37517 -0.290042
12.18 3.39893 -0.319363
12.19 3.4212 -0.348546
12.2 3.44197 -0.37758
12.21 3.46122 -0.406451
12.22 3.47895 -0.435147
12.23 3.49515 -0.463654
12.24 3.50981 -0.491962
12.25 3.52292 -0.520055
12.26 3.53449 -0.547924
12.27 3.5445 -0.575554
12.28 3.55295 -0.602934
12.29 3.55983 -0.630051
12.3 3.56514 -0.656895
12.31 3.56889 -0.683451
12.32 3.57106 -0.70971
12.33 3.57165 -0.735659
12.34 3.57067 -0.761287
12.35 3.56811 -0.786582
12.36 3.56398 -0.811533
12.37 3.55827 -0.836128
12.38 3.551 -0.860358
12.39 3.54215 -0.884211
12.4 3.53174 -0.907677
12.41 3.51977 -0.930744
12.42 3.50625 -0.953404
12.43 3.49117 -0.975645
12.44 3.47455 -0.997458
12.45 3.4564 -1.01883
12.46 3.43671 -1.03976
12.47 3.4155 -1.06023
12.48 3.39278 -1.08024
12.49 3.36856 -1.09976
12.5 3.34285 -1.11881
12.51 3.31566 -1.13736
12.52 3.287 -1.15542
12.53 3.25688 -1.17296
12.54 3.22531 -1.18999
12.55 3.19232 -1.20649
12.56 3.15791 -1.22246
12.57 3.1221 -1.23789
12.58 3.0849 -1.25278
12.59 3.04634 -1.26711
12.6 3.00642 -1.28089
12.61 2.96517 -1.2941
12.62 2.9226 -1.30674
12.63 2.87873 -1.3188
12.64 2.83358 -1.33028
12.65 2.78718 -1.34117
12.66 2.73953 -1.35147
12.67 2.69066 -1.36117
12.68 2.6406 -1.37027
12.69 2.58936 -1.37876
12.7 2.53697 -1.38664
12.71 2.48344 -1.39391
12.72 2.42882 -1.40057
12.73 2.3731 -1.4066
12.74 2.31633 -1.41201
12.75 2.25853 -1.4168
12.76 2.19972 -1.42095
12.77 2.13993 -1.42448
12.78 2.07918 -1.42738
12.79 2.0175 -1.42964
12.8 1.95493 -1.43127
12.81 1.89147 -1.43227
12.82 1.82717 -1.43263
12.83 1.76206 -1.43235
12.84 1.69615 -1.43144
12.85 1.62949 -1.42989
12.86 1.56209 -1.42771
12.87 1.494 -1.4249
12.88 1.42523 -1.42145
12.89 1.35582 -1.41737
12.9 1.2858 -1.41266
12.91 1.21521 -1.40732
12.92 1.14406 -1.40136
12.93 1.07241 -1.39478
12.94 1.00026 -1.38757
12.95 0.927668 -1.37975
12.96 0.854653 -1.37131
12.97 0.781251 -1.36226
12.98 0.707493 -1.35261
12.99 0.633414 -1.34235
13 0.559044 -1.3315
13.01 0.484419 -1.32005
13.02 0.40957 -1.30802
13.03 0.334531 -1.2954
13.04 0.259336 -1.2822
13.05 0.184017 -1.26844
13.06 0.108609 -1.2541
13.07 0.033144 -1.23921
13.08 -0.0423432 -1.22377
13.09 -0.117819 -1.20778
13.1 -0.193251 -1.19125
13.11 -0.268605 -1.17419
13.12 -0.343846 -1.1566
13.13 -0.418943 -1.1385
13.14 -0.49386 -1.11989
13.15 -0.568566 -1.10078
13.16 -0.643026 -1.08117
13.17 -0.717207 -1.06109
13.18 -0.791076 -1.04052
13.19 -0.864601 -1.0195
13.2 -0.937748 -0.998014
13.21 -1.01048 -0.976084
13.22 -1.08278 -0.953717
13.23 -1.1546 -0.930922
13.24 -1.22591 -0.907711
13.25 -1.29668 -0.884093
13.26 -1.36688 -0.860078
13.27 -1.43648 -0.835677
13.28 -1.50545 -0.810902
13.29 -1.57375 -0.785763
13.3 -1.64135 -0.76027
13.31 -1.70824 -0.734437
13.32 -1.77436 -0.708273
13.33 -1.8397 -0.681791
13.34 -1.90423 -0.655002
13.35 -1.96791 -0.627918
13.36 -2.03073 -0.600551
13.37 -2.09264 -0.572914
13.38 -2.15362 -0.545019
13.39 -2.21365 -0.516877
13.4 -2.2727 -0.488502
13.41 -2.33074 -0.459906
13.42 -2.38774 -0.431103
13.43 -2.44369 -0.402104
13.44 -2.49854 -0.372922
13.45 -2.55229 -0.343572
13.46 -2.6049 -0.314065
13.47 -2.65636 -0.284415
13.48 -2.70663 -0.254635
13.49 -2.7557 -0.224739
13.5 -2.80354 -0.194739
13.51 -2.85014 -0.16465
13.52 -2.89542 -0.134514
