0 -0 -0
0.08 -8.16679e-13 7.61325e-17
0.16 -7.67349e-11 1.85297e-14
0.12 -1.67681e-11 3.02535e-15
0.1 -4.79349e-12 6.73086e-16
0.09 -2.09314e-12 2.47058e-16
0.1 -4.85893e-12 7.06764e-16
0.11 -1.04094e-11 1.82824e-15
0.12 -2.08692e-11 4.35282e-15
0.13 -3.95717e-11 9.66674e-15
0.14 -7.15557e-11 2.02329e-14
0.15 -1.24202e-10 4.02408e-14
0.16 -2.0803e-10 7.65548e-14
0.17 -3.37688e-10 1.40062e-13
0.18 -5.33151e-10 2.47544e-13
0.19 -8.21169e-10 4.24221e-13
0.2 -1.23698e-09 7.07155e-13
0.21 -1.82636e-09 1.14972e-12
0.22 -2.64792e-09 1.82741e-12
0.23 -3.77594e-09 2.84523e-12
0.24 -5.30343e-09 4.34709e-12
0.25 -7.34577e-09 6.52754e-12
0.26 -1.00448e-08 9.64626e-12
0.27 -1.35732e-08 1.40459e-11
0.28 -1.81403e-08 2.01739e-11
0.29 -2.39969e-08 2.86084e-11
0.3 -3.14426e-08 4.009e-11
0.31 -4.08323e-08 5.55591e-11
0.32 -5.25845e-08 7.62001e-11
0.33 -6.71897e-08 1.03494e-10
0.34 -8.52198e-08 1.39279e-10
0.35 -1.07339e-07 1.85823e-10
0.36 -1.34314e-07 2.45903e-10
0.37 -1.67028e-07 3.22906e-10
0.38 -2.06492e-07 4.20932e-10
0.39 -2.5386e-07 5.44924e-10
0.4 -3.10447e-07 7.0081e-10
0.41 -3.77739e-07 8.95665e-10
0.42 -4.5742e-07 1.13789e-09
0.43 -5.51383e-07 1.43744e-09
0.44 -6.61755e-07 1.80602e-09
0.45 -7.90918e-07 2.25739e-09
0.46 -9.4153e-07 2.80762e-09
0.47 -1.11655e-06 3.47545e-09
0.48 -1.31928e-06 4.28262e-09
0.49 -1.55336e-06 5.2543e-09
0.5 -1.82282e-06 6.41954e-09
0.51 -2.13212e-06 7.81173e-09
0.52 -2.48616e-06 9.46919e-09
0.53 -2.89032e-06 1.14357e-08
0.54 -3.3505e-06 1.37613e-08
0.55 -3.87318e-06 1.65027e-08
0.56 -4.46542e-06 1.97246e-08
0.57 -5.13492e-06 2.34998e-08
0.58 -5.89007e-06 2.79111e-08
0.59 -6.74e-06 3.30512e-08
0.6 -7.6946e-06 3.90247e-08
0.61 -8.76459e-06 4.5949e-08
0.62 -9.96159e-06 5.39555e-08
0.63 -1.12981e-05 6.3191e-08
0.64 -1.27878e-05 7.38193e-08
0.65 -1.4445e-05 8.60228e-08
0.66 -1.62857e-05 1.00004e-07
0.67 -1.83265e-05 1.15989e-07
0.68 -2.05857e-05 1.34226e-07
0.69 -2.30826e-05 1.54991e-07
0.7 -2.5838e-05 1.78588e-07
0.71 -2.88741e-05 2.05353e-07
0.72 -3.22147e-05 2.35655e-07
0.73 -3.58852e-05 2.69901e-07
0.74 -3.99125e-05 3.08536e-07
0.75 -4.43254e-05 3.52049e-07
0.76 -4.91545e-05 4.00974e-07
0.77 -5.44325e-05 4.55896e-07
0.78 -6.01937e-05 5.17455e-07
0.79 -6.6475e-05 5.86345e-07
0.8 -7.33152e-05 6.63325e-07
0.81 -8.07554e-05 7.4922e-07
0.82 -8.88391e-05 8.44927e-07
0.83 -9.76124e-05 9.51417e-07
0.84 -0.000107124 1.06975e-06
0.85 -0.000117425 1.20106e-06
0.86 -0.00012857 1.34658e-06
0.87 -0.000140615 1.50766e-06
0.88 -0.000153621 1.68573e-06
0.89 -0.00016765 1.88235e-06
0.9 -0.00018277 2.09919e-06
0.91 -0.00019905 2.33805e-06
0.92 -0.000216563 2.60089e-06
0.93 -0.000235386 2.88977e-06
0.94 -0.0002556 3.20694e-06
0.95 -0.000277288 3.5548e-06
0.96 -0.00030054 3.93591e-06
0.97 -0.000325448 4.35303e-06
0.98 -0.000352107 4.80911e-06
0.99 -0.00038062 5.3073e-06
1 -0.000411092 5.85096e-06
1.01 -0.000443633 6.44367e-06
1.02 -0.000478357 7.08928e-06
1.03 -0.000515385 7.79186e-06
1.04 -0.00055484 8.55575e-06
1.05 -0.000596854 9.38557e-06
1.06 -0.00064156 1.02863e-05
1.07 -0.0006891 1.1263e-05
1.08 -0.000739619 1.23214e-05
1.09 -0.00079327 1.34673e-05
1.1 -0.000850209 1.4707e-05
1.11 -0.000910601 1.60471e-05
1.12 -0.000974614 1.74946e-05
1.13 -0.00104243 1.90568e-05
1.14 -0.00111422 2.07418e-05
1.15 -0.00119018 2.25576e-05
1.16 -0.0012705 2.45132e-05
1.17 -0.0013554 2.66178e-05
1.18 -0.00144506 2.88811e-05
1.19 -0.00153972 3.13135e-05
1.2 -0.0016396 3.39257e-05
1.21 -0.00174492 3.67292e-05
1.22 -0.00185593 3.97362e-05
1.23 -0.00197286 4.29591e-05
1.24 -0.00209598 4.64114e-05
1.25 -0.00222555 5.01071e-05
1.26 -0.00236183 5.40608e-05
1.27 -0.0025051 5.82881e-05
1.28 -0.00265565 6.28051e-05
1.29 -0.00281377 6.76289e-05
1.3 -0.00297976 7.27772e-05
1.31 -0.00315394 7.82688e-05
1.32 -0.00333663 8.41232e-05
1.33 -0.00352815 9.0361e-05
1.34 -0.00372884 9.70036e-05
1.35 -0.00393904 0.000104073
1.36 -0.00415912 0.000111594
1.37 -0.00438944 0.00011959
1.38 -0.00463036 0.000128086
1.39 -0.00488228 0.00013711
1.4 -0.00514559 0.000146689
1.41 -0.00542069 0.000156853
1.42 -0.00570798 0.000167632
1.43 -0.0060079 0.000179057
1.44 -0.00632088 0.000191162
1.45 -0.00664734 0.00020398
1.46 -0.00698776 0.000217548
1.47 -0.00734257 0.000231902
1.48 -0.00771227 0.000247082
1.49 -0.00809732 0.000263127
1.5 -0.00849821 0.00028008
1.51 -0.00891546 0.000297983
1.52 -0.00934956 0.000316882
1.53 -0.00980104 0.000336823
1.54 -0.0102704 0.000357855
1.55 -0.0107583 0.000380029
1.56 -0.0112651 0.000403397
1.57 -0.0117915 0.000428012
1.58 -0.012338 0.000453932
1.59 -0.0129053 0.000481213
1.6 -0.0134938 0.000509916
1.61 -0.0141043 0.000540104
1.62 -0.0147372 0.000571841
1.63 -0.0153933 0.000605194
1.64 -0.0160732 0.000640231
1.65 -0.0167774 0.000677023
1.66 -0.0175067 0.000715645
1.67 -0.0182617 0.000756172
1.68 -0.0190431 0.000798683
1.69 -0.0198516 0.000843259
1.7 -0.0206877 0.000889983
1.71 -0.0215524 0.000938942
1.72 -0.0224461 0.000990224
1.73 -0.0233697 0.00104392
1.74 -0.0243238 0.00110013
1.75 -0.0253093 0.00115894
1.76 -0.0263268 0.00122047
1.77 -0.0273771 0.0012848
1.78 -0.0284609 0.00135205
1.79 -0.029579 0.00142233
1.8 -0.0307321 0.00149574
1.81 -0.0319211 0.00157241
1.82 -0.0331467 0.00165245
1.83 -0.0344097 0.00173599
1.84 -0.0357109 0.00182315
1.85 -0.0370512 0.00191405
1.86 -0.0384312 0.00200884
1.87 -0.0398518 0.00210765
1.88 -0.0413139 0.00221061
1.89 -0.0428183 0.00231787
1.9 -0.0443657 0.00242958
1.91 -0.045957 0.00254589
1.92 -0.0475932 0.00266695
1.93 -0.0492749 0.00279291
1.94 -0.051003 0.00292394
1.95 -0.0527784 0.00306021
1.96 -0.054602 0.00320189
1.97 -0.0564745 0.00334914
1.98 -0.0583969 0.00350215
1.99 -0.06037 0.0036611
2 -0.0623946 0.00382616
2.01 -0.0644716 0.00399754
2.02 -0.0666018 0.00417543
2.03 -0.0687862 0.00436002
2.04 -0.0710255 0.00455151
2.05 -0.0733206 0.00475012
2.06 -0.0756724 0.00495605
2.07 -0.0780817 0.00516951
2.08 -0.0805494 0.00539074
2.09 -0.0830762 0.00561994
2.1 -0.0856631 0.00585735
2.11 -0.0883108 0.0061032
2.12 -0.0910203 0.00635773
2.13 -0.0937922 0.00662118
2.14 -0.0966275 0.0068938
2.15 -0.099527 0.00717583
2.16 -0.102491 0.00746752
2.17 -0.105522 0.00776915
2.18 -0.108618 0.00808097
2.19 -0.111782 0.00840324
2.2 -0.115014 0.00873625
2.21 -0.118315 0.00908027
2.22 -0.121686 0.00943557
2.23 -0.125127 0.00980245
2.24 -0.128638 0.0101812
2.25 -0.132222 0.0105721
2.26 -0.135878 0.0109755
2.27 -0.139607 0.0113916
2.28 -0.14341 0.0118208
2.29 -0.147288 0.0122633
2.3 -0.151241 0.0127196
2.31 -0.155269 0.0131899
2.32 -0.159374 0.0136745
2.33 -0.163555 0.0141738
2.34 -0.167814 0.0146881
2.35 -0.172152 0.0152177
2.36 -0.176567 0.015763
2.37 -0.181062 0.0163243
2.38 -0.185636 0.016902
2.39 -0.190291 0.0174964
2.4 -0.195025 0.0181079
2.41 -0.199841 0.0187368
2.42 -0.204738 0.0193834
2.43 -0.209716 0.0200483
2.44 -0.214777 0.0207317
2.45 -0.21992 0.0214339
2.46 -0.225145 0.0221555
2.47 -0.230453 0.0228966
2.48 -0.235844 0.0236578
2.49 -0.241318 0.0244394
2.5 -0.246876 0.0252418
2.51 -0.252517 0.0260654
2.52 -0.258242 0.0269106
2.53 -0.264051 0.0277777
2.54 -0.269943 0.0286671
2.55 -0.275919 0.0295793
2.56 -0.281979 0.0305147
2.57 -0.288122 0.0314735
2.58 -0.294349 0.0324564
2.59 -0.300659 0.0334635
2.6 -0.307052 0.0344954
2.61 -0.313528 0.0355525
2.62 -0.320087 0.036635
2.63 -0.326728 0.0377435
2.64 -0.333452 0.0388784
2.65 -0.340257 0.04004
2.66 -0.347143 0.0412288
2.67 -0.35411 0.042445
2.68 -0.361157 0.0436893
2.69 -0.368283 0.0449619
2.7 -0.375489 0.0462632
2.71 -0.382773 0.0475936
2.72 -0.390135 0.0489536
2.73 -0.397574 0.0503434
2.74 -0.405089 0.0517636
2.75 -0.412679 0.0532144
2.76 -0.420343 0.0546964
2.77 -0.428081 0.0562097
2.78 -0.435892 0.0577549
2.79 -0.443773 0.0593322
2.8 -0.451725 0.0609421
2.81 -0.459747 0.0625849
2.82 -0.467836 0.064261
2.83 -0.475991 0.0659707
2.84 -0.484212 0.0677143
2.85 -0.492497 0.0694922
2.86 -0.500845 0.0713047
2.87 -0.509254 0.0731522
2.88 -0.517722 0.075035
2.89 -0.526248 0.0769533
2.9 -0.534831 0.0789075
2.91 -0.543468 0.0808978
2.92 -0.552157 0.0829246
2.93 -0.560898 0.0849882
2.94 -0.569688 0.0870887
2.95 -0.578526 0.0892264
2.96 -0.587408 0.0914016
2.97 -0.596334 0.0936146
2.98 -0.6053 0.0958655
2.99 -0.614306 0.0981545
3 -0.623348 0.100482
3.01 -0.632424 0.102848
3.02 -0.641533 0.105252
3.03 -0.650671 0.107696
3.04 -0.659836 0.110178
3.05 -0.669026 0.1127
3.06 -0.678238 0.115261
3.07 -0.687469 0.117861
3.08 -0.696717 0.120501
3.09 -0.705979 0.12318
3.1 -0.715252 0.125899
3.11 -0.724534 0.128657
3.12 -0.73382 0.131455
3.13 -0.743109 0.134292
3.14 -0.752398 0.13717
3.15 -0.761682 0.140086
3.16 -0.77096 0.143043
3.17 -0.780227 0.146038
3.18 -0.789481 0.149073
3.19 -0.798718 0.152147
3.2 -0.807935 0.155261
3.21 -0.817128 0.158413
3.22 -0.826294 0.161604
3.23 -0.83543 0.164833
3.24 -0.844531 0.168101
3.25 -0.853595 0.171407
3.26 -0.862617 0.17475
3.27 -0.871594 0.178131
3.28 -0.880522 0.181549
3.29 -0.889397 0.185005
3.3 -0.898216 0.188496
3.31 -0.906973 0.192024
3.32 -0.915667 0.195587
3.33 -0.924291 0.199185
3.34 -0.932843 0.202818
3.35 -0.941319 0.206485
3.36 -0.949713 0.210186
3.37 -0.958023 0.21392
3.38 -0.966244 0.217687
3.39 -0.974371 0.221485
3.4 -0.9824 0.225315
3.41 -0.990328 0.229176
3.42 -0.99815 0.233066
3.43 -1.00586 0.236985
3.44 -1.01346 0.240933
3.45 -1.02093 0.244909
3.46 -1.02829 0.248911
3.47 -1.03551 0.252939
3.48 -1.04261 0.256993
3.49 -1.04956 0.26107
3.5 -1.05638 0.265171
3.51 -1.06304 0.269294
3.52 -1.06956 0.273438
3.53 -1.07593 0.277602
3.54 -1.08213 0.281786
3.55 -1.08817 0.285988
3.56 -1.09404 0.290206
3.57 -1.09974 0.294441
3.58 -1.10526 0.29869
3.59 -1.1106 0.302952
3.6 -1.11575 0.307226
3.61 -1.12071 0.311512
3.62 -1.12548 0.315806
3.63 -1.13004 0.320109
3.64 -1.13441 0.324419
3.65 -1.13856 0.328734
3.66 -1.1425 0.333053
3.67 -1.14622 0.337374
3.68 -1.14972 0.341697
3.69 -1.15299 0.346018
3.7 -1.15604 0.350338
3.71 -1.15884 0.354654
3.72 -1.16141 0.358965
3.73 -1.16374 0.363268
3.74 -1.16582 0.367563
3.75 -1.16764 0.371848
3.76 -1.16921 0.37612
3.77 -1.17052 0.380379
3.78 -1.17157 0.384622
3.79 -1.17235 0.388847
3.8 -1.17286 0.393053
3.81 -1.17309 0.397238
3.82 -1.17304 0.4014
3.83 -1.17271 0.405537
3.84 -1.17209 0.409647
3.85 -1.17119 0.413728
3.86 -1.16999 0.417778
3.87 -1.16849 0.421795
3.88 -1.16669 0.425777
3.89 -1.16459 0.429722
3.9 -1.16218 0.433628
3.91 -1.15946 0.437493
3.92 -1.15643 0.441315
3.93 -1.15308 0.445091
3.94 -1.14941 0.448819
3.95 -1.14542 0.452498
3.96 -1.14111 0.456125
3.97 -1.13647 0.459698
3.98 -1.1315 0.463214
3.99 -1.1262 0.466672
4 -1.12056 0.470069
4.01 -1.11458 0.473402
4.02 -1.10827 0.476671
4.03 -1.10162 0.479872
4.04 -1.09462 0.483003
4.05 -1.08728 0.486062
4.06 -1.07959 0.489046
4.07 -1.07155 0.491953
4.08 -1.06317 0.494782
4.09 -1.05443 0.497529
4.1 -1.04534 0.500192
4.11 -1.0359 0.50277
4.12 -1.0261 0.505259
4.13 -1.01595 0.507657
4.14 -1.00544 0.509962
4.15 -0.994576 0.512173
4.16 -0.983353 0.514285
4.17 -0.971772 0.516298
4.18 -0.959832 0.518208
4.19 -0.947535 0.520015
4.2 -0.934878 0.521714
4.21 -0.921864 0.523304
4.22 -0.90849 0.524784
4.23 -0.894759 0.526149
4.24 -0.88067 0.527399
4.25 -0.866224 0.528532
4.26 -0.851421 0.529544
4.27 -0.836263 0.530433
4.28 -0.82075 0.531199
4.29 -0.804884 0.531837
4.3 -0.788665 0.532348
4.31 -0.772095 0.532727
4.32 -0.755176 0.532973
4.33 -0.737908 0.533085
4.34 -0.720294 0.533059
4.35 -0.702336 0.532895
4.36 -0.684035 0.53259
4.37 -0.665394 0.532142
4.38 -0.646415 0.531549
4.39 -0.6271 0.53081
4.4 -0.607452 0.529923
4.41 -0.587474 0.528885
4.42 -0.567168 0.527695
4.43 -0.546537 0.526352
4.44 -0.525584 0.524853
4.45 -0.504313 0.523198
4.46 -0.482727 0.521384
4.47 -0.460829 0.519409
4.48 -0.438623 0.517274
4.49 -0.416112 0.514975
4.5 -0.393302 0.512512
4.51 -0.370195 0.509883
4.52 -0.346796 0.507087
4.53 -0.323109 0.504123
4.54 -0.299138 0.500989
4.55 -0.274889 0.497685
4.56 -0.250366 0.494209
4.57 -0.225574 0.490561
4.58 -0.200516 0.486739
4.59 -0.1752 0.482742
4.6 -0.149629 0.47857
4.61 -0.12381 0.474222
4.62 -0.0977464 0.469697
4.63 -0.0714451 0.464994
4.64 -0.0449113 0.460113
4.65 -0.0181509 0.455054
4.66 0.00883035 0.449815
4.67 0.0360265 0.444397
4.68 0.0634314 0.438798
4.69 0.0910389 0.43302
4.7 0.118843 0.427061
4.71 0.146836 0.420921
4.72 0.175014 0.4146
4.73 0.203368 0.408099
4.74 0.231892 0.401418
4.75 0.260579 0.394556
4.76 0.289423 0.387513
4.77 0.318416 0.380291
4.78 0.347551 0.372889
4.79 0.376822 0.365307
4.8 0.40622 0.357547
4.81 0.435739 0.349609
4.82 0.46537 0.341493
4.83 0.495108 0.333201
4.84 0.524943 0.324732
4.85 0.554868 0.316089
4.86 0.584875 0.307271
4.87 0.614957 0.29828
4.88 0.645106 0.289117
4.89 0.675313 0.279783
4.9 0.705571 0.27028
4.91 0.73587 0.260608
4.92 0.766204 0.25077
4.93 0.796564 0.240766
4.94 0.826941 0.230598
4.95 0.857327 0.220268
4.96 0.887714 0.209778
4.97 0.918093 0.199129
4.98 0.948455 0.188323
4.99 0.978792 0.177363
5 1.0091 0.166249
5.01 1.03936 0.154985
5.02 1.06956 0.143573
5.03 1.09971 0.132014
5.04 1.12979 0.120311
5.05 1.1598 0.108467
5.06 1.18971 0.0964831
5.07 1.21953 0.0843631
5.08 1.24925 0.0721093
5.09 1.27885 0.0597242
5.1 1.30832 0.0472107
5.11 1.33767 0.0345716
5.12 1.36688 0.0218098
5.13 1.39593 0.00892834
5.14 1.42483 -0.00406979
5.15 1.45356 -0.0171815
5.16 1.48211 -0.0304035
5.17 1.51047 -0.0437325
5.18 1.53864 -0.0571654
5.19 1.5666 -0.0706986
5.2 1.59435 -0.0843288
5.21 1.62188 -0.0980524
5.22 1.64917 -0.111866
5.23 1.67623 -0.125765
5.24 1.70303 -0.139747
5.25 1.72957 -0.153808
5.26 1.75585 -0.167944
5.27 1.78184 -0.182151
5.28 1.80756 -0.196425
5.29 1.83297 -0.210762
5.3 1.85808 -0.225158
5.31 1.88288 -0.239609
5.32 1.90736 -0.254111
5.33 1.9315 -0.26866
5.34 1.9553 -0.283251
5.35 1.97876 -0.29788
5.36 2.00186 -0.312543
5.37 2.02459 -0.327235
5.38 2.04695 -0.341952
5.39 2.06893 -0.35669
5.4 2.09051 -0.371444
5.41 2.1117 -0.386209
5.42 2.13247 -0.400981
5.43 2.15283 -0.415756
5.44 2.17277 -0.430528
5.45 2.19227 -0.445293
5.46 2.21133 -0.460046
5.47 2.22995 -0.474783
5.48 2.2481 -0.489498
5.49 2.2658 -0.504187
5.5 2.28302 -0.518846
5.51 2.29976 -0.533468
5.52 2.31602 -0.54805
5.53 2.33178 -0.562587
5.54 2.34704 -0.577073
5.55 2.36179 -0.591504
5.56 2.37602 -0.605875
5.57 2.38974 -0.62018
5.58 2.40292 -0.634416
5.59 2.41557 -0.648576
5.6 2.42768 -0.662656
5.61 2.43923 -0.676651
5.62 2.45023 -0.690556
5.63 2.46067 -0.704366
5.64 2.47055 -0.718077
5.65 2.47985 -0.731682
5.66 2.48857 -0.745177
5.67 2.4967 -0.758558
5.68 2.50425 -0.771819
5.69 2.5112 -0.784955
5.7 2.51755 -0.797961
5.71 2.52329 -0.810833
5.72 2.52842 -0.823565
5.73 2.53294 -0.836153
5.74 2.53684 -0.848592
5.75 2.54012 -0.860877
5.76 2.54276 -0.873003
5.77 2.54478 -0.884965
5.78 2.54616 -0.896758
5.79 2.5469 -0.908379
5.8 2.54699 -0.919821
5.81 2.54644 -0.931081
5.82 2.54524 -0.942154
5.83 2.54339 -0.953035
5.84 2.54088 -0.96372
5.85 2.53772 -0.974204
5.86 2.53389 -0.984483
5.87 2.52941 -0.994552
5.88 2.52425 -1.00441
5.89 2.51844 -1.01404
5.9 2.51195 -1.02346
5.91 2.5048 -1.03264
5.92 2.49697 -1.0416
5.93 2.48848 -1.05032
5.94 2.47931 -1.0588
5.95 2.46947 -1.06703
5.96 2.45895 -1.07502
5.97 2.44777 -1.08276
5.98 2.43591 -1.09025
5.99 2.42338 -1.09747
6 2.41017 -1.10443
6.01 2.3963 -1.11113
6.02 2.38175 -1.11756
6.03 2.36654 -1.12371
6.04 2.35066 -1.12959
6.05 2.33411 -1.13518
6.06 2.3169 -1.1405
6.07 2.29902 -1.14552
6.08 2.28048 -1.15026
6.09 2.26129 -1.15471
6.1 2.24144 -1.15886
6.11 2.22094 -1.16271
6.12 2.19979 -1.16626
6.13 2.17799 -1.16951
6.14 2.15556 -1.17245
6.15 2.13248 -1.17508
6.16 2.10877 -1.17741
6.17 2.08443 -1.17941
6.18 2.05947 -1.18111
6.19 2.03388 -1.18248
6.2 2.00768 -1.18354
6.21 1.98087 -1.18427
6.22 1.95345 -1.18469
6.23 1.92544 -1.18477
6.24 1.89683 -1.18453
6.25 1.86763 -1.18397
6.26 1.83785 -1.18307
6.27 1.8075 -1.18184
6.28 1.77658 -1.18028
6.29 1.7451 -1.17839
6.3 1.71306 -1.17616
6.31 1.68048 -1.1736
6.32 1.64736 -1.1707
6.33 1.61371 -1.16747
6.34 1.57953 -1.1639
6.35 1.54484 -1.15999
6.36 1.50965 -1.15575
6.37 1.47395 -1.15117
6.38 1.43777 -1.14625
6.39 1.40111 -1.14099
6.4 1.36398 -1.13539
6.41 1.32638 -1.12946
6.42 1.28834 -1.12319
6.43 1.24985 -1.11659
6.44 1.21093 -1.10965
6.45 1.17159 -1.10237
6.46 1.13184 -1.09477
6.47 1.09169 -1.08682
6.48 1.05115 -1.07855
6.49 1.01023 -1.06995
6.5 0.968939 -1.06101
6.51 0.927296 -1.05175
6.52 0.885308 -1.04216
6.53 0.842987 -1.03225
6.54 0.800345 -1.02202
6.55 0.757394 -1.01146
6.56 0.714146 -1.00059
6.57 0.670613 -0.989397
6.58 0.626807 -0.977892
6.59 0.582742 -0.966076
6.6 0.53843 -0.95395
6.61 0.493883 -0.941517
6.62 0.449116 -0.928781
6.63 0.40414 -0.915744
6.64 0.358969 -0.902409
6.65 0.313617 -0.888779
6.66 0.268097 -0.874858
6.67 0.222423 -0.860648
6.68 0.176609 -0.846154
6.69 0.130667 -0.831378
6.7 0.0846132 -0.816325
6.71 0.0384603 -0.800998
6.72 -0.00777722 -0.785402
6.73 -0.0540851 -0.76954
6.74 -0.100449 -0.753416
6.75 -0.146855 -0.737034
6.76 -0.193287 -0.7204
6.77 -0.239733 -0.703517
6.78 -0.286176 -0.68639
6.79 -0.332603 -0.669024
6.8 -0.378999 -0.651423
6.81 -0.425349 -0.633592
6.82 -0.471638 -0.615536
6.83 -0.517851 -0.597261
6.84 -0.563973 -0.578771
6.85 -0.60999 -0.560072
6.86 -0.655886 -0.541169
6.87 -0.701647 -0.522067
6.88 -0.747258 -0.502772
6.89 -0.792703 -0.48329
6.9 -0.837968 -0.463626
6.91 -0.883037 -0.443786
6.92 -0.927896 -0.423776
6.93 -0.972529 -0.403602
6.94 -1.01692 -0.38327
6.95 -1.06106 -0.362786
6.96 -1.10493 -0.342156
6.97 -1.14851 -0.321386
6.98 -1.19179 -0.300484
6.99 -1.23476 -0.279455
7 -1.2774 -0.258305
7.01 -1.31969 -0.237042
7.02 -1.36163 -0.215672
7.03 -1.40319 -0.194201
7.04 -1.44437 -0.172637
7.05 -1.48514 -0.150986
7.06 -1.5255 -0.129254
7.07 -1.56542 -0.10745
7.08 -1.6049 -0.0855793
7.09 -1.64392 -0.0636495
7.1 -1.68247 -0.0416675
7.11 -1.72053 -0.0196405
7.12 -1.75809 0.00242447
7.13 -1.79514 0.0245201
7.14 -1.83166 0.0466394
7.15 -1.86764 0.0687748
7.16 -1.90307 0.0909193
7.17 -1.93792 0.113066
7.18 -1.9722 0.135206
7.19 -2.00589 0.157334
7.2 -2.03897 0.179441
7.21 -2.07143 0.20152
7.22 -2.10327 0.223565
7.23 -2.13446 0.245566
7.24 -2.16499 0.267518
7.25 -2.19486 0.289412
7.26 -2.22406 0.311241
7.27 -2.25257 0.332998
7.28 -2.28037 0.354674
7.29 -2.30747 0.376264
7.3 -2.33384 0.397759
7.31 -2.35949 0.419151
7.32 -2.38439 0.440434
7.33 -2.40854 0.4616
7.34 -2.43192 0.482641
7.35 -2.45454 0.50355
7.36 -2.47638 0.524321
7.37 -2.49742 0.544944
7.38 -2.51767 0.565414
7.39 -2.53711 0.585723
7.4 -2.55573 0.605863
7.41 -2.57353 0.625828
7.42 -2.5905 0.64561
7.43 -2.60663 0.665202
7.44 -2.62191 0.684597
7.45 -2.63634 0.703788
7.46 -2.64991 0.722768
7.47 -2.66261 0.741531
7.48 -2.67444 0.760068
7.49 -2.68539 0.778374
7.5 -2.69546 0.796441
7.51 -2.70463 0.814263
7.52 -2.71292 0.831834
7.53 -2.7203 0.849146
7.54 -2.72678 0.866194
7.55 -2.73235 0.88297
7.56 -2.737 0.899469
7.57 -2.74075 0.915684
7.58 -2.74357 0.931609
7.59 -2.74548 0.947238
7.6 -2.74645 0.962565
7.61 -2.74651 0.977584
7.62 -2.74563 0.992289
7.63 -2.74383 1.00667
7.64 -2.74109 1.02074
7.65 -2.73743 1.03447
7.66 -2.73283 1.04786
7.67 -2.7273 1.06091
7.68 -2.72083 1.07362
7.69 -2.71344 1.08597
7.7 -2.70511 1.09797
7.71 -2.69585 1.1096
7.72 -2.68566 1.12087
7.73 -2.67455 1.13177
7.74 -2.66251 1.14229
7.75 -2.64955 1.15244
7.76 -2.63567 1.16219
7.77 -2.62087 1.17156
7.78 -2.60515 1.18054
7.79 -2.58853 1.18912
7.8 -2.571 1.1973
7.81 -2.55258 1.20508
7.82 -2.53325 1.21245
7.83 -2.51303 1.21941
7.84 -2.49193 1.22595
7.85 -2.46995 1.23208
7.86 -2.44709 1.23779
7.87 -2.42337 1.24308
7.88 -2.39878 1.24794
7.89 -2.37335 1.25237
7.9 -2.34706 1.25638
7.91 -2.31994 1.25995
7.92 -2.29198 1.26308
7.93 -2.26321 1.26578
7.94 -2.23362 1.26804
7.95 -2.20322 1.26987
7.96 -2.17203 1.27125
7.97 -2.14006 1.27219
7.98 -2.10731 1.27268
7.99 -2.0738 1.27274
8 -2.03953 1.27234
8.01 -2.00451 1.2715
8.02 -1.96877 1.27022
8.03 -1.9323 1.26848
8.04 -1.89512 1.2663
8.05 -1.85725 1.26368
8.06 -1.81869 1.26061
8.07 -1.77946 1.25709
8.08 -1.73957 1.25312
8.09 -1.69903 1.24871
8.1 -1.65786 1.24386
8.11 -1.61607 1.23856
8.12 -1.57367 1.23282
8.13 -1.53069 1.22664
8.14 -1.48712 1.22002
8.15 -1.443 1.21297
8.16 -1.39833 1.20547
8.17 -1.35312 1.19755
8.18 -1.3074 1.18919
8.19 -1.26118 1.1804
8.2 -1.21447 1.17119
8.21 -1.16729 1.16155
8.22 -1.11966 1.15149
8.23 -1.0716 1.14101
8.24 -1.02311 1.13011
8.25 -0.974223 1.11881
8.26 -0.924949 1.10709
8.27 -0.875305 1.09497
8.28 -0.825311 1.08245
8.29 -0.774983 1.06953
8.3 -0.724339 1.05622
8.31 -0.673397 1.04252
8.32 -0.622175 1.02843
8.33 -0.570691 1.01397
8.34 -0.518964 0.999123
8.35 -0.467011 0.983911
8.36 -0.414852 0.968333
8.37 -0.362505 0.952394
8.38 -0.309989 0.9361
8.39 -0.257322 0.919456
8.4 -0.204525 0.902467
8.41 -0.151615 0.88514
8.42 -0.0986125 0.867481
8.43 -0.045536 0.849494
8.44 0.0075949 0.831187
8.45 0.0607609 0.812565
8.46 0.113943 0.793635
8.47 0.16712 0.774403
8.48 0.220275 0.754877
8.49 0.273387 0.735062
8.5 0.326436 0.714966
8.51 0.379404 0.694595
8.52 0.43227 0.673957
8.53 0.485015 0.653059
8.54 0.537619 0.631909
8.55 0.590063 0.610513
8.56 0.642327 0.588879
8.57 0.694392 0.567015
8.58 0.746239 0.544929
8.59 0.797847 0.522628
8.6 0.849197 0.50012
8.61 0.900271 0.477415
8.62 0.951048 0.454518
8.63 1.00151 0.43144
8.64 1.05164 0.408188
8.65 1.10141 0.38477
8.66 1.15081 0.361195
8.67 1.19983 0.337472
8.68 1.24843 0.313609
8.69 1.2966 0.289615
8.7 1.34432 0.265498
8.71 1.39158 0.241268
8.72 1.43836 0.216933
8.73 1.48464 0.192502
8.74 1.53039 0.167985
8.75 1.57561 0.143389
8.76 1.62028 0.118725
8.77 1.66437 0.094001
8.78 1.70788 0.0692266
8.79 1.75077 0.044411
8.8 1.79305 0.0195633
8.81 1.83468 -0.00530714
8.82 1.87566 -0.0301911
8.83 1.91597 -0.0550794
8.84 1.95559 -0.0799625
8.85 1.99451 -0.104831
8.86 2.03271 -0.129676
8.87 2.07017 -0.154488
8.88 2.10689 -0.179257
8.89 2.14284 -0.203975
8.9 2.17801 -0.228631
8.91 2.21239 -0.253217
8.92 2.24596 -0.277722
8.93 2.27872 -0.302139
8.94 2.31064 -0.326457
8.95 2.34171 -0.350667
8.96 2.37193 -0.374761
8.97 2.40127 -0.398728
8.98 2.42974 -0.422559
8.99 2.4573 -0.446246
9 2.48396 -0.469779
9.01 2.5097 -0.49315
9.02 2.53452 -0.516348
9.03 2.55839 -0.539366
9.04 2.58132 -0.562194
9.05 2.60328 -0.584823
9.06 2.62428 -0.607245
9.07 2.6443 -0.629451
9.08 2.66334 -0.651431
9.09 2.68138 -0.673179
9.1 2.69842 -0.694684
9.11 2.71445 -0.715939
9.12 2.72946 -0.736936
9.13 2.74345 -0.757665
9.14 2.75641 -0.778119
9.15 2.76833 -0.79829
9.16 2.77921 -0.818169
9.17 2.78904 -0.83775
9.18 2.79782 -0.857023
9.19 2.80555 -0.875982
9.2 2.81221 -0.894618
9.21 2.81781 -0.912925
9.22 2.82234 -0.930894
9.23 2.8258 -0.94852
9.24 2.82819 -0.965793
9.25 2.8295 -0.982709
9.26 2.82974 -0.999259
9.27 2.8289 -1.01544
9.28 2.82698 -1.03124
9.29 2.82398 -1.04665
9.3 2.8199 -1.06168
9.31 2.81475 -1.0763
9.32 2.80851 -1.09052
9.33 2.8012 -1.10434
9.34 2.79282 -1.11774
9.35 2.78336 -1.13071
9.36 2.77283 -1.14326
9.37 2.76124 -1.15538
9.38 2.74858 -1.16707
9.39 2.73486 -1.17831
9.4 2.72009 -1.1891
9.41 2.70427 -1.19945
9.42 2.6874 -1.20934
9.43 2.66949 -1.21877
9.44 2.65054 -1.22774
9.45 2.63057 -1.23623
9.46 2.60958 -1.24426
9.47 2.58757 -1.25182
9.48 2.56455 -1.25889
9.49 2.54054 -1.26548
9.5 2.51554 -1.27159
9.51 2.48955 -1.27721
9.52 2.46259 -1.28235
9.53 2.43467 -1.28699
9.54 2.4058 -1.29113
9.55 2.37598 -1.29478
9.56 2.34523 -1.29793
9.57 2.31356 -1.30058
9.58 2.28098 -1.30273
9.59 2.24751 -1.30437
9.6 2.21314 -1.30551
9.61 2.17791 -1.30615
9.62 2.14181 -1.30628
9.63 2.10487 -1.3059
9.64 2.06709 -1.30502
9.65 2.0285 -1.30362
9.66 1.9891 -1.30173
9.67 1.9489 -1.29932
9.68 1.90794 -1.29642
9.69 1.86621 -1.293
9.7 1.82374 -1.28908
9.71 1.78054 -1.28466
9.72 1.73663 -1.27974
9.73 1.69203 -1.27431
9.74 1.64674 -1.26839
9.75 1.60079 -1.26197
9.76 1.5542 -1.25505
9.77 1.50698 -1.24764
9.78 1.45916 -1.23975
9.79 1.41074 -1.23136
9.8 1.36175 -1.22249
9.81 1.31221 -1.21314
9.82 1.26213 -1.20331
9.83 1.21154 -1.193
9.84 1.16045 -1.18223
9.85 1.10889 -1.17099
9.86 1.05687 -1.15928
9.87 1.00441 -1.14711
9.88 0.951541 -1.13449
9.89 0.898275 -1.12142
9.9 0.844634 -1.10791
9.91 0.790639 -1.09395
9.92 0.736311 -1.07956
9.93 0.681672 -1.06474
9.94 0.626742 -1.04949
9.95 0.571544 -1.03383
9.96 0.516098 -1.01775
9.97 0.460426 -1.00126
9.98 0.404551 -0.984379
9.99 0.348493 -0.967099
10 0.292276 -0.949432
10.01 0.235921 -0.931383
10.02 0.17945 -0.912959
10.03 0.122886 -0.894168
10.04 0.0662506 -0.875017
10.05 0.00956679 -0.855514
10.06 -0.0471433 -0.835664
10.07 -0.103857 -0.815477
10.08 -0.160552 -0.794959
10.09 -0.217206 -0.774119
10.1 -0.273796 -0.752965
10.11 -0.3303 -0.731505
10.12 -0.386696 -0.709747
10.13 -0.44296 -0.687699
10.14 -0.49907 -0.665371
10.15 -0.555004 -0.64277
10.16 -0.61074 -0.619906
10.17 -0.666254 -0.596787
10.18 -0.721526 -0.573423
10.19 -0.776532 -0.549822
10.2 -0.831251 -0.525994
10.21 -0.885661 -0.501949
10.22 -0.939739 -0.477695
10.23 -0.993464 -0.453241
10.24 -1.04681 -0.428599
10.25 -1.09977 -0.403777
10.26 -1.1523 -0.378785
10.27 -1.2044 -0.353633
10.28 -1.25604 -0.328331
10.29 -1.30719 -0.302888
10.3 -1.35784 -0.277316
10.31 -1.40797 -0.251624
10.32 -1.45756 -0.225822
10.33 -1.50659 -0.199921
10.34 -1.55503 -0.17393
10.35 -1.60286 -0.147861
10.36 -1.65008 -0.121723
10.37 -1.69665 -0.0955272
10.38 -1.74256 -0.0692838
10.39 -1.78779 -0.0430034
10.4 -1.83232 -0.0166965
10.41 -1.87614 0.00962648
10.42 -1.91922 0.0359549
10.43 -1.96154 0.0622782
10.44 -2.0031 0.0885858
10.45 -2.04387 0.114867
10.46 -2.08383 0.141112
10.47 -2.12297 0.167309
10.48 -2.16128 0.193448
10.49 -2.19873 0.219518
10.5 -2.23531 0.24551
10.51 -2.271 0.271412
10.52 -2.3058 0.297213
10.53 -2.33968 0.322905
10.54 -2.37263 0.348475
10.55 -2.40465 0.373913
10.56 -2.4357 0.39921
10.57 -2.46579 0.424355
10.58 -2.49489 0.449338
10.59 -2.523 0.474148
10.6 -2.5501 0.498776
10.61 -2.57619 0.523211
10.62 -2.60124 0.547443
10.63 -2.62526 0.571463
10.64 -2.64822 0.59526
10.65 -2.67012 0.618825
10.66 -2.69096 0.642148
10.67 -2.71071 0.66522
10.68 -2.72938 0.68803
10.69 -2.74695 0.71057
10.7 -2.76342 0.732831
10.71 -2.77877 0.754802
10.72 -2.79301 0.776475
10.73 -2.80612 0.797842
10.74 -2.81811 0.818892
10.75 -2.82895 0.839618
10.76 -2.83866 0.860011
10.77 -2.84721 0.880062
10.78 -2.85462 0.899763
10.79 -2.86087 0.919105
10.8 -2.86597 0.938082
10.81 -2.8699 0.956684
10.82 -2.87268 0.974903
10.83 -2.87429 0.992734
10.84 -2.87473 1.01017
10.85 -2.87401 1.02719
10.86 -2.87211 1.04381
10.87 -2.86906 1.06001
10.88 -2.86483 1.07578
10.89 -2.85944 1.09112
10.9 -2.85289 1.10602
10.91 -2.84517 1.12048
10.92 -2.8363 1.13448
10.93 -2.82626 1.14803
10.94 -2.81508 1.16111
10.95 -2.80274 1.17373
10.96 -2.78926 1.18587
10.97 -2.77464 1.19753
10.98 -2.75889 1.2087
10.99 -2.742 1.21939
11 -2.724 1.22959
11.01 -2.70487 1.23928
11.02 -2.68464 1.24847
11.03 -2.6633 1.25716
11.04 -2.64088 1.26533
11.05 -2.61736 1.27299
11.06 -2.59277 1.28014
11.07 -2.56712 1.28676
11.08 -2.54041 1.29286
11.09 -2.51265 1.29843
11.1 -2.48386 1.30347
11.11 -2.45404 1.30798
11.12 -2.42321 1.31196
11.13 -2.39138 1.3154
11.14 -2.35856 1.3183
11.15 -2.32477 1.32066
11.16 -2.29001 1.32249
11.17 -2.25431 1.32377
11.18 -2.21767 1.32451
11.19 -2.18011 1.32471
11.2 -2.14165 1.32436
11.21 -2.1023 1.32347
11.22 -2.06207 1.32204
11.23 -2.02099 1.32006
11.24 -1.97907 1.31755
11.25 -1.93632 1.31449
11.26 -1.89277 1.31089
11.27 -1.84842 1.30675
11.28 -1.80331 1.30207
11.29 -1.75744 1.29685
11.3 -1.71083 1.2911
11.31 -1.66351 1.28482
11.32 -1.61549 1.27801
11.33 -1.5668 1.27067
11.34 -1.51744 1.2628
11.35 -1.46745 1.25442
11.36 -1.41684 1.24551
11.37 -1.36564 1.23609
11.38 -1.31385 1.22615
11.39 -1.26151 1.21571
11.4 -1.20864 1.20477
11.41 -1.15526 1.19332
11.42 -1.10138 1.18138
11.43 -1.04704 1.16895
11.44 -0.992246 1.15603
11.45 -0.937032 1.14264
11.46 -0.881416 1.12876
11.47 -0.825422 1.11442
11.48 -0.769072 1.09961
11.49 -0.71239 1.08435
11.5 -0.655399 1.06863
11.51 -0.598122 1.05247
11.52 -0.540584 1.03586
11.53 -0.482807 1.01883
11.54 -0.424815 1.00137
11.55 -0.366633 0.983487
11.56 -0.308285 0.965195
11.57 -0.249794 0.946499
11.58 -0.191185 0.927406
11.59 -0.132482 0.907923
11.6 -0.0737092 0.88806
11.61 -0.0148914 0.867824
11.62 0.0439471 0.847223
11.63 0.102782 0.826265
11.64 0.161589 0.80496
11.65 0.220343 0.783315
11.66 0.27902 0.761339
11.67 0.337596 0.739043
11.68 0.396046 0.716433
11.69 0.454346 0.693521
11.7 0.512471 0.670315
11.71 0.570397 0.646825
11.72 0.6281 0.623061
11.73 0.685556 0.599031
11.74 0.742741 0.574747
11.75 0.799631 0.550218
11.76 0.856201 0.525454
11.77 0.912429 0.500465
11.78 0.96829 0.475263
11.79 1.02376 0.449856
11.8 1.07882 0.424256
11.81 1.13344 0.398473
11.82 1.1876 0.372518
11.83 1.24128 0.346402
11.84 1.29446 0.320135
11.85 1.34711 0.293729
11.86 1.39921 0.267194
11.87 1.45073 0.240541
11.88 1.50167 0.213782
11.89 1.55198 0.186927
11.9 1.60167 0.159989
11.91 1.65069 0.132977
11.92 1.69904 0.105903
11.93 1.74669 0.0787795
11.94 1.79362 0.0516164
11.95 1.83981 0.0244257
11.96 1.88524 -0.00278151
11.97 1.92989 -0.0299937
11.98 1.97375 -0.0571994
11.99 2.01679 -0.0843874
12 2.059 -0.111546
12.01 2.10036 -0.138664
12.02 2.14084 -0.16573
12.03 2.18044 -0.192733
12.04 2.21913 -0.219661
12.05 2.25691 -0.246504
12.06 2.29374 -0.273248
12.07 2.32962 -0.299884
12.08 2.36454 -0.326401
12.09 2.39847 -0.352786
12.1 2.4314 -0.379029
12.11 2.46332 -0.405119
12.12 2.49422 -0.431045
12.13 2.52407 -0.456795
12.14 2.55287 -0.48236
12.15 2.58061 -0.507727
12.16 2.60727 -0.532887
12.17 2.63283 -0.557828
12.18 2.6573 -0.58254
12.19 2.68066 -0.607013
12.2 2.7029 -0.631236
12.21 2.724 -0.655199
12.22 2.74397 -0.678891
12.23 2.76278 -0.702303
12.24 2.78044 -0.725425
12.25 2.79693 -0.748246
12.26 2.81225 -0.770758
12.27 2.82638 -0.79295
12.28 2.83933 -0.814812
12.29 2.85109 -0.836336
12.3 2.86165 -0.857513
12.31 2.87101 -0.878332
12.32 2.87916 -0.898786
12.33 2.8861 -0.918866
12.34 2.89182 -0.938562
12.35 2.89632 -0.957867
12.36 2.89961 -0.976772
12.37 2.90167 -0.995268
12.38 2.90251 -1.01335
12.39 2.90213 -1.03101
12.4 2.90052 -1.04823
12.41 2.89768 -1.06502
12.42 2.89363 -1.08136
12.43 2.88835 -1.09725
12.44 2.88185 -1.11267
12.45 2.87413 -1.12763
12.46 2.86519 -1.14212
12.47 2.85504 -1.15613
12.48 2.84369 -1.16965
12.49 2.83113 -1.18268
12.5 2.81737 -1.19521
12.51 2.80241 -1.20724
12.52 2.78627 -1.21876
12.53 2.76895 -1.22977
12.54 2.75045 -1.24026
12.55 2.73078 -1.25022
12.56 2.70995 -1.25966
12.57 2.68798 -1.26857
12.58 2.66486 -1.27694
12.59 2.6406 -1.28477
12.6 2.61523 -1.29206
12.61 2.58874 -1.29881
12.62 2.56115 -1.305
12.63 2.53246 -1.31065
12.64 2.5027 -1.31574
12.65 2.47187 -1.32027
12.66 2.43999 -1.32424
12.67 2.40707 -1.32765
12.68 2.37311 -1.3305
12.69 2.33815 -1.33279
12.7 2.30219 -1.33451
12.71 2.26524 -1.33566
12.72 2.22732 -1.33625
12.73 2.18845 -1.33627
12.74 2.14865 -1.33572
12.75 2.10792 -1.3346
12.76 2.06629 -1.33292
12.77 2.02378 -1.33067
12.78 1.98039 -1.32785
12.79 1.93616 -1.32447
12.8 1.8911 -1.32053
12.81 1.84522 -1.31602
12.82 1.79855 -1.31095
12.83 1.75111 -1.30533
12.84 1.70291 -1.29914
12.85 1.65398 -1.29241
12.86 1.60433 -1.28512
12.87 1.554 -1.27728
12.88 1.50299 -1.2689
12.89 1.45134 -1.25998
12.9 1.39905 -1.25051
12.91 1.34616 -1.24052
12.92 1.29269 -1.22999
12.93 1.23866 -1.21894
12.94 1.18409 -1.20736
12.95 1.12901 -1.19527
12.96 1.07343 -1.18267
12.97 1.01739 -1.16956
12.98 0.9609 -1.15595
12.99 0.903993 -1.14184
13 0.846691 -1.12725
13.01 0.789017 -1.11217
13.02 0.730996 -1.09661
13.03 0.672653 -1.08058
13.04 0.614013 -1.06409
13.05 0.5551 -1.04714
13.06 0.49594 -1.02974
13.07 0.436558 -1.01189
13.08 0.37698 -0.993615
13.09 0.31723 -0.974909
13.1 0.257334 -0.955783
13.11 0.197318 -0.936245
13.12 0.137207 -0.916303
13.13 0.0770279 -0.895966
13.14 0.0168053 -0.875242
13.15 -0.0434345 -0.85414
13.16 -0.103666 -0.83267
13.17 -0.163863 -0.810839
13.18 -0.224 -0.788657
13.19 -0.284051 -0.766135
13.2 -0.343991 -0.74328
13.21 -0.403793 -0.720103
13.22 -0.463432 -0.696614
13.23 -0.522883 -0.672823
13.24 -0.582119 -0.64874
13.25 -0.641116 -0.624374
13.26 -0.699847 -0.599737
13.27 -0.758289 -0.574839
13.28 -0.816414 -0.54969
13.29 -0.874199 -0.524302
13.3 -0.931618 -0.498684
13.31 -0.988648 -0.472848
13.32 -1.04526 -0.446806
13.33 -1.10144 -0.420567
13.34 -1.15715 -0.394144
13.35 -1.21237 -0.367547
13.36 -1.26708 -0.340788
13.37 -1.32126 -0.313879
13.38 -1.37488 -0.28683
13.39 -1.42791 -0.259654
13.4 -1.48034 -0.232362
13.41 -1.53215 -0.204966
13.42 -1.5833 -0.177478
13.43 -1.63378 -0.149908
13.44 -1.68357 -0.122271
13.45 -1.73264 -0.0945758
13.46 -1.78097 -0.0668359
13.47 -1.82854 -0.039063
13.48 -1.87534 -0.011269
13.49 -1.92134 0.0165342
13.5 -1.96651 0.0443346
13.51 -2.01085 0.0721203
13.52 -2.05428 0.0998515
