0 -0 -0
0.08 -2.75002e-27 1.12864e-31
0.16 -2.17684e-24 1.77851e-28
0.12 -3.51497e-25 2.36533e-29
0.1 -6.06919e-26 3.53694e-30
0.09 -1.566e-26 7.99494e-31
0.085 -6.82211e-27 3.1521e-31
0.09 -1.60698e-26 8.32724e-31
0.095 -3.61422e-26 2.08927e-30
0.1 -7.79804e-26 5.00284e-30
0.105 -1.6206e-25 1.14839e-29
0.11 -3.25534e-25 2.53679e-29
0.115 -6.33952e-25 5.41079e-29
0.12 -1.20005e-24 1.11762e-28
0.125 -2.21327e-24 2.24134e-28
0.13 -3.98511e-24 4.37422e-28
0.135 -7.0179e-24 8.32439e-28
0.14 -1.21069e-23 1.54758e-27
0.145 -2.04904e-23 2.81523e-27
0.15 -3.40655e-23 5.01841e-27
0.155 -5.56978e-23 8.77781e-27
0.16 -8.9656e-23 1.50832e-26
0.165 -1.42218e-22 2.54896e-26
0.17 -2.22508e-22 4.24055e-26
0.175 -3.43636e-22 6.95131e-26
0.18 -5.24239e-22 1.12371e-25
0.185 -7.90553e-22 1.79275e-25
0.19 -1.17916e-21 2.82466e-25
0.195 -1.74059e-21 4.39818e-25
0.2 -2.54411e-21 6.77175e-25
0.205 -3.68385e-21 1.03155e-24
0.21 -5.28675e-21 1.55549e-24
0.215 -7.52281e-21 2.32292e-24
0.22 -1.06181e-20 3.43706e-24
0.225 -1.48711e-20 5.04089e-24
0.23 -2.06739e-20 7.33097e-24
0.235 -2.85377e-20 1.05757e-23
0.24 -3.91259e-20 1.51389e-23
0.245 -5.32942e-20 2.15109e-23
0.25 -7.21406e-20 3.03481e-23
0.255 -9.7067e-20 4.2524e-23
0.26 -1.29854e-19 5.91948e-23
0.265 -1.72755e-19 8.1882e-23
0.27 -2.28602e-19 1.12577e-22
0.275 -3.00951e-19 1.53874e-22
0.28 -3.94235e-19 2.09136e-22
0.285 -5.13967e-19 2.82698e-22
0.29 -6.66972e-19 3.80131e-22
0.295 -8.6167e-19 5.08554e-22
0.3 -1.10841e-18 6.7703e-22
0.305 -1.41987e-18 8.97051e-22
0.31 -1.81152e-18 1.18313e-21
0.315 -2.30219e-18 1.55351e-21
0.32 -2.91471e-18 2.03108e-21
0.325 -3.6767e-18 2.64441e-21
0.33 -4.62142e-18 3.42904e-21
0.335 -5.78889e-18 4.42906e-21
0.34 -7.22706e-18 5.69898e-21
0.345 -8.99326e-18 7.30597e-21
0.35 -1.11558e-17 9.33253e-21
0.355 -1.37961e-17 1.18797e-20
0.36 -1.70104e-17 1.50709e-20
0.365 -2.09129e-17 1.90564e-20
0.37 -2.56383e-17 2.40188e-20
0.375 -3.13454e-17 3.01789e-20
0.38 -3.82206e-17 3.7804e-20
0.385 -4.64826e-17 4.72157e-20
0.39 -5.63875e-17 5.88007e-20
0.395 -6.82342e-17 7.30228e-20
0.4 -8.23713e-17 9.04368e-20
0.405 -9.92041e-17 1.11705e-19
0.41 -1.19203e-16 1.37615e-19
0.415 -1.42914e-16 1.69106e-19
0.42 -1.70968e-16 2.07287e-19
0.425 -2.04094e-16 2.53473e-19
0.43 -2.43131e-16 3.09219e-19
0.435 -2.89047e-16 3.76353e-19
0.44 -3.42951e-16 4.5703e-19
0.445 -4.0612e-16 5.53776e-19
0.45 -4.80011e-16 6.69556e-19
0.455 -5.66293e-16 8.07835e-19
0.46 -6.66873e-16 9.72662e-19
0.465 -7.83922e-16 1.16876e-18
0.47 -9.19915e-16 1.40161e-18
0.475 -1.07766e-15 1.67761e-18
0.48 -1.26036e-15 2.00415e-18
0.485 -1.47162e-15 2.38982e-18
0.49 -1.71555e-15 2.84453e-18
0.495 -1.99679e-15 3.37973e-18
0.5 -2.32056e-15 4.00863e-18
0.505 -2.69277e-15 4.74643e-18
0.51 -3.12008e-15 5.61062e-18
0.515 -3.60997e-15 6.62125e-18
0.52 -4.17085e-15 7.80134e-18
0.525 -4.81219e-15 9.17723e-18
0.53 -5.54456e-15 1.0779e-17
0.535 -6.37983e-15 1.26412e-17
0.54 -7.33129e-15 1.48029e-17
0.545 -8.41378e-15 1.73088e-17
0.55 -9.64388e-15 2.02099e-17
0.555 -1.10401e-14 2.35639e-17
0.56 -1.26229e-14 2.74363e-17
0.565 -1.44154e-14 3.19016e-17
0.57 -1.64431e-14 3.7044e-17
0.575 -1.87342e-14 4.29587e-17
0.58 -2.13202e-14 4.97534e-17
0.585 -2.42361e-14 5.75495e-17
0.59 -2.75204e-14 6.64841e-17
0.595 -3.12161e-14 7.67114e-17
0.6 -3.53703e-14 8.84051e-17
0.605 -4.00355e-14 1.0176e-16
0.61 -4.52693e-14 1.16996e-16
0.615 -5.11356e-14 1.34359e-16
0.62 -5.77045e-14 1.54124e-16
0.625 -6.50535e-14 1.76599e-16
0.63 -7.32676e-14 2.0213e-16
0.635 -8.24406e-14 2.31103e-16
0.64 -9.26754e-14 2.63949e-16
0.645 -1.04085e-13 3.01148e-16
0.65 -1.16793e-13 3.43236e-16
0.655 -1.30936e-13 3.90811e-16
0.66 -1.46663e-13 4.44535e-16
0.665 -1.64136e-13 5.05148e-16
0.67 -1.83535e-13 5.73471e-16
0.675 -2.05054e-13 6.50413e-16
0.68 -2.28906e-13 7.36986e-16
0.685 -2.55325e-13 8.34308e-16
0.69 -2.84563e-13 9.43621e-16
0.695 -3.16899e-13 1.0663e-15
0.7 -3.52633e-13 1.20385e-15
0.705 -3.92094e-13 1.35797e-15
0.71 -4.35641e-13 1.53049e-15
0.715 -4.83661e-13 1.72347e-15
0.72 -5.36579e-13 1.93915e-15
0.725 -5.94853e-13 2.18002e-15
0.73 -6.58981e-13 2.44881e-15
0.735 -7.29507e-13 2.74853e-15
0.74 -8.07015e-13 3.08249e-15
0.745 -8.92143e-13 3.45433e-15
0.75 -9.8558e-13 3.86803e-15
0.755 -1.08807e-12 4.32797e-15
0.76 -1.20043e-12 4.83897e-15
0.765 -1.32351e-12 5.40628e-15
0.77 -1.45828e-12 6.03568e-15
0.775 -1.60575e-12 6.73348e-15
0.78 -1.76702e-12 7.5066e-15
0.785 -1.94328e-12 8.36259e-15
0.79 -2.1358e-12 9.3097e-15
0.795 -2.34598e-12 1.0357e-14
0.8 -2.5753e-12 1.15142e-14
0.805 -2.82537e-12 1.27922e-14
0.81 -3.09791e-12 1.42026e-14
0.815 -3.39479e-12 1.57582e-14
0.82 -3.71799e-12 1.74729e-14
0.825 -4.06967e-12 1.93619e-14
0.83 -4.45215e-12 2.14415e-14
0.835 -4.86789e-12 2.37296e-14
0.84 -5.31957e-12 2.62458e-14
0.845 -5.81005e-12 2.90112e-14
0.85 -6.34238e-12 3.20486e-14
0.855 -6.91985e-12 3.53831e-14
0.86 -7.546e-12 3.90415e-14
0.865 -8.22459e-12 4.30531e-14
0.87 -8.95966e-12 4.74498e-14
0.875 -9.75556e-12 5.22657e-14
0.88 -1.06169e-11 5.75382e-14
0.885 -1.15486e-11 6.33073e-14
0.89 -1.2556e-11 6.96168e-14
0.895 -1.36448e-11 7.65135e-14
0.9 -1.4821e-11 8.40484e-14
0.905 -1.6091e-11 9.22763e-14
0.91 -1.74618e-11 1.01257e-13
0.915 -1.89407e-11 1.11053e-13
0.92 -2.05355e-11 1.21735e-13
0.925 -2.22546e-11 1.33376e-13
0.93 -2.41069e-11 1.46058e-13
0.935 -2.6102e-11 1.59865e-13
0.94 -2.82499e-11 1.74892e-13
0.945 -3.05614e-11 1.91238e-13
0.95 -3.30481e-11 2.09011e-13
0.955 -3.5722e-11 2.28327e-13
0.96 -3.85962e-11 2.4931e-13
0.965 -4.16845e-11 2.72095e-13
0.97 -4.50015e-11 2.96825e-13
0.975 -4.85629e-11 3.23654e-13
0.98 -5.23852e-11 3.52748e-13
0.985 -5.6486e-11 3.84286e-13
0.99 -6.0884e-11 4.18458e-13
0.995 -6.55989e-11 4.55467e-13
1 -7.06519e-11 4.95535e-13
1.005 -7.60651e-11 5.38895e-13
1.01 -8.18623e-11 5.858e-13
1.015 -8.80685e-11 6.36518e-13
1.02 -9.47102e-11 6.91337e-13
1.025 -1.01816e-10 7.50567e-13
1.03 -1.09414e-10 8.14538e-13
1.035 -1.17538e-10 8.83601e-13
1.04 -1.2622e-10 9.58135e-13
1.045 -1.35496e-10 1.03854e-12
1.05 -1.45403e-10 1.12525e-12
1.055 -1.5598e-10 1.21872e-12
1.06 -1.67269e-10 1.31945e-12
1.065 -1.79315e-10 1.42795e-12
1.07 -1.92163e-10 1.54479e-12
1.075 -2.05864e-10 1.67056e-12
1.08 -2.20469e-10 1.80589e-12
1.085 -2.36033e-10 1.95146e-12
1.09 -2.52613e-10 2.10799e-12
1.095 -2.70272e-10 2.27626e-12
1.1 -2.89073e-10 2.45706e-12
1.105 -3.09085e-10 2.65129e-12
1.11 -3.30379e-10 2.85985e-12
1.115 -3.5303e-10 3.08374e-12
1.12 -3.77119e-10 3.32401e-12
1.125 -4.02729e-10 3.58176e-12
1.13 -4.29949e-10 3.85817e-12
1.135 -4.58871e-10 4.15452e-12
1.14 -4.89594e-10 4.47212e-12
1.145 -5.2222e-10 4.81241e-12
1.15 -5.56858e-10 5.17687e-12
1.155 -5.93622e-10 5.56712e-12
1.16 -6.32632e-10 5.98485e-12
1.165 -6.74014e-10 6.43185e-12
1.17 -7.179e-10 6.91004e-12
1.175 -7.64431e-10 7.42143e-12
1.18 -8.13753e-10 7.96817e-12
1.185 -8.66019e-10 8.55253e-12
1.19 -9.21391e-10 9.17692e-12
1.195 -9.80038e-10 9.84388e-12
1.2 -1.04214e-09 1.05561e-11
1.205 -1.10788e-09 1.13165e-11
1.21 -1.17746e-09 1.2128e-11
1.215 -1.25108e-09 1.29938e-11
1.22 -1.32896e-09 1.39174e-11
1.225 -1.41133e-09 1.49023e-11
1.23 -1.49841e-09 1.59523e-11
1.235 -1.59047e-09 1.70714e-11
1.24 -1.68776e-09 1.82637e-11
1.245 -1.79056e-09 1.95339e-11
1.25 -1.89915e-09 2.08865e-11
1.255 -2.01382e-09 2.23267e-11
1.26 -2.1349e-09 2.38595e-11
1.265 -2.26272e-09 2.54906e-11
1.27 -2.39761e-09 2.72258e-11
1.275 -2.53994e-09 2.90713e-11
1.28 -2.69009e-09 3.10336e-11
1.285 -2.84844e-09 3.31196e-11
1.29 -3.01541e-09 3.53366e-11
1.295 -3.19144e-09 3.7692e-11
1.3 -3.37697e-09 4.01941e-11
1.305 -3.57247e-09 4.28513e-11
1.31 -3.77843e-09 4.56724e-11
1.315 -3.99538e-09 4.8667e-11
1.32 -4.22384e-09 5.18448e-11
1.325 -4.46438e-09 5.52164e-11
1.33 -4.71758e-09 5.87927e-11
1.335 -4.98407e-09 6.25852e-11
1.34 -5.26447e-09 6.66061e-11
1.345 -5.55945e-09 7.08681e-11
1.35 -5.86971e-09 7.53847e-11
1.355 -6.19598e-09 8.017e-11
1.36 -6.53902e-09 8.52389e-11
1.365 -6.89961e-09 9.0607e-11
1.37 -7.27858e-09 9.62905e-11
1.375 -7.67678e-09 1.02307e-10
1.38 -8.09513e-09 1.08674e-10
1.385 -8.53454e-09 1.15411e-10
1.39 -8.996e-09 1.22538e-10
1.395 -9.48051e-09 1.30076e-10
1.4 -9.98914e-09 1.38046e-10
1.405 -1.0523e-08 1.46472e-10
1.41 -1.10832e-08 1.55378e-10
1.415 -1.1671e-08 1.6479e-10
1.42 -1.22875e-08 1.74733e-10
1.425 -1.29342e-08 1.85236e-10
1.43 -1.36123e-08 1.96329e-10
1.435 -1.43233e-08 2.08041e-10
1.44 -1.50685e-08 2.20405e-10
1.445 -1.58496e-08 2.33455e-10
1.45 -1.66681e-08 2.47226e-10
1.455 -1.75256e-08 2.61754e-10
1.46 -1.84239e-08 2.7708e-10
1.465 -1.93647e-08 2.93242e-10
1.47 -2.03499e-08 3.10284e-10
1.475 -2.13813e-08 3.2825e-10
1.48 -2.24611e-08 3.47186e-10
1.485 -2.35912e-08 3.67141e-10
1.49 -2.47738e-08 3.88166e-10
1.495 -2.60111e-08 4.10315e-10
1.5 -2.73055e-08 4.33642e-10
1.505 -2.86594e-08 4.58206e-10
1.51 -3.00753e-08 4.84068e-10
1.515 -3.15558e-08 5.11291e-10
1.52 -3.31035e-08 5.39942e-10
1.525 -3.47213e-08 5.70091e-10
1.53 -3.64121e-08 6.0181e-10
1.535 -3.81789e-08 6.35174e-10
1.54 -4.00249e-08 6.70263e-10
1.545 -4.19532e-08 7.0716e-10
1.55 -4.39672e-08 7.45951e-10
1.555 -4.60705e-08 7.86726e-10
1.56 -4.82667e-08 8.29579e-10
1.565 -5.05594e-08 8.74609e-10
1.57 -5.29527e-08 9.21917e-10
1.575 -5.54505e-08 9.71611e-10
1.58 -5.8057e-08 1.0238e-09
1.585 -6.07765e-08 1.07861e-09
1.59 -6.36136e-08 1.13615e-09
1.595 -6.65729e-08 1.19655e-09
1.6 -6.96591e-08 1.25994e-09
1.605 -7.28774e-08 1.32647e-09
1.61 -7.62327e-08 1.39627e-09
1.615 -7.97306e-08 1.46949e-09
1.62 -8.33765e-08 1.54629e-09
1.625 -8.71761e-08 1.62683e-09
1.63 -9.11355e-08 1.71129e-09
1.635 -9.52606e-08 1.79982e-09
1.64 -9.9558e-08 1.89263e-09
1.645 -1.04034e-07 1.9899e-09
1.65 -1.08696e-07 2.09182e-09
1.655 -1.1355e-07 2.19861e-09
1.66 -1.18604e-07 2.31047e-09
1.665 -1.23865e-07 2.42764e-09
1.67 -1.29342e-07 2.55035e-09
1.675 -1.35042e-07 2.67884e-09
1.68 -1.40973e-07 2.81335e-09
1.685 -1.47144e-07 2.95416e-09
1.69 -1.53565e-07 3.10153e-09
1.695 -1.60243e-07 3.25575e-09
1.7 -1.6719e-07 3.41711e-09
1.705 -1.74413e-07 3.58592e-09
1.71 -1.81924e-07 3.76249e-09
1.715 -1.89733e-07 3.94717e-09
1.72 -1.97851e-07 4.14029e-09
1.725 -2.06289e-07 4.3422e-09
1.73 -2.15059e-07 4.55328e-09
1.735 -2.24172e-07 4.77392e-09
1.74 -2.3364e-07 5.00452e-09
1.745 -2.43477e-07 5.24548e-09
1.75 -2.53695e-07 5.49725e-09
1.755 -2.64308e-07 5.76026e-09
1.76 -2.7533e-07 6.03499e-09
1.765 -2.86775e-07 6.32192e-09
1.77 -2.98659e-07 6.62155e-09
1.775 -3.10995e-07 6.9344e-09
1.78 -3.238e-07 7.261e-09
1.785 -3.37091e-07 7.60192e-09
1.79 -3.50884e-07 7.95774e-09
1.795 -3.65197e-07 8.32905e-09
1.8 -3.80047e-07 8.71649e-09
1.805 -3.95452e-07 9.1207e-09
1.81 -4.11432e-07 9.54236e-09
1.815 -4.28006e-07 9.98215e-09
1.82 -4.45195e-07 1.04408e-08
1.825 -4.63018e-07 1.09191e-08
1.83 -4.81498e-07 1.14177e-08
1.835 -5.00657e-07 1.19375e-08
1.84 -5.20517e-07 1.24793e-08
1.845 -5.41101e-07 1.3044e-08
1.85 -5.62434e-07 1.36325e-08
1.855 -5.8454e-07 1.42457e-08
1.86 -6.07445e-07 1.48845e-08
1.865 -6.31176e-07 1.555e-08
1.87 -6.55758e-07 1.62431e-08
1.875 -6.81221e-07 1.6965e-08
1.88 -7.07593e-07 1.77167e-08
1.885 -7.34904e-07 1.84993e-08
1.89 -7.63183e-07 1.93141e-08
1.895 -7.92462e-07 2.01623e-08
1.9 -8.22774e-07 2.10451e-08
1.905 -8.54151e-07 2.19638e-08
1.91 -8.86628e-07 2.29198e-08
1.915 -9.20239e-07 2.39145e-08
1.92 -9.55021e-07 2.49493e-08
1.925 -9.9101e-07 2.60257e-08
1.93 -1.02825e-06 2.71453e-08
1.935 -1.06677e-06 2.83096e-08
1.94 -1.10661e-06 2.95204e-08
1.945 -1.14782e-06 3.07792e-08
1.95 -1.19044e-06 3.2088e-08
1.955 -1.23452e-06 3.34484e-08
1.96 -1.28009e-06 3.48624e-08
1.965 -1.32721e-06 3.6332e-08
1.97 -1.37592e-06 3.7859e-08
1.975 -1.42627e-06 3.94458e-08
1.98 -1.47831e-06 4.10942e-08
1.985 -1.5321e-06 4.28067e-08
1.99 -1.58768e-06 4.45854e-08
1.995 -1.64511e-06 4.64328e-08
2 -1.70444e-06 4.83512e-08
2.005 -1.76574e-06 5.03433e-08
2.01 -1.82907e-06 5.24115e-08
2.015 -1.89447e-06 5.45586e-08
2.02 -1.96202e-06 5.67874e-08
2.025 -2.03178e-06 5.91007e-08
2.03 -2.10381e-06 6.15015e-08
2.035 -2.17819e-06 6.39928e-08
2.04 -2.25498e-06 6.65778e-08
2.045 -2.33425e-06 6.92596e-08
2.05 -2.41607e-06 7.20417e-08
2.055 -2.50052e-06 7.49276e-08
2.06 -2.58768e-06 7.79207e-08
2.065 -2.67762e-06 8.10247e-08
2.07 -2.77043e-06 8.42434e-08
2.075 -2.86618e-06 8.75808e-08
2.08 -2.96497e-06 9.10408e-08
2.085 -3.06687e-06 9.46276e-08
2.09 -3.17199e-06 9.83454e-08
2.095 -3.2804e-06 1.02199e-07
2.1 -3.39221e-06 1.06192e-07
2.105 -3.50751e-06 1.1033e-07
2.11 -3.62639e-06 1.14618e-07
2.115 -3.74897e-06 1.1906e-07
2.12 -3.87534e-06 1.23662e-07
2.125 -4.00561e-06 1.28428e-07
2.13 -4.13988e-06 1.33365e-07
2.135 -4.27828e-06 1.38478e-07
2.14 -4.42091e-06 1.43772e-07
2.145 -4.56789e-06 1.49254e-07
2.15 -4.71935e-06 1.5493e-07
2.155 -4.8754e-06 1.60806e-07
2.16 -5.03616e-06 1.66889e-07
2.165 -5.20178e-06 1.73184e-07
2.17 -5.37238e-06 1.797e-07
2.175 -5.5481e-06 1.86442e-07
2.18 -5.72907e-06 1.93419e-07
2.185 -5.91544e-06 2.00638e-07
2.19 -6.10735e-06 2.08107e-07
2.195 -6.30496e-06 2.15833e-07
2.2 -6.50841e-06 2.23824e-07
2.205 -6.71786e-06 2.3209e-07
2.21 -6.93347e-06 2.40638e-07
2.215 -7.1554e-06 2.49477e-07
2.22 -7.38382e-06 2.58618e-07
2.225 -7.61891e-06 2.68068e-07
2.23 -7.86083e-06 2.77838e-07
2.235 -8.10977e-06 2.87938e-07
2.24 -8.36591e-06 2.98377e-07
2.245 -8.62944e-06 3.09167e-07
2.25 -8.90055e-06 3.20318e-07
2.255 -9.17943e-06 3.3184e-07
2.26 -9.46629e-06 3.43747e-07
2.265 -9.76134e-06 3.56049e-07
2.27 -1.00648e-05 3.68758e-07
2.275 -1.03768e-05 3.81886e-07
2.28 -1.06977e-05 3.95447e-07
2.285 -1.10276e-05 4.09453e-07
2.29 -1.13668e-05 4.23919e-07
2.295 -1.17156e-05 4.38856e-07
2.3 -1.20741e-05 4.54281e-07
2.305 -1.24425e-05 4.70206e-07
2.31 -1.28213e-05 4.86648e-07
2.315 -1.32106e-05 5.03622e-07
2.32 -1.36106e-05 5.21142e-07
2.325 -1.40217e-05 5.39226e-07
2.33 -1.44441e-05 5.5789e-07
2.335 -1.48781e-05 5.77151e-07
2.34 -1.53239e-05 5.97027e-07
2.345 -1.5782e-05 6.17535e-07
2.35 -1.62525e-05 6.38694e-07
2.355 -1.67358e-05 6.60522e-07
2.36 -1.72322e-05 6.8304e-07
2.365 -1.7742e-05 7.06267e-07
2.37 -1.82655e-05 7.30224e-07
2.375 -1.88031e-05 7.54931e-07
2.38 -1.93552e-05 7.80409e-07
2.385 -1.99219e-05 8.06682e-07
2.39 -2.05038e-05 8.33772e-07
2.395 -2.11011e-05 8.61702e-07
2.4 -2.17143e-05 8.90495e-07
2.405 -2.23437e-05 9.20176e-07
2.41 -2.29897e-05 9.50771e-07
2.415 -2.36526e-05 9.82304e-07
2.42 -2.4333e-05 1.0148e-06
2.425 -2.50312e-05 1.04829e-06
2.43 -2.57475e-05 1.0828e-06
2.435 -2.64825e-05 1.11836e-06
2.44 -2.72366e-05 1.155e-06
2.445 -2.80102e-05 1.19274e-06
2.45 -2.88038e-05 1.23162e-06
2.455 -2.96178e-05 1.27167e-06
2.46 -3.04527e-05 1.31292e-06
2.465 -3.1309e-05 1.3554e-06
2.47 -3.21872e-05 1.39916e-06
2.475 -3.30877e-05 1.44421e-06
2.48 -3.40111e-05 1.4906e-06
2.485 -3.49579e-05 1.53837e-06
2.49 -3.59287e-05 1.58754e-06
2.495 -3.69239e-05 1.63817e-06
2.5 -3.79442e-05 1.69028e-06
2.505 -3.899e-05 1.74392e-06
2.51 -4.0062e-05 1.79913e-06
2.515 -4.11607e-05 1.85594e-06
2.52 -4.22868e-05 1.91442e-06
2.525 -4.34408e-05 1.97458e-06
2.53 -4.46234e-05 2.03649e-06
2.535 -4.58352e-05 2.10019e-06
2.54 -4.70768e-05 2.16572e-06
2.545 -4.83489e-05 2.23314e-06
2.55 -4.96521e-05 2.30248e-06
2.555 -5.09873e-05 2.37381e-06
2.56 -5.23549e-05 2.44718e-06
2.565 -5.37558e-05 2.52263e-06
2.57 -5.51906e-05 2.60022e-06
2.575 -5.66602e-05 2.68001e-06
2.58 -5.81651e-05 2.76205e-06
2.585 -5.97063e-05 2.8464e-06
2.59 -6.12845e-05 2.93312e-06
2.595 -6.29004e-05 3.02227e-06
2.6 -6.45549e-05 3.11391e-06
2.605 -6.62488e-05 3.20811e-06
2.61 -6.79829e-05 3.30493e-06
2.615 -6.97581e-05 3.40444e-06
2.62 -7.15753e-05 3.5067e-06
2.625 -7.34352e-05 3.61179e-06
2.63 -7.53389e-05 3.71977e-06
2.635 -7.72872e-05 3.83071e-06
2.64 -7.92811e-05 3.9447e-06
2.645 -8.13214e-05 4.06181e-06
2.65 -8.34093e-05 4.18211e-06
2.655 -8.55456e-05 4.30569e-06
2.66 -8.77313e-05 4.43262e-06
2.665 -8.99675e-05 4.56298e-06
2.67 -9.22552e-05 4.69687e-06
2.675 -9.45955e-05 4.83437e-06
2.68 -9.69894e-05 4.97557e-06
2.685 -9.94379e-05 5.12055e-06
2.69 -0.000101942 5.26941e-06
2.695 -0.000104504 5.42224e-06
2.7 -0.000107123 5.57914e-06
2.705 -0.000109802 5.74021e-06
2.71 -0.000112541 5.90555e-06
2.715 -0.000115342 6.07526e-06
2.72 -0.000118206 6.24944e-06
2.725 -0.000121133 6.4282e-06
2.73 -0.000124127 6.61166e-06
2.735 -0.000127187 6.79992e-06
2.74 -0.000130315 6.9931e-06
2.745 -0.000133512 7.19131e-06
2.75 -0.00013678 7.39467e-06
2.755 -0.00014012 7.6033e-06
2.76 -0.000143534 7.81733e-06
2.765 -0.000147022 8.03689e-06
2.77 -0.000150587 8.2621e-06
2.775 -0.00015423 8.49309e-06
2.78 -0.000157952 8.73e-06
2.785 -0.000161755 8.97297e-06
2.79 -0.000165641 9.22213e-06
2.795 -0.00016961 9.47763e-06
2.8 -0.000173665 9.73962e-06
2.805 -0.000177808 1.00082e-05
2.81 -0.000182039 1.02836e-05
2.815 -0.000186361 1.0566e-05
2.82 -0.000190775 1.08554e-05
2.825 -0.000195283 1.11521e-05
2.83 -0.000199887 1.14563e-05
2.835 -0.000204589 1.1768e-05
2.84 -0.00020939 1.20875e-05
2.845 -0.000214292 1.24149e-05
2.85 -0.000219298 1.27505e-05
2.855 -0.000224408 1.30943e-05
2.86 -0.000229626 1.34466e-05
2.865 -0.000234952 1.38076e-05
2.87 -0.00024039 1.41775e-05
2.875 -0.00024594 1.45564e-05
2.88 -0.000251606 1.49446e-05
2.885 -0.000257388 1.53422e-05
2.89 -0.00026329 1.57496e-05
2.895 -0.000269314 1.61668e-05
2.9 -0.000275461 1.65941e-05
2.905 -0.000281734 1.70317e-05
2.91 -0.000288135 1.74799e-05
2.915 -0.000294667 1.79389e-05
2.92 -0.000301331 1.84088e-05
2.925 -0.000308131 1.88901e-05
2.93 -0.000315068 1.93828e-05
2.935 -0.000322145 1.98872e-05
2.94 -0.000329364 2.04037e-05
2.945 -0.000336729 2.09324e-05
2.95 -0.000344241 2.14736e-05
2.955 -0.000351903 2.20276e-05
2.96 -0.000359718 2.25946e-05
2.965 -0.000367688 2.3175e-05
2.97 -0.000375817 2.37689e-05
2.975 -0.000384106 2.43768e-05
2.98 -0.000392559 2.49988e-05
2.985 -0.000401179 2.56353e-05
2.99 -0.000409968 2.62866e-05
2.995 -0.000418929 2.6953e-05
3 -0.000428065 2.76348e-05
3.005 -0.00043738 2.83323e-05
3.01 -0.000446876 2.90459e-05
3.015 -0.000456556 2.97759e-05
3.02 -0.000466424 3.05226e-05
3.025 -0.000476482 3.12864e-05
3.03 -0.000486734 3.20676e-05
3.035 -0.000497183 3.28666e-05
3.04 -0.000507833 3.36837e-05
3.045 -0.000518687 3.45193e-05
3.05 -0.000529747 3.53738e-05
3.055 -0.000541019 3.62476e-05
3.06 -0.000552504 3.7141e-05
3.065 -0.000564207 3.80545e-05
3.07 -0.000576132 3.89884e-05
3.075 -0.000588281 3.99433e-05
3.08 -0.000600659 4.09194e-05
3.085 -0.00061327 4.19172e-05
3.09 -0.000626116 4.29372e-05
3.095 -0.000639203 4.39797e-05
3.1 -0.000652533 4.50453e-05
3.105 -0.000666112 4.61344e-05
3.11 -0.000679942 4.72475e-05
3.115 -0.000694028 4.83849e-05
3.12 -0.000708375 4.95473e-05
3.125 -0.000722985 5.07351e-05
3.13 -0.000737865 5.19487e-05
3.135 -0.000753017 5.31888e-05
3.14 -0.000768446 5.44558e-05
3.145 -0.000784156 5.57502e-05
3.15 -0.000800153 5.70726e-05
3.155 -0.00081644 5.84235e-05
3.16 -0.000833023 5.98034e-05
3.165 -0.000849905 6.1213e-05
3.17 -0.000867091 6.26527e-05
3.175 -0.000884587 6.41232e-05
3.18 -0.000902397 6.5625e-05
3.185 -0.000920525 6.71588e-05
3.19 -0.000938978 6.87251e-05
3.195 -0.00095776 7.03247e-05
3.2 -0.000976875 7.19579e-05
3.205 -0.00099633 7.36257e-05
3.21 -0.00101613 7.53285e-05
3.215 -0.00103628 7.7067e-05
3.22 -0.00105678 7.8842e-05
3.225 -0.00107765 8.0654e-05
3.23 -0.00109888 8.25039e-05
3.235 -0.00112048 8.43922e-05
3.24 -0.00114246 8.63197e-05
3.245 -0.00116482 8.82871e-05
3.25 -0.00118757 9.02952e-05
3.255 -0.00121071 9.23447e-05
3.26 -0.00123426 9.44363e-05
3.265 -0.00125821 9.65709e-05
3.27 -0.00128257 9.87492e-05
3.275 -0.00130735 0.000100972
3.28 -0.00133256 0.00010324
3.285 -0.00135819 0.000105555
3.29 -0.00138427 0.000107916
3.295 -0.00141079 0.000110325
3.3 -0.00143776 0.000112783
3.305 -0.00146518 0.00011529
3.31 -0.00149307 0.000117848
3.315 -0.00152143 0.000120458
3.32 -0.00155027 0.000123119
3.325 -0.00157959 0.000125834
3.33 -0.0016094 0.000128603
3.335 -0.00163971 0.000131427
3.34 -0.00167052 0.000134307
3.345 -0.00170185 0.000137244
3.35 -0.0017337 0.00014024
3.355 -0.00176608 0.000143294
3.36 -0.00179899 0.000146409
3.365 -0.00183244 0.000149584
3.37 -0.00186644 0.000152822
3.375 -0.001901 0.000156124
3.38 -0.00193613 0.00015949
3.385 -0.00197183 0.000162921
3.39 -0.00200811 0.000166419
3.395 -0.00204499 0.000169985
3.4 -0.00208246 0.00017362
3.405 -0.00212054 0.000177325
3.41 -0.00215923 0.000181102
3.415 -0.00219855 0.000184951
3.42 -0.0022385 0.000188874
3.425 -0.00227909 0.000192872
3.43 -0.00232033 0.000196946
3.435 -0.00236223 0.000201098
3.44 -0.00240479 0.000205329
3.445 -0.00244804 0.000209641
3.45 -0.00249197 0.000214034
3.455 -0.00253659 0.000218509
3.46 -0.00258192 0.00022307
3.465 -0.00262797 0.000227716
3.47 -0.00267474 0.000232449
3.475 -0.00272224 0.000237271
3.48 -0.00277049 0.000242183
3.485 -0.00281949 0.000247187
3.49 -0.00286926 0.000252284
3.495 -0.0029198 0.000257476
3.5 -0.00297112 0.000262763
3.505 -0.00302324 0.000268149
3.51 -0.00307616 0.000273634
3.515 -0.0031299 0.00027922
3.52 -0.00318447 0.000284908
3.525 -0.00323987 0.000290701
3.53 -0.00329613 0.0002966
3.535 -0.00335324 0.000302606
3.54 -0.00341122 0.000308722
3.545 -0.00347009 0.000314949
3.55 -0.00352985 0.000321288
3.555 -0.00359052 0.000327743
3.56 -0.0036521 0.000334314
3.565 -0.00371461 0.000341004
3.57 -0.00377807 0.000347813
3.575 -0.00384247 0.000354745
3.58 -0.00390784 0.000361801
3.585 -0.00397419 0.000368983
3.59 -0.00404153 0.000376294
3.595 -0.00410987 0.000383734
3.6 -0.00417923 0.000391306
3.605 -0.00424962 0.000399012
3.61 -0.00432104 0.000406855
3.615 -0.00439353 0.000414835
3.62 -0.00446707 0.000422957
3.625 -0.0045417 0.00043122
3.63 -0.00461743 0.000439629
3.635 -0.00469426 0.000448184
3.64 -0.00477222 0.000456889
3.645 -0.00485131 0.000465746
3.65 -0.00493155 0.000474756
3.655 -0.00501296 0.000483922
3.66 -0.00509554 0.000493247
3.665 -0.00517932 0.000502733
3.67 -0.0052643 0.000512382
3.675 -0.00535051 0.000522197
3.68 -0.00543796 0.00053218
3.685 -0.00552666 0.000542334
3.69 -0.00561662 0.000552662
3.695 -0.00570787 0.000563165
3.7 -0.00580042 0.000573847
3.705 -0.00589429 0.00058471
3.71 -0.00598948 0.000595757
3.715 -0.00608602 0.000606991
3.72 -0.00618392 0.000618414
3.725 -0.00628321 0.000630029
3.73 -0.00638388 0.000641839
3.735 -0.00648597 0.000653846
3.74 -0.00658949 0.000666054
3.745 -0.00669446 0.000678466
3.75 -0.00680088 0.000691085
3.755 -0.00690879 0.000703912
3.76 -0.00701819 0.000716953
3.765 -0.00712911 0.000730209
3.77 -0.00724156 0.000743683
3.775 -0.00735557 0.000757379
3.78 -0.00747114 0.0007713
3.785 -0.0075883 0.00078545
3.79 -0.00770706 0.00079983
3.795 -0.00782745 0.000814445
3.8 -0.00794948 0.000829298
3.805 -0.00807317 0.000844393
3.81 -0.00819855 0.000859732
3.815 -0.00832562 0.000875319
3.82 -0.00845441 0.000891158
3.825 -0.00858495 0.000907252
3.83 -0.00871724 0.000923604
3.835 -0.00885131 0.000940219
3.84 -0.00898718 0.000957099
3.845 -0.00912487 0.000974249
3.85 -0.0092644 0.000991672
3.855 -0.00940579 0.00100937
3.86 -0.00954906 0.00102735
3.865 -0.00969424 0.00104562
3.87 -0.00984134 0.00106417
3.875 -0.00999038 0.00108302
3.88 -0.0101414 0.00110216
3.885 -0.0102944 0.0011216
3.89 -0.0104494 0.00114135
3.895 -0.0106065 0.00116141
3.9 -0.0107656 0.00118177
3.905 -0.0109267 0.00120246
3.91 -0.01109 0.00122346
3.915 -0.0112554 0.00124479
3.92 -0.011423 0.00126646
3.925 -0.0115927 0.00128845
3.93 -0.0117646 0.00131078
3.935 -0.0119387 0.00133346
3.94 -0.0121151 0.00135648
3.945 -0.0122938 0.00137985
3.95 -0.0124747 0.00140359
3.955 -0.0126579 0.00142768
3.96 -0.0128435 0.00145213
3.965 -0.0130315 0.00147696
3.97 -0.0132218 0.00150216
3.975 -0.0134146 0.00152775
3.98 -0.0136098 0.00155372
3.985 -0.0138075 0.00158007
3.99 -0.0140076 0.00160682
3.995 -0.0142103 0.00163398
4 -0.0144155 0.00166153
4.005 -0.0146233 0.0016895
4.01 -0.0148337 0.00171788
4.015 -0.0150467 0.00174669
4.02 -0.0152624 0.00177591
4.025 -0.0154808 0.00180557
4.03 -0.0157018 0.00183567
4.035 -0.0159256 0.0018662
4.04 -0.0161522 0.00189719
4.045 -0.0163816 0.00192863
4.05 -0.0166137 0.00196052
4.055 -0.0168488 0.00199288
4.06 -0.0170867 0.00202571
4.065 -0.0173275 0.00205901
4.07 -0.0175713 0.0020928
4.075 -0.017818 0.00212707
4.08 -0.0180678 0.00216184
4.085 -0.0183205 0.0021971
4.09 -0.0185763 0.00223287
4.095 -0.0188352 0.00226915
4.1 -0.0190973 0.00230595
4.105 -0.0193625 0.00234327
4.11 -0.0196308 0.00238112
4.115 -0.0199024 0.00241951
4.12 -0.0201772 0.00245844
4.125 -0.0204553 0.00249791
4.13 -0.0207368 0.00253795
4.135 -0.0210215 0.00257854
4.14 -0.0213097 0.0026197
4.145 -0.0216012 0.00266144
4.15 -0.0218962 0.00270376
4.155 -0.0221947 0.00274666
4.16 -0.0224967 0.00279016
4.165 -0.0228022 0.00283427
4.17 -0.0231113 0.00287898
4.175 -0.023424 0.0029243
4.18 -0.0237404 0.00297025
4.185 -0.0240604 0.00301683
4.19 -0.0243842 0.00306405
4.195 -0.0247117 0.00311191
4.2 -0.025043 0.00316043
4.205 -0.0253781 0.0032096
4.21 -0.0257171 0.00325943
4.215 -0.02606 0.00330994
4.22 -0.0264068 0.00336114
4.225 -0.0267576 0.00341302
4.23 -0.0271124 0.00346559
4.235 -0.0274713 0.00351888
4.24 -0.0278342 0.00357287
4.245 -0.0282013 0.00362758
4.25 -0.0285725 0.00368302
4.255 -0.0289479 0.00373919
4.26 -0.0293275 0.00379611
4.265 -0.0297114 0.00385378
4.27 -0.0300997 0.00391221
4.275 -0.0304923 0.00397141
4.28 -0.0308893 0.00403138
4.285 -0.0312907 0.00409214
4.29 -0.0316966 0.00415369
4.295 -0.032107 0.00421604
4.3 -0.0325219 0.0042792
4.305 -0.0329415 0.00434317
4.31 -0.0333657 0.00440798
4.315 -0.0337945 0.00447362
4.32 -0.0342281 0.0045401
4.325 -0.0346665 0.00460743
4.33 -0.0351096 0.00467563
4.335 -0.0355576 0.0047447
4.34 -0.0360105 0.00481465
4.345 -0.0364683 0.00488548
4.35 -0.0369311 0.00495721
4.355 -0.037399 0.00502985
4.36 -0.0378718 0.00510341
4.365 -0.0383498 0.00517789
4.37 -0.038833 0.00525331
4.375 -0.0393213 0.00532966
4.38 -0.0398149 0.00540698
4.385 -0.0403137 0.00548525
4.39 -0.0408179 0.0055645
4.395 -0.0413275 0.00564473
4.4 -0.0418425 0.00572595
4.405 -0.0423629 0.00580817
4.41 -0.0428889 0.00589141
4.415 -0.0434204 0.00597566
4.42 -0.0439576 0.00606095
4.425 -0.0445003 0.00614728
4.43 -0.0450488 0.00623466
4.435 -0.0456031 0.0063231
4.44 -0.0461631 0.00641261
4.445 -0.046729 0.00650321
4.45 -0.0473008 0.00659489
4.455 -0.0478785 0.00668768
4.46 -0.0484622 0.00678159
4.465 -0.049052 0.00687661
4.47 -0.0496478 0.00697277
4.475 -0.0502498 0.00707008
4.48 -0.0508579 0.00716854
4.485 -0.0514723 0.00726816
4.49 -0.052093 0.00736897
4.495 -0.0527201 0.00747096
4.5 -0.0533535 0.00757415
4.505 -0.0539934 0.00767855
4.51 -0.0546397 0.00778417
4.515 -0.0552926 0.00789102
4.52 -0.0559521 0.00799912
4.525 -0.0566183 0.00810847
4.53 -0.0572912 0.00821908
4.535 -0.0579708 0.00833098
4.54 -0.0586572 0.00844416
4.545 -0.0593505 0.00855864
4.55 -0.0600507 0.00867443
4.555 -0.0607578 0.00879154
4.56 -0.061472 0.00890999
4.565 -0.0621932 0.00902979
4.57 -0.0629216 0.00915094
4.575 -0.0636572 0.00927346
4.58 -0.0644 0.00939737
4.585 -0.0651501 0.00952267
4.59 -0.0659075 0.00964937
4.595 -0.0666724 0.00977749
4.6 -0.0674447 0.00990704
4.605 -0.0682245 0.010038
4.61 -0.0690119 0.0101705
4.615 -0.069807 0.0103044
4.62 -0.0706097 0.0104398
4.625 -0.0714201 0.0105767
4.63 -0.0722384 0.010715
4.635 -0.0730645 0.0108549
4.64 -0.0738985 0.0109964
4.645 -0.0747405 0.0111393
4.65 -0.0755905 0.0112838
4.655 -0.0764486 0.0114299
4.66 -0.0773149 0.0115776
4.665 -0.0781893 0.0117268
4.67 -0.079072 0.0118777
4.675 -0.0799631 0.0120302
4.68 -0.0808625 0.0121843
4.685 -0.0817704 0.01234
4.69 -0.0826867 0.0124974
4.695 -0.0836116 0.0126565
4.7 -0.0845452 0.0128172
4.705 -0.0854874 0.0129797
4.71 -0.0864383 0.0131438
4.715 -0.0873981 0.0133097
4.72 -0.0883667 0.0134773
4.725 -0.0893442 0.0136466
4.73 -0.0903307 0.0138177
4.735 -0.0913262 0.0139906
4.74 -0.0923309 0.0141653
4.745 -0.0933447 0.0143418
4.75 -0.0943677 0.01452
4.755 -0.0954001 0.0147002
4.76 -0.0964418 0.0148821
4.765 -0.0974928 0.0150659
4.77 -0.0985534 0.0152516
4.775 -0.0996235 0.0154391
4.78 -0.100703 0.0156286
4.785 -0.101793 0.01582
4.79 -0.102892 0.0160132
4.795 -0.104001 0.0162085
4.8 -0.105119 0.0164056
4.805 -0.106248 0.0166048
4.81 -0.107387 0.0168059
4.815 -0.108535 0.017009
4.82 -0.109694 0.0172141
4.825 -0.110863 0.0174212
4.83 -0.112042 0.0176304
4.835 -0.113231 0.0178416
4.84 -0.114431 0.0180548
4.845 -0.115642 0.0182702
4.85 -0.116862 0.0184876
4.855 -0.118094 0.0187071
4.86 -0.119335 0.0189288
4.865 -0.120588 0.0191526
4.87 -0.121851 0.0193785
4.875 -0.123125 0.0196066
4.88 -0.12441 0.0198368
4.885 -0.125706 0.0200693
4.89 -0.127013 0.020304
4.895 -0.128331 0.0205408
4.9 -0.129661 0.0207799
4.905 -0.131001 0.0210213
4.91 -0.132353 0.0212649
4.915 -0.133715 0.0215108
4.92 -0.13509 0.0217589
4.925 -0.136476 0.0220094
4.93 -0.137873 0.0222622
4.935 -0.139282 0.0225173
4.94 -0.140702 0.0227748
4.945 -0.142135 0.0230346
4.95 -0.143579 0.0232968
4.955 -0.145035 0.0235613
4.96 -0.146503 0.0238283
4.965 -0.147982 0.0240977
4.97 -0.149474 0.0243696
4.975 -0.150978 0.0246438
4.98 -0.152494 0.0249206
4.985 -0.154023 0.0251998
4.99 -0.155564 0.0254815
4.995 -0.157117 0.0257657
5 -0.158682 0.0260524
5.005 -0.16026 0.0263416
5.01 -0.161851 0.0266334
5.015 -0.163454 0.0269278
5.02 -0.16507 0.0272247
5.025 -0.166699 0.0275242
5.03 -0.16834 0.0278263
5.035 -0.169995 0.028131
5.04 -0.171662 0.0284384
5.045 -0.173343 0.0287484
5.05 -0.175036 0.0290611
5.055 -0.176743 0.0293764
5.06 -0.178463 0.0296944
5.065 -0.180196 0.0300151
5.07 -0.181942 0.0303386
5.075 -0.183702 0.0306647
5.08 -0.185476 0.0309936
5.085 -0.187262 0.0313253
5.09 -0.189063 0.0316597
5.095 -0.190877 0.031997
5.1 -0.192705 0.032337
5.105 -0.194547 0.0326798
5.11 -0.196402 0.0330255
5.115 -0.198272 0.0333739
5.12 -0.200155 0.0337253
5.125 -0.202053 0.0340795
5.13 -0.203964 0.0344366
5.135 -0.20589 0.0347966
5.14 -0.20783 0.0351595
5.145 -0.209784 0.0355253
5.15 -0.211753 0.0358941
5.155 -0.213736 0.0362658
5.16 -0.215733 0.0366404
5.165 -0.217745 0.037018
5.17 -0.219772 0.0373987
5.175 -0.221813 0.0377823
5.18 -0.223869 0.0381689
5.185 -0.225939 0.0385586
5.19 -0.228025 0.0389513
5.195 -0.230125 0.0393471
5.2 -0.232241 0.0397459
5.205 -0.234371 0.0401478
5.21 -0.236516 0.0405528
5.215 -0.238677 0.0409609
5.22 -0.240853 0.0413721
5.225 -0.243044 0.0417864
5.23 -0.24525 0.0422039
5.235 -0.247471 0.0426246
5.24 -0.249708 0.0430484
5.245 -0.251961 0.0434753
5.25 -0.254229 0.0439055
5.255 -0.256512 0.0443389
5.26 -0.258811 0.0447755
5.265 -0.261126 0.0452153
5.27 -0.263457 0.0456584
5.275 -0.265803 0.0461047
5.28 -0.268165 0.0465542
5.285 -0.270543 0.0470071
5.29 -0.272937 0.0474632
5.295 -0.275347 0.0479226
5.3 -0.277773 0.0483853
5.305 -0.280215 0.0488514
5.31 -0.282673 0.0493208
5.315 -0.285147 0.0497935
5.32 -0.287638 0.0502696
5.325 -0.290145 0.050749
5.33 -0.292668 0.0512318
5.335 -0.295208 0.051718
5.34 -0.297764 0.0522076
5.345 -0.300336 0.0527005
5.35 -0.302925 0.0531969
5.355 -0.305531 0.0536968
5.36 -0.308153 0.0542
5.365 -0.310792 0.0547067
5.37 -0.313447 0.0552169
5.375 -0.316119 0.0557305
5.38 -0.318808 0.0562476
5.385 -0.321514 0.0567681
5.39 -0.324237 0.0572922
5.395 -0.326976 0.0578198
5.4 -0.329733 0.0583508
5.405 -0.332506 0.0588854
5.41 -0.335297 0.0594235
5.415 -0.338104 0.0599652
5.42 -0.340929 0.0605104
5.425 -0.343771 0.0610591
5.43 -0.34663 0.0616114
5.435 -0.349506 0.0621673
5.44 -0.352399 0.0627267
5.445 -0.35531 0.0632898
5.45 -0.358238 0.0638564
5.455 -0.361183 0.0644266
5.46 -0.364145 0.0650004
5.465 -0.367125 0.0655778
5.47 -0.370123 0.0661589
5.475 -0.373137 0.0667436
5.48 -0.37617 0.0673319
5.485 -0.379219 0.0679238
5.49 -0.382287 0.0685194
5.495 -0.385372 0.0691187
5.5 -0.388474 0.0697215
5.505 -0.391594 0.0703281
5.51 -0.394732 0.0709383
5.515 -0.397887 0.0715522
5.52 -0.40106 0.0721698
5.525 -0.40425 0.0727911
5.53 -0.407459 0.073416
5.535 -0.410685 0.0740446
5.54 -0.413928 0.074677
5.545 -0.41719 0.075313
5.55 -0.420469 0.0759527
5.555 -0.423766 0.0765962
5.56 -0.427081 0.0772433
5.565 -0.430413 0.0778942
5.57 -0.433764 0.0785488
5.575 -0.437132 0.0792071
5.58 -0.440518 0.0798691
5.585 -0.443922 0.0805349
5.59 -0.447344 0.0812044
5.595 -0.450783 0.0818776
5.6 -0.454241 0.0825546
5.605 -0.457716 0.0832352
5.61 -0.461209 0.0839197
5.615 -0.46472 0.0846078
5.62 -0.468249 0.0852997
5.625 -0.471796 0.0859953
5.63 -0.475361 0.0866947
5.635 -0.478943 0.0873978
5.64 -0.482543 0.0881047
5.645 -0.486162 0.0888153
5.65 -0.489798 0.0895296
5.655 -0.493451 0.0902477
5.66 -0.497123 0.0909695
5.665 -0.500813 0.091695
5.67 -0.50452 0.0924243
5.675 -0.508245 0.0931573
5.68 -0.511988 0.093894
5.685 -0.515749 0.0946345
5.69 -0.519527 0.0953787
5.695 -0.523323 0.0961266
5.7 -0.527137 0.0968783
5.705 -0.530968 0.0976336
5.71 -0.534818 0.0983927
5.715 -0.538684 0.0991555
5.72 -0.542569 0.099922
5.725 -0.546471 0.100692
5.73 -0.55039 0.101466
5.735 -0.554328 0.102244
5.74 -0.558282 0.103025
5.745 -0.562254 0.10381
5.75 -0.566244 0.104599
5.755 -0.570251 0.105391
5.76 -0.574275 0.106187
5.765 -0.578317 0.106986
5.77 -0.582376 0.10779
5.775 -0.586452 0.108597
5.78 -0.590546 0.109407
5.785 -0.594656 0.110221
5.79 -0.598784 0.111039
5.795 -0.602929 0.111861
5.8 -0.607091 0.112686
5.805 -0.61127 0.113514
5.81 -0.615466 0.114347
5.815 -0.619679 0.115182
5.82 -0.623908 0.116022
5.825 -0.628154 0.116865
5.83 -0.632418 0.117711
5.835 -0.636697 0.118561
5.84 -0.640994 0.119415
5.845 -0.645307 0.120272
5.85 -0.649636 0.121132
5.855 -0.653982 0.121996
5.86 -0.658344 0.122864
5.865 -0.662723 0.123735
5.87 -0.667117 0.124609
5.875 -0.671528 0.125487
5.88 -0.675955 0.126369
5.885 -0.680398 0.127253
5.89 -0.684857 0.128141
5.895 -0.689332 0.129033
5.9 -0.693822 0.129928
5.905 -0.698328 0.130826
5.91 -0.70285 0.131728
5.915 -0.707387 0.132632
5.92 -0.71194 0.133541
5.925 -0.716508 0.134452
5.93 -0.721091 0.135367
5.935 -0.72569 0.136285
5.94 -0.730303 0.137206
5.945 -0.734932 0.13813
5.95 -0.739575 0.139058
5.955 -0.744233 0.139989
5.96 -0.748906 0.140923
5.965 -0.753594 0.14186
5.97 -0.758295 0.1428
5.975 -0.763012 0.143744
5.98 -0.767742 0.14469
5.985 -0.772487 0.14564
5.99 -0.777246 0.146592
5.995 -0.782018 0.147548
6 -0.786805 0.148506
6.005 -0.791605 0.149468
6.01 -0.796419 0.150432
6.015 -0.801246 0.151399
6.02 -0.806086 0.15237
6.025 -0.81094 0.153343
6.03 -0.815807 0.154319
6.035 -0.820686 0.155298
6.04 -0.825579 0.156279
6.045 -0.830484 0.157264
6.05 -0.835402 0.158251
6.055 -0.840332 0.159241
6.06 -0.845274 0.160233
6.065 -0.850229 0.161229
6.07 -0.855195 0.162226
6.075 -0.860174 0.163227
6.08 -0.865164 0.16423
6.085 -0.870165 0.165236
6.09 -0.875178 0.166244
6.095 -0.880203 0.167254
6.1 -0.885238 0.168267
6.105 -0.890284 0.169283
6.11 -0.895341 0.170301
6.115 -0.900409 0.171321
6.12 -0.905487 0.172344
6.125 -0.910576 0.173369
6.13 -0.915674 0.174396
6.135 -0.920782 0.175426
6.14 -0.925901 0.176457
6.145 -0.931028 0.177491
6.15 -0.936166 0.178527
6.155 -0.941312 0.179565
6.16 -0.946468 0.180605
6.165 -0.951632 0.181648
6.17 -0.956805 0.182692
6.175 -0.961987 0.183738
6.18 -0.967177 0.184786
6.185 -0.972375 0.185836
6.19 -0.977581 0.186888
6.195 -0.982795 0.187942
6.2 -0.988016 0.188997
6.205 -0.993245 0.190054
6.21 -0.998481 0.191113
6.215 -1.00372 0.192174
6.22 -1.00897 0.193236
6.225 -1.01423 0.1943
6.23 -1.01949 0.195365
6.235 -1.02476 0.196432
6.24 -1.03003 0.1975
6.245 -1.03531 0.198569
6.25 -1.0406 0.19964
6.255 -1.04589 0.200713
6.26 -1.05119 0.201786
6.265 -1.05649 0.202861
6.27 -1.06179 0.203937
6.275 -1.0671 0.205014
6.28 -1.07241 0.206092
6.285 -1.07773 0.207171
6.29 -1.08305 0.208252
6.295 -1.08838 0.209333
6.3 -1.09371 0.210415
6.305 -1.09904 0.211498
6.31 -1.10437 0.212582
6.315 -1.1097 0.213666
6.32 -1.11504 0.214752
6.325 -1.12038 0.215838
6.33 -1.12572 0.216924
6.335 -1.13107 0.218011
6.34 -1.13641 0.219099
6.345 -1.14175 0.220187
6.35 -1.1471 0.221276
6.355 -1.15245 0.222365
6.36 -1.15779 0.223454
6.365 -1.16314 0.224543
6.37 -1.16848 0.225633
6.375 -1.17383 0.226723
6.38 -1.17917 0.227813
6.385 -1.18451 0.228903
6.39 -1.18985 0.229993
6.395 -1.19519 0.231082
6.4 -1.20053 0.232172
6.405 -1.20586 0.233262
6.41 -1.2112 0.234351
6.415 -1.21652 0.23544
6.42 -1.22185 0.236529
6.425 -1.22717 0.237617
6.43 -1.23249 0.238705
6.435 -1.2378 0.239792
6.44 -1.24311 0.240878
6.445 -1.24842 0.241964
6.45 -1.25372 0.24305
6.455 -1.25901 0.244134
6.46 -1.2643 0.245218
6.465 -1.26958 0.2463
6.47 -1.27486 0.247382
6.475 -1.28013 0.248463
6.48 -1.28539 0.249543
6.485 -1.29064 0.250621
6.49 -1.29589 0.251698
6.495 -1.30113 0.252774
6.5 -1.30636 0.253849
6.505 -1.31158 0.254922
6.51 -1.3168 0.255994
6.515 -1.322 0.257064
6.52 -1.3272 0.258133
6.525 -1.33238 0.2592
6.53 -1.33756 0.260265
6.535 -1.34272 0.261329
6.54 -1.34787 0.26239
6.545 -1.35302 0.26345
6.55 -1.35815 0.264507
6.555 -1.36326 0.265563
6.56 -1.36837 0.266616
6.565 -1.37346 0.267667
6.57 -1.37854 0.268716
6.575 -1.38361 0.269763
6.58 -1.38866 0.270807
6.585 -1.3937 0.271848
6.59 -1.39873 0.272887
6.595 -1.40374 0.273924
6.6 -1.40873 0.274957
6.605 -1.41371 0.275988
6.61 -1.41867 0.277016
6.615 -1.42362 0.278041
6.62 -1.42855 0.279063
6.625 -1.43346 0.280082
6.63 -1.43835 0.281097
6.635 -1.44323 0.28211
6.64 -1.44809 0.283119
6.645 -1.45293 0.284124
6.65 -1.45775 0.285127
6.655 -1.46255 0.286125
6.66 -1.46734 0.28712
6.665 -1.4721 0.288112
6.67 -1.47684 0.289099
6.675 -1.48156 0.290083
6.68 -1.48626 0.291063
6.685 -1.49094 0.292038
6.69 -1.49559 0.29301
6.695 -1.50023 0.293977
6.7 -1.50484 0.294941
6.705 -1.50942 0.295899
6.71 -1.51398 0.296854
6.715 -1.51852 0.297804
6.72 -1.52304 0.298749
6.725 -1.52753 0.29969
6.73 -1.53199 0.300626
6.735 -1.53643 0.301557
6.74 -1.54084 0.302483
6.745 -1.54522 0.303404
6.75 -1.54958 0.30432
6.755 -1.55391 0.305231
6.76 -1.55821 0.306137
6.765 -1.56249 0.307037
6.77 -1.56673 0.307932
6.775 -1.57095 0.308822
6.78 -1.57514 0.309706
6.785 -1.57929 0.310584
6.79 -1.58342 0.311456
6.795 -1.58752 0.312323
6.8 -1.59158 0.313184
6.805 -1.59561 0.314038
6.81 -1.59961 0.314887
6.815 -1.60358 0.315729
6.82 -1.60751 0.316566
6.825 -1.61142 0.317395
6.83 -1.61528 0.318219
6.835 -1.61912 0.319036
6.84 -1.62291 0.319846
6.845 -1.62668 0.320649
6.85 -1.6304 0.321446
6.855 -1.6341 0.322236
6.86 -1.63775 0.323018
6.865 -1.64137 0.323794
6.87 -1.64495 0.324563
6.875 -1.64849 0.325324
6.88 -1.65199 0.326078
6.885 -1.65546 0.326825
6.89 -1.65888 0.327564
6.895 -1.66227 0.328295
6.9 -1.66562 0.329019
6.905 -1.66892 0.329735
6.91 -1.67219 0.330443
6.915 -1.67541 0.331143
6.92 -1.67859 0.331835
6.925 -1.68173 0.332519
6.93 -1.68482 0.333195
6.935 -1.68788 0.333862
6.94 -1.69089 0.334521
6.945 -1.69385 0.335172
6.95 -1.69677 0.335814
6.955 -1.69964 0.336447
6.96 -1.70247 0.337071
6.965 -1.70526 0.337687
6.97 -1.70799 0.338293
6.975 -1.71068 0.338891
6.98 -1.71332 0.339479
6.985 -1.71592 0.340058
6.99 -1.71846 0.340628
6.995 -1.72096 0.341188
7 -1.72341 0.341739
7.005 -1.72581 0.34228
7.01 -1.72816 0.342812
7.015 -1.73045 0.343333
7.02 -1.7327 0.343845
7.025 -1.73489 0.344347
7.03 -1.73704 0.344839
7.035 -1.73913 0.34532
7.04 -1.74116 0.345791
7.045 -1.74315 0.346252
7.05 -1.74508 0.346703
7.055 -1.74695 0.347143
7.06 -1.74877 0.347572
7.065 -1.75054 0.347991
7.07 -1.75225 0.348398
7.075 -1.7539 0.348795
7.08 -1.7555 0.349181
7.085 -1.75704 0.349556
7.09 -1.75852 0.349919
7.095 -1.75995 0.350271
7.1 -1.76131 0.350612
7.105 -1.76262 0.350942
7.11 -1.76387 0.35126
7.115 -1.76505 0.351566
7.12 -1.76618 0.35186
7.125 -1.76725 0.352143
7.13 -1.76825 0.352414
7.135 -1.7692 0.352672
7.14 -1.77008 0.352919
7.145 -1.7709 0.353153
7.15 -1.77166 0.353375
7.155 -1.77235 0.353585
7.16 -1.77298 0.353782
7.165 -1.77354 0.353967
7.17 -1.77404 0.354139
7.175 -1.77448 0.354299
7.18 -1.77485 0.354445
7.185 -1.77515 0.354579
7.19 -1.77539 0.354699
7.195 -1.77556 0.354807
7.2 -1.77566 0.354901
7.205 -1.77569 0.354982
7.21 -1.77566 0.355049
7.215 -1.77555 0.355104
7.22 -1.77538 0.355144
7.225 -1.77514 0.355171
7.23 -1.77483 0.355184
7.235 -1.77445 0.355184
7.24 -1.77399 0.355169
7.245 -1.77347 0.355141
7.25 -1.77287 0.355099
7.255 -1.7722 0.355042
7.26 -1.77146 0.354971
7.265 -1.77065 0.354886
7.27 -1.76976 0.354786
7.275 -1.7688 0.354672
7.28 -1.76776 0.354543
7.285 -1.76665 0.3544
7.29 -1.76547 0.354242
7.295 -1.76421 0.354069
7.3 -1.76287 0.353881
7.305 -1.76146 0.353679
7.31 -1.75997 0.353461
7.315 -1.7584 0.353228
7.32 -1.75676 0.352979
7.325 -1.75504 0.352716
7.33 -1.75323 0.352437
7.335 -1.75136 0.352142
7.34 -1.7494 0.351832
7.345 -1.74736 0.351506
7.35 -1.74524 0.351165
7.355 -1.74304 0.350808
7.36 -1.74077 0.350435
7.365 -1.73841 0.350046
7.37 -1.73596 0.349641
7.375 -1.73344 0.349219
7.38 -1.73084 0.348782
7.385 -1.72815 0.348328
7.39 -1.72538 0.347858
7.395 -1.72253 0.347372
7.4 -1.71959 0.346869
7.405 -1.71657 0.34635
7.41 -1.71346 0.345814
7.415 -1.71027 0.345261
7.42 -1.707 0.344692
7.425 -1.70364 0.344105
7.43 -1.70019 0.343502
7.435 -1.69666 0.342882
7.44 -1.69305 0.342245
7.445 -1.68934 0.34159
7.45 -1.68555 0.340919
7.455 -1.68167 0.34023
7.46 -1.67771 0.339524
7.465 -1.67365 0.3388
7.47 -1.66951 0.338059
7.475 -1.66528 0.337301
7.48 -1.66096 0.336525
7.485 -1.65655 0.335731
7.49 -1.65205 0.33492
7.495 -1.64746 0.334091
7.5 -1.64278 0.333244
7.505 -1.63802 0.332379
7.51 -1.63316 0.331496
7.515 -1.62821 0.330595
7.52 -1.62317 0.329676
7.525 -1.61803 0.328739
7.53 -1.61281 0.327784
7.535 -1.60749 0.326811
7.54 -1.60209 0.325819
7.545 -1.59658 0.324809
7.55 -1.59099 0.323781
7.555 -1.5853 0.322734
7.56 -1.57952 0.321669
7.565 -1.57365 0.320585
7.57 -1.56768 0.319482
7.575 -1.56162 0.318361
7.58 -1.55547 0.317221
7.585 -1.54922 0.316063
7.59 -1.54288 0.314886
7.595 -1.53644 0.313689
7.6 -1.5299 0.312474
7.605 -1.52327 0.311241
7.61 -1.51655 0.309988
7.615 -1.50973 0.308716
7.62 -1.50281 0.307425
7.625 -1.4958 0.306115
7.63 -1.4887 0.304786
7.635 -1.48149 0.303437
7.64 -1.47419 0.30207
7.645 -1.46679 0.300683
7.65 -1.4593 0.299277
7.655 -1.45171 0.297852
7.66 -1.44402 0.296407
7.665 -1.43624 0.294943
7.67 -1.42835 0.29346
7.675 -1.42037 0.291957
7.68 -1.4123 0.290435
7.685 -1.40412 0.288893
7.69 -1.39585 0.287332
7.695 -1.38747 0.285751
7.7 -1.37901 0.28415
7.705 -1.37044 0.28253
7.71 -1.36177 0.280891
7.715 -1.35301 0.279232
7.72 -1.34414 0.277553
7.725 -1.33518 0.275854
7.73 -1.32612 0.274136
7.735 -1.31696 0.272398
7.74 -1.30771 0.27064
7.745 -1.29835 0.268863
7.75 -1.28889 0.267066
7.755 -1.27934 0.265249
7.76 -1.26969 0.263412
7.765 -1.25994 0.261555
7.77 -1.25008 0.259679
7.775 -1.24013 0.257783
7.78 -1.23009 0.255867
7.785 -1.21994 0.253931
7.79 -1.20969 0.251976
7.795 -1.19934 0.25
7.8 -1.1889 0.248005
7.805 -1.17835 0.24599
7.81 -1.16771 0.243955
7.815 -1.15697 0.2419
7.82 -1.14613 0.239826
7.825 -1.13519 0.237731
7.83 -1.12415 0.235617
7.835 -1.11301 0.233483
7.84 -1.10177 0.23133
7.845 -1.09044 0.229156
7.85 -1.07901 0.226963
7.855 -1.06747 0.224749
7.86 -1.05584 0.222517
7.865 -1.04411 0.220264
7.87 -1.03229 0.217992
7.875 -1.02036 0.215699
7.88 -1.00834 0.213388
7.885 -0.996216 0.211056
7.89 -0.983997 0.208705
7.895 -0.97168 0.206334
7.9 -0.959266 0.203944
7.905 -0.946755 0.201534
7.91 -0.934146 0.199105
7.915 -0.92144 0.196656
7.92 -0.908638 0.194187
7.925 -0.895738 0.191699
7.93 -0.882743 0.189192
7.935 -0.86965 0.186665
7.94 -0.856462 0.184118
7.945 -0.843178 0.181553
7.95 -0.829798 0.178968
7.955 -0.816323 0.176364
7.96 -0.802752 0.173741
7.965 -0.789086 0.171098
7.97 -0.775326 0.168436
7.975 -0.76147 0.165756
7.98 -0.747521 0.163056
7.985 -0.733477 0.160337
7.99 -0.71934 0.157599
7.995 -0.705109 0.154843
8 -0.690785 0.152067
8.005 -0.676368 0.149273
8.01 -0.661858 0.14646
8.015 -0.647256 0.143628
8.02 -0.632562 0.140778
8.025 -0.617776 0.137909
8.03 -0.602899 0.135021
8.035 -0.587931 0.132115
8.04 -0.572872 0.129191
8.045 -0.557722 0.126248
8.05 -0.542483 0.123287
8.055 -0.527154 0.120308
8.06 -0.511735 0.117311
8.065 -0.496228 0.114296
8.07 -0.480632 0.111262
8.075 -0.464948 0.108211
8.08 -0.449176 0.105142
8.085 -0.433317 0.102055
8.09 -0.417371 0.0989508
8.095 -0.401338 0.0958287
8.1 -0.385219 0.0926891
8.105 -0.369015 0.0895321
8.11 -0.352725 0.0863577
8.115 -0.336351 0.083166
8.12 -0.319892 0.0799572
8.125 -0.30335 0.0767312
8.13 -0.286724 0.0734883
8.135 -0.270016 0.0702284
8.14 -0.253225 0.0669517
8.145 -0.236352 0.0636583
8.15 -0.219397 0.0603482
8.155 -0.202362 0.0570216
8.16 -0.185247 0.0536786
8.165 -0.168052 0.0503193
8.17 -0.150777 0.0469436
8.175 -0.133424 0.0435519
8.18 -0.115992 0.0401442
8.185 -0.098483 0.0367205
8.19 -0.0808969 0.033281
8.195 -0.0632342 0.0298258
8.2 -0.0454956 0.026355
8.205 -0.0276817 0.0228687
8.21 -0.00979313 0.0193671
8.215 0.0081696 0.0158502
8.22 0.0262058 0.0123182
8.225 0.0443149 0.00877111
8.23 0.0624963 0.00520918
8.235 0.0807493 0.00163247
8.24 0.0990733 -0.00195889
8.245 0.117468 -0.00556477
8.25 0.135932 -0.00918505
8.255 0.154465 -0.0128196
8.26 0.173066 -0.0164683
8.265 0.191735 -0.020131
8.27 0.210471 -0.0238076
8.275 0.229273 -0.0274979
8.28 0.248141 -0.0312019
8.285 0.267073 -0.0349193
8.29 0.28607 -0.0386501
8.295 0.30513 -0.042394
8.3 0.324253 -0.046151
8.305 0.343438 -0.0499209
8.31 0.362684 -0.0537036
8.315 0.381991 -0.0574989
8.32 0.401357 -0.0613067
8.325 0.420782 -0.0651268
8.33 0.440265 -0.0689591
8.335 0.459805 -0.0728034
8.34 0.479402 -0.0766596
8.345 0.499055 -0.0805275
8.35 0.518763 -0.0844069
8.355 0.538525 -0.0882978
8.36 0.55834 -0.0921999
8.365 0.578208 -0.0961131
8.37 0.598127 -0.100037
8.375 0.618097 -0.103972
8.38 0.638117 -0.107917
8.385 0.658186 -0.111873
8.39 0.678304 -0.115839
8.395 0.698468 -0.119816
8.4 0.71868 -0.123802
8.405 0.738936 -0.127798
8.41 0.759238 -0.131803
8.415 0.779583 -0.135818
8.42 0.799971 -0.139842
8.425 0.820402 -0.143875
8.43 0.840873 -0.147917
8.435 0.861384 -0.151968
8.44 0.881935 -0.156027
8.445 0.902523 -0.160095
8.45 0.923149 -0.16417
8.455 0.943812 -0.168254
8.46 0.96451 -0.172345
8.465 0.985242 -0.176444
8.47 1.00601 -0.180551
8.475 1.02681 -0.184664
8.48 1.04764 -0.188785
8.485 1.0685 -0.192912
8.49 1.08939 -0.197046
8.495 1.1103 -0.201186
8.5 1.13125 -0.205333
8.505 1.15222 -0.209485
8.51 1.17322 -0.213644
8.515 1.19424 -0.217808
8.52 1.21528 -0.221977
8.525 1.23635 -0.226152
8.53 1.25744 -0.230331
8.535 1.27855 -0.234516
8.54 1.29968 -0.238705
8.545 1.32082 -0.242898
8.55 1.34199 -0.247096
8.555 1.36317 -0.251297
8.56 1.38436 -0.255502
8.565 1.40557 -0.259711
8.57 1.42679 -0.263923
8.575 1.44802 -0.268139
8.58 1.46926 -0.272357
8.585 1.49051 -0.276577
8.59 1.51177 -0.280801
8.595 1.53304 -0.285026
8.6 1.55431 -0.289253
8.605 1.57559 -0.293483
8.61 1.59687 -0.297713
8.615 1.61815 -0.301945
8.62 1.63943 -0.306178
8.625 1.66072 -0.310413
8.63 1.682 -0.314647
8.635 1.70328 -0.318882
8.64 1.72456 -0.323118
8.645 1.74584 -0.327353
8.65 1.7671 -0.331588
8.655 1.78837 -0.335822
8.66 1.80962 -0.340056
8.665 1.83086 -0.344288
8.67 1.8521 -0.34852
8.675 1.87332 -0.35275
8.68 1.89453 -0.356978
8.685 1.91572 -0.361205
8.69 1.9369 -0.365429
8.695 1.95806 -0.369651
8.7 1.97921 -0.37387
8.705 2.00033 -0.378086
8.71 2.02144 -0.382299
8.715 2.04252 -0.386509
8.72 2.06358 -0.390715
8.725 2.08462 -0.394917
8.73 2.10563 -0.399115
8.735 2.12662 -0.403309
8.74 2.14758 -0.407498
8.745 2.1685 -0.411682
8.75 2.1894 -0.415861
8.755 2.21027 -0.420035
8.76 2.2311 -0.424203
8.765 2.2519 -0.428365
8.77 2.27267 -0.432521
8.775 2.2934 -0.43667
8.78 2.31409 -0.440813
8.785 2.33474 -0.444949
8.79 2.35535 -0.449078
8.795 2.37591 -0.4532
8.8 2.39644 -0.457314
8.805 2.41692 -0.46142
8.81 2.43735 -0.465518
8.815 2.45774 -0.469607
8.82 2.47808 -0.473688
8.825 2.49837 -0.477759
8.83 2.51861 -0.481822
8.835 2.5388 -0.485875
8.84 2.55893 -0.489918
8.845 2.57901 -0.493951
8.85 2.59903 -0.497974
8.855 2.61899 -0.501987
8.86 2.6389 -0.505988
8.865 2.65874 -0.509979
8.87 2.67853 -0.513958
8.875 2.69825 -0.517926
8.88 2.7179 -0.521882
8.885 2.73749 -0.525826
8.89 2.75702 -0.529758
8.895 2.77647 -0.533676
8.9 2.79586 -0.537582
8.905 2.81518 -0.541475
8.91 2.83442 -0.545354
8.915 2.85359 -0.54922
8.92 2.87268 -0.553072
8.925 2.8917 -0.556909
8.93 2.91064 -0.560732
8.935 2.9295 -0.56454
8.94 2.94829 -0.568334
8.945 2.96699 -0.572112
8.95 2.9856 -0.575874
8.955 3.00414 -0.57962
8.96 3.02258 -0.583351
8.965 3.04094 -0.587065
8.97 3.05921 -0.590762
8.975 3.0774 -0.594443
8.98 3.09549 -0.598106
8.985 3.11349 -0.601752
8.99 3.13139 -0.605381
8.995 3.1492 -0.608991
9 3.16692 -0.612583
9.005 3.18453 -0.616157
9.01 3.20205 -0.619712
9.015 3.21947 -0.623247
9.02 3.23678 -0.626764
9.025 3.25399 -0.630261
9.03 3.2711 -0.633738
9.035 3.28811 -0.637195
9.04 3.305 -0.640632
9.045 3.32179 -0.644048
9.05 3.33847 -0.647443
9.055 3.35503 -0.650817
9.06 3.37149 -0.65417
9.065 3.38783 -0.657501
9.07 3.40405 -0.66081
9.075 3.42016 -0.664097
9.08 3.43615 -0.667361
9.085 3.45203 -0.670603
9.09 3.46778 -0.673822
9.095 3.48341 -0.677017
9.1 3.49892 -0.680189
9.105 3.51431 -0.683337
9.11 3.52957 -0.686462
9.115 3.5447 -0.689562
9.12 3.55971 -0.692637
9.125 3.57458 -0.695688
9.13 3.58933 -0.698713
9.135 3.60394 -0.701713
9.14 3.61842 -0.704688
9.145 3.63277 -0.707637
9.15 3.64698 -0.71056
9.155 3.66106 -0.713456
9.16 3.67499 -0.716326
9.165 3.68879 -0.719169
9.17 3.70245 -0.721985
9.175 3.71596 -0.724774
9.18 3.72933 -0.727535
9.185 3.74256 -0.730268
9.19 3.75564 -0.732974
9.195 3.76858 -0.735651
9.2 3.78137 -0.738299
9.205 3.79401 -0.740919
9.21 3.8065 -0.743509
9.215 3.81883 -0.74607
9.22 3.83102 -0.748602
9.225 3.84305 -0.751104
9.23 3.85492 -0.753576
9.235 3.86664 -0.756017
9.24 3.8782 -0.758429
9.245 3.88961 -0.760809
9.25 3.90085 -0.763159
9.255 3.91193 -0.765477
9.26 3.92285 -0.767764
9.265 3.93361 -0.770019
9.27 3.9442 -0.772242
9.275 3.95463 -0.774434
9.28 3.96489 -0.776592
9.285 3.97498 -0.778719
9.29 3.98491 -0.780812
9.295 3.99466 -0.782873
9.3 4.00424 -0.7849
9.305 4.01366 -0.786894
9.31 4.02289 -0.788854
9.315 4.03196 -0.79078
9.32 4.04085 -0.792672
9.325 4.04956 -0.79453
9.33 4.05809 -0.796354
9.335 4.06645 -0.798142
9.34 4.07463 -0.799896
9.345 4.08262 -0.801614
9.35 4.09044 -0.803297
9.355 4.09807 -0.804944
9.36 4.10552 -0.806556
9.365 4.11278 -0.808132
9.37 4.11986 -0.809671
9.375 4.12675 -0.811174
9.38 4.13346 -0.812641
9.385 4.13997 -0.81407
9.39 4.1463 -0.815463
9.395 4.15244 -0.816819
9.4 4.15838 -0.818137
9.405 4.16414 -0.819418
9.41 4.1697 -0.820661
9.415 4.17506 -0.821866
9.42 4.18023 -0.823032
9.425 4.18521 -0.824161
9.43 4.18999 -0.825251
9.435 4.19457 -0.826303
9.44 4.19895 -0.827315
9.445 4.20314 -0.828289
9.45 4.20712 -0.829224
9.455 4.21091 -0.830119
9.46 4.21449 -0.830974
9.465 4.21787 -0.83179
9.47 4.22104 -0.832567
9.475 4.22402 -0.833303
9.48 4.22678 -0.833999
9.485 4.22935 -0.834655
9.49 4.2317 -0.83527
9.495 4.23385 -0.835845
9.5 4.23579 -0.836379
9.505 4.23753 -0.836872
9.51 4.23905 -0.837324
9.515 4.24036 -0.837734
9.52 4.24147 -0.838104
9.525 4.24236 -0.838432
9.53 4.24304 -0.838718
9.535 4.24351 -0.838963
9.54 4.24377 -0.839165
9.545 4.24381 -0.839326
9.55 4.24363 -0.839444
9.555 4.24325 -0.839521
9.56 4.24264 -0.839554
9.565 4.24183 -0.839546
9.57 4.24079 -0.839494
9.575 4.23954 -0.8394
9.58 4.23807 -0.839263
9.585 4.23638 -0.839083
9.59 4.23447 -0.83886
9.595 4.23235 -0.838594
9.6 4.23 -0.838285
9.605 4.22744 -0.837932
9.61 4.22465 -0.837536
9.615 4.22164 -0.837096
9.62 4.21841 -0.836612
9.625 4.21496 -0.836085
9.63 4.21129 -0.835513
9.635 4.20739 -0.834898
9.64 4.20328 -0.834239
9.645 4.19893 -0.833536
9.65 4.19437 -0.832788
9.655 4.18958 -0.831997
9.66 4.18457 -0.83116
9.665 4.17933 -0.83028
9.67 4.17387 -0.829355
9.675 4.16818 -0.828386
9.68 4.16226 -0.827372
9.685 4.15612 -0.826313
9.69 4.14976 -0.82521
9.695 4.14317 -0.824061
9.7 4.13635 -0.822868
9.705 4.1293 -0.821631
9.71 4.12203 -0.820348
9.715 4.11454 -0.81902
9.72 4.10681 -0.817648
9.725 4.09886 -0.81623
9.73 4.09068 -0.814768
9.735 4.08227 -0.81326
9.74 4.07364 -0.811707
9.745 4.06478 -0.810109
9.75 4.05569 -0.808466
9.755 4.04637 -0.806778
9.76 4.03683 -0.805045
9.765 4.02705 -0.803266
9.77 4.01705 -0.801442
9.775 4.00683 -0.799573
9.78 3.99637 -0.797659
9.785 3.98569 -0.7957
9.79 3.97478 -0.793695
9.795 3.96364 -0.791646
9.8 3.95228 -0.789551
9.805 3.94068 -0.787411
9.81 3.92887 -0.785225
9.815 3.91682 -0.782995
9.82 3.90455 -0.78072
9.825 3.89205 -0.778399
9.83 3.87932 -0.776034
9.835 3.86637 -0.773623
9.84 3.85319 -0.771167
9.845 3.83979 -0.768667
9.85 3.82616 -0.766122
9.855 3.81231 -0.763531
9.86 3.79823 -0.760896
9.865 3.78393 -0.758216
9.87 3.7694 -0.755492
9.875 3.75465 -0.752722
9.88 3.73967 -0.749909
9.885 3.72447 -0.74705
9.89 3.70905 -0.744147
9.895 3.69341 -0.7412
9.9 3.67754 -0.738209
9.905 3.66146 -0.735173
9.91 3.64515 -0.732093
9.915 3.62862 -0.728969
9.92 3.61187 -0.725801
9.925 3.5949 -0.722589
9.93 3.57772 -0.719333
9.935 3.56031 -0.716033
9.94 3.54269 -0.71269
9.945 3.52484 -0.709303
9.95 3.50678 -0.705873
9.955 3.48851 -0.7024
9.96 3.47002 -0.698883
9.965 3.45131 -0.695323
9.97 3.43239 -0.691721
9.975 3.41326 -0.688075
9.98 3.39391 -0.684387
9.985 3.37435 -0.680656
9.99 3.35458 -0.676883
9.995 3.3346 -0.673067
10 3.31441 -0.669209
10.005 3.294 -0.66531
10.01 3.27339 -0.661368
10.015 3.25258 -0.657384
10.02 3.23155 -0.653359
10.025 3.21032 -0.649292
10.03 3.18888 -0.645185
10.035 3.16724 -0.641036
10.04 3.14539 -0.636846
10.045 3.12335 -0.632615
10.05 3.1011 -0.628343
10.055 3.07865 -0.624031
10.06 3.056 -0.619679
10.065 3.03315 -0.615287
10.07 3.0101 -0.610855
10.075 2.98685 -0.606383
10.08 2.96341 -0.601871
10.085 2.93978 -0.59732
10.09 2.91595 -0.592731
10.095 2.89192 -0.588102
10.1 2.86771 -0.583434
10.105 2.8433 -0.578728
10.11 2.81871 -0.573983
10.115 2.79392 -0.5692
10.12 2.76895 -0.56438
10.125 2.74379 -0.559521
10.13 2.71845 -0.554626
10.135 2.69293 -0.549693
10.14 2.66722 -0.544723
10.145 2.64133 -0.539716
10.15 2.61525 -0.534672
10.155 2.589 -0.529593
10.16 2.56258 -0.524477
10.165 2.53597 -0.519326
10.17 2.50919 -0.514138
10.175 2.48224 -0.508916
10.18 2.45511 -0.503658
10.185 2.42782 -0.498366
10.19 2.40035 -0.493039
10.195 2.37271 -0.487678
10.2 2.34491 -0.482283
10.205 2.31694 -0.476854
10.21 2.28881 -0.471391
10.215 2.26052 -0.465895
10.22 2.23206 -0.460367
10.225 2.20344 -0.454805
10.23 2.17467 -0.449212
10.235 2.14573 -0.443586
10.24 2.11665 -0.437928
10.245 2.0874 -0.432239
10.25 2.05801 -0.426519
10.255 2.02847 -0.420768
10.26 1.99877 -0.414986
10.265 1.96893 -0.409174
10.27 1.93894 -0.403332
10.275 1.90881 -0.39746
10.28 1.87853 -0.391559
10.285 1.84812 -0.385628
10.29 1.81756 -0.379669
10.295 1.78687 -0.373682
10.3 1.75604 -0.367667
10.305 1.72507 -0.361623
10.31 1.69397 -0.355553
10.315 1.66274 -0.349455
10.32 1.63139 -0.34333
10.325 1.5999 -0.337179
10.33 1.56829 -0.331002
10.335 1.53655 -0.3248
10.34 1.50469 -0.318571
10.345 1.47271 -0.312318
10.35 1.44061 -0.30604
10.355 1.4084 -0.299738
10.36 1.37607 -0.293412
10.365 1.34363 -0.287062
10.37 1.31107 -0.280688
10.375 1.27841 -0.274292
10.38 1.24564 -0.267874
10.385 1.21276 -0.261433
10.39 1.17978 -0.25497
10.395 1.14669 -0.248486
10.4 1.11351 -0.241981
10.405 1.08023 -0.235456
10.41 1.04685 -0.22891
10.415 1.01338 -0.222344
10.42 0.979817 -0.215758
10.425 0.946164 -0.209154
10.43 0.912422 -0.20253
10.435 0.878595 -0.195889
10.44 0.844683 -0.189229
10.445 0.810689 -0.182552
10.45 0.776616 -0.175858
10.455 0.742464 -0.169147
10.46 0.708237 -0.162419
10.465 0.673935 -0.155676
10.47 0.639562 -0.148917
10.475 0.60512 -0.142143
10.48 0.57061 -0.135355
10.485 0.536035 -0.128552
10.49 0.501396 -0.121735
10.495 0.466696 -0.114905
10.5 0.431938 -0.108061
10.505 0.397122 -0.101205
10.51 0.362252 -0.0943372
10.515 0.32733 -0.0874573
10.52 0.292357 -0.080566
10.525 0.257337 -0.0736639
10.53 0.22227 -0.0667513
10.535 0.18716 -0.0598286
10.54 0.152008 -0.0528963
10.545 0.116817 -0.0459549
10.55 0.0815892 -0.0390047
10.555 0.0463266 -0.0320462
10.56 0.0110315 -0.0250798
10.565 -0.0242939 -0.0181061
10.57 -0.0596472 -0.0111254
10.575 -0.0950262 -0.00413814
10.58 -0.130429 0.00285517
10.585 -0.165852 0.0098541
10.59 -0.201295 0.0168582
10.595 -0.236754 0.023867
10.6 -0.272227 0.0308801
10.605 -0.307712 0.037897
10.61 -0.343206 0.0449173
10.615 -0.378708 0.0519405
10.62 -0.414215 0.0589661
10.625 -0.449725 0.0659936
10.63 -0.485235 0.0730227
10.635 -0.520742 0.0800529
10.64 -0.556246 0.0870837
10.645 -0.591742 0.0941146
10.65 -0.62723 0.101145
10.655 -0.662706 0.108175
10.66 -0.698168 0.115203
10.665 -0.733613 0.12223
10.67 -0.76904 0.129255
10.675 -0.804447 0.136277
10.68 -0.839829 0.143295
10.685 -0.875186 0.15031
10.69 -0.910515 0.157321
10.695 -0.945813 0.164328
10.7 -0.981078 0.171329
10.705 -1.01631 0.178325
10.71 -1.0515 0.185315
10.715 -1.08665 0.192298
10.72 -1.12176 0.199275
10.725 -1.15682 0.206244
10.73 -1.19184 0.213205
10.735 -1.22681 0.220158
10.74 -1.26172 0.227102
10.745 -1.29658 0.234037
10.75 -1.33139 0.240961
10.755 -1.36613 0.247876
10.76 -1.40081 0.25478
10.765 -1.43543 0.261672
10.77 -1.46998 0.268553
10.775 -1.50446 0.275421
10.78 -1.53887 0.282277
10.785 -1.5732 0.28912
10.79 -1.60746 0.295949
10.795 -1.64164 0.302764
10.8 -1.67574 0.309564
10.805 -1.70975 0.316349
10.81 -1.74368 0.323119
10.815 -1.77752 0.329872
10.82 -1.81127 0.336609
10.825 -1.84492 0.343329
10.83 -1.87848 0.350031
10.835 -1.91194 0.356716
10.84 -1.9453 0.363382
10.845 -1.97856 0.370029
10.85 -2.01171 0.376657
10.855 -2.04475 0.383264
10.86 -2.07768 0.389852
10.865 -2.1105 0.396418
10.87 -2.14321 0.402963
10.875 -2.1758 0.409486
10.88 -2.20826 0.415987
10.885 -2.24061 0.422466
10.89 -2.27283 0.428921
10.895 -2.30492 0.435352
10.9 -2.33688 0.441759
10.905 -2.36871 0.448141
10.91 -2.40041 0.454499
10.915 -2.43197 0.46083
10.92 -2.46339 0.467136
10.925 -2.49467 0.473415
10.93 -2.52581 0.479667
10.935 -2.5568 0.485891
10.94 -2.58764 0.492088
10.945 -2.61834 0.498256
10.95 -2.64887 0.504395
10.955 -2.67926 0.510505
10.96 -2.70948 0.516586
10.965 -2.73955 0.522635
10.97 -2.76945 0.528655
10.975 -2.79919 0.534643
10.98 -2.82876 0.540599
10.985 -2.85817 0.546523
10.99 -2.8874 0.552415
10.995 -2.91646 0.558274
11 -2.94534 0.564099
11.005 -2.97404 0.56989
11.01 -3.00257 0.575647
11.015 -3.03091 0.581369
11.02 -3.05907 0.587056
11.025 -3.08704 0.592707
11.03 -3.11482 0.598323
11.035 -3.1424 0.603901
11.04 -3.1698 0.609443
11.045 -3.197 0.614947
11.05 -3.224 0.620413
11.055 -3.2508 0.625841
11.06 -3.2774 0.63123
11.065 -3.3038 0.63658
11.07 -3.32999 0.641891
11.075 -3.35597 0.647161
11.08 -3.38174 0.652392
11.085 -3.4073 0.657581
11.09 -3.43264 0.662729
11.095 -3.45777 0.667835
11.1 -3.48267 0.672899
11.105 -3.50736 0.677921
11.11 -3.53182 0.682899
11.115 -3.55606 0.687835
11.12 -3.58008 0.692727
11.125 -3.60386 0.697574
11.13 -3.62741 0.702377
11.135 -3.65073 0.707135
11.14 -3.67381 0.711848
11.145 -3.69666 0.716515
11.15 -3.71927 0.721136
11.155 -3.74164 0.725711
11.16 -3.76377 0.730239
11.165 -3.78565 0.734719
11.17 -3.80728 0.739152
11.175 -3.82867 0.743537
11.18 -3.84981 0.747873
11.185 -3.8707 0.752161
11.19 -3.89133 0.7564
11.195 -3.91171 0.760589
11.2 -3.93183 0.764728
11.205 -3.95169 0.768818
11.21 -3.97129 0.772856
11.215 -3.99063 0.776844
11.22 -4.00971 0.780781
11.225 -4.02852 0.784666
11.23 -4.04706 0.788499
11.235 -4.06533 0.79228
11.24 -4.08334 0.796008
11.245 -4.10107 0.799683
11.25 -4.11853 0.803306
11.255 -4.13571 0.806874
11.26 -4.15261 0.810389
11.265 -4.16924 0.813849
11.27 -4.18559 0.817255
11.275 -4.20165 0.820606
11.28 -4.21743 0.823902
11.285 -4.23293 0.827143
11.29 -4.24814 0.830328
11.295 -4.26307 0.833456
11.3 -4.2777 0.836529
11.305 -4.29205 0.839545
11.31 -4.3061 0.842503
11.315 -4.31986 0.845405
11.32 -4.33333 0.848249
11.325 -4.3465 0.851036
11.33 -4.35938 0.853764
11.335 -4.37195 0.856435
11.34 -4.38423 0.859046
11.345 -4.3962 0.861599
11.35 -4.40788 0.864093
11.355 -4.41925 0.866527
11.36 -4.43031 0.868902
11.365 -4.44107 0.871218
11.37 -4.45153 0.873473
11.375 -4.46167 0.875668
11.38 -4.47151 0.877802
11.385 -4.48104 0.879876
11.39 -4.49026 0.881888
11.395 -4.49916 0.88384
11.4 -4.50775 0.88573
11.405 -4.51603 0.887559
11.41 -4.52399 0.889325
11.415 -4.53164 0.89103
11.42 -4.53897 0.892673
11.425 -4.54598 0.894253
11.43 -4.55267 0.895771
11.435 -4.55905 0.897226
11.44 -4.5651 0.898618
11.445 -4.57083 0.899946
11.45 -4.57624 0.901212
11.455 -4.58133 0.902414
11.46 -4.58609 0.903553
11.465 -4.59053 0.904627
11.47 -4.59464 0.905638
11.475 -4.59843 0.906585
11.48 -4.6019 0.907468
11.485 -4.60503 0.908286
11.49 -4.60784 0.90904
11.495 -4.61032 0.909729
11.5 -4.61247 0.910354
11.505 -4.6143 0.910913
11.51 -4.61579 0.911408
11.515 -4.61695 0.911837
11.52 -4.61778 0.912202
11.525 -4.61828 0.912501
11.53 -4.61845 0.912735
11.535 -4.61829 0.912903
11.54 -4.6178 0.913006
11.545 -4.61697 0.913043
11.55 -4.61581 0.913014
11.555 -4.61432 0.91292
11.56 -4.61249 0.91276
11.565 -4.61033 0.912534
11.57 -4.60784 0.912241
11.575 -4.60501 0.911883
11.58 -4.60185 0.911459
11.585 -4.59835 0.910969
11.59 -4.59452 0.910412
11.595 -4.59036 0.90979
11.6 -4.58586 0.909101
11.605 -4.58102 0.908346
11.61 -4.57586 0.907525
11.615 -4.57035 0.906637
11.62 -4.56451 0.905683
11.625 -4.55834 0.904663
11.63 -4.55183 0.903577
11.635 -4.54499 0.902424
11.64 -4.53782 0.901206
11.645 -4.53031 0.899921
11.65 -4.52246 0.898569
11.655 -4.51429 0.897152
11.66 -4.50578 0.895668
11.665 -4.49693 0.894119
11.67 -4.48776 0.892503
11.675 -4.47825 0.890822
11.68 -4.46841 0.889074
11.685 -4.45823 0.88726
11.69 -4.44773 0.885381
11.695 -4.43689 0.883436
11.7 -4.42573 0.881425
11.705 -4.41423 0.879349
11.71 -4.40241 0.877207
11.715 -4.39026 0.875
11.72 -4.37777 0.872727
11.725 -4.36496 0.870389
11.73 -4.35183 0.867986
11.735 -4.33836 0.865518
11.74 -4.32458 0.862985
11.745 -4.31046 0.860387
11.75 -4.29602 0.857725
11.755 -4.28126 0.854998
11.76 -4.26617 0.852207
11.765 -4.25077 0.849351
11.77 -4.23504 0.846432
11.775 -4.21899 0.843448
11.78 -4.20262 0.840401
11.785 -4.18593 0.83729
11.79 -4.16892 0.834116
11.795 -4.1516 0.830878
11.8 -4.13396 0.827577
11.805 -4.11601 0.824214
11.81 -4.09774 0.820787
11.815 -4.07916 0.817298
11.82 -4.06027 0.813747
11.825 -4.04107 0.810134
11.83 -4.02156 0.806459
11.835 -4.00174 0.802722
11.84 -3.98161 0.798923
11.845 -3.96118 0.795063
11.85 -3.94044 0.791142
11.855 -3.9194 0.787161
11.86 -3.89806 0.783119
11.865 -3.87641 0.779016
11.87 -3.85447 0.774854
11.875 -3.83223 0.770631
11.88 -3.80969 0.766349
11.885 -3.78685 0.762008
11.89 -3.76373 0.757608
11.895 -3.74031 0.753149
11.9 -3.71659 0.748632
11.905 -3.69259 0.744056
11.91 -3.6683 0.739423
11.915 -3.64373 0.734732
11.92 -3.61887 0.729983
11.925 -3.59373 0.725178
11.93 -3.5683 0.720316
11.935 -3.5426 0.715397
11.94 -3.51661 0.710423
11.945 -3.49036 0.705393
11.95 -3.46382 0.700307
11.955 -3.43701 0.695167
11.96 -3.40994 0.689971
11.965 -3.38259 0.684721
11.97 -3.35497 0.679418
11.975 -3.32709 0.67406
11.98 -3.29895 0.668649
11.985 -3.27054 0.663186
11.99 -3.24187 0.657669
11.995 -3.21295 0.652101
12 -3.18377 0.64648
12.005 -3.15433 0.640809
12.01 -3.12465 0.635086
12.015 -3.09471 0.629312
12.02 -3.06452 0.623488
12.025 -3.03409 0.617614
12.03 -3.00341 0.611691
12.035 -2.9725 0.605719
12.04 -2.94134 0.599698
12.045 -2.90995 0.593628
12.05 -2.87832 0.587511
12.055 -2.84645 0.581346
12.06 -2.81436 0.575135
12.065 -2.78204 0.568877
12.07 -2.74949 0.562572
12.075 -2.71672 0.556222
12.08 -2.68372 0.549827
12.085 -2.65051 0.543387
12.09 -2.61708 0.536903
12.095 -2.58343 0.530375
12.1 -2.54957 0.523804
12.105 -2.51551 0.517189
12.11 -2.48123 0.510532
12.115 -2.44675 0.503833
12.12 -2.41207 0.497093
12.125 -2.37719 0.490312
12.13 -2.34211 0.48349
12.135 -2.30683 0.476628
12.14 -2.27137 0.469726
12.145 -2.23571 0.462785
12.15 -2.19987 0.455806
12.155 -2.16384 0.448789
12.16 -2.12763 0.441734
12.165 -2.09124 0.434643
12.17 -2.05467 0.427514
12.175 -2.01793 0.42035
12.18 -1.98102 0.41315
12.185 -1.94394 0.405916
12.19 -1.90669 0.398647
12.195 -1.86928 0.391344
12.2 -1.83171 0.384008
12.205 -1.79399 0.376639
12.21 -1.7561 0.369237
12.215 -1.71807 0.361804
12.22 -1.67989 0.35434
12.225 -1.64156 0.346846
12.23 -1.60308 0.339321
12.235 -1.56447 0.331767
12.24 -1.52572 0.324183
12.245 -1.48683 0.316572
12.25 -1.44782 0.308933
12.255 -1.40867 0.301266
12.26 -1.3694 0.293573
12.265 -1.33 0.285854
12.27 -1.29049 0.278109
12.275 -1.25085 0.27034
12.28 -1.21111 0.262546
12.285 -1.17125 0.254728
12.29 -1.13128 0.246888
12.295 -1.09121 0.239025
12.3 -1.05104 0.231139
12.305 -1.01077 0.223233
12.31 -0.970403 0.215306
12.315 -0.929943 0.207359
12.32 -0.889394 0.199392
12.325 -0.848758 0.191406
12.33 -0.808039 0.183402
12.335 -0.767239 0.17538
12.34 -0.726363 0.167342
12.345 -0.685412 0.159287
12.35 -0.644391 0.151216
12.355 -0.603302 0.143129
12.36 -0.562149 0.135029
12.365 -0.520934 0.126914
12.37 -0.479662 0.118786
12.375 -0.438334 0.110645
12.38 -0.396955 0.102492
12.385 -0.355528 0.0943278
12.39 -0.314055 0.0861527
12.395 -0.272541 0.0779675
12.4 -0.230988 0.0697727
12.405 -0.189399 0.0615691
12.41 -0.147778 0.0533572
12.415 -0.106128 0.0451377
12.42 -0.064453 0.0369113
12.425 -0.0227552 0.0286786
12.43 0.0189616 0.0204402
12.435 0.0606942 0.0121968
12.44 0.102439 0.00394899
12.445 0.144194 -0.00430251
12.45 0.185954 -0.0125571
12.455 0.227717 -0.020814
12.46 0.269479 -0.0290727
12.465 0.311237 -0.0373326
12.47 0.352987 -0.0455928
12.475 0.394727 -0.0538529
12.48 0.436453 -0.0621121
12.485 0.478162 -0.0703698
12.49 0.519849 -0.0786253
12.495 0.561513 -0.0868779
12.5 0.60315 -0.0951271
12.505 0.644755 -0.103372
12.51 0.686327 -0.111612
12.515 0.727861 -0.119847
12.52 0.769355 -0.128075
12.525 0.810805 -0.136297
12.53 0.852207 -0.144511
12.535 0.893558 -0.152718
12.54 0.934855 -0.160915
12.545 0.976095 -0.169103
12.55 1.01727 -0.177281
12.555 1.05839 -0.185448
12.56 1.09944 -0.193603
12.565 1.14041 -0.201747
12.57 1.18132 -0.209877
12.575 1.22214 -0.217995
12.58 1.26289 -0.226098
12.585 1.30355 -0.234186
12.59 1.34412 -0.24226
12.595 1.3846 -0.250317
12.6 1.42499 -0.258357
12.605 1.46528 -0.26638
12.61 1.50547 -0.274385
12.615 1.54555 -0.282371
12.62 1.58553 -0.290338
12.625 1.6254 -0.298284
12.63 1.66515 -0.306211
12.635 1.70479 -0.314115
12.64 1.74431 -0.321998
12.645 1.7837 -0.329859
12.65 1.82296 -0.337696
12.655 1.8621 -0.345509
12.66 1.9011 -0.353297
12.665 1.93997 -0.36106
12.67 1.97869 -0.368798
12.675 2.01727 -0.376509
12.68 2.05571 -0.384193
12.685 2.09399 -0.391849
12.69 2.13212 -0.399476
12.695 2.1701 -0.407075
12.7 2.20792 -0.414644
12.705 2.24557 -0.422182
12.71 2.28306 -0.42969
12.715 2.32038 -0.437166
12.72 2.35753 -0.444609
12.725 2.3945 -0.45202
12.73 2.4313 -0.459398
12.735 2.46791 -0.466741
12.74 2.50434 -0.47405
12.745 2.54058 -0.481323
12.75 2.57663 -0.48856
12.755 2.61249 -0.495761
12.76 2.64815 -0.502924
12.765 2.68361 -0.51005
12.77 2.71887 -0.517137
12.775 2.75392 -0.524186
12.78 2.78877 -0.531195
12.785 2.8234 -0.538163
12.79 2.85782 -0.545091
12.795 2.89202 -0.551977
12.8 2.92599 -0.558822
12.805 2.95975 -0.565623
12.81 2.99328 -0.572382
12.815 3.02658 -0.579097
12.82 3.05964 -0.585768
12.825 3.09248 -0.592393
12.83 3.12507 -0.598974
12.835 3.15742 -0.605508
12.84 3.18953 -0.611995
12.845 3.2214 -0.618436
12.85 3.25301 -0.624828
12.855 3.28437 -0.631173
12.86 3.31548 -0.637468
12.865 3.34633 -0.643715
12.87 3.37692 -0.649911
12.875 3.40724 -0.656057
12.88 3.4373 -0.662152
12.885 3.4671 -0.668195
12.89 3.49662 -0.674186
12.895 3.52587 -0.680124
12.9 3.55484 -0.68601
12.905 3.58354 -0.691842
12.91 3.61195 -0.697619
12.915 3.64008 -0.703342
12.92 3.66792 -0.70901
12.925 3.69548 -0.714622
12.93 3.72274 -0.720178
12.935 3.74971 -0.725677
12.94 3.77638 -0.731119
12.945 3.80276 -0.736503
12.95 3.82883 -0.741829
12.955 3.8546 -0.747096
12.96 3.88007 -0.752305
12.965 3.90523 -0.757453
12.97 3.93008 -0.762542
12.975 3.95461 -0.76757
12.98 3.97883 -0.772538
12.985 4.00274 -0.777444
12.99 4.02632 -0.782288
12.995 4.04959 -0.787069
13 4.07253 -0.791788
13.005 4.09514 -0.796444
13.01 4.11743 -0.801036
13.015 4.13939 -0.805564
13.02 4.16102 -0.810028
13.025 4.18231 -0.814427
13.03 4.20327 -0.81876
13.035 4.22389 -0.823028
13.04 4.24417 -0.82723
13.045 4.26411 -0.831365
13.05 4.2837 -0.835434
13.055 4.30296 -0.839435
13.06 4.32186 -0.843369
13.065 4.34041 -0.847234
13.07 4.35862 -0.851032
13.075 4.37647 -0.85476
13.08 4.39397 -0.85842
13.085 4.41111 -0.86201
13.09 4.4279 -0.865531
13.095 4.44432 -0.868981
13.1 4.46039 -0.872361
13.105 4.47609 -0.87567
13.11 4.49143 -0.878908
13.115 4.5064 -0.882075
13.12 4.52101 -0.885169
13.125 4.53525 -0.888192
13.13 4.54912 -0.891143
13.135 4.56262 -0.894021
13.14 4.57574 -0.896826
13.145 4.5885 -0.899558
13.15 4.60087 -0.902216
13.155 4.61287 -0.904801
13.16 4.6245 -0.907312
13.165 4.63574 -0.909748
13.17 4.64661 -0.91211
13.175 4.65709 -0.914398
13.18 4.66719 -0.91661
13.185 4.67691 -0.918747
13.19 4.68624 -0.920809
13.195 4.69519 -0.922794
13.2 4.70375 -0.924704
13.205 4.71192 -0.926538
13.21 4.71971 -0.928296
13.215 4.7271 -0.929977
13.22 4.73411 -0.931582
13.225 4.74073 -0.933109
13.23 4.74695 -0.93456
13.235 4.75278 -0.935933
13.24 4.75822 -0.937229
13.245 4.76326 -0.938447
13.25 4.76791 -0.939588
13.255 4.77216 -0.940651
13.26 4.77602 -0.941636
13.265 4.77948 -0.942543
13.27 4.78254 -0.943371
13.275 4.78521 -0.944121
13.28 4.78747 -0.944793
13.285 4.78934 -0.945386
13.29 4.79081 -0.945901
13.295 4.79188 -0.946336
13.3 4.79255 -0.946693
13.305 4.79282 -0.946971
13.31 4.7927 -0.94717
13.315 4.79217 -0.94729
13.32 4.79123 -0.94733
13.325 4.7899 -0.947292
13.33 4.78817 -0.947174
13.335 4.78604 -0.946977
13.34 4.7835 -0.9467
13.345 4.78057 -0.946345
13.35 4.77723 -0.945909
13.355 4.77349 -0.945395
13.36 4.76935 -0.944801
13.365 4.76481 -0.944128
13.37 4.75987 -0.943375
13.375 4.75453 -0.942543
13.38 4.74878 -0.941632
13.385 4.74264 -0.940641
13.39 4.7361 -0.939571
13.395 4.72915 -0.938422
13.4 4.72181 -0.937194
13.405 4.71407 -0.935887
13.41 4.70593 -0.9345
13.415 4.69739 -0.933035
13.42 4.68845 -0.93149
13.425 4.67912 -0.929867
13.43 4.66939 -0.928165
13.435 4.65926 -0.926384
13.44 4.64874 -0.924525
13.445 4.63783 -0.922587
13.45 4.62652 -0.920571
13.455 4.61481 -0.918477
13.46 4.60272 -0.916304
13.465 4.59023 -0.914054
13.47 4.57735 -0.911726
13.475 4.56408 -0.90932
13.48 4.55042 -0.906837
13.485 4.53637 -0.904277
13.49 4.52194 -0.901639
13.495 4.50712 -0.898924
13.5 4.49191 -0.896133
13.505 4.47632 -0.893265
13.51 4.46034 -0.89032
13.515 4.44399 -0.8873
13.52 4.42728 -0.884209
