0 -0 -0
0.08 -2.40241e-36 1.00946e-40
0.16 -4.48125e-33 3.30111e-37
0.12 -6.72911e-34 4.28509e-38
0.1 -1.00662e-34 5.77966e-39
0.09 -2.10244e-35 1.09023e-39
0.085 -7.5849e-36 3.60103e-40
0.09 -2.24338e-35 1.19222e-39
0.095 -6.25898e-35 3.69896e-39
0.1 -1.65702e-34 1.0828e-38
0.105 -4.18389e-34 3.00769e-38
0.11 -1.01196e-33 7.96631e-38
0.115 -2.35358e-33 2.02051e-37
0.12 -5.28101e-33 4.92545e-37
0.125 -1.14656e-32 1.15777e-36
0.13 -2.41482e-32 2.63169e-36
0.135 -4.94511e-32 5.79936e-36
0.14 -9.86628e-32 1.24177e-35
0.145 -1.92137e-31 2.58879e-35
0.15 -3.65812e-31 5.26422e-35
0.155 -6.8193e-31 1.04584e-34
0.16 -1.24634e-30 2.03295e-34
0.165 -2.23601e-30 3.87177e-34
0.17 -3.94216e-30 7.23338e-34
0.175 -6.83686e-30 1.32711e-33
0.18 -1.16746e-29 2.39358e-33
0.185 -1.96453e-29 4.24791e-33
0.19 -3.26022e-29 7.42439e-33
0.195 -5.33974e-29 1.27894e-32
0.2 -8.63705e-29 2.17301e-32
0.205 -1.38055e-28 3.64412e-32
0.21 -2.18187e-28 6.03554e-32
0.215 -3.41135e-28 9.87837e-32
0.22 -5.2791e-28 1.5986e-31
0.225 -8.08963e-28 2.55915e-31
0.23 -1.22806e-27 4.05476e-31
0.235 -1.84762e-27 6.36119e-31
0.24 -2.75592e-27 9.88544e-31
0.245 -4.07696e-27 1.52233e-30
0.25 -5.98369e-27 2.32399e-30
0.255 -8.71562e-27 3.51824e-30
0.26 -1.26024e-26 5.28349e-30
0.265 -1.80949e-26 7.87325e-30
0.27 -2.58059e-26 1.16453e-29
0.275 -3.65637e-26 1.71013e-29
0.28 -5.14817e-26 2.49404e-29
0.285 -7.20479e-26 3.61309e-29
0.29 -1.00242e-25 5.20063e-29
0.295 -1.38683e-25 7.43926e-29
0.3 -1.90819e-25 1.05777e-28
0.305 -2.61174e-25 1.4953e-28
0.31 -3.55646e-25 2.10194e-28
0.315 -4.819e-25 2.93865e-28
0.32 -6.49854e-25 4.0868e-28
0.325 -8.72285e-25 5.65457e-28
0.33 -1.16559e-24 7.78508e-28
0.335 -1.55074e-24 1.06669e-27
0.34 -2.05442e-24 1.45475e-27
0.345 -2.71054e-24 1.97502e-27
0.35 -3.56195e-24 2.66958e-27
0.355 -4.66265e-24 3.59302e-27
0.36 -6.08051e-24 4.81584e-27
0.365 -7.90049e-24 6.42879e-27
0.37 -1.02286e-23 8.54829e-27
0.375 -1.31969e-23 1.13232e-26
0.38 -1.69691e-23 1.49431e-26
0.385 -2.17479e-23 1.96488e-26
0.39 -2.77831e-23 2.57453e-26
0.395 -3.53823e-23 3.36174e-26
0.4 -4.49228e-23 4.37495e-26
0.405 -5.68667e-23 5.67492e-26
0.41 -7.17777e-23 7.33769e-26
0.415 -9.03426e-23 9.45815e-26
0.42 -1.13396e-22 1.21543e-25
0.425 -1.41948e-22 1.55728e-25
0.43 -1.77222e-22 1.9895e-25
0.435 -2.20693e-22 2.53448e-25
0.44 -2.74138e-22 3.21982e-25
0.445 -3.3969e-22 4.07942e-25
0.45 -4.19906e-22 5.15486e-25
0.455 -5.17847e-22 6.49698e-25
0.46 -6.37166e-22 8.16783e-25
0.465 -7.82217e-22 1.0243e-24
0.47 -9.58179e-22 1.28142e-24
0.475 -1.1712e-21 1.5993e-24
0.48 -1.42856e-21 1.99139e-24
0.485 -1.73888e-21 2.47398e-24
0.49 -2.11234e-21 3.06668e-24
0.495 -2.56091e-21 3.79308e-24
0.5 -3.09873e-21 4.68151e-24
0.505 -3.74236e-21 5.76593e-24
0.51 -4.51125e-21 7.08696e-24
0.515 -5.42818e-21 8.69312e-24
0.52 -6.51976e-21 1.06422e-23
0.525 -7.81709e-21 1.30031e-23
0.53 -9.35639e-21 1.58575e-23
0.535 -1.11798e-20 1.93025e-23
0.54 -1.33365e-20 2.34528e-23
0.545 -1.58832e-20 2.84443e-23
0.55 -1.88859e-20 3.44373e-23
0.555 -2.2421e-20 4.16208e-23
0.56 -2.65766e-20 5.02171e-23
0.565 -3.14547e-20 6.04876e-23
0.57 -3.71727e-20 7.27391e-23
0.575 -4.38659e-20 8.73309e-23
0.58 -5.16896e-20 1.04684e-22
0.585 -6.08226e-20 1.25289e-22
0.59 -7.14699e-20 1.4972e-22
0.595 -8.38661e-20 1.78646e-22
0.6 -9.82802e-20 2.12845e-22
0.605 -1.15019e-19 2.53221e-22
0.61 -1.34434e-19 3.00825e-22
0.615 -1.56926e-19 3.56874e-22
0.62 -1.8295e-19 4.22779e-22
0.625 -2.13025e-19 5.00172e-22
0.63 -2.47742e-19 5.90937e-22
0.635 -2.87772e-19 6.97251e-22
0.64 -3.33874e-19 8.21621e-22
0.645 -3.86913e-19 9.66935e-22
0.65 -4.47863e-19 1.13652e-21
0.655 -5.17831e-19 1.33418e-21
0.66 -5.98066e-19 1.5643e-21
0.665 -6.89976e-19 1.83191e-21
0.67 -7.95155e-19 2.14275e-21
0.675 -9.15395e-19 2.5034e-21
0.68 -1.05271e-18 2.92139e-21
0.685 -1.20939e-18 3.4053e-21
0.69 -1.38797e-18 3.96493e-21
0.695 -1.59132e-18 4.61143e-21
0.7 -1.82267e-18 5.35752e-21
0.705 -2.08562e-18 6.21766e-21
0.71 -2.38422e-18 7.20826e-21
0.715 -2.723e-18 8.34799e-21
0.72 -3.10702e-18 9.65799e-21
0.725 -3.54193e-18 1.11623e-20
0.73 -4.03406e-18 1.28879e-20
0.735 -4.59046e-18 1.48657e-20
0.74 -5.21899e-18 1.71303e-20
0.745 -5.92841e-18 1.9721e-20
0.75 -6.72849e-18 2.2682e-20
0.755 -7.63007e-18 2.60632e-20
0.76 -8.64522e-18 2.99208e-20
0.765 -9.78735e-18 3.43182e-20
0.77 -1.10713e-17 3.93265e-20
0.775 -1.25137e-17 4.50258e-20
0.78 -1.41328e-17 5.15059e-20
0.785 -1.59488e-17 5.88677e-20
0.79 -1.79842e-17 6.72245e-20
0.795 -2.02639e-17 7.67028e-20
0.8 -2.28154e-17 8.74449e-20
0.805 -2.56689e-17 9.96094e-20
0.81 -2.88581e-17 1.13374e-19
0.815 -3.242e-17 1.28938e-19
0.82 -3.63954e-17 1.46521e-19
0.825 -4.08292e-17 1.66373e-19
0.83 -4.5771e-17 1.88769e-19
0.835 -5.12755e-17 2.14015e-19
0.84 -5.74026e-17 2.42455e-19
0.845 -6.42184e-17 2.7447e-19
0.85 -7.17955e-17 3.10484e-19
0.855 -8.02135e-17 3.50967e-19
0.86 -8.95601e-17 3.96443e-19
0.865 -9.99313e-17 4.47494e-19
0.87 -1.11432e-16 5.04763e-19
0.875 -1.24179e-16 5.68965e-19
0.88 -1.38297e-16 6.40894e-19
0.885 -1.53925e-16 7.21424e-19
0.89 -1.71214e-16 8.11529e-19
0.895 -1.90331e-16 9.12281e-19
0.9 -2.11457e-16 1.02487e-18
0.905 -2.34789e-16 1.1506e-18
0.91 -2.60543e-16 1.29093e-18
0.915 -2.88955e-16 1.44745e-18
0.92 -3.20283e-16 1.62193e-18
0.925 -3.54807e-16 1.81632e-18
0.93 -3.92833e-16 2.03274e-18
0.935 -4.34694e-16 2.27358e-18
0.94 -4.80753e-16 2.54141e-18
0.945 -5.31405e-16 2.8391e-18
0.95 -5.8708e-16 3.1698e-18
0.955 -6.48244e-16 3.53695e-18
0.96 -7.15405e-16 3.94434e-18
0.965 -7.89115e-16 4.39615e-18
0.97 -8.69973e-16 4.89694e-18
0.975 -9.58629e-16 5.45173e-18
0.98 -1.05579e-15 6.066e-18
0.985 -1.16222e-15 6.74579e-18
0.99 -1.27874e-15 7.49769e-18
0.995 -1.40627e-15 8.32891e-18
1 -1.54576e-15 9.24737e-18
1.005 -1.69828e-15 1.02617e-17
1.01 -1.86496e-15 1.13813e-17
1.015 -2.04704e-15 1.26166e-17
1.02 -2.24586e-15 1.39788e-17
1.025 -2.46285e-15 1.54803e-17
1.03 -2.69959e-15 1.71344e-17
1.035 -2.95774e-15 1.89558e-17
1.04 -3.23913e-15 2.09606e-17
1.045 -3.54572e-15 2.31661e-17
1.05 -3.87963e-15 2.55912e-17
1.055 -4.24315e-15 2.82568e-17
1.06 -4.63873e-15 3.11852e-17
1.065 -5.06903e-15 3.44009e-17
1.07 -5.53691e-15 3.79306e-17
1.075 -6.04545e-15 4.18032e-17
1.08 -6.59796e-15 4.60502e-17
1.085 -7.19801e-15 5.07057e-17
1.09 -7.84944e-15 5.58068e-17
1.095 -8.55638e-15 6.13939e-17
1.1 -9.32326e-15 6.75106e-17
1.105 -1.01549e-14 7.42044e-17
1.11 -1.10563e-14 8.15266e-17
1.115 -1.20331e-14 8.9533e-17
1.12 -1.30911e-14 9.82839e-17
1.125 -1.42367e-14 1.07845e-16
1.13 -1.54767e-14 1.18286e-16
1.135 -1.68184e-14 1.29685e-16
1.14 -1.82696e-14 1.42125e-16
1.145 -1.98387e-14 1.55694e-16
1.15 -2.15347e-14 1.7049e-16
1.155 -2.33673e-14 1.86617e-16
1.16 -2.53467e-14 2.0419e-16
1.165 -2.74839e-14 2.23329e-16
1.17 -2.97909e-14 2.44167e-16
1.175 -3.22802e-14 2.66847e-16
1.18 -3.49653e-14 2.91522e-16
1.185 -3.78608e-14 3.18358e-16
1.19 -4.0982e-14 3.47533e-16
1.195 -4.43456e-14 3.79241e-16
1.2 -4.7969e-14 4.13689e-16
1.205 -5.18713e-14 4.511e-16
1.21 -5.60726e-14 4.91715e-16
1.215 -6.05942e-14 5.35794e-16
1.22 -6.54592e-14 5.83615e-16
1.225 -7.0692e-14 6.35479e-16
1.23 -7.63187e-14 6.91708e-16
1.235 -8.23671e-14 7.5265e-16
1.24 -8.8867e-14 8.18677e-16
1.245 -9.58498e-14 8.90191e-16
1.25 -1.03349e-13 9.67621e-16
1.255 -1.11401e-13 1.05143e-15
1.26 -1.20044e-13 1.14212e-15
1.265 -1.29319e-13 1.24021e-15
1.27 -1.39268e-13 1.34629e-15
1.275 -1.49937e-13 1.46095e-15
1.28 -1.61377e-13 1.58487e-15
1.285 -1.73639e-13 1.71875e-15
1.29 -1.86778e-13 1.86334e-15
1.295 -2.00853e-13 2.01944e-15
1.3 -2.15927e-13 2.18794e-15
1.305 -2.32066e-13 2.36976e-15
1.31 -2.49341e-13 2.56588e-15
1.315 -2.67827e-13 2.77738e-15
1.32 -2.87604e-13 3.0054e-15
1.325 -3.08756e-13 3.25115e-15
1.33 -3.31374e-13 3.51593e-15
1.335 -3.55551e-13 3.80114e-15
1.34 -3.8139e-13 4.10827e-15
1.345 -4.08996e-13 4.4389e-15
1.35 -4.38485e-13 4.79475e-15
1.355 -4.69976e-13 5.17761e-15
1.36 -5.03596e-13 5.58943e-15
1.365 -5.39482e-13 6.03229e-15
1.37 -5.77775e-13 6.50838e-15
1.375 -6.18628e-13 7.02007e-15
1.38 -6.62202e-13 7.56987e-15
1.385 -7.08665e-13 8.16045e-15
1.39 -7.58199e-13 8.79469e-15
1.395 -8.10993e-13 9.47562e-15
1.4 -8.67249e-13 1.02065e-14
1.405 -9.2718e-13 1.09908e-14
1.41 -9.9101e-13 1.18322e-14
1.415 -1.05898e-12 1.27345e-14
1.42 -1.13134e-12 1.37021e-14
1.425 -1.20835e-12 1.47394e-14
1.43 -1.2903e-12 1.5851e-14
1.435 -1.37749e-12 1.7042e-14
1.44 -1.47022e-12 1.83178e-14
1.445 -1.56883e-12 1.96841e-14
1.45 -1.67367e-12 2.11469e-14
1.455 -1.78511e-12 2.27128e-14
1.46 -1.90353e-12 2.43884e-14
1.465 -2.02935e-12 2.61812e-14
1.47 -2.163e-12 2.80988e-14
1.475 -2.30494e-12 3.01495e-14
1.48 -2.45566e-12 3.23419e-14
1.485 -2.61565e-12 3.46854e-14
1.49 -2.78546e-12 3.71898e-14
1.495 -2.96564e-12 3.98655e-14
1.5 -3.15681e-12 4.27235e-14
1.505 -3.35957e-12 4.57756e-14
1.51 -3.5746e-12 4.90344e-14
1.515 -3.80259e-12 5.25128e-14
1.52 -4.04428e-12 5.62251e-14
1.525 -4.30042e-12 6.01859e-14
1.53 -4.57184e-12 6.44111e-14
1.535 -4.8594e-12 6.89173e-14
1.54 -5.16398e-12 7.37221e-14
1.545 -5.48654e-12 7.88443e-14
1.55 -5.82806e-12 8.43037e-14
1.555 -6.18961e-12 9.01211e-14
1.56 -6.57228e-12 9.63189e-14
1.565 -6.97722e-12 1.0292e-13
1.57 -7.40565e-12 1.09951e-13
1.575 -7.85885e-12 1.17436e-13
1.58 -8.33816e-12 1.25403e-13
1.585 -8.845e-12 1.33883e-13
1.59 -9.38085e-12 1.42907e-13
1.595 -9.94726e-12 1.52506e-13
1.6 -1.05459e-11 1.62716e-13
1.605 -1.11784e-11 1.73574e-13
1.61 -1.18466e-11 1.85118e-13
1.615 -1.25525e-11 1.97389e-13
1.62 -1.3298e-11 2.10431e-13
1.625 -1.40851e-11 2.24289e-13
1.63 -1.49161e-11 2.39012e-13
1.635 -1.57933e-11 2.5465e-13
1.64 -1.6719e-11 2.71258e-13
1.645 -1.76958e-11 2.88892e-13
1.65 -1.87263e-11 3.07611e-13
1.655 -1.98134e-11 3.2748e-13
1.66 -2.09598e-11 3.48565e-13
1.665 -2.21687e-11 3.70935e-13
1.67 -2.34433e-11 3.94665e-13
1.675 -2.47868e-11 4.19834e-13
1.68 -2.62028e-11 4.46523e-13
1.685 -2.7695e-11 4.74819e-13
1.69 -2.92671e-11 5.04814e-13
1.695 -3.09233e-11 5.36604e-13
1.7 -3.26677e-11 5.7029e-13
1.705 -3.45047e-11 6.05979e-13
1.71 -3.6439e-11 6.43784e-13
1.715 -3.84753e-11 6.83823e-13
1.72 -4.06188e-11 7.26221e-13
1.725 -4.28747e-11 7.71109e-13
1.73 -4.52485e-11 8.18626e-13
1.735 -4.77461e-11 8.68916e-13
1.74 -5.03734e-11 9.22132e-13
1.745 -5.31368e-11 9.78436e-13
1.75 -5.60428e-11 1.038e-12
1.755 -5.90985e-11 1.10099e-12
1.76 -6.2311e-11 1.16761e-12
1.765 -6.56879e-11 1.23804e-12
1.77 -6.92371e-11 1.3125e-12
1.775 -7.29667e-11 1.3912e-12
1.78 -7.68854e-11 1.47437e-12
1.785 -8.10023e-11 1.56225e-12
1.79 -8.53266e-11 1.65509e-12
1.795 -8.98682e-11 1.75315e-12
1.8 -9.46373e-11 1.85672e-12
1.805 -9.96446e-11 1.96609e-12
1.81 -1.04901e-10 2.08156e-12
1.815 -1.10419e-10 2.20345e-12
1.82 -1.1621e-10 2.3321e-12
1.825 -1.22286e-10 2.46787e-12
1.83 -1.28662e-10 2.61112e-12
1.835 -1.35351e-10 2.76225e-12
1.84 -1.42366e-10 2.92166e-12
1.845 -1.49724e-10 3.08979e-12
1.85 -1.5744e-10 3.26708e-12
1.855 -1.6553e-10 3.454e-12
1.86 -1.74011e-10 3.65106e-12
1.865 -1.82902e-10 3.85876e-12
1.87 -1.92219e-10 4.07765e-12
1.875 -2.01984e-10 4.3083e-12
1.88 -2.12215e-10 4.55131e-12
1.885 -2.22934e-10 4.80731e-12
1.89 -2.34162e-10 5.07693e-12
1.895 -2.45922e-10 5.36088e-12
1.9 -2.58239e-10 5.65988e-12
1.905 -2.71135e-10 5.97466e-12
1.91 -2.84638e-10 6.30603e-12
1.915 -2.98773e-10 6.6548e-12
1.92 -3.13569e-10 7.02183e-12
1.925 -3.29055e-10 7.40804e-12
1.93 -3.45259e-10 7.81437e-12
1.935 -3.62215e-10 8.2418e-12
1.94 -3.79955e-10 8.69137e-12
1.945 -3.98511e-10 9.16417e-12
1.95 -4.17921e-10 9.66132e-12
1.955 -4.3822e-10 1.0184e-11
1.96 -4.59446e-10 1.07335e-11
1.965 -4.8164e-10 1.1311e-11
1.97 -5.04842e-10 1.1918e-11
1.975 -5.29096e-10 1.25558e-11
1.98 -5.54447e-10 1.3226e-11
1.985 -5.8094e-10 1.393e-11
1.99 -6.08624e-10 1.46695e-11
1.995 -6.37549e-10 1.54462e-11
2 -6.67767e-10 1.62618e-11
2.005 -6.99333e-10 1.71182e-11
2.01 -7.32302e-10 1.80173e-11
2.015 -7.66734e-10 1.89611e-11
2.02 -8.02688e-10 1.99517e-11
2.025 -8.40228e-10 2.09913e-11
2.03 -8.7942e-10 2.20823e-11
2.035 -9.20332e-10 2.32269e-11
2.04 -9.63034e-10 2.44277e-11
2.045 -1.0076e-09 2.56872e-11
2.05 -1.0541e-09 2.70083e-11
2.055 -1.10263e-09 2.83937e-11
2.06 -1.15325e-09 2.98464e-11
2.065 -1.20607e-09 3.13694e-11
2.07 -1.26115e-09 3.2966e-11
2.075 -1.31861e-09 3.46396e-11
2.08 -1.37852e-09 3.63936e-11
2.085 -1.44099e-09 3.82317e-11
2.09 -1.50613e-09 4.01576e-11
2.095 -1.57404e-09 4.21755e-11
2.1 -1.64483e-09 4.42893e-11
2.105 -1.71861e-09 4.65034e-11
2.11 -1.7955e-09 4.88223e-11
2.115 -1.87563e-09 5.12507e-11
2.12 -1.95912e-09 5.37934e-11
2.125 -2.04611e-09 5.64556e-11
2.13 -2.13672e-09 5.92425e-11
2.135 -2.23112e-09 6.21596e-11
2.14 -2.32943e-09 6.52126e-11
2.145 -2.43182e-09 6.84077e-11
2.15 -2.53844e-09 7.17509e-11
2.155 -2.64945e-09 7.52488e-11
2.16 -2.76503e-09 7.89081e-11
2.165 -2.88535e-09 8.27358e-11
2.17 -3.0106e-09 8.67393e-11
2.175 -3.14095e-09 9.09262e-11
2.18 -3.27662e-09 9.53043e-11
2.185 -3.41779e-09 9.9882e-11
2.19 -3.56468e-09 1.04668e-10
2.195 -3.71751e-09 1.09671e-10
2.2 -3.87649e-09 1.149e-10
2.205 -4.04187e-09 1.20365e-10
2.21 -4.21388e-09 1.26076e-10
2.215 -4.39278e-09 1.32044e-10
2.22 -4.57881e-09 1.38279e-10
2.225 -4.77225e-09 1.44793e-10
2.23 -4.97338e-09 1.51597e-10
2.235 -5.18247e-09 1.58704e-10
2.24 -5.39982e-09 1.66125e-10
2.245 -5.62575e-09 1.73876e-10
2.25 -5.86056e-09 1.81969e-10
2.255 -6.10458e-09 1.90418e-10
2.26 -6.35816e-09 1.99238e-10
2.265 -6.62163e-09 2.08445e-10
2.27 -6.89537e-09 2.18055e-10
2.275 -7.17974e-09 2.28084e-10
2.28 -7.47514e-09 2.38549e-10
2.285 -7.78196e-09 2.49469e-10
2.29 -8.10062e-09 2.60861e-10
2.295 -8.43154e-09 2.72746e-10
2.3 -8.77516e-09 2.85143e-10
2.305 -9.13195e-09 2.98074e-10
2.31 -9.50237e-09 3.11559e-10
2.315 -9.88692e-09 3.25622e-10
2.32 -1.02861e-08 3.40285e-10
2.325 -1.07004e-08 3.55573e-10
2.33 -1.11304e-08 3.71511e-10
2.335 -1.15766e-08 3.88124e-10
2.34 -1.20397e-08 4.05441e-10
2.345 -1.25201e-08 4.23488e-10
2.35 -1.30186e-08 4.42296e-10
2.355 -1.35357e-08 4.61893e-10
2.36 -1.40721e-08 4.82312e-10
2.365 -1.46285e-08 5.03585e-10
2.37 -1.52055e-08 5.25746e-10
2.375 -1.5804e-08 5.48829e-10
2.38 -1.64245e-08 5.72871e-10
2.385 -1.7068e-08 5.97909e-10
2.39 -1.77351e-08 6.23982e-10
2.395 -1.84268e-08 6.5113e-10
2.4 -1.91438e-08 6.79396e-10
2.405 -1.9887e-08 7.08823e-10
2.41 -2.06573e-08 7.39455e-10
2.415 -2.14556e-08 7.71339e-10
2.42 -2.22829e-08 8.04523e-10
2.425 -2.31402e-08 8.39057e-10
2.43 -2.40284e-08 8.74994e-10
2.435 -2.49487e-08 9.12386e-10
2.44 -2.59021e-08 9.5129e-10
2.445 -2.68897e-08 9.91762e-10
2.45 -2.79127e-08 1.03386e-09
2.455 -2.89723e-08 1.07765e-09
2.46 -3.00696e-08 1.1232e-09
2.465 -3.12059e-08 1.17056e-09
2.47 -3.23826e-08 1.21982e-09
2.475 -3.3601e-08 1.27103e-09
2.48 -3.48624e-08 1.32428e-09
2.485 -3.61682e-08 1.37963e-09
2.49 -3.752e-08 1.43717e-09
2.495 -3.89193e-08 1.49699e-09
2.5 -4.03675e-08 1.55915e-09
2.505 -4.18664e-08 1.62376e-09
2.51 -4.34175e-08 1.6909e-09
2.515 -4.50226e-08 1.76066e-09
2.52 -4.66833e-08 1.83314e-09
2.525 -4.84017e-08 1.90845e-09
2.53 -5.01794e-08 1.98668e-09
2.535 -5.20183e-08 2.06794e-09
2.54 -5.39206e-08 2.15234e-09
2.545 -5.58882e-08 2.24e-09
2.55 -5.79232e-08 2.33103e-09
2.555 -6.00277e-08 2.42556e-09
2.56 -6.2204e-08 2.52371e-09
2.565 -6.44544e-08 2.62562e-09
2.57 -6.67813e-08 2.73141e-09
2.575 -6.91869e-08 2.84124e-09
2.58 -7.16739e-08 2.95524e-09
2.585 -7.42449e-08 3.07356e-09
2.59 -7.69024e-08 3.19636e-09
2.595 -7.96491e-08 3.32379e-09
2.6 -8.2488e-08 3.45603e-09
2.605 -8.54218e-08 3.59324e-09
2.61 -8.84535e-08 3.73559e-09
2.615 -9.15862e-08 3.88328e-09
2.62 -9.48231e-08 4.03648e-09
2.625 -9.81672e-08 4.19539e-09
2.63 -1.01622e-07 4.36021e-09
2.635 -1.05191e-07 4.53115e-09
2.64 -1.08878e-07 4.70843e-09
2.645 -1.12685e-07 4.89225e-09
2.65 -1.16618e-07 5.08286e-09
2.655 -1.2068e-07 5.28048e-09
2.66 -1.24874e-07 5.48535e-09
2.665 -1.29205e-07 5.69774e-09
2.67 -1.33677e-07 5.9179e-09
2.675 -1.38294e-07 6.14609e-09
2.68 -1.43061e-07 6.38259e-09
2.685 -1.47982e-07 6.62768e-09
2.69 -1.53061e-07 6.88167e-09
2.695 -1.58305e-07 7.14485e-09
2.7 -1.63716e-07 7.41753e-09
2.705 -1.69302e-07 7.70004e-09
2.71 -1.75066e-07 7.99272e-09
2.715 -1.81014e-07 8.2959e-09
2.72 -1.87151e-07 8.60993e-09
2.725 -1.93484e-07 8.9352e-09
2.73 -2.00018e-07 9.27206e-09
2.735 -2.06758e-07 9.62092e-09
2.74 -2.13712e-07 9.98217e-09
2.745 -2.20885e-07 1.03562e-08
2.75 -2.28283e-07 1.07435e-08
2.755 -2.35914e-07 1.11445e-08
2.76 -2.43785e-07 1.15596e-08
2.765 -2.51901e-07 1.19892e-08
2.77 -2.60271e-07 1.2434e-08
2.775 -2.68901e-07 1.28943e-08
2.78 -2.778e-07 1.33708e-08
2.785 -2.86975e-07 1.38638e-08
2.79 -2.96433e-07 1.4374e-08
2.795 -3.06185e-07 1.49019e-08
2.8 -3.16236e-07 1.54481e-08
2.805 -3.26597e-07 1.60132e-08
2.81 -3.37277e-07 1.65978e-08
2.815 -3.48283e-07 1.72026e-08
2.82 -3.59626e-07 1.78281e-08
2.825 -3.71316e-07 1.84751e-08
2.83 -3.83361e-07 1.91443e-08
2.835 -3.95773e-07 1.98363e-08
2.84 -4.08561e-07 2.05519e-08
2.845 -4.21737e-07 2.12919e-08
2.85 -4.3531e-07 2.2057e-08
2.855 -4.49293e-07 2.28481e-08
2.86 -4.63697e-07 2.36659e-08
2.865 -4.78533e-07 2.45113e-08
2.87 -4.93814e-07 2.53852e-08
2.875 -5.09552e-07 2.62885e-08
2.88 -5.2576e-07 2.72221e-08
2.885 -5.42451e-07 2.8187e-08
2.89 -5.59639e-07 2.91841e-08
2.895 -5.77336e-07 3.02145e-08
2.9 -5.95558e-07 3.12792e-08
2.905 -6.14318e-07 3.23793e-08
2.91 -6.33632e-07 3.35158e-08
2.915 -6.53514e-07 3.469e-08
2.92 -6.73981e-07 3.59029e-08
2.925 -6.95048e-07 3.71559e-08
2.93 -7.16731e-07 3.845e-08
2.935 -7.39048e-07 3.97866e-08
2.94 -7.62015e-07 4.1167e-08
2.945 -7.85651e-07 4.25926e-08
2.95 -8.09973e-07 4.40647e-08
2.955 -8.35e-07 4.55847e-08
2.96 -8.60751e-07 4.71542e-08
2.965 -8.87245e-07 4.87745e-08
2.97 -9.14503e-07 5.04474e-08
2.975 -9.42544e-07 5.21743e-08
2.98 -9.71391e-07 5.39569e-08
2.985 -1.00106e-06 5.57969e-08
2.99 -1.03158e-06 5.76959e-08
2.995 -1.06298e-06 5.96559e-08
3 -1.09526e-06 6.16786e-08
3.005 -1.12846e-06 6.37659e-08
3.01 -1.16261e-06 6.59198e-08
3.015 -1.19772e-06 6.81421e-08
3.02 -1.23382e-06 7.04351e-08
3.025 -1.27095e-06 7.28006e-08
3.03 -1.30911e-06 7.5241e-08
3.035 -1.34835e-06 7.77585e-08
3.04 -1.38869e-06 8.03552e-08
3.045 -1.43016e-06 8.30336e-08
3.05 -1.47278e-06 8.5796e-08
3.055 -1.5166e-06 8.8645e-08
3.06 -1.56163e-06 9.1583e-08
3.065 -1.60792e-06 9.46126e-08
3.07 -1.65548e-06 9.77367e-08
3.075 -1.70437e-06 1.00958e-07
3.08 -1.7546e-06 1.04279e-07
3.085 -1.80621e-06 1.07703e-07
3.09 -1.85925e-06 1.11232e-07
3.095 -1.91374e-06 1.14871e-07
3.1 -1.96973e-06 1.18621e-07
3.105 -2.02724e-06 1.22487e-07
3.11 -2.08633e-06 1.26471e-07
3.115 -2.14702e-06 1.30577e-07
3.12 -2.20937e-06 1.34808e-07
3.125 -2.27341e-06 1.39169e-07
3.13 -2.33918e-06 1.43662e-07
3.135 -2.40673e-06 1.48292e-07
3.14 -2.4761e-06 1.53061e-07
3.145 -2.54734e-06 1.57976e-07
3.15 -2.6205e-06 1.63038e-07
3.155 -2.69562e-06 1.68253e-07
3.16 -2.77275e-06 1.73625e-07
3.165 -2.85194e-06 1.79158e-07
3.17 -2.93325e-06 1.84857e-07
3.175 -3.01672e-06 1.90726e-07
3.18 -3.10241e-06 1.96771e-07
3.185 -3.19037e-06 2.02995e-07
3.19 -3.28066e-06 2.09405e-07
3.195 -3.37334e-06 2.16004e-07
3.2 -3.46846e-06 2.228e-07
3.205 -3.56609e-06 2.29796e-07
3.21 -3.66628e-06 2.36998e-07
3.215 -3.7691e-06 2.44413e-07
3.22 -3.87462e-06 2.52045e-07
3.225 -3.98289e-06 2.59902e-07
3.23 -4.09398e-06 2.67988e-07
3.235 -4.20797e-06 2.76311e-07
3.24 -4.32492e-06 2.84876e-07
3.245 -4.4449e-06 2.93691e-07
3.25 -4.56799e-06 3.02762e-07
3.255 -4.69425e-06 3.12096e-07
3.26 -4.82378e-06 3.217e-07
3.265 -4.95664e-06 3.31581e-07
3.27 -5.09291e-06 3.41748e-07
3.275 -5.23268e-06 3.52207e-07
3.28 -5.37603e-06 3.62967e-07
3.285 -5.52304e-06 3.74035e-07
3.29 -5.6738e-06 3.8542e-07
3.295 -5.82839e-06 3.9713e-07
3.3 -5.98692e-06 4.09174e-07
3.305 -6.14947e-06 4.2156e-07
3.31 -6.31613e-06 4.34299e-07
3.315 -6.487e-06 4.47398e-07
3.32 -6.66219e-06 4.60868e-07
3.325 -6.84178e-06 4.74719e-07
3.33 -7.02589e-06 4.88959e-07
3.335 -7.21461e-06 5.03601e-07
3.34 -7.40806e-06 5.18653e-07
3.345 -7.60635e-06 5.34128e-07
3.35 -7.80958e-06 5.50035e-07
3.355 -8.01787e-06 5.66387e-07
3.36 -8.23134e-06 5.83194e-07
3.365 -8.4501e-06 6.00469e-07
3.37 -8.67428e-06 6.18223e-07
3.375 -8.90401e-06 6.36469e-07
3.38 -9.1394e-06 6.5522e-07
3.385 -9.38058e-06 6.74488e-07
3.39 -9.6277e-06 6.94288e-07
3.395 -9.88088e-06 7.14632e-07
3.4 -1.01403e-05 7.35534e-07
3.405 -1.0406e-05 7.57009e-07
3.41 -1.06782e-05 7.79072e-07
3.415 -1.0957e-05 8.01736e-07
3.42 -1.12426e-05 8.25018e-07
3.425 -1.15352e-05 8.48933e-07
3.43 -1.18348e-05 8.73497e-07
3.435 -1.21417e-05 8.98727e-07
3.44 -1.24559e-05 9.24639e-07
3.445 -1.27778e-05 9.5125e-07
3.45 -1.31074e-05 9.78578e-07
3.455 -1.34449e-05 1.00664e-06
3.46 -1.37905e-05 1.03546e-06
3.465 -1.41443e-05 1.06504e-06
3.47 -1.45066e-05 1.09542e-06
3.475 -1.48776e-05 1.12661e-06
3.48 -1.52573e-05 1.15863e-06
3.485 -1.56461e-05 1.1915e-06
3.49 -1.60441e-05 1.22525e-06
3.495 -1.64515e-05 1.25988e-06
3.5 -1.68685e-05 1.29544e-06
3.505 -1.72954e-05 1.33193e-06
3.51 -1.77323e-05 1.36938e-06
3.515 -1.81794e-05 1.40782e-06
3.52 -1.86371e-05 1.44726e-06
3.525 -1.91054e-05 1.48774e-06
3.53 -1.95847e-05 1.52928e-06
3.535 -2.00752e-05 1.5719e-06
3.54 -2.05771e-05 1.61563e-06
3.545 -2.10906e-05 1.66049e-06
3.55 -2.16161e-05 1.70652e-06
3.555 -2.21537e-05 1.75374e-06
3.56 -2.27037e-05 1.80219e-06
3.565 -2.32664e-05 1.85188e-06
3.57 -2.38421e-05 1.90285e-06
3.575 -2.4431e-05 1.95513e-06
3.58 -2.50335e-05 2.00876e-06
3.585 -2.56497e-05 2.06375e-06
3.59 -2.628e-05 2.12016e-06
3.595 -2.69247e-05 2.178e-06
3.6 -2.75841e-05 2.23731e-06
3.605 -2.82584e-05 2.29813e-06
3.61 -2.89481e-05 2.36049e-06
3.615 -2.96534e-05 2.42444e-06
3.62 -3.03746e-05 2.48999e-06
3.625 -3.11122e-05 2.55721e-06
3.63 -3.18663e-05 2.62611e-06
3.635 -3.26374e-05 2.69675e-06
3.64 -3.34259e-05 2.76916e-06
3.645 -3.4232e-05 2.84338e-06
3.65 -3.50561e-05 2.91945e-06
3.655 -3.58987e-05 2.99742e-06
3.66 -3.676e-05 3.07734e-06
3.665 -3.76405e-05 3.15924e-06
3.67 -3.85405e-05 3.24317e-06
3.675 -3.94606e-05 3.32918e-06
3.68 -4.04009e-05 3.41731e-06
3.685 -4.13621e-05 3.50762e-06
3.69 -4.23445e-05 3.60015e-06
3.695 -4.33485e-05 3.69495e-06
3.7 -4.43745e-05 3.79208e-06
3.705 -4.54231e-05 3.89159e-06
3.71 -4.64947e-05 3.99353e-06
3.715 -4.75896e-05 4.09795e-06
3.72 -4.87085e-05 4.20492e-06
3.725 -4.98517e-05 4.31448e-06
3.73 -5.10198e-05 4.42671e-06
3.735 -5.22133e-05 4.54165e-06
3.74 -5.34326e-05 4.65936e-06
3.745 -5.46783e-05 4.77992e-06
3.75 -5.59509e-05 4.90337e-06
3.755 -5.7251e-05 5.0298e-06
3.76 -5.8579e-05 5.15925e-06
3.765 -5.99355e-05 5.2918e-06
3.77 -6.13212e-05 5.42752e-06
3.775 -6.27364e-05 5.56648e-06
3.78 -6.4182e-05 5.70874e-06
3.785 -6.56583e-05 5.85439e-06
3.79 -6.71661e-05 6.00348e-06
3.795 -6.8706e-05 6.15611e-06
3.8 -7.02785e-05 6.31234e-06
3.805 -7.18843e-05 6.47226e-06
3.81 -7.35241e-05 6.63594e-06
3.815 -7.51985e-05 6.80346e-06
3.82 -7.69081e-05 6.97491e-06
3.825 -7.86538e-05 7.15038e-06
3.83 -8.0436e-05 7.32994e-06
3.835 -8.22557e-05 7.51369e-06
3.84 -8.41134e-05 7.70172e-06
3.845 -8.60099e-05 7.89412e-06
3.85 -8.79459e-05 8.09097e-06
3.855 -8.99223e-05 8.29238e-06
3.86 -9.19397e-05 8.49845e-06
3.865 -9.39989e-05 8.70926e-06
3.87 -9.61008e-05 8.92493e-06
3.875 -9.82461e-05 9.14555e-06
3.88 -0.000100436 9.37123e-06
3.885 -0.00010267 9.60207e-06
3.89 -0.000104951 9.83818e-06
3.895 -0.000107278 1.00797e-05
3.9 -0.000109654 1.03267e-05
3.905 -0.000112077 1.05793e-05
3.91 -0.00011455 1.08376e-05
3.915 -0.000117074 1.11018e-05
3.92 -0.000119649 1.13719e-05
3.925 -0.000122276 1.16482e-05
3.93 -0.000124957 1.19306e-05
3.935 -0.000127692 1.22194e-05
3.94 -0.000130482 1.25147e-05
3.945 -0.000133328 1.28165e-05
3.95 -0.000136232 1.31252e-05
3.955 -0.000139194 1.34406e-05
3.96 -0.000142215 1.37632e-05
3.965 -0.000145297 1.40928e-05
3.97 -0.000148441 1.44298e-05
3.975 -0.000151647 1.47743e-05
3.98 -0.000154918 1.51263e-05
3.985 -0.000158253 1.54861e-05
3.99 -0.000161655 1.58538e-05
3.995 -0.000165124 1.62296e-05
4 -0.000168662 1.66137e-05
4.005 -0.000172269 1.70061e-05
4.01 -0.000175948 1.74071e-05
4.015 -0.000179699 1.78168e-05
4.02 -0.000183525 1.82355e-05
4.025 -0.000187425 1.86632e-05
4.03 -0.000191401 1.91002e-05
4.035 -0.000195455 1.95467e-05
4.04 -0.000199589 2.00028e-05
4.045 -0.000203803 2.04688e-05
4.05 -0.000208099 2.09447e-05
4.055 -0.000212478 2.14309e-05
4.06 -0.000216943 2.19275e-05
4.065 -0.000221493 2.24347e-05
4.07 -0.000226132 2.29528e-05
4.075 -0.00023086 2.34819e-05
4.08 -0.00023568 2.40222e-05
4.085 -0.000240592 2.4574e-05
4.09 -0.000245598 2.51375e-05
4.095 -0.0002507 2.5713e-05
4.1 -0.0002559 2.63005e-05
4.105 -0.000261199 2.69005e-05
4.11 -0.000266599 2.75131e-05
4.115 -0.000272102 2.81385e-05
4.12 -0.000277709 2.8777e-05
4.125 -0.000283423 2.94289e-05
4.13 -0.000289245 3.00944e-05
4.135 -0.000295177 3.07737e-05
4.14 -0.000301221 3.14672e-05
4.145 -0.000307379 3.21751e-05
4.15 -0.000313652 3.28977e-05
4.155 -0.000320044 3.36351e-05
4.16 -0.000326555 3.43878e-05
4.165 -0.000333188 3.5156e-05
4.17 -0.000339945 3.594e-05
4.175 -0.000346828 3.67401e-05
4.18 -0.000353839 3.75566e-05
4.185 -0.000360981 3.83898e-05
4.19 -0.000368255 3.924e-05
4.195 -0.000375664 4.01075e-05
4.2 -0.000383209 4.09926e-05
4.205 -0.000390894 4.18957e-05
4.21 -0.000398721 4.28171e-05
4.215 -0.000406692 4.37571e-05
4.22 -0.000414809 4.4716e-05
4.225 -0.000423075 4.56943e-05
4.23 -0.000431492 4.66923e-05
4.235 -0.000440063 4.77102e-05
4.24 -0.000448791 4.87486e-05
4.245 -0.000457677 4.98077e-05
4.25 -0.000466725 5.08879e-05
4.255 -0.000475938 5.19897e-05
4.26 -0.000485317 5.31133e-05
4.265 -0.000494866 5.42593e-05
4.27 -0.000504587 5.54279e-05
4.275 -0.000514484 5.66196e-05
4.28 -0.000524559 5.78348e-05
4.285 -0.000534815 5.9074e-05
4.29 -0.000545255 6.03375e-05
4.295 -0.000555883 6.16257e-05
4.3 -0.0005667 6.29392e-05
4.305 -0.00057771 6.42784e-05
4.31 -0.000588917 6.56437e-05
4.315 -0.000600323 6.70355e-05
4.32 -0.000611931 6.84544e-05
4.325 -0.000623746 6.99008e-05
4.33 -0.000635769 7.13752e-05
4.335 -0.000648006 7.28781e-05
4.34 -0.000660458 7.441e-05
4.345 -0.000673129 7.59713e-05
4.35 -0.000686024 7.75627e-05
4.355 -0.000699144 7.91845e-05
4.36 -0.000712495 8.08374e-05
4.365 -0.00072608 8.25219e-05
4.37 -0.000739901 8.42384e-05
4.375 -0.000753964 8.59877e-05
4.38 -0.000768272 8.77701e-05
4.385 -0.000782829 8.95864e-05
4.39 -0.000797638 9.1437e-05
4.395 -0.000812704 9.33225e-05
4.4 -0.00082803 9.52436e-05
4.405 -0.000843621 9.72009e-05
4.41 -0.000859481 9.91948e-05
4.415 -0.000875614 0.000101226
4.42 -0.000892025 0.000103296
4.425 -0.000908716 0.000105404
4.43 -0.000925694 0.000107551
4.435 -0.000942962 0.000109738
4.44 -0.000960525 0.000111966
4.445 -0.000978387 0.000114235
4.45 -0.000996553 0.000116546
4.455 -0.00101503 0.0001189
4.46 -0.00103382 0.000121297
4.465 -0.00105292 0.000123738
4.47 -0.00107235 0.000126224
4.475 -0.00109211 0.000128755
4.48 -0.0011122 0.000131333
4.485 -0.00113263 0.000133958
4.49 -0.0011534 0.000136631
4.495 -0.00117452 0.000139352
4.5 -0.00119599 0.000142123
4.505 -0.00121782 0.000144943
4.51 -0.00124002 0.000147815
4.515 -0.00126258 0.000150739
4.52 -0.00128552 0.000153715
4.525 -0.00130884 0.000156745
4.53 -0.00133255 0.000159829
4.535 -0.00135665 0.000162968
4.54 -0.00138115 0.000166164
4.545 -0.00140605 0.000169416
4.55 -0.00143137 0.000172726
4.555 -0.0014571 0.000176096
4.56 -0.00148325 0.000179525
4.565 -0.00150983 0.000183014
4.57 -0.00153684 0.000186566
4.575 -0.0015643 0.00019018
4.58 -0.0015922 0.000193857
4.585 -0.00162056 0.000197599
4.59 -0.00164938 0.000201407
4.595 -0.00167866 0.000205282
4.6 -0.00170843 0.000209224
4.605 -0.00173867 0.000213235
4.61 -0.0017694 0.000217315
4.615 -0.00180062 0.000221467
4.62 -0.00183235 0.00022569
4.625 -0.00186459 0.000229987
4.63 -0.00189735 0.000234358
4.635 -0.00193063 0.000238804
4.64 -0.00196444 0.000243327
4.645 -0.00199879 0.000247927
4.65 -0.00203369 0.000252606
4.655 -0.00206915 0.000257365
4.66 -0.00210517 0.000262206
4.665 -0.00214176 0.000267129
4.67 -0.00217892 0.000272136
4.675 -0.00221668 0.000277227
4.68 -0.00225503 0.000282405
4.685 -0.00229399 0.000287671
4.69 -0.00233356 0.000293026
4.695 -0.00237375 0.00029847
4.7 -0.00241458 0.000304007
4.705 -0.00245604 0.000309636
4.71 -0.00249814 0.000315359
4.715 -0.00254091 0.000321178
4.72 -0.00258434 0.000327095
4.725 -0.00262845 0.00033311
4.73 -0.00267324 0.000339225
4.735 -0.00271873 0.000345441
4.74 -0.00276492 0.00035176
4.745 -0.00281183 0.000358184
4.75 -0.00285946 0.000364714
4.755 -0.00290782 0.000371351
4.76 -0.00295693 0.000378098
4.765 -0.00300679 0.000384955
4.77 -0.00305741 0.000391924
4.775 -0.00310881 0.000399007
4.78 -0.003161 0.000406206
4.785 -0.00321398 0.000413522
4.79 -0.00326777 0.000420957
4.795 -0.00332237 0.000428513
4.8 -0.00337781 0.000436191
4.805 -0.00343408 0.000443993
4.81 -0.00349121 0.00045192
4.815 -0.0035492 0.000459976
4.82 -0.00360806 0.00046816
4.825 -0.00366781 0.000476476
4.83 -0.00372846 0.000484925
4.835 -0.00379002 0.000493509
4.84 -0.0038525 0.00050223
4.845 -0.00391591 0.00051109
4.85 -0.00398028 0.00052009
4.855 -0.0040456 0.000529233
4.86 -0.00411189 0.000538521
4.865 -0.00417917 0.000547956
4.87 -0.00424745 0.000557539
4.875 -0.00431674 0.000567273
4.88 -0.00438706 0.000577159
4.885 -0.00445841 0.000587201
4.89 -0.00453082 0.0005974
4.895 -0.00460429 0.000607758
4.9 -0.00467884 0.000618277
4.905 -0.00475448 0.00062896
4.91 -0.00483124 0.000639809
4.915 -0.00490911 0.000650826
4.92 -0.00498812 0.000662014
4.925 -0.00506829 0.000673374
4.93 -0.00514962 0.000684909
4.935 -0.00523213 0.000696621
4.94 -0.00531584 0.000708513
4.945 -0.00540076 0.000720588
4.95 -0.0054869 0.000732847
4.955 -0.0055743 0.000745293
4.96 -0.00566295 0.000757928
4.965 -0.00575287 0.000770756
4.97 -0.00584409 0.000783778
4.975 -0.00593662 0.000796998
4.98 -0.00603047 0.000810417
4.985 -0.00612566 0.000824039
4.99 -0.00622221 0.000837866
4.995 -0.00632014 0.000851901
5 -0.00641945 0.000866146
5.005 -0.00652018 0.000880604
5.01 -0.00662234 0.000895279
5.015 -0.00672594 0.000910173
5.02 -0.00683101 0.000925288
5.025 -0.00693756 0.000940628
5.03 -0.00704561 0.000956195
5.035 -0.00715518 0.000971993
5.04 -0.00726629 0.000988024
5.045 -0.00737895 0.00100429
5.05 -0.00749319 0.0010208
5.055 -0.00760903 0.00103755
5.06 -0.00772648 0.00105454
5.065 -0.00784557 0.00107179
5.07 -0.00796631 0.00108928
5.075 -0.00808873 0.00110703
5.08 -0.00821285 0.00112504
5.085 -0.00833868 0.00114331
5.09 -0.00846625 0.00116185
5.095 -0.00859558 0.00118065
5.1 -0.00872669 0.00119973
5.105 -0.0088596 0.00121908
5.11 -0.00899434 0.0012387
5.115 -0.00913092 0.00125861
5.12 -0.00926936 0.00127881
5.125 -0.0094097 0.00129929
5.13 -0.00955195 0.00132007
5.135 -0.00969614 0.00134114
5.14 -0.00984228 0.00136252
5.145 -0.00999041 0.00138419
5.15 -0.0101405 0.00140618
5.155 -0.0102927 0.00142847
5.16 -0.0104469 0.00145108
5.165 -0.0106032 0.00147401
5.17 -0.0107616 0.00149726
5.175 -0.0109221 0.00152083
5.18 -0.0110848 0.00154474
5.185 -0.0112497 0.00156898
5.19 -0.0114167 0.00159356
5.195 -0.011586 0.00161848
5.2 -0.0117575 0.00164374
5.205 -0.0119313 0.00166936
5.21 -0.0121075 0.00169533
5.215 -0.0122859 0.00172167
5.22 -0.0124667 0.00174836
5.225 -0.01265 0.00177542
5.23 -0.0128356 0.00180286
5.235 -0.0130236 0.00183067
5.24 -0.0132142 0.00185886
5.245 -0.0134072 0.00188744
5.25 -0.0136028 0.0019164
5.255 -0.0138009 0.00194576
5.26 -0.0140016 0.00197552
5.265 -0.014205 0.00200569
5.27 -0.0144109 0.00203626
5.275 -0.0146196 0.00206724
5.28 -0.0148309 0.00209865
5.285 -0.015045 0.00213047
5.29 -0.0152619 0.00216272
5.295 -0.0154815 0.00219541
5.3 -0.015704 0.00222853
5.305 -0.0159294 0.0022621
5.31 -0.0161576 0.00229611
5.315 -0.0163888 0.00233057
5.32 -0.0166229 0.0023655
5.325 -0.01686 0.00240088
5.33 -0.0171001 0.00243673
5.335 -0.0173433 0.00247306
5.34 -0.0175896 0.00250987
5.345 -0.017839 0.00254716
5.35 -0.0180916 0.00258494
5.355 -0.0183473 0.00262321
5.36 -0.0186063 0.00266199
5.365 -0.0188686 0.00270127
5.37 -0.0191341 0.00274106
5.375 -0.019403 0.00278137
5.38 -0.0196753 0.00282221
5.385 -0.0199509 0.00286357
5.39 -0.02023 0.00290547
5.395 -0.0205126 0.00294791
5.4 -0.0207988 0.00299089
5.405 -0.0210884 0.00303443
5.41 -0.0213817 0.00307853
5.415 -0.0216786 0.00312319
5.42 -0.0219792 0.00316842
5.425 -0.0222834 0.00321423
5.43 -0.0225915 0.00326062
5.435 -0.0229033 0.00330761
5.44 -0.0232189 0.00335518
5.445 -0.0235385 0.00340337
5.45 -0.0238619 0.00345216
5.455 -0.0241893 0.00350156
5.46 -0.0245207 0.00355159
5.465 -0.0248561 0.00360225
5.47 -0.0251956 0.00365354
5.475 -0.0255392 0.00370547
5.48 -0.025887 0.00375805
5.485 -0.026239 0.00381129
5.49 -0.0265952 0.00386519
5.495 -0.0269558 0.00391976
5.5 -0.0273206 0.00397501
5.505 -0.0276899 0.00403094
5.51 -0.0280636 0.00408756
5.515 -0.0284418 0.00414488
5.52 -0.0288244 0.0042029
5.525 -0.0292117 0.00426164
5.53 -0.0296035 0.0043211
5.535 -0.0300001 0.00438128
5.54 -0.0304013 0.0044422
5.545 -0.0308072 0.00450386
5.55 -0.031218 0.00456627
5.555 -0.0316337 0.00462944
5.56 -0.0320542 0.00469338
5.565 -0.0324797 0.00475809
5.57 -0.0329101 0.00482357
5.575 -0.0333456 0.00488985
5.58 -0.0337863 0.00495693
5.585 -0.034232 0.00502481
5.59 -0.034683 0.0050935
5.595 -0.0351392 0.00516301
5.6 -0.0356007 0.00523336
5.605 -0.0360676 0.00530454
5.61 -0.0365399 0.00537656
5.615 -0.0370176 0.00544944
5.62 -0.0375009 0.00552319
5.625 -0.0379897 0.0055978
5.63 -0.0384841 0.0056733
5.635 -0.0389842 0.00574968
5.64 -0.0394901 0.00582696
5.645 -0.0400017 0.00590515
5.65 -0.0405192 0.00598425
5.655 -0.0410426 0.00606428
5.66 -0.0415719 0.00614524
5.665 -0.0421073 0.00622714
5.67 -0.0426487 0.00630999
5.675 -0.0431962 0.00639381
5.68 -0.0437499 0.00647859
5.685 -0.0443099 0.00656435
5.69 -0.0448762 0.0066511
5.695 -0.0454488 0.00673885
5.7 -0.0460279 0.0068276
5.705 -0.0466134 0.00691737
5.71 -0.0472055 0.00700817
5.715 -0.0478042 0.0071
5.72 -0.0484096 0.00719288
5.725 -0.0490217 0.00728681
5.73 -0.0496406 0.00738182
5.735 -0.0502663 0.00747789
5.74 -0.050899 0.00757505
5.745 -0.0515386 0.00767331
5.75 -0.0521853 0.00777267
5.755 -0.0528391 0.00787315
5.76 -0.0535001 0.00797476
5.765 -0.0541683 0.0080775
5.77 -0.0548439 0.0081814
5.775 -0.0555268 0.00828645
5.78 -0.0562171 0.00839266
5.785 -0.056915 0.00850006
5.79 -0.0576204 0.00860865
5.795 -0.0583335 0.00871844
5.8 -0.0590543 0.00882944
5.805 -0.0597829 0.00894166
5.81 -0.0605193 0.00905511
5.815 -0.0612636 0.00916982
5.82 -0.062016 0.00928577
5.825 -0.0627764 0.009403
5.83 -0.0635449 0.0095215
5.835 -0.0643217 0.00964129
5.84 -0.0651067 0.00976239
5.845 -0.0659001 0.0098848
5.85 -0.0667019 0.0100085
5.855 -0.0675122 0.0101336
5.86 -0.0683311 0.01026
5.865 -0.0691587 0.0103878
5.87 -0.0699949 0.0105169
5.875 -0.07084 0.0106475
5.88 -0.0716939 0.0107794
5.885 -0.0725568 0.0109127
5.89 -0.0734287 0.0110475
5.895 -0.0743097 0.0111837
5.9 -0.0751999 0.0113213
5.905 -0.0760994 0.0114604
5.91 -0.0770082 0.011601
5.915 -0.0779264 0.011743
5.92 -0.0788541 0.0118865
5.925 -0.0797914 0.0120316
5.93 -0.0807383 0.0121782
5.935 -0.081695 0.0123263
5.94 -0.0826616 0.0124759
5.945 -0.083638 0.0126271
5.95 -0.0846244 0.0127799
5.955 -0.0856209 0.0129342
5.96 -0.0866275 0.0130902
5.965 -0.0876444 0.0132478
5.97 -0.0886716 0.013407
5.975 -0.0897092 0.0135678
5.98 -0.0907573 0.0137303
5.985 -0.0918159 0.0138944
5.99 -0.0928853 0.0140603
5.995 -0.0939653 0.0142278
6 -0.0950563 0.014397
6.005 -0.0961581 0.014568
6.01 -0.0972709 0.0147407
6.015 -0.0983949 0.0149151
6.02 -0.09953 0.0150913
6.025 -0.100676 0.0152693
6.03 -0.101834 0.015449
6.035 -0.103004 0.0156306
6.04 -0.104184 0.015814
6.045 -0.105377 0.0159992
6.05 -0.106581 0.0161863
6.055 -0.107797 0.0163752
6.06 -0.109025 0.016566
6.065 -0.110265 0.0167587
6.07 -0.111517 0.0169534
6.075 -0.112781 0.0171499
6.08 -0.114058 0.0173484
6.085 -0.115346 0.0175488
6.09 -0.116648 0.0177512
6.095 -0.117962 0.0179556
6.1 -0.119289 0.018162
6.105 -0.120628 0.0183703
6.11 -0.12198 0.0185808
6.115 -0.123345 0.0187932
6.12 -0.124724 0.0190078
6.125 -0.126115 0.0192244
6.13 -0.12752 0.019443
6.135 -0.128938 0.0196638
6.14 -0.13037 0.0198868
6.145 -0.131815 0.0201118
6.15 -0.133274 0.020339
6.155 -0.134746 0.0205684
6.16 -0.136233 0.0208
6.165 -0.137733 0.0210338
6.17 -0.139248 0.0212698
6.175 -0.140776 0.021508
6.18 -0.142319 0.0217485
6.185 -0.143876 0.0219912
6.19 -0.145448 0.0222362
6.195 -0.147035 0.0224836
6.2 -0.148636 0.0227332
6.205 -0.150251 0.0229852
6.21 -0.151882 0.0232396
6.215 -0.153528 0.0234963
6.22 -0.155189 0.0237553
6.225 -0.156865 0.0240168
6.23 -0.158556 0.0242808
6.235 -0.160263 0.0245471
6.24 -0.161986 0.0248159
6.245 -0.163724 0.0250872
6.25 -0.165478 0.0253609
6.255 -0.167248 0.0256372
6.26 -0.169033 0.025916
6.265 -0.170835 0.0261973
6.27 -0.172653 0.0264812
6.275 -0.174488 0.0267677
6.28 -0.176338 0.0270567
6.285 -0.178206 0.0273484
6.29 -0.18009 0.0276427
6.295 -0.18199 0.0279396
6.3 -0.183908 0.0282392
6.305 -0.185843 0.0285415
6.31 -0.187794 0.0288465
6.315 -0.189763 0.0291542
6.32 -0.19175 0.0294646
6.325 -0.193753 0.0297778
6.33 -0.195775 0.0300938
6.335 -0.197814 0.0304125
6.34 -0.19987 0.0307341
6.345 -0.201945 0.0310585
6.35 -0.204038 0.0313857
6.355 -0.206149 0.0317158
6.36 -0.208278 0.0320488
6.365 -0.210425 0.0323847
6.37 -0.212591 0.0327235
6.375 -0.214776 0.0330653
6.38 -0.216979 0.03341
6.385 -0.219201 0.0337577
6.39 -0.221443 0.0341083
6.395 -0.223703 0.034462
6.4 -0.225982 0.0348187
6.405 -0.228281 0.0351785
6.41 -0.230599 0.0355414
6.415 -0.232937 0.0359073
6.42 -0.235295 0.0362763
6.425 -0.237672 0.0366485
6.43 -0.240069 0.0370238
6.435 -0.242487 0.0374023
6.44 -0.244924 0.037784
6.445 -0.247382 0.0381689
6.45 -0.24986 0.038557
6.455 -0.252359 0.0389484
6.46 -0.254878 0.039343
6.465 -0.257419 0.0397409
6.47 -0.25998 0.0401421
6.475 -0.262562 0.0405466
6.48 -0.265165 0.0409544
6.485 -0.26779 0.0413657
6.49 -0.270436 0.0417803
6.495 -0.273103 0.0421983
6.5 -0.275793 0.0426197
6.505 -0.278504 0.0430446
6.51 -0.281236 0.0434729
6.515 -0.283991 0.0439047
6.52 -0.286768 0.04434
6.525 -0.289568 0.0447788
6.53 -0.29239 0.0452212
6.535 -0.295234 0.0456671
6.54 -0.298101 0.0461166
6.545 -0.30099 0.0465697
6.55 -0.303903 0.0470264
6.555 -0.306839 0.0474868
6.56 -0.309798 0.0479508
6.565 -0.31278 0.0484185
6.57 -0.315785 0.0488899
6.575 -0.318814 0.049365
6.58 -0.321867 0.0498438
6.585 -0.324944 0.0503264
6.59 -0.328044 0.0508128
6.595 -0.331168 0.051303
6.6 -0.334317 0.051797
6.605 -0.33749 0.0522948
6.61 -0.340687 0.0527965
6.615 -0.343909 0.0533021
6.62 -0.347156 0.0538116
6.625 -0.350427 0.054325
6.63 -0.353724 0.0548423
6.635 -0.357045 0.0553636
6.64 -0.360392 0.0558888
6.645 -0.363764 0.0564181
6.65 -0.367161 0.0569514
6.655 -0.370584 0.0574887
6.66 -0.374032 0.0580301
6.665 -0.377507 0.0585756
6.67 -0.381007 0.0591251
6.675 -0.384534 0.0596788
6.68 -0.388086 0.0602366
6.685 -0.391665 0.0607986
6.69 -0.395271 0.0613648
6.695 -0.398903 0.0619351
6.7 -0.402561 0.0625097
6.705 -0.406247 0.0630885
6.71 -0.409959 0.0636716
6.715 -0.413699 0.0642589
6.72 -0.417466 0.0648506
6.725 -0.42126 0.0654466
6.73 -0.425081 0.0660469
6.735 -0.42893 0.0666515
6.74 -0.432807 0.0672606
6.745 -0.436712 0.067874
6.75 -0.440644 0.0684919
6.755 -0.444605 0.0691142
6.76 -0.448594 0.0697409
6.765 -0.452611 0.0703721
6.77 -0.456657 0.0710078
6.775 -0.460731 0.0716481
6.78 -0.464834 0.0722928
6.785 -0.468965 0.0729422
6.79 -0.473126 0.0735961
6.795 -0.477316 0.0742545
6.8 -0.481535 0.0749176
6.805 -0.485783 0.0755854
6.81 -0.49006 0.0762577
6.815 -0.494368 0.0769348
6.82 -0.498704 0.0776165
6.825 -0.503071 0.0783029
6.83 -0.507467 0.0789941
6.835 -0.511894 0.07969
6.84 -0.51635 0.0803907
6.845 -0.520837 0.0810961
6.85 -0.525355 0.0818064
6.855 -0.529902 0.0825214
6.86 -0.534481 0.0832414
6.865 -0.53909 0.0839661
6.87 -0.54373 0.0846957
6.875 -0.548401 0.0854303
6.88 -0.553103 0.0861697
6.885 -0.557836 0.0869141
6.89 -0.5626 0.0876634
6.895 -0.567396 0.0884176
6.9 -0.572223 0.0891769
6.905 -0.577082 0.0899411
6.91 -0.581973 0.0907104
6.915 -0.586895 0.0914847
6.92 -0.59185 0.0922641
6.925 -0.596836 0.0930485
6.93 -0.601855 0.093838
6.935 -0.606906 0.0946326
6.94 -0.61199 0.0954324
6.945 -0.617106 0.0962372
6.95 -0.622254 0.0970472
6.955 -0.627436 0.0978624
6.96 -0.63265 0.0986828
6.965 -0.637897 0.0995084
6.97 -0.643177 0.100339
6.975 -0.64849 0.101175
6.98 -0.653836 0.102017
6.985 -0.659216 0.102863
6.99 -0.664629 0.103715
6.995 -0.670076 0.104572
7 -0.675556 0.105435
7.005 -0.68107 0.106302
7.01 -0.686618 0.107175
7.015 -0.6922 0.108054
7.02 -0.697816 0.108938
7.025 -0.703465 0.109827
7.03 -0.70915 0.110722
7.035 -0.714868 0.111622
7.04 -0.720621 0.112527
7.045 -0.726408 0.113438
7.05 -0.73223 0.114355
7.055 -0.738086 0.115277
7.06 -0.743977 0.116204
7.065 -0.749903 0.117137
7.07 -0.755864 0.118075
7.075 -0.76186 0.119019
7.08 -0.767891 0.119969
7.085 -0.773957 0.120924
7.09 -0.780058 0.121885
7.095 -0.786195 0.122851
7.1 -0.792367 0.123823
7.105 -0.798574 0.1248
7.11 -0.804817 0.125783
7.115 -0.811096 0.126772
7.12 -0.81741 0.127766
7.125 -0.82376 0.128766
7.13 -0.830146 0.129772
7.135 -0.836568 0.130783
7.14 -0.843026 0.1318
7.145 -0.84952 0.132823
7.15 -0.85605 0.133851
7.155 -0.862616 0.134885
7.16 -0.869218 0.135925
7.165 -0.875857 0.13697
7.17 -0.882532 0.138022
7.175 -0.889243 0.139079
7.18 -0.895991 0.140142
7.185 -0.902776 0.14121
7.19 -0.909597 0.142285
7.195 -0.916454 0.143365
7.2 -0.923348 0.144451
7.205 -0.93028 0.145543
7.21 -0.937247 0.14664
7.215 -0.944252 0.147744
7.22 -0.951294 0.148853
7.225 -0.958372 0.149968
7.23 -0.965488 0.151089
7.235 -0.97264 0.152216
7.24 -0.979829 0.153349
7.245 -0.987056 0.154487
7.25 -0.99432 0.155632
7.255 -1.00162 0.156782
7.26 -1.00896 0.157938
7.265 -1.01633 0.1591
7.27 -1.02375 0.160268
7.275 -1.0312 0.161442
7.28 -1.03868 0.162622
7.285 -1.04621 0.163807
7.29 -1.05377 0.164999
7.295 -1.06137 0.166196
7.3 -1.06901 0.1674
7.305 -1.07668 0.168609
7.31 -1.08439 0.169824
7.315 -1.09214 0.171045
7.32 -1.09993 0.172272
7.325 -1.10775 0.173505
7.33 -1.11561 0.174744
7.335 -1.12351 0.175989
7.34 -1.13144 0.17724
7.345 -1.13942 0.178496
7.35 -1.14743 0.179759
7.355 -1.15548 0.181027
7.36 -1.16356 0.182302
7.365 -1.17169 0.183582
7.37 -1.17985 0.184869
7.375 -1.18805 0.186161
7.38 -1.19628 0.187459
7.385 -1.20455 0.188763
7.39 -1.21286 0.190073
7.395 -1.22121 0.191389
7.4 -1.2296 0.19271
7.405 -1.23802 0.194038
7.41 -1.24648 0.195372
7.415 -1.25498 0.196711
7.42 -1.26351 0.198057
7.425 -1.27208 0.199408
7.43 -1.28069 0.200765
7.435 -1.28934 0.202128
7.44 -1.29802 0.203497
7.445 -1.30674 0.204871
7.45 -1.3155 0.206252
7.455 -1.32429 0.207638
7.46 -1.33312 0.209031
7.465 -1.34199 0.210429
7.47 -1.35089 0.211833
7.475 -1.35983 0.213242
7.48 -1.36881 0.214658
7.485 -1.37783 0.216079
7.49 -1.38688 0.217506
7.495 -1.39596 0.218939
7.5 -1.40509 0.220378
7.505 -1.41425 0.221822
7.51 -1.42344 0.223273
7.515 -1.43268 0.224728
7.52 -1.44195 0.22619
7.525 -1.45125 0.227657
7.53 -1.46059 0.22913
7.535 -1.46997 0.230609
7.54 -1.47938 0.232093
7.545 -1.48883 0.233583
7.55 -1.49831 0.235079
7.555 -1.50783 0.23658
7.56 -1.51739 0.238087
7.565 -1.52698 0.239599
7.57 -1.5366 0.241117
7.575 -1.54626 0.24264
7.58 -1.55595 0.244169
7.585 -1.56568 0.245704
7.59 -1.57545 0.247244
7.595 -1.58525 0.248789
7.6 -1.59508 0.25034
7.605 -1.60495 0.251897
7.61 -1.61485 0.253459
7.615 -1.62479 0.255026
7.62 -1.63476 0.256598
7.625 -1.64476 0.258176
7.63 -1.6548 0.259759
7.635 -1.66487 0.261348
7.64 -1.67497 0.262942
7.645 -1.68511 0.264541
7.65 -1.69528 0.266145
7.655 -1.70548 0.267755
7.66 -1.71572 0.269369
7.665 -1.72599 0.270989
7.67 -1.73629 0.272614
7.675 -1.74662 0.274244
7.68 -1.75698 0.275879
7.685 -1.76738 0.27752
7.69 -1.77781 0.279165
7.695 -1.78827 0.280815
7.7 -1.79876 0.28247
7.705 -1.80928 0.28413
7.71 -1.81984 0.285795
7.715 -1.83042 0.287465
7.72 -1.84104 0.28914
7.725 -1.85168 0.290819
7.73 -1.86236 0.292504
7.735 -1.87306 0.294193
7.74 -1.8838 0.295886
7.745 -1.89456 0.297585
7.75 -1.90535 0.299288
7.755 -1.91618 0.300995
7.76 -1.92703 0.302708
7.765 -1.93791 0.304424
7.77 -1.94882 0.306146
7.775 -1.95975 0.307871
7.78 -1.97072 0.309601
7.785 -1.98171 0.311336
7.79 -1.99273 0.313075
7.795 -2.00377 0.314818
7.8 -2.01485 0.316565
7.805 -2.02594 0.318317
7.81 -2.03707 0.320072
7.815 -2.04822 0.321832
7.82 -2.0594 0.323596
7.825 -2.0706 0.325364
7.83 -2.08183 0.327136
7.835 -2.09309 0.328912
7.84 -2.10436 0.330692
7.845 -2.11567 0.332476
7.85 -2.12699 0.334264
7.855 -2.13834 0.336055
7.86 -2.14972 0.33785
7.865 -2.16111 0.339649
7.87 -2.17253 0.341452
7.875 -2.18398 0.343258
7.88 -2.19544 0.345067
7.885 -2.20693 0.34688
7.89 -2.21844 0.348697
7.895 -2.22997 0.350517
7.9 -2.24152 0.35234
7.905 -2.25309 0.354166
7.91 -2.26468 0.355996
7.915 -2.27629 0.357829
7.92 -2.28792 0.359665
7.925 -2.29957 0.361504
7.93 -2.31124 0.363346
7.935 -2.32293 0.365191
7.94 -2.33463 0.367039
7.945 -2.34636 0.36889
7.95 -2.3581 0.370743
7.955 -2.36986 0.3726
7.96 -2.38163 0.374459
7.965 -2.39342 0.37632
7.97 -2.40523 0.378184
7.975 -2.41705 0.380051
7.98 -2.42889 0.38192
7.985 -2.44074 0.383791
7.99 -2.45261 0.385665
7.995 -2.46449 0.38754
8 -2.47639 0.389419
8.005 -2.4883 0.391299
8.01 -2.50022 0.393181
8.015 -2.51215 0.395065
8.02 -2.52409 0.396951
8.025 -2.53605 0.398839
8.03 -2.54802 0.400728
8.035 -2.55999 0.40262
8.04 -2.57198 0.404513
8.045 -2.58398 0.406407
8.05 -2.59598 0.408303
8.055 -2.608 0.410201
8.06 -2.62002 0.412099
8.065 -2.63206 0.413999
8.07 -2.64409 0.4159
8.075 -2.65614 0.417803
8.08 -2.66819 0.419706
8.085 -2.68025 0.421611
8.09 -2.69232 0.423516
8.095 -2.70438 0.425422
8.1 -2.71646 0.427329
8.105 -2.72854 0.429236
8.11 -2.74062 0.431144
8.115 -2.7527 0.433053
8.12 -2.76479 0.434962
8.125 -2.77688 0.436871
8.13 -2.78897 0.438781
8.135 -2.80106 0.440691
8.14 -2.81315 0.442601
8.145 -2.82524 0.444511
8.15 -2.83733 0.446421
8.155 -2.84942 0.44833
8.16 -2.86151 0.45024
8.165 -2.87359 0.452149
8.17 -2.88568 0.454058
8.175 -2.89776 0.455966
8.18 -2.90983 0.457874
8.185 -2.92191 0.459781
8.19 -2.93397 0.461688
8.195 -2.94603 0.463593
8.2 -2.95809 0.465498
8.205 -2.97014 0.467401
8.21 -2.98218 0.469304
8.215 -2.99421 0.471205
8.22 -3.00624 0.473105
8.225 -3.01825 0.475003
8.23 -3.03026 0.4769
8.235 -3.04225 0.478796
8.24 -3.05424 0.48069
8.245 -3.06621 0.482582
8.25 -3.07817 0.484472
8.255 -3.09012 0.48636
8.26 -3.10206 0.488246
8.265 -3.11398 0.49013
8.27 -3.12589 0.492012
8.275 -3.13778 0.493891
8.28 -3.14966 0.495768
8.285 -3.16152 0.497643
8.29 -3.17336 0.499514
8.295 -3.18519 0.501383
8.3 -3.19699 0.50325
8.305 -3.20878 0.505113
8.31 -3.22055 0.506973
8.315 -3.2323 0.50883
8.32 -3.24402 0.510683
8.325 -3.25573 0.512534
8.33 -3.26741 0.51438
8.335 -3.27907 0.516223
8.34 -3.29071 0.518063
8.345 -3.30232 0.519899
8.35 -3.3139 0.52173
8.355 -3.32547 0.523558
8.36 -3.337 0.525382
8.365 -3.34851 0.527201
8.37 -3.35999 0.529016
8.375 -3.37144 0.530826
8.38 -3.38286 0.532632
8.385 -3.39425 0.534433
8.39 -3.40561 0.53623
8.395 -3.41694 0.538021
8.4 -3.42824 0.539808
8.405 -3.4395 0.541589
8.41 -3.45073 0.543365
8.415 -3.46193 0.545136
8.42 -3.47309 0.546901
8.425 -3.48421 0.54866
8.43 -3.4953 0.550414
8.435 -3.50635 0.552162
8.44 -3.51737 0.553904
8.445 -3.52834 0.55564
8.45 -3.53928 0.55737
8.455 -3.55017 0.559093
8.46 -3.56102 0.56081
8.465 -3.57184 0.56252
8.47 -3.5826 0.564224
8.475 -3.59333 0.565921
8.48 -3.60401 0.567611
8.485 -3.61465 0.569293
8.49 -3.62524 0.570969
8.495 -3.63578 0.572637
8.5 -3.64628 0.574298
8.505 -3.65672 0.575951
8.51 -3.66712 0.577597
8.515 -3.67747 0.579235
8.52 -3.68777 0.580865
8.525 -3.69802 0.582487
8.53 -3.70821 0.5841
8.535 -3.71835 0.585705
8.54 -3.72844 0.587302
8.545 -3.73848 0.58889
8.55 -3.74845 0.59047
8.555 -3.75837 0.592041
8.56 -3.76824 0.593602
8.565 -3.77804 0.595155
8.57 -3.78779 0.596698
8.575 -3.79748 0.598232
8.58 -3.80711 0.599757
8.585 -3.81667 0.601272
8.59 -3.82618 0.602777
8.595 -3.83562 0.604272
8.6 -3.84499 0.605757
8.605 -3.85431 0.607232
8.61 -3.86355 0.608697
8.615 -3.87273 0.610151
8.62 -3.88185 0.611594
8.625 -3.89089 0.613027
8.63 -3.89987 0.614449
8.635 -3.90877 0.615861
8.64 -3.91761 0.617261
8.645 -3.92637 0.618649
8.65 -3.93506 0.620027
8.655 -3.94368 0.621392
8.66 -3.95222 0.622747
8.665 -3.96069 0.624089
8.67 -3.96908 0.625419
8.675 -3.97739 0.626737
8.68 -3.98563 0.628043
8.685 -3.99379 0.629337
8.69 -4.00187 0.630618
8.695 -4.00987 0.631887
8.7 -4.01778 0.633142
8.705 -4.02562 0.634385
8.71 -4.03337 0.635615
8.715 -4.04104 0.636831
8.72 -4.04862 0.638034
8.725 -4.05612 0.639224
8.73 -4.06353 0.6404
8.735 -4.07085 0.641562
8.74 -4.07808 0.642711
8.745 -4.08523 0.643845
8.75 -4.09228 0.644965
8.755 -4.09924 0.64607
8.76 -4.10611 0.647161
8.765 -4.11289 0.648238
8.77 -4.11957 0.649299
8.775 -4.12616 0.650346
8.78 -4.13265 0.651378
8.785 -4.13905 0.652394
8.79 -4.14534 0.653395
8.795 -4.15154 0.654381
8.8 -4.15764 0.655351
8.805 -4.16364 0.656305
8.81 -4.16954 0.657243
8.815 -4.17533 0.658165
8.82 -4.18103 0.659071
8.825 -4.18661 0.65996
8.83 -4.1921 0.660833
8.835 -4.19747 0.661689
8.84 -4.20274 0.662528
8.845 -4.2079 0.663351
8.85 -4.21296 0.664156
8.855 -4.2179 0.664944
8.86 -4.22273 0.665715
8.865 -4.22745 0.666468
8.87 -4.23206 0.667203
8.875 -4.23656 0.667921
8.88 -4.24094 0.66862
8.885 -4.2452 0.669302
8.89 -4.24935 0.669965
8.895 -4.25339 0.670609
8.9 -4.2573 0.671235
8.905 -4.26109 0.671843
8.91 -4.26477 0.672431
8.915 -4.26832 0.673001
8.92 -4.27176 0.673551
8.925 -4.27507 0.674082
8.93 -4.27825 0.674593
8.935 -4.28132 0.675085
8.94 -4.28425 0.675558
8.945 -4.28706 0.67601
8.95 -4.28974 0.676442
8.955 -4.2923 0.676854
8.96 -4.29473 0.677246
8.965 -4.29702 0.677617
8.97 -4.29919 0.677968
8.975 -4.30122 0.678298
8.98 -4.30312 0.678607
8.985 -4.30488 0.678895
8.99 -4.30652 0.679162
8.995 -4.30801 0.679408
9 -4.30937 0.679632
9.005 -4.31059 0.679834
9.01 -4.31168 0.680015
9.015 -4.31262 0.680173
9.02 -4.31343 0.68031
9.025 -4.31409 0.680425
9.03 -4.31462 0.680517
9.035 -4.31499 0.680586
9.04 -4.31523 0.680633
9.045 -4.31532 0.680658
9.05 -4.31527 0.680659
9.055 -4.31507 0.680638
9.06 -4.31472 0.680593
9.065 -4.31423 0.680525
9.07 -4.31358 0.680433
9.075 -4.31279 0.680318
9.08 -4.31184 0.68018
9.085 -4.31075 0.680017
9.09 -4.3095 0.67983
9.095 -4.3081 0.679619
9.1 -4.30654 0.679384
9.105 -4.30483 0.679125
9.11 -4.30296 0.678841
9.115 -4.30094 0.678532
9.12 -4.29876 0.678198
9.125 -4.29642 0.67784
9.13 -4.29392 0.677456
9.135 -4.29126 0.677048
9.14 -4.28844 0.676614
9.145 -4.28546 0.676154
9.15 -4.28231 0.675669
9.155 -4.279 0.675158
9.16 -4.27553 0.674621
9.165 -4.27189 0.674058
9.17 -4.26809 0.673469
9.175 -4.26412 0.672854
9.18 -4.25999 0.672212
9.185 -4.25568 0.671544
9.19 -4.2512 0.67085
9.195 -4.24656 0.670128
9.2 -4.24175 0.66938
9.205 -4.23676 0.668604
9.21 -4.2316 0.667802
9.215 -4.22627 0.666972
9.22 -4.22076 0.666115
9.225 -4.21508 0.66523
9.23 -4.20923 0.664318
9.235 -4.20319 0.663378
9.24 -4.19699 0.66241
9.245 -4.1906 0.661414
9.25 -4.18403 0.660391
9.255 -4.17729 0.659338
9.26 -4.17037 0.658258
9.265 -4.16326 0.657149
9.27 -4.15598 0.656012
9.275 -4.14851 0.654845
9.28 -4.14086 0.653651
9.285 -4.13303 0.652427
9.29 -4.12501 0.651174
9.295 -4.11681 0.649892
9.3 -4.10842 0.648581
9.305 -4.09985 0.64724
9.31 -4.09109 0.645871
9.315 -4.08214 0.644471
9.32 -4.073 0.643042
9.325 -4.06368 0.641583
9.33 -4.05416 0.640095
9.335 -4.04446 0.638576
9.34 -4.03456 0.637027
9.345 -4.02448 0.635449
9.35 -4.0142 0.633839
9.355 -4.00373 0.6322
9.36 -3.99306 0.63053
9.365 -3.98221 0.62883
9.37 -3.97115 0.627099
9.375 -3.95991 0.625337
9.38 -3.94846 0.623544
9.385 -3.93682 0.621721
9.39 -3.92499 0.619866
9.395 -3.91296 0.617981
9.4 -3.90072 0.616064
9.405 -3.88829 0.614116
9.41 -3.87567 0.612137
9.415 -3.86284 0.610126
9.42 -3.84981 0.608084
9.425 -3.83658 0.60601
9.43 -3.82315 0.603904
9.435 -3.80952 0.601767
9.44 -3.79569 0.599598
9.445 -3.78166 0.597396
9.45 -3.76742 0.595163
9.455 -3.75298 0.592898
9.46 -3.73833 0.590601
9.465 -3.72348 0.588272
9.47 -3.70843 0.58591
9.475 -3.69317 0.583516
9.48 -3.6777 0.581089
9.485 -3.66203 0.57863
9.49 -3.64615 0.576139
9.495 -3.63007 0.573615
9.5 -3.61378 0.571058
9.505 -3.59728 0.568469
9.51 -3.58057 0.565847
9.515 -3.56366 0.563192
9.52 -3.54654 0.560504
9.525 -3.5292 0.557783
9.53 -3.51166 0.555029
9.535 -3.49391 0.552242
9.54 -3.47595 0.549422
9.545 -3.45778 0.546569
9.55 -3.43939 0.543683
9.555 -3.4208 0.540763
9.56 -3.402 0.53781
9.565 -3.38298 0.534824
9.57 -3.36376 0.531805
9.575 -3.34432 0.528752
9.58 -3.32467 0.525666
9.585 -3.3048 0.522546
9.59 -3.28473 0.519392
9.595 -3.26444 0.516206
9.6 -3.24394 0.512985
9.605 -3.22322 0.509731
9.61 -3.2023 0.506444
9.615 -3.18116 0.503123
9.62 -3.1598 0.499768
9.625 -3.13823 0.496379
9.63 -3.11645 0.492957
9.635 -3.09446 0.489501
9.64 -3.07225 0.486011
9.645 -3.04982 0.482487
9.65 -3.02719 0.47893
9.655 -3.00434 0.475339
9.66 -2.98127 0.471714
9.665 -2.95799 0.468056
9.67 -2.93449 0.464363
9.675 -2.91078 0.460637
9.68 -2.88686 0.456877
9.685 -2.86272 0.453083
9.69 -2.83837 0.449255
9.695 -2.8138 0.445394
9.7 -2.78902 0.441498
9.705 -2.76403 0.437569
9.71 -2.73882 0.433606
9.715 -2.71339 0.42961
9.72 -2.68776 0.425579
9.725 -2.66191 0.421515
9.73 -2.63584 0.417417
9.735 -2.60956 0.413285
9.74 -2.58307 0.40912
9.745 -2.55636 0.404921
9.75 -2.52944 0.400689
9.755 -2.50231 0.396422
9.76 -2.47496 0.392122
9.765 -2.44741 0.387789
9.77 -2.41964 0.383422
9.775 -2.39165 0.379022
9.78 -2.36346 0.374588
9.785 -2.33505 0.370121
9.79 -2.30643 0.36562
9.795 -2.2776 0.361086
9.8 -2.24856 0.356519
9.805 -2.21931 0.351918
9.81 -2.18985 0.347285
9.815 -2.16018 0.342618
9.82 -2.1303 0.337918
9.825 -2.1002 0.333185
9.83 -2.06991 0.328419
9.835 -2.0394 0.32362
9.84 -2.00868 0.318789
9.845 -1.97776 0.313924
9.85 -1.94662 0.309027
9.855 -1.91529 0.304097
9.86 -1.88374 0.299135
9.865 -1.85199 0.29414
9.87 -1.82003 0.289113
9.875 -1.78787 0.284053
9.88 -1.75551 0.278961
9.885 -1.72293 0.273837
9.89 -1.69016 0.26868
9.895 -1.65718 0.263492
9.9 -1.62401 0.258272
9.905 -1.59062 0.25302
9.91 -1.55704 0.247736
9.915 -1.52326 0.24242
9.92 -1.48928 0.237073
9.925 -1.45509 0.231694
9.93 -1.42071 0.226284
9.935 -1.38613 0.220843
9.94 -1.35136 0.215371
9.945 -1.31639 0.209867
9.95 -1.28122 0.204333
9.955 -1.24585 0.198768
9.96 -1.21029 0.193172
9.965 -1.17454 0.187545
9.97 -1.13859 0.181888
9.975 -1.10246 0.176201
9.98 -1.06613 0.170483
9.985 -1.02961 0.164735
9.99 -0.992896 0.158958
9.995 -0.955997 0.15315
10 -0.91891 0.147313
10.005 -0.881635 0.141446
10.01 -0.844174 0.13555
10.015 -0.806528 0.129624
10.02 -0.768696 0.123669
10.025 -0.730681 0.117686
10.03 -0.692484 0.111673
10.035 -0.654104 0.105632
10.04 -0.615544 0.0995618
10.045 -0.576803 0.0934635
10.05 -0.537884 0.0873369
10.055 -0.498787 0.0811822
10.06 -0.459513 0.0749996
10.065 -0.420064 0.0687893
10.07 -0.380439 0.0625513
10.075 -0.340641 0.0562859
10.08 -0.30067 0.0499932
10.085 -0.260528 0.0436734
10.09 -0.220215 0.0373267
10.095 -0.179734 0.0309533
10.1 -0.139084 0.0245533
10.105 -0.0982668 0.0181269
10.11 -0.0572842 0.0116744
10.115 -0.016137 0.00519579
10.12 0.0251736 -0.0013086
10.125 0.0666463 -0.00783862
10.13 0.10828 -0.0143941
10.135 0.150073 -0.0209747
10.14 0.192025 -0.0275805
10.145 0.234134 -0.034211
10.15 0.276398 -0.0408662
10.155 0.318817 -0.0475458
10.16 0.36139 -0.0542496
10.165 0.404114 -0.0609774
10.17 0.446988 -0.0677291
10.175 0.490012 -0.0745043
10.18 0.533183 -0.0813028
10.185 0.576501 -0.0881245
10.19 0.619964 -0.0949691
10.195 0.66357 -0.101836
10.2 0.707318 -0.108726
10.205 0.751207 -0.115638
10.21 0.795235 -0.122572
10.215 0.839401 -0.129528
10.22 0.883702 -0.136505
10.225 0.928138 -0.143504
10.23 0.972708 -0.150524
10.235 1.01741 -0.157564
10.24 1.06224 -0.164625
10.245 1.1072 -0.171706
10.25 1.15228 -0.178808
10.255 1.1975 -0.185929
10.26 1.24283 -0.19307
10.265 1.28829 -0.20023
10.27 1.33386 -0.207409
10.275 1.37956 -0.214607
10.28 1.42537 -0.221823
10.285 1.4713 -0.229058
10.29 1.51734 -0.236311
10.295 1.56349 -0.243581
10.3 1.60976 -0.250869
10.305 1.65613 -0.258174
10.31 1.7026 -0.265496
10.315 1.74919 -0.272834
10.32 1.79587 -0.280189
10.325 1.84266 -0.287559
10.33 1.88955 -0.294946
10.335 1.93653 -0.302348
10.34 1.98361 -0.309765
10.345 2.03078 -0.317197
10.35 2.07805 -0.324644
10.355 2.1254 -0.332105
10.36 2.17284 -0.33958
10.365 2.22037 -0.347068
10.37 2.26799 -0.35457
10.375 2.31568 -0.362085
10.38 2.36346 -0.369613
10.385 2.41131 -0.377153
10.39 2.45925 -0.384706
10.395 2.50725 -0.39227
10.4 2.55533 -0.399845
10.405 2.60348 -0.407432
10.41 2.65169 -0.41503
10.415 2.69998 -0.422638
10.42 2.74832 -0.430257
10.425 2.79673 -0.437885
10.43 2.8452 -0.445523
10.435 2.89373 -0.453171
10.44 2.94231 -0.460827
10.445 2.99095 -0.468491
10.45 3.03964 -0.476164
10.455 3.08838 -0.483845
10.46 3.13716 -0.491534
10.465 3.18599 -0.499229
10.47 3.23486 -0.506932
10.475 3.28378 -0.514641
10.48 3.33273 -0.522356
10.485 3.38172 -0.530077
10.49 3.43074 -0.537803
10.495 3.4798 -0.545534
10.5 3.52888 -0.553271
10.505 3.57799 -0.561011
10.51 3.62713 -0.568756
10.515 3.67628 -0.576504
10.52 3.72546 -0.584256
10.525 3.77466 -0.592011
10.53 3.82387 -0.599768
10.535 3.8731 -0.607527
10.54 3.92233 -0.615289
10.545 3.97158 -0.623051
10.55 4.02083 -0.630815
10.555 4.07009 -0.63858
10.56 4.11934 -0.646344
10.565 4.1686 -0.654109
10.57 4.21785 -0.661874
10.575 4.2671 -0.669637
10.58 4.31634 -0.6774
10.585 4.36556 -0.68516
10.59 4.41478 -0.692919
10.595 4.46398 -0.700676
10.6 4.51316 -0.70843
10.605 4.56232 -0.71618
10.61 4.61146 -0.723928
10.615 4.66057 -0.731671
10.62 4.70965 -0.73941
10.625 4.7587 -0.747144
10.63 4.80772 -0.754873
10.635 4.85671 -0.762597
10.64 4.90565 -0.770314
10.645 4.95456 -0.778026
10.65 5.00342 -0.78573
10.655 5.05224 -0.793428
10.66 5.101 -0.801118
10.665 5.14972 -0.8088
10.67 5.19838 -0.816474
10.675 5.24699 -0.824139
10.68 5.29554 -0.831794
10.685 5.34402 -0.839441
10.69 5.39245 -0.847077
10.695 5.4408 -0.854703
10.7 5.48909 -0.862318
10.705 5.5373 -0.869921
10.71 5.58544 -0.877513
10.715 5.6335 -0.885093
10.72 5.68148 -0.892661
10.725 5.72938 -0.900215
10.73 5.77719 -0.907757
10.735 5.82492 -0.915284
10.74 5.87255 -0.922797
10.745 5.92009 -0.930296
10.75 5.96753 -0.937779
10.755 6.01488 -0.945247
10.76 6.06212 -0.9527
10.765 6.10926 -0.960135
10.77 6.15629 -0.967554
10.775 6.20321 -0.974956
10.78 6.25002 -0.98234
10.785 6.29672 -0.989707
10.79 6.34329 -0.997054
10.795 6.38975 -1.00438
10.8 6.43608 -1.01169
10.805 6.48228 -1.01898
10.81 6.52836 -1.02625
10.815 6.5743 -1.0335
10.82 6.62011 -1.04073
10.825 6.66578 -1.04793
10.83 6.71131 -1.05512
10.835 6.7567 -1.06228
10.84 6.80194 -1.06942
10.845 6.84704 -1.07653
10.85 6.89198 -1.08362
10.855 6.93677 -1.09069
10.86 6.9814 -1.09773
10.865 7.02587 -1.10475
10.87 7.07018 -1.11174
10.875 7.11432 -1.11871
10.88 7.15829 -1.12565
10.885 7.2021 -1.13256
10.89 7.24573 -1.13945
10.895 7.28918 -1.14631
10.9 7.33246 -1.15314
10.905 7.37555 -1.15994
10.91 7.41845 -1.16671
10.915 7.46117 -1.17345
10.92 7.5037 -1.18017
10.925 7.54604 -1.18685
10.93 7.58817 -1.1935
10.935 7.63011 -1.20012
10.94 7.67185 -1.20671
10.945 7.71338 -1.21327
10.95 7.75471 -1.21979
10.955 7.79582 -1.22628
10.96 7.83672 -1.23274
10.965 7.87741 -1.23916
10.97 7.91788 -1.24555
10.975 7.95812 -1.25191
10.98 7.99814 -1.25823
10.985 8.03794 -1.26451
10.99 8.0775 -1.27076
10.995 8.11683 -1.27697
11 8.15593 -1.28314
11.005 8.19478 -1.28928
11.01 8.2334 -1.29538
11.015 8.27177 -1.30144
11.02 8.3099 -1.30746
11.025 8.34777 -1.31344
11.03 8.3854 -1.31938
11.035 8.42277 -1.32528
11.04 8.45988 -1.33115
11.045 8.49673 -1.33697
11.05 8.53332 -1.34275
11.055 8.56964 -1.34848
11.06 8.60569 -1.35418
11.065 8.64147 -1.35983
11.07 8.67698 -1.36544
11.075 8.71221 -1.37101
11.08 8.74716 -1.37653
11.085 8.78183 -1.38201
11.09 8.81621 -1.38744
11.095 8.85031 -1.39283
11.1 8.88412 -1.39817
11.105 8.91763 -1.40347
11.11 8.95085 -1.40872
11.115 8.98376 -1.41392
11.12 9.01638 -1.41908
11.125 9.0487 -1.42419
11.13 9.0807 -1.42925
11.135 9.1124 -1.43426
11.14 9.14379 -1.43922
11.145 9.17486 -1.44413
11.15 9.20562 -1.44899
11.155 9.23605 -1.45381
11.16 9.26617 -1.45857
11.165 9.29596 -1.46328
11.17 9.32542 -1.46794
11.175 9.35455 -1.47255
11.18 9.38335 -1.4771
11.185 9.41182 -1.4816
11.19 9.43994 -1.48605
11.195 9.46773 -1.49045
11.2 9.49518 -1.49479
11.205 9.52228 -1.49908
11.21 9.54903 -1.50331
11.215 9.57543 -1.50749
11.22 9.60149 -1.51161
11.225 9.62718 -1.51568
11.23 9.65252 -1.51969
11.235 9.6775 -1.52364
11.24 9.70212 -1.52754
11.245 9.72637 -1.53138
11.25 9.75025 -1.53516
11.255 9.77377 -1.53889
11.26 9.79691 -1.54255
11.265 9.81968 -1.54616
11.27 9.84208 -1.54971
11.275 9.86409 -1.55319
11.28 9.88573 -1.55662
11.285 9.90698 -1.55999
11.29 9.92784 -1.56329
11.295 9.94832 -1.56654
11.3 9.96841 -1.56972
11.305 9.9881 -1.57285
11.31 10.0074 -1.57591
11.315 10.0263 -1.57891
11.32 10.0448 -1.58184
11.325 10.0629 -1.58471
11.33 10.0806 -1.58752
11.335 10.0979 -1.59027
11.34 10.1148 -1.59295
11.345 10.1313 -1.59556
11.35 10.1473 -1.59812
11.355 10.163 -1.6006
11.36 10.1782 -1.60302
11.365 10.193 -1.60538
11.37 10.2074 -1.60767
11.375 10.2214 -1.60989
11.38 10.235 -1.61204
11.385 10.2481 -1.61413
11.39 10.2608 -1.61615
11.395 10.2731 -1.61811
11.4 10.2849 -1.61999
11.405 10.2963 -1.62181
11.41 10.3073 -1.62356
11.415 10.3178 -1.62524
11.42 10.3279 -1.62685
11.425 10.3376 -1.62839
11.43 10.3468 -1.62986
11.435 10.3555 -1.63127
11.44 10.3638 -1.6326
11.445 10.3717 -1.63386
11.45 10.3791 -1.63505
11.455 10.3861 -1.63617
11.46 10.3926 -1.63722
11.465 10.3987 -1.63819
11.47 10.4043 -1.6391
11.475 10.4094 -1.63993
11.48 10.4141 -1.64069
11.485 10.4183 -1.64138
11.49 10.4221 -1.64199
11.495 10.4254 -1.64253
11.5 10.4282 -1.643
11.505 10.4306 -1.6434
11.51 10.4325 -1.64372
11.515 10.4339 -1.64396
11.52 10.4349 -1.64414
11.525 10.4354 -1.64423
11.53 10.4354 -1.64426
11.535 10.4349 -1.64421
11.54 10.434 -1.64408
11.545 10.4326 -1.64388
11.55 10.4307 -1.6436
11.555 10.4283 -1.64325
11.56 10.4254 -1.64282
11.565 10.4221 -1.64231
11.57 10.4183 -1.64173
11.575 10.4139 -1.64107
11.58 10.4091 -1.64034
11.585 10.4039 -1.63953
11.59 10.3981 -1.63864
11.595 10.3918 -1.63768
11.6 10.3851 -1.63664
11.605 10.3778 -1.63552
11.61 10.3701 -1.63432
11.615 10.3619 -1.63304
11.62 10.3531 -1.63169
11.625 10.3439 -1.63026
11.63 10.3342 -1.62875
11.635 10.324 -1.62717
11.64 10.3133 -1.6255
11.645 10.3021 -1.62376
11.65 10.2904 -1.62194
11.655 10.2782 -1.62004
11.66 10.2655 -1.61806
11.665 10.2523 -1.616
11.67 10.2386 -1.61386
11.675 10.2243 -1.61164
11.68 10.2096 -1.60935
11.685 10.1944 -1.60697
11.69 10.1787 -1.60452
11.695 10.1625 -1.60198
11.7 10.1458 -1.59937
11.705 10.1285 -1.59668
11.71 10.1108 -1.59391
11.715 10.0925 -1.59105
11.72 10.0738 -1.58812
11.725 10.0545 -1.58511
11.73 10.0348 -1.58202
11.735 10.0145 -1.57885
11.74 9.99374 -1.5756
11.745 9.97245 -1.57226
11.75 9.95067 -1.56885
11.755 9.92837 -1.56536
11.76 9.90557 -1.56179
11.765 9.88226 -1.55814
11.77 9.85844 -1.55441
11.775 9.83411 -1.5506
11.78 9.80928 -1.54671
11.785 9.78394 -1.54274
11.79 9.75809 -1.53869
11.795 9.73174 -1.53456
11.8 9.70488 -1.53035
11.805 9.67751 -1.52605
11.81 9.64963 -1.52168
11.815 9.62125 -1.51723
11.82 9.59236 -1.5127
11.825 9.56297 -1.50809
11.83 9.53307 -1.50341
11.835 9.50267 -1.49864
11.84 9.47177 -1.49379
11.845 9.44035 -1.48886
11.85 9.40844 -1.48385
11.855 9.37602 -1.47877
11.86 9.3431 -1.4736
11.865 9.30968 -1.46836
11.87 9.27576 -1.46303
11.875 9.24134 -1.45763
11.88 9.20641 -1.45215
11.885 9.17099 -1.44659
11.89 9.13507 -1.44095
11.895 9.09865 -1.43523
11.9 9.06174 -1.42944
11.905 9.02433 -1.42356
11.91 8.98642 -1.41761
11.915 8.94802 -1.41158
11.92 8.90913 -1.40547
11.925 8.86974 -1.39929
11.93 8.82986 -1.39303
11.935 8.7895 -1.38669
11.94 8.74864 -1.38027
11.945 8.7073 -1.37378
11.95 8.66547 -1.36721
11.955 8.62315 -1.36056
11.96 8.58035 -1.35383
11.965 8.53707 -1.34703
11.97 8.4933 -1.34016
11.975 8.44905 -1.33321
11.98 8.40433 -1.32618
11.985 8.35913 -1.31908
11.99 8.31345 -1.3119
11.995 8.26729 -1.30465
12 8.22066 -1.29732
12.005 8.17356 -1.28992
12.01 8.12599 -1.28244
12.015 8.07796 -1.27489
12.02 8.02945 -1.26727
12.025 7.98048 -1.25957
12.03 7.93104 -1.2518
12.035 7.88114 -1.24396
12.04 7.83079 -1.23604
12.045 7.77997 -1.22805
12.05 7.7287 -1.21999
12.055 7.67697 -1.21186
12.06 7.62479 -1.20366
12.065 7.57215 -1.19538
12.07 7.51907 -1.18704
12.075 7.46554 -1.17862
12.08 7.41157 -1.17014
12.085 7.35715 -1.16158
12.09 7.3023 -1.15295
12.095 7.247 -1.14426
12.1 7.19127 -1.1355
12.105 7.1351 -1.12666
12.11 7.0785 -1.11776
12.115 7.02147 -1.10879
12.12 6.96401 -1.09976
12.125 6.90613 -1.09065
12.13 6.84782 -1.08148
12.135 6.78909 -1.07225
12.14 6.72995 -1.06295
12.145 6.67039 -1.05358
12.15 6.61041 -1.04414
12.155 6.55003 -1.03465
12.16 6.48923 -1.02508
12.165 6.42803 -1.01546
12.17 6.36643 -1.00577
12.175 6.30443 -0.996013
12.18 6.24203 -0.986196
12.185 6.17923 -0.976318
12.19 6.11605 -0.966377
12.195 6.05247 -0.956375
12.2 5.98851 -0.946312
12.205 5.92416 -0.936188
12.21 5.85943 -0.926004
12.215 5.79432 -0.915761
12.22 5.72884 -0.905458
12.225 5.66299 -0.895096
12.23 5.59677 -0.884677
12.235 5.53018 -0.874199
12.24 5.46322 -0.863664
12.245 5.39591 -0.853072
12.25 5.32824 -0.842424
12.255 5.26022 -0.83172
12.26 5.19185 -0.82096
12.265 5.12313 -0.810146
12.27 5.05406 -0.799277
12.275 4.98466 -0.788355
12.28 4.91492 -0.777379
12.285 4.84484 -0.76635
12.29 4.77443 -0.755269
12.295 4.7037 -0.744137
12.3 4.63264 -0.732953
12.305 4.56126 -0.721718
12.31 4.48957 -0.710434
12.315 4.41756 -0.6991
12.32 4.34524 -0.687717
12.325 4.27261 -0.676285
12.33 4.19969 -0.664806
12.335 4.12646 -0.653279
12.34 4.05294 -0.641706
12.345 3.97912 -0.630087
12.35 3.90502 -0.618422
12.355 3.83063 -0.606712
12.36 3.75597 -0.594958
12.365 3.68102 -0.58316
12.37 3.60581 -0.571318
12.375 3.53032 -0.559435
12.38 3.45457 -0.547509
12.385 3.37856 -0.535542
12.39 3.30229 -0.523534
12.395 3.22577 -0.511486
12.4 3.149 -0.499399
12.405 3.07198 -0.487273
12.41 2.99472 -0.475109
12.415 2.91722 -0.462907
12.42 2.8395 -0.450668
12.425 2.76154 -0.438393
12.43 2.68336 -0.426082
12.435 2.60495 -0.413737
12.44 2.52633 -0.401357
12.445 2.4475 -0.388944
12.45 2.36846 -0.376497
12.455 2.28921 -0.364018
12.46 2.20977 -0.351508
12.465 2.13013 -0.338967
12.47 2.0503 -0.326395
12.475 1.97029 -0.313794
12.48 1.89009 -0.301164
12.485 1.80971 -0.288506
12.49 1.72916 -0.27582
12.495 1.64844 -0.263107
12.5 1.56756 -0.250369
12.505 1.48652 -0.237605
12.51 1.40532 -0.224816
12.515 1.32397 -0.212003
12.52 1.24247 -0.199167
12.525 1.16083 -0.186309
12.53 1.07906 -0.173429
12.535 0.997151 -0.160527
12.54 0.915116 -0.147605
12.545 0.832957 -0.134664
12.55 0.75068 -0.121704
12.555 0.668289 -0.108726
12.56 0.585788 -0.0957299
12.565 0.503183 -0.0827174
12.57 0.420478 -0.0696891
12.575 0.337678 -0.0566456
12.58 0.254788 -0.0435877
12.585 0.171812 -0.0305161
12.59 0.0887562 -0.0174316
12.595 0.00562419 -0.00433501
12.6 -0.0775788 0.00877298
12.605 -0.160848 0.0218916
12.61 -0.244178 0.03502
12.615 -0.327565 0.0481575
12.62 -0.411003 0.0613034
12.625 -0.494487 0.0744567
12.63 -0.578013 0.0876168
12.635 -0.661576 0.100783
12.64 -0.74517 0.113954
12.645 -0.828791 0.12713
12.65 -0.912434 0.140309
12.655 -0.996093 0.153491
12.66 -1.07976 0.166675
12.665 -1.16344 0.179861
12.67 -1.24712 0.193046
12.675 -1.3308 0.206232
12.68 -1.41446 0.219416
12.685 -1.49812 0.232598
12.69 -1.58175 0.245778
12.695 -1.66536 0.258954
12.7 -1.74894 0.272126
12.705 -1.83249 0.285292
12.71 -1.916 0.298453
12.715 -1.99946 0.311607
12.72 -2.08288 0.324753
12.725 -2.16624 0.337891
12.73 -2.24954 0.351019
12.735 -2.33278 0.364138
12.74 -2.41594 0.377245
12.745 -2.49903 0.390341
12.75 -2.58204 0.403425
12.755 -2.66496 0.416495
12.76 -2.7478 0.429551
12.765 -2.83053 0.442593
12.77 -2.91317 0.455618
12.775 -2.9957 0.468627
12.78 -3.07811 0.481618
12.785 -3.16041 0.494591
12.79 -3.24259 0.507545
12.795 -3.32464 0.52048
12.8 -3.40656 0.533393
12.805 -3.48834 0.546285
12.81 -3.56997 0.559155
12.815 -3.65146 0.572001
12.82 -3.7328 0.584824
12.825 -3.81397 0.597621
12.83 -3.89498 0.610393
12.835 -3.97582 0.623138
12.84 -4.05649 0.635856
12.845 -4.13697 0.648546
12.85 -4.21728 0.661207
12.855 -4.29739 0.673838
12.86 -4.3773 0.686439
12.865 -4.45702 0.699008
12.87 -4.53652 0.711544
12.875 -4.61582 0.724048
12.88 -4.6949 0.736517
12.885 -4.77375 0.748952
12.89 -4.85238 0.761351
12.895 -4.93078 0.773714
12.9 -5.00894 0.78604
12.905 -5.08686 0.798327
12.91 -5.16453 0.810576
12.915 -5.24194 0.822784
12.92 -5.3191 0.834953
12.925 -5.39599 0.84708
12.93 -5.47262 0.859164
12.935 -5.54897 0.871206
12.94 -5.62504 0.883204
12.945 -5.70082 0.895157
12.95 -5.77632 0.907065
12.955 -5.85152 0.918926
12.96 -5.92642 0.930741
12.965 -6.00102 0.942508
12.97 -6.0753 0.954225
12.975 -6.14927 0.965894
12.98 -6.22292 0.977512
12.985 -6.29625 0.989079
12.99 -6.36924 1.00059
12.995 -6.4419 1.01206
13 -6.51422 1.02347
13.005 -6.58619 1.03482
13.01 -6.65781 1.04612
13.015 -6.72907 1.05736
13.02 -6.79997 1.06855
13.025 -6.87051 1.07968
13.03 -6.94068 1.09075
13.035 -7.01047 1.10176
13.04 -7.07988 1.11271
13.045 -7.1489 1.12361
13.05 -7.21753 1.13444
13.055 -7.28577 1.1452
13.06 -7.35361 1.15591
13.065 -7.42104 1.16655
13.07 -7.48806 1.17713
13.075 -7.55466 1.18764
13.08 -7.62085 1.19808
13.085 -7.68661 1.20846
13.09 -7.75194 1.21877
13.095 -7.81684 1.22902
13.1 -7.8813 1.23919
13.105 -7.94531 1.2493
13.11 -8.00887 1.25933
13.115 -8.07199 1.26929
13.12 -8.13464 1.27918
13.125 -8.19683 1.289
13.13 -8.25856 1.29875
13.135 -8.31981 1.30842
13.14 -8.38059 1.31801
13.145 -8.44088 1.32753
13.15 -8.50069 1.33698
13.155 -8.56001 1.34634
13.16 -8.61884 1.35563
13.165 -8.67717 1.36484
13.17 -8.73499 1.37397
13.175 -8.79231 1.38302
13.18 -8.84911 1.39199
13.185 -8.9054 1.40088
13.19 -8.96116 1.40969
13.195 -9.01641 1.41842
13.2 -9.07112 1.42706
13.205 -9.1253 1.43562
13.21 -9.17894 1.44409
13.215 -9.23204 1.45248
13.22 -9.28459 1.46078
13.225 -9.33659 1.469
13.23 -9.38804 1.47713
13.235 -9.43893 1.48517
13.24 -9.48926 1.49312
13.245 -9.53902 1.50098
13.25 -9.58821 1.50876
13.255 -9.63683 1.51644
13.26 -9.68486 1.52403
13.265 -9.73232 1.53153
13.27 -9.77919 1.53894
13.275 -9.82547 1.54625
13.28 -9.87115 1.55348
13.285 -9.91624 1.5606
13.29 -9.96073 1.56764
13.295 -10.0046 1.57458
13.3 -10.0479 1.58142
13.305 -10.0905 1.58816
13.31 -10.1326 1.59481
13.315 -10.174 1.60137
13.32 -10.2148 1.60782
13.325 -10.255 1.61417
13.33 -10.2945 1.62043
13.335 -10.3335 1.62659
13.34 -10.3717 1.63264
13.345 -10.4094 1.6386
13.35 -10.4464 1.64445
13.355 -10.4827 1.65021
13.36 -10.5184 1.65586
13.365 -10.5535 1.6614
13.37 -10.5879 1.66685
13.375 -10.6216 1.67219
13.38 -10.6547 1.67743
13.385 -10.6871 1.68256
13.39 -10.7188 1.68758
13.395 -10.7499 1.6925
13.4 -10.7802 1.69732
13.405 -10.81 1.70203
13.41 -10.839 1.70663
13.415 -10.8674 1.71112
13.42 -10.895 1.71551
13.425 -10.922 1.71979
13.43 -10.9483 1.72396
13.435 -10.9739 1.72802
13.44 -10.9988 1.73197
13.445 -11.023 1.73581
13.45 -11.0465 1.73954
13.455 -11.0693 1.74316
13.46 -11.0914 1.74667
13.465 -11.1128 1.75007
13.47 -11.1335 1.75335
13.475 -11.1534 1.75652
13.48 -11.1727 1.75958
13.485 -11.1912 1.76253
13.49 -11.209 1.76537
13.495 -11.2261 1.76809
13.5 -11.2425 1.7707
13.505 -11.2581 1.77319
13.51 -11.273 1.77557
13.515 -11.2872 1.77783
13.52 -11.3007 1.77998
