0 -0 -0
0.08 -4.39487e-07 5.91187e-11
0.16 -1.04986e-05 4.53154e-09
0.12 -3.19969e-06 9.15043e-10
0.1 -1.33731e-06 2.79948e-10
0.12 -3.32137e-06 1.00325e-09
0.14 -7.16617e-06 2.95483e-09
0.16 -1.39458e-05 7.53224e-09
0.18 -2.50802e-05 1.71897e-08
0.2 -4.23797e-05 3.5946e-08
0.22 -6.80879e-05 7.00311e-08
0.24 -0.000104922 1.28685e-07
0.26 -0.000156112 2.25121e-07
0.28 -0.000225435 3.77671e-07
0.3 -0.000317249 6.11115e-07
0.32 -0.000436526 9.5821e-07
0.34 -0.000588874 1.46143e-06
0.36 -0.000780565 2.1749e-06
0.38 -0.00101856 3.1666e-06
0.4 -0.0013105 4.5207e-06
0.42 -0.00166477 6.34023e-06
0.44 -0.00209046 8.74985e-06
0.46 -0.00259739 1.1899e-05
0.48 -0.00319612 1.5965e-05
0.5 -0.00389794 2.11567e-05
0.52 -0.00471486 2.77183e-05
0.54 -0.00565959 3.59327e-05
0.56 -0.00674557 4.61263e-05
0.58 -0.00798689 5.86725e-05
0.6 -0.00939832 7.39968e-05
0.62 -0.0109952 9.25807e-05
0.64 -0.0127936 0.000114967
0.66 -0.0148101 0.000141764
0.68 -0.0170616 0.00017365
0.7 -0.0195658 0.00021138
0.72 -0.0223406 0.000255788
0.74 -0.0254045 0.000307794
0.76 -0.028776 0.000368409
0.78 -0.0324742 0.000438736
0.8 -0.0365182 0.000519983
0.82 -0.0409272 0.000613456
0.84 -0.0457207 0.000720575
0.86 -0.0509179 0.000842872
0.88 -0.0565382 0.000981993
0.9 -0.0626007 0.00113971
0.92 -0.0691242 0.00131792
0.94 -0.0761272 0.00151863
0.96 -0.0836279 0.00174401
0.98 -0.0916439 0.00199635
1 -0.100192 0.00227805
1.02 -0.109289 0.00259168
1.04 -0.118951 0.00293993
1.06 -0.129191 0.00332564
1.08 -0.140025 0.00375177
1.1 -0.151464 0.00422144
1.12 -0.163521 0.0047379
1.14 -0.176205 0.0053045
1.16 -0.189526 0.00592478
1.18 -0.203492 0.00660236
1.2 -0.218108 0.007341
1.22 -0.23338 0.00814458
1.24 -0.249311 0.0090171
1.26 -0.265901 0.00996264
1.28 -0.283151 0.0109854
1.3 -0.301057 0.0120897
1.32 -0.319615 0.0132799
1.34 -0.33882 0.0145603
1.36 -0.358662 0.0159356
1.38 -0.37913 0.0174102
1.4 -0.400212 0.0189888
1.42 -0.421893 0.0206759
1.44 -0.444154 0.0224762
1.46 -0.466977 0.0243942
1.48 -0.490339 0.0264345
1.5 -0.514216 0.0286017
1.52 -0.538579 0.0309002
1.54 -0.563401 0.0333344
1.56 -0.588648 0.0359087
1.58 -0.614286 0.0386272
1.6 -0.640279 0.041494
1.62 -0.666587 0.0445129
1.64 -0.693169 0.0476877
1.66 -0.719979 0.0510218
1.68 -0.746973 0.0545186
1.7 -0.774099 0.0581811
1.72 -0.801309 0.062012
1.74 -0.828547 0.0660138
1.76 -0.85576 0.0701886
1.78 -0.882888 0.0745383
1.8 -0.909872 0.0790643
1.82 -0.936652 0.0837675
1.84 -0.963163 0.0886487
1.86 -0.989341 0.093708
1.88 -1.01512 0.0989451
1.9 -1.04043 0.104359
1.92 -1.0652 0.109949
1.94 -1.08936 0.115713
1.96 -1.11285 0.121648
1.98 -1.13558 0.127752
2 -1.15748 0.134022
2.02 -1.17848 0.140452
2.04 -1.19851 0.147038
2.06 -1.21749 0.153775
2.08 -1.23535 0.160657
2.1 -1.252 0.167677
2.12 -1.26738 0.174827
2.14 -1.28142 0.182099
2.16 -1.29403 0.189485
2.18 -1.30515 0.196975
2.2 -1.3147 0.204559
2.22 -1.32262 0.212225
2.24 -1.32884 0.219962
2.26 -1.33328 0.227758
2.28 -1.33589 0.235599
2.3 -1.33661 0.243471
2.32 -1.33536 0.25136
2.34 -1.3321 0.259251
2.36 -1.32676 0.267128
2.38 -1.3193 0.274973
2.4 -1.30967 0.28277
2.42 -1.29781 0.290501
2.44 -1.2837 0.298147
2.46 -1.26729 0.305689
2.48 -1.24854 0.313108
2.5 -1.22742 0.320383
2.52 -1.20392 0.327494
2.54 -1.178 0.33442
2.56 -1.14966 0.341139
2.58 -1.11887 0.347628
2.6 -1.08563 0.353867
2.62 -1.04994 0.359833
2.64 -1.0118 0.365502
2.66 -0.971213 0.370852
2.68 -0.928202 0.37586
2.7 -0.882781 0.380503
2.72 -0.834975 0.384757
2.74 -0.784813 0.3886
2.76 -0.732331 0.392008
2.78 -0.677568 0.394959
2.8 -0.620573 0.397431
2.82 -0.561397 0.3994
2.84 -0.500097 0.400845
2.86 -0.436738 0.401745
2.88 -0.371389 0.402078
2.9 -0.304123 0.401825
2.92 -0.235021 0.400964
2.94 -0.164168 0.399478
2.96 -0.0916547 0.397347
2.98 -0.0175762 0.394555
3 0.0579669 0.391085
3.02 0.134869 0.38692
3.04 0.213021 0.382047
3.06 0.292307 0.376452
3.08 0.37261 0.370123
3.1 0.453806 0.363048
3.12 0.53577 0.355218
3.14 0.61837 0.346624
3.16 0.701473 0.337259
3.18 0.784944 0.327118
3.2 0.868642 0.316196
3.22 0.952426 0.304491
3.24 1.03615 0.292002
3.26 1.11967 0.27873
3.28 1.20284 0.264676
3.3 1.28551 0.249844
3.32 1.36753 0.234242
3.34 1.44875 0.217875
3.36 1.52902 0.200753
3.38 1.60818 0.182888
3.4 1.6861 0.164292
3.42 1.76261 0.14498
3.44 1.83757 0.124968
3.46 1.91083 0.104275
3.48 1.98225 0.0829211
3.5 2.05168 0.0609278
3.52 2.11899 0.0383191
3.54 2.18403 0.0151206
3.56 2.24666 -0.00864061
3.58 2.30677 -0.0329354
3.6 2.36422 -0.0577331
3.62 2.41888 -0.0830014
3.64 2.47064 -0.108706
3.66 2.51937 -0.134812
3.68 2.56498 -0.161283
3.7 2.60735 -0.188078
3.72 2.64639 -0.21516
3.74 2.682 -0.242486
3.76 2.71408 -0.270015
3.78 2.74257 -0.297702
3.8 2.76738 -0.325503
3.82 2.78844 -0.353372
3.84 2.80569 -0.381262
3.86 2.81907 -0.409126
3.88 2.82854 -0.436916
3.9 2.83404 -0.464581
3.92 2.83554 -0.492074
3.94 2.83301 -0.519343
3.96 2.82644 -0.546338
3.98 2.8158 -0.573009
4 2.80109 -0.599304
4.02 2.78231 -0.625173
4.04 2.75946 -0.650564
4.06 2.73256 -0.675426
4.08 2.70164 -0.69971
4.1 2.66671 -0.723364
4.12 2.62781 -0.746339
4.14 2.58499 -0.768585
4.16 2.5383 -0.790055
4.18 2.4878 -0.8107
4.2 2.43354 -0.830473
4.22 2.37559 -0.84933
4.24 2.31404 -0.867223
4.26 2.24896 -0.884112
4.28 2.18044 -0.899952
4.3 2.10859 -0.914704
4.32 2.03349 -0.928328
4.34 1.95525 -0.940786
4.36 1.87399 -0.952042
4.38 1.78982 -0.962063
4.4 1.70287 -0.970816
4.42 1.61325 -0.97827
4.44 1.52111 -0.984397
4.46 1.42657 -0.989172
4.48 1.32977 -0.99257
4.5 1.23087 -0.994569
4.52 1.13 -0.995151
4.54 1.02731 -0.994297
4.56 0.922964 -0.991995
4.58 0.817112 -0.988231
4.6 0.709914 -0.982996
4.62 0.601531 -0.976284
4.64 0.492125 -0.968091
4.66 0.381862 -0.958414
4.68 0.270907 -0.947255
4.7 0.159428 -0.934618
4.72 0.0475938 -0.920509
4.74 -0.0644274 -0.904937
4.76 -0.176466 -0.887915
4.78 -0.288353 -0.869457
4.8 -0.399918 -0.84958
4.82 -0.510992 -0.828305
4.84 -0.621408 -0.805654
4.86 -0.730997 -0.781652
4.88 -0.839594 -0.756327
4.9 -0.947033 -0.72971
4.92 -1.05315 -0.701833
4.94 -1.15779 -0.672732
4.96 -1.26078 -0.642445
4.98 -1.36198 -0.611012
5 -1.46122 -0.578475
5.02 -1.55836 -0.544879
5.04 -1.65325 -0.510271
5.06 -1.74573 -0.474699
5.08 -1.83568 -0.438214
5.1 -1.92295 -0.400869
5.12 -2.00741 -0.362719
5.14 -2.08892 -0.323819
5.16 -2.16737 -0.284228
5.18 -2.24263 -0.244005
5.2 -2.31457 -0.20321
5.22 -2.3831 -0.161906
5.24 -2.4481 -0.120157
5.26 -2.50948 -0.078025
5.28 -2.56713 -0.0355772
5.3 -2.62096 0.00712063
5.32 -2.67088 0.0500016
5.34 -2.71683 0.092998
5.36 -2.75872 0.136042
5.38 -2.79648 0.179064
5.4 -2.83005 0.221997
5.42 -2.85938 0.264771
5.44 -2.88441 0.307317
5.46 -2.9051 0.349565
5.48 -2.92142 0.391449
5.5 -2.93333 0.432898
5.52 -2.94081 0.473845
5.54 -2.94384 0.514222
5.56 -2.94241 0.553964
5.58 -2.93651 0.593003
5.6 -2.92615 0.631275
5.62 -2.91134 0.668715
5.64 -2.89209 0.705261
5.66 -2.86842 0.740851
5.68 -2.84036 0.775425
5.7 -2.80796 0.808923
5.72 -2.77124 0.841289
5.74 -2.73026 0.872467
5.76 -2.68508 0.902402
5.78 -2.63576 0.931042
5.8 -2.58236 0.958338
5.82 -2.52495 0.984242
5.84 -2.46363 1.00871
5.86 -2.39848 1.03169
5.88 -2.32959 1.05315
5.9 -2.25706 1.07304
5.92 -2.18099 1.09133
5.94 -2.1015 1.10799
5.96 -2.0187 1.12298
5.98 -1.93271 1.13628
6 -1.84367 1.14786
6.02 -1.75169 1.15769
6.04 -1.65692 1.16575
6.06 -1.5595 1.17202
6.08 -1.45957 1.1765
6.1 -1.35729 1.17916
6.12 -1.25281 1.18
6.14 -1.14628 1.17901
6.16 -1.03787 1.17619
6.18 -0.927737 1.17153
6.2 -0.816058 1.16505
6.22 -0.702999 1.15673
6.24 -0.588733 1.1466
6.26 -0.473437 1.13466
6.28 -0.357287 1.12092
6.3 -0.240464 1.10541
6.32 -0.123149 1.08814
6.34 -0.0055236 1.06914
6.36 0.112228 1.04843
6.38 0.229923 1.02605
6.4 0.347376 1.00201
6.42 0.464402 0.976365
6.44 0.580817 0.94914
6.46 0.696438 0.920378
6.48 0.81108 0.890121
6.5 0.924562 0.858414
6.52 1.0367 0.825304
6.54 1.14732 0.79084
6.56 1.25624 0.755075
6.58 1.36329 0.718063
6.6 1.4683 0.67986
6.62 1.57108 0.640525
6.64 1.67149 0.600118
6.66 1.76935 0.558701
6.68 1.8645 0.516339
6.7 1.95679 0.473098
6.72 2.04607 0.429045
6.74 2.13219 0.38425
6.76 2.215 0.338782
6.78 2.29437 0.292714
6.8 2.37017 0.246119
6.82 2.44227 0.19907
6.84 2.51054 0.151642
6.86 2.57487 0.103911
6.88 2.63516 0.0559541
6.9 2.69129 0.00784762
6.92 2.74317 -0.0403309
6.94 2.79071 -0.0885036
6.96 2.83383 -0.136593
6.98 2.87244 -0.18452
7 2.90648 -0.232207
7.02 2.93589 -0.279577
7.04 2.96062 -0.326552
7.06 2.9806 -0.373054
7.08 2.99581 -0.419009
7.1 3.00621 -0.464339
7.12 3.01177 -0.50897
7.14 3.01248 -0.552828
7.16 3.00834 -0.59584
7.18 2.99933 -0.637935
7.2 2.98546 -0.679042
7.22 2.96676 -0.719093
7.24 2.94324 -0.75802
7.26 2.91493 -0.795757
7.28 2.88187 -0.832242
7.3 2.84411 -0.867411
7.32 2.8017 -0.901205
7.34 2.75471 -0.933567
7.36 2.70319 -0.964441
7.38 2.64724 -0.993774
7.4 2.58693 -1.02152
7.42 2.52236 -1.04762
7.44 2.45363 -1.07203
7.46 2.38083 -1.09472
7.48 2.3041 -1.11564
7.5 2.22353 -1.13475
7.52 2.13927 -1.15202
7.54 2.05144 -1.16742
7.56 1.96019 -1.18092
7.58 1.86565 -1.1925
7.6 1.76799 -1.20213
7.62 1.66734 -1.20979
7.64 1.56389 -1.21547
7.66 1.45779 -1.21916
7.68 1.34922 -1.22084
7.7 1.23834 -1.22051
7.72 1.12535 -1.21817
7.74 1.01042 -1.21382
7.76 0.893748 -1.20747
7.78 0.775516 -1.19911
7.8 0.655921 -1.18877
7.82 0.535159 -1.17646
7.84 0.41343 -1.16218
7.86 0.290934 -1.14598
7.88 0.167873 -1.12786
7.9 0.0444508 -1.10786
7.92 -0.0791268 -1.08601
7.94 -0.202655 -1.06233
7.96 -0.325927 -1.03688
7.98 -0.448739 -1.00969
8 -0.570884 -0.980794
8.02 -0.692157 -0.950249
8.04 -0.812356 -0.9181
8.06 -0.931278 -0.8844
8.08 -1.04872 -0.849201
8.1 -1.16449 -0.812563
8.12 -1.27839 -0.774543
8.14 -1.39022 -0.735205
8.16 -1.4998 -0.694612
8.18 -1.60694 -0.652831
8.2 -1.71145 -0.60993
8.22 -1.81316 -0.565981
8.24 -1.9119 -0.521056
8.26 -2.00749 -0.475229
8.28 -2.09977 -0.428576
8.3 -2.18857 -0.381175
8.32 -2.27376 -0.333104
8.34 -2.35518 -0.284445
8.36 -2.43268 -0.235278
8.38 -2.50614 -0.185686
8.4 -2.57542 -0.135751
8.42 -2.6404 -0.0855587
8.44 -2.70098 -0.0351925
8.46 -2.75703 0.0152623
8.48 -2.80846 0.0657205
8.5 -2.85518 0.116097
8.52 -2.89711 0.166306
8.54 -2.93417 0.216262
8.56 -2.96628 0.265881
8.58 -2.9934 0.315077
8.6 -3.01547 0.363768
8.62 -3.03244 0.411869
8.64 -3.04429 0.459299
8.66 -3.05098 0.505977
8.68 -3.05251 0.551821
8.7 -3.04885 0.596753
8.72 -3.04002 0.640697
8.74 -3.02602 0.683575
8.76 -3.00688 0.725314
8.78 -2.98261 0.765842
8.8 -2.95326 0.805088
8.82 -2.91887 0.842984
8.84 -2.87949 0.879464
8.86 -2.8352 0.914465
8.88 -2.78604 0.947925
8.9 -2.73212 0.979785
8.92 -2.6735 1.00999
8.94 -2.6103 1.03849
8.96 -2.54261 1.06522
8.98 -2.47055 1.09015
9 -2.39423 1.11323
9.02 -2.31379 1.13442
9.04 -2.22934 1.15367
9.06 -2.14105 1.17096
9.08 -2.04905 1.18626
9.1 -1.9535 1.19953
9.12 -1.85455 1.21075
9.14 -1.75239 1.2199
9.16 -1.64717 1.22696
9.18 -1.53908 1.23192
9.2 -1.4283 1.23477
9.22 -1.31502 1.2355
9.24 -1.19943 1.2341
9.26 -1.08173 1.23058
9.28 -0.962123 1.22495
9.3 -0.840806 1.21721
9.32 -0.717992 1.20737
9.34 -0.59389 1.19544
9.36 -0.468713 1.18145
9.38 -0.342677 1.16542
9.4 -0.215997 1.14738
9.42 -0.0888939 1.12734
9.44 0.0384147 1.10536
9.46 0.165709 1.08146
9.48 0.292768 1.05568
9.5 0.419372 1.02807
9.52 0.545301 0.998665
9.54 0.670338 0.967526
9.56 0.794265 0.934702
9.58 0.916866 0.900248
9.6 1.03793 0.864222
9.62 1.15724 0.826686
9.64 1.27459 0.787703
9.66 1.38978 0.747341
9.68 1.5026 0.705668
9.7 1.61286 0.662755
9.72 1.72037 0.618677
9.74 1.82493 0.573508
9.76 1.92636 0.527328
9.78 2.02448 0.480214
9.8 2.11912 0.432249
9.82 2.21011 0.383515
9.84 2.29729 0.334097
9.86 2.38051 0.284079
9.88 2.45962 0.23355
9.9 2.53448 0.182596
9.92 2.60495 0.131306
9.94 2.6709 0.0797699
9.96 2.73223 0.0280763
9.98 2.78882 -0.0236842
10 2.84056 -0.0754213
10.02 2.88737 -0.127045
10.04 2.92916 -0.178464
10.06 2.96585 -0.22959
10.08 2.99737 -0.280331
10.1 3.02367 -0.330601
10.12 3.0447 -0.38031
10.14 3.06041 -0.42937
10.16 3.07078 -0.477697
10.18 3.07579 -0.525203
10.2 3.07541 -0.571807
10.22 3.06966 -0.617425
10.24 3.05853 -0.661978
10.26 3.04204 -0.705385
10.28 3.02022 -0.747572
10.3 2.9931 -0.788461
10.32 2.96072 -0.827982
10.34 2.92315 -0.866064
10.36 2.88044 -0.902639
10.38 2.83266 -0.937642
10.4 2.7799 -0.97101
10.42 2.72224 -1.00268
10.44 2.65979 -1.03261
10.46 2.59264 -1.06073
10.48 2.52092 -1.08699
10.5 2.44475 -1.11135
10.52 2.36426 -1.13377
10.54 2.27959 -1.1542
10.56 2.19088 -1.1726
10.58 2.09829 -1.18895
10.6 2.00199 -1.20321
10.62 1.90213 -1.21535
10.64 1.79889 -1.22536
10.66 1.69246 -1.23321
10.68 1.58301 -1.2389
10.7 1.47074 -1.2424
10.72 1.35585 -1.24371
10.74 1.23854 -1.24283
10.76 1.119 -1.23975
10.78 0.997464 -1.23449
10.8 0.874131 -1.22705
10.82 0.749221 -1.21744
10.84 0.622954 -1.20568
10.86 0.495552 -1.19178
10.88 0.367241 -1.17578
10.9 0.238246 -1.15769
10.92 0.108796 -1.13755
10.94 -0.0208806 -1.1154
10.96 -0.150555 -1.09126
10.98 -0.279996 -1.06519
11 -0.408976 -1.03723
11.02 -0.537265 -1.00743
11.04 -0.664636 -0.975828
11.06 -0.790863 -0.942496
11.08 -0.915721 -0.907485
11.1 -1.03899 -0.870857
11.12 -1.16045 -0.832677
11.14 -1.27988 -0.793011
11.16 -1.39707 -0.751929
11.18 -1.51181 -0.709503
11.2 -1.6239 -0.665808
11.22 -1.73313 -0.620921
11.24 -1.83932 -0.574921
11.26 -1.94226 -0.527888
11.28 -2.04178 -0.479907
11.3 -2.1377 -0.431062
11.32 -2.22985 -0.38144
11.34 -2.31805 -0.331128
11.36 -2.40215 -0.280215
11.38 -2.48201 -0.228792
11.4 -2.55746 -0.17695
11.42 -2.62839 -0.124781
11.44 -2.69466 -0.0723784
11.46 -2.75614 -0.0198346
11.48 -2.81274 0.0327567
11.5 -2.86434 0.0853016
11.52 -2.91085 0.137707
11.54 -2.95219 0.189878
11.56 -2.98827 0.241723
11.58 -3.01904 0.293149
11.6 -3.04444 0.344064
11.62 -3.06441 0.394377
11.64 -3.07893 0.443998
11.66 -3.08795 0.492838
11.68 -3.09147 0.540809
11.7 -3.08948 0.587826
11.72 -3.08197 0.633804
11.74 -3.06895 0.67866
11.76 -3.05046 0.722314
11.78 -3.02651 0.764688
11.8 -2.99715 0.805705
11.82 -2.96243 0.84529
11.84 -2.92241 0.883374
11.86 -2.87715 0.919887
11.88 -2.82675 0.954763
11.9 -2.77128 0.987939
11.92 -2.71084 1.01935
11.94 -2.64554 1.04895
11.96 -2.57549 1.07668
11.98 -2.50082 1.10249
12 -2.42166 1.12633
12.02 -2.33814 1.14815
12.04 -2.25043 1.16793
12.06 -2.15866 1.18562
12.08 -2.06301 1.20118
12.1 -1.96364 1.2146
12.12 -1.86074 1.22585
12.14 -1.75448 1.23489
12.16 -1.64506 1.24173
12.18 -1.53266 1.24634
12.2 -1.41749 1.24872
12.22 -1.29976 1.24886
12.24 -1.17967 1.24675
12.26 -1.05745 1.24241
12.28 -0.933299 1.23584
12.3 -0.807453 1.22705
12.32 -0.680134 1.21606
12.34 -0.551569 1.20287
12.36 -0.42199 1.18753
12.38 -0.291628 1.17005
12.4 -0.160719 1.15046
12.42 -0.0294967 1.1288
12.44 0.101802 1.10511
12.46 0.232942 1.07943
12.48 0.363687 1.0518
12.5 0.493801 1.02228
12.52 0.623051 0.990908
12.54 0.751202 0.957751
12.56 0.878024 0.922865
12.58 1.00329 0.886312
12.6 1.12677 0.848157
12.62 1.24824 0.808468
12.64 1.36749 0.767316
12.66 1.48429 0.724776
12.68 1.59845 0.680922
12.7 1.70974 0.635834
12.72 1.81797 0.589593
12.74 1.92294 0.542281
12.76 2.02446 0.493984
12.78 2.12235 0.444788
12.8 2.21643 0.394781
12.82 2.30653 0.344055
12.84 2.39248 0.292699
12.86 2.47413 0.240807
12.88 2.55133 0.188471
12.9 2.62394 0.135787
12.92 2.69182 0.0828496
12.94 2.75486 0.0297537
12.96 2.81293 -0.0234046
12.98 2.86593 -0.0765292
13 2.91377 -0.129524
13.02 2.95634 -0.182294
13.04 2.99359 -0.234742
13.06 3.02543 -0.286775
13.08 3.05181 -0.338297
13.1 3.07267 -0.389216
13.12 3.08798 -0.43944
13.14 3.09772 -0.488877
13.16 3.10185 -0.537437
13.18 3.10037 -0.585033
13.2 3.09329 -0.631578
13.22 3.0806 -0.676987
13.24 3.06234 -0.721178
13.26 3.03854 -0.764071
13.28 3.00923 -0.805587
13.3 2.97447 -0.845651
13.32 2.93432 -0.88419
13.34 2.88884 -0.921133
13.36 2.83813 -0.956414
13.38 2.78228 -0.989968
13.4 2.72137 -1.02173
13.42 2.65552 -1.05165
13.44 2.58485 -1.07967
13.46 2.50949 -1.10573
13.48 2.42956 -1.12979
13.5 2.34522 -1.15181
13.52 2.25666 -1.17174
