0 0 0
0.08 3.70423e-19 -2.55975e-23
0.16 9.91931e-17 -1.52904e-20
0.12 1.81919e-17 -2.23443e-21
0.1 3.9467e-18 -4.02884e-22
0.09 1.34808e-18 -1.16935e-22
0.085 7.21456e-19 -5.63651e-23
0.09 1.35264e-18 -1.18429e-22
0.095 2.45129e-18 -2.38903e-22
0.1 4.30887e-18 -4.64762e-22
0.105 7.36845e-18 -8.75104e-22
0.11 1.22898e-17 -1.59973e-21
0.115 2.00372e-17 -2.8467e-21
0.12 3.19954e-17 -4.94253e-21
0.125 5.01229e-17 -8.38974e-21
0.13 7.71498e-17 -1.39481e-20
0.135 1.16831e-16 -2.27473e-20
0.14 1.74271e-16 -3.64424e-20
0.145 2.56325e-16 -5.74237e-20
0.15 3.72111e-16 -8.90987e-20
0.155 5.33629e-16 -1.36266e-19
0.16 7.56538e-16 -2.05609e-19
0.165 1.06109e-15 -3.06333e-19
0.17 1.47327e-15 -4.50996e-19
0.175 2.02617e-15 -6.56566e-19
0.18 2.76163e-15 -9.45773e-19
0.185 3.73221e-15 -1.34881e-18
0.19 5.00348e-15 -1.90546e-18
0.195 6.65682e-15 -2.66779e-18
0.2 8.79259e-15 -3.7034e-18
0.205 1.15339e-14 -5.09954e-18
0.21 1.50312e-14 -6.96807e-18
0.215 1.94669e-14 -9.45152e-18
0.22 2.50619e-14 -1.27305e-17
0.225 3.20818e-14 -1.70327e-17
0.23 4.08454e-14 -2.26433e-17
0.235 5.17327e-14 -2.99182e-17
0.24 6.51962e-14 -3.9299e-17
0.245 8.17717e-14 -5.13316e-17
0.25 1.02092e-13 -6.66873e-17
0.255 1.26901e-13 -8.61884e-17
0.26 1.57072e-13 -1.10838e-16
0.265 1.93626e-13 -1.41856e-16
0.27 2.37752e-13 -1.80718e-16
0.275 2.90833e-13 -2.29205e-16
0.28 3.54471e-13 -2.89457e-16
0.285 4.30519e-13 -3.64039e-16
0.29 5.21111e-13 -4.56015e-16
0.295 6.28703e-13 -5.6903e-16
0.3 7.56111e-13 -7.07413e-16
0.305 9.06557e-13 -8.76286e-16
0.31 1.08372e-12 -1.0817e-15
0.315 1.2918e-12 -1.33075e-15
0.32 1.53556e-12 -1.63182e-15
0.325 1.82041e-12 -1.99466e-15
0.33 2.15248e-12 -2.43071e-15
0.335 2.53868e-12 -2.95326e-15
0.34 2.98682e-12 -3.5778e-15
0.345 3.50571e-12 -4.32227e-15
0.35 4.10521e-12 -5.20742e-15
0.355 4.79643e-12 -6.25725e-15
0.36 5.59178e-12 -7.49938e-15
0.365 6.50516e-12 -8.96561e-15
0.37 7.55208e-12 -1.06924e-14
0.375 8.74983e-12 -1.27216e-14
0.38 1.01177e-11 -1.5101e-14
0.385 1.1677e-11 -1.78852e-14
0.39 1.34517e-11 -2.11363e-14
0.395 1.54679e-11 -2.49251e-14
0.4 1.77549e-11 -2.9332e-14
0.405 2.03449e-11 -3.4448e-14
0.41 2.32735e-11 -4.03763e-14
0.415 2.65801e-11 -4.72335e-14
0.42 3.03078e-11 -5.51511e-14
0.425 3.45042e-11 -6.42774e-14
0.43 3.92217e-11 -7.47792e-14
0.435 4.45175e-11 -8.68441e-14
0.44 5.04548e-11 -1.00683e-13
0.445 5.71024e-11 -1.1653e-13
0.45 6.45358e-11 -1.34651e-13
0.455 7.28374e-11 -1.5534e-13
0.46 8.20972e-11 -1.78927e-13
0.465 9.24135e-11 -2.05779e-13
0.47 1.03893e-10 -2.36305e-13
0.475 1.16653e-10 -2.7096e-13
0.48 1.3082e-10 -3.1025e-13
0.485 1.46531e-10 -3.54735e-13
0.49 1.63936e-10 -4.05039e-13
0.495 1.83197e-10 -4.6185e-13
0.5 2.04491e-10 -5.2593e-13
0.505 2.28007e-10 -5.98122e-13
0.51 2.53952e-10 -6.79356e-13
0.515 2.82549e-10 -7.70658e-13
0.52 3.14038e-10 -8.73158e-13
0.525 3.48679e-10 -9.881e-13
0.53 3.86754e-10 -1.11685e-12
0.535 4.28563e-10 -1.26092e-12
0.54 4.74434e-10 -1.42195e-12
0.545 5.24716e-10 -1.60176e-12
0.55 5.79786e-10 -1.80233e-12
0.555 6.4005e-10 -2.02583e-12
0.56 7.05943e-10 -2.27464e-12
0.565 7.77932e-10 -2.55135e-12
0.57 8.5652e-10 -2.85881e-12
0.575 9.42242e-10 -3.20011e-12
0.58 1.03568e-09 -3.57862e-12
0.585 1.13744e-09 -3.99803e-12
0.59 1.24819e-09 -4.46234e-12
0.595 1.36863e-09 -4.9759e-12
0.6 1.49952e-09 -5.54347e-12
0.605 1.64166e-09 -6.17018e-12
0.61 1.79592e-09 -6.86163e-12
0.615 1.96321e-09 -7.62387e-12
0.62 2.1445e-09 -8.46349e-12
0.625 2.34085e-09 -9.38761e-12
0.63 2.55337e-09 -1.04039e-11
0.635 2.78323e-09 -1.15208e-11
0.64 3.03169e-09 -1.27473e-11
0.645 3.3001e-09 -1.4093e-11
0.65 3.58988e-09 -1.55687e-11
0.655 3.90254e-09 -1.71855e-11
0.66 4.23969e-09 -1.89559e-11
0.665 4.60303e-09 -2.08929e-11
0.67 4.99436e-09 -2.30109e-11
0.675 5.41562e-09 -2.53251e-11
0.68 5.86883e-09 -2.78521e-11
0.685 6.35615e-09 -3.06097e-11
0.69 6.87985e-09 -3.36168e-11
0.695 7.44236e-09 -3.6894e-11
0.7 8.04623e-09 -4.04633e-11
0.705 8.69416e-09 -4.43483e-11
0.71 9.38902e-09 -4.85744e-11
0.715 1.01338e-08 -5.31687e-11
0.72 1.09317e-08 -5.81603e-11
0.725 1.17862e-08 -6.35804e-11
0.73 1.27007e-08 -6.94624e-11
0.735 1.3679e-08 -7.5842e-11
0.74 1.47251e-08 -8.27573e-11
0.745 1.58431e-08 -9.02492e-11
0.75 1.70374e-08 -9.83614e-11
0.755 1.83127e-08 -1.0714e-10
0.76 1.96739e-08 -1.16636e-10
0.765 2.11261e-08 -1.26901e-10
0.77 2.26746e-08 -1.37992e-10
0.775 2.43253e-08 -1.4997e-10
0.78 2.60839e-08 -1.62899e-10
0.785 2.7957e-08 -1.76846e-10
0.79 2.99509e-08 -1.91887e-10
0.795 3.20728e-08 -2.08096e-10
0.8 3.43298e-08 -2.25559e-10
0.805 3.67297e-08 -2.44361e-10
0.81 3.92804e-08 -2.64597e-10
0.815 4.19903e-08 -2.86366e-10
0.82 4.48684e-08 -3.09772e-10
0.825 4.79238e-08 -3.34928e-10
0.83 5.11664e-08 -3.61953e-10
0.835 5.46062e-08 -3.90972e-10
0.84 5.82539e-08 -4.22119e-10
0.845 6.21206e-08 -4.55535e-10
0.85 6.62182e-08 -4.91371e-10
0.855 7.05587e-08 -5.29785e-10
0.86 7.5155e-08 -5.70946e-10
0.865 8.00204e-08 -6.15031e-10
0.87 8.5169e-08 -6.6223e-10
0.875 9.06154e-08 -7.12742e-10
0.88 9.63749e-08 -7.66777e-10
0.885 1.02463e-07 -8.24559e-10
0.89 1.08898e-07 -8.86323e-10
0.895 1.15695e-07 -9.52319e-10
0.9 1.22874e-07 -1.02281e-09
0.905 1.30453e-07 -1.09807e-09
0.91 1.38452e-07 -1.1784e-09
0.915 1.46892e-07 -1.2641e-09
0.92 1.55795e-07 -1.3555e-09
0.925 1.65182e-07 -1.45294e-09
0.93 1.75078e-07 -1.55679e-09
0.935 1.85506e-07 -1.66743e-09
0.94 1.96493e-07 -1.78526e-09
0.945 2.08064e-07 -1.91071e-09
0.95 2.20247e-07 -2.04421e-09
0.955 2.33072e-07 -2.18625e-09
0.96 2.46567e-07 -2.33731e-09
0.965 2.60764e-07 -2.49792e-09
0.97 2.75696e-07 -2.66862e-09
0.975 2.91395e-07 -2.84998e-09
0.98 3.07898e-07 -3.04262e-09
0.985 3.2524e-07 -3.24716e-09
0.99 3.4346e-07 -3.46427e-09
0.995 3.62596e-07 -3.69466e-09
1 3.8269e-07 -3.93906e-09
1.005 4.03783e-07 -4.19824e-09
1.01 4.25921e-07 -4.47301e-09
1.015 4.49149e-07 -4.76423e-09
1.02 4.73514e-07 -5.07278e-09
1.025 4.99066e-07 -5.39959e-09
1.03 5.25856e-07 -5.74566e-09
1.035 5.53937e-07 -6.11201e-09
1.04 5.83364e-07 -6.49971e-09
1.045 6.14195e-07 -6.9099e-09
1.05 6.46488e-07 -7.34375e-09
1.055 6.80306e-07 -7.8025e-09
1.06 7.15711e-07 -8.28745e-09
1.065 7.5277e-07 -8.79995e-09
1.07 7.91551e-07 -9.34142e-09
1.075 8.32125e-07 -9.91334e-09
1.08 8.74565e-07 -1.05173e-08
1.085 9.18948e-07 -1.11548e-08
1.09 9.65352e-07 -1.18277e-08
1.095 1.01386e-06 -1.25377e-08
1.1 1.06455e-06 -1.32866e-08
1.105 1.11752e-06 -1.40765e-08
1.11 1.17285e-06 -1.49092e-08
1.115 1.23064e-06 -1.57869e-08
1.12 1.29098e-06 -1.67119e-08
1.125 1.35397e-06 -1.76864e-08
1.13 1.41972e-06 -1.87128e-08
1.135 1.48834e-06 -1.97937e-08
1.14 1.55993e-06 -2.09316e-08
1.145 1.63461e-06 -2.21292e-08
1.15 1.71249e-06 -2.33895e-08
1.155 1.7937e-06 -2.47154e-08
1.16 1.87836e-06 -2.61099e-08
1.165 1.9666e-06 -2.75763e-08
1.17 2.05856e-06 -2.9118e-08
1.175 2.15438e-06 -3.07384e-08
1.18 2.25419e-06 -3.24411e-08
1.185 2.35814e-06 -3.42301e-08
1.19 2.4664e-06 -3.61091e-08
1.195 2.5791e-06 -3.80823e-08
1.2 2.69642e-06 -4.01541e-08
1.205 2.81852e-06 -4.23288e-08
1.21 2.94557e-06 -4.4611e-08
1.215 3.07775e-06 -4.70057e-08
1.22 3.21525e-06 -4.95177e-08
1.225 3.35825e-06 -5.21523e-08
1.23 3.50694e-06 -5.49149e-08
1.235 3.66153e-06 -5.78112e-08
1.24 3.82223e-06 -6.08469e-08
1.245 3.98923e-06 -6.40282e-08
1.25 4.16277e-06 -6.73613e-08
1.255 4.34307e-06 -7.08529e-08
1.26 4.53036e-06 -7.45097e-08
1.265 4.72488e-06 -7.83388e-08
1.27 4.92687e-06 -8.23476e-08
1.275 5.1366e-06 -8.65436e-08
1.28 5.35431e-06 -9.09347e-08
1.285 5.58028e-06 -9.55292e-08
1.29 5.81478e-06 -1.00336e-07
1.295 6.0581e-06 -1.05363e-07
1.3 6.31053e-06 -1.1062e-07
1.305 6.57237e-06 -1.16116e-07
1.31 6.84392e-06 -1.21862e-07
1.315 7.12551e-06 -1.27867e-07
1.32 7.41746e-06 -1.34142e-07
1.325 7.72011e-06 -1.40698e-07
1.33 8.0338e-06 -1.47546e-07
1.335 8.35888e-06 -1.54699e-07
1.34 8.69573e-06 -1.62168e-07
1.345 9.04471e-06 -1.69966e-07
1.35 9.40621e-06 -1.78106e-07
1.355 9.78062e-06 -1.86601e-07
1.36 1.01683e-05 -1.95466e-07
1.365 1.05698e-05 -2.04716e-07
1.37 1.09854e-05 -2.14364e-07
1.375 1.14157e-05 -2.24428e-07
1.38 1.1861e-05 -2.34922e-07
1.385 1.23218e-05 -2.45863e-07
1.39 1.27985e-05 -2.5727e-07
1.395 1.32918e-05 -2.69158e-07
1.4 1.3802e-05 -2.81548e-07
1.405 1.43298e-05 -2.94458e-07
1.41 1.48755e-05 -3.07908e-07
1.415 1.54398e-05 -3.21917e-07
1.42 1.60232e-05 -3.36508e-07
1.425 1.66263e-05 -3.51701e-07
1.43 1.72497e-05 -3.6752e-07
1.435 1.78939e-05 -3.83987e-07
1.44 1.85596e-05 -4.01127e-07
1.445 1.92473e-05 -4.18963e-07
1.45 1.99578e-05 -4.37523e-07
1.455 2.06917e-05 -4.56832e-07
1.46 2.14497e-05 -4.76918e-07
1.465 2.22325e-05 -4.97808e-07
1.47 2.30407e-05 -5.19532e-07
1.475 2.38751e-05 -5.42119e-07
1.48 2.47364e-05 -5.65601e-07
1.485 2.56255e-05 -5.9001e-07
1.49 2.6543e-05 -6.15378e-07
1.495 2.74899e-05 -6.4174e-07
1.5 2.84668e-05 -6.6913e-07
1.505 2.94746e-05 -6.97585e-07
1.51 3.05143e-05 -7.27142e-07
1.515 3.15866e-05 -7.5784e-07
1.52 3.26925e-05 -7.89718e-07
1.525 3.38329e-05 -8.22816e-07
1.53 3.50087e-05 -8.57178e-07
1.535 3.62209e-05 -8.92846e-07
1.54 3.74705e-05 -9.29865e-07
1.545 3.87585e-05 -9.68281e-07
1.55 4.00858e-05 -1.00814e-06
1.555 4.14537e-05 -1.0495e-06
1.56 4.2863e-05 -1.0924e-06
1.565 4.43151e-05 -1.13689e-06
1.57 4.58109e-05 -1.18303e-06
1.575 4.73516e-05 -1.23088e-06
1.58 4.89384e-05 -1.28049e-06
1.585 5.05725e-05 -1.33192e-06
1.59 5.22551e-05 -1.38523e-06
1.595 5.39876e-05 -1.44047e-06
1.6 5.57711e-05 -1.49773e-06
1.605 5.7607e-05 -1.55705e-06
1.61 5.94966e-05 -1.61851e-06
1.615 6.14413e-05 -1.68218e-06
1.62 6.34425e-05 -1.74812e-06
1.625 6.55016e-05 -1.81641e-06
1.63 6.76201e-05 -1.88713e-06
1.635 6.97995e-05 -1.96036e-06
1.64 7.20413e-05 -2.03617e-06
1.645 7.4347e-05 -2.11464e-06
1.65 7.67183e-05 -2.19586e-06
1.655 7.91568e-05 -2.27992e-06
1.66 8.1664e-05 -2.3669e-06
1.665 8.42418e-05 -2.4569e-06
1.67 8.68918e-05 -2.55001e-06
1.675 8.96158e-05 -2.64632e-06
1.68 9.24155e-05 -2.74594e-06
1.685 9.52929e-05 -2.84897e-06
1.69 9.82497e-05 -2.95551e-06
1.695 0.000101288 -3.06567e-06
1.7 0.00010441 -3.17956e-06
1.705 0.000107616 -3.29729e-06
1.71 0.000110911 -3.41898e-06
1.715 0.000114294 -3.54475e-06
1.72 0.000117769 -3.67472e-06
1.725 0.000121338 -3.80903e-06
1.73 0.000125003 -3.94778e-06
1.735 0.000128766 -4.09113e-06
1.74 0.000132629 -4.2392e-06
1.745 0.000136595 -4.39214e-06
1.75 0.000140665 -4.55008e-06
1.755 0.000144844 -4.71318e-06
1.76 0.000149132 -4.88159e-06
1.765 0.000153532 -5.05545e-06
1.77 0.000158048 -5.23494e-06
1.775 0.000162681 -5.42021e-06
1.78 0.000167434 -5.61143e-06
1.785 0.00017231 -5.80877e-06
1.79 0.000177312 -6.0124e-06
1.795 0.000182442 -6.22251e-06
1.8 0.000187704 -6.43928e-06
1.805 0.0001931 -6.66289e-06
1.81 0.000198632 -6.89355e-06
1.815 0.000204305 -7.13145e-06
1.82 0.000210122 -7.37679e-06
1.825 0.000216084 -7.62979e-06
1.83 0.000222196 -7.89065e-06
1.835 0.000228461 -8.1596e-06
1.84 0.000234882 -8.43685e-06
1.845 0.000241463 -8.72265e-06
1.85 0.000248206 -9.01721e-06
1.855 0.000255115 -9.3208e-06
1.86 0.000262195 -9.63364e-06
1.865 0.000269447 -9.95599e-06
1.87 0.000276877 -1.02881e-05
1.875 0.000284488 -1.06303e-05
1.88 0.000292283 -1.09828e-05
1.885 0.000300267 -1.13458e-05
1.89 0.000308443 -1.17197e-05
1.895 0.000316815 -1.21048e-05
1.9 0.000325388 -1.25014e-05
1.905 0.000334165 -1.29097e-05
1.91 0.000343151 -1.333e-05
1.915 0.00035235 -1.37628e-05
1.92 0.000361766 -1.42083e-05
1.925 0.000371404 -1.46668e-05
1.93 0.000381268 -1.51387e-05
1.935 0.000391363 -1.56244e-05
1.94 0.000401693 -1.61242e-05
1.945 0.000412264 -1.66384e-05
1.95 0.000423079 -1.71674e-05
1.955 0.000434144 -1.77117e-05
1.96 0.000445464 -1.82716e-05
1.965 0.000457043 -1.88475e-05
1.97 0.000468887 -1.94398e-05
1.975 0.000481001 -2.00489e-05
1.98 0.000493391 -2.06753e-05
1.985 0.000506061 -2.13193e-05
1.99 0.000519017 -2.19815e-05
1.995 0.000532264 -2.26623e-05
2 0.000545809 -2.33622e-05
2.005 0.000559657 -2.40816e-05
2.01 0.000573813 -2.4821e-05
2.015 0.000588284 -2.55809e-05
2.02 0.000603075 -2.63618e-05
2.025 0.000618193 -2.71643e-05
2.03 0.000633644 -2.79888e-05
2.035 0.000649433 -2.88359e-05
2.04 0.000665568 -2.97062e-05
2.045 0.000682054 -3.06002e-05
2.05 0.000698899 -3.15184e-05
2.055 0.000716108 -3.24616e-05
2.06 0.00073369 -3.34302e-05
2.065 0.000751649 -3.44249e-05
2.07 0.000769994 -3.54464e-05
2.075 0.000788731 -3.64951e-05
2.08 0.000807868 -3.75719e-05
2.085 0.000827412 -3.86773e-05
2.09 0.00084737 -3.98121e-05
2.095 0.000867749 -4.09768e-05
2.1 0.000888558 -4.21723e-05
2.105 0.000909803 -4.33993e-05
2.11 0.000931493 -4.46585e-05
2.115 0.000953635 -4.59505e-05
2.12 0.000976238 -4.72763e-05
2.125 0.000999309 -4.86366e-05
2.13 0.00102286 -5.00321e-05
2.135 0.00104689 -5.14637e-05
2.14 0.00107142 -5.29322e-05
2.145 0.00109645 -5.44385e-05
2.15 0.00112199 -5.59834e-05
2.155 0.00114805 -5.75677e-05
2.16 0.00117464 -5.91925e-05
2.165 0.00120176 -6.08585e-05
2.17 0.00122944 -6.25668e-05
2.175 0.00125766 -6.43182e-05
2.18 0.00128646 -6.61138e-05
2.185 0.00131583 -6.79544e-05
2.19 0.00134579 -6.98412e-05
2.195 0.00137634 -7.17751e-05
2.2 0.00140749 -7.37572e-05
2.205 0.00143926 -7.57886e-05
2.21 0.00147165 -7.78702e-05
2.215 0.00150468 -8.00033e-05
2.22 0.00153836 -8.21889e-05
2.225 0.00157269 -8.44282e-05
2.23 0.00160769 -8.67224e-05
2.235 0.00164337 -8.90726e-05
2.24 0.00167974 -9.148e-05
2.245 0.0017168 -9.39459e-05
2.25 0.00175458 -9.64715e-05
2.255 0.00179308 -9.90582e-05
2.26 0.00183232 -0.000101707
2.265 0.0018723 -0.00010442
2.27 0.00191304 -0.000107197
2.275 0.00195455 -0.000110041
2.28 0.00199685 -0.000112953
2.285 0.00203994 -0.000115933
2.29 0.00208383 -0.000118985
2.295 0.00212855 -0.000122108
2.3 0.0021741 -0.000125305
2.305 0.00222049 -0.000128577
2.31 0.00226775 -0.000131926
2.315 0.00231587 -0.000135353
2.32 0.00236488 -0.00013886
2.325 0.00241479 -0.000142448
2.33 0.00246562 -0.00014612
2.335 0.00251737 -0.000149876
2.34 0.00257006 -0.000153719
2.345 0.00262371 -0.00015765
2.35 0.00267832 -0.000161671
2.355 0.00273392 -0.000165784
2.36 0.00279052 -0.000169991
2.365 0.00284813 -0.000174293
2.37 0.00290677 -0.000178693
2.375 0.00296646 -0.000183192
2.38 0.0030272 -0.000187793
2.385 0.00308902 -0.000192497
2.39 0.00315193 -0.000197307
2.395 0.00321595 -0.000202224
2.4 0.00328109 -0.000207251
2.405 0.00334737 -0.00021239
2.41 0.0034148 -0.000217642
2.415 0.0034834 -0.000223011
2.42 0.0035532 -0.000228498
2.425 0.0036242 -0.000234106
2.43 0.00369642 -0.000239836
2.435 0.00376989 -0.000245692
2.44 0.00384461 -0.000251676
2.445 0.0039206 -0.00025779
2.45 0.00399789 -0.000264037
2.455 0.0040765 -0.000270419
2.46 0.00415643 -0.000276939
2.465 0.00423771 -0.000283599
2.47 0.00432036 -0.000290402
2.475 0.00440439 -0.00029735
2.48 0.00448983 -0.000304447
2.485 0.00457669 -0.000311695
2.49 0.00466499 -0.000319097
2.495 0.00475476 -0.000326656
2.5 0.00484601 -0.000334374
2.505 0.00493877 -0.000342255
2.51 0.00503305 -0.000350302
2.515 0.00512887 -0.000358517
2.52 0.00522625 -0.000366903
2.525 0.00532522 -0.000375465
2.53 0.0054258 -0.000384204
2.535 0.005528 -0.000393125
2.54 0.00563185 -0.00040223
2.545 0.00573737 -0.000411522
2.55 0.00584459 -0.000421006
2.555 0.00595352 -0.000430684
2.56 0.00606418 -0.00044056
2.565 0.0061766 -0.000450638
2.57 0.0062908 -0.00046092
2.575 0.00640681 -0.000471411
2.58 0.00652464 -0.000482115
2.585 0.00664433 -0.000493034
2.59 0.00676588 -0.000504173
2.595 0.00688934 -0.000515536
2.6 0.00701471 -0.000527126
2.605 0.00714203 -0.000538947
2.61 0.00727132 -0.000551004
2.615 0.0074026 -0.0005633
2.62 0.0075359 -0.00057584
2.625 0.00767125 -0.000588627
2.63 0.00780866 -0.000601667
2.635 0.00794817 -0.000614962
2.64 0.0080898 -0.000628518
2.645 0.00823357 -0.000642339
2.65 0.00837951 -0.00065643
2.655 0.00852765 -0.000670794
2.66 0.00867801 -0.000685436
2.665 0.00883062 -0.000700362
2.67 0.00898551 -0.000715575
2.675 0.0091427 -0.000731081
2.68 0.00930223 -0.000746885
2.685 0.00946411 -0.000762991
2.69 0.00962838 -0.000779403
2.695 0.00979506 -0.000796129
2.7 0.00996419 -0.000813171
2.705 0.0101358 -0.000830536
2.71 0.0103099 -0.000848229
2.715 0.0104865 -0.000866255
2.72 0.0106657 -0.000884619
2.725 0.0108474 -0.000903327
2.73 0.0110318 -0.000922385
2.735 0.0112188 -0.000941797
2.74 0.0114085 -0.00096157
2.745 0.0116009 -0.000981709
2.75 0.0117961 -0.00100222
2.755 0.011994 -0.00102311
2.76 0.0121947 -0.00104438
2.765 0.0123982 -0.00106604
2.77 0.0126046 -0.0010881
2.775 0.0128138 -0.00111056
2.78 0.013026 -0.00113343
2.785 0.0132412 -0.00115672
2.79 0.0134593 -0.00118042
2.795 0.0136804 -0.00120455
2.8 0.0139046 -0.00122912
2.805 0.0141319 -0.00125413
2.81 0.0143623 -0.00127958
2.815 0.0145958 -0.00130549
2.82 0.0148325 -0.00133186
2.825 0.0150724 -0.00135869
2.83 0.0153156 -0.00138601
2.835 0.015562 -0.0014138
2.84 0.0158118 -0.00144208
2.845 0.0160649 -0.00147086
2.85 0.0163214 -0.00150014
2.855 0.0165813 -0.00152994
2.86 0.0168446 -0.00156025
2.865 0.0171115 -0.00159109
2.87 0.0173818 -0.00162246
2.875 0.0176558 -0.00165438
2.88 0.0179333 -0.00168684
2.885 0.0182144 -0.00171987
2.89 0.0184992 -0.00175346
2.895 0.0187877 -0.00178762
2.9 0.0190799 -0.00182236
2.905 0.0193759 -0.0018577
2.91 0.0196758 -0.00189363
2.915 0.0199794 -0.00193017
2.92 0.020287 -0.00196733
2.925 0.0205984 -0.00200511
2.93 0.0209138 -0.00204352
2.935 0.0212333 -0.00208257
2.94 0.0215567 -0.00212228
2.945 0.0218842 -0.00216265
2.95 0.0222158 -0.00220368
2.955 0.0225516 -0.0022454
2.96 0.0228916 -0.0022878
2.965 0.0232357 -0.0023309
2.97 0.0235842 -0.0023747
2.975 0.0239369 -0.00241923
2.98 0.024294 -0.00246447
2.985 0.0246555 -0.00251046
2.99 0.0250213 -0.00255718
2.995 0.0253917 -0.00260467
3 0.0257665 -0.00265292
3.005 0.0261458 -0.00270195
3.01 0.0265298 -0.00275176
3.015 0.0269183 -0.00280237
3.02 0.0273115 -0.00285378
3.025 0.0277095 -0.00290601
3.03 0.0281121 -0.00295908
3.035 0.0285195 -0.00301298
3.04 0.0289318 -0.00306773
3.045 0.0293488 -0.00312334
3.05 0.0297708 -0.00317982
3.055 0.0301978 -0.00323719
3.06 0.0306297 -0.00329545
3.065 0.0310666 -0.00335462
3.07 0.0315086 -0.0034147
3.075 0.0319557 -0.00347571
3.08 0.032408 -0.00353767
3.085 0.0328654 -0.00360057
3.09 0.0333281 -0.00366444
3.095 0.0337961 -0.00372929
3.1 0.0342693 -0.00379512
3.105 0.0347479 -0.00386196
3.11 0.035232 -0.00392981
3.115 0.0357214 -0.00399868
3.12 0.0362164 -0.00406859
3.125 0.0367168 -0.00413955
3.13 0.0372228 -0.00421158
3.135 0.0377345 -0.00428468
3.14 0.0382518 -0.00435887
3.145 0.0387748 -0.00443416
3.15 0.0393035 -0.00451057
3.155 0.039838 -0.00458811
3.16 0.0403783 -0.00466678
3.165 0.0409245 -0.00474661
3.17 0.0414766 -0.00482761
3.175 0.0420346 -0.0049098
3.18 0.0425987 -0.00499318
3.185 0.0431687 -0.00507777
3.19 0.0437449 -0.00516358
3.195 0.0443272 -0.00525063
3.2 0.0449156 -0.00533893
3.205 0.0455102 -0.0054285
3.21 0.0461111 -0.00551935
3.215 0.0467183 -0.00561149
3.22 0.0473318 -0.00570495
3.225 0.0479517 -0.00579973
3.23 0.0485781 -0.00589584
3.235 0.0492109 -0.00599332
3.24 0.0498502 -0.00609216
3.245 0.050496 -0.00619238
3.25 0.0511484 -0.00629401
3.255 0.0518075 -0.00639704
3.26 0.0524732 -0.00650151
3.265 0.0531457 -0.00660743
3.27 0.0538249 -0.0067148
3.275 0.054511 -0.00682365
3.28 0.0552038 -0.006934
3.285 0.0559036 -0.00704585
3.29 0.0566103 -0.00715922
3.295 0.057324 -0.00727414
3.3 0.0580447 -0.00739061
3.305 0.0587724 -0.00750865
3.31 0.0595073 -0.00762829
3.315 0.0602492 -0.00774953
3.32 0.0609984 -0.00787239
3.325 0.0617548 -0.00799688
3.33 0.0625184 -0.00812304
3.335 0.0632894 -0.00825086
3.34 0.0640677 -0.00838038
3.345 0.0648534 -0.0085116
3.35 0.0656465 -0.00864454
3.355 0.0664471 -0.00877922
3.36 0.0672552 -0.00891566
3.365 0.0680708 -0.00905387
3.37 0.0688941 -0.00919388
3.375 0.0697249 -0.00933569
3.38 0.0705634 -0.00947933
3.385 0.0714097 -0.00962482
3.39 0.0722637 -0.00977217
3.395 0.0731254 -0.00992139
3.4 0.073995 -0.0100725
3.405 0.0748725 -0.0102256
3.41 0.0757579 -0.0103805
3.415 0.0766512 -0.0105375
3.42 0.0775525 -0.0106964
3.425 0.0784618 -0.0108572
3.43 0.0793791 -0.0110201
3.435 0.0803045 -0.011185
3.44 0.0812381 -0.011352
3.445 0.0821799 -0.011521
3.45 0.0831298 -0.0116921
3.455 0.084088 -0.0118653
3.46 0.0850544 -0.0120406
3.465 0.0860292 -0.0122181
3.47 0.0870123 -0.0123977
3.475 0.0880037 -0.0125795
3.48 0.0890036 -0.0127635
3.485 0.090012 -0.0129496
3.49 0.0910288 -0.0131381
3.495 0.0920541 -0.0133287
3.5 0.093088 -0.0135217
3.505 0.0941305 -0.0137169
3.51 0.0951815 -0.0139144
3.515 0.0962413 -0.0141143
3.52 0.0973097 -0.0143165
3.525 0.0983868 -0.0145211
3.53 0.0994726 -0.014728
3.535 0.100567 -0.0149374
3.54 0.101671 -0.0151492
3.545 0.102783 -0.0153634
3.55 0.103904 -0.0155801
3.555 0.105034 -0.0157993
3.56 0.106173 -0.0160209
3.565 0.107321 -0.0162451
3.57 0.108478 -0.0164719
3.575 0.109643 -0.0167012
3.58 0.110818 -0.0169331
3.585 0.112002 -0.0171675
3.59 0.113195 -0.0174046
3.595 0.114397 -0.0176444
3.6 0.115609 -0.0178868
3.605 0.116829 -0.0181319
3.61 0.118059 -0.0183796
3.615 0.119297 -0.0186301
3.62 0.120545 -0.0188834
3.625 0.121803 -0.0191394
3.63 0.123069 -0.0193982
3.635 0.124345 -0.0196597
3.64 0.12563 -0.0199241
3.645 0.126925 -0.0201913
3.65 0.128228 -0.0204614
3.655 0.129542 -0.0207344
3.66 0.130864 -0.0210102
3.665 0.132196 -0.021289
3.67 0.133538 -0.0215707
3.675 0.134888 -0.0218554
3.68 0.136249 -0.022143
3.685 0.137618 -0.0224337
3.69 0.138998 -0.0227273
3.695 0.140387 -0.023024
3.7 0.141785 -0.0233237
3.705 0.143193 -0.0236265
3.71 0.14461 -0.0239324
3.715 0.146037 -0.0242414
3.72 0.147473 -0.0245536
3.725 0.14892 -0.0248689
3.73 0.150375 -0.0251873
3.735 0.15184 -0.0255089
3.74 0.153315 -0.0258338
3.745 0.1548 -0.0261619
3.75 0.156294 -0.0264932
3.755 0.157798 -0.0268278
3.76 0.159311 -0.0271656
3.765 0.160834 -0.0275068
3.77 0.162367 -0.0278513
3.775 0.163909 -0.0281991
3.78 0.165461 -0.0285503
3.785 0.167023 -0.0289048
3.79 0.168594 -0.0292628
3.795 0.170175 -0.0296241
3.8 0.171765 -0.0299889
3.805 0.173366 -0.0303571
3.81 0.174975 -0.0307288
3.815 0.176595 -0.031104
3.82 0.178224 -0.0314826
3.825 0.179863 -0.0318648
3.83 0.181511 -0.0322505
3.835 0.18317 -0.0326398
3.84 0.184837 -0.0330326
3.845 0.186515 -0.033429
3.85 0.188202 -0.0338291
3.855 0.189898 -0.0342327
3.86 0.191604 -0.03464
3.865 0.19332 -0.0350509
3.87 0.195046 -0.0354655
3.875 0.19678 -0.0358838
3.88 0.198525 -0.0363057
3.885 0.200279 -0.0367314
3.89 0.202042 -0.0371608
3.895 0.203815 -0.037594
3.9 0.205598 -0.0380309
3.905 0.20739 -0.0384716
3.91 0.209191 -0.0389161
3.915 0.211002 -0.0393643
3.92 0.212823 -0.0398164
3.925 0.214652 -0.0402724
3.93 0.216491 -0.0407322
3.935 0.21834 -0.0411958
3.94 0.220197 -0.0416633
3.945 0.222065 -0.0421347
3.95 0.223941 -0.04261
3.955 0.225826 -0.0430892
3.96 0.227721 -0.0435724
3.965 0.229625 -0.0440595
3.97 0.231539 -0.0445505
3.975 0.233461 -0.0450455
3.98 0.235392 -0.0455445
3.985 0.237333 -0.0460474
3.99 0.239282 -0.0465544
3.995 0.241241 -0.0470653
4 0.243209 -0.0475803
4.005 0.245185 -0.0480993
4.01 0.24717 -0.0486224
4.015 0.249165 -0.0491495
4.02 0.251168 -0.0496806
4.025 0.25318 -0.0502158
4.03 0.2552 -0.0507551
4.035 0.25723 -0.0512985
4.04 0.259268 -0.051846
4.045 0.261314 -0.0523976
4.05 0.263369 -0.0529533
4.055 0.265433 -0.0535131
4.06 0.267505 -0.0540771
4.065 0.269586 -0.0546451
4.07 0.271675 -0.0552174
4.075 0.273772 -0.0557937
4.08 0.275878 -0.0563742
4.085 0.277992 -0.0569589
4.09 0.280114 -0.0575477
4.095 0.282244 -0.0581408
4.1 0.284382 -0.0587379
4.105 0.286529 -0.0593393
4.11 0.288683 -0.0599448
4.115 0.290845 -0.0605545
4.12 0.293015 -0.0611685
4.125 0.295193 -0.0617866
4.13 0.297378 -0.0624089
4.135 0.299571 -0.0630354
4.14 0.301772 -0.063666
4.145 0.30398 -0.0643009
4.15 0.306196 -0.06494
4.155 0.308419 -0.0655833
4.16 0.31065 -0.0662308
4.165 0.312887 -0.0668825
4.17 0.315132 -0.0675384
4.175 0.317384 -0.0681985
4.18 0.319643 -0.0688628
4.185 0.321909 -0.0695313
4.19 0.324182 -0.070204
4.195 0.326462 -0.0708808
4.2 0.328748 -0.0715619
4.205 0.331041 -0.0722471
4.21 0.333341 -0.0729366
4.215 0.335647 -0.0736302
4.22 0.33796 -0.074328
4.225 0.340279 -0.0750299
4.23 0.342604 -0.075736
4.235 0.344936 -0.0764463
4.24 0.347273 -0.0771607
4.245 0.349617 -0.0778792
4.25 0.351966 -0.0786019
4.255 0.354321 -0.0793288
4.26 0.356682 -0.0800597
4.265 0.359049 -0.0807947
4.27 0.361421 -0.0815339
4.275 0.363799 -0.0822771
4.28 0.366182 -0.0830244
4.285 0.36857 -0.0837758
4.29 0.370963 -0.0845312
4.295 0.373362 -0.0852907
4.3 0.375765 -0.0860542
4.305 0.378173 -0.0868217
4.31 0.380586 -0.0875933
4.315 0.383004 -0.0883688
4.32 0.385426 -0.0891483
4.325 0.387853 -0.0899318
4.33 0.390284 -0.0907192
4.335 0.392719 -0.0915106
4.34 0.395159 -0.0923058
4.345 0.397602 -0.093105
4.35 0.40005 -0.093908
4.355 0.402501 -0.094715
4.36 0.404956 -0.0955257
4.365 0.407414 -0.0963403
4.37 0.409876 -0.0971587
4.375 0.412341 -0.0979808
4.38 0.414809 -0.0988068
4.385 0.417281 -0.0996364
4.39 0.419755 -0.10047
4.395 0.422232 -0.101307
4.4 0.424712 -0.102148
4.405 0.427195 -0.102992
4.41 0.42968 -0.10384
4.415 0.432168 -0.104692
4.42 0.434657 -0.105547
4.425 0.437149 -0.106406
4.43 0.439643 -0.107268
4.435 0.442138 -0.108134
4.44 0.444636 -0.109003
4.445 0.447134 -0.109876
4.45 0.449635 -0.110752
4.455 0.452136 -0.111631
4.46 0.454639 -0.112514
4.465 0.457143 -0.1134
4.47 0.459647 -0.11429
4.475 0.462153 -0.115182
4.48 0.464659 -0.116078
4.485 0.467165 -0.116977
4.49 0.469672 -0.11788
4.495 0.472179 -0.118785
4.5 0.474686 -0.119694
4.505 0.477193 -0.120605
4.51 0.479699 -0.12152
4.515 0.482206 -0.122437
4.52 0.484711 -0.123358
4.525 0.487216 -0.124281
4.53 0.489721 -0.125208
4.535 0.492224 -0.126137
4.54 0.494726 -0.127069
4.545 0.497226 -0.128003
4.55 0.499726 -0.128941
4.555 0.502223 -0.129881
4.56 0.504719 -0.130823
4.565 0.507213 -0.131768
4.57 0.509705 -0.132716
4.575 0.512194 -0.133667
4.58 0.514682 -0.134619
4.585 0.517166 -0.135574
4.59 0.519648 -0.136532
4.595 0.522127 -0.137492
4.6 0.524603 -0.138454
4.605 0.527075 -0.139418
4.61 0.529545 -0.140385
4.615 0.53201 -0.141353
4.62 0.534472 -0.142324
4.625 0.53693 -0.143297
4.63 0.539384 -0.144271
4.635 0.541833 -0.145248
4.64 0.544279 -0.146227
4.645 0.546719 -0.147207
4.65 0.549155 -0.148189
4.655 0.551586 -0.149173
4.66 0.554011 -0.150158
4.665 0.556432 -0.151145
4.67 0.558846 -0.152134
4.675 0.561256 -0.153124
4.68 0.563659 -0.154115
4.685 0.566056 -0.155108
4.69 0.568447 -0.156102
4.695 0.570832 -0.157098
4.7 0.57321 -0.158095
4.705 0.575581 -0.159092
4.71 0.577945 -0.160091
4.715 0.580302 -0.161091
4.72 0.582652 -0.162092
4.725 0.584994 -0.163094
4.73 0.587328 -0.164096
4.735 0.589655 -0.1651
4.74 0.591973 -0.166104
4.745 0.594283 -0.167108
4.75 0.596585 -0.168113
4.755 0.598877 -0.169119
4.76 0.601161 -0.170125
4.765 0.603436 -0.171132
4.77 0.605701 -0.172139
4.775 0.607957 -0.173146
4.78 0.610204 -0.174153
4.785 0.61244 -0.175161
4.79 0.614666 -0.176168
4.795 0.616882 -0.177175
4.8 0.619088 -0.178182
4.805 0.621282 -0.179189
4.81 0.623466 -0.180196
4.815 0.625639 -0.181203
4.82 0.6278 -0.182209
4.825 0.62995 -0.183214
4.83 0.632088 -0.184219
4.835 0.634214 -0.185224
4.84 0.636328 -0.186227
4.845 0.63843 -0.18723
4.85 0.640519 -0.188232
4.855 0.642595 -0.189233
4.86 0.644658 -0.190233
4.865 0.646708 -0.191232
4.87 0.648745 -0.19223
4.875 0.650768 -0.193226
4.88 0.652777 -0.194222
4.885 0.654772 -0.195215
4.89 0.656752 -0.196208
4.895 0.658718 -0.197198
4.9 0.66067 -0.198187
4.905 0.662606 -0.199175
4.91 0.664527 -0.20016
4.915 0.666433 -0.201144
4.92 0.668323 -0.202125
4.925 0.670198 -0.203105
4.93 0.672056 -0.204082
4.935 0.673898 -0.205057
4.94 0.675724 -0.20603
4.945 0.677533 -0.207
4.95 0.679325 -0.207968
4.955 0.6811 -0.208933
4.96 0.682857 -0.209896
4.965 0.684597 -0.210856
4.97 0.686319 -0.211813
4.975 0.688023 -0.212766
4.98 0.689708 -0.213717
4.985 0.691375 -0.214665
4.99 0.693024 -0.21561
4.995 0.694653 -0.216551
5 0.696263 -0.217489
5.005 0.697854 -0.218423
5.01 0.699425 -0.219354
5.015 0.700977 -0.220281
5.02 0.702508 -0.221204
5.025 0.704019 -0.222124
5.03 0.705509 -0.223039
5.035 0.706978 -0.223951
5.04 0.708427 -0.224858
5.045 0.709854 -0.225761
5.05 0.71126 -0.22666
5.055 0.712644 -0.227554
5.06 0.714006 -0.228444
5.065 0.715346 -0.229329
5.07 0.716663 -0.23021
5.075 0.717958 -0.231085
5.08 0.71923 -0.231956
5.085 0.720479 -0.232822
5.09 0.721705 -0.233682
5.095 0.722907 -0.234538
5.1 0.724085 -0.235388
5.105 0.72524 -0.236233
5.11 0.72637 -0.237072
5.115 0.727475 -0.237905
5.12 0.728556 -0.238733
5.125 0.729612 -0.239555
5.13 0.730643 -0.240372
5.135 0.731648 -0.241182
5.14 0.732628 -0.241986
5.145 0.733582 -0.242784
5.15 0.734509 -0.243576
5.155 0.735411 -0.244361
5.16 0.736286 -0.24514
5.165 0.737134 -0.245912
5.17 0.737955 -0.246677
5.175 0.738749 -0.247436
5.18 0.739515 -0.248188
5.185 0.740254 -0.248932
5.19 0.740965 -0.24967
5.195 0.741648 -0.250401
5.2 0.742302 -0.251124
5.205 0.742927 -0.251839
5.21 0.743524 -0.252548
5.215 0.744092 -0.253248
5.22 0.74463 -0.253941
5.225 0.745139 -0.254626
5.23 0.745619 -0.255304
5.235 0.746068 -0.255973
5.24 0.746487 -0.256634
5.245 0.746876 -0.257287
5.25 0.747233 -0.257931
5.255 0.747561 -0.258567
5.26 0.747857 -0.259195
5.265 0.748121 -0.259814
5.27 0.748355 -0.260424
5.275 0.748556 -0.261025
5.28 0.748726 -0.261618
5.285 0.748863 -0.262201
5.29 0.748968 -0.262775
5.295 0.74904 -0.26334
5.3 0.74908 -0.263896
5.305 0.749086 -0.264442
5.31 0.749059 -0.264978
5.315 0.748999 -0.265505
5.32 0.748905 -0.266022
5.325 0.748777 -0.26653
5.33 0.748615 -0.267027
5.335 0.748418 -0.267514
5.34 0.748187 -0.267991
5.345 0.747922 -0.268458
5.35 0.747621 -0.268915
5.355 0.747285 -0.269361
5.36 0.746914 -0.269796
5.365 0.746507 -0.270221
5.37 0.746064 -0.270635
5.375 0.745586 -0.271038
5.38 0.745071 -0.27143
5.385 0.74452 -0.271811
5.39 0.743932 -0.272181
5.395 0.743307 -0.27254
5.4 0.742646 -0.272887
5.405 0.741947 -0.273223
5.41 0.741211 -0.273547
5.415 0.740437 -0.273859
5.42 0.739626 -0.27416
5.425 0.738776 -0.274449
5.43 0.737889 -0.274726
5.435 0.736963 -0.274991
5.44 0.735998 -0.275244
5.445 0.734995 -0.275484
5.45 0.733953 -0.275712
5.455 0.732872 -0.275928
5.46 0.731752 -0.276131
5.465 0.730592 -0.276322
5.47 0.729393 -0.276499
5.475 0.728153 -0.276664
5.48 0.726874 -0.276816
5.485 0.725555 -0.276955
5.49 0.724195 -0.277081
5.495 0.722795 -0.277194
5.5 0.721355 -0.277294
5.505 0.719873 -0.27738
5.51 0.71835 -0.277452
5.515 0.716787 -0.277511
5.52 0.715182 -0.277557
5.525 0.713535 -0.277589
5.53 0.711847 -0.277606
5.535 0.710117 -0.27761
5.54 0.708346 -0.2776
5.545 0.706532 -0.277576
5.55 0.704676 -0.277538
5.555 0.702777 -0.277485
5.56 0.700836 -0.277418
5.565 0.698853 -0.277337
5.57 0.696826 -0.277241
5.575 0.694757 -0.27713
5.58 0.692644 -0.277005
5.585 0.690488 -0.276865
5.59 0.688289 -0.27671
5.595 0.686046 -0.27654
5.6 0.68376 -0.276355
5.605 0.68143 -0.276155
5.61 0.679056 -0.27594
5.615 0.676638 -0.27571
5.62 0.674176 -0.275464
5.625 0.67167 -0.275203
5.63 0.669119 -0.274926
5.635 0.666524 -0.274634
5.64 0.663885 -0.274326
5.645 0.6612 -0.274003
5.65 0.658471 -0.273663
5.655 0.655697 -0.273308
5.66 0.652878 -0.272937
5.665 0.650014 -0.27255
5.67 0.647105 -0.272147
5.675 0.64415 -0.271727
5.68 0.64115 -0.271292
5.685 0.638104 -0.27084
5.69 0.635013 -0.270372
5.695 0.631877 -0.269887
5.7 0.628694 -0.269386
5.705 0.625466 -0.268868
5.71 0.622192 -0.268334
5.715 0.618872 -0.267783
5.72 0.615506 -0.267215
5.725 0.612093 -0.26663
5.73 0.608635 -0.266029
5.735 0.605131 -0.26541
5.74 0.60158 -0.264775
5.745 0.597982 -0.264123
5.75 0.594339 -0.263453
5.755 0.590649 -0.262766
5.76 0.586912 -0.262063
5.765 0.583129 -0.261341
5.77 0.5793 -0.260603
5.775 0.575424 -0.259847
5.78 0.571501 -0.259074
5.785 0.567531 -0.258283
5.79 0.563515 -0.257475
5.795 0.559452 -0.256649
5.8 0.555342 -0.255806
5.805 0.551186 -0.254945
5.81 0.546983 -0.254066
5.815 0.542732 -0.253169
5.82 0.538435 -0.252255
5.825 0.534092 -0.251323
5.83 0.529701 -0.250373
5.835 0.525264 -0.249405
5.84 0.520779 -0.248419
5.845 0.516248 -0.247415
5.85 0.51167 -0.246393
5.855 0.507046 -0.245353
5.86 0.502374 -0.244295
5.865 0.497656 -0.243219
5.87 0.492891 -0.242124
5.875 0.488079 -0.241012
5.88 0.483221 -0.239881
5.885 0.478315 -0.238732
5.89 0.473364 -0.237565
5.895 0.468365 -0.236379
5.9 0.46332 -0.235175
5.905 0.458229 -0.233953
5.91 0.453091 -0.232712
5.915 0.447907 -0.231453
5.92 0.442676 -0.230176
5.925 0.437399 -0.22888
5.93 0.432076 -0.227565
5.935 0.426707 -0.226233
5.94 0.421291 -0.224881
5.945 0.41583 -0.223512
5.95 0.410322 -0.222123
5.955 0.404769 -0.220717
5.96 0.39917 -0.219291
5.965 0.393525 -0.217848
5.97 0.387835 -0.216385
5.975 0.382099 -0.214904
5.98 0.376318 -0.213405
5.985 0.370492 -0.211887
5.99 0.36462 -0.21035
5.995 0.358704 -0.208795
6 0.352742 -0.207222
6.005 0.346735 -0.20563
6.01 0.340684 -0.204019
6.015 0.334588 -0.20239
6.02 0.328448 -0.200742
6.025 0.322264 -0.199076
6.03 0.316035 -0.197391
6.035 0.309762 -0.195688
6.04 0.303445 -0.193966
6.045 0.297085 -0.192226
6.05 0.290681 -0.190467
6.055 0.284233 -0.18869
6.06 0.277743 -0.186894
6.065 0.271209 -0.18508
6.07 0.264632 -0.183248
6.075 0.258012 -0.181397
6.08 0.25135 -0.179528
6.085 0.244646 -0.177641
6.09 0.237899 -0.175736
6.095 0.23111 -0.173812
6.1 0.224279 -0.17187
6.105 0.217407 -0.169909
6.11 0.210493 -0.167931
6.115 0.203538 -0.165934
6.12 0.196542 -0.16392
6.125 0.189505 -0.161887
6.13 0.182427 -0.159836
6.135 0.175309 -0.157768
6.14 0.168151 -0.155681
6.145 0.160953 -0.153577
6.15 0.153715 -0.151454
6.155 0.146438 -0.149314
6.16 0.139121 -0.147156
6.165 0.131766 -0.144981
6.17 0.124372 -0.142788
6.175 0.116939 -0.140577
6.18 0.109468 -0.138349
6.185 0.101959 -0.136103
6.19 0.0944126 -0.13384
6.195 0.0868286 -0.131559
6.2 0.0792074 -0.129261
6.205 0.0715493 -0.126946
6.21 0.0638546 -0.124614
6.215 0.0561235 -0.122264
6.22 0.0483565 -0.119898
6.225 0.0405537 -0.117514
6.23 0.0327154 -0.115114
6.235 0.024842 -0.112696
6.24 0.0169338 -0.110262
6.245 0.00899105 -0.107812
6.25 0.00101407 -0.105344
6.255 -0.00699681 -0.10286
6.26 -0.0150413 -0.10036
6.265 -0.023119 -0.0978434
6.27 -0.0312296 -0.0953104
6.275 -0.0393729 -0.0927612
6.28 -0.0475484 -0.0901958
6.285 -0.0557558 -0.0876144
6.29 -0.0639948 -0.085017
6.295 -0.072265 -0.0824038
6.3 -0.0805661 -0.0797748
6.305 -0.0888976 -0.0771301
6.31 -0.0972594 -0.0744699
6.315 -0.105651 -0.0717941
6.32 -0.114072 -0.0691029
6.325 -0.122522 -0.0663965
6.33 -0.131001 -0.0636749
6.335 -0.139508 -0.0609382
6.34 -0.148042 -0.0581865
6.345 -0.156605 -0.0554199
6.35 -0.165194 -0.0526385
6.355 -0.173811 -0.0498425
6.36 -0.182453 -0.047032
6.365 -0.191122 -0.044207
6.37 -0.199816 -0.0413676
6.375 -0.208535 -0.0385141
6.38 -0.217279 -0.0356465
6.385 -0.226047 -0.0327649
6.39 -0.234839 -0.0298694
6.395 -0.243655 -0.0269602
6.4 -0.252493 -0.0240374
6.405 -0.261354 -0.0211012
6.41 -0.270237 -0.0181515
6.415 -0.279142 -0.0151887
6.42 -0.288068 -0.0122127
6.425 -0.297015 -0.00922374
6.43 -0.305982 -0.00622196
6.435 -0.314969 -0.00320748
6.44 -0.323976 -0.000180425
6.445 -0.333001 0.00285906
6.45 -0.342046 0.00591084
6.455 -0.351108 0.00897477
6.46 -0.360187 0.0120507
6.465 -0.369284 0.0151385
6.47 -0.378397 0.0182381
6.475 -0.387527 0.0213492
6.48 -0.396672 0.0244717
6.485 -0.405832 0.0276056
6.49 -0.415007 0.0307505
6.495 -0.424196 0.0339064
6.5 -0.433399 0.0370732
6.505 -0.442615 0.0402506
6.51 -0.451843 0.0434386
6.515 -0.461084 0.0466369
6.52 -0.470336 0.0498454
6.525 -0.4796 0.0530639
6.53 -0.488874 0.0562923
6.535 -0.498158 0.0595305
6.54 -0.507451 0.0627781
6.545 -0.516754 0.0660352
6.55 -0.526065 0.0693014
6.555 -0.535384 0.0725767
6.56 -0.54471 0.0758609
6.565 -0.554043 0.0791538
6.57 -0.563383 0.0824552
6.575 -0.572728 0.0857649
6.58 -0.582079 0.0890828
6.585 -0.591434 0.0924088
6.59 -0.600793 0.0957425
6.595 -0.610156 0.0990839
6.6 -0.619522 0.102433
6.605 -0.62889 0.105789
6.61 -0.63826 0.109152
6.615 -0.647632 0.112522
6.62 -0.657004 0.115899
6.625 -0.666376 0.119282
6.63 -0.675748 0.122672
6.635 -0.685119 0.126068
6.64 -0.694488 0.129469
6.645 -0.703855 0.132877
6.65 -0.713219 0.13629
6.655 -0.72258 0.139709
6.66 -0.731937 0.143132
6.665 -0.741289 0.146561
6.67 -0.750636 0.149994
6.675 -0.759978 0.153432
6.68 -0.769313 0.156875
6.685 -0.778641 0.160321
6.69 -0.787962 0.163772
6.695 -0.797274 0.167226
6.7 -0.806578 0.170684
6.705 -0.815872 0.174145
6.71 -0.825156 0.177609
6.715 -0.83443 0.181076
6.72 -0.843692 0.184546
6.725 -0.852943 0.188019
6.73 -0.862181 0.191494
6.735 -0.871405 0.194971
6.74 -0.880617 0.198449
6.745 -0.889813 0.20193
6.75 -0.898995 0.205411
6.755 -0.908161 0.208894
6.76 -0.917311 0.212378
6.765 -0.926444 0.215863
6.77 -0.93556 0.219349
6.775 -0.944657 0.222834
6.78 -0.953736 0.22632
6.785 -0.962795 0.229806
6.79 -0.971834 0.233291
6.795 -0.980852 0.236776
6.8 -0.989849 0.24026
6.805 -0.998824 0.243743
6.81 -1.00778 0.247224
6.815 -1.01671 0.250705
6.82 -1.02561 0.254183
6.825 -1.03449 0.25766
6.83 -1.04335 0.261134
6.835 -1.05218 0.264606
6.84 -1.06098 0.268076
6.845 -1.06975 0.271542
6.85 -1.0785 0.275006
6.855 -1.08722 0.278466
6.86 -1.09591 0.281922
6.865 -1.10457 0.285375
6.87 -1.1132 0.288824
6.875 -1.1218 0.292268
6.88 -1.13037 0.295708
6.885 -1.1389 0.299143
6.89 -1.1474 0.302574
6.895 -1.15587 0.305998
6.9 -1.1643 0.309418
6.905 -1.1727 0.312832
6.91 -1.18106 0.316239
6.915 -1.18939 0.319641
6.92 -1.19768 0.323036
6.925 -1.20593 0.326424
6.93 -1.21414 0.329806
6.935 -1.22232 0.33318
6.94 -1.23045 0.336547
6.945 -1.23854 0.339906
6.95 -1.2466 0.343257
6.955 -1.25461 0.3466
6.96 -1.26258 0.349935
6.965 -1.2705 0.353261
6.97 -1.27839 0.356578
6.975 -1.28622 0.359886
6.98 -1.29402 0.363185
6.985 -1.30176 0.366474
6.99 -1.30947 0.369753
6.995 -1.31712 0.373022
7 -1.32473 0.376281
7.005 -1.33229 0.379528
7.01 -1.3398 0.382766
7.015 -1.34726 0.385991
7.02 -1.35467 0.389206
7.025 -1.36202 0.392409
7.03 -1.36933 0.3956
7.035 -1.37659 0.398779
7.04 -1.38379 0.401945
7.045 -1.39094 0.405099
7.05 -1.39804 0.40824
7.055 -1.40508 0.411368
7.06 -1.41206 0.414483
7.065 -1.41899 0.417583
7.07 -1.42587 0.42067
7.075 -1.43268 0.423743
7.08 -1.43944 0.426802
7.085 -1.44614 0.429846
7.09 -1.45278 0.432875
7.095 -1.45936 0.435889
7.1 -1.46589 0.438887
7.105 -1.47234 0.44187
7.11 -1.47874 0.444837
7.115 -1.48508 0.447788
7.12 -1.49135 0.450723
7.125 -1.49756 0.453641
7.13 -1.50371 0.456542
7.135 -1.50979 0.459426
7.14 -1.51581 0.462293
7.145 -1.52176 0.465142
7.15 -1.52764 0.467973
7.155 -1.53346 0.470786
7.16 -1.53921 0.473581
7.165 -1.54489 0.476357
7.17 -1.5505 0.479115
7.175 -1.55604 0.481853
7.18 -1.56151 0.484572
7.185 -1.56692 0.487272
7.19 -1.57225 0.489952
7.195 -1.57751 0.492612
7.2 -1.58269 0.495251
7.205 -1.58781 0.49787
7.21 -1.59285 0.500469
7.215 -1.59782 0.503046
7.22 -1.60271 0.505602
7.225 -1.60752 0.508137
7.23 -1.61227 0.51065
7.235 -1.61693 0.513141
7.24 -1.62152 0.51561
7.245 -1.62603 0.518056
7.25 -1.63046 0.52048
7.255 -1.63482 0.522881
7.26 -1.63909 0.525259
7.265 -1.64329 0.527614
7.27 -1.64741 0.529945
7.275 -1.65144 0.532252
7.28 -1.6554 0.534535
7.285 -1.65927 0.536795
7.29 -1.66307 0.539029
7.295 -1.66677 0.541239
7.3 -1.6704 0.543424
7.305 -1.67394 0.545584
7.31 -1.6774 0.547719
7.315 -1.68078 0.549828
7.32 -1.68407 0.551911
7.325 -1.68727 0.553969
7.33 -1.69039 0.556
7.335 -1.69342 0.558004
7.34 -1.69636 0.559982
7.345 -1.69922 0.561933
7.35 -1.70199 0.563858
7.355 -1.70467 0.565754
7.36 -1.70727 0.567624
7.365 -1.70977 0.569465
7.37 -1.71219 0.571279
7.375 -1.71451 0.573065
7.38 -1.71675 0.574822
7.385 -1.71889 0.576551
7.39 -1.72094 0.578251
7.395 -1.7229 0.579922
7.4 -1.72477 0.581564
7.405 -1.72655 0.583177
7.41 -1.72823 0.58476
7.415 -1.72982 0.586314
7.42 -1.73132 0.587838
7.425 -1.73272 0.589331
7.43 -1.73403 0.590795
7.435 -1.73525 0.592228
7.44 -1.73637 0.59363
7.445 -1.73739 0.595001
7.45 -1.73832 0.596342
7.455 -1.73915 0.597651
7.46 -1.73989 0.598929
7.465 -1.74053 0.600176
7.47 -1.74107 0.60139
7.475 -1.74151 0.602573
7.48 -1.74186 0.603724
7.485 -1.74211 0.604843
7.49 -1.74226 0.605929
7.495 -1.74232 0.606983
7.5 -1.74227 0.608004
7.505 -1.74213 0.608992
7.51 -1.74188 0.609947
7.515 -1.74154 0.610869
7.52 -1.74109 0.611757
7.525 -1.74055 0.612612
7.53 -1.73991 0.613433
7.535 -1.73916 0.614221
7.54 -1.73832 0.614975
7.545 -1.73737 0.615694
7.55 -1.73632 0.616379
7.555 -1.73517 0.61703
7.56 -1.73392 0.617647
7.565 -1.73257 0.618228
7.57 -1.73112 0.618775
7.575 -1.72956 0.619287
7.58 -1.7279 0.619764
7.585 -1.72614 0.620206
7.59 -1.72427 0.620612
7.595 -1.72231 0.620983
7.6 -1.72024 0.621319
7.605 -1.71806 0.621618
7.61 -1.71578 0.621882
7.615 -1.7134 0.622111
7.62 -1.71092 0.622303
7.625 -1.70833 0.622459
7.63 -1.70564 0.622578
7.635 -1.70285 0.622662
7.64 -1.69995 0.622708
7.645 -1.69694 0.622719
7.65 -1.69384 0.622693
7.655 -1.69062 0.62263
7.66 -1.68731 0.62253
7.665 -1.68389 0.622393
7.67 -1.68036 0.622219
7.675 -1.67674 0.622008
7.68 -1.673 0.62176
7.685 -1.66916 0.621475
7.69 -1.66522 0.621152
7.695 -1.66118 0.620792
7.7 -1.65703 0.620395
7.705 -1.65277 0.61996
7.71 -1.64841 0.619487
7.715 -1.64395 0.618976
7.72 -1.63938 0.618428
7.725 -1.63471 0.617842
7.73 -1.62993 0.617218
7.735 -1.62505 0.616557
7.74 -1.62006 0.615857
7.745 -1.61497 0.615119
7.75 -1.60978 0.614343
7.755 -1.60448 0.613529
7.76 -1.59908 0.612677
7.765 -1.59358 0.611787
7.77 -1.58797 0.610859
7.775 -1.58226 0.609892
7.78 -1.57644 0.608887
7.785 -1.57053 0.607844
7.79 -1.56451 0.606762
7.795 -1.55838 0.605642
7.8 -1.55215 0.604484
7.805 -1.54583 0.603287
7.81 -1.53939 0.602052
7.815 -1.53286 0.600778
7.82 -1.52623 0.599466
7.825 -1.51949 0.598115
7.83 -1.51265 0.596727
7.835 -1.50571 0.595299
7.84 -1.49867 0.593834
7.845 -1.49153 0.59233
7.85 -1.48428 0.590787
7.855 -1.47694 0.589206
7.86 -1.4695 0.587587
7.865 -1.46196 0.585929
7.87 -1.45431 0.584233
7.875 -1.44657 0.582499
7.88 -1.43873 0.580727
7.885 -1.43079 0.578916
7.89 -1.42275 0.577067
7.895 -1.41462 0.57518
7.9 -1.40639 0.573255
7.905 -1.39805 0.571291
7.91 -1.38963 0.56929
7.915 -1.3811 0.567251
7.92 -1.37248 0.565173
7.925 -1.36377 0.563058
7.93 -1.35495 0.560905
7.935 -1.34605 0.558715
7.94 -1.33705 0.556486
7.945 -1.32795 0.55422
7.95 -1.31876 0.551917
7.955 -1.30948 0.549576
7.96 -1.3001 0.547197
7.965 -1.29063 0.544781
7.97 -1.28107 0.542328
7.975 -1.27141 0.539838
7.98 -1.26167 0.537311
7.985 -1.25183 0.534747
7.99 -1.24191 0.532146
7.995 -1.23189 0.529508
8 -1.22179 0.526833
8.005 -1.21159 0.524122
8.01 -1.20131 0.521375
8.015 -1.19094 0.518591
8.02 -1.18048 0.51577
8.025 -1.16994 0.512914
8.03 -1.15931 0.510022
8.035 -1.14859 0.507094
8.04 -1.13779 0.50413
8.045 -1.12691 0.50113
8.05 -1.11594 0.498095
8.055 -1.10488 0.495025
8.06 -1.09375 0.491919
8.065 -1.08253 0.488779
8.07 -1.07123 0.485603
8.075 -1.05985 0.482393
8.08 -1.04839 0.479147
8.085 -1.03685 0.475868
8.09 -1.02523 0.472554
8.095 -1.01353 0.469206
8.1 -1.00175 0.465824
8.105 -0.989897 0.462408
8.11 -0.977968 0.458959
8.115 -0.965962 0.455476
8.12 -0.953881 0.45196
8.125 -0.941726 0.44841
8.13 -0.929497 0.444828
8.135 -0.917195 0.441213
8.14 -0.904821 0.437565
8.145 -0.892375 0.433885
8.15 -0.879858 0.430172
8.155 -0.867272 0.426428
8.16 -0.854615 0.422652
8.165 -0.841891 0.418844
8.17 -0.829098 0.415005
8.175 -0.816238 0.411135
8.18 -0.803312 0.407233
8.185 -0.79032 0.403301
8.19 -0.777264 0.399339
8.195 -0.764143 0.395346
8.2 -0.75096 0.391322
8.205 -0.737714 0.387269
8.21 -0.724406 0.383187
8.215 -0.711038 0.379075
8.22 -0.69761 0.374933
8.225 -0.684122 0.370763
8.23 -0.670577 0.366564
8.235 -0.656974 0.362337
8.24 -0.643314 0.358081
8.245 -0.629599 0.353798
8.25 -0.615829 0.349486
8.255 -0.602005 0.345147
8.26 -0.588128 0.340781
8.265 -0.574199 0.336388
8.27 -0.560218 0.331969
8.275 -0.546187 0.327522
8.28 -0.532106 0.32305
8.285 -0.517977 0.318552
8.29 -0.503801 0.314028
8.295 -0.489577 0.309479
8.3 -0.475308 0.304904
8.305 -0.460994 0.300305
8.31 -0.446635 0.295682
8.315 -0.432234 0.291034
8.32 -0.417791 0.286362
8.325 -0.403306 0.281667
8.33 -0.388782 0.276948
8.335 -0.374218 0.272206
8.34 -0.359616 0.267441
8.345 -0.344977 0.262654
8.35 -0.330301 0.257845
8.355 -0.315591 0.253014
8.36 -0.300846 0.248162
8.365 -0.286067 0.243288
8.37 -0.271257 0.238393
8.375 -0.256415 0.233478
8.38 -0.241543 0.228542
8.385 -0.226641 0.223586
8.39 -0.211712 0.218611
8.395 -0.196755 0.213616
8.4 -0.181772 0.208603
8.405 -0.166764 0.20357
8.41 -0.151731 0.19852
8.415 -0.136676 0.193451
8.42 -0.121599 0.188365
8.425 -0.1065 0.183261
8.43 -0.0913823 0.178141
8.435 -0.0762452 0.173003
8.44 -0.0610904 0.16785
8.445 -0.0459188 0.16268
8.45 -0.0307316 0.157495
8.455 -0.0155299 0.152295
8.46 -0.00031457 0.147079
8.465 0.0149131 0.141849
8.47 0.0301522 0.136605
8.475 0.0454014 0.131347
8.48 0.0606599 0.126076
8.485 0.0759264 0.120792
8.49 0.0911998 0.115494
8.495 0.106479 0.110184
8.5 0.121763 0.104863
8.505 0.137051 0.0995294
8.51 0.152341 0.0941847
8.515 0.167633 0.0888291
8.52 0.182925 0.083463
8.525 0.198216 0.0780867
8.53 0.213505 0.0727006
8.535 0.228792 0.0673051
8.54 0.244074 0.0619005
8.545 0.259351 0.0564873
8.55 0.274621 0.0510659
8.555 0.289884 0.0456365
8.56 0.305138 0.0401997
8.565 0.320382 0.0347557
8.57 0.335616 0.0293051
8.575 0.350837 0.0238481
8.58 0.366045 0.0183851
8.585 0.381239 0.0129166
8.59 0.396417 0.00744301
8.595 0.411579 0.00196463
8.6 0.426723 -0.00351812
8.605 0.441848 -0.00900483
8.61 0.456953 -0.0144951
8.615 0.472036 -0.0199885
8.62 0.487097 -0.0254847
8.625 0.502135 -0.0309833
8.63 0.517148 -0.0364838
8.635 0.532136 -0.0419858
8.64 0.547096 -0.047489
8.645 0.562028 -0.0529929
8.65 0.576931 -0.0584972
8.655 0.591804 -0.0640014
8.66 0.606645 -0.0695051
8.665 0.621453 -0.0750079
8.67 0.636227 -0.0805093
8.675 0.650967 -0.0860091
8.68 0.66567 -0.0915068
8.685 0.680336 -0.0970018
8.69 0.694963 -0.102494
8.695 0.709551 -0.107983
8.7 0.724099 -0.113468
8.705 0.738604 -0.118949
8.71 0.753066 -0.124425
8.715 0.767484 -0.129896
8.72 0.781857 -0.135361
8.725 0.796183 -0.140821
8.73 0.810462 -0.146275
8.735 0.824692 -0.151722
8.74 0.838872 -0.157161
8.745 0.853002 -0.162594
8.75 0.867079 -0.168018
8.755 0.881102 -0.173434
8.76 0.895072 -0.178841
8.765 0.908986 -0.184238
8.77 0.922843 -0.189627
8.775 0.936642 -0.195005
8.78 0.950383 -0.200372
8.785 0.964063 -0.205729
8.79 0.977683 -0.211075
8.795 0.99124 -0.216408
8.8 1.00473 -0.22173
8.805 1.01816 -0.227039
8.81 1.03153 -0.232335
8.815 1.04482 -0.237618
8.82 1.05805 -0.242887
8.825 1.07121 -0.248141
8.83 1.08431 -0.253381
8.835 1.09732 -0.258606
8.84 1.11027 -0.263815
8.845 1.12315 -0.269009
8.85 1.13595 -0.274186
8.855 1.14867 -0.279346
8.86 1.16132 -0.284489
8.865 1.17389 -0.289615
8.87 1.18638 -0.294723
8.875 1.1988 -0.299812
8.88 1.21113 -0.304882
8.885 1.22338 -0.309934
8.89 1.23555 -0.314965
8.895 1.24763 -0.319977
8.9 1.25963 -0.324968
8.905 1.27154 -0.329938
8.91 1.28337 -0.334887
8.915 1.29511 -0.339815
8.92 1.30676 -0.34472
8.925 1.31832 -0.349603
8.93 1.32979 -0.354462
8.935 1.34116 -0.359299
8.94 1.35245 -0.364112
8.945 1.36364 -0.368901
8.95 1.37473 -0.373665
8.955 1.38573 -0.378405
8.96 1.39664 -0.383119
8.965 1.40744 -0.387807
8.97 1.41815 -0.39247
8.975 1.42876 -0.397105
8.98 1.43926 -0.401715
8.985 1.44967 -0.406296
8.99 1.45997 -0.410851
8.995 1.47017 -0.415377
9 1.48026 -0.419874
9.005 1.49025 -0.424343
9.01 1.50014 -0.428783
9.015 1.50991 -0.433194
9.02 1.51958 -0.437574
9.025 1.52914 -0.441924
9.03 1.53859 -0.446243
9.035 1.54793 -0.450532
9.04 1.55716 -0.454788
9.045 1.56627 -0.459014
9.05 1.57528 -0.463207
9.055 1.58416 -0.467367
9.06 1.59294 -0.471494
9.065 1.6016 -0.475589
9.07 1.61014 -0.479649
9.075 1.61856 -0.483676
9.08 1.62687 -0.487668
9.085 1.63506 -0.491626
9.09 1.64313 -0.495549
9.095 1.65108 -0.499436
9.1 1.6589 -0.503288
9.105 1.66661 -0.507103
9.11 1.67419 -0.510882
9.115 1.68165 -0.514625
9.12 1.68898 -0.51833
9.125 1.69619 -0.521998
9.13 1.70328 -0.525628
9.135 1.71024 -0.52922
9.14 1.71707 -0.532774
9.145 1.72377 -0.536289
9.15 1.73035 -0.539765
9.155 1.73679 -0.543201
9.16 1.74311 -0.546598
9.165 1.7493 -0.549955
9.17 1.75535 -0.553272
9.175 1.76128 -0.556548
9.18 1.76707 -0.559783
9.185 1.77273 -0.562976
9.19 1.77826 -0.566129
9.195 1.78365 -0.569239
9.2 1.78891 -0.572308
9.205 1.79403 -0.575334
9.21 1.79902 -0.578317
9.215 1.80387 -0.581257
9.22 1.80858 -0.584154
9.225 1.81316 -0.587008
9.23 1.8176 -0.589817
9.235 1.8219 -0.592583
9.24 1.82606 -0.595304
9.245 1.83008 -0.597981
9.25 1.83397 -0.600613
9.255 1.83771 -0.603199
9.26 1.84131 -0.605741
9.265 1.84477 -0.608236
9.27 1.84809 -0.610686
9.275 1.85127 -0.61309
9.28 1.8543 -0.615447
9.285 1.8572 -0.617757
9.29 1.85994 -0.620021
9.295 1.86255 -0.622238
9.3 1.86501 -0.624407
9.305 1.86733 -0.626529
9.31 1.8695 -0.628603
9.315 1.87153 -0.630629
9.32 1.87341 -0.632607
9.325 1.87515 -0.634536
9.33 1.87674 -0.636417
9.335 1.87819 -0.638249
9.34 1.87948 -0.640032
9.345 1.88064 -0.641765
9.35 1.88164 -0.64345
9.355 1.8825 -0.645085
9.36 1.88321 -0.646669
9.365 1.88377 -0.648204
9.37 1.88419 -0.649689
9.375 1.88445 -0.651124
9.38 1.88457 -0.652508
9.385 1.88454 -0.653841
9.39 1.88436 -0.655124
9.395 1.88404 -0.656356
9.4 1.88356 -0.657536
9.405 1.88294 -0.658665
9.41 1.88216 -0.659743
9.415 1.88124 -0.66077
9.42 1.88017 -0.661744
9.425 1.87895 -0.662667
9.43 1.87757 -0.663538
9.435 1.87605 -0.664357
9.44 1.87438 -0.665123
9.445 1.87257 -0.665838
9.45 1.8706 -0.666499
9.455 1.86848 -0.667109
9.46 1.86621 -0.667665
9.465 1.8638 -0.668169
9.47 1.86123 -0.668621
9.475 1.85851 -0.669019
9.48 1.85565 -0.669364
9.485 1.85264 -0.669656
9.49 1.84947 -0.669895
9.495 1.84616 -0.670081
9.5 1.8427 -0.670213
9.505 1.83909 -0.670292
9.51 1.83533 -0.670318
9.515 1.83143 -0.67029
9.52 1.82737 -0.670208
9.525 1.82317 -0.670073
9.53 1.81882 -0.669884
9.535 1.81432 -0.669642
9.54 1.80968 -0.669346
9.545 1.80488 -0.668996
9.55 1.79994 -0.668592
9.555 1.79486 -0.668135
9.56 1.78962 -0.667624
9.565 1.78424 -0.667059
9.57 1.77872 -0.66644
9.575 1.77305 -0.665767
9.58 1.76723 -0.665041
9.585 1.76127 -0.664261
9.59 1.75517 -0.663427
9.595 1.74892 -0.662539
9.6 1.74252 -0.661597
9.605 1.73598 -0.660602
9.61 1.7293 -0.659552
9.615 1.72248 -0.65845
9.62 1.71552 -0.657293
9.625 1.70841 -0.656083
9.63 1.70116 -0.65482
9.635 1.69377 -0.653502
9.64 1.68624 -0.652132
9.645 1.67857 -0.650708
9.65 1.67076 -0.649231
9.655 1.66282 -0.6477
9.66 1.65473 -0.646116
9.665 1.6465 -0.64448
9.67 1.63814 -0.64279
9.675 1.62964 -0.641047
9.68 1.62101 -0.639252
9.685 1.61224 -0.637403
9.69 1.60333 -0.635502
9.695 1.59429 -0.633549
9.7 1.58512 -0.631543
9.705 1.57581 -0.629485
9.71 1.56637 -0.627374
9.715 1.5568 -0.625212
9.72 1.5471 -0.622998
9.725 1.53726 -0.620732
9.73 1.5273 -0.618414
9.735 1.51721 -0.616045
9.74 1.50699 -0.613624
9.745 1.49664 -0.611152
9.75 1.48616 -0.608629
9.755 1.47556 -0.606056
9.76 1.46484 -0.603431
9.765 1.45398 -0.600756
9.77 1.44301 -0.598031
9.775 1.43191 -0.595255
9.78 1.42069 -0.59243
9.785 1.40934 -0.589554
9.79 1.39788 -0.586629
9.795 1.3863 -0.583655
9.8 1.3746 -0.580631
9.805 1.36278 -0.577559
9.81 1.35084 -0.574437
9.815 1.33878 -0.571267
9.82 1.32662 -0.568049
9.825 1.31433 -0.564782
9.83 1.30193 -0.561468
9.835 1.28942 -0.558106
9.84 1.2768 -0.554696
9.845 1.26407 -0.551239
9.85 1.25123 -0.547735
9.855 1.23828 -0.544185
9.86 1.22522 -0.540588
9.865 1.21205 -0.536945
9.87 1.19878 -0.533256
9.875 1.1854 -0.529521
9.88 1.17192 -0.525741
9.885 1.15834 -0.521916
9.89 1.14466 -0.518046
9.895 1.13087 -0.514132
9.9 1.11699 -0.510173
9.905 1.103 -0.50617
9.91 1.08892 -0.502124
9.915 1.07474 -0.498034
9.92 1.06047 -0.493901
9.925 1.04611 -0.489725
9.93 1.03165 -0.485507
9.935 1.01709 -0.481247
9.94 1.00245 -0.476945
9.945 0.987721 -0.472602
9.95 0.972901 -0.468218
9.955 0.957994 -0.463792
9.96 0.943001 -0.459326
9.965 0.927923 -0.454821
9.97 0.912761 -0.450275
9.975 0.897517 -0.44569
9.98 0.882192 -0.441066
9.985 0.866787 -0.436403
9.99 0.851303 -0.431702
9.995 0.835741 -0.426962
10 0.820104 -0.422186
10.005 0.804391 -0.417371
10.01 0.788604 -0.41252
10.015 0.772745 -0.407633
10.02 0.756815 -0.402709
10.025 0.740815 -0.39775
10.03 0.724746 -0.392755
10.035 0.70861 -0.387726
10.04 0.692408 -0.382662
10.045 0.676142 -0.377563
10.05 0.659811 -0.372431
10.055 0.643419 -0.367266
10.06 0.626967 -0.362068
10.065 0.610455 -0.356837
10.07 0.593885 -0.351574
10.075 0.577258 -0.34628
10.08 0.560576 -0.340954
10.085 0.54384 -0.335597
10.09 0.527052 -0.33021
10.095 0.510213 -0.324793
10.1 0.493324 -0.319347
10.105 0.476386 -0.313871
10.11 0.459402 -0.308367
10.115 0.442372 -0.302835
10.12 0.425298 -0.297275
10.125 0.408181 -0.291687
10.13 0.391024 -0.286073
10.135 0.373826 -0.280433
10.14 0.35659 -0.274766
10.145 0.339317 -0.269074
10.15 0.322008 -0.263357
10.155 0.304666 -0.257616
10.16 0.28729 -0.25185
10.165 0.269884 -0.246061
10.17 0.252448 -0.240249
10.175 0.234984 -0.234414
10.18 0.217493 -0.228557
10.185 0.199977 -0.222678
10.19 0.182437 -0.216779
10.195 0.164875 -0.210858
10.2 0.147292 -0.204918
10.205 0.129689 -0.198957
10.21 0.112069 -0.192978
10.215 0.0944327 -0.18698
10.22 0.0767814 -0.180963
10.225 0.0591168 -0.174929
10.23 0.0414404 -0.168878
10.235 0.0237536 -0.16281
10.24 0.00605811 -0.156725
10.245 -0.0116447 -0.150626
10.25 -0.0293532 -0.144511
10.255 -0.047066 -0.138381
10.26 -0.0647815 -0.132237
10.265 -0.0824982 -0.12608
10.27 -0.100215 -0.119909
10.275 -0.117929 -0.113726
10.28 -0.13564 -0.107531
10.285 -0.153346 -0.101325
10.29 -0.171046 -0.0951072
10.295 -0.188738 -0.0888792
10.3 -0.20642 -0.0826413
10.305 -0.224091 -0.0763939
10.31 -0.24175 -0.0701377
10.315 -0.259395 -0.0638732
10.32 -0.277023 -0.0576008
10.325 -0.294635 -0.0513212
10.33 -0.312228 -0.0450349
10.335 -0.329801 -0.0387424
10.34 -0.347352 -0.0324442
10.345 -0.364879 -0.026141
10.35 -0.382382 -0.0198331
10.355 -0.399859 -0.0135213
10.36 -0.417307 -0.00720597
10.365 -0.434726 -0.000887722
10.37 -0.452114 0.00543292
10.375 -0.46947 0.0117554
10.38 -0.486791 0.0180792
10.385 -0.504077 0.0244037
10.39 -0.521325 0.0307284
10.395 -0.538536 0.0370527
10.4 -0.555706 0.0433762
10.405 -0.572834 0.0496982
10.41 -0.589919 0.0560182
10.415 -0.606959 0.0623356
10.42 -0.623953 0.0686499
10.425 -0.6409 0.0749606
10.43 -0.657797 0.081267
10.435 -0.674643 0.0875687
10.44 -0.691437 0.0938651
10.445 -0.708178 0.100156
10.45 -0.724863 0.10644
10.455 -0.741491 0.112717
10.46 -0.758061 0.118986
10.465 -0.774572 0.125248
10.47 -0.791021 0.131501
10.475 -0.807408 0.137745
10.48 -0.82373 0.143978
10.485 -0.839987 0.150202
10.49 -0.856176 0.156415
10.495 -0.872297 0.162616
10.5 -0.888348 0.168806
10.505 -0.904328 0.174983
10.51 -0.920234 0.181147
10.515 -0.936067 0.187297
10.52 -0.951823 0.193434
10.525 -0.967502 0.199555
10.53 -0.983103 0.205662
10.535 -0.998623 0.211752
10.54 -1.01406 0.217827
10.545 -1.02942 0.223884
10.55 -1.04469 0.229924
10.555 -1.05988 0.235946
10.56 -1.07498 0.24195
10.565 -1.08999 0.247934
10.57 -1.10491 0.253899
10.575 -1.11974 0.259844
10.58 -1.13447 0.265768
10.585 -1.14911 0.271671
10.59 -1.16366 0.277553
10.595 -1.17811 0.283412
10.6 -1.19247 0.289248
10.605 -1.20672 0.295061
10.61 -1.22087 0.300851
10.615 -1.23492 0.306615
10.62 -1.24887 0.312355
10.625 -1.26271 0.31807
10.63 -1.27645 0.323759
10.635 -1.29008 0.329421
10.64 -1.3036 0.335056
10.645 -1.31701 0.340664
10.65 -1.33031 0.346244
10.655 -1.3435 0.351795
10.66 -1.35658 0.357318
10.665 -1.36954 0.36281
10.67 -1.38238 0.368273
10.675 -1.39511 0.373705
10.68 -1.40772 0.379107
10.685 -1.42021 0.384476
10.69 -1.43258 0.389814
10.695 -1.44483 0.395119
10.7 -1.45695 0.400392
10.705 -1.46895 0.40563
10.71 -1.48083 0.410835
10.715 -1.49258 0.416005
10.72 -1.5042 0.421141
10.725 -1.51569 0.426241
10.73 -1.52705 0.431305
10.735 -1.53828 0.436332
10.74 -1.54938 0.441323
10.745 -1.56035 0.446277
10.75 -1.57118 0.451192
10.755 -1.58188 0.45607
10.76 -1.59244 0.460909
10.765 -1.60287 0.465709
10.77 -1.61315 0.470469
10.775 -1.6233 0.475189
10.78 -1.63331 0.479868
10.785 -1.64317 0.484507
10.79 -1.65289 0.489104
10.795 -1.66247 0.49366
10.8 -1.67191 0.498173
10.805 -1.6812 0.502644
10.81 -1.69035 0.507071
10.815 -1.69935 0.511455
10.82 -1.7082 0.515795
10.825 -1.7169 0.520091
10.83 -1.72545 0.524342
10.835 -1.73385 0.528548
10.84 -1.7421 0.532708
10.845 -1.7502 0.536823
10.85 -1.75815 0.540891
10.855 -1.76594 0.544912
10.86 -1.77358 0.548886
10.865 -1.78106 0.552812
10.87 -1.78839 0.556691
10.875 -1.79556 0.560522
10.88 -1.80258 0.564303
10.885 -1.80943 0.568036
10.89 -1.81613 0.571719
10.895 -1.82266 0.575353
10.9 -1.82904 0.578936
10.905 -1.83526 0.582469
10.91 -1.84131 0.585951
10.915 -1.8472 0.589382
10.92 -1.85293 0.592762
10.925 -1.8585 0.59609
10.93 -1.8639 0.599365
10.935 -1.86914 0.602588
10.94 -1.87421 0.605759
10.945 -1.87911 0.608876
10.95 -1.88385 0.61194
10.955 -1.88843 0.61495
10.96 -1.89283 0.617906
10.965 -1.89707 0.620808
10.97 -1.90114 0.623655
10.975 -1.90504 0.626447
10.98 -1.90877 0.629184
10.985 -1.91233 0.631865
10.99 -1.91572 0.634491
10.995 -1.91894 0.637061
11 -1.922 0.639574
11.005 -1.92487 0.642031
11.01 -1.92758 0.644431
11.015 -1.93012 0.646774
11.02 -1.93248 0.64906
11.025 -1.93467 0.651288
11.03 -1.93669 0.653459
11.035 -1.93853 0.655571
11.04 -1.9402 0.657626
11.045 -1.9417 0.659621
11.05 -1.94303 0.661558
11.055 -1.94418 0.663437
11.06 -1.94515 0.665256
11.065 -1.94595 0.667016
11.07 -1.94658 0.668716
11.075 -1.94703 0.670357
11.08 -1.9473 0.671938
11.085 -1.9474 0.673459
11.09 -1.94733 0.67492
11.095 -1.94708 0.67632
11.1 -1.94665 0.67766
11.105 -1.94605 0.67894
11.11 -1.94528 0.680158
11.115 -1.94432 0.681316
11.12 -1.9432 0.682412
11.125 -1.94189 0.683447
11.13 -1.94042 0.684421
11.135 -1.93876 0.685333
11.14 -1.93693 0.686184
11.145 -1.93493 0.686973
11.15 -1.93275 0.6877
11.155 -1.93039 0.688366
11.16 -1.92786 0.688969
11.165 -1.92516 0.68951
11.17 -1.92227 0.689989
11.175 -1.91922 0.690406
11.18 -1.91599 0.69076
11.185 -1.91259 0.691052
11.19 -1.90901 0.691282
11.195 -1.90526 0.691448
11.2 -1.90133 0.691553
11.205 -1.89723 0.691595
11.21 -1.89296 0.691574
11.215 -1.88852 0.69149
11.22 -1.8839 0.691344
11.225 -1.87911 0.691135
11.23 -1.87415 0.690863
11.235 -1.86902 0.690528
11.24 -1.86372 0.690131
11.245 -1.85824 0.689671
11.25 -1.8526 0.689148
11.255 -1.84678 0.688562
11.26 -1.8408 0.687914
11.265 -1.83465 0.687203
11.27 -1.82833 0.686429
11.275 -1.82184 0.685593
11.28 -1.81518 0.684694
11.285 -1.80836 0.683733
11.29 -1.80137 0.682709
11.295 -1.79421 0.681622
11.3 -1.78689 0.680474
11.305 -1.77941 0.679263
11.31 -1.77176 0.67799
11.315 -1.76395 0.676654
11.32 -1.75597 0.675257
11.325 -1.74783 0.673798
11.33 -1.73953 0.672276
11.335 -1.73107 0.670694
11.34 -1.72245 0.669049
11.345 -1.71367 0.667343
11.35 -1.70473 0.665576
11.355 -1.69564 0.663747
11.36 -1.68638 0.661857
11.365 -1.67697 0.659907
11.37 -1.6674 0.657895
11.375 -1.65768 0.655823
11.38 -1.64781 0.65369
11.385 -1.63778 0.651497
11.39 -1.6276 0.649244
11.395 -1.61726 0.646931
11.4 -1.60678 0.644558
11.405 -1.59615 0.642125
11.41 -1.58537 0.639633
11.415 -1.57443 0.637081
11.42 -1.56336 0.634471
11.425 -1.55213 0.631802
11.43 -1.54076 0.629074
11.435 -1.52925 0.626288
11.44 -1.5176 0.623443
11.445 -1.5058 0.620541
11.45 -1.49386 0.617581
11.455 -1.48178 0.614563
11.46 -1.46956 0.611489
11.465 -1.4572 0.608357
11.47 -1.44471 0.605169
11.475 -1.43208 0.601924
11.48 -1.41931 0.598623
11.485 -1.40641 0.595267
11.49 -1.39338 0.591854
11.495 -1.38022 0.588387
11.5 -1.36693 0.584864
11.505 -1.35351 0.581287
11.51 -1.33996 0.577655
11.515 -1.32628 0.573969
11.52 -1.31248 0.57023
11.525 -1.29855 0.566436
11.53 -1.2845 0.56259
11.535 -1.27033 0.558691
11.54 -1.25604 0.55474
11.545 -1.24162 0.550736
11.55 -1.22709 0.546681
11.555 -1.21245 0.542574
11.56 -1.19769 0.538416
11.565 -1.18281 0.534207
11.57 -1.16782 0.529948
11.575 -1.15272 0.525639
11.58 -1.13751 0.52128
11.585 -1.12219 0.516873
11.59 -1.10676 0.512416
11.595 -1.09123 0.507911
11.6 -1.07559 0.503357
11.605 -1.05985 0.498756
11.61 -1.04401 0.494108
11.615 -1.02806 0.489413
11.62 -1.01202 0.484672
11.625 -0.995879 0.479884
11.63 -0.979643 0.475051
11.635 -0.963312 0.470173
11.64 -0.946888 0.46525
11.645 -0.930372 0.460283
11.65 -0.913766 0.455272
11.655 -0.897071 0.450217
11.66 -0.880289 0.44512
11.665 -0.863422 0.43998
11.67 -0.84647 0.434798
11.675 -0.829436 0.429574
11.68 -0.81232 0.424309
11.685 -0.795125 0.419004
11.69 -0.777853 0.413658
11.695 -0.760503 0.408273
11.7 -0.74308 0.402849
11.705 -0.725583 0.397385
11.71 -0.708014 0.391884
11.715 -0.690375 0.386345
11.72 -0.672668 0.380768
11.725 -0.654895 0.375155
11.73 -0.637056 0.369506
11.735 -0.619154 0.363821
11.74 -0.601189 0.358101
11.745 -0.583165 0.352346
11.75 -0.565082 0.346557
11.755 -0.546943 0.340734
11.76 -0.528748 0.334878
11.765 -0.5105 0.32899
11.77 -0.4922 0.323069
11.775 -0.473849 0.317118
11.78 -0.455451 0.311135
11.785 -0.437005 0.305121
11.79 -0.418515 0.299078
11.795 -0.399981 0.293006
11.8 -0.381406 0.286905
11.805 -0.362791 0.280775
11.81 -0.344137 0.274619
11.815 -0.325447 0.268434
11.82 -0.306723 0.262224
11.825 -0.287966 0.255988
11.83 -0.269177 0.249726
11.835 -0.250359 0.243439
11.84 -0.231513 0.237128
11.845 -0.212642 0.230794
11.85 -0.193746 0.224437
11.855 -0.174828 0.218057
11.86 -0.155889 0.211655
11.865 -0.136931 0.205232
11.87 -0.117956 0.198789
11.875 -0.0989663 0.192325
11.88 -0.0799627 0.185842
11.885 -0.0609473 0.17934
11.89 -0.0419219 0.17282
11.895 -0.0228884 0.166282
11.9 -0.00384843 0.159727
11.905 0.0151961 0.153155
11.91 0.0342435 0.146568
11.915 0.0532918 0.139965
11.92 0.0723394 0.133348
11.925 0.0913845 0.126717
11.93 0.110425 0.120073
11.935 0.12946 0.113416
11.94 0.148486 0.106746
11.945 0.167503 0.100066
11.95 0.186508 0.093374
11.955 0.2055 0.0866721
11.96 0.224477 0.0799606
11.965 0.243437 0.0732401
11.97 0.262378 0.0665112
11.975 0.281298 0.0597746
11.98 0.300196 0.0530309
11.985 0.31907 0.0462808
11.99 0.337918 0.0395248
11.995 0.356738 0.0327636
12 0.375529 0.0259979
12.005 0.394289 0.0192283
12.01 0.413015 0.0124554
12.015 0.431707 0.00567983
12.02 0.450361 -0.00109771
12.025 0.468978 -0.0078766
12.03 0.487554 -0.0146562
12.035 0.506088 -0.0214359
12.04 0.524579 -0.028215
12.045 0.543024 -0.0349929
12.05 0.561421 -0.041769
12.055 0.57977 -0.0485425
12.06 0.598067 -0.0553129
12.065 0.616312 -0.0620795
12.07 0.634503 -0.0688417
12.075 0.652638 -0.0755989
12.08 0.670714 -0.0823503
12.085 0.688732 -0.0890954
12.09 0.706688 -0.0958334
12.095 0.724581 -0.102564
12.1 0.742409 -0.109286
12.105 0.76017 -0.115999
12.11 0.777864 -0.122703
12.115 0.795487 -0.129396
12.12 0.813039 -0.136079
12.125 0.830518 -0.14275
12.13 0.847921 -0.149409
12.135 0.865248 -0.156055
12.14 0.882497 -0.162688
12.145 0.899665 -0.169307
12.15 0.916752 -0.175911
12.155 0.933756 -0.1825
12.16 0.950674 -0.189073
12.165 0.967506 -0.195629
12.17 0.984249 -0.202168
12.175 1.0009 -0.208689
12.18 1.01746 -0.215192
12.185 1.03393 -0.221676
12.19 1.05031 -0.22814
12.195 1.06659 -0.234584
12.2 1.08276 -0.241006
12.205 1.09885 -0.247407
12.21 1.11482 -0.253786
12.215 1.1307 -0.260142
12.22 1.14647 -0.266475
12.225 1.16214 -0.272784
12.23 1.1777 -0.279068
12.235 1.19315 -0.285326
12.24 1.20849 -0.291559
12.245 1.22372 -0.297766
12.25 1.23883 -0.303945
12.255 1.25383 -0.310096
12.26 1.26871 -0.31622
12.265 1.28348 -0.322314
12.27 1.29812 -0.328379
12.275 1.31265 -0.334414
12.28 1.32705 -0.340418
12.285 1.34133 -0.346391
12.29 1.35549 -0.352332
12.295 1.36952 -0.358241
12.3 1.38342 -0.364117
12.305 1.39719 -0.369959
12.31 1.41083 -0.375767
12.315 1.42434 -0.38154
12.32 1.43771 -0.387278
12.325 1.45095 -0.392981
12.33 1.46406 -0.398646
12.335 1.47703 -0.404275
12.34 1.48985 -0.409867
12.345 1.50254 -0.41542
12.35 1.51509 -0.420935
12.355 1.5275 -0.42641
12.36 1.53976 -0.431846
12.365 1.55188 -0.437242
12.37 1.56385 -0.442597
12.375 1.57567 -0.447911
12.38 1.58735 -0.453182
12.385 1.59888 -0.458412
12.39 1.61025 -0.463598
12.395 1.62148 -0.468742
12.4 1.63255 -0.473841
12.405 1.64346 -0.478896
12.41 1.65422 -0.483906
12.415 1.66483 -0.488871
12.42 1.67528 -0.49379
12.425 1.68557 -0.498662
12.43 1.69569 -0.503488
12.435 1.70566 -0.508266
12.44 1.71547 -0.512997
12.445 1.72511 -0.517679
12.45 1.73459 -0.522312
12.455 1.74391 -0.526896
12.46 1.75306 -0.531431
12.465 1.76205 -0.535915
12.47 1.77086 -0.540349
12.475 1.77951 -0.544732
12.48 1.78799 -0.549063
12.485 1.7963 -0.553342
12.49 1.80444 -0.557569
12.495 1.8124 -0.561744
12.5 1.8202 -0.565865
12.505 1.82781 -0.569932
12.51 1.83526 -0.573945
12.515 1.84253 -0.577904
12.52 1.84963 -0.581808
12.525 1.85654 -0.585657
12.53 1.86328 -0.58945
12.535 1.86985 -0.593188
12.54 1.87623 -0.596868
12.545 1.88244 -0.600492
12.55 1.88846 -0.604059
12.555 1.8943 -0.607569
12.56 1.89997 -0.61102
12.565 1.90545 -0.614414
12.57 1.91074 -0.617748
12.575 1.91586 -0.621024
12.58 1.92079 -0.624241
12.585 1.92554 -0.627398
12.59 1.9301 -0.630495
12.595 1.93447 -0.633532
12.6 1.93866 -0.636508
12.605 1.94267 -0.639423
12.61 1.94649 -0.642277
12.615 1.95012 -0.64507
12.62 1.95356 -0.647801
12.625 1.95681 -0.65047
12.63 1.95988 -0.653077
12.635 1.96276 -0.655621
12.64 1.96545 -0.658102
12.645 1.96795 -0.66052
12.65 1.97026 -0.662875
12.655 1.97238 -0.665166
12.66 1.97431 -0.667393
12.665 1.97604 -0.669556
12.67 1.97759 -0.671654
12.675 1.97895 -0.673688
12.68 1.98012 -0.675658
12.685 1.98109 -0.677562
12.69 1.98187 -0.679401
12.695 1.98246 -0.681174
12.7 1.98286 -0.682882
12.705 1.98307 -0.684524
12.71 1.98309 -0.6861
12.715 1.98291 -0.68761
12.72 1.98254 -0.689054
12.725 1.98198 -0.690431
12.73 1.98123 -0.691741
12.735 1.98028 -0.692985
12.74 1.97914 -0.694161
12.745 1.97781 -0.695271
12.75 1.97629 -0.696313
12.755 1.97458 -0.697288
12.76 1.97267 -0.698196
12.765 1.97058 -0.699035
12.77 1.96829 -0.699808
12.775 1.96581 -0.700512
12.78 1.96314 -0.701148
12.785 1.96027 -0.701717
12.79 1.95722 -0.702217
12.795 1.95398 -0.70265
12.8 1.95054 -0.703014
12.805 1.94692 -0.70331
12.81 1.9431 -0.703537
12.815 1.9391 -0.703697
12.82 1.9349 -0.703788
12.825 1.93052 -0.70381
12.83 1.92595 -0.703764
12.835 1.92119 -0.70365
12.84 1.91625 -0.703467
12.845 1.91111 -0.703215
12.85 1.90579 -0.702895
12.855 1.90028 -0.702507
12.86 1.89459 -0.70205
12.865 1.88871 -0.701525
12.87 1.88265 -0.700931
12.875 1.8764 -0.700269
12.88 1.86997 -0.699539
12.885 1.86336 -0.69874
12.89 1.85656 -0.697873
12.895 1.84958 -0.696938
12.9 1.84242 -0.695935
12.905 1.83507 -0.694864
12.91 1.82755 -0.693725
12.915 1.81985 -0.692518
12.92 1.81197 -0.691243
12.925 1.80391 -0.689901
12.93 1.79568 -0.688491
12.935 1.78726 -0.687014
12.94 1.77867 -0.685469
12.945 1.76991 -0.683857
12.95 1.76097 -0.682178
12.955 1.75186 -0.680432
12.96 1.74258 -0.67862
12.965 1.73312 -0.676741
12.97 1.72349 -0.674795
12.975 1.7137 -0.672783
12.98 1.70373 -0.670705
12.985 1.6936 -0.668561
12.99 1.68329 -0.666352
12.995 1.67283 -0.664077
13 1.66219 -0.661736
13.005 1.6514 -0.659331
13.01 1.64044 -0.65686
13.015 1.62931 -0.654325
13.02 1.61803 -0.651725
13.025 1.60658 -0.649061
13.03 1.59498 -0.646333
13.035 1.58322 -0.643542
13.04 1.5713 -0.640687
13.045 1.55922 -0.637768
13.05 1.54699 -0.634787
13.055 1.53461 -0.631743
13.06 1.52207 -0.628637
13.065 1.50939 -0.625468
13.07 1.49655 -0.622238
13.075 1.48356 -0.618946
13.08 1.47043 -0.615593
13.085 1.45715 -0.612179
13.09 1.44373 -0.608705
13.095 1.43016 -0.60517
13.1 1.41645 -0.601575
13.105 1.4026 -0.59792
13.11 1.3886 -0.594207
13.115 1.37447 -0.590434
13.12 1.3602 -0.586603
13.125 1.3458 -0.582713
13.13 1.33126 -0.578766
13.135 1.31659 -0.574761
13.14 1.30179 -0.570699
13.145 1.28685 -0.566581
13.15 1.27179 -0.562406
13.155 1.2566 -0.558175
13.16 1.24129 -0.553888
13.165 1.22585 -0.549547
13.17 1.21028 -0.54515
13.175 1.1946 -0.540699
13.18 1.17879 -0.536195
13.185 1.16287 -0.531637
13.19 1.14683 -0.527026
13.195 1.13068 -0.522362
13.2 1.11441 -0.517646
13.205 1.09803 -0.512879
13.21 1.08153 -0.50806
13.215 1.06493 -0.50319
13.22 1.04822 -0.49827
13.225 1.03141 -0.493301
13.23 1.01449 -0.488281
13.235 0.997468 -0.483213
13.24 0.980345 -0.478097
13.245 0.963124 -0.472933
13.25 0.945804 -0.467721
13.255 0.928389 -0.462462
13.26 0.910879 -0.457157
13.265 0.893277 -0.451806
13.27 0.875584 -0.446409
13.275 0.857802 -0.440968
13.28 0.839932 -0.435482
13.285 0.821977 -0.429953
13.29 0.803938 -0.42438
13.295 0.785817 -0.418764
13.3 0.767616 -0.413107
13.305 0.749335 -0.407407
13.31 0.730978 -0.401666
13.315 0.712546 -0.395885
13.32 0.694041 -0.390064
13.325 0.675465 -0.384204
13.33 0.656819 -0.378304
13.335 0.638105 -0.372367
13.34 0.619325 -0.366391
13.345 0.600481 -0.360379
13.35 0.581575 -0.35433
13.355 0.562608 -0.348244
13.36 0.543583 -0.342124
13.365 0.524502 -0.335969
13.37 0.505365 -0.329779
13.375 0.486176 -0.323557
13.38 0.466936 -0.317301
13.385 0.447646 -0.311012
13.39 0.428309 -0.304692
13.395 0.408928 -0.298341
13.4 0.389502 -0.29196
13.405 0.370035 -0.285548
13.41 0.350529 -0.279108
13.415 0.330985 -0.272638
13.42 0.311405 -0.266141
13.425 0.291792 -0.259616
13.43 0.272146 -0.253065
13.435 0.252471 -0.246487
13.44 0.232768 -0.239885
13.445 0.213039 -0.233257
13.45 0.193286 -0.226605
13.455 0.173511 -0.21993
13.46 0.153715 -0.213232
13.465 0.133902 -0.206512
13.47 0.114072 -0.199771
13.475 0.094228 -0.193008
13.48 0.0743718 -0.186226
13.485 0.0545053 -0.179423
13.49 0.0346305 -0.172603
13.495 0.0147494 -0.165764
13.5 -0.0051361 -0.158907
13.505 -0.025024 -0.152034
13.51 -0.0449122 -0.145145
13.515 -0.0647989 -0.13824
13.52 -0.0846423 -0.131334
