0 -0 -0
0.08 -1.81379e-39 7.28488e-44
0.16 -4.08611e-36 2.81876e-40
0.12 -6.05414e-37 3.63229e-41
0.1 -8.81157e-38 4.79495e-42
0.09 -1.7607e-38 8.70154e-43
0.085 -6.08104e-39 2.75912e-43
0.09 -1.9036e-38 9.66635e-43
0.095 -5.60425e-38 3.16419e-42
0.1 -1.56138e-37 9.74632e-42
0.105 -4.13869e-37 2.84169e-41
0.11 -1.04853e-36 7.8829e-41
0.115 -2.54914e-36 2.08974e-40
0.12 -5.96789e-36 5.31465e-40
0.125 -1.34956e-35 1.30108e-39
0.13 -2.95586e-35 3.07523e-39
0.135 -6.28551e-35 7.03642e-39
0.14 -1.30045e-34 1.56225e-38
0.145 -2.62284e-34 3.37283e-38
0.15 -5.16571e-34 7.09427e-38
0.155 -9.95041e-34 1.45624e-37
0.16 -1.87722e-33 2.92176e-37
0.165 -3.47304e-33 5.73789e-37
0.17 -6.30855e-33 1.10437e-36
0.175 -1.12625e-32 2.08561e-36
0.18 -1.97812e-32 3.86881e-36
0.185 -3.4211e-32 7.05624e-36
0.19 -5.83087e-32 1.26652e-35
0.195 -9.80134e-32 2.239e-35
0.2 -1.62602e-31 3.90155e-35
0.205 -2.66402e-31 6.70604e-35
0.21 -4.313e-31 1.13771e-34
0.215 -6.90393e-31 1.90633e-34
0.22 -1.09324e-30 3.15655e-34
0.225 -1.71334e-30 5.16785e-34
0.23 -2.65879e-30 8.3696e-34
0.235 -4.08711e-30 1.34152e-33
0.24 -6.2261e-30 2.12903e-33
0.245 -9.40252e-30 3.34682e-33
0.25 -1.40816e-29 5.21334e-33
0.255 -2.09211e-29 8.0499e-33
0.26 -3.08445e-29 1.23255e-32
0.265 -4.51393e-29 1.87195e-32
0.27 -6.55902e-29 2.82095e-32
0.275 -9.46549e-29 4.21921e-32
0.28 -1.35698e-28 6.26494e-32
0.285 -1.93301e-28 9.23776e-32
0.29 -2.73664e-28 1.35296e-31
0.295 -3.8514e-28 1.96866e-31
0.3 -5.38919e-28 2.84657e-31
0.305 -7.49917e-28 4.09097e-31
0.31 -1.03793e-27 5.84482e-31
0.315 -1.42909e-27 8.30305e-31
0.32 -1.95778e-27 1.17302e-30
0.325 -2.66897e-27 1.64833e-30
0.33 -3.62132e-27 2.30426e-30
0.335 -4.89097e-27 3.20501e-30
0.34 -6.57637e-27 4.43615e-30
0.345 -8.80435e-27 6.11114e-30
0.35 -1.17377e-26 8.37987e-30
0.355 -1.55845e-26 1.14395e-29
0.36 -2.06101e-26 1.55485e-29
0.365 -2.71513e-26 2.10441e-29
0.37 -3.56344e-26 2.8365e-29
0.375 -4.65972e-26 3.808e-29
0.38 -6.07162e-26 5.09232e-29
0.385 -7.88395e-26 6.78399e-29
0.39 -1.02028e-25 9.00424e-29
0.395 -1.31602e-25 1.19081e-28
0.4 -1.69205e-25 1.56932e-28
0.405 -2.16872e-25 2.06105e-28
0.41 -2.77122e-25 2.69783e-28
0.415 -3.53057e-25 3.51984e-28
0.42 -4.48493e-25 4.5777e-28
0.425 -5.68113e-25 5.93499e-28
0.43 -7.17645e-25 7.67138e-28
0.435 -9.04084e-25 9.8864e-28
0.44 -1.13595e-24 1.27041e-27
0.445 -1.42359e-24 1.62786e-27
0.45 -1.77957e-24 2.08011e-27
0.455 -2.21907e-24 2.65081e-27
0.46 -2.76042e-24 3.36915e-27
0.465 -3.42573e-24 4.27105e-27
0.47 -4.24155e-24 5.40065e-27
0.475 -5.23977e-24 6.81206e-27
0.48 -6.45855e-24 8.57144e-27
0.485 -7.94355e-24 1.07596e-26
0.49 -9.74921e-24 1.34748e-26
0.495 -1.19404e-23 1.68366e-26
0.5 -1.45942e-23 2.09901e-26
0.505 -1.78021e-23 2.61109e-26
0.51 -2.16725e-23 3.2411e-26
0.515 -2.63337e-23 4.01464e-26
0.52 -3.19369e-23 4.96251e-26
0.525 -3.86608e-23 6.12173e-26
0.53 -4.67153e-23 7.5367e-26
0.535 -5.63472e-23 9.2606e-26
0.54 -6.78463e-23 1.1357e-25
0.545 -8.15519e-23 1.39018e-25
0.55 -9.78608e-23 1.69853e-25
0.555 -1.17237e-22 2.07151e-25
0.56 -1.40221e-22 2.5219e-25
0.565 -1.67444e-22 3.06483e-25
0.57 -1.99638e-22 3.71824e-25
0.575 -2.37655e-22 4.50333e-25
0.58 -2.82484e-22 5.44514e-25
0.585 -3.35269e-22 6.57317e-25
0.59 -3.97334e-22 7.92215e-25
0.595 -4.70212e-22 9.53291e-25
0.6 -5.5567e-22 1.14534e-24
0.605 -6.55746e-22 1.37398e-24
0.61 -7.72786e-22 1.64578e-24
0.615 -9.09491e-22 1.96845e-24
0.62 -1.06896e-21 2.35095e-24
0.625 -1.25475e-21 2.80378e-24
0.63 -1.47095e-21 3.33912e-24
0.635 -1.72223e-21 3.97117e-24
0.64 -2.01392e-21 4.71642e-24
0.645 -2.35213e-21 5.59402e-24
0.65 -2.74383e-21 6.62615e-24
0.655 -3.19697e-21 7.83851e-24
0.66 -3.72059e-21 9.26081e-24
0.665 -4.325e-21 1.09274e-23
0.67 -5.02189e-21 1.28779e-23
0.675 -5.82457e-21 1.51579e-23
0.68 -6.7481e-21 1.78201e-23
0.685 -7.8096e-21 2.09249e-23
0.69 -9.02842e-21 2.4542e-23
0.695 -1.04265e-20 2.8751e-23
0.7 -1.20285e-20 3.36435e-23
0.705 -1.38625e-20 3.93245e-23
0.71 -1.596e-20 4.59138e-23
0.715 -1.83567e-20 5.35488e-23
0.72 -2.10925e-20 6.23863e-23
0.725 -2.42125e-20 7.26051e-23
0.73 -2.77676e-20 8.44094e-23
0.735 -3.18148e-20 9.80316e-23
0.74 -3.64179e-20 1.13736e-22
0.745 -4.1649e-20 1.31824e-22
0.75 -4.75883e-20 1.52637e-22
0.755 -5.43261e-20 1.76564e-22
0.76 -6.19634e-20 2.04044e-22
0.765 -7.06129e-20 2.35576e-22
0.77 -8.04008e-20 2.71725e-22
0.775 -9.1468e-20 3.13131e-22
0.78 -1.03972e-19 3.60515e-22
0.785 -1.18087e-19 4.14695e-22
0.79 -1.3401e-19 4.7659e-22
0.795 -1.51957e-19 5.47241e-22
0.8 -1.72172e-19 6.27819e-22
0.805 -1.94922e-19 7.19641e-22
0.81 -2.20507e-19 8.24192e-22
0.815 -2.49261e-19 9.43141e-22
0.82 -2.8155e-19 1.07836e-21
0.825 -3.17785e-19 1.23196e-21
0.83 -3.58419e-19 1.4063e-21
0.835 -4.03954e-19 1.60403e-21
0.84 -4.54946e-19 1.82811e-21
0.845 -5.1201e-19 2.08187e-21
0.85 -5.75826e-19 2.36903e-21
0.855 -6.47147e-19 2.69374e-21
0.86 -7.26802e-19 3.06065e-21
0.865 -8.15707e-19 3.47495e-21
0.87 -9.14873e-19 3.94242e-21
0.875 -1.02541e-18 4.46952e-21
0.88 -1.14856e-18 5.06346e-21
0.885 -1.28565e-18 5.73224e-21
0.89 -1.43819e-18 6.48478e-21
0.895 -1.60781e-18 7.33102e-21
0.9 -1.7963e-18 8.282e-21
0.905 -2.00565e-18 9.34996e-21
0.91 -2.23802e-18 1.05485e-20
0.915 -2.4958e-18 1.18929e-20
0.92 -2.7816e-18 1.33997e-20
0.925 -3.09829e-18 1.50875e-20
0.93 -3.449e-18 1.69771e-20
0.935 -3.83719e-18 1.90911e-20
0.94 -4.26661e-18 2.14548e-20
0.945 -4.74138e-18 2.40962e-20
0.95 -5.26603e-18 2.7046e-20
0.955 -5.84547e-18 3.03384e-20
0.96 -6.48509e-18 3.4011e-20
0.965 -7.19078e-18 3.81054e-20
0.97 -7.96895e-18 4.26675e-20
0.975 -8.82662e-18 4.77477e-20
0.98 -9.77142e-18 5.34017e-20
0.985 -1.08117e-17 5.96911e-20
0.99 -1.19565e-17 6.66832e-20
0.995 -1.32158e-17 7.44524e-20
1 -1.46002e-17 8.30805e-20
1.005 -1.61216e-17 9.26574e-20
1.01 -1.77927e-17 1.03282e-19
1.015 -1.96272e-17 1.15062e-19
1.02 -2.16404e-17 1.28117e-19
1.025 -2.38485e-17 1.42579e-19
1.03 -2.62694e-17 1.58588e-19
1.035 -2.89222e-17 1.76304e-19
1.04 -3.18281e-17 1.95899e-19
1.045 -3.50095e-17 2.17559e-19
1.05 -3.84912e-17 2.41493e-19
1.055 -4.22999e-17 2.67925e-19
1.06 -4.64644e-17 2.97103e-19
1.065 -5.10161e-17 3.29297e-19
1.07 -5.59888e-17 3.64802e-19
1.075 -6.14192e-17 4.0394e-19
1.08 -6.73469e-17 4.47063e-19
1.085 -7.38149e-17 4.94556e-19
1.09 -8.08694e-17 5.46838e-19
1.095 -8.85606e-17 6.04365e-19
1.1 -9.69425e-17 6.67637e-19
1.105 -1.06074e-16 7.37196e-19
1.11 -1.16017e-16 8.13635e-19
1.115 -1.26841e-16 8.97596e-19
1.12 -1.38618e-16 9.89782e-19
1.125 -1.51427e-16 1.09096e-18
1.13 -1.65355e-16 1.20195e-18
1.135 -1.80493e-16 1.32365e-18
1.14 -1.96939e-16 1.45706e-18
1.145 -2.148e-16 1.60324e-18
1.15 -2.34192e-16 1.76333e-18
1.155 -2.55237e-16 1.9386e-18
1.16 -2.78067e-16 2.13041e-18
1.165 -3.02827e-16 2.34023e-18
1.17 -3.29669e-16 2.56967e-18
1.175 -3.58757e-16 2.82047e-18
1.18 -3.9027e-16 3.09451e-18
1.185 -4.24398e-16 3.39383e-18
1.19 -4.61344e-16 3.72063e-18
1.195 -5.01327e-16 4.07731e-18
1.2 -5.44584e-16 4.46645e-18
1.205 -5.91366e-16 4.89086e-18
1.21 -6.41944e-16 5.35355e-18
1.215 -6.96607e-16 5.8578e-18
1.22 -7.55667e-16 6.40715e-18
1.225 -8.19457e-16 7.00541e-18
1.23 -8.88332e-16 7.65672e-18
1.235 -9.62676e-16 8.36551e-18
1.24 -1.0429e-15 9.13661e-18
1.245 -1.12943e-15 9.9752e-18
1.25 -1.22275e-15 1.08869e-17
1.255 -1.32335e-15 1.18776e-17
1.26 -1.43176e-15 1.2954e-17
1.265 -1.54857e-15 1.41231e-17
1.27 -1.67438e-15 1.53923e-17
1.275 -1.80984e-15 1.67698e-17
1.28 -1.95566e-15 1.82643e-17
1.285 -2.11257e-15 1.98854e-17
1.29 -2.28138e-15 2.1643e-17
1.295 -2.46292e-15 2.35482e-17
1.3 -2.65811e-15 2.56127e-17
1.305 -2.86792e-15 2.7849e-17
1.31 -3.09337e-15 3.02707e-17
1.315 -3.33555e-15 3.28924e-17
1.32 -3.59565e-15 3.57297e-17
1.325 -3.87491e-15 3.87995e-17
1.33 -4.17466e-15 4.21197e-17
1.335 -4.4963e-15 4.57097e-17
1.34 -4.84136e-15 4.95903e-17
1.345 -5.21144e-15 5.37838e-17
1.35 -5.60823e-15 5.8314e-17
1.355 -6.03356e-15 6.32065e-17
1.36 -6.48937e-15 6.84889e-17
1.365 -6.9777e-15 7.41906e-17
1.37 -7.50075e-15 8.0343e-17
1.375 -8.06083e-15 8.698e-17
1.38 -8.66042e-15 9.41376e-17
1.385 -9.30213e-15 1.01855e-16
1.39 -9.98877e-15 1.10172e-16
1.395 -1.07233e-14 1.19135e-16
1.4 -1.15088e-14 1.28791e-16
1.405 -1.23487e-14 1.39189e-16
1.41 -1.32465e-14 1.50385e-16
1.415 -1.4206e-14 1.62436e-16
1.42 -1.52311e-14 1.75404e-16
1.425 -1.6326e-14 1.89356e-16
1.43 -1.74954e-14 2.04362e-16
1.435 -1.87438e-14 2.20496e-16
1.44 -2.00764e-14 2.37841e-16
1.445 -2.14986e-14 2.56482e-16
1.45 -2.30158e-14 2.7651e-16
1.455 -2.46342e-14 2.98023e-16
1.46 -2.63602e-14 3.21126e-16
1.465 -2.82003e-14 3.4593e-16
1.47 -3.01618e-14 3.72553e-16
1.475 -3.22522e-14 4.01123e-16
1.48 -3.44794e-14 4.31773e-16
1.485 -3.6852e-14 4.64648e-16
1.49 -3.93787e-14 4.999e-16
1.495 -4.20691e-14 5.37692e-16
1.5 -4.49331e-14 5.78198e-16
1.505 -4.79813e-14 6.21602e-16
1.51 -5.12249e-14 6.681e-16
1.515 -5.46755e-14 7.17902e-16
1.52 -5.83458e-14 7.7123e-16
1.525 -6.22487e-14 8.2832e-16
1.53 -6.63983e-14 8.89424e-16
1.535 -7.08092e-14 9.5481e-16
1.54 -7.54969e-14 1.02476e-15
1.545 -8.04777e-14 1.09958e-15
1.55 -8.57689e-14 1.17958e-15
1.555 -9.13887e-14 1.26512e-15
1.56 -9.73564e-14 1.35655e-15
1.565 -1.03692e-13 1.45425e-15
1.57 -1.10417e-13 1.55863e-15
1.575 -1.17555e-13 1.67013e-15
1.58 -1.25128e-13 1.78921e-15
1.585 -1.33162e-13 1.91635e-15
1.59 -1.41683e-13 2.05207e-15
1.595 -1.50719e-13 2.19692e-15
1.6 -1.60299e-13 2.35148e-15
1.605 -1.70455e-13 2.51637e-15
1.61 -1.81218e-13 2.69225e-15
1.615 -1.92624e-13 2.87979e-15
1.62 -2.04707e-13 3.07975e-15
1.625 -2.17507e-13 3.29289e-15
1.63 -2.31062e-13 3.52004e-15
1.635 -2.45416e-13 3.76208e-15
1.64 -2.60611e-13 4.01992e-15
1.645 -2.76695e-13 4.29455e-15
1.65 -2.93717e-13 4.58699e-15
1.655 -3.11728e-13 4.89835e-15
1.66 -3.30782e-13 5.22979e-15
1.665 -3.50936e-13 5.58252e-15
1.67 -3.7225e-13 5.95785e-15
1.675 -3.94787e-13 6.35715e-15
1.68 -4.18612e-13 6.78186e-15
1.685 -4.43796e-13 7.23352e-15
1.69 -4.7041e-13 7.71376e-15
1.695 -4.98531e-13 8.22427e-15
1.7 -5.28241e-13 8.76687e-15
1.705 -5.59623e-13 9.34348e-15
1.71 -5.92765e-13 9.9561e-15
1.715 -6.27762e-13 1.06069e-14
1.72 -6.64709e-13 1.1298e-14
1.725 -7.03711e-13 1.2032e-14
1.73 -7.44874e-13 1.28112e-14
1.735 -7.88311e-13 1.36384e-14
1.74 -8.3414e-13 1.45163e-14
1.745 -8.82485e-13 1.54478e-14
1.75 -9.33477e-13 1.64362e-14
1.755 -9.87252e-13 1.74846e-14
1.76 -1.04395e-12 1.85965e-14
1.765 -1.10373e-12 1.97755e-14
1.77 -1.16673e-12 2.10256e-14
1.775 -1.23314e-12 2.23507e-14
1.78 -1.30311e-12 2.37551e-14
1.785 -1.37684e-12 2.52434e-14
1.79 -1.4545e-12 2.68201e-14
1.795 -1.5363e-12 2.84905e-14
1.8 -1.62244e-12 3.02596e-14
1.805 -1.71315e-12 3.2133e-14
1.81 -1.80864e-12 3.41166e-14
1.815 -1.90916e-12 3.62165e-14
1.82 -2.01496e-12 3.84392e-14
1.825 -2.12629e-12 4.07914e-14
1.83 -2.24344e-12 4.32803e-14
1.835 -2.36667e-12 4.59134e-14
1.84 -2.4963e-12 4.86987e-14
1.845 -2.63264e-12 5.16444e-14
1.85 -2.776e-12 5.47594e-14
1.855 -2.92674e-12 5.80527e-14
1.86 -3.08521e-12 6.15342e-14
1.865 -3.25177e-12 6.5214e-14
1.87 -3.42683e-12 6.91027e-14
1.875 -3.61079e-12 7.32117e-14
1.88 -3.80408e-12 7.75526e-14
1.885 -4.00713e-12 8.21381e-14
1.89 -4.22042e-12 8.6981e-14
1.895 -4.44442e-12 9.2095e-14
1.9 -4.67965e-12 9.74946e-14
1.905 -4.92664e-12 1.03195e-13
1.91 -5.18594e-12 1.09212e-13
1.915 -5.45812e-12 1.15561e-13
1.92 -5.74379e-12 1.22262e-13
1.925 -6.04358e-12 1.29331e-13
1.93 -6.35814e-12 1.36789e-13
1.935 -6.68816e-12 1.44655e-13
1.94 -7.03435e-12 1.5295e-13
1.945 -7.39746e-12 1.61698e-13
1.95 -7.77827e-12 1.7092e-13
1.955 -8.17758e-12 1.80642e-13
1.96 -8.59625e-12 1.90889e-13
1.965 -9.03515e-12 2.01687e-13
1.97 -9.49522e-12 2.13066e-13
1.975 -9.97739e-12 2.25055e-13
1.98 -1.04827e-11 2.37684e-13
1.985 -1.10121e-11 2.50986e-13
1.99 -1.15668e-11 2.64995e-13
1.995 -1.21479e-11 2.79746e-13
2 -1.27565e-11 2.95277e-13
2.005 -1.3394e-11 3.11627e-13
2.01 -1.40615e-11 3.28836e-13
2.015 -1.47603e-11 3.46948e-13
2.02 -1.5492e-11 3.66007e-13
2.025 -1.62579e-11 3.8606e-13
2.03 -1.70596e-11 4.07157e-13
2.035 -1.78986e-11 4.29348e-13
2.04 -1.87765e-11 4.52687e-13
2.045 -1.96951e-11 4.77231e-13
2.05 -2.06561e-11 5.03039e-13
2.055 -2.16614e-11 5.30171e-13
2.06 -2.27128e-11 5.58693e-13
2.065 -2.38124e-11 5.88672e-13
2.07 -2.49623e-11 6.20179e-13
2.075 -2.61646e-11 6.53286e-13
2.08 -2.74215e-11 6.88072e-13
2.085 -2.87354e-11 7.24615e-13
2.09 -3.01087e-11 7.63002e-13
2.095 -3.1544e-11 8.03319e-13
2.1 -3.30439e-11 8.45659e-13
2.105 -3.46111e-11 8.90118e-13
2.11 -3.62484e-11 9.36795e-13
2.115 -3.79589e-11 9.85797e-13
2.12 -3.97455e-11 1.03723e-12
2.125 -4.16115e-11 1.09121e-12
2.13 -4.35601e-11 1.14786e-12
2.135 -4.55949e-11 1.20731e-12
2.14 -4.77194e-11 1.26967e-12
2.145 -4.99373e-11 1.33509e-12
2.15 -5.22525e-11 1.40371e-12
2.155 -5.4669e-11 1.47568e-12
2.16 -5.7191e-11 1.55116e-12
2.165 -5.98227e-11 1.6303e-12
2.17 -6.25687e-11 1.71327e-12
2.175 -6.54337e-11 1.80025e-12
2.18 -6.84225e-11 1.89142e-12
2.185 -7.15401e-11 1.98697e-12
2.19 -7.47917e-11 2.08711e-12
2.195 -7.81828e-11 2.19203e-12
2.2 -8.1719e-11 2.30197e-12
2.205 -8.54061e-11 2.41714e-12
2.21 -8.92502e-11 2.53777e-12
2.215 -9.32575e-11 2.66412e-12
2.22 -9.74346e-11 2.79645e-12
2.225 -1.01788e-10 2.93501e-12
2.23 -1.06325e-10 3.08008e-12
2.235 -1.11053e-10 3.23197e-12
2.24 -1.1598e-10 3.39096e-12
2.245 -1.21112e-10 3.55738e-12
2.25 -1.26459e-10 3.73154e-12
2.255 -1.32029e-10 3.9138e-12
2.26 -1.3783e-10 4.10451e-12
2.265 -1.43871e-10 4.30404e-12
2.27 -1.50163e-10 4.51278e-12
2.275 -1.56714e-10 4.73112e-12
2.28 -1.63534e-10 4.95949e-12
2.285 -1.70635e-10 5.19832e-12
2.29 -1.78026e-10 5.44807e-12
2.295 -1.8572e-10 5.7092e-12
2.3 -1.93727e-10 5.98221e-12
2.305 -2.02059e-10 6.26761e-12
2.31 -2.1073e-10 6.56593e-12
2.315 -2.19752e-10 6.87773e-12
2.32 -2.29138e-10 7.20358e-12
2.325 -2.38902e-10 7.54407e-12
2.33 -2.49059e-10 7.89984e-12
2.335 -2.59623e-10 8.27153e-12
2.34 -2.7061e-10 8.65982e-12
2.345 -2.82036e-10 9.06539e-12
2.35 -2.93916e-10 9.489e-12
2.355 -3.06268e-10 9.93138e-12
2.36 -3.1911e-10 1.03933e-11
2.365 -3.3246e-10 1.08757e-11
2.37 -3.46337e-10 1.13793e-11
2.375 -3.6076e-10 1.1905e-11
2.38 -3.75749e-10 1.24537e-11
2.385 -3.91326e-10 1.30265e-11
2.39 -4.07511e-10 1.36242e-11
2.395 -4.24328e-10 1.4248e-11
2.4 -4.418e-10 1.48988e-11
2.405 -4.5995e-10 1.55779e-11
2.41 -4.78803e-10 1.62863e-11
2.415 -4.98385e-10 1.70253e-11
2.42 -5.18722e-10 1.77961e-11
2.425 -5.39841e-10 1.86e-11
2.43 -5.61772e-10 1.94384e-11
2.435 -5.84542e-10 2.03126e-11
2.44 -6.08183e-10 2.12241e-11
2.445 -6.32726e-10 2.21744e-11
2.45 -6.58202e-10 2.3165e-11
2.455 -6.84645e-10 2.41977e-11
2.46 -7.1209e-10 2.5274e-11
2.465 -7.40573e-10 2.63957e-11
2.47 -7.70129e-10 2.75646e-11
2.475 -8.00798e-10 2.87827e-11
2.48 -8.32618e-10 3.00517e-11
2.485 -8.6563e-10 3.13739e-11
2.49 -8.99876e-10 3.27512e-11
2.495 -9.354e-10 3.41859e-11
2.5 -9.72245e-10 3.56802e-11
2.505 -1.01046e-09 3.72364e-11
2.51 -1.05009e-09 3.8857e-11
2.515 -1.09118e-09 4.05445e-11
2.52 -1.13379e-09 4.23015e-11
2.525 -1.17797e-09 4.41307e-11
2.53 -1.22377e-09 4.60349e-11
2.535 -1.27126e-09 4.8017e-11
2.54 -1.32047e-09 5.008e-11
2.545 -1.37148e-09 5.22271e-11
2.55 -1.42436e-09 5.44615e-11
2.555 -1.47915e-09 5.67865e-11
2.56 -1.53592e-09 5.92056e-11
2.565 -1.59476e-09 6.17224e-11
2.57 -1.65571e-09 6.43407e-11
2.575 -1.71886e-09 6.70643e-11
2.58 -1.78429e-09 6.98971e-11
2.585 -1.85205e-09 7.28435e-11
2.59 -1.92225e-09 7.59076e-11
2.595 -1.99495e-09 7.90938e-11
2.6 -2.07024e-09 8.24069e-11
2.605 -2.14821e-09 8.58515e-11
2.61 -2.22895e-09 8.94326e-11
2.615 -2.31255e-09 9.31553e-11
2.62 -2.3991e-09 9.70249e-11
2.625 -2.4887e-09 1.01047e-10
2.63 -2.58145e-09 1.05227e-10
2.635 -2.67747e-09 1.09571e-10
2.64 -2.77684e-09 1.14085e-10
2.645 -2.8797e-09 1.18775e-10
2.65 -2.98614e-09 1.23648e-10
2.655 -3.09629e-09 1.2871e-10
2.66 -3.21026e-09 1.33969e-10
2.665 -3.32819e-09 1.39431e-10
2.67 -3.4502e-09 1.45104e-10
2.675 -3.57643e-09 1.50997e-10
2.68 -3.707e-09 1.57115e-10
2.685 -3.84206e-09 1.63469e-10
2.69 -3.98176e-09 1.70067e-10
2.695 -4.12624e-09 1.76916e-10
2.7 -4.27567e-09 1.84027e-10
2.705 -4.43018e-09 1.91409e-10
2.71 -4.58996e-09 1.99072e-10
2.715 -4.75517e-09 2.07025e-10
2.72 -4.92597e-09 2.15279e-10
2.725 -5.10255e-09 2.23845e-10
2.73 -5.2851e-09 2.32734e-10
2.735 -5.47379e-09 2.41957e-10
2.74 -5.66883e-09 2.51526e-10
2.745 -5.87041e-09 2.61454e-10
2.75 -6.07875e-09 2.71753e-10
2.755 -6.29404e-09 2.82436e-10
2.76 -6.51651e-09 2.93517e-10
2.765 -6.74639e-09 3.0501e-10
2.77 -6.98391e-09 3.1693e-10
2.775 -7.22929e-09 3.2929e-10
2.78 -7.4828e-09 3.42107e-10
2.785 -7.74467e-09 3.55396e-10
2.79 -8.01517e-09 3.69174e-10
2.795 -8.29456e-09 3.83458e-10
2.8 -8.58313e-09 3.98265e-10
2.805 -8.88114e-09 4.13614e-10
2.81 -9.1889e-09 4.29523e-10
2.815 -9.50669e-09 4.46011e-10
2.82 -9.83483e-09 4.63099e-10
2.825 -1.01736e-08 4.80806e-10
2.83 -1.05234e-08 4.99154e-10
2.835 -1.08845e-08 5.18166e-10
2.84 -1.12573e-08 5.37862e-10
2.845 -1.16421e-08 5.58268e-10
2.85 -1.20392e-08 5.79406e-10
2.855 -1.24491e-08 6.01302e-10
2.86 -1.28721e-08 6.23981e-10
2.865 -1.33087e-08 6.4747e-10
2.87 -1.37592e-08 6.71796e-10
2.875 -1.42241e-08 6.96986e-10
2.88 -1.47037e-08 7.23071e-10
2.885 -1.51985e-08 7.50079e-10
2.89 -1.5709e-08 7.78042e-10
2.895 -1.62357e-08 8.06992e-10
2.9 -1.67789e-08 8.36961e-10
2.905 -1.73393e-08 8.67983e-10
2.91 -1.79172e-08 9.00093e-10
2.915 -1.85133e-08 9.33327e-10
2.92 -1.9128e-08 9.67721e-10
2.925 -1.9762e-08 1.00332e-09
2.93 -2.04157e-08 1.04015e-09
2.935 -2.10897e-08 1.07826e-09
2.94 -2.17846e-08 1.11769e-09
2.945 -2.25011e-08 1.15849e-09
2.95 -2.32398e-08 1.20069e-09
2.955 -2.40013e-08 1.24435e-09
2.96 -2.47862e-08 1.28951e-09
2.965 -2.55952e-08 1.33622e-09
2.97 -2.64291e-08 1.38454e-09
2.975 -2.72886e-08 1.4345e-09
2.98 -2.81743e-08 1.48617e-09
2.985 -2.9087e-08 1.53959e-09
2.99 -3.00276e-08 1.59484e-09
2.995 -3.09967e-08 1.65195e-09
3 -3.19953e-08 1.71101e-09
3.005 -3.30241e-08 1.77205e-09
3.01 -3.40839e-08 1.83516e-09
3.015 -3.51758e-08 1.90039e-09
3.02 -3.63005e-08 1.96781e-09
3.025 -3.7459e-08 2.0375e-09
3.03 -3.86523e-08 2.10951e-09
3.035 -3.98813e-08 2.18394e-09
3.04 -4.11471e-08 2.26084e-09
3.045 -4.24506e-08 2.3403e-09
3.05 -4.37928e-08 2.42241e-09
3.055 -4.5175e-08 2.50723e-09
3.06 -4.65982e-08 2.59486e-09
3.065 -4.80635e-08 2.68538e-09
3.07 -4.9572e-08 2.77889e-09
3.075 -5.11251e-08 2.87548e-09
3.08 -5.27239e-08 2.97523e-09
3.085 -5.43696e-08 3.07826e-09
3.09 -5.60636e-08 3.18465e-09
3.095 -5.78072e-08 3.29452e-09
3.1 -5.96017e-08 3.40797e-09
3.105 -6.14485e-08 3.52511e-09
3.11 -6.33491e-08 3.64605e-09
3.115 -6.53049e-08 3.77091e-09
3.12 -6.73174e-08 3.89981e-09
3.125 -6.93882e-08 4.03286e-09
3.13 -7.15187e-08 4.17021e-09
3.135 -7.37107e-08 4.31197e-09
3.14 -7.59658e-08 4.45828e-09
3.145 -7.82856e-08 4.60927e-09
3.15 -8.0672e-08 4.7651e-09
3.155 -8.31266e-08 4.9259e-09
3.16 -8.56514e-08 5.09182e-09
3.165 -8.82482e-08 5.26301e-09
3.17 -9.09188e-08 5.43964e-09
3.175 -9.36654e-08 5.62186e-09
3.18 -9.64898e-08 5.80984e-09
3.185 -9.93941e-08 6.00375e-09
3.19 -1.0238e-07 6.20377e-09
3.195 -1.05451e-07 6.41008e-09
3.2 -1.08608e-07 6.62286e-09
3.205 -1.11854e-07 6.8423e-09
3.21 -1.15191e-07 7.0686e-09
3.215 -1.18621e-07 7.30197e-09
3.22 -1.22147e-07 7.5426e-09
3.225 -1.25771e-07 7.79071e-09
3.23 -1.29496e-07 8.04651e-09
3.235 -1.33325e-07 8.31024e-09
3.24 -1.3726e-07 8.58212e-09
3.245 -1.41303e-07 8.86238e-09
3.25 -1.45459e-07 9.15128e-09
3.255 -1.49729e-07 9.44906e-09
3.26 -1.54117e-07 9.75597e-09
3.265 -1.58625e-07 1.00723e-08
3.27 -1.63257e-07 1.03982e-08
3.275 -1.68016e-07 1.07342e-08
3.28 -1.72905e-07 1.10803e-08
3.285 -1.77927e-07 1.1437e-08
3.29 -1.83086e-07 1.18045e-08
3.295 -1.88385e-07 1.21831e-08
3.3 -1.93828e-07 1.25731e-08
3.305 -1.99419e-07 1.2975e-08
3.31 -2.0516e-07 1.33889e-08
3.315 -2.11057e-07 1.38152e-08
3.32 -2.17112e-07 1.42544e-08
3.325 -2.2333e-07 1.47067e-08
3.33 -2.29715e-07 1.51725e-08
3.335 -2.36272e-07 1.56522e-08
3.34 -2.43003e-07 1.61462e-08
3.345 -2.49914e-07 1.66549e-08
3.35 -2.5701e-07 1.71787e-08
3.355 -2.64294e-07 1.7718e-08
3.36 -2.71771e-07 1.82732e-08
3.365 -2.79447e-07 1.88448e-08
3.37 -2.87326e-07 1.94332e-08
3.375 -2.95412e-07 2.0039e-08
3.38 -3.03712e-07 2.06625e-08
3.385 -3.12231e-07 2.13042e-08
3.39 -3.20973e-07 2.19647e-08
3.395 -3.29944e-07 2.26445e-08
3.4 -3.3915e-07 2.33441e-08
3.405 -3.48597e-07 2.4064e-08
3.41 -3.5829e-07 2.48049e-08
3.415 -3.68236e-07 2.55671e-08
3.42 -3.78439e-07 2.63514e-08
3.425 -3.88908e-07 2.71584e-08
3.43 -3.99648e-07 2.79885e-08
3.435 -4.10665e-07 2.88426e-08
3.44 -4.21966e-07 2.97211e-08
3.445 -4.33559e-07 3.06248e-08
3.45 -4.45449e-07 3.15544e-08
3.455 -4.57645e-07 3.25104e-08
3.46 -4.70153e-07 3.34937e-08
3.465 -4.82981e-07 3.4505e-08
3.47 -4.96137e-07 3.5545e-08
3.475 -5.09628e-07 3.66144e-08
3.48 -5.23461e-07 3.7714e-08
3.485 -5.37647e-07 3.88447e-08
3.49 -5.52191e-07 4.00073e-08
3.495 -5.67104e-07 4.12025e-08
3.5 -5.82394e-07 4.24313e-08
3.505 -5.98069e-07 4.36946e-08
3.51 -6.14138e-07 4.49931e-08
3.515 -6.30611e-07 4.63279e-08
3.52 -6.47498e-07 4.76999e-08
3.525 -6.64807e-07 4.911e-08
3.53 -6.82549e-07 5.05593e-08
3.535 -7.00733e-07 5.20488e-08
3.54 -7.19371e-07 5.35794e-08
3.545 -7.38471e-07 5.51524e-08
3.55 -7.58046e-07 5.67686e-08
3.555 -7.78106e-07 5.84293e-08
3.56 -7.98661e-07 6.01357e-08
3.565 -8.19725e-07 6.18887e-08
3.57 -8.41307e-07 6.36898e-08
3.575 -8.6342e-07 6.554e-08
3.58 -8.86076e-07 6.74407e-08
3.585 -9.09288e-07 6.93931e-08
3.59 -9.33068e-07 7.13985e-08
3.595 -9.57428e-07 7.34582e-08
3.6 -9.82383e-07 7.55737e-08
3.605 -1.00795e-06 7.77463e-08
3.61 -1.03413e-06 7.99776e-08
3.615 -1.06095e-06 8.22688e-08
3.62 -1.08842e-06 8.46216e-08
3.625 -1.11655e-06 8.70375e-08
3.63 -1.14536e-06 8.9518e-08
3.635 -1.17486e-06 9.20649e-08
3.64 -1.20508e-06 9.46796e-08
3.645 -1.23602e-06 9.73639e-08
3.65 -1.2677e-06 1.0012e-07
3.655 -1.30014e-06 1.02948e-07
3.66 -1.33336e-06 1.05852e-07
3.665 -1.36736e-06 1.08832e-07
3.67 -1.40218e-06 1.11891e-07
3.675 -1.43782e-06 1.15031e-07
3.68 -1.47431e-06 1.18253e-07
3.685 -1.51166e-06 1.21559e-07
3.69 -1.5499e-06 1.24952e-07
3.695 -1.58904e-06 1.28434e-07
3.7 -1.6291e-06 1.32007e-07
3.705 -1.6701e-06 1.35672e-07
3.71 -1.71206e-06 1.39433e-07
3.715 -1.75501e-06 1.43292e-07
3.72 -1.79896e-06 1.4725e-07
3.725 -1.84394e-06 1.51311e-07
3.73 -1.88997e-06 1.55477e-07
3.735 -1.93707e-06 1.59749e-07
3.74 -1.98526e-06 1.64132e-07
3.745 -2.03457e-06 1.68627e-07
3.75 -2.08502e-06 1.73238e-07
3.755 -2.13664e-06 1.77966e-07
3.76 -2.18945e-06 1.82815e-07
3.765 -2.24348e-06 1.87787e-07
3.77 -2.29875e-06 1.92886e-07
3.775 -2.35529e-06 1.98115e-07
3.78 -2.41312e-06 2.03476e-07
3.785 -2.47228e-06 2.08972e-07
3.79 -2.53279e-06 2.14608e-07
3.795 -2.59468e-06 2.20385e-07
3.8 -2.65797e-06 2.26308e-07
3.805 -2.72271e-06 2.32379e-07
3.81 -2.78891e-06 2.38603e-07
3.815 -2.85661e-06 2.44982e-07
3.82 -2.92585e-06 2.5152e-07
3.825 -2.99664e-06 2.58222e-07
3.83 -3.06904e-06 2.6509e-07
3.835 -3.14306e-06 2.72129e-07
3.84 -3.21874e-06 2.79343e-07
3.845 -3.29612e-06 2.86735e-07
3.85 -3.37523e-06 2.94309e-07
3.855 -3.45611e-06 3.02071e-07
3.86 -3.53879e-06 3.10023e-07
3.865 -3.62331e-06 3.18171e-07
3.87 -3.70972e-06 3.26519e-07
3.875 -3.79804e-06 3.35071e-07
3.88 -3.88831e-06 3.43832e-07
3.885 -3.98059e-06 3.52806e-07
3.89 -4.0749e-06 3.62e-07
3.895 -4.17129e-06 3.71416e-07
3.9 -4.2698e-06 3.81061e-07
3.905 -4.37047e-06 3.9094e-07
3.91 -4.47336e-06 4.01057e-07
3.915 -4.57849e-06 4.11419e-07
3.92 -4.68593e-06 4.2203e-07
3.925 -4.79571e-06 4.32896e-07
3.93 -4.90788e-06 4.44023e-07
3.935 -5.02249e-06 4.55416e-07
3.94 -5.13958e-06 4.67082e-07
3.945 -5.25922e-06 4.79026e-07
3.95 -5.38145e-06 4.91255e-07
3.955 -5.50631e-06 5.03775e-07
3.96 -5.63387e-06 5.16591e-07
3.965 -5.76418e-06 5.29712e-07
3.97 -5.89729e-06 5.43143e-07
3.975 -6.03325e-06 5.5689e-07
3.98 -6.17213e-06 5.70962e-07
3.985 -6.31398e-06 5.85365e-07
3.99 -6.45886e-06 6.00106e-07
3.995 -6.60682e-06 6.15192e-07
4 -6.75794e-06 6.30632e-07
4.005 -6.91227e-06 6.46432e-07
4.01 -7.06987e-06 6.626e-07
4.015 -7.2308e-06 6.79145e-07
4.02 -7.39514e-06 6.96073e-07
4.025 -7.56295e-06 7.13395e-07
4.03 -7.7343e-06 7.31117e-07
4.035 -7.90925e-06 7.49248e-07
4.04 -8.08788e-06 7.67798e-07
4.045 -8.27025e-06 7.86774e-07
4.05 -8.45644e-06 8.06186e-07
4.055 -8.64652e-06 8.26044e-07
4.06 -8.84056e-06 8.46356e-07
4.065 -9.03865e-06 8.67132e-07
4.07 -9.24086e-06 8.88383e-07
4.075 -9.44727e-06 9.10117e-07
4.08 -9.65795e-06 9.32345e-07
4.085 -9.873e-06 9.55077e-07
4.09 -1.00925e-05 9.78324e-07
4.095 -1.03165e-05 1.0021e-06
4.1 -1.05451e-05 1.0264e-06
4.105 -1.07785e-05 1.05126e-06
4.11 -1.10166e-05 1.07668e-06
4.115 -1.12596e-05 1.10266e-06
4.12 -1.15075e-05 1.12923e-06
4.125 -1.17606e-05 1.15639e-06
4.13 -1.20188e-05 1.18416e-06
4.135 -1.22822e-05 1.21254e-06
4.14 -1.2551e-05 1.24156e-06
4.145 -1.28253e-05 1.27122e-06
4.15 -1.31051e-05 1.30154e-06
4.155 -1.33906e-05 1.33253e-06
4.16 -1.36818e-05 1.3642e-06
4.165 -1.39789e-05 1.39657e-06
4.17 -1.4282e-05 1.42966e-06
4.175 -1.45912e-05 1.46347e-06
4.18 -1.49066e-05 1.49802e-06
4.185 -1.52283e-05 1.53332e-06
4.19 -1.55565e-05 1.5694e-06
4.195 -1.58911e-05 1.60626e-06
4.2 -1.62325e-05 1.64393e-06
4.205 -1.65807e-05 1.68241e-06
4.21 -1.69357e-05 1.72173e-06
4.215 -1.72979e-05 1.7619e-06
4.22 -1.76671e-05 1.80294e-06
4.225 -1.80437e-05 1.84486e-06
4.23 -1.84278e-05 1.88769e-06
4.235 -1.88193e-05 1.93143e-06
4.24 -1.92186e-05 1.97611e-06
4.245 -1.96258e-05 2.02175e-06
4.25 -2.00409e-05 2.06836e-06
4.255 -2.04642e-05 2.11597e-06
4.26 -2.08957e-05 2.1646e-06
4.265 -2.13357e-05 2.21425e-06
4.27 -2.17842e-05 2.26496e-06
4.275 -2.22414e-05 2.31674e-06
4.28 -2.27076e-05 2.36962e-06
4.285 -2.31828e-05 2.42361e-06
4.29 -2.36671e-05 2.47874e-06
4.295 -2.41609e-05 2.53503e-06
4.3 -2.46642e-05 2.5925e-06
4.305 -2.51771e-05 2.65117e-06
4.31 -2.57e-05 2.71107e-06
4.315 -2.62329e-05 2.77222e-06
4.32 -2.6776e-05 2.83464e-06
4.325 -2.73295e-05 2.89837e-06
4.33 -2.78936e-05 2.96341e-06
4.335 -2.84684e-05 3.0298e-06
4.34 -2.90542e-05 3.09757e-06
4.345 -2.96512e-05 3.16673e-06
4.35 -3.02595e-05 3.23732e-06
4.355 -3.08793e-05 3.30937e-06
4.36 -3.15109e-05 3.38289e-06
4.365 -3.21544e-05 3.45791e-06
4.37 -3.281e-05 3.53448e-06
4.375 -3.34781e-05 3.6126e-06
4.38 -3.41586e-05 3.69232e-06
4.385 -3.4852e-05 3.77366e-06
4.39 -3.55584e-05 3.85665e-06
4.395 -3.6278e-05 3.94133e-06
4.4 -3.7011e-05 4.02772e-06
4.405 -3.77577e-05 4.11585e-06
4.41 -3.85184e-05 4.20576e-06
4.415 -3.92932e-05 4.29748e-06
4.42 -4.00824e-05 4.39105e-06
4.425 -4.08862e-05 4.48649e-06
4.43 -4.1705e-05 4.58384e-06
4.435 -4.25388e-05 4.68313e-06
4.44 -4.33881e-05 4.78441e-06
4.445 -4.4253e-05 4.8877e-06
4.45 -4.51338e-05 4.99304e-06
4.455 -4.60308e-05 5.10048e-06
4.46 -4.69443e-05 5.21004e-06
4.465 -4.78745e-05 5.32177e-06
4.47 -4.88217e-05 5.4357e-06
4.475 -4.97862e-05 5.55187e-06
4.48 -5.07683e-05 5.67033e-06
4.485 -5.17683e-05 5.79112e-06
4.49 -5.27864e-05 5.91427e-06
4.495 -5.3823e-05 6.03982e-06
4.5 -5.48784e-05 6.16783e-06
4.505 -5.59529e-05 6.29833e-06
4.51 -5.70468e-05 6.43137e-06
4.515 -5.81604e-05 6.56699e-06
4.52 -5.92941e-05 6.70524e-06
4.525 -6.04481e-05 6.84617e-06
4.53 -6.16228e-05 6.98981e-06
4.535 -6.28186e-05 7.13622e-06
4.54 -6.40358e-05 7.28545e-06
4.545 -6.52748e-05 7.43755e-06
4.55 -6.65358e-05 7.59255e-06
4.555 -6.78193e-05 7.75053e-06
4.56 -6.91256e-05 7.91152e-06
4.565 -7.04551e-05 8.07558e-06
4.57 -7.18082e-05 8.24276e-06
4.575 -7.31852e-05 8.41312e-06
4.58 -7.45865e-05 8.58671e-06
4.585 -7.60126e-05 8.76358e-06
4.59 -7.74638e-05 8.9438e-06
4.595 -7.89405e-05 9.12741e-06
4.6 -8.04431e-05 9.31448e-06
4.605 -8.19721e-05 9.50506e-06
4.61 -8.35278e-05 9.69922e-06
4.615 -8.51108e-05 9.89702e-06
4.62 -8.67213e-05 1.00985e-05
4.625 -8.836e-05 1.03038e-05
4.63 -9.00271e-05 1.05128e-05
4.635 -9.17232e-05 1.07258e-05
4.64 -9.34487e-05 1.09427e-05
4.645 -9.52041e-05 1.11636e-05
4.65 -9.69898e-05 1.13886e-05
4.655 -9.88064e-05 1.16178e-05
4.66 -0.000100654 1.18512e-05
4.665 -0.000102534 1.20888e-05
4.67 -0.000104446 1.23309e-05
4.675 -0.000106391 1.25773e-05
4.68 -0.000108369 1.28283e-05
4.685 -0.000110381 1.30839e-05
4.69 -0.000112427 1.33441e-05
4.695 -0.000114508 1.3609e-05
4.7 -0.000116625 1.38788e-05
4.705 -0.000118777 1.41534e-05
4.71 -0.000120966 1.44331e-05
4.715 -0.000123193 1.47177e-05
4.72 -0.000125456 1.50075e-05
4.725 -0.000127759 1.53025e-05
4.73 -0.000130099 1.56028e-05
4.735 -0.00013248 1.59085e-05
4.74 -0.0001349 1.62197e-05
4.745 -0.000137361 1.65364e-05
4.75 -0.000139864 1.68588e-05
4.755 -0.000142408 1.71869e-05
4.76 -0.000144994 1.75208e-05
4.765 -0.000147624 1.78607e-05
4.77 -0.000150298 1.82066e-05
4.775 -0.000153016 1.85586e-05
4.78 -0.000155779 1.89167e-05
4.785 -0.000158588 1.92813e-05
4.79 -0.000161444 1.96522e-05
4.795 -0.000164347 2.00296e-05
4.8 -0.000167298 2.04136e-05
4.805 -0.000170297 2.08044e-05
4.81 -0.000173346 2.12019e-05
4.815 -0.000176445 2.16064e-05
4.82 -0.000179594 2.20179e-05
4.825 -0.000182796 2.24366e-05
4.83 -0.000186049 2.28625e-05
4.835 -0.000189356 2.32958e-05
4.84 -0.000192717 2.37366e-05
4.845 -0.000196132 2.41849e-05
4.85 -0.000199603 2.4641e-05
4.855 -0.00020313 2.51049e-05
4.86 -0.000206715 2.55767e-05
4.865 -0.000210357 2.60567e-05
4.87 -0.000214058 2.65448e-05
4.875 -0.000217819 2.70412e-05
4.88 -0.000221641 2.75461e-05
4.885 -0.000225524 2.80596e-05
4.89 -0.000229469 2.85818e-05
4.895 -0.000233478 2.91128e-05
4.9 -0.000237551 2.96528e-05
4.905 -0.000241688 3.02019e-05
4.91 -0.000245892 3.07602e-05
4.915 -0.000250163 3.1328e-05
4.92 -0.000254502 3.19052e-05
4.925 -0.00025891 3.24921e-05
4.93 -0.000263388 3.30888e-05
4.935 -0.000267936 3.36955e-05
4.94 -0.000272557 3.43123e-05
4.945 -0.00027725 3.49394e-05
4.95 -0.000282018 3.55768e-05
4.955 -0.00028686 3.62248e-05
4.96 -0.000291779 3.68835e-05
4.965 -0.000296775 3.75531e-05
4.97 -0.000301849 3.82338e-05
4.975 -0.000307002 3.89256e-05
4.98 -0.000312236 3.96288e-05
4.985 -0.000317552 4.03435e-05
4.99 -0.00032295 4.10699e-05
4.995 -0.000328432 4.18082e-05
5 -0.000334 4.25585e-05
5.005 -0.000339653 4.3321e-05
5.01 -0.000345395 4.40959e-05
5.015 -0.000351224 4.48834e-05
5.02 -0.000357144 4.56836e-05
5.025 -0.000363155 4.64968e-05
5.03 -0.000369259 4.7323e-05
5.035 -0.000375456 4.81626e-05
5.04 -0.000381749 4.90156e-05
5.045 -0.000388137 4.98824e-05
5.05 -0.000394623 5.0763e-05
5.055 -0.000401209 5.16577e-05
5.06 -0.000407894 5.25667e-05
5.065 -0.000414682 5.34902e-05
5.07 -0.000421572 5.44283e-05
5.075 -0.000428568 5.53814e-05
5.08 -0.000435669 5.63495e-05
5.085 -0.000442877 5.7333e-05
5.09 -0.000450194 5.83319e-05
5.095 -0.000457622 5.93467e-05
5.1 -0.000465162 6.03773e-05
5.105 -0.000472814 6.14242e-05
5.11 -0.000480582 6.24875e-05
5.115 -0.000488466 6.35674e-05
5.12 -0.000496468 6.46642e-05
5.125 -0.00050459 6.57781e-05
5.13 -0.000512832 6.69094e-05
5.135 -0.000521198 6.80582e-05
5.14 -0.000529688 6.92248e-05
5.145 -0.000538304 7.04095e-05
5.15 -0.000547048 7.16126e-05
5.155 -0.000555921 7.28341e-05
5.16 -0.000564925 7.40745e-05
5.165 -0.000574062 7.5334e-05
5.17 -0.000583334 7.66128e-05
5.175 -0.000592742 7.79111e-05
5.18 -0.000602288 7.92294e-05
5.185 -0.000611975 8.05677e-05
5.19 -0.000621803 8.19265e-05
5.195 -0.000631775 8.33059e-05
5.2 -0.000641892 8.47063e-05
5.205 -0.000652157 8.61279e-05
5.21 -0.000662572 8.7571e-05
5.215 -0.000673137 8.90359e-05
5.22 -0.000683856 9.05229e-05
5.225 -0.000694731 9.20323e-05
5.23 -0.000705762 9.35643e-05
5.235 -0.000716953 9.51194e-05
5.24 -0.000728305 9.66977e-05
5.245 -0.000739821 9.82996e-05
5.25 -0.000751502 9.99254e-05
5.255 -0.000763351 0.000101575
5.26 -0.00077537 0.00010325
5.265 -0.00078756 0.000104949
5.27 -0.000799925 0.000106674
5.275 -0.000812466 0.000108424
5.28 -0.000825186 0.0001102
5.285 -0.000838087 0.000112002
5.29 -0.000851171 0.000113831
5.295 -0.00086444 0.000115686
5.3 -0.000877897 0.000117569
5.305 -0.000891544 0.000119479
5.31 -0.000905384 0.000121417
5.315 -0.000919419 0.000123383
5.32 -0.000933651 0.000125378
5.325 -0.000948083 0.000127402
5.33 -0.000962718 0.000129456
5.335 -0.000977557 0.000131539
5.34 -0.000992604 0.000133652
5.345 -0.00100786 0.000135796
5.35 -0.00102333 0.00013797
5.355 -0.00103902 0.000140176
5.36 -0.00105492 0.000142414
5.365 -0.00107104 0.000144683
5.37 -0.00108739 0.000146985
5.375 -0.00110396 0.00014932
5.38 -0.00112076 0.000151688
5.385 -0.00113779 0.00015409
5.39 -0.00115506 0.000156526
5.395 -0.00117257 0.000158996
5.4 -0.00119031 0.000161502
5.405 -0.0012083 0.000164043
5.41 -0.00122653 0.000166619
5.415 -0.00124502 0.000169232
5.42 -0.00126375 0.000171882
5.425 -0.00128274 0.000174569
5.43 -0.00130199 0.000177293
5.435 -0.0013215 0.000180056
5.44 -0.00134127 0.000182857
5.445 -0.00136131 0.000185697
5.45 -0.00138163 0.000188577
5.455 -0.00140221 0.000191496
5.46 -0.00142307 0.000194456
5.465 -0.00144422 0.000197457
5.47 -0.00146564 0.0002005
5.475 -0.00148736 0.000203584
5.48 -0.00150936 0.000206711
5.485 -0.00153166 0.000209881
5.49 -0.00155426 0.000213094
5.495 -0.00157716 0.000216351
5.5 -0.00160036 0.000219653
5.505 -0.00162387 0.000223
5.51 -0.00164769 0.000226392
5.515 -0.00167183 0.000229831
5.52 -0.00169628 0.000233316
5.525 -0.00172106 0.000236848
5.53 -0.00174616 0.000240428
5.535 -0.0017716 0.000244057
5.54 -0.00179737 0.000247734
5.545 -0.00182347 0.000251461
5.55 -0.00184992 0.000255238
5.555 -0.00187672 0.000259065
5.56 -0.00190386 0.000262944
5.565 -0.00193136 0.000266875
5.57 -0.00195921 0.000270857
5.575 -0.00198743 0.000274893
5.58 -0.00201601 0.000278983
5.585 -0.00204496 0.000283127
5.59 -0.00207429 0.000287326
5.595 -0.00210399 0.00029158
5.6 -0.00213408 0.00029589
5.605 -0.00216455 0.000300257
5.61 -0.00219542 0.000304682
5.615 -0.00222668 0.000309164
5.62 -0.00225834 0.000313706
5.625 -0.0022904 0.000318306
5.63 -0.00232288 0.000322967
5.635 -0.00235577 0.000327689
5.64 -0.00238907 0.000332472
5.645 -0.0024228 0.000337317
5.65 -0.00245696 0.000342225
5.655 -0.00249155 0.000347196
5.66 -0.00252657 0.000352232
5.665 -0.00256204 0.000357332
5.67 -0.00259796 0.000362499
5.675 -0.00263433 0.000367731
5.68 -0.00267115 0.000373031
5.685 -0.00270843 0.000378399
5.69 -0.00274619 0.000383835
5.695 -0.00278441 0.000389341
5.7 -0.00282311 0.000394917
5.705 -0.00286229 0.000400564
5.71 -0.00290196 0.000406282
5.715 -0.00294212 0.000412073
5.72 -0.00298278 0.000417937
5.725 -0.00302394 0.000423876
5.73 -0.00306562 0.000429889
5.735 -0.0031078 0.000435978
5.74 -0.00315051 0.000442143
5.745 -0.00319374 0.000448386
5.75 -0.0032375 0.000454706
5.755 -0.00328179 0.000461106
5.76 -0.00332663 0.000467586
5.765 -0.00337202 0.000474146
5.77 -0.00341796 0.000480788
5.775 -0.00346446 0.000487512
5.78 -0.00351152 0.000494319
5.785 -0.00355916 0.000501211
5.79 -0.00360737 0.000508188
5.795 -0.00365617 0.000515251
5.8 -0.00370555 0.0005224
5.805 -0.00375553 0.000529638
5.81 -0.00380611 0.000536964
5.815 -0.0038573 0.00054438
5.82 -0.00390911 0.000551886
5.825 -0.00396153 0.000559484
5.83 -0.00401458 0.000567174
5.835 -0.00406827 0.000574958
5.84 -0.00412259 0.000582836
5.845 -0.00417756 0.000590809
5.85 -0.00423319 0.000598879
5.855 -0.00428947 0.000607046
5.86 -0.00434642 0.000615312
5.865 -0.00440404 0.000623677
5.87 -0.00446234 0.000632142
5.875 -0.00452133 0.000640709
5.88 -0.00458102 0.000649378
5.885 -0.0046414 0.00065815
5.89 -0.00470249 0.000667028
5.895 -0.0047643 0.00067601
5.9 -0.00482683 0.0006851
5.905 -0.00489009 0.000694297
5.91 -0.00495408 0.000703602
5.915 -0.00501882 0.000713018
5.92 -0.00508431 0.000722545
5.925 -0.00515056 0.000732184
5.93 -0.00521758 0.000741936
5.935 -0.00528537 0.000751802
5.94 -0.00535394 0.000761784
5.945 -0.0054233 0.000771883
5.95 -0.00549345 0.000782099
5.955 -0.00556441 0.000792434
5.96 -0.00563619 0.00080289
5.965 -0.00570878 0.000813466
5.97 -0.00578221 0.000824165
5.975 -0.00585646 0.000834988
5.98 -0.00593157 0.000845936
5.985 -0.00600753 0.00085701
5.99 -0.00608434 0.000868211
5.995 -0.00616203 0.00087954
6 -0.0062406 0.000891
6.005 -0.00632005 0.00090259
6.01 -0.00640039 0.000914313
6.015 -0.00648164 0.000926169
6.02 -0.0065638 0.00093816
6.025 -0.00664688 0.000950288
6.03 -0.00673089 0.000962552
6.035 -0.00681584 0.000974956
6.04 -0.00690173 0.0009875
6.045 -0.00698858 0.00100018
6.05 -0.00707639 0.00101301
6.055 -0.00716518 0.00102598
6.06 -0.00725495 0.0010391
6.065 -0.00734571 0.00105237
6.07 -0.00743748 0.00106578
6.075 -0.00753025 0.00107934
6.08 -0.00762404 0.00109305
6.085 -0.00771887 0.00110692
6.09 -0.00781473 0.00112094
6.095 -0.00791164 0.00113511
6.1 -0.0080096 0.00114944
6.105 -0.00810864 0.00116393
6.11 -0.00820875 0.00117858
6.115 -0.00830995 0.00119339
6.12 -0.00841225 0.00120836
6.125 -0.00851565 0.00122349
6.13 -0.00862017 0.00123879
6.135 -0.00872582 0.00125426
6.14 -0.0088326 0.0012699
6.145 -0.00894054 0.0012857
6.15 -0.00904963 0.00130168
6.155 -0.00915989 0.00131783
6.16 -0.00927132 0.00133416
6.165 -0.00938395 0.00135066
6.17 -0.00949778 0.00136734
6.175 -0.00961281 0.0013842
6.18 -0.00972907 0.00140124
6.185 -0.00984656 0.00141846
6.19 -0.00996529 0.00143587
6.195 -0.0100853 0.00145346
6.2 -0.0102065 0.00147124
6.205 -0.0103291 0.00148921
6.21 -0.0104529 0.00150736
6.215 -0.010578 0.00152572
6.22 -0.0107044 0.00154426
6.225 -0.0108321 0.001563
6.23 -0.0109612 0.00158194
6.235 -0.0110916 0.00160108
6.24 -0.0112234 0.00162042
6.245 -0.0113565 0.00163996
6.25 -0.0114911 0.0016597
6.255 -0.011627 0.00167966
6.26 -0.0117643 0.00169982
6.265 -0.011903 0.00172019
6.27 -0.0120432 0.00174077
6.275 -0.0121847 0.00176156
6.28 -0.0123278 0.00178257
6.285 -0.0124723 0.00180379
6.29 -0.0126183 0.00182524
6.295 -0.0127657 0.0018469
6.3 -0.0129147 0.00186879
6.305 -0.0130652 0.0018909
6.31 -0.0132172 0.00191324
6.315 -0.0133707 0.0019358
6.32 -0.0135258 0.0019586
6.325 -0.0136824 0.00198162
6.33 -0.0138406 0.00200488
6.335 -0.0140005 0.00202838
6.34 -0.0141619 0.00205211
6.345 -0.0143249 0.00207609
6.35 -0.0144895 0.0021003
6.355 -0.0146558 0.00212476
6.36 -0.0148238 0.00214946
6.365 -0.0149934 0.00217441
6.37 -0.0151647 0.00219961
6.375 -0.0153377 0.00222506
6.38 -0.0155124 0.00225077
6.385 -0.0156888 0.00227673
6.39 -0.015867 0.00230294
6.395 -0.0160469 0.00232942
6.4 -0.0162286 0.00235616
6.405 -0.016412 0.00238316
6.41 -0.0165972 0.00241043
6.415 -0.0167843 0.00243796
6.42 -0.0169731 0.00246577
6.425 -0.0171638 0.00249384
6.43 -0.0173564 0.0025222
6.435 -0.0175508 0.00255082
6.44 -0.0177471 0.00257973
6.445 -0.0179452 0.00260892
6.45 -0.0181453 0.00263839
6.455 -0.0183473 0.00266814
6.46 -0.0185513 0.00269818
6.465 -0.0187571 0.00272851
6.47 -0.018965 0.00275913
6.475 -0.0191748 0.00279005
6.48 -0.0193867 0.00282126
6.485 -0.0196005 0.00285277
6.49 -0.0198163 0.00288459
6.495 -0.0200342 0.0029167
6.5 -0.0202542 0.00294912
6.505 -0.0204762 0.00298184
6.51 -0.0207003 0.00301488
6.515 -0.0209266 0.00304823
6.52 -0.0211549 0.00308189
6.525 -0.0213854 0.00311587
6.53 -0.021618 0.00315017
6.535 -0.0218528 0.00318479
6.54 -0.0220897 0.00321973
6.545 -0.0223289 0.003255
6.55 -0.0225702 0.0032906
6.555 -0.0228138 0.00332652
6.56 -0.0230597 0.00336279
6.565 -0.0233078 0.00339938
6.57 -0.0235582 0.00343632
6.575 -0.0238108 0.00347359
6.58 -0.0240658 0.00351121
6.585 -0.0243231 0.00354918
6.59 -0.0245828 0.00358749
6.595 -0.0248448 0.00362615
6.6 -0.0251092 0.00366517
6.605 -0.025376 0.00370454
6.61 -0.0256452 0.00374427
6.615 -0.0259168 0.00378435
6.62 -0.0261909 0.0038248
6.625 -0.0264674 0.00386562
6.63 -0.0267464 0.00390681
6.635 -0.0270279 0.00394836
6.64 -0.0273119 0.00399029
6.645 -0.0275985 0.00403259
6.65 -0.0278876 0.00407528
6.655 -0.0281792 0.00411834
6.66 -0.0284735 0.00416178
6.665 -0.0287703 0.00420562
6.67 -0.0290698 0.00424984
6.675 -0.0293719 0.00429445
6.68 -0.0296766 0.00433946
6.685 -0.029984 0.00438486
6.69 -0.0302941 0.00443066
6.695 -0.0306069 0.00447686
6.7 -0.0309225 0.00452347
6.705 -0.0312407 0.00457048
6.71 -0.0315618 0.00461791
6.715 -0.0318856 0.00466575
6.72 -0.0322122 0.004714
6.725 -0.0325416 0.00476267
6.73 -0.0328739 0.00481176
6.735 -0.033209 0.00486128
6.74 -0.033547 0.00491122
6.745 -0.0338878 0.00496159
6.75 -0.0342316 0.00501239
6.755 -0.0345783 0.00506362
6.76 -0.034928 0.0051153
6.765 -0.0352806 0.00516741
6.77 -0.0356361 0.00521996
6.775 -0.0359947 0.00527297
6.78 -0.0363563 0.00532642
6.785 -0.036721 0.00538032
6.79 -0.0370887 0.00543467
6.795 -0.0374595 0.00548948
6.8 -0.0378333 0.00554475
6.805 -0.0382103 0.00560049
6.81 -0.0385904 0.00565668
6.815 -0.0389737 0.00571335
6.82 -0.0393601 0.00577049
6.825 -0.0397498 0.0058281
6.83 -0.0401426 0.00588619
6.835 -0.0405387 0.00594476
6.84 -0.040938 0.00600381
6.845 -0.0413406 0.00606334
6.85 -0.0417465 0.00612337
6.855 -0.0421557 0.00618388
6.86 -0.0425682 0.00624489
6.865 -0.042984 0.0063064
6.87 -0.0434032 0.00636841
6.875 -0.0438258 0.00643091
6.88 -0.0442519 0.00649393
6.885 -0.0446813 0.00655745
6.89 -0.0451142 0.00662149
6.895 -0.0455505 0.00668604
6.9 -0.0459903 0.0067511
6.905 -0.0464337 0.00681669
6.91 -0.0468805 0.0068828
6.915 -0.0473309 0.00694944
6.92 -0.0477849 0.00701661
6.925 -0.0482424 0.00708431
6.93 -0.0487036 0.00715254
6.935 -0.0491684 0.00722131
6.94 -0.0496368 0.00729063
6.945 -0.0501089 0.00736048
6.95 -0.0505846 0.00743089
6.955 -0.0510641 0.00750184
6.96 -0.0515473 0.00757335
6.965 -0.0520342 0.00764542
6.97 -0.0525249 0.00771804
6.975 -0.0530194 0.00779123
6.98 -0.0535177 0.00786498
6.985 -0.0540198 0.0079393
6.99 -0.0545258 0.00801419
6.995 -0.0550356 0.00808965
7 -0.0555494 0.0081657
7.005 -0.056067 0.00824232
7.01 -0.0565885 0.00831952
7.015 -0.057114 0.00839732
7.02 -0.0576435 0.0084757
7.025 -0.0581769 0.00855467
7.03 -0.0587144 0.00863424
7.035 -0.0592559 0.0087144
7.04 -0.0598014 0.00879517
7.045 -0.060351 0.00887655
7.05 -0.0609047 0.00895853
7.055 -0.0614625 0.00904112
7.06 -0.0620244 0.00912432
7.065 -0.0625905 0.00920814
7.07 -0.0631607 0.00929258
7.075 -0.0637352 0.00937764
7.08 -0.0643138 0.00946333
7.085 -0.0648967 0.00954965
7.09 -0.0654838 0.00963659
7.095 -0.0660752 0.00972417
7.1 -0.0666709 0.00981239
7.105 -0.0672709 0.00990125
7.11 -0.0678752 0.00999076
7.115 -0.0684839 0.0100809
7.12 -0.069097 0.0101717
7.125 -0.0697144 0.0102632
7.13 -0.0703363 0.0103553
7.135 -0.0709626 0.010448
7.14 -0.0715934 0.0105415
7.145 -0.0722286 0.0106356
7.15 -0.0728683 0.0107303
7.155 -0.0735125 0.0108257
7.16 -0.0741613 0.0109218
7.165 -0.0748146 0.0110186
7.17 -0.0754725 0.0111161
7.175 -0.076135 0.0112142
7.18 -0.076802 0.0113131
7.185 -0.0774738 0.0114126
7.19 -0.0781501 0.0115128
7.195 -0.0788312 0.0116137
7.2 -0.0795169 0.0117153
7.205 -0.0802074 0.0118176
7.21 -0.0809025 0.0119206
7.215 -0.0816025 0.0120243
7.22 -0.0823072 0.0121287
7.225 -0.0830166 0.0122338
7.23 -0.0837309 0.0123396
7.235 -0.08445 0.0124462
7.24 -0.085174 0.0125535
7.245 -0.0859028 0.0126615
7.25 -0.0866366 0.0127702
7.255 -0.0873752 0.0128797
7.26 -0.0881187 0.0129898
7.265 -0.0888672 0.0131008
7.27 -0.0896206 0.0132124
7.275 -0.0903791 0.0133248
7.28 -0.0911425 0.0134379
7.285 -0.0919109 0.0135518
7.29 -0.0926844 0.0136665
7.295 -0.0934629 0.0137818
7.3 -0.0942465 0.013898
7.305 -0.0950352 0.0140149
7.31 -0.095829 0.0141325
7.315 -0.0966279 0.0142509
7.32 -0.097432 0.0143701
7.325 -0.0982412 0.01449
7.33 -0.0990556 0.0146108
7.335 -0.0998752 0.0147322
7.34 -0.1007 0.0148545
7.345 -0.10153 0.0149775
7.35 -0.102365 0.0151014
7.355 -0.103206 0.015226
7.36 -0.104052 0.0153514
7.365 -0.104903 0.0154775
7.37 -0.105759 0.0156045
7.375 -0.106621 0.0157322
7.38 -0.107488 0.0158608
7.385 -0.108361 0.0159901
7.39 -0.109239 0.0161203
7.395 -0.110122 0.0162513
7.4 -0.111011 0.016383
7.405 -0.111905 0.0165156
7.41 -0.112805 0.016649
7.415 -0.11371 0.0167831
7.42 -0.114621 0.0169181
7.425 -0.115537 0.017054
7.43 -0.116458 0.0171906
7.435 -0.117385 0.0173281
7.44 -0.118318 0.0174664
7.445 -0.119256 0.0176055
7.45 -0.1202 0.0177454
7.455 -0.121149 0.0178862
7.46 -0.122105 0.0180278
7.465 -0.123065 0.0181702
7.47 -0.124031 0.0183135
7.475 -0.125003 0.0184576
7.48 -0.125981 0.0186026
7.485 -0.126964 0.0187484
7.49 -0.127953 0.018895
7.495 -0.128948 0.0190425
7.5 -0.129948 0.0191909
7.505 -0.130954 0.0193401
7.51 -0.131966 0.0194901
7.515 -0.132984 0.019641
7.52 -0.134007 0.0197928
7.525 -0.135036 0.0199454
7.53 -0.136071 0.0200989
7.535 -0.137112 0.0202532
7.54 -0.138159 0.0204084
7.545 -0.139211 0.0205645
7.55 -0.140269 0.0207214
7.555 -0.141333 0.0208793
7.56 -0.142403 0.0210379
7.565 -0.143479 0.0211975
7.57 -0.144561 0.0213579
7.575 -0.145648 0.0215192
7.58 -0.146742 0.0216814
7.585 -0.147841 0.0218445
7.59 -0.148947 0.0220084
7.595 -0.150058 0.0221733
7.6 -0.151175 0.022339
7.605 -0.152299 0.0225056
7.61 -0.153428 0.0226731
7.615 -0.154563 0.0228414
7.62 -0.155704 0.0230107
7.625 -0.156851 0.0231809
7.63 -0.158004 0.0233519
7.635 -0.159164 0.0235238
7.64 -0.160329 0.0236967
7.645 -0.1615 0.0238704
7.65 -0.162677 0.024045
7.655 -0.16386 0.0242205
7.66 -0.16505 0.024397
7.665 -0.166245 0.0245743
7.67 -0.167446 0.0247525
7.675 -0.168654 0.0249316
7.68 -0.169867 0.0251116
7.685 -0.171087 0.0252925
7.69 -0.172313 0.0254744
7.695 -0.173545 0.0256571
7.7 -0.174782 0.0258407
7.705 -0.176026 0.0260253
7.71 -0.177276 0.0262107
7.715 -0.178533 0.0263971
7.72 -0.179795 0.0265843
7.725 -0.181063 0.0267725
7.73 -0.182338 0.0269616
7.735 -0.183618 0.0271516
7.74 -0.184905 0.0273425
7.745 -0.186198 0.0275343
7.75 -0.187497 0.027727
7.755 -0.188802 0.0279206
7.76 -0.190113 0.0281151
7.765 -0.19143 0.0283106
7.77 -0.192754 0.0285069
7.775 -0.194083 0.0287042
7.78 -0.195419 0.0289024
7.785 -0.196761 0.0291014
7.79 -0.198109 0.0293014
7.795 -0.199463 0.0295023
7.8 -0.200823 0.0297042
7.805 -0.202189 0.0299069
7.81 -0.203562 0.0301105
7.815 -0.20494 0.030315
7.82 -0.206325 0.0305205
7.825 -0.207716 0.0307268
7.83 -0.209113 0.0309341
7.835 -0.210515 0.0311423
7.84 -0.211925 0.0313514
7.845 -0.21334 0.0315613
7.85 -0.214761 0.0317722
7.855 -0.216188 0.031984
7.86 -0.217622 0.0321967
7.865 -0.219061 0.0324103
7.87 -0.220507 0.0326248
7.875 -0.221958 0.0328402
7.88 -0.223416 0.0330565
7.885 -0.224879 0.0332737
7.89 -0.226349 0.0334918
7.895 -0.227825 0.0337108
7.9 -0.229307 0.0339306
7.905 -0.230794 0.0341514
7.91 -0.232288 0.0343731
7.915 -0.233788 0.0345956
7.92 -0.235294 0.0348191
7.925 -0.236805 0.0350434
7.93 -0.238323 0.0352686
7.935 -0.239847 0.0354947
7.94 -0.241376 0.0357217
7.945 -0.242911 0.0359496
7.95 -0.244453 0.0361783
7.955 -0.246 0.036408
7.96 -0.247553 0.0366385
7.965 -0.249112 0.0368698
7.97 -0.250677 0.0371021
7.975 -0.252248 0.0373352
7.98 -0.253824 0.0375691
7.985 -0.255407 0.037804
7.99 -0.256995 0.0380397
7.995 -0.258589 0.0382762
8 -0.260188 0.0385136
8.005 -0.261794 0.0387519
8.01 -0.263405 0.038991
8.015 -0.265022 0.039231
8.02 -0.266644 0.0394718
8.025 -0.268273 0.0397135
8.03 -0.269907 0.039956
8.035 -0.271546 0.0401993
8.04 -0.273191 0.0404435
8.045 -0.274842 0.0406885
8.05 -0.276498 0.0409343
8.055 -0.27816 0.0411809
8.06 -0.279827 0.0414284
8.065 -0.2815 0.0416767
8.07 -0.283178 0.0419258
8.075 -0.284862 0.0421757
8.08 -0.286551 0.0424264
8.085 -0.288246 0.0426779
8.09 -0.289946 0.0429303
8.095 -0.291651 0.0431834
8.1 -0.293361 0.0434373
8.105 -0.295077 0.043692
8.11 -0.296799 0.0439475
8.115 -0.298525 0.0442037
8.12 -0.300257 0.0444608
8.125 -0.301993 0.0447186
8.13 -0.303735 0.0449771
8.135 -0.305482 0.0452365
8.14 -0.307235 0.0454966
8.145 -0.308992 0.0457574
8.15 -0.310754 0.046019
8.155 -0.312521 0.0462814
8.16 -0.314294 0.0465444
8.165 -0.316071 0.0468082
8.17 -0.317853 0.0470728
8.175 -0.31964 0.047338
8.18 -0.321432 0.047604
8.185 -0.323228 0.0478707
8.19 -0.325029 0.0481381
8.195 -0.326835 0.0484062
8.2 -0.328646 0.048675
8.205 -0.330462 0.0489445
8.21 -0.332282 0.0492147
8.215 -0.334106 0.0494856
8.22 -0.335935 0.0497571
8.225 -0.337769 0.0500293
8.23 -0.339607 0.0503022
8.235 -0.341449 0.0505757
8.24 -0.343296 0.0508499
8.245 -0.345147 0.0511247
8.25 -0.347003 0.0514001
8.255 -0.348862 0.0516762
8.26 -0.350726 0.0519529
8.265 -0.352594 0.0522303
8.27 -0.354466 0.0525082
8.275 -0.356342 0.0527868
8.28 -0.358223 0.0530659
8.285 -0.360107 0.0533456
8.29 -0.361995 0.053626
8.295 -0.363887 0.0539069
8.3 -0.365783 0.0541883
8.305 -0.367682 0.0544704
8.31 -0.369586 0.0547529
8.315 -0.371493 0.0550361
8.32 -0.373403 0.0553197
8.325 -0.375317 0.055604
8.33 -0.377235 0.0558887
8.335 -0.379156 0.0561739
8.34 -0.381081 0.0564597
8.345 -0.383009 0.056746
8.35 -0.38494 0.0570327
8.355 -0.386875 0.0573199
8.36 -0.388812 0.0576077
8.365 -0.390753 0.0578958
8.37 -0.392697 0.0581845
8.375 -0.394644 0.0584736
8.38 -0.396594 0.0587631
8.385 -0.398547 0.0590531
8.39 -0.400503 0.0593435
8.395 -0.402461 0.0596343
8.4 -0.404423 0.0599255
8.405 -0.406387 0.0602171
8.41 -0.408353 0.0605092
8.415 -0.410322 0.0608015
8.42 -0.412294 0.0610943
8.425 -0.414268 0.0613874
8.43 -0.416244 0.0616809
8.435 -0.418223 0.0619747
8.44 -0.420203 0.0622689
8.445 -0.422186 0.0625633
8.45 -0.424172 0.0628581
8.455 -0.426159 0.0631532
8.46 -0.428148 0.0634486
8.465 -0.430139 0.0637442
8.47 -0.432131 0.0640402
8.475 -0.434126 0.0643364
8.48 -0.436122 0.0646328
8.485 -0.43812 0.0649295
8.49 -0.440119 0.0652264
8.495 -0.44212 0.0655235
8.5 -0.444122 0.0658209
8.505 -0.446126 0.0661184
8.51 -0.448131 0.0664161
8.515 -0.450136 0.066714
8.52 -0.452143 0.0670121
8.525 -0.454151 0.0673103
8.53 -0.45616 0.0676087
8.535 -0.45817 0.0679071
8.54 -0.460181 0.0682057
8.545 -0.462192 0.0685045
8.55 -0.464204 0.0688033
8.555 -0.466216 0.0691021
8.56 -0.468229 0.0694011
8.565 -0.470242 0.0697001
8.57 -0.472256 0.0699992
8.575 -0.474269 0.0702982
8.58 -0.476283 0.0705974
8.585 -0.478297 0.0708965
8.59 -0.480311 0.0711956
8.595 -0.482325 0.0714947
8.6 -0.484338 0.0717937
8.605 -0.486351 0.0720928
8.61 -0.488364 0.0723917
8.615 -0.490376 0.0726906
8.62 -0.492388 0.0729895
8.625 -0.494399 0.0732882
8.63 -0.496409 0.0735868
8.635 -0.498419 0.0738853
8.64 -0.500427 0.0741836
8.645 -0.502435 0.0744818
8.65 -0.504441 0.0747799
8.655 -0.506447 0.0750777
8.66 -0.50845 0.0753754
8.665 -0.510453 0.0756729
8.67 -0.512454 0.0759701
8.675 -0.514453 0.0762672
8.68 -0.516451 0.0765639
8.685 -0.518447 0.0768604
8.69 -0.520441 0.0771567
8.695 -0.522433 0.0774526
8.7 -0.524423 0.0777482
8.705 -0.526411 0.0780435
8.71 -0.528396 0.0783385
8.715 -0.53038 0.0786331
8.72 -0.53236 0.0789274
8.725 -0.534338 0.0792213
8.73 -0.536314 0.0795147
8.735 -0.538286 0.0798078
8.74 -0.540256 0.0801004
8.745 -0.542223 0.0803926
8.75 -0.544186 0.0806844
8.755 -0.546146 0.0809756
8.76 -0.548104 0.0812664
8.765 -0.550057 0.0815567
8.77 -0.552007 0.0818464
8.775 -0.553954 0.0821356
8.78 -0.555896 0.0824243
8.785 -0.557835 0.0827124
8.79 -0.55977 0.0829999
8.795 -0.561701 0.0832868
8.8 -0.563627 0.083573
8.805 -0.565549 0.0838587
8.81 -0.567467 0.0841436
8.815 -0.56938 0.084428
8.82 -0.571289 0.0847116
8.825 -0.573193 0.0849945
8.83 -0.575092 0.0852767
8.835 -0.576986 0.0855582
8.84 -0.578875 0.0858389
8.845 -0.580758 0.0861188
8.85 -0.582637 0.0863979
8.855 -0.58451 0.0866763
8.86 -0.586377 0.0869538
8.865 -0.588238 0.0872304
8.87 -0.590094 0.0875062
8.875 -0.591944 0.0877811
8.88 -0.593787 0.0880552
8.885 -0.595625 0.0883283
8.89 -0.597456 0.0886004
8.895 -0.599281 0.0888717
8.9 -0.601099 0.0891419
8.905 -0.602911 0.0894112
8.91 -0.604715 0.0896794
8.915 -0.606513 0.0899467
8.92 -0.608304 0.0902129
8.925 -0.610088 0.090478
8.93 -0.611864 0.090742
8.935 -0.613633 0.091005
8.94 -0.615394 0.0912668
8.945 -0.617148 0.0915275
8.95 -0.618893 0.091787
8.955 -0.620631 0.0920454
8.96 -0.622361 0.0923025
8.965 -0.624082 0.0925585
8.97 -0.625796 0.0928132
8.975 -0.6275 0.0930667
8.98 -0.629197 0.0933189
8.985 -0.630884 0.0935698
8.99 -0.632563 0.0938193
8.995 -0.634232 0.0940676
9 -0.635893 0.0943145
9.005 -0.637544 0.09456
9.01 -0.639186 0.0948042
9.015 -0.640818 0.0950469
9.02 -0.64244 0.0952882
9.025 -0.644053 0.095528
9.03 -0.645656 0.0957664
9.035 -0.647249 0.0960033
9.04 -0.648831 0.0962386
9.045 -0.650404 0.0964725
9.05 -0.651965 0.0967048
9.055 -0.653517 0.0969355
9.06 -0.655057 0.0971646
9.065 -0.656586 0.0973921
9.07 -0.658105 0.0976179
9.075 -0.659612 0.0978422
9.08 -0.661108 0.0980647
9.085 -0.662592 0.0982855
9.09 -0.664065 0.0985046
9.095 -0.665526 0.098722
9.1 -0.666976 0.0989376
9.105 -0.668413 0.0991515
9.11 -0.669838 0.0993635
9.115 -0.671251 0.0995737
9.12 -0.672651 0.0997821
9.125 -0.674038 0.0999886
9.13 -0.675413 0.100193
9.135 -0.676775 0.100396
9.14 -0.678125 0.100597
9.145 -0.67946 0.100795
9.15 -0.680783 0.100992
9.155 -0.682092 0.101187
9.16 -0.683387 0.10138
9.165 -0.684669 0.101571
9.17 -0.685937 0.10176
9.175 -0.687191 0.101946
9.18 -0.68843 0.102131
9.185 -0.689656 0.102313
9.19 -0.690866 0.102494
9.195 -0.692062 0.102672
9.2 -0.693244 0.102848
9.205 -0.69441 0.103021
9.21 -0.695562 0.103193
9.215 -0.696698 0.103362
9.22 -0.697818 0.103529
9.225 -0.698924 0.103694
9.23 -0.700013 0.103856
9.235 -0.701087 0.104016
9.24 -0.702145 0.104174
9.245 -0.703187 0.104329
9.25 -0.704212 0.104482
9.255 -0.705221 0.104632
9.26 -0.706213 0.10478
9.265 -0.707189 0.104925
9.27 -0.708148 0.105068
9.275 -0.70909 0.105209
9.28 -0.710014 0.105347
9.285 -0.710922 0.105482
9.29 -0.711812 0.105615
9.295 -0.712684 0.105745
9.3 -0.713539 0.105872
9.305 -0.714375 0.105997
9.31 -0.715194 0.106119
9.315 -0.715994 0.106239
9.32 -0.716776 0.106355
9.325 -0.71754 0.106469
9.33 -0.718285 0.106581
9.335 -0.719011 0.106689
9.34 -0.719718 0.106795
9.345 -0.720406 0.106898
9.35 -0.721074 0.106998
9.355 -0.721723 0.107095
9.36 -0.722353 0.107189
9.365 -0.722963 0.10728
9.37 -0.723553 0.107368
9.375 -0.724123 0.107454
9.38 -0.724673 0.107536
9.385 -0.725203 0.107615
9.39 -0.725712 0.107692
9.395 -0.7262 0.107765
9.4 -0.726668 0.107835
9.405 -0.727115 0.107902
9.41 -0.727541 0.107966
9.415 -0.727945 0.108027
9.42 -0.728329 0.108084
9.425 -0.72869 0.108139
9.43 -0.72903 0.10819
9.435 -0.729349 0.108238
9.44 -0.729645 0.108283
9.445 -0.729919 0.108324
9.45 -0.730171 0.108362
9.455 -0.7304 0.108397
9.46 -0.730607 0.108429
9.465 -0.730792 0.108457
9.47 -0.730953 0.108482
9.475 -0.731091 0.108503
9.48 -0.731207 0.108521
9.485 -0.731299 0.108535
9.49 -0.731367 0.108546
9.495 -0.731412 0.108554
9.5 -0.731434 0.108558
9.505 -0.731431 0.108558
9.51 -0.731405 0.108555
9.515 -0.731354 0.108548
9.52 -0.731279 0.108538
9.525 -0.731179 0.108524
9.53 -0.731055 0.108506
9.535 -0.730907 0.108485
9.54 -0.730733 0.10846
9.545 -0.730534 0.108431
9.55 -0.730311 0.108399
9.555 -0.730061 0.108363
9.56 -0.729787 0.108323
9.565 -0.729487 0.108279
9.57 -0.729161 0.108232
9.575 -0.728809 0.108181
9.58 -0.728432 0.108125
9.585 -0.728028 0.108066
9.59 -0.727598 0.108003
9.595 -0.727142 0.107936
9.6 -0.726659 0.107866
9.605 -0.726149 0.107791
9.61 -0.725613 0.107712
9.615 -0.725049 0.107629
9.62 -0.724459 0.107543
9.625 -0.723841 0.107452
9.63 -0.723196 0.107357
9.635 -0.722524 0.107258
9.64 -0.721824 0.107155
9.645 -0.721096 0.107048
9.65 -0.72034 0.106937
9.655 -0.719557 0.106821
9.66 -0.718745 0.106702
9.665 -0.717905 0.106578
9.67 -0.717036 0.10645
9.675 -0.71614 0.106318
9.68 -0.715214 0.106181
9.685 -0.71426 0.106041
9.69 -0.713276 0.105896
9.695 -0.712264 0.105746
9.7 -0.711223 0.105593
9.705 -0.710152 0.105435
9.71 -0.709052 0.105272
9.715 -0.707923 0.105106
9.72 -0.706764 0.104935
9.725 -0.705575 0.104759
9.73 -0.704356 0.104579
9.735 -0.703108 0.104395
9.74 -0.701829 0.104206
9.745 -0.70052 0.104013
9.75 -0.699181 0.103815
9.755 -0.697811 0.103613
9.76 -0.696411 0.103406
9.765 -0.694981 0.103194
9.77 -0.693519 0.102978
9.775 -0.692027 0.102758
9.78 -0.690503 0.102533
9.785 -0.688949 0.102303
9.79 -0.687363 0.102069
9.795 -0.685746 0.10183
9.8 -0.684098 0.101586
9.805 -0.682418 0.101338
9.81 -0.680706 0.101085
9.815 -0.678963 0.100827
9.82 -0.677188 0.100564
9.825 -0.675381 0.100297
9.83 -0.673542 0.100025
9.835 -0.671671 0.0997487
9.84 -0.669768 0.0994672
9.845 -0.667832 0.099181
9.85 -0.665864 0.0988899
9.855 -0.663864 0.098594
9.86 -0.661831 0.0982933
9.865 -0.659765 0.0979878
9.87 -0.657667 0.0976773
9.875 -0.655536 0.097362
9.88 -0.653372 0.0970419
9.885 -0.651174 0.0967168
9.89 -0.648944 0.0963868
9.895 -0.646681 0.0960519
9.9 -0.644384 0.0957121
9.905 -0.642054 0.0953673
9.91 -0.639691 0.0950176
9.915 -0.637294 0.0946629
9.92 -0.634863 0.0943032
9.925 -0.632399 0.0939385
9.93 -0.629901 0.0935689
9.935 -0.62737 0.0931942
9.94 -0.624804 0.0928145
9.945 -0.622205 0.0924297
9.95 -0.619572 0.0920399
9.955 -0.616904 0.0916451
9.96 -0.614203 0.0912452
9.965 -0.611467 0.0908402
9.97 -0.608697 0.0904301
9.975 -0.605893 0.090015
9.98 -0.603054 0.0895947
9.985 -0.600181 0.0891694
9.99 -0.597273 0.0887389
9.995 -0.594331 0.0883033
10 -0.591354 0.0878626
10.005 -0.588343 0.0874167
10.01 -0.585297 0.0869657
10.015 -0.582216 0.0865096
10.02 -0.579101 0.0860482
10.025 -0.57595 0.0855817
10.03 -0.572765 0.0851101
10.035 -0.569545 0.0846332
10.04 -0.56629 0.0841512
10.045 -0.562999 0.0836639
10.05 -0.559674 0.0831715
10.055 -0.556314 0.0826739
10.06 -0.552919 0.082171
10.065 -0.549488 0.081663
10.07 -0.546023 0.0811497
10.075 -0.542522 0.0806312
10.08 -0.538986 0.0801075
10.085 -0.535415 0.0795786
10.09 -0.531808 0.0790444
10.095 -0.528166 0.078505
10.1 -0.524489 0.0779603
10.105 -0.520777 0.0774104
10.11 -0.517029 0.0768553
10.115 -0.513246 0.0762949
10.12 -0.509427 0.0757293
10.125 -0.505574 0.0751584
10.13 -0.501684 0.0745823
10.135 -0.49776 0.0740009
10.14 -0.4938 0.0734143
10.145 -0.489804 0.0728224
10.15 -0.485773 0.0722252
10.155 -0.481707 0.0716228
10.16 -0.477606 0.0710152
10.165 -0.473469 0.0704023
10.17 -0.469296 0.0697841
10.175 -0.465088 0.0691607
10.18 -0.460845 0.068532
10.185 -0.456567 0.0678981
10.19 -0.452253 0.067259
10.195 -0.447904 0.0666146
10.2 -0.443519 0.065965
10.205 -0.439099 0.0653101
10.21 -0.434644 0.06465
10.215 -0.430154 0.0639847
10.22 -0.425629 0.0633141
10.225 -0.421068 0.0626383
10.23 -0.416472 0.0619573
10.235 -0.411841 0.0612711
10.24 -0.407175 0.0605797
10.245 -0.402474 0.0598831
10.25 -0.397738 0.0591812
10.255 -0.392966 0.0584742
10.26 -0.38816 0.057762
10.265 -0.383319 0.0570446
10.27 -0.378444 0.0563221
10.275 -0.373533 0.0555943
10.28 -0.368588 0.0548615
10.285 -0.363608 0.0541234
10.29 -0.358593 0.0533803
10.295 -0.353544 0.052632
10.3 -0.34846 0.0518785
10.305 -0.343342 0.05112
10.31 -0.338189 0.0503564
10.315 -0.333002 0.0495876
10.32 -0.327781 0.0488138
10.325 -0.322525 0.0480349
10.33 -0.317236 0.0472509
10.335 -0.311912 0.0464619
10.34 -0.306555 0.0456678
10.345 -0.301163 0.0448687
10.35 -0.295738 0.0440646
10.355 -0.290279 0.0432555
10.36 -0.284786 0.0424414
10.365 -0.27926 0.0416223
10.37 -0.273701 0.0407982
10.375 -0.268108 0.0399692
10.38 -0.262481 0.0391352
10.385 -0.256822 0.0382964
10.39 -0.25113 0.0374526
10.395 -0.245404 0.0366039
10.4 -0.239646 0.0357503
10.405 -0.233855 0.0348919
10.41 -0.228031 0.0340286
10.415 -0.222175 0.0331605
10.42 -0.216286 0.0322876
10.425 -0.210365 0.0314099
10.43 -0.204412 0.0305274
10.435 -0.198426 0.0296401
10.44 -0.192409 0.0287481
10.445 -0.18636 0.0278513
10.45 -0.180279 0.0269499
10.455 -0.174167 0.0260438
10.46 -0.168023 0.025133
10.465 -0.161848 0.0242175
10.47 -0.155642 0.0232975
10.475 -0.149405 0.0223728
10.48 -0.143136 0.0214435
10.485 -0.136837 0.0205097
10.49 -0.130508 0.0195713
10.495 -0.124148 0.0186284
10.5 -0.117758 0.017681
10.505 -0.111337 0.0167291
10.51 -0.104887 0.0157728
10.515 -0.0984069 0.014812
10.52 -0.091897 0.0138469
10.525 -0.0853576 0.0128773
10.53 -0.0787889 0.0119034
10.535 -0.0721911 0.0109252
10.54 -0.0655642 0.00994265
10.545 -0.0589085 0.00895583
10.55 -0.0522242 0.00796475
10.555 -0.0455113 0.00696944
10.56 -0.0387702 0.00596993
10.565 -0.032001 0.00496624
10.57 -0.0252038 0.0039584
10.575 -0.018379 0.00294644
10.58 -0.0115265 0.00193039
10.585 -0.0046467 0.000910279
10.59 0.00226027 -0.000113871
10.595 0.0091942 -0.00114203
10.6 0.0161549 -0.00217416
10.605 0.0231422 -0.00321024
10.61 0.0301558 -0.00425024
10.615 0.0371956 -0.00529412
10.62 0.0442613 -0.00634186
10.625 0.0513528 -0.00739342
10.63 0.0584698 -0.00844877
10.635 0.0656121 -0.00950789
10.64 0.0727795 -0.0105707
10.645 0.0799717 -0.0116373
10.65 0.0871886 -0.0127075
10.655 0.0944299 -0.0137813
10.66 0.101695 -0.0148587
10.665 0.108985 -0.0159397
10.67 0.116298 -0.0170242
10.675 0.123635 -0.0181122
10.68 0.130995 -0.0192037
10.685 0.138378 -0.0202985
10.69 0.145783 -0.0213968
10.695 0.153211 -0.0224984
10.7 0.160662 -0.0236033
10.705 0.168134 -0.0247115
10.71 0.175629 -0.0258229
10.715 0.183145 -0.0269376
10.72 0.190682 -0.0280553
10.725 0.19824 -0.0291763
10.73 0.205819 -0.0303002
10.735 0.213418 -0.0314273
10.74 0.221037 -0.0325573
10.745 0.228677 -0.0336903
10.75 0.236336 -0.0348263
10.755 0.244014 -0.0359651
10.76 0.251712 -0.0371068
10.765 0.259429 -0.0382512
10.77 0.267164 -0.0393984
10.775 0.274917 -0.0405484
10.78 0.282688 -0.041701
10.785 0.290477 -0.0428563
10.79 0.298284 -0.0440141
10.795 0.306107 -0.0451745
10.8 0.313948 -0.0463374
10.805 0.321805 -0.0475028
10.81 0.329678 -0.0486705
10.815 0.337567 -0.0498407
10.82 0.345472 -0.0510132
10.825 0.353392 -0.0521879
10.83 0.361327 -0.0533649
10.835 0.369277 -0.0545441
10.84 0.377241 -0.0557254
10.845 0.385219 -0.0569088
10.85 0.393211 -0.0580943
10.855 0.401217 -0.0592818
10.86 0.409235 -0.0604712
10.865 0.417267 -0.0616626
10.87 0.42531 -0.0628558
10.875 0.433366 -0.0640508
10.88 0.441434 -0.0652475
10.885 0.449514 -0.066446
10.89 0.457604 -0.0676461
10.895 0.465706 -0.0688479
10.9 0.473817 -0.0700512
10.905 0.481939 -0.0712561
10.91 0.490071 -0.0724623
10.915 0.498212 -0.07367
10.92 0.506363 -0.0748791
10.925 0.514522 -0.0760895
10.93 0.522689 -0.0773011
10.935 0.530865 -0.0785139
10.94 0.539048 -0.0797279
10.945 0.547238 -0.080943
10.95 0.555436 -0.0821591
10.955 0.56364 -0.0833762
10.96 0.571851 -0.0845943
10.965 0.580067 -0.0858132
10.97 0.588289 -0.087033
10.975 0.596516 -0.0882535
10.98 0.604748 -0.0894748
10.985 0.612984 -0.0906967
10.99 0.621224 -0.0919192
10.995 0.629468 -0.0931423
11 0.637716 -0.0943659
11.005 0.645966 -0.0955899
11.01 0.654218 -0.0968143
11.015 0.662473 -0.0980391
11.02 0.67073 -0.0992641
11.025 0.678988 -0.100489
11.03 0.687247 -0.101715
11.035 0.695507 -0.10294
11.04 0.703766 -0.104166
11.045 0.712026 -0.105391
11.05 0.720285 -0.106617
11.055 0.728543 -0.107842
11.06 0.7368 -0.109067
11.065 0.745055 -0.110292
11.07 0.753308 -0.111516
11.075 0.761558 -0.11274
11.08 0.769805 -0.113964
11.085 0.778049 -0.115187
11.09 0.786289 -0.11641
11.095 0.794525 -0.117632
11.1 0.802756 -0.118854
11.105 0.810982 -0.120074
11.11 0.819203 -0.121294
11.115 0.827417 -0.122513
11.12 0.835626 -0.123731
11.125 0.843828 -0.124948
11.13 0.852023 -0.126164
11.135 0.86021 -0.127379
11.14 0.868389 -0.128593
11.145 0.87656 -0.129805
11.15 0.884722 -0.131017
11.155 0.892875 -0.132226
11.16 0.901018 -0.133435
11.165 0.909151 -0.134642
11.17 0.917273 -0.135847
11.175 0.925385 -0.137051
11.18 0.933485 -0.138253
11.185 0.941574 -0.139453
11.19 0.94965 -0.140652
11.195 0.957713 -0.141849
11.2 0.965763 -0.143043
11.205 0.9738 -0.144236
11.21 0.981823 -0.145427
11.215 0.989831 -0.146615
11.22 0.997824 -0.147801
11.225 1.0058 -0.148986
11.23 1.01376 -0.150167
11.235 1.02171 -0.151347
11.24 1.02964 -0.152523
11.245 1.03755 -0.153698
11.25 1.04545 -0.15487
11.255 1.05332 -0.156039
11.26 1.06118 -0.157205
11.265 1.06902 -0.158369
11.27 1.07684 -0.159529
11.275 1.08464 -0.160687
11.28 1.09242 -0.161842
11.285 1.10018 -0.162994
11.29 1.10792 -0.164142
11.295 1.11564 -0.165288
11.3 1.12333 -0.16643
11.305 1.131 -0.167568
11.31 1.13865 -0.168704
11.315 1.14628 -0.169836
11.32 1.15388 -0.170964
11.325 1.16146 -0.172089
11.33 1.16901 -0.17321
11.335 1.17653 -0.174328
11.34 1.18404 -0.175441
11.345 1.19151 -0.176551
11.35 1.19896 -0.177657
11.355 1.20638 -0.178758
11.36 1.21378 -0.179856
11.365 1.22114 -0.18095
11.37 1.22848 -0.182039
11.375 1.23579 -0.183124
11.38 1.24307 -0.184205
11.385 1.25032 -0.185281
11.39 1.25754 -0.186353
11.395 1.26472 -0.18742
11.4 1.27188 -0.188482
11.405 1.27901 -0.18954
11.41 1.2861 -0.190594
11.415 1.29316 -0.191642
11.42 1.30019 -0.192685
11.425 1.30718 -0.193724
11.43 1.31414 -0.194757
11.435 1.32107 -0.195785
11.44 1.32796 -0.196809
11.445 1.33481 -0.197827
11.45 1.34163 -0.198839
11.455 1.34842 -0.199846
11.46 1.35516 -0.200848
11.465 1.36187 -0.201844
11.47 1.36854 -0.202835
11.475 1.37518 -0.20382
11.48 1.38177 -0.2048
11.485 1.38833 -0.205773
11.49 1.39484 -0.206741
11.495 1.40132 -0.207703
11.5 1.40775 -0.208658
11.505 1.41415 -0.209608
11.51 1.4205 -0.210552
11.515 1.42681 -0.211489
11.52 1.43308 -0.21242
11.525 1.43931 -0.213345
11.53 1.4455 -0.214264
11.535 1.45164 -0.215176
11.54 1.45773 -0.216081
11.545 1.46378 -0.21698
11.55 1.46979 -0.217872
11.555 1.47575 -0.218758
11.56 1.48167 -0.219636
11.565 1.48754 -0.220508
11.57 1.49336 -0.221373
11.575 1.49913 -0.222231
11.58 1.50486 -0.223082
11.585 1.51054 -0.223926
11.59 1.51617 -0.224762
11.595 1.52175 -0.225592
11.6 1.52729 -0.226414
11.605 1.53277 -0.227228
11.61 1.5382 -0.228035
11.615 1.54358 -0.228835
11.62 1.54892 -0.229627
11.625 1.55419 -0.230412
11.63 1.55942 -0.231188
11.635 1.5646 -0.231957
11.64 1.56972 -0.232719
11.645 1.57479 -0.233472
11.65 1.5798 -0.234217
11.655 1.58476 -0.234955
11.66 1.58967 -0.235684
11.665 1.59452 -0.236405
11.67 1.59932 -0.237118
11.675 1.60406 -0.237822
11.68 1.60874 -0.238519
11.685 1.61337 -0.239206
11.69 1.61794 -0.239886
11.695 1.62245 -0.240557
11.7 1.62691 -0.241219
11.705 1.63131 -0.241873
11.71 1.63565 -0.242518
11.715 1.63992 -0.243154
11.72 1.64414 -0.243781
11.725 1.6483 -0.2444
11.73 1.6524 -0.24501
11.735 1.65644 -0.24561
11.74 1.66042 -0.246202
11.745 1.66434 -0.246784
11.75 1.66819 -0.247358
11.755 1.67199 -0.247922
11.76 1.67572 -0.248477
11.765 1.67938 -0.249022
11.77 1.68299 -0.249558
11.775 1.68653 -0.250085
11.78 1.69 -0.250602
11.785 1.69341 -0.25111
11.79 1.69676 -0.251607
11.795 1.70004 -0.252096
11.8 1.70326 -0.252574
11.805 1.70641 -0.253043
11.81 1.70949 -0.253502
11.815 1.71251 -0.253951
11.82 1.71546 -0.25439
11.825 1.71834 -0.25482
11.83 1.72115 -0.255239
11.835 1.7239 -0.255648
11.84 1.72658 -0.256047
11.845 1.72919 -0.256435
11.85 1.73173 -0.256814
11.855 1.7342 -0.257182
11.86 1.7366 -0.25754
11.865 1.73893 -0.257887
11.87 1.74119 -0.258224
11.875 1.74338 -0.258551
11.88 1.7455 -0.258867
11.885 1.74755 -0.259172
11.89 1.74952 -0.259467
11.895 1.75143 -0.259751
11.9 1.75326 -0.260024
11.905 1.75502 -0.260287
11.91 1.7567 -0.260539
11.915 1.75831 -0.26078
11.92 1.75985 -0.26101
11.925 1.76132 -0.261229
11.93 1.76271 -0.261437
11.935 1.76403 -0.261634
11.94 1.76527 -0.26182
11.945 1.76644 -0.261995
11.95 1.76753 -0.262158
11.955 1.76854 -0.262311
11.96 1.76949 -0.262452
11.965 1.77035 -0.262582
11.97 1.77114 -0.262701
11.975 1.77185 -0.262808
11.98 1.77249 -0.262904
11.985 1.77304 -0.262989
11.99 1.77353 -0.263062
11.995 1.77393 -0.263124
12 1.77425 -0.263174
12.005 1.7745 -0.263212
12.01 1.77467 -0.263239
12.015 1.77476 -0.263254
12.02 1.77477 -0.263258
12.025 1.77471 -0.26325
12.03 1.77456 -0.26323
12.035 1.77434 -0.263198
12.04 1.77403 -0.263155
12.045 1.77365 -0.2631
12.05 1.77318 -0.263033
12.055 1.77264 -0.262954
12.06 1.77201 -0.262863
12.065 1.77131 -0.26276
12.07 1.77052 -0.262645
12.075 1.76966 -0.262518
12.08 1.76871 -0.26238
12.085 1.76768 -0.262229
12.09 1.76657 -0.262066
12.095 1.76538 -0.261891
12.1 1.7641 -0.261704
12.105 1.76275 -0.261504
12.11 1.76131 -0.261293
12.115 1.75979 -0.261069
12.12 1.75819 -0.260833
12.125 1.7565 -0.260585
12.13 1.75473 -0.260325
12.135 1.75288 -0.260052
12.14 1.75095 -0.259768
12.145 1.74893 -0.25947
12.15 1.74684 -0.259161
12.155 1.74465 -0.258839
12.16 1.74239 -0.258505
12.165 1.74004 -0.258158
12.17 1.73761 -0.257799
12.175 1.73509 -0.257428
12.18 1.73249 -0.257044
12.185 1.72981 -0.256648
12.19 1.72704 -0.256239
12.195 1.72419 -0.255818
12.2 1.72126 -0.255385
12.205 1.71824 -0.254939
12.21 1.71514 -0.254481
12.215 1.71195 -0.25401
12.22 1.70868 -0.253526
12.225 1.70532 -0.25303
12.23 1.70188 -0.252522
12.235 1.69836 -0.252001
12.24 1.69475 -0.251468
12.245 1.69106 -0.250922
12.25 1.68728 -0.250364
12.255 1.68342 -0.249793
12.26 1.67948 -0.249209
12.265 1.67545 -0.248613
12.27 1.67133 -0.248005
12.275 1.66713 -0.247384
12.28 1.66285 -0.24675
12.285 1.65848 -0.246104
12.29 1.65403 -0.245446
12.295 1.64949 -0.244775
12.3 1.64487 -0.244091
12.305 1.64017 -0.243395
12.31 1.63538 -0.242687
12.315 1.63051 -0.241966
12.32 1.62555 -0.241232
12.325 1.62051 -0.240486
12.33 1.61539 -0.239728
12.335 1.61018 -0.238957
12.34 1.60489 -0.238174
12.345 1.59951 -0.237378
12.35 1.59405 -0.23657
12.355 1.58851 -0.235749
12.36 1.58288 -0.234917
12.365 1.57717 -0.234071
12.37 1.57138 -0.233214
12.375 1.5655 -0.232344
12.38 1.55954 -0.231461
12.385 1.5535 -0.230567
12.39 1.54737 -0.22966
12.395 1.54116 -0.228741
12.4 1.53487 -0.227809
12.405 1.5285 -0.226866
12.41 1.52205 -0.22591
12.415 1.51551 -0.224942
12.42 1.50889 -0.223962
12.425 1.50219 -0.22297
12.43 1.49541 -0.221965
12.435 1.48854 -0.220949
12.44 1.4816 -0.21992
12.445 1.47457 -0.21888
12.45 1.46746 -0.217827
12.455 1.46028 -0.216763
12.46 1.45301 -0.215687
12.465 1.44566 -0.214598
12.47 1.43823 -0.213498
12.475 1.43073 -0.212386
12.48 1.42314 -0.211262
12.485 1.41547 -0.210127
12.49 1.40772 -0.208979
12.495 1.3999 -0.20782
12.5 1.392 -0.206649
12.505 1.38401 -0.205467
12.51 1.37595 -0.204273
12.515 1.36782 -0.203067
12.52 1.3596 -0.20185
12.525 1.35131 -0.200622
12.53 1.34294 -0.199382
12.535 1.33449 -0.198131
12.54 1.32597 -0.196868
12.545 1.31737 -0.195594
12.55 1.3087 -0.194309
12.555 1.29995 -0.193012
12.56 1.29112 -0.191705
12.565 1.28222 -0.190386
12.57 1.27324 -0.189056
12.575 1.26419 -0.187715
12.58 1.25507 -0.186363
12.585 1.24587 -0.185001
12.59 1.2366 -0.183627
12.595 1.22726 -0.182243
12.6 1.21785 -0.180847
12.605 1.20836 -0.179442
12.61 1.1988 -0.178025
12.615 1.18917 -0.176598
12.62 1.17946 -0.17516
12.625 1.16969 -0.173712
12.63 1.15985 -0.172253
12.635 1.14994 -0.170784
12.64 1.13995 -0.169305
12.645 1.1299 -0.167815
12.65 1.11978 -0.166315
12.655 1.10959 -0.164805
12.66 1.09934 -0.163285
12.665 1.08901 -0.161755
12.67 1.07862 -0.160215
12.675 1.06816 -0.158666
12.68 1.05764 -0.157106
12.685 1.04705 -0.155536
12.69 1.0364 -0.153957
12.695 1.02568 -0.152369
12.7 1.0149 -0.15077
12.705 1.00405 -0.149163
12.71 0.993138 -0.147545
12.715 0.982164 -0.145919
12.72 0.971129 -0.144283
12.725 0.960031 -0.142638
12.73 0.948872 -0.140984
12.735 0.937652 -0.139321
12.74 0.926372 -0.137649
12.745 0.915031 -0.135968
12.75 0.903632 -0.134278
12.755 0.892173 -0.13258
12.76 0.880657 -0.130873
12.765 0.869082 -0.129157
12.77 0.85745 -0.127432
12.775 0.845762 -0.1257
12.78 0.834017 -0.123959
12.785 0.822216 -0.122209
12.79 0.810361 -0.120452
12.795 0.798451 -0.118686
12.8 0.786487 -0.116913
12.805 0.774469 -0.115131
12.81 0.762399 -0.113342
12.815 0.750277 -0.111544
12.82 0.738103 -0.10974
12.825 0.725878 -0.107927
12.83 0.713602 -0.106107
12.835 0.701276 -0.10428
12.84 0.688902 -0.102445
12.845 0.676478 -0.100603
12.85 0.664007 -0.0987543
12.855 0.651488 -0.0968982
12.86 0.638922 -0.0950352
12.865 0.62631 -0.0931652
12.87 0.613652 -0.0912885
12.875 0.60095 -0.0894052
12.88 0.588203 -0.0875152
12.885 0.575413 -0.0856188
12.89 0.562579 -0.083716
12.895 0.549703 -0.0818068
12.9 0.536786 -0.0798915
12.905 0.523827 -0.0779701
12.91 0.510828 -0.0760426
12.915 0.497789 -0.0741093
12.92 0.484712 -0.0721701
12.925 0.471596 -0.0702253
12.93 0.458442 -0.0682748
12.935 0.445251 -0.0663188
12.94 0.432024 -0.0643575
12.945 0.418761 -0.0623908
12.95 0.405464 -0.060419
12.955 0.392132 -0.058442
12.96 0.378767 -0.0564601
12.965 0.365368 -0.0544733
12.97 0.351938 -0.0524817
12.975 0.338476 -0.0504854
12.98 0.324984 -0.0484846
12.985 0.311462 -0.0464793
12.99 0.29791 -0.0444697
12.995 0.28433 -0.0424558
13 0.270723 -0.0404378
13.005 0.257088 -0.0384158
13.01 0.243427 -0.0363899
13.015 0.229741 -0.0343602
13.02 0.216029 -0.0323267
13.025 0.202294 -0.0302897
13.03 0.188535 -0.0282493
13.035 0.174754 -0.0262055
13.04 0.160951 -0.0241584
13.045 0.147128 -0.0221082
13.05 0.133284 -0.020055
13.055 0.11942 -0.0179989
13.06 0.105538 -0.01594
13.065 0.0916379 -0.0138784
13.07 0.0777207 -0.0118143
13.075 0.0637872 -0.00974776
13.08 0.0498382 -0.00767888
13.085 0.0358744 -0.0056078
13.09 0.0218966 -0.00353463
13.095 0.00790566 -0.00145949
13.1 -0.00609765 0.000617498
13.105 -0.0201125 0.00269622
13.11 -0.0341382 0.00477656
13.115 -0.0481738 0.00685839
13.12 -0.0622186 0.0089416
13.125 -0.0762718 0.0110261
13.13 -0.0903324 0.0131117
13.135 -0.1044 0.0151983
13.14 -0.118473 0.0172858
13.145 -0.132552 0.019374
13.15 -0.146634 0.021463
13.155 -0.16072 0.0235524
13.16 -0.174809 0.0256423
13.165 -0.188899 0.0277324
13.17 -0.202991 0.0298227
13.175 -0.217082 0.031913
13.18 -0.231173 0.0340032
13.185 -0.245263 0.0360932
13.19 -0.259349 0.0381829
13.195 -0.273433 0.0402722
13.2 -0.287513 0.0423608
13.205 -0.301587 0.0444487
13.21 -0.315656 0.0465358
13.215 -0.329719 0.0486219
13.22 -0.343774 0.0507069
13.225 -0.35782 0.0527908
13.23 -0.371858 0.0548732
13.235 -0.385885 0.0569542
13.24 -0.399902 0.0590337
13.245 -0.413906 0.0611114
13.25 -0.427899 0.0631872
13.255 -0.441878 0.0652611
13.26 -0.455842 0.0673329
13.265 -0.469792 0.0694024
13.27 -0.483725 0.0714696
13.275 -0.497642 0.0735343
13.28 -0.511541 0.0755964
13.285 -0.525421 0.0776557
13.29 -0.539282 0.0797122
13.295 -0.553122 0.0817657
13.3 -0.566941 0.083816
13.305 -0.580739 0.0858631
13.31 -0.594513 0.0879069
13.315 -0.608264 0.0899471
13.32 -0.62199 0.0919836
13.325 -0.63569 0.0940164
13.33 -0.649364 0.0960453
13.335 -0.663011 0.0980702
13.34 -0.676629 0.100091
13.345 -0.690219 0.102107
13.35 -0.703779 0.104119
13.355 -0.717308 0.106127
13.36 -0.730806 0.10813
13.365 -0.744271 0.110128
13.37 -0.757703 0.112121
13.375 -0.7711 0.114109
13.38 -0.784463 0.116092
13.385 -0.797789 0.118069
13.39 -0.811079 0.120041
13.395 -0.824331 0.122008
13.4 -0.837545 0.123969
13.405 -0.850719 0.125924
13.41 -0.863853 0.127873
13.415 -0.876946 0.129816
13.42 -0.889997 0.131753
13.425 -0.903005 0.133683
13.43 -0.91597 0.135607
13.435 -0.92889 0.137525
13.44 -0.941764 0.139435
13.445 -0.954593 0.141339
13.45 -0.967374 0.143236
13.455 -0.980107 0.145126
13.46 -0.992791 0.147008
13.465 -1.00543 0.148883
13.47 -1.01801 0.150751
13.475 -1.03054 0.152611
13.48 -1.04302 0.154464
13.485 -1.05545 0.156308
13.49 -1.06782 0.158145
13.495 -1.08014 0.159973
13.5 -1.09241 0.161793
13.505 -1.10461 0.163605
13.51 -1.11676 0.165408
13.515 -1.12885 0.167203
13.52 -1.14086 0.168986
