0 -0 -0
0.08 -6.80449e-15 5.6756e-19
0.16 -9.33137e-13 1.90795e-16
0.12 -1.90082e-13 2.97822e-17
0.1 -4.86777e-14 6.11727e-18
0.09 -1.96083e-14 2.06989e-18
0.1 -5.056e-14 6.5747e-18
0.11 -1.19127e-13 1.86994e-17
0.12 -2.60519e-13 4.85523e-17
0.13 -5.35133e-13 1.16781e-16
0.14 -1.04208e-12 2.63177e-16
0.15 -1.93799e-12 5.60721e-16
0.16 -3.46251e-12 1.13768e-15
0.17 -5.97209e-12 2.21129e-15
0.18 -9.98405e-12 4.13769e-15
0.19 -1.62329e-11 7.48415e-15
0.2 -2.57414e-11 1.31314e-14
0.21 -3.99092e-11 2.24157e-14
0.22 -6.06219e-11 3.73231e-14
0.23 -9.03837e-11 6.07502e-14
0.24 -1.32478e-10 9.68501e-14
0.25 -1.91157e-10 1.51485e-13
0.26 -2.71874e-10 2.32814e-13
0.27 -3.81546e-10 3.52037e-13
0.28 -5.28867e-10 5.24353e-13
0.29 -7.24678e-10 7.70144e-13
0.3 -9.82382e-10 1.11647e-12
0.31 -1.31843e-09 1.59888e-12
0.32 -1.75288e-09 2.2637e-12
0.33 -2.31001e-09 3.17072e-12
0.34 -3.01907e-09 4.39656e-12
0.35 -3.91504e-09 6.03859e-12
0.36 -5.03959e-09 8.21976e-12
0.37 -6.44203e-09 1.10942e-11
0.38 -8.18053e-09 1.48539e-11
0.39 -1.03233e-08 1.97368e-11
0.4 -1.29501e-08 2.60358e-11
0.41 -1.61537e-08 3.41094e-11
0.42 -2.00415e-08 4.43949e-11
0.43 -2.47377e-08 5.74221e-11
0.44 -3.03851e-08 7.38308e-11
0.45 -3.71475e-08 9.43896e-11
0.46 -4.52121e-08 1.20018e-10
0.47 -5.47922e-08 1.51812e-10
0.48 -6.61303e-08 1.91072e-10
0.49 -7.95008e-08 2.39336e-10
0.5 -9.52142e-08 2.98417e-10
0.51 -1.1362e-07 3.70444e-10
0.52 -1.35111e-07 4.57907e-10
0.53 -1.60129e-07 5.63713e-10
0.54 -1.89166e-07 6.91244e-10
0.55 -2.22773e-07 8.44421e-10
0.56 -2.61564e-07 1.02778e-09
0.57 -3.06219e-07 1.24655e-09
0.58 -3.57495e-07 1.50675e-09
0.59 -4.1623e-07 1.81528e-09
0.6 -4.83348e-07 2.18005e-09
0.61 -5.5987e-07 2.61008e-09
0.62 -6.46921e-07 3.11565e-09
0.63 -7.45736e-07 3.70844e-09
0.64 -8.57671e-07 4.40172e-09
0.65 -9.84213e-07 5.21049e-09
0.66 -1.12699e-06 6.15169e-09
0.67 -1.28777e-06 7.24444e-09
0.68 -1.4685e-06 8.51024e-09
0.69 -1.67128e-06 9.97324e-09
0.7 -1.89842e-06 1.16605e-08
0.71 -2.15241e-06 1.36024e-08
0.72 -2.43595e-06 1.58327e-08
0.73 -2.75197e-06 1.83893e-08
0.74 -3.10365e-06 2.13142e-08
0.75 -3.49441e-06 2.46541e-08
0.76 -3.92797e-06 2.84611e-08
0.77 -4.40831e-06 3.27926e-08
0.78 -4.93973e-06 3.77125e-08
0.79 -5.52687e-06 4.32912e-08
0.8 -6.17469e-06 4.96065e-08
0.81 -6.88854e-06 5.67441e-08
0.82 -7.67415e-06 6.47985e-08
0.83 -8.53766e-06 7.38734e-08
0.84 -9.48565e-06 8.4083e-08
0.85 -1.05251e-05 9.55521e-08
0.86 -1.16636e-05 1.08418e-07
0.87 -1.29092e-05 1.2283e-07
0.88 -1.42703e-05 1.38953e-07
0.89 -1.57562e-05 1.56966e-07
0.9 -1.73765e-05 1.77063e-07
0.91 -1.91415e-05 1.99457e-07
0.92 -2.10622e-05 2.2438e-07
0.93 -2.31504e-05 2.52083e-07
0.94 -2.54184e-05 2.8284e-07
0.95 -2.78792e-05 3.16947e-07
0.96 -3.05469e-05 3.54725e-07
0.97 -3.34362e-05 3.96523e-07
0.98 -3.65626e-05 4.42717e-07
0.99 -3.99427e-05 4.93715e-07
1 -4.35939e-05 5.49957e-07
1.01 -4.75346e-05 6.11916e-07
1.02 -5.17842e-05 6.80105e-07
1.03 -5.63632e-05 7.55076e-07
1.04 -6.12932e-05 8.37421e-07
1.05 -6.6597e-05 9.27779e-07
1.06 -7.22984e-05 1.02684e-06
1.07 -7.84227e-05 1.13533e-06
1.08 -8.49962e-05 1.25405e-06
1.09 -9.20469e-05 1.38384e-06
1.1 -9.9604e-05 1.52561e-06
1.11 -0.000107698 1.68034e-06
1.12 -0.000116361 1.84906e-06
1.13 -0.000125627 2.03289e-06
1.14 -0.000135531 2.23302e-06
1.15 -0.00014611 2.4507e-06
1.16 -0.000157403 2.68731e-06
1.17 -0.00016945 2.94427e-06
1.18 -0.000182294 3.22313e-06
1.19 -0.000195978 3.52553e-06
1.2 -0.000210549 3.85321e-06
1.21 -0.000226055 4.20802e-06
1.22 -0.000242547 4.59193e-06
1.23 -0.000260076 5.00703e-06
1.24 -0.000278698 5.45555e-06
1.25 -0.000298469 5.93985e-06
1.26 -0.000319449 6.46242e-06
1.27 -0.000341699 7.02592e-06
1.28 -0.000365283 7.63314e-06
1.29 -0.000390269 8.28707e-06
1.3 -0.000416725 8.99084e-06
1.31 -0.000444724 9.74777e-06
1.32 -0.000474341 1.05614e-05
1.33 -0.000505653 1.14354e-05
1.34 -0.000538741 1.23737e-05
1.35 -0.000573689 1.33805e-05
1.36 -0.000610583 1.44601e-05
1.37 -0.000649513 1.5617e-05
1.38 -0.000690573 1.68563e-05
1.39 -0.000733859 1.81829e-05
1.4 -0.00077947 1.96022e-05
1.41 -0.00082751 2.11199e-05
1.42 -0.000878086 2.27419e-05
1.43 -0.000931308 2.44745e-05
1.44 -0.00098729 2.63242e-05
1.45 -0.00104615 2.8298e-05
1.46 -0.00110801 3.04031e-05
1.47 -0.001173 3.26471e-05
1.48 -0.00124124 3.50379e-05
1.49 -0.00131287 3.75839e-05
1.5 -0.00138803 4.0294e-05
1.51 -0.00146686 4.31771e-05
1.52 -0.0015495 4.62431e-05
1.53 -0.00163611 4.95019e-05
1.54 -0.00172685 5.2964e-05
1.55 -0.00182187 5.66405e-05
1.56 -0.00192133 6.05429e-05
1.57 -0.00202541 6.46832e-05
1.58 -0.00213429 6.90739e-05
1.59 -0.00224813 7.37283e-05
1.6 -0.00236713 7.866e-05
1.61 -0.00249147 8.38832e-05
1.62 -0.00262135 8.9413e-05
1.63 -0.00275697 9.52648e-05
1.64 -0.00289853 0.000101455
1.65 -0.00304625 0.000108
1.66 -0.00320033 0.000114918
1.67 -0.003361 0.000122227
1.68 -0.00352849 0.000129947
1.69 -0.00370302 0.000138096
1.7 -0.00388483 0.000146696
1.71 -0.00407418 0.000155768
1.72 -0.0042713 0.000165334
1.73 -0.00447646 0.000175418
1.74 -0.00468991 0.000186044
1.75 -0.00491192 0.000197236
1.76 -0.00514276 0.00020902
1.77 -0.00538271 0.000221425
1.78 -0.00563206 0.000234477
1.79 -0.0058911 0.000248205
1.8 -0.00616012 0.00026264
1.81 -0.00643943 0.000277812
1.82 -0.00672935 0.000293754
1.83 -0.00703017 0.0003105
1.84 -0.00734224 0.000328083
1.85 -0.00766587 0.00034654
1.86 -0.0080014 0.000365908
1.87 -0.00834917 0.000386225
1.88 -0.00870954 0.000407531
1.89 -0.00908285 0.000429867
1.9 -0.00946947 0.000453274
1.91 -0.00986976 0.000477798
1.92 -0.0102841 0.000503483
1.93 -0.0107129 0.000530376
1.94 -0.0111565 0.000558525
1.95 -0.0116153 0.00058798
1.96 -0.0120897 0.000618792
1.97 -0.0125801 0.000651015
1.98 -0.013087 0.000684702
1.99 -0.0136107 0.000719911
2 -0.0141516 0.000756699
2.01 -0.0147103 0.000795126
2.02 -0.0152872 0.000835254
2.03 -0.0158826 0.000877146
2.04 -0.0164971 0.000920868
2.05 -0.017131 0.000966487
2.06 -0.0177849 0.00101407
2.07 -0.0184593 0.00106369
2.08 -0.0191546 0.00111543
2.09 -0.0198712 0.00116934
2.1 -0.0206098 0.00122553
2.11 -0.0213707 0.00128405
2.12 -0.0221545 0.001345
2.13 -0.0229616 0.00140846
2.14 -0.0237927 0.00147451
2.15 -0.0246481 0.00154324
2.16 -0.0255285 0.00161475
2.17 -0.0264343 0.00168913
2.18 -0.0273661 0.00176646
2.19 -0.0283245 0.00184686
2.2 -0.0293098 0.00193042
2.21 -0.0303228 0.00201725
2.22 -0.031364 0.00210744
2.23 -0.0324339 0.00220111
2.24 -0.033533 0.00229837
2.25 -0.034662 0.00239933
2.26 -0.0358214 0.00250411
2.27 -0.0370118 0.00261282
2.28 -0.0382337 0.00272559
2.29 -0.0394878 0.00284255
2.3 -0.0407746 0.00296381
2.31 -0.0420946 0.00308952
2.32 -0.0434486 0.0032198
2.33 -0.0448371 0.00335478
2.34 -0.0462606 0.00349461
2.35 -0.0477198 0.00363943
2.36 -0.0492153 0.00378939
2.37 -0.0507476 0.00394462
2.38 -0.0523174 0.00410529
2.39 -0.0539253 0.00427154
2.4 -0.0555718 0.00444353
2.41 -0.0572577 0.00462142
2.42 -0.0589834 0.00480538
2.43 -0.0607496 0.00499558
2.44 -0.0625568 0.00519217
2.45 -0.0644058 0.00539533
2.46 -0.0662971 0.00560525
2.47 -0.0682312 0.00582209
2.48 -0.0702089 0.00604604
2.49 -0.0722307 0.00627729
2.5 -0.0742971 0.00651602
2.51 -0.0764088 0.00676242
2.52 -0.0785664 0.0070167
2.53 -0.0807705 0.00727904
2.54 -0.0830216 0.00754966
2.55 -0.0853204 0.00782875
2.56 -0.0876674 0.00811652
2.57 -0.0900631 0.00841319
2.58 -0.0925082 0.00871897
2.59 -0.0950032 0.00903407
2.6 -0.0975487 0.00935872
2.61 -0.100145 0.00969314
2.62 -0.102793 0.0100376
2.63 -0.105493 0.0103922
2.64 -0.108246 0.0107573
2.65 -0.111052 0.0111331
2.66 -0.113911 0.0115198
2.67 -0.116825 0.0119178
2.68 -0.119793 0.0123271
2.69 -0.122817 0.0127481
2.7 -0.125896 0.013181
2.71 -0.129031 0.0136262
2.72 -0.132223 0.0140837
2.73 -0.135471 0.0145539
2.74 -0.138777 0.0150371
2.75 -0.142141 0.0155335
2.76 -0.145563 0.0160434
2.77 -0.149044 0.0165671
2.78 -0.152583 0.0171048
2.79 -0.156182 0.0176568
2.8 -0.159841 0.0182233
2.81 -0.16356 0.0188048
2.82 -0.167338 0.0194013
2.83 -0.171178 0.0200133
2.84 -0.175078 0.020641
2.85 -0.17904 0.0212847
2.86 -0.183063 0.0219446
2.87 -0.187147 0.0226211
2.88 -0.191293 0.0233145
2.89 -0.195502 0.0240251
2.9 -0.199772 0.0247531
2.91 -0.204105 0.0254988
2.92 -0.2085 0.0262626
2.93 -0.212957 0.0270447
2.94 -0.217478 0.0278454
2.95 -0.22206 0.0286651
2.96 -0.226706 0.029504
2.97 -0.231414 0.0303624
2.98 -0.236184 0.0312406
2.99 -0.241018 0.032139
3 -0.245914 0.0330578
3.01 -0.250872 0.0339973
3.02 -0.255892 0.0349578
3.03 -0.260975 0.0359396
3.04 -0.266119 0.036943
3.05 -0.271325 0.0379684
3.06 -0.276593 0.0390159
3.07 -0.281921 0.0400859
3.08 -0.287311 0.0411787
3.09 -0.292761 0.0422946
3.1 -0.298272 0.0434338
3.11 -0.303842 0.0445966
3.12 -0.309471 0.0457833
3.13 -0.315159 0.0469943
3.14 -0.320906 0.0482297
3.15 -0.326711 0.0494898
3.16 -0.332572 0.0507749
3.17 -0.338491 0.0520853
3.18 -0.344465 0.0534213
3.19 -0.350495 0.054783
3.2 -0.35658 0.0561707
3.21 -0.362718 0.0575847
3.22 -0.36891 0.0590253
3.23 -0.375154 0.0604926
3.24 -0.381449 0.0619868
3.25 -0.387795 0.0635083
3.26 -0.39419 0.0650573
3.27 -0.400634 0.0666338
3.28 -0.407126 0.0682382
3.29 -0.413665 0.0698707
3.3 -0.420249 0.0715314
3.31 -0.426877 0.0732205
3.32 -0.433549 0.0749382
3.33 -0.440262 0.0766846
3.34 -0.447017 0.07846
3.35 -0.453811 0.0802644
3.36 -0.460643 0.0820981
3.37 -0.467512 0.0839611
3.38 -0.474416 0.0858535
3.39 -0.481354 0.0877756
3.4 -0.488325 0.0897273
3.41 -0.495327 0.0917087
3.42 -0.502358 0.0937201
3.43 -0.509417 0.0957613
3.44 -0.516502 0.0978325
3.45 -0.523611 0.0999337
3.46 -0.530744 0.102065
3.47 -0.537897 0.104226
3.48 -0.545069 0.106418
3.49 -0.552259 0.108639
3.5 -0.559464 0.110891
3.51 -0.566682 0.113172
3.52 -0.573912 0.115484
3.53 -0.581152 0.117825
3.54 -0.588399 0.120197
3.55 -0.595652 0.122598
3.56 -0.602907 0.125029
3.57 -0.610164 0.127489
3.58 -0.61742 0.129979
3.59 -0.624673 0.132497
3.6 -0.63192 0.135045
3.61 -0.639159 0.137622
3.62 -0.646388 0.140228
3.63 -0.653605 0.142862
3.64 -0.660807 0.145524
3.65 -0.667991 0.148214
3.66 -0.675155 0.150932
3.67 -0.682297 0.153678
3.68 -0.689414 0.15645
3.69 -0.696504 0.159249
3.7 -0.703564 0.162075
3.71 -0.710591 0.164927
3.72 -0.717582 0.167804
3.73 -0.724536 0.170707
3.74 -0.731449 0.173634
3.75 -0.738319 0.176586
3.76 -0.745142 0.179562
3.77 -0.751917 0.182562
3.78 -0.758639 0.185584
3.79 -0.765307 0.188629
3.8 -0.771918 0.191696
3.81 -0.778468 0.194784
3.82 -0.784956 0.197893
3.83 -0.791377 0.201021
3.84 -0.797729 0.20417
3.85 -0.804009 0.207337
3.86 -0.810214 0.210523
3.87 -0.816341 0.213726
3.88 -0.822387 0.216946
3.89 -0.828349 0.220181
3.9 -0.834224 0.223432
3.91 -0.84001 0.226698
3.92 -0.845702 0.229977
3.93 -0.851299 0.23327
3.94 -0.856796 0.236574
3.95 -0.862191 0.239889
3.96 -0.867481 0.243215
3.97 -0.872663 0.24655
3.98 -0.877733 0.249893
3.99 -0.882689 0.253244
4 -0.887528 0.256602
4.01 -0.892246 0.259965
4.02 -0.89684 0.263332
4.03 -0.901308 0.266703
4.04 -0.905646 0.270077
4.05 -0.909851 0.273451
4.06 -0.91392 0.276826
4.07 -0.917851 0.2802
4.08 -0.92164 0.283572
4.09 -0.925283 0.286941
4.1 -0.928779 0.290305
4.11 -0.932124 0.293663
4.12 -0.935316 0.297015
4.13 -0.93835 0.300359
4.14 -0.941224 0.303693
4.15 -0.943936 0.307017
4.16 -0.946483 0.310329
4.17 -0.94886 0.313628
4.18 -0.951067 0.316912
4.19 -0.953099 0.32018
4.2 -0.954954 0.32343
4.21 -0.956629 0.326663
4.22 -0.958122 0.329875
4.23 -0.95943 0.333065
4.24 -0.960549 0.336233
4.25 -0.961478 0.339376
4.26 -0.962213 0.342493
4.27 -0.962752 0.345583
4.28 -0.963093 0.348644
4.29 -0.963233 0.351675
4.3 -0.963169 0.354674
4.31 -0.962899 0.357639
4.32 -0.96242 0.36057
4.33 -0.961731 0.363464
4.34 -0.960828 0.366319
4.35 -0.959709 0.369136
4.36 -0.958373 0.371911
4.37 -0.956816 0.374643
4.38 -0.955038 0.37733
4.39 -0.953034 0.379972
4.4 -0.950804 0.382566
4.41 -0.948346 0.38511
4.42 -0.945657 0.387604
4.43 -0.942735 0.390045
4.44 -0.939579 0.392431
4.45 -0.936187 0.394762
4.46 -0.932556 0.397035
4.47 -0.928686 0.399249
4.48 -0.924575 0.401403
4.49 -0.92022 0.403493
4.5 -0.915621 0.40552
4.51 -0.910776 0.407481
4.52 -0.905684 0.409374
4.53 -0.900343 0.411198
4.54 -0.894752 0.412952
4.55 -0.88891 0.414633
4.56 -0.882816 0.416241
4.57 -0.876468 0.417772
4.58 -0.869866 0.419227
4.59 -0.863008 0.420602
4.6 -0.855895 0.421898
4.61 -0.848524 0.423111
4.62 -0.840895 0.424241
4.63 -0.833008 0.425285
4.64 -0.824862 0.426243
4.65 -0.816456 0.427112
4.66 -0.80779 0.427891
4.67 -0.798863 0.428579
4.68 -0.789675 0.429175
4.69 -0.780227 0.429675
4.7 -0.770516 0.43008
4.71 -0.760545 0.430388
4.72 -0.750312 0.430596
4.73 -0.739817 0.430705
4.74 -0.729061 0.430712
4.75 -0.718044 0.430615
4.76 -0.706766 0.430415
4.77 -0.695227 0.430108
4.78 -0.683428 0.429695
4.79 -0.671369 0.429173
4.8 -0.659052 0.428541
4.81 -0.646476 0.427798
4.82 -0.633642 0.426943
4.83 -0.620551 0.425975
4.84 -0.607205 0.424892
4.85 -0.593603 0.423694
4.86 -0.579747 0.422378
4.87 -0.565639 0.420945
4.88 -0.551279 0.419393
4.89 -0.536668 0.41772
4.9 -0.521809 0.415927
4.91 -0.506702 0.414012
4.92 -0.49135 0.411973
4.93 -0.475753 0.409811
4.94 -0.459913 0.407524
4.95 -0.443833 0.405112
4.96 -0.427514 0.402573
4.97 -0.410958 0.399907
4.98 -0.394168 0.397113
4.99 -0.377144 0.394191
5 -0.359891 0.39114
5.01 -0.342409 0.387959
5.02 -0.324701 0.384648
5.03 -0.306771 0.381206
5.04 -0.288619 0.377632
5.05 -0.27025 0.373927
5.06 -0.251665 0.37009
5.07 -0.232868 0.36612
5.08 -0.213861 0.362017
5.09 -0.194648 0.357782
5.1 -0.175231 0.353413
5.11 -0.155614 0.348911
5.12 -0.1358 0.344275
5.13 -0.115792 0.339505
5.14 -0.0955944 0.334602
5.15 -0.0752096 0.329564
5.16 -0.0546416 0.324394
5.17 -0.0338942 0.319089
5.18 -0.0129709 0.313652
5.19 0.00812425 0.308081
5.2 0.0293874 0.302377
5.21 0.0508146 0.29654
5.22 0.0724017 0.290571
5.23 0.0941446 0.284471
5.24 0.116039 0.278238
5.25 0.138081 0.271875
5.26 0.160265 0.265381
5.27 0.182588 0.258758
5.28 0.205044 0.252005
5.29 0.227629 0.245124
5.3 0.250339 0.238115
5.31 0.273169 0.230979
5.32 0.296113 0.223717
5.33 0.319167 0.21633
5.34 0.342326 0.208819
5.35 0.365584 0.201184
5.36 0.388937 0.193427
5.37 0.412379 0.185549
5.38 0.435905 0.177552
5.39 0.45951 0.169435
5.4 0.483188 0.161201
5.41 0.506933 0.152851
5.42 0.530741 0.144387
5.43 0.554605 0.135809
5.44 0.578519 0.127119
5.45 0.602479 0.118319
5.46 0.626477 0.10941
5.47 0.650509 0.100394
5.48 0.674568 0.0912721
5.49 0.698649 0.0820469
5.5 0.722744 0.0727196
5.51 0.746849 0.0632923
5.52 0.770956 0.0537666
5.53 0.795061 0.0441447
5.54 0.819155 0.0344283
5.55 0.843234 0.0246196
5.56 0.86729 0.0147206
5.57 0.891317 0.00473344
5.58 0.915309 -0.00533976
5.59 0.93926 -0.0154968
5.6 0.963162 -0.0257353
5.61 0.98701 -0.0360531
5.62 1.0108 -0.0464478
5.63 1.03451 -0.0569171
5.64 1.05816 -0.0674584
5.65 1.08172 -0.0780693
5.66 1.10519 -0.0887473
5.67 1.12857 -0.0994898
5.68 1.15184 -0.110294
5.69 1.17501 -0.121158
5.7 1.19806 -0.132078
5.71 1.22099 -0.143052
5.72 1.24379 -0.154077
5.73 1.26645 -0.165151
5.74 1.28897 -0.17627
5.75 1.31134 -0.187431
5.76 1.33355 -0.198632
5.77 1.3556 -0.20987
5.78 1.37747 -0.221141
5.79 1.39917 -0.232443
5.8 1.42068 -0.243773
5.81 1.442 -0.255127
5.82 1.46312 -0.266502
5.83 1.48404 -0.277896
5.84 1.50474 -0.289305
5.85 1.52522 -0.300725
5.86 1.54547 -0.312154
5.87 1.56549 -0.323589
5.88 1.58527 -0.335025
5.89 1.60481 -0.346461
5.9 1.62408 -0.357891
5.91 1.6431 -0.369314
5.92 1.66184 -0.380725
5.93 1.68031 -0.392122
5.94 1.6985 -0.4035
5.95 1.7164 -0.414857
5.96 1.73401 -0.426189
5.97 1.75131 -0.437492
5.98 1.76831 -0.448762
5.99 1.78499 -0.459998
6 1.80134 -0.471194
6.01 1.81737 -0.482347
6.02 1.83306 -0.493455
6.03 1.84842 -0.504512
6.04 1.86342 -0.515516
6.05 1.87807 -0.526463
6.06 1.89236 -0.53735
6.07 1.90629 -0.548173
6.08 1.91984 -0.558928
6.09 1.93301 -0.569611
6.1 1.94581 -0.58022
6.11 1.95821 -0.590751
6.12 1.97021 -0.601199
6.13 1.98181 -0.611561
6.14 1.99301 -0.621835
6.15 2.00379 -0.632015
6.16 2.01415 -0.642099
6.17 2.0241 -0.652084
6.18 2.03361 -0.661964
6.19 2.04269 -0.671738
6.2 2.05132 -0.6814
6.21 2.05952 -0.690949
6.22 2.06727 -0.70038
6.23 2.07456 -0.70969
6.24 2.08139 -0.718875
6.25 2.08776 -0.727932
6.26 2.09366 -0.736857
6.27 2.0991 -0.745647
6.28 2.10405 -0.754299
6.29 2.10853 -0.762809
6.3 2.11252 -0.771174
6.31 2.11602 -0.77939
6.32 2.11903 -0.787455
6.33 2.12154 -0.795364
6.34 2.12356 -0.803115
6.35 2.12508 -0.810704
6.36 2.12608 -0.818129
6.37 2.12658 -0.825386
6.38 2.12657 -0.832471
6.39 2.12605 -0.839383
6.4 2.125 -0.846117
6.41 2.12344 -0.852671
6.42 2.12135 -0.859042
6.43 2.11874 -0.865226
6.44 2.11561 -0.871222
6.45 2.11194 -0.877026
6.46 2.10775 -0.882635
6.47 2.10302 -0.888047
6.48 2.09776 -0.893259
6.49 2.09197 -0.898268
6.5 2.08564 -0.903071
6.51 2.07877 -0.907667
6.52 2.07137 -0.912052
6.53 2.06343 -0.916225
6.54 2.05495 -0.920182
6.55 2.04592 -0.923921
6.56 2.03636 -0.927441
6.57 2.02626 -0.930738
6.58 2.01563 -0.933812
6.59 2.00445 -0.936658
6.6 1.99273 -0.939277
6.61 1.98047 -0.941665
6.62 1.96768 -0.94382
6.63 1.95435 -0.945742
6.64 1.94049 -0.947427
6.65 1.92609 -0.948875
6.66 1.91117 -0.950083
6.67 1.89571 -0.95105
6.68 1.87972 -0.951775
6.69 1.8632 -0.952256
6.7 1.84617 -0.952491
6.71 1.8286 -0.95248
6.72 1.81052 -0.952221
6.73 1.79193 -0.951713
6.74 1.77282 -0.950955
6.75 1.7532 -0.949946
6.76 1.73307 -0.948685
6.77 1.71244 -0.947171
6.78 1.69131 -0.945403
6.79 1.66968 -0.943381
6.8 1.64756 -0.941104
6.81 1.62495 -0.938572
6.82 1.60186 -0.935783
6.83 1.57829 -0.932738
6.84 1.55424 -0.929437
6.85 1.52973 -0.925878
6.86 1.50475 -0.922063
6.87 1.47931 -0.91799
6.88 1.45342 -0.913661
6.89 1.42708 -0.909074
6.9 1.4003 -0.904231
6.91 1.37308 -0.899131
6.92 1.34543 -0.893776
6.93 1.31736 -0.888165
6.94 1.28887 -0.882298
6.95 1.25996 -0.876178
6.96 1.23066 -0.869804
6.97 1.20095 -0.863176
6.98 1.17086 -0.856297
6.99 1.14039 -0.849167
7 1.10953 -0.841787
7.01 1.07832 -0.834158
7.02 1.04674 -0.826282
7.03 1.0148 -0.818159
7.04 0.982529 -0.809792
7.05 0.949918 -0.801181
7.06 0.916979 -0.792329
7.07 0.883721 -0.783237
7.08 0.850153 -0.773906
7.09 0.816283 -0.764339
7.1 0.782121 -0.754538
7.11 0.747675 -0.744504
7.12 0.712955 -0.73424
7.13 0.677969 -0.723747
7.14 0.642729 -0.713029
7.15 0.607242 -0.702088
7.16 0.571519 -0.690925
7.17 0.53557 -0.679544
7.18 0.499405 -0.667947
7.19 0.463033 -0.656137
7.2 0.426466 -0.644117
7.21 0.389712 -0.631889
7.22 0.352784 -0.619457
7.23 0.31569 -0.606823
7.24 0.278442 -0.593991
7.25 0.241051 -0.580964
7.26 0.203528 -0.567745
7.27 0.165883 -0.554337
7.28 0.128127 -0.540744
7.29 0.0902713 -0.52697
7.3 0.0523275 -0.513018
7.31 0.0143067 -0.498891
7.32 -0.0237799 -0.484594
7.33 -0.0619209 -0.47013
7.34 -0.100105 -0.455503
7.35 -0.13832 -0.440717
7.36 -0.176555 -0.425776
7.37 -0.214798 -0.410685
7.38 -0.253037 -0.395446
7.39 -0.291261 -0.380066
7.4 -0.329458 -0.364547
7.41 -0.367615 -0.348894
7.42 -0.405722 -0.333112
7.43 -0.443766 -0.317205
7.44 -0.481735 -0.301177
7.45 -0.519617 -0.285034
7.46 -0.5574 -0.26878
7.47 -0.595073 -0.252419
7.48 -0.632622 -0.235957
7.49 -0.670037 -0.219398
7.5 -0.707304 -0.202747
7.51 -0.744413 -0.18601
7.52 -0.781351 -0.16919
7.53 -0.818105 -0.152293
7.54 -0.854664 -0.135324
7.55 -0.891017 -0.118289
7.56 -0.92715 -0.101192
7.57 -0.963052 -0.0840381
7.58 -0.998711 -0.0668335
7.59 -1.03411 -0.0495829
7.6 -1.06925 -0.0322918
7.61 -1.10411 -0.0149654
7.62 -1.13868 0.00239072
7.63 -1.17294 0.0197713
7.64 -1.2069 0.0371709
7.65 -1.24052 0.0545839
7.66 -1.27381 0.072005
7.67 -1.30675 0.0894285
7.68 -1.33934 0.106849
7.69 -1.37155 0.124261
7.7 -1.40337 0.141658
7.71 -1.43481 0.159036
7.72 -1.46584 0.176389
7.73 -1.49645 0.19371
7.74 -1.52664 0.210995
7.75 -1.55639 0.228237
7.76 -1.58569 0.245431
7.77 -1.61454 0.262572
7.78 -1.64291 0.279653
7.79 -1.6708 0.296669
7.8 -1.69821 0.313615
7.81 -1.72512 0.330485
7.82 -1.75151 0.347272
7.83 -1.77739 0.363972
7.84 -1.80274 0.380579
7.85 -1.82755 0.397087
7.86 -1.85181 0.41349
7.87 -1.87552 0.429784
7.88 -1.89865 0.445961
7.89 -1.92122 0.462018
7.9 -1.9432 0.477948
7.91 -1.96459 0.493746
7.92 -1.98537 0.509406
7.93 -2.00555 0.524923
7.94 -2.02511 0.540291
7.95 -2.04405 0.555506
7.96 -2.06235 0.570561
7.97 -2.08002 0.585451
7.98 -2.09703 0.600172
7.99 -2.11339 0.614717
8 -2.1291 0.629082
8.01 -2.14413 0.643262
8.02 -2.15849 0.657251
8.03 -2.17217 0.671044
8.04 -2.18516 0.684637
8.05 -2.19746 0.698024
8.06 -2.20906 0.7112
8.07 -2.21995 0.724162
8.08 -2.23014 0.736902
8.09 -2.23962 0.749419
8.1 -2.24837 0.761705
8.11 -2.2564 0.773757
8.12 -2.26371 0.785571
8.13 -2.27029 0.797142
8.14 -2.27613 0.808464
8.15 -2.28123 0.819536
8.16 -2.28559 0.830351
8.17 -2.2892 0.840905
8.18 -2.29207 0.851196
8.19 -2.29419 0.861218
8.2 -2.29555 0.870967
8.21 -2.29616 0.880441
8.22 -2.29601 0.889634
8.23 -2.29511 0.898544
8.24 -2.29345 0.907167
8.25 -2.29103 0.915499
8.26 -2.28784 0.923537
8.27 -2.2839 0.931278
8.28 -2.27919 0.938717
8.29 -2.27372 0.945853
8.3 -2.26749 0.952682
8.31 -2.2605 0.959202
8.32 -2.25275 0.965408
8.33 -2.24425 0.9713
8.34 -2.23498 0.976873
8.35 -2.22496 0.982126
8.36 -2.21419 0.987056
8.37 -2.20266 0.991661
8.38 -2.19039 0.995938
8.39 -2.17736 0.999886
8.4 -2.1636 1.0035
8.41 -2.1491 1.00678
8.42 -2.13385 1.00973
8.43 -2.11788 1.01234
8.44 -2.10118 1.01461
8.45 -2.08375 1.01655
8.46 -2.06561 1.01814
8.47 -2.04674 1.01939
8.48 -2.02717 1.02029
8.49 -2.0069 1.02085
8.5 -1.98593 1.02107
8.51 -1.96426 1.02094
8.52 -1.94191 1.02046
8.53 -1.91887 1.01964
8.54 -1.89517 1.01847
8.55 -1.8708 1.01695
8.56 -1.84576 1.01509
8.57 -1.82008 1.01287
8.58 -1.79375 1.01031
8.59 -1.76679 1.0074
8.6 -1.7392 1.00415
8.61 -1.71099 1.00055
8.62 -1.68217 0.9966
8.63 -1.65275 0.992308
8.64 -1.62273 0.987672
8.65 -1.59213 0.982693
8.66 -1.56096 0.977371
8.67 -1.52923 0.971709
8.68 -1.49694 0.965708
8.69 -1.4641 0.959369
8.7 -1.43074 0.952694
8.71 -1.39685 0.945685
8.72 -1.36246 0.938343
8.73 -1.32756 0.93067
8.74 -1.29217 0.922669
8.75 -1.25631 0.914342
8.76 -1.21998 0.905692
8.77 -1.1832 0.89672
8.78 -1.14598 0.887429
8.79 -1.10833 0.877823
8.8 -1.07026 0.867903
8.81 -1.03179 0.857674
8.82 -0.992934 0.847137
8.83 -0.953697 0.836297
8.84 -0.914096 0.825157
8.85 -0.874144 0.813719
8.86 -0.833856 0.801988
8.87 -0.793243 0.789968
8.88 -0.752322 0.777661
8.89 -0.711104 0.765073
8.9 -0.669606 0.752206
8.91 -0.62784 0.739066
8.92 -0.585821 0.725656
8.93 -0.543564 0.71198
8.94 -0.501084 0.698044
8.95 -0.458394 0.683852
8.96 -0.415511 0.669408
8.97 -0.372449 0.654717
8.98 -0.329223 0.639784
8.99 -0.285848 0.624614
9 -0.242339 0.609212
9.01 -0.198713 0.593583
9.02 -0.154983 0.577732
9.03 -0.111166 0.561665
9.04 -0.0672778 0.545387
9.05 -0.023333 0.528904
9.06 0.0206522 0.512221
9.07 0.0646623 0.495344
9.08 0.108681 0.478279
9.09 0.152694 0.461032
9.1 0.196684 0.443607
9.11 0.240635 0.426013
9.12 0.284532 0.408253
9.13 0.32836 0.390336
9.14 0.372101 0.372266
9.15 0.41574 0.354051
9.16 0.459262 0.335697
9.17 0.50265 0.317209
9.18 0.545889 0.298595
9.19 0.588962 0.279861
9.2 0.631854 0.261013
9.21 0.67455 0.242059
9.22 0.717033 0.223005
9.23 0.759287 0.203858
9.24 0.801298 0.184624
9.25 0.84305 0.165311
9.26 0.884526 0.145925
9.27 0.925712 0.126473
9.28 0.966593 0.106963
9.29 1.00715 0.0874006
9.3 1.04738 0.0677938
9.31 1.08725 0.0481494
9.32 1.12675 0.0284746
9.33 1.16588 0.00877635
9.34 1.20461 -0.0109381
9.35 1.24293 -0.0306616
9.36 1.28082 -0.050387
9.37 1.31827 -0.070107
9.38 1.35527 -0.0898144
9.39 1.39181 -0.109502
9.4 1.42786 -0.129163
9.41 1.46341 -0.148789
9.42 1.49846 -0.168374
9.43 1.53298 -0.18791
9.44 1.56697 -0.207391
9.45 1.60041 -0.226808
9.46 1.63328 -0.246155
9.47 1.66558 -0.265424
9.48 1.6973 -0.284608
9.49 1.72841 -0.303701
9.5 1.75891 -0.322694
9.51 1.78879 -0.341582
9.52 1.81803 -0.360356
9.53 1.84662 -0.37901
9.54 1.87456 -0.397536
9.55 1.90182 -0.415928
9.56 1.92841 -0.434179
9.57 1.9543 -0.452281
9.58 1.97949 -0.470229
9.59 2.00397 -0.488014
9.6 2.02773 -0.505631
9.61 2.05075 -0.523073
9.62 2.07303 -0.540332
9.63 2.09457 -0.557403
9.64 2.11534 -0.574278
9.65 2.13535 -0.590952
9.66 2.15458 -0.607417
9.67 2.17303 -0.623668
9.68 2.19068 -0.639698
9.69 2.20754 -0.655501
9.7 2.22359 -0.671071
9.71 2.23882 -0.686402
9.72 2.25324 -0.701487
9.73 2.26683 -0.716321
9.74 2.27959 -0.730898
9.75 2.29151 -0.745213
9.76 2.30258 -0.759259
9.77 2.31281 -0.773031
9.78 2.32218 -0.786524
9.79 2.3307 -0.799732
9.8 2.33836 -0.81265
9.81 2.34514 -0.825273
9.82 2.35106 -0.837596
9.83 2.35611 -0.849613
9.84 2.36028 -0.861321
9.85 2.36358 -0.872714
9.86 2.36599 -0.883788
9.87 2.36752 -0.894537
9.88 2.36817 -0.904959
9.89 2.36794 -0.915048
9.9 2.36682 -0.9248
9.91 2.36481 -0.934212
9.92 2.36191 -0.943279
9.93 2.35814 -0.951998
9.94 2.35347 -0.960364
9.95 2.34792 -0.968375
9.96 2.34149 -0.976027
9.97 2.33417 -0.983317
9.98 2.32598 -0.990242
9.99 2.3169 -0.996798
10 2.30696 -1.00298
10.01 2.29613 -1.00879
10.02 2.28444 -1.01423
10.03 2.27189 -1.01928
10.04 2.25847 -1.02396
10.05 2.24419 -1.02825
10.06 2.22906 -1.03215
10.07 2.21308 -1.03567
10.08 2.19626 -1.0388
10.09 2.1786 -1.04154
10.1 2.16011 -1.04389
10.11 2.14079 -1.04584
10.12 2.12065 -1.0474
10.13 2.0997 -1.04856
10.14 2.07795 -1.04933
10.15 2.0554 -1.04969
10.16 2.03206 -1.04967
10.17 2.00793 -1.04924
10.18 1.98304 -1.04842
10.19 1.95737 -1.04719
10.2 1.93096 -1.04557
10.21 1.90379 -1.04356
10.22 1.87589 -1.04114
10.23 1.84727 -1.03833
10.24 1.81793 -1.03512
10.25 1.78788 -1.03151
10.26 1.75713 -1.02751
10.27 1.72571 -1.02312
10.28 1.69361 -1.01834
10.29 1.66084 -1.01316
10.3 1.62743 -1.0076
10.31 1.59339 -1.00165
10.32 1.55872 -0.995311
10.33 1.52343 -0.988592
10.34 1.48755 -0.981491
10.35 1.45109 -0.974013
10.36 1.41405 -0.966158
10.37 1.37645 -0.95793
10.38 1.33831 -0.949331
10.39 1.29964 -0.940365
10.4 1.26046 -0.931034
10.41 1.22077 -0.921342
10.42 1.1806 -0.911293
10.43 1.13995 -0.900889
10.44 1.09885 -0.890135
10.45 1.05731 -0.879033
10.46 1.01534 -0.86759
10.47 0.97297 -0.855807
10.48 0.930202 -0.843691
10.49 0.887058 -0.831244
10.5 0.843553 -0.818472
10.51 0.799705 -0.805379
10.52 0.755529 -0.79197
10.53 0.711042 -0.77825
10.54 0.666262 -0.764223
10.55 0.621206 -0.749896
10.56 0.57589 -0.735274
10.57 0.530333 -0.720361
10.58 0.484551 -0.705163
10.59 0.438562 -0.689687
10.6 0.392384 -0.673937
10.61 0.346035 -0.65792
10.62 0.299532 -0.641642
10.63 0.252894 -0.625108
10.64 0.206138 -0.608325
10.65 0.159283 -0.5913
10.66 0.112346 -0.574038
10.67 0.0653461 -0.556546
10.68 0.0183014 -0.538832
10.69 -0.02877 -0.520901
10.7 -0.0758496 -0.50276
10.71 -0.122919 -0.484416
10.72 -0.16996 -0.465877
10.73 -0.216955 -0.447149
10.74 -0.263884 -0.42824
10.75 -0.310729 -0.409156
10.76 -0.357473 -0.389905
10.77 -0.404096 -0.370495
10.78 -0.450581 -0.350932
10.79 -0.496909 -0.331225
10.8 -0.543061 -0.311381
10.81 -0.589021 -0.291408
10.82 -0.634768 -0.271313
10.83 -0.680287 -0.251104
10.84 -0.725557 -0.230789
10.85 -0.770562 -0.210376
10.86 -0.815284 -0.189872
10.87 -0.859705 -0.169287
10.88 -0.903806 -0.148627
10.89 -0.947572 -0.127901
10.9 -0.990983 -0.107117
10.91 -1.03402 -0.0862826
10.92 -1.07668 -0.0654066
10.93 -1.11892 -0.044497
10.94 -1.16075 -0.0235619
10.95 -1.20213 -0.00260959
10.96 -1.24306 0.0183518
10.97 -1.28352 0.0393139
10.98 -1.32349 0.0602685
10.99 -1.36295 0.0812074
11 -1.40189 0.102122
11.01 -1.4403 0.123005
11.02 -1.47816 0.143847
11.03 -1.51544 0.16464
11.04 -1.55215 0.185376
11.05 -1.58826 0.206047
11.06 -1.62376 0.226645
11.07 -1.65863 0.247161
11.08 -1.69286 0.267587
11.09 -1.72643 0.287915
11.1 -1.75934 0.308137
11.11 -1.79156 0.328244
11.12 -1.82309 0.34823
11.13 -1.85391 0.368085
11.14 -1.88401 0.387803
11.15 -1.91338 0.407374
11.16 -1.942 0.426791
11.17 -1.96986 0.446046
11.18 -1.99696 0.465132
11.19 -2.02327 0.484041
11.2 -2.04879 0.502765
11.21 -2.07351 0.521296
11.22 -2.09742 0.539628
11.23 -2.12051 0.557752
11.24 -2.14276 0.575661
11.25 -2.16418 0.593349
11.26 -2.18474 0.610808
11.27 -2.20444 0.62803
11.28 -2.22327 0.645009
11.29 -2.24123 0.661738
11.3 -2.25831 0.67821
11.31 -2.27449 0.694418
11.32 -2.28977 0.710355
11.33 -2.30415 0.726016
11.34 -2.31762 0.741394
11.35 -2.33017 0.756481
11.36 -2.3418 0.771273
11.37 -2.3525 0.785763
11.38 -2.36227 0.799945
11.39 -2.3711 0.813813
11.4 -2.37899 0.827361
11.41 -2.38593 0.840585
11.42 -2.39192 0.853477
11.43 -2.39696 0.866033
11.44 -2.40105 0.878248
11.45 -2.40418 0.890116
11.46 -2.40635 0.901633
11.47 -2.40756 0.912794
11.48 -2.40781 0.923594
11.49 -2.40709 0.934028
11.5 -2.40542 0.944092
11.51 -2.40278 0.953781
11.52 -2.39918 0.963093
11.53 -2.39462 0.972022
11.54 -2.3891 0.980565
11.55 -2.38262 0.988718
11.56 -2.37518 0.996477
11.57 -2.36679 1.00384
11.58 -2.35745 1.0108
11.59 -2.34716 1.01736
11.6 -2.33592 1.02352
11.61 -2.32375 1.02926
11.62 -2.31064 1.0346
11.63 -2.2966 1.03952
11.64 -2.28163 1.04402
11.65 -2.26574 1.04811
11.66 -2.24893 1.05177
11.67 -2.23122 1.05502
11.68 -2.2126 1.05784
11.69 -2.19309 1.06024
11.7 -2.17268 1.06221
11.71 -2.1514 1.06375
11.72 -2.12925 1.06487
11.73 -2.10623 1.06556
11.74 -2.08236 1.06582
11.75 -2.05764 1.06565
11.76 -2.03208 1.06505
11.77 -2.0057 1.06402
11.78 -1.9785 1.06256
11.79 -1.95049 1.06067
11.8 -1.92169 1.05836
11.81 -1.8921 1.05561
11.82 -1.86174 1.05244
11.83 -1.83062 1.04885
11.84 -1.79875 1.04482
11.85 -1.76615 1.04038
11.86 -1.73282 1.03551
11.87 -1.69878 1.03023
11.88 -1.66404 1.02452
11.89 -1.62862 1.0184
11.9 -1.59254 1.01186
11.91 -1.55579 1.00492
11.92 -1.51841 0.997561
11.93 -1.4804 0.989799
11.94 -1.44178 0.981634
11.95 -1.40256 0.973069
11.96 -1.36276 0.964106
11.97 -1.3224 0.954751
11.98 -1.2815 0.945005
11.99 -1.24006 0.934873
12 -1.1981 0.924358
12.01 -1.15565 0.913466
12.02 -1.11271 0.902199
12.03 -1.06932 0.890563
12.04 -1.02547 0.878562
12.05 -0.981197 0.8662
12.06 -0.936512 0.853483
12.07 -0.891433 0.840415
12.08 -0.84598 0.827002
12.09 -0.80017 0.813248
12.1 -0.754021 0.79916
12.11 -0.707553 0.784742
12.12 -0.660784 0.770001
12.13 -0.613733 0.754943
12.14 -0.56642 0.739572
12.15 -0.518862 0.723896
12.16 -0.47108 0.707921
12.17 -0.423094 0.691652
12.18 -0.374921 0.675098
12.19 -0.326583 0.658263
12.2 -0.278098 0.641155
12.21 -0.229487 0.623781
12.22 -0.18077 0.606147
12.23 -0.131965 0.588262
12.24 -0.083094 0.570131
12.25 -0.0341758 0.551762
12.26 0.0147693 0.533163
12.27 0.0637213 0.514341
12.28 0.11266 0.495304
12.29 0.161565 0.476059
12.3 0.210418 0.456615
12.31 0.259196 0.436978
12.32 0.307882 0.417158
12.33 0.356453 0.397161
12.34 0.404892 0.376997
12.35 0.453177 0.356673
12.36 0.501288 0.336198
12.37 0.549207 0.315579
12.38 0.596912 0.294826
12.39 0.644385 0.273947
12.4 0.691606 0.25295
12.41 0.738555 0.231844
12.42 0.785212 0.210637
12.43 0.831559 0.189338
12.44 0.877577 0.167957
12.45 0.923245 0.146501
12.46 0.968545 0.124979
12.47 1.01346 0.103401
12.48 1.05797 0.081775
12.49 1.10205 0.0601099
12.5 1.14569 0.0384147
12.51 1.18888 0.0166983
12.52 1.23158 -0.00503033
12.53 1.27378 -0.0267622
12.54 1.31548 -0.0484884
12.55 1.35664 -0.0702
12.56 1.39725 -0.0918879
12.57 1.4373 -0.113543
12.58 1.47676 -0.135157
12.59 1.51563 -0.15672
12.6 1.55388 -0.178224
12.61 1.59149 -0.19966
12.62 1.62847 -0.221019
12.63 1.66477 -0.242291
12.64 1.7004 -0.263468
12.65 1.73534 -0.284542
12.66 1.76957 -0.305504
12.67 1.80307 -0.326344
12.68 1.83584 -0.347054
12.69 1.86786 -0.367626
12.7 1.89911 -0.388051
12.71 1.92959 -0.40832
12.72 1.95927 -0.428425
12.73 1.98815 -0.448357
12.74 2.01622 -0.468109
12.75 2.04346 -0.487672
12.76 2.06986 -0.507037
12.77 2.0954 -0.526197
12.78 2.12009 -0.545144
12.79 2.14391 -0.563869
12.8 2.16684 -0.582365
12.81 2.18888 -0.600624
12.82 2.21001 -0.618638
12.83 2.23024 -0.6364
12.84 2.24955 -0.653902
12.85 2.26792 -0.671137
12.86 2.28537 -0.688097
12.87 2.30186 -0.704776
12.88 2.31741 -0.721166
12.89 2.332 -0.73726
12.9 2.34562 -0.753052
12.91 2.35827 -0.768535
12.92 2.36994 -0.783702
12.93 2.38064 -0.798547
12.94 2.39034 -0.813063
12.95 2.39906 -0.827245
12.96 2.40678 -0.841085
12.97 2.4135 -0.85458
12.98 2.41921 -0.867721
12.99 2.42393 -0.880505
13 2.42763 -0.892925
13.01 2.43033 -0.904976
13.02 2.43201 -0.916653
13.03 2.43268 -0.927951
13.04 2.43234 -0.938865
13.05 2.43099 -0.94939
13.06 2.42862 -0.959523
13.07 2.42524 -0.969257
13.08 2.42085 -0.978589
13.09 2.41545 -0.987516
13.1 2.40904 -0.996033
13.11 2.40163 -1.00414
13.12 2.39321 -1.01182
13.13 2.38379 -1.01909
13.14 2.37337 -1.02593
13.15 2.36196 -1.03234
13.16 2.34957 -1.03833
13.17 2.33619 -1.04388
13.18 2.32183 -1.049
13.19 2.30649 -1.05368
13.2 2.29019 -1.05792
13.21 2.27293 -1.06172
13.22 2.25472 -1.06508
13.23 2.23556 -1.06799
13.24 2.21546 -1.07046
13.25 2.19443 -1.07248
13.26 2.17248 -1.07405
13.27 2.14961 -1.07517
13.28 2.12584 -1.07584
13.29 2.10118 -1.07606
13.3 2.07563 -1.07584
13.31 2.0492 -1.07516
13.32 2.02192 -1.07403
13.33 1.99377 -1.07245
13.34 1.96479 -1.07042
13.35 1.93498 -1.06794
13.36 1.90435 -1.06501
13.37 1.87292 -1.06164
13.38 1.8407 -1.05782
13.39 1.80769 -1.05355
13.4 1.77392 -1.04885
13.41 1.73941 -1.0437
13.42 1.70415 -1.03811
13.43 1.66817 -1.03209
13.44 1.63148 -1.02563
13.45 1.59411 -1.01874
13.46 1.55605 -1.01142
13.47 1.51733 -1.00367
13.48 1.47797 -0.995501
13.49 1.43798 -0.986911
13.5 1.39738 -0.977905
13.51 1.35618 -0.968485
13.52 1.31445 -0.958667
