0 -0 -0
0.08 -1.02523e-25 5.66976e-30
0.16 -6.34965e-23 7.01322e-27
0.12 -1.05112e-23 9.62907e-28
0.1 -1.90237e-24 1.50718e-28
0.09 -5.22569e-25 3.61499e-29
0.085 -2.39427e-25 1.4969e-29
0.09 -5.32741e-25 3.73123e-29
0.095 -1.13527e-24 8.8479e-29
0.1 -2.32726e-24 2.00671e-28
0.105 -4.60667e-24 4.37224e-28
0.11 -8.83364e-24 9.18611e-28
0.115 -1.64561e-23 1.86717e-27
0.12 -2.98548e-23 3.68205e-27
0.125 -5.2862e-23 7.06204e-27
0.13 -9.15248e-23 1.32025e-26
0.135 -1.55216e-22 2.41052e-26
0.14 -2.58219e-22 4.30571e-26
0.145 -4.2197e-22 7.53576e-26
0.15 -6.78172e-22 1.29408e-25
0.155 -1.0731e-21 2.18318e-25
0.16 -1.67343e-21 3.62244e-25
0.165 -2.57416e-21 5.91757e-25
0.17 -3.90909e-21 9.52621e-25
0.175 -5.8648e-21 1.51252e-24
0.18 -8.69888e-21 2.37042e-24
0.185 -1.27638e-20 3.66946e-24
0.19 -1.85375e-20 5.61459e-24
0.195 -2.6663e-20 8.49642e-24
0.2 -3.79984e-20 1.27233e-23
0.205 -5.36809e-20 1.88639e-23
0.21 -7.52063e-20 2.7704e-23
0.215 -1.0453e-19 4.03207e-23
0.22 -1.44189e-19 5.81789e-23
0.225 -1.97462e-19 8.32579e-23
0.23 -2.68552e-19 1.18213e-22
0.235 -3.62826e-19 1.66583e-22
0.24 -4.87093e-19 2.33055e-22
0.245 -6.49958e-19 3.23803e-22
0.25 -8.6223e-19 4.46909e-22
0.255 -1.13744e-18 6.12894e-22
0.26 -1.49242e-18 8.35387e-22
0.265 -1.94806e-18 1.13195e-21
0.27 -2.53016e-18 1.52512e-21
0.275 -3.27044e-18 2.04362e-21
0.28 -4.20777e-18 2.72401e-21
0.285 -5.3896e-18 3.61249e-21
0.29 -6.87365e-18 4.7673e-21
0.295 -8.72989e-18 6.26149e-21
0.3 -1.10428e-17 8.1864e-21
0.305 -1.39143e-17 1.06557e-20
0.31 -1.74665e-17 1.38105e-20
0.315 -2.18458e-17 1.78252e-20
0.32 -2.72267e-17 2.29146e-20
0.325 -3.3817e-17 2.93426e-20
0.33 -4.18633e-17 3.7432e-20
0.335 -5.16576e-17 4.7577e-20
0.34 -6.35445e-17 6.02569e-20
0.345 -7.79301e-17 7.60531e-20
0.35 -9.52912e-17 9.56689e-20
0.355 -1.16187e-16 1.19953e-19
0.36 -1.41271e-16 1.49925e-19
0.365 -1.71307e-16 1.86809e-19
0.37 -2.07183e-16 2.32072e-19
0.375 -2.49931e-16 2.87462e-19
0.38 -3.00748e-16 3.55063e-19
0.385 -3.61019e-16 4.3735e-19
0.39 -4.32346e-16 5.37258e-19
0.395 -5.16571e-16 6.58259e-19
0.4 -6.15818e-16 8.04451e-19
0.405 -7.32525e-16 9.80658e-19
0.41 -8.69489e-16 1.19255e-18
0.415 -1.02991e-15 1.4468e-18
0.42 -1.21745e-15 1.75117e-18
0.425 -1.43627e-15 2.11479e-18
0.43 -1.69114e-15 2.54826e-18
0.435 -1.98746e-15 3.06396e-18
0.44 -2.33137e-15 3.67625e-18
0.445 -2.72984e-15 4.40181e-18
0.45 -3.19076e-15 5.25994e-18
0.455 -3.72304e-15 6.27297e-18
0.46 -4.33676e-15 7.46667e-18
0.465 -5.04327e-15 8.87076e-18
0.47 -5.85537e-15 1.05194e-17
0.475 -6.78744e-15 1.24519e-17
0.48 -7.85565e-15 1.47134e-17
0.485 -9.07813e-15 1.73554e-17
0.49 -1.04752e-14 2.0437e-17
0.495 -1.20696e-14 2.40258e-17
0.5 -1.38868e-14 2.81987e-17
0.505 -1.59551e-14 3.30435e-17
0.51 -1.83062e-14 3.866e-17
0.515 -2.09755e-14 4.51617e-17
0.52 -2.40022e-14 5.26773e-17
0.525 -2.743e-14 6.13527e-17
0.53 -3.13073e-14 7.13533e-17
0.535 -3.56881e-14 8.28659e-17
0.54 -4.06319e-14 9.61016e-17
0.545 -4.62049e-14 1.11298e-16
0.55 -5.24802e-14 1.28725e-16
0.555 -5.95385e-14 1.48683e-16
0.56 -6.74691e-14 1.71513e-16
0.565 -7.63704e-14 1.97596e-16
0.57 -8.63509e-14 2.2736e-16
0.575 -9.75302e-14 2.61285e-16
0.58 -1.1004e-13 2.99909e-16
0.585 -1.24024e-13 3.43833e-16
0.59 -1.39642e-13 3.93729e-16
0.595 -1.57068e-13 4.50347e-16
0.6 -1.76493e-13 5.14525e-16
0.605 -1.98127e-13 5.87195e-16
0.61 -2.22199e-13 6.69396e-16
0.615 -2.4896e-13 7.62283e-16
0.62 -2.78685e-13 8.67141e-16
0.625 -3.11673e-13 9.85395e-16
0.63 -3.48253e-13 1.11863e-15
0.635 -3.88781e-13 1.26859e-15
0.64 -4.33647e-13 1.43723e-15
0.645 -4.83275e-13 1.6267e-15
0.65 -5.38127e-13 1.83937e-15
0.655 -5.98706e-13 2.07788e-15
0.66 -6.65558e-13 2.34511e-15
0.665 -7.39278e-13 2.64429e-15
0.67 -8.20509e-13 2.97892e-15
0.675 -9.09952e-13 3.35291e-15
0.68 -1.00836e-12 3.77053e-15
0.685 -1.11657e-12 4.2365e-15
0.69 -1.23546e-12 4.75598e-15
0.695 -1.366e-12 5.33466e-15
0.7 -1.50923e-12 5.97879e-15
0.705 -1.66628e-12 6.69521e-15
0.71 -1.83836e-12 7.49143e-15
0.715 -2.02681e-12 8.37566e-15
0.72 -2.23303e-12 9.35692e-15
0.725 -2.45856e-12 1.04451e-14
0.73 -2.70505e-12 1.16508e-14
0.735 -2.97429e-12 1.2986e-14
0.74 -3.26819e-12 1.44635e-14
0.745 -3.58882e-12 1.60972e-14
0.75 -3.93841e-12 1.79025e-14
0.755 -4.31934e-12 1.98961e-14
0.76 -4.73419e-12 2.20961e-14
0.765 -5.18571e-12 2.45223e-14
0.77 -5.67687e-12 2.71963e-14
0.775 -6.21086e-12 3.01414e-14
0.78 -6.79108e-12 3.33831e-14
0.785 -7.42121e-12 3.69491e-14
0.79 -8.10515e-12 4.08693e-14
0.795 -8.84713e-12 4.51763e-14
0.8 -9.65164e-12 4.99055e-14
0.805 -1.05235e-11 5.50952e-14
0.81 -1.14679e-11 6.07869e-14
0.815 -1.24903e-11 6.70254e-14
0.82 -1.35966e-11 7.38595e-14
0.825 -1.47931e-11 8.13418e-14
0.83 -1.60866e-11 8.95292e-14
0.835 -1.74842e-11 9.84832e-14
0.84 -1.89936e-11 1.0827e-13
0.845 -2.0623e-11 1.18962e-13
0.85 -2.23811e-11 1.30636e-13
0.855 -2.42772e-11 1.43376e-13
0.86 -2.63213e-11 1.57272e-13
0.865 -2.85237e-11 1.7242e-13
0.87 -3.08959e-11 1.88926e-13
0.875 -3.34497e-11 2.06903e-13
0.88 -3.61979e-11 2.2647e-13
0.885 -3.9154e-11 2.4776e-13
0.89 -4.23324e-11 2.70911e-13
0.895 -4.57484e-11 2.96075e-13
0.9 -4.94182e-11 3.23415e-13
0.905 -5.3359e-11 3.53103e-13
0.91 -5.75893e-11 3.85327e-13
0.915 -6.21284e-11 4.20287e-13
0.92 -6.69969e-11 4.58199e-13
0.925 -7.22167e-11 4.99292e-13
0.93 -7.7811e-11 5.43816e-13
0.935 -8.38043e-11 5.92034e-13
0.94 -9.02227e-11 6.4423e-13
0.945 -9.70938e-11 7.00708e-13
0.95 -1.04447e-10 7.61794e-13
0.955 -1.12312e-10 8.27835e-13
0.96 -1.20724e-10 8.99204e-13
0.965 -1.29715e-10 9.76299e-13
0.97 -1.39323e-10 1.05955e-12
0.975 -1.49586e-10 1.1494e-12
0.98 -1.60545e-10 1.24634e-12
0.985 -1.72244e-10 1.35089e-12
0.99 -1.84727e-10 1.4636e-12
0.995 -1.98044e-10 1.58507e-12
1 -2.12245e-10 1.71592e-12
1.005 -2.27383e-10 1.85681e-12
1.01 -2.43516e-10 2.00848e-12
1.015 -2.60702e-10 2.17167e-12
1.02 -2.79005e-10 2.34721e-12
1.025 -2.98492e-10 2.53595e-12
1.03 -3.19231e-10 2.73881e-12
1.035 -3.41298e-10 2.95678e-12
1.04 -3.64769e-10 3.19089e-12
1.045 -3.89726e-10 3.44225e-12
1.05 -4.16255e-10 3.71204e-12
1.055 -4.44447e-10 4.00151e-12
1.06 -4.74397e-10 4.31199e-12
1.065 -5.06206e-10 4.64488e-12
1.07 -5.39978e-10 5.0017e-12
1.075 -5.75824e-10 5.38402e-12
1.08 -6.13861e-10 5.79355e-12
1.085 -6.54212e-10 6.23206e-12
1.09 -6.97004e-10 6.70146e-12
1.095 -7.42373e-10 7.20377e-12
1.1 -7.90461e-10 7.74112e-12
1.105 -8.41417e-10 8.31577e-12
1.11 -8.95397e-10 8.93013e-12
1.115 -9.52565e-10 9.58672e-12
1.12 -1.01309e-09 1.02882e-11
1.125 -1.07716e-09 1.10375e-11
1.13 -1.14496e-09 1.18376e-11
1.135 -1.21669e-09 1.26917e-11
1.14 -1.29255e-09 1.36031e-11
1.145 -1.37276e-09 1.45754e-11
1.15 -1.45756e-09 1.56124e-11
1.155 -1.54719e-09 1.6718e-11
1.16 -1.64188e-09 1.78966e-11
1.165 -1.74191e-09 1.91524e-11
1.17 -1.84754e-09 2.04903e-11
1.175 -1.95908e-09 2.19151e-11
1.18 -2.07681e-09 2.34321e-11
1.185 -2.20105e-09 2.50469e-11
1.19 -2.33213e-09 2.67652e-11
1.195 -2.4704e-09 2.85932e-11
1.2 -2.61621e-09 3.05374e-11
1.205 -2.76994e-09 3.26046e-11
1.21 -2.93199e-09 3.4802e-11
1.215 -3.10276e-09 3.71372e-11
1.22 -3.28268e-09 3.96183e-11
1.225 -3.4722e-09 4.22536e-11
1.23 -3.67179e-09 4.5052e-11
1.235 -3.88194e-09 4.80229e-11
1.24 -4.10316e-09 5.11761e-11
1.245 -4.33598e-09 5.45219e-11
1.25 -4.58095e-09 5.80713e-11
1.255 -4.83866e-09 6.18357e-11
1.26 -5.1097e-09 6.58272e-11
1.265 -5.39472e-09 7.00584e-11
1.27 -5.69436e-09 7.45426e-11
1.275 -6.00931e-09 7.9294e-11
1.28 -6.34029e-09 8.43271e-11
1.285 -6.68804e-09 8.96575e-11
1.29 -7.05333e-09 9.53013e-11
1.295 -7.43698e-09 1.01276e-10
1.3 -7.83983e-09 1.07599e-10
1.305 -8.26275e-09 1.14289e-10
1.31 -8.70665e-09 1.21366e-10
1.315 -9.17249e-09 1.28851e-10
1.32 -9.66126e-09 1.36765e-10
1.325 -1.0174e-08 1.45132e-10
1.33 -1.07117e-08 1.53975e-10
1.335 -1.12756e-08 1.63319e-10
1.34 -1.18668e-08 1.73191e-10
1.345 -1.24865e-08 1.83617e-10
1.35 -1.3136e-08 1.94628e-10
1.355 -1.38165e-08 2.06253e-10
1.36 -1.45294e-08 2.18524e-10
1.365 -1.52762e-08 2.31474e-10
1.37 -1.60582e-08 2.45138e-10
1.375 -1.68771e-08 2.59552e-10
1.38 -1.77344e-08 2.74755e-10
1.385 -1.86317e-08 2.90786e-10
1.39 -1.95708e-08 3.07687e-10
1.395 -2.05533e-08 3.25502e-10
1.4 -2.15812e-08 3.44276e-10
1.405 -2.26564e-08 3.64057e-10
1.41 -2.37808e-08 3.84895e-10
1.415 -2.49566e-08 4.06843e-10
1.42 -2.61857e-08 4.29955e-10
1.425 -2.74705e-08 4.54288e-10
1.43 -2.88133e-08 4.79902e-10
1.435 -3.02163e-08 5.06859e-10
1.44 -3.16822e-08 5.35225e-10
1.445 -3.32134e-08 5.65066e-10
1.45 -3.48127e-08 5.96455e-10
1.455 -3.64827e-08 6.29465e-10
1.46 -3.82264e-08 6.64175e-10
1.465 -4.00466e-08 7.00664e-10
1.47 -4.19465e-08 7.39018e-10
1.475 -4.39291e-08 7.79323e-10
1.48 -4.59979e-08 8.21673e-10
1.485 -4.81563e-08 8.66163e-10
1.49 -5.04077e-08 9.12893e-10
1.495 -5.27557e-08 9.61967e-10
1.5 -5.52043e-08 1.01349e-09
1.505 -5.77573e-08 1.06759e-09
1.51 -6.04187e-08 1.12436e-09
1.515 -6.31928e-08 1.18395e-09
1.52 -6.60839e-08 1.24647e-09
1.525 -6.90965e-08 1.31206e-09
1.53 -7.22353e-08 1.38086e-09
1.535 -7.5505e-08 1.45301e-09
1.54 -7.89106e-08 1.52867e-09
1.545 -8.24574e-08 1.60799e-09
1.55 -8.61505e-08 1.69114e-09
1.555 -8.99955e-08 1.77828e-09
1.56 -9.39981e-08 1.86959e-09
1.565 -9.81642e-08 1.96527e-09
1.57 -1.025e-07 2.0655e-09
1.575 -1.07011e-07 2.17048e-09
1.58 -1.11705e-07 2.28041e-09
1.585 -1.16588e-07 2.39553e-09
1.59 -1.21667e-07 2.51604e-09
1.595 -1.26949e-07 2.64219e-09
1.6 -1.32441e-07 2.77422e-09
1.605 -1.38152e-07 2.91238e-09
1.61 -1.44088e-07 3.05693e-09
1.615 -1.50259e-07 3.20815e-09
1.62 -1.56672e-07 3.36632e-09
1.625 -1.63336e-07 3.53174e-09
1.63 -1.70261e-07 3.70471e-09
1.635 -1.77455e-07 3.88556e-09
1.64 -1.84928e-07 4.07461e-09
1.645 -1.9269e-07 4.2722e-09
1.65 -2.00751e-07 4.4787e-09
1.655 -2.09121e-07 4.69448e-09
1.66 -2.17812e-07 4.91991e-09
1.665 -2.26833e-07 5.1554e-09
1.67 -2.36198e-07 5.40136e-09
1.675 -2.45917e-07 5.65822e-09
1.68 -2.56004e-07 5.92644e-09
1.685 -2.66469e-07 6.20646e-09
1.69 -2.77328e-07 6.49877e-09
1.695 -2.88592e-07 6.80388e-09
1.7 -3.00275e-07 7.12229e-09
1.705 -3.12393e-07 7.45454e-09
1.71 -3.24959e-07 7.80119e-09
1.715 -3.37988e-07 8.16281e-09
1.72 -3.51497e-07 8.54e-09
1.725 -3.65501e-07 8.93338e-09
1.73 -3.80016e-07 9.34359e-09
1.735 -3.9506e-07 9.7713e-09
1.74 -4.1065e-07 1.02172e-08
1.745 -4.26804e-07 1.0682e-08
1.75 -4.4354e-07 1.11664e-08
1.755 -4.60878e-07 1.16712e-08
1.76 -4.78838e-07 1.21972e-08
1.765 -4.97439e-07 1.27452e-08
1.77 -5.16702e-07 1.33161e-08
1.775 -5.36649e-07 1.39108e-08
1.78 -5.57302e-07 1.453e-08
1.785 -5.78683e-07 1.51749e-08
1.79 -6.00816e-07 1.58464e-08
1.795 -6.23725e-07 1.65454e-08
1.8 -6.47434e-07 1.72731e-08
1.805 -6.71969e-07 1.80305e-08
1.81 -6.97356e-07 1.88187e-08
1.815 -7.23621e-07 1.96389e-08
1.82 -7.50793e-07 2.04923e-08
1.825 -7.789e-07 2.13801e-08
1.83 -8.0797e-07 2.23036e-08
1.835 -8.38035e-07 2.32641e-08
1.84 -8.69124e-07 2.4263e-08
1.845 -9.01269e-07 2.53017e-08
1.85 -9.34503e-07 2.63817e-08
1.855 -9.6886e-07 2.75045e-08
1.86 -1.00437e-06 2.86716e-08
1.865 -1.04108e-06 2.98847e-08
1.87 -1.07901e-06 3.11454e-08
1.875 -1.11821e-06 3.24555e-08
1.88 -1.15871e-06 3.38167e-08
1.885 -1.20056e-06 3.52309e-08
1.89 -1.24379e-06 3.66999e-08
1.895 -1.28844e-06 3.82258e-08
1.9 -1.33457e-06 3.98105e-08
1.905 -1.3822e-06 4.14562e-08
1.91 -1.43139e-06 4.3165e-08
1.915 -1.48218e-06 4.49391e-08
1.92 -1.53462e-06 4.67809e-08
1.925 -1.58876e-06 4.86927e-08
1.93 -1.64465e-06 5.0677e-08
1.935 -1.70233e-06 5.27363e-08
1.94 -1.76187e-06 5.48732e-08
1.945 -1.82331e-06 5.70904e-08
1.95 -1.88671e-06 5.93906e-08
1.955 -1.95213e-06 6.17769e-08
1.96 -2.01962e-06 6.4252e-08
1.965 -2.08925e-06 6.68191e-08
1.97 -2.16107e-06 6.94814e-08
1.975 -2.23515e-06 7.22419e-08
1.98 -2.31156e-06 7.51042e-08
1.985 -2.39035e-06 7.80716e-08
1.99 -2.4716e-06 8.11478e-08
1.995 -2.55537e-06 8.43363e-08
2 -2.64174e-06 8.76409e-08
2.005 -2.73078e-06 9.10656e-08
2.01 -2.82256e-06 9.46144e-08
2.015 -2.91717e-06 9.82913e-08
2.02 -3.01467e-06 1.02101e-07
2.025 -3.11515e-06 1.06047e-07
2.03 -3.21869e-06 1.10135e-07
2.035 -3.32537e-06 1.14368e-07
2.04 -3.43529e-06 1.18753e-07
2.045 -3.54853e-06 1.23293e-07
2.05 -3.66517e-06 1.27994e-07
2.055 -3.78532e-06 1.32861e-07
2.06 -3.90907e-06 1.379e-07
2.065 -4.03652e-06 1.43116e-07
2.07 -4.16776e-06 1.48515e-07
2.075 -4.3029e-06 1.54102e-07
2.08 -4.44205e-06 1.59884e-07
2.085 -4.5853e-06 1.65867e-07
2.09 -4.73277e-06 1.72057e-07
2.095 -4.88457e-06 1.78462e-07
2.1 -5.04082e-06 1.85087e-07
2.105 -5.20164e-06 1.9194e-07
2.11 -5.36713e-06 1.99028e-07
2.115 -5.53744e-06 2.06359e-07
2.12 -5.71268e-06 2.1394e-07
2.125 -5.89298e-06 2.21778e-07
2.13 -6.07847e-06 2.29883e-07
2.135 -6.2693e-06 2.38262e-07
2.14 -6.46559e-06 2.46923e-07
2.145 -6.66749e-06 2.55876e-07
2.15 -6.87515e-06 2.6513e-07
2.155 -7.08871e-06 2.74694e-07
2.16 -7.30832e-06 2.84577e-07
2.165 -7.53413e-06 2.94789e-07
2.17 -7.76632e-06 3.0534e-07
2.175 -8.00503e-06 3.16241e-07
2.18 -8.25043e-06 3.27503e-07
2.185 -8.5027e-06 3.39135e-07
2.19 -8.762e-06 3.5115e-07
2.195 -9.02851e-06 3.63559e-07
2.2 -9.30241e-06 3.76373e-07
2.205 -9.5839e-06 3.89606e-07
2.21 -9.87315e-06 4.03269e-07
2.215 -1.01704e-05 4.17376e-07
2.22 -1.04757e-05 4.31939e-07
2.225 -1.07894e-05 4.46972e-07
2.23 -1.11117e-05 4.6249e-07
2.235 -1.14428e-05 4.78505e-07
2.24 -1.17828e-05 4.95034e-07
2.245 -1.21321e-05 5.12091e-07
2.25 -1.24908e-05 5.29692e-07
2.255 -1.28592e-05 5.47852e-07
2.26 -1.32374e-05 5.66588e-07
2.265 -1.36258e-05 5.85917e-07
2.27 -1.40246e-05 6.05855e-07
2.275 -1.4434e-05 6.26421e-07
2.28 -1.48543e-05 6.47633e-07
2.285 -1.52857e-05 6.69509e-07
2.29 -1.57286e-05 6.92068e-07
2.295 -1.61831e-05 7.15329e-07
2.3 -1.66496e-05 7.39314e-07
2.305 -1.71284e-05 7.64042e-07
2.31 -1.76197e-05 7.89534e-07
2.315 -1.81238e-05 8.15813e-07
2.32 -1.8641e-05 8.429e-07
2.325 -1.91717e-05 8.70819e-07
2.33 -1.97161e-05 8.99592e-07
2.335 -2.02746e-05 9.29243e-07
2.34 -2.08475e-05 9.59798e-07
2.345 -2.14351e-05 9.91282e-07
2.35 -2.20378e-05 1.02372e-06
2.355 -2.26559e-05 1.05714e-06
2.36 -2.32898e-05 1.09156e-06
2.365 -2.39398e-05 1.12702e-06
2.37 -2.46063e-05 1.16355e-06
2.375 -2.52897e-05 1.20117e-06
2.38 -2.59903e-05 1.23991e-06
2.385 -2.67086e-05 1.27981e-06
2.39 -2.7445e-05 1.32089e-06
2.395 -2.81998e-05 1.36319e-06
2.4 -2.89735e-05 1.40674e-06
2.405 -2.97664e-05 1.45158e-06
2.41 -3.05791e-05 1.49774e-06
2.415 -3.1412e-05 1.54525e-06
2.42 -3.22655e-05 1.59415e-06
2.425 -3.314e-05 1.64448e-06
2.43 -3.40361e-05 1.69628e-06
2.435 -3.49543e-05 1.74958e-06
2.44 -3.58949e-05 1.80443e-06
2.445 -3.68585e-05 1.86087e-06
2.45 -3.78456e-05 1.91893e-06
2.455 -3.88567e-05 1.97867e-06
2.46 -3.98923e-05 2.04012e-06
2.465 -4.0953e-05 2.10334e-06
2.47 -4.20394e-05 2.16836e-06
2.475 -4.31518e-05 2.23523e-06
2.48 -4.4291e-05 2.30401e-06
2.485 -4.54575e-05 2.37474e-06
2.49 -4.66519e-05 2.44747e-06
2.495 -4.78748e-05 2.52226e-06
2.5 -4.91268e-05 2.59916e-06
2.505 -5.04084e-05 2.67821e-06
2.51 -5.17204e-05 2.75949e-06
2.515 -5.30634e-05 2.84303e-06
2.52 -5.4438e-05 2.92891e-06
2.525 -5.58449e-05 3.01718e-06
2.53 -5.72848e-05 3.10791e-06
2.535 -5.87584e-05 3.20114e-06
2.54 -6.02663e-05 3.29696e-06
2.545 -6.18094e-05 3.39542e-06
2.55 -6.33882e-05 3.49659e-06
2.555 -6.50036e-05 3.60053e-06
2.56 -6.66563e-05 3.70733e-06
2.565 -6.83471e-05 3.81704e-06
2.57 -7.00767e-05 3.92974e-06
2.575 -7.18461e-05 4.04551e-06
2.58 -7.36559e-05 4.16442e-06
2.585 -7.5507e-05 4.28654e-06
2.59 -7.74002e-05 4.41197e-06
2.595 -7.93364e-05 4.54078e-06
2.6 -8.13165e-05 4.67305e-06
2.605 -8.33414e-05 4.80886e-06
2.61 -8.54119e-05 4.94831e-06
2.615 -8.7529e-05 5.09148e-06
2.62 -8.96935e-05 5.23847e-06
2.625 -9.19066e-05 5.38936e-06
2.63 -9.4169e-05 5.54425e-06
2.635 -9.64819e-05 5.70324e-06
2.64 -9.88461e-05 5.86642e-06
2.645 -0.000101263 6.0339e-06
2.65 -0.000103733 6.20578e-06
2.655 -0.000106258 6.38216e-06
2.66 -0.000108838 6.56315e-06
2.665 -0.000111475 6.74887e-06
2.67 -0.000114169 6.93941e-06
2.675 -0.000116923 7.13491e-06
2.68 -0.000119736 7.33547e-06
2.685 -0.000122611 7.54121e-06
2.69 -0.000125548 7.75225e-06
2.695 -0.000128549 7.96873e-06
2.7 -0.000131614 8.19076e-06
2.705 -0.000134746 8.41848e-06
2.71 -0.000137945 8.65202e-06
2.715 -0.000141212 8.89151e-06
2.72 -0.00014455 9.13709e-06
2.725 -0.000147958 9.3889e-06
2.73 -0.000151439 9.64709e-06
2.735 -0.000154995 9.91179e-06
2.74 -0.000158625 1.01832e-05
2.745 -0.000162332 1.04614e-05
2.75 -0.000166118 1.07466e-05
2.755 -0.000169983 1.10389e-05
2.76 -0.000173929 1.13385e-05
2.765 -0.000177958 1.16456e-05
2.77 -0.000182071 1.19603e-05
2.775 -0.00018627 1.22828e-05
2.78 -0.000190556 1.26133e-05
2.785 -0.000194931 1.2952e-05
2.79 -0.000199396 1.3299e-05
2.795 -0.000203954 1.36546e-05
2.8 -0.000208606 1.40188e-05
2.805 -0.000213353 1.4392e-05
2.81 -0.000218198 1.47743e-05
2.815 -0.000223141 1.51659e-05
2.82 -0.000228186 1.5567e-05
2.825 -0.000233333 1.59778e-05
2.83 -0.000238585 1.63986e-05
2.835 -0.000243944 1.68295e-05
2.84 -0.00024941 1.72708e-05
2.845 -0.000254987 1.77227e-05
2.85 -0.000260676 1.81855e-05
2.855 -0.00026648 1.86593e-05
2.86 -0.0002724 1.91444e-05
2.865 -0.000278438 1.96411e-05
2.87 -0.000284596 2.01496e-05
2.875 -0.000290877 2.06701e-05
2.88 -0.000297282 2.1203e-05
2.885 -0.000303815 2.17484e-05
2.89 -0.000310476 2.23067e-05
2.895 -0.000317269 2.28781e-05
2.9 -0.000324195 2.34628e-05
2.905 -0.000331257 2.40613e-05
2.91 -0.000338457 2.46737e-05
2.915 -0.000345798 2.53004e-05
2.92 -0.000353282 2.59416e-05
2.925 -0.000360911 2.65977e-05
2.93 -0.000368689 2.7269e-05
2.935 -0.000376616 2.79558e-05
2.94 -0.000384697 2.86583e-05
2.945 -0.000392933 2.93771e-05
2.95 -0.000401328 3.01123e-05
2.955 -0.000409883 3.08643e-05
2.96 -0.000418602 3.16334e-05
2.965 -0.000427487 3.24201e-05
2.97 -0.000436542 3.32247e-05
2.975 -0.000445768 3.40474e-05
2.98 -0.000455169 3.48888e-05
2.985 -0.000464748 3.57492e-05
2.99 -0.000474507 3.66289e-05
2.995 -0.00048445 3.75285e-05
3 -0.00049458 3.84481e-05
3.005 -0.000504899 3.93884e-05
3.01 -0.000515411 4.03496e-05
3.015 -0.000526119 4.13322e-05
3.02 -0.000537027 4.23366e-05
3.025 -0.000548136 4.33633e-05
3.03 -0.000559451 4.44127e-05
3.035 -0.000570975 4.54853e-05
3.04 -0.000582712 4.65815e-05
3.045 -0.000594664 4.77017e-05
3.05 -0.000606836 4.88465e-05
3.055 -0.00061923 5.00163e-05
3.06 -0.00063185 5.12117e-05
3.065 -0.0006447 5.24331e-05
3.07 -0.000657784 5.3681e-05
3.075 -0.000671105 5.49559e-05
3.08 -0.000684667 5.62585e-05
3.085 -0.000698473 5.75891e-05
3.09 -0.000712528 5.89484e-05
3.095 -0.000726836 6.03368e-05
3.1 -0.0007414 6.17551e-05
3.105 -0.000756224 6.32036e-05
3.11 -0.000771313 6.46831e-05
3.115 -0.00078667 6.6194e-05
3.12 -0.0008023 6.77371e-05
3.125 -0.000818207 6.93128e-05
3.13 -0.000834395 7.09219e-05
3.135 -0.000850868 7.25649e-05
3.14 -0.000867631 7.42424e-05
3.145 -0.000884688 7.59553e-05
3.15 -0.000902044 7.7704e-05
3.155 -0.000919703 7.94893e-05
3.16 -0.00093767 8.13118e-05
3.165 -0.000955949 8.31722e-05
3.17 -0.000974545 8.50713e-05
3.175 -0.000993463 8.70098e-05
3.18 -0.00101271 8.89883e-05
3.185 -0.00103228 9.10076e-05
3.19 -0.0010522 9.30685e-05
3.195 -0.00107245 9.51717e-05
3.2 -0.00109305 9.7318e-05
3.205 -0.001114 9.95082e-05
3.21 -0.00113531 0.000101743
3.215 -0.00115698 0.000104023
3.22 -0.00117902 0.00010635
3.225 -0.00120143 0.000108724
3.23 -0.00122422 0.000111146
3.235 -0.00124739 0.000113616
3.24 -0.00127096 0.000116136
3.245 -0.00129491 0.000118707
3.25 -0.00131927 0.00012133
3.255 -0.00134403 0.000124005
3.26 -0.00136921 0.000126733
3.265 -0.0013948 0.000129515
3.27 -0.00142082 0.000132353
3.275 -0.00144726 0.000135247
3.28 -0.00147414 0.000138198
3.285 -0.00150147 0.000141207
3.29 -0.00152924 0.000144275
3.295 -0.00155747 0.000147404
3.3 -0.00158615 0.000150594
3.305 -0.00161531 0.000153846
3.31 -0.00164494 0.000157162
3.315 -0.00167504 0.000160542
3.32 -0.00170564 0.000163988
3.325 -0.00173673 0.0001675
3.33 -0.00176832 0.00017108
3.335 -0.00180042 0.00017473
3.34 -0.00183303 0.000178449
3.345 -0.00186616 0.00018224
3.35 -0.00189982 0.000186103
3.355 -0.00193402 0.000190041
3.36 -0.00196876 0.000194053
3.365 -0.00200405 0.000198141
3.37 -0.0020399 0.000202307
3.375 -0.00207631 0.000206552
3.38 -0.00211329 0.000210877
3.385 -0.00215086 0.000215283
3.39 -0.00218901 0.000219772
3.395 -0.00222776 0.000224346
3.4 -0.00226711 0.000229005
3.405 -0.00230708 0.000233751
3.41 -0.00234766 0.000238585
3.415 -0.00238887 0.000243509
3.42 -0.00243072 0.000248524
3.425 -0.00247321 0.000253633
3.43 -0.00251635 0.000258835
3.435 -0.00256016 0.000264133
3.44 -0.00260463 0.000269528
3.445 -0.00264979 0.000275023
3.45 -0.00269563 0.000280617
3.455 -0.00274216 0.000286314
3.46 -0.0027894 0.000292114
3.465 -0.00283735 0.00029802
3.47 -0.00288603 0.000304033
3.475 -0.00293544 0.000310154
3.48 -0.00298558 0.000316386
3.485 -0.00303648 0.000322729
3.49 -0.00308814 0.000329187
3.495 -0.00314057 0.00033576
3.5 -0.00319378 0.00034245
3.505 -0.00324777 0.00034926
3.51 -0.00330256 0.000356191
3.515 -0.00335816 0.000363244
3.52 -0.00341458 0.000370423
3.525 -0.00347183 0.000377728
3.53 -0.00352992 0.000385162
3.535 -0.00358885 0.000392726
3.54 -0.00364864 0.000400423
3.545 -0.00370931 0.000408255
3.55 -0.00377085 0.000416223
3.555 -0.00383328 0.00042433
3.56 -0.00389661 0.000432577
3.565 -0.00396086 0.000440968
3.57 -0.00402603 0.000449503
3.575 -0.00409213 0.000458186
3.58 -0.00415918 0.000467018
3.585 -0.00422718 0.000476001
3.59 -0.00429615 0.000485138
3.595 -0.0043661 0.000494432
3.6 -0.00443704 0.000503883
3.605 -0.00450898 0.000513495
3.61 -0.00458194 0.000523271
3.615 -0.00465592 0.000533211
3.62 -0.00473094 0.000543319
3.625 -0.004807 0.000553598
3.63 -0.00488413 0.000564049
3.635 -0.00496234 0.000574675
3.64 -0.00504162 0.000585479
3.645 -0.00512201 0.000596463
3.65 -0.00520351 0.000607629
3.655 -0.00528613 0.000618981
3.66 -0.00536989 0.000630521
3.665 -0.00545479 0.000642252
3.67 -0.00554086 0.000654175
3.675 -0.00562811 0.000666295
3.68 -0.00571654 0.000678613
3.685 -0.00580617 0.000691133
3.69 -0.00589702 0.000703857
3.695 -0.00598909 0.000716788
3.7 -0.00608241 0.000729929
3.705 -0.00617699 0.000743283
3.71 -0.00627283 0.000756852
3.715 -0.00636995 0.000770641
3.72 -0.00646838 0.000784651
3.725 -0.00656811 0.000798886
3.73 -0.00666917 0.000813348
3.735 -0.00677157 0.000828042
3.74 -0.00687532 0.000842969
3.745 -0.00698044 0.000858133
3.75 -0.00708695 0.000873538
3.755 -0.00719485 0.000889186
3.76 -0.00730416 0.000905081
3.765 -0.00741491 0.000921226
3.77 -0.00752709 0.000937624
3.775 -0.00764074 0.000954279
3.78 -0.00775586 0.000971194
3.785 -0.00787246 0.000988372
3.79 -0.00799058 0.00100582
3.795 -0.00811021 0.00102353
3.8 -0.00823138 0.00104152
3.805 -0.00835409 0.00105979
3.81 -0.00847838 0.00107834
3.815 -0.00860425 0.00109717
3.82 -0.00873172 0.00111629
3.825 -0.00886081 0.0011357
3.83 -0.00899153 0.00115541
3.835 -0.0091239 0.00117541
3.84 -0.00925793 0.00119572
3.845 -0.00939365 0.00121634
3.85 -0.00953107 0.00123727
3.855 -0.0096702 0.00125851
3.86 -0.00981107 0.00128007
3.865 -0.00995368 0.00130196
3.87 -0.0100981 0.00132417
3.875 -0.0102442 0.00134671
3.88 -0.0103922 0.00136958
3.885 -0.010542 0.0013928
3.89 -0.0106936 0.00141636
3.895 -0.0108471 0.00144026
3.9 -0.0110025 0.00146452
3.905 -0.0111598 0.00148913
3.91 -0.0113189 0.0015141
3.915 -0.01148 0.00153943
3.92 -0.0116431 0.00156514
3.925 -0.0118081 0.00159122
3.93 -0.0119751 0.00161767
3.935 -0.0121441 0.00164451
3.94 -0.0123151 0.00167173
3.945 -0.0124882 0.00169934
3.95 -0.0126633 0.00172735
3.955 -0.0128405 0.00175576
3.96 -0.0130198 0.00178457
3.965 -0.0132012 0.0018138
3.97 -0.0133848 0.00184344
3.975 -0.0135705 0.00187349
3.98 -0.0137584 0.00190397
3.985 -0.0139485 0.00193488
3.99 -0.0141408 0.00196623
3.995 -0.0143353 0.00199801
4 -0.0145322 0.00203023
4.005 -0.0147312 0.00206291
4.01 -0.0149326 0.00209603
4.015 -0.0151363 0.00212962
4.02 -0.0153424 0.00216367
4.025 -0.0155508 0.00219819
4.03 -0.0157616 0.00223318
4.035 -0.0159748 0.00226865
4.04 -0.0161904 0.00230461
4.045 -0.0164085 0.00234105
4.05 -0.016629 0.002378
4.055 -0.016852 0.00241544
4.06 -0.0170775 0.00245339
4.065 -0.0173056 0.00249185
4.07 -0.0175362 0.00253082
4.075 -0.0177694 0.00257032
4.08 -0.0180052 0.00261035
4.085 -0.0182436 0.00265091
4.09 -0.0184847 0.00269201
4.095 -0.0187284 0.00273366
4.1 -0.0189748 0.00277586
4.105 -0.0192239 0.00281861
4.11 -0.0194757 0.00286193
4.115 -0.0197303 0.00290581
4.12 -0.0199877 0.00295027
4.125 -0.0202479 0.00299531
4.13 -0.0205109 0.00304094
4.135 -0.0207767 0.00308715
4.14 -0.0210454 0.00313397
4.145 -0.021317 0.00318139
4.15 -0.0215916 0.00322942
4.155 -0.021869 0.00327807
4.16 -0.0221495 0.00332734
4.165 -0.0224329 0.00337723
4.17 -0.0227193 0.00342777
4.175 -0.0230088 0.00347894
4.18 -0.0233013 0.00353076
4.185 -0.0235969 0.00358324
4.19 -0.0238956 0.00363638
4.195 -0.0241975 0.00369018
4.2 -0.0245025 0.00374466
4.205 -0.0248106 0.00379981
4.21 -0.025122 0.00385566
4.215 -0.0254367 0.0039122
4.22 -0.0257545 0.00396943
4.225 -0.0260757 0.00402737
4.23 -0.0264002 0.00408603
4.235 -0.0267279 0.00414541
4.24 -0.0270591 0.00420551
4.245 -0.0273936 0.00426634
4.25 -0.0277316 0.00432792
4.255 -0.0280729 0.00439024
4.26 -0.0284177 0.00445332
4.265 -0.028766 0.00451715
4.27 -0.0291179 0.00458176
4.275 -0.0294732 0.00464714
4.28 -0.0298321 0.0047133
4.285 -0.0301946 0.00478025
4.29 -0.0305607 0.004848
4.295 -0.0309304 0.00491654
4.3 -0.0313038 0.0049859
4.305 -0.0316809 0.00505608
4.31 -0.0320617 0.00512708
4.315 -0.0324463 0.00519891
4.32 -0.0328346 0.00527158
4.325 -0.0332267 0.0053451
4.33 -0.0336226 0.00541947
4.335 -0.0340224 0.00549471
4.34 -0.0344261 0.00557081
4.345 -0.0348336 0.00564778
4.35 -0.0352451 0.00572564
4.355 -0.0356606 0.00580439
4.36 -0.03608 0.00588404
4.365 -0.0365034 0.00596459
4.37 -0.0369309 0.00604606
4.375 -0.0373624 0.00612845
4.38 -0.037798 0.00621176
4.385 -0.0382378 0.00629602
4.39 -0.0386816 0.00638121
4.395 -0.0391297 0.00646736
4.4 -0.0395819 0.00655446
4.405 -0.0400384 0.00664254
4.41 -0.0404992 0.00673158
4.415 -0.0409642 0.00682161
4.42 -0.0414335 0.00691263
4.425 -0.0419071 0.00700465
4.43 -0.0423852 0.00709767
4.435 -0.0428676 0.00719171
4.44 -0.0433544 0.00728676
4.445 -0.0438457 0.00738285
4.45 -0.0443414 0.00747997
4.455 -0.0448417 0.00757814
4.46 -0.0453464 0.00767736
4.465 -0.0458558 0.00777764
4.47 -0.0463697 0.00787899
4.475 -0.0468882 0.00798142
4.48 -0.0474114 0.00808493
4.485 -0.0479393 0.00818953
4.49 -0.0484718 0.00829524
4.495 -0.0490091 0.00840205
4.5 -0.0495511 0.00850998
4.505 -0.0500979 0.00861904
4.51 -0.0506495 0.00872923
4.515 -0.051206 0.00884056
4.52 -0.0517673 0.00895304
4.525 -0.0523335 0.00906668
4.53 -0.0529046 0.00918148
4.535 -0.0534807 0.00929746
4.54 -0.0540618 0.00941462
4.545 -0.0546478 0.00953297
4.55 -0.0552389 0.00965251
4.555 -0.0558351 0.00977327
4.56 -0.0564363 0.00989523
4.565 -0.0570427 0.0100184
4.57 -0.0576542 0.0101428
4.575 -0.0582709 0.0102685
4.58 -0.0588928 0.0103954
4.585 -0.0595199 0.0105236
4.59 -0.0601523 0.010653
4.595 -0.0607899 0.0107837
4.6 -0.0614329 0.0109157
4.605 -0.0620812 0.011049
4.61 -0.0627349 0.0111835
4.615 -0.063394 0.0113194
4.62 -0.0640585 0.0114566
4.625 -0.0647285 0.0115951
4.63 -0.0654039 0.0117349
4.635 -0.0660848 0.0118761
4.64 -0.0667713 0.0120186
4.645 -0.0674634 0.0121625
4.65 -0.068161 0.0123077
4.655 -0.0688643 0.0124543
4.66 -0.0695732 0.0126023
4.665 -0.0702877 0.0127516
4.67 -0.071008 0.0129024
4.675 -0.071734 0.0130546
4.68 -0.0724658 0.0132081
4.685 -0.0732033 0.0133631
4.69 -0.0739466 0.0135196
4.695 -0.0746958 0.0136774
4.7 -0.0754508 0.0138367
4.705 -0.0762118 0.0139975
4.71 -0.0769786 0.0141597
4.715 -0.0777514 0.0143233
4.72 -0.0785301 0.0144885
4.725 -0.0793148 0.0146551
4.73 -0.0801056 0.0148233
4.735 -0.0809024 0.0149929
4.74 -0.0817053 0.015164
4.745 -0.0825143 0.0153367
4.75 -0.0833294 0.0155108
4.755 -0.0841506 0.0156865
4.76 -0.084978 0.0158637
4.765 -0.0858116 0.0160425
4.77 -0.0866515 0.0162229
4.775 -0.0874976 0.0164048
4.78 -0.0883499 0.0165882
4.785 -0.0892086 0.0167733
4.79 -0.0900736 0.0169599
4.795 -0.090945 0.0171481
4.8 -0.0918227 0.0173379
4.805 -0.0927068 0.0175293
4.81 -0.0935973 0.0177224
4.815 -0.0944943 0.017917
4.82 -0.0953978 0.0181133
4.825 -0.0963077 0.0183112
4.83 -0.0972242 0.0185108
4.835 -0.0981472 0.018712
4.84 -0.0990768 0.0189149
4.845 -0.100013 0.0191194
4.85 -0.100956 0.0193256
4.855 -0.101905 0.0195335
4.86 -0.102861 0.0197431
4.865 -0.103824 0.0199543
4.87 -0.104793 0.0201673
4.875 -0.105769 0.020382
4.88 -0.106752 0.0205984
4.885 -0.107742 0.0208165
4.89 -0.108738 0.0210363
4.895 -0.109742 0.0212579
4.9 -0.110752 0.0214812
4.905 -0.111769 0.0217062
4.91 -0.112792 0.021933
4.915 -0.113823 0.0221616
4.92 -0.114861 0.022392
4.925 -0.115905 0.0226241
4.93 -0.116957 0.022858
4.935 -0.118015 0.0230936
4.94 -0.11908 0.0233311
4.945 -0.120153 0.0235704
4.95 -0.121232 0.0238114
4.955 -0.122319 0.0240543
4.96 -0.123412 0.024299
4.965 -0.124513 0.0245455
4.97 -0.125621 0.0247938
4.975 -0.126735 0.025044
4.98 -0.127857 0.025296
4.985 -0.128986 0.0255499
4.99 -0.130123 0.0258056
4.995 -0.131266 0.0260631
5 -0.132416 0.0263225
5.005 -0.133574 0.0265838
5.01 -0.134739 0.026847
5.015 -0.135911 0.027112
5.02 -0.137091 0.0273789
5.025 -0.138278 0.0276477
5.03 -0.139472 0.0279184
5.035 -0.140673 0.0281909
5.04 -0.141881 0.0284654
5.045 -0.143097 0.0287418
5.05 -0.144321 0.02902
5.055 -0.145551 0.0293002
5.06 -0.146789 0.0295823
5.065 -0.148034 0.0298664
5.07 -0.149287 0.0301523
5.075 -0.150547 0.0304402
5.08 -0.151814 0.03073
5.085 -0.153089 0.0310218
5.09 -0.154371 0.0313155
5.095 -0.155661 0.0316111
5.1 -0.156958 0.0319087
5.105 -0.158263 0.0322082
5.11 -0.159574 0.0325097
5.115 -0.160894 0.0328131
5.12 -0.162221 0.0331185
5.125 -0.163555 0.0334259
5.13 -0.164897 0.0337352
5.135 -0.166246 0.0340465
5.14 -0.167603 0.0343598
5.145 -0.168967 0.034675
5.15 -0.170338 0.0349922
5.155 -0.171718 0.0353114
5.16 -0.173104 0.0356326
5.165 -0.174498 0.0359557
5.17 -0.1759 0.0362809
5.175 -0.177309 0.036608
5.18 -0.178726 0.0369371
5.185 -0.18015 0.0372682
5.19 -0.181582 0.0376013
5.195 -0.183021 0.0379364
5.2 -0.184468 0.0382734
5.205 -0.185922 0.0386125
5.21 -0.187383 0.0389536
5.215 -0.188853 0.0392966
5.22 -0.190329 0.0396417
5.225 -0.191813 0.0399887
5.23 -0.193305 0.0403378
5.235 -0.194804 0.0406888
5.24 -0.196311 0.0410419
5.245 -0.197825 0.0413969
5.25 -0.199346 0.0417539
5.255 -0.200875 0.042113
5.26 -0.202412 0.042474
5.265 -0.203956 0.042837
5.27 -0.205507 0.043202
5.275 -0.207066 0.0435691
5.28 -0.208632 0.0439381
5.285 -0.210206 0.0443091
5.29 -0.211787 0.0446821
5.295 -0.213375 0.045057
5.3 -0.214971 0.045434
5.305 -0.216574 0.045813
5.31 -0.218185 0.0461939
5.315 -0.219802 0.0465768
5.32 -0.221428 0.0469617
5.325 -0.22306 0.0473486
5.33 -0.2247 0.0477375
5.335 -0.226347 0.0481283
5.34 -0.228001 0.0485211
5.345 -0.229663 0.0489159
5.35 -0.231332 0.0493126
5.355 -0.233008 0.0497113
5.36 -0.234691 0.0501119
5.365 -0.236382 0.0505145
5.37 -0.238079 0.0509191
5.375 -0.239784 0.0513256
5.38 -0.241496 0.051734
5.385 -0.243215 0.0521444
5.39 -0.244941 0.0525567
5.395 -0.246674 0.0529709
5.4 -0.248414 0.0533871
5.405 -0.250161 0.0538051
5.41 -0.251915 0.0542251
5.415 -0.253676 0.054647
5.42 -0.255444 0.0550708
5.425 -0.257219 0.0554965
5.43 -0.259001 0.0559241
5.435 -0.260789 0.0563536
5.44 -0.262585 0.0567849
5.445 -0.264387 0.0572181
5.45 -0.266196 0.0576532
5.455 -0.268011 0.0580902
5.46 -0.269833 0.0585289
5.465 -0.271662 0.0589696
5.47 -0.273498 0.0594121
5.475 -0.27534 0.0598564
5.48 -0.277189 0.0603025
5.485 -0.279044 0.0607504
5.49 -0.280905 0.0612002
5.495 -0.282773 0.0616517
5.5 -0.284648 0.062105
5.505 -0.286529 0.0625601
5.51 -0.288416 0.063017
5.515 -0.290309 0.0634757
5.52 -0.292209 0.0639361
5.525 -0.294114 0.0643982
5.53 -0.296026 0.0648621
5.535 -0.297944 0.0653277
5.54 -0.299868 0.065795
5.545 -0.301798 0.066264
5.55 -0.303735 0.0667347
5.555 -0.305676 0.0672071
5.56 -0.307624 0.0676811
5.565 -0.309578 0.0681569
5.57 -0.311537 0.0686342
5.575 -0.313503 0.0691132
5.58 -0.315473 0.0695939
5.585 -0.31745 0.0700761
5.59 -0.319432 0.07056
5.595 -0.321419 0.0710454
5.6 -0.323412 0.0715324
5.605 -0.32541 0.072021
5.61 -0.327414 0.0725111
5.615 -0.329423 0.0730028
5.62 -0.331437 0.073496
5.625 -0.333457 0.0739907
5.63 -0.335481 0.0744869
5.635 -0.337511 0.0749846
5.64 -0.339545 0.0754837
5.645 -0.341584 0.0759843
5.65 -0.343629 0.0764864
5.655 -0.345678 0.0769898
5.66 -0.347732 0.0774947
5.665 -0.34979 0.078001
5.67 -0.351853 0.0785086
5.675 -0.353921 0.0790176
5.68 -0.355993 0.079528
5.685 -0.358069 0.0800397
5.69 -0.36015 0.0805527
5.695 -0.362235 0.081067
5.7 -0.364324 0.0815826
5.705 -0.366417 0.0820994
5.71 -0.368514 0.0826175
5.715 -0.370616 0.0831368
5.72 -0.372721 0.0836573
5.725 -0.374829 0.0841791
5.73 -0.376942 0.0847019
5.735 -0.379058 0.085226
5.74 -0.381178 0.0857512
5.745 -0.383301 0.0862775
5.75 -0.385428 0.0868049
5.755 -0.387558 0.0873333
5.76 -0.389691 0.0878629
5.765 -0.391828 0.0883935
5.77 -0.393967 0.088925
5.775 -0.39611 0.0894576
5.78 -0.398255 0.0899912
5.785 -0.400403 0.0905257
5.79 -0.402554 0.0910612
5.795 -0.404708 0.0915976
5.8 -0.406864 0.0921348
5.805 -0.409022 0.092673
5.81 -0.411183 0.093212
5.815 -0.413346 0.0937518
5.82 -0.415511 0.0942924
5.825 -0.417678 0.0948338
5.83 -0.419848 0.095376
5.835 -0.422019 0.0959189
5.84 -0.424192 0.0964625
5.845 -0.426366 0.0970068
5.85 -0.428542 0.0975517
5.855 -0.43072 0.0980973
5.86 -0.432899 0.0986436
5.865 -0.435079 0.0991904
5.87 -0.437261 0.0997377
5.875 -0.439443 0.100286
5.88 -0.441627 0.100834
5.885 -0.443811 0.101383
5.89 -0.445996 0.101932
5.895 -0.448182 0.102482
5.9 -0.450368 0.103032
5.905 -0.452554 0.103583
5.91 -0.454741 0.104134
5.915 -0.456928 0.104685
5.92 -0.459116 0.105237
5.925 -0.461303 0.105789
5.93 -0.46349 0.106341
5.935 -0.465676 0.106893
5.94 -0.467863 0.107446
5.945 -0.470048 0.107999
5.95 -0.472233 0.108552
5.955 -0.474418 0.109105
5.96 -0.476601 0.109658
5.965 -0.478784 0.110211
5.97 -0.480965 0.110764
5.975 -0.483146 0.111317
5.98 -0.485324 0.11187
5.985 -0.487502 0.112423
5.99 -0.489677 0.112976
5.995 -0.491851 0.113529
6 -0.494023 0.114081
6.005 -0.496194 0.114634
6.01 -0.498362 0.115186
6.015 -0.500527 0.115738
6.02 -0.502691 0.116289
6.025 -0.504851 0.116841
6.03 -0.50701 0.117392
6.035 -0.509165 0.117942
6.04 -0.511317 0.118493
6.045 -0.513467 0.119042
6.05 -0.515613 0.119591
6.055 -0.517756 0.12014
6.06 -0.519895 0.120688
6.065 -0.522031 0.121236
6.07 -0.524162 0.121783
6.075 -0.52629 0.122329
6.08 -0.528414 0.122875
6.085 -0.530534 0.12342
6.09 -0.53265 0.123964
6.095 -0.534761 0.124507
6.1 -0.536867 0.12505
6.105 -0.538969 0.125591
6.11 -0.541065 0.126132
6.115 -0.543157 0.126672
6.12 -0.545243 0.127211
6.125 -0.547324 0.127748
6.13 -0.549399 0.128285
6.135 -0.551469 0.128821
6.14 -0.553533 0.129355
6.145 -0.555591 0.129889
6.15 -0.557643 0.130421
6.155 -0.559688 0.130952
6.16 -0.561728 0.131482
6.165 -0.56376 0.13201
6.17 -0.565786 0.132537
6.175 -0.567804 0.133063
6.18 -0.569816 0.133587
6.185 -0.571821 0.13411
6.19 -0.573818 0.134631
6.195 -0.575807 0.135151
6.2 -0.577789 0.135669
6.205 -0.579763 0.136185
6.21 -0.581729 0.1367
6.215 -0.583686 0.137213
6.22 -0.585636 0.137725
6.225 -0.587576 0.138234
6.23 -0.589508 0.138742
6.235 -0.591431 0.139248
6.24 -0.593345 0.139752
6.245 -0.59525 0.140254
6.25 -0.597145 0.140754
6.255 -0.599031 0.141252
6.26 -0.600907 0.141748
6.265 -0.602774 0.142242
6.27 -0.60463 0.142734
6.275 -0.606476 0.143223
6.28 -0.608311 0.14371
6.285 -0.610136 0.144195
6.29 -0.61195 0.144678
6.295 -0.613753 0.145158
6.3 -0.615545 0.145636
6.305 -0.617326 0.146112
6.31 -0.619095 0.146585
6.315 -0.620853 0.147055
6.32 -0.622598 0.147523
6.325 -0.624332 0.147988
6.33 -0.626054 0.14845
6.335 -0.627763 0.14891
6.34 -0.62946 0.149367
6.345 -0.631143 0.149821
6.35 -0.632814 0.150273
6.355 -0.634472 0.150721
6.36 -0.636117 0.151167
6.365 -0.637748 0.151609
6.37 -0.639365 0.152049
6.375 -0.640969 0.152485
6.38 -0.642559 0.152918
6.385 -0.644134 0.153348
6.39 -0.645695 0.153775
6.395 -0.647241 0.154199
6.4 -0.648773 0.154619
6.405 -0.65029 0.155036
6.41 -0.651792 0.15545
6.415 -0.653278 0.15586
6.42 -0.654749 0.156266
6.425 -0.656204 0.15667
6.43 -0.657643 0.157069
6.435 -0.659066 0.157465
6.44 -0.660473 0.157857
6.445 -0.661863 0.158246
6.45 -0.663237 0.15863
6.455 -0.664594 0.159011
6.46 -0.665934 0.159388
6.465 -0.667256 0.159761
6.47 -0.668561 0.160131
6.475 -0.669849 0.160496
6.48 -0.671119 0.160857
6.485 -0.672371 0.161214
6.49 -0.673604 0.161567
6.495 -0.67482 0.161915
6.5 -0.676017 0.16226
6.505 -0.677195 0.1626
6.51 -0.678354 0.162936
6.515 -0.679493 0.163267
6.52 -0.680614 0.163594
6.525 -0.681715 0.163916
6.53 -0.682796 0.164234
6.535 -0.683858 0.164548
6.54 -0.684899 0.164857
6.545 -0.68592 0.165161
6.55 -0.686921 0.16546
6.555 -0.6879 0.165755
6.56 -0.688859 0.166044
6.565 -0.689797 0.166329
6.57 -0.690714 0.166609
6.575 -0.691609 0.166884
6.58 -0.692482 0.167154
6.585 -0.693334 0.167419
6.59 -0.694164 0.167679
6.595 -0.694971 0.167934
6.6 -0.695756 0.168183
6.605 -0.696518 0.168427
6.61 -0.697258 0.168666
6.615 -0.697974 0.1689
6.62 -0.698667 0.169128
6.625 -0.699337 0.169351
6.63 -0.699983 0.169568
6.635 -0.700606 0.16978
6.64 -0.701204 0.169986
6.645 -0.701779 0.170186
6.65 -0.702329 0.170381
6.655 -0.702854 0.17057
6.66 -0.703355 0.170753
6.665 -0.703831 0.170931
6.67 -0.704281 0.171102
6.675 -0.704706 0.171268
6.68 -0.705106 0.171428
6.685 -0.70548 0.171581
6.69 -0.705829 0.171729
6.695 -0.706151 0.17187
6.7 -0.706447 0.172006
6.705 -0.706716 0.172135
6.71 -0.706959 0.172258
6.715 -0.707175 0.172374
6.72 -0.707364 0.172484
6.725 -0.707526 0.172588
6.73 -0.70766 0.172685
6.735 -0.707767 0.172776
6.74 -0.707846 0.172861
6.745 -0.707897 0.172938
6.75 -0.70792 0.173009
6.755 -0.707915 0.173074
6.76 -0.707881 0.173132
6.765 -0.707819 0.173183
6.77 -0.707727 0.173227
6.775 -0.707607 0.173264
6.78 -0.707458 0.173294
6.785 -0.707279 0.173318
6.79 -0.70707 0.173334
6.795 -0.706832 0.173344
6.8 -0.706564 0.173346
6.805 -0.706266 0.173341
6.81 -0.705937 0.173329
6.815 -0.705578 0.17331
6.82 -0.705188 0.173283
6.825 -0.704768 0.173249
6.83 -0.704317 0.173208
6.835 -0.703834 0.17316
6.84 -0.70332 0.173104
6.845 -0.702775 0.17304
6.85 -0.702198 0.172969
6.855 -0.701589 0.172891
6.86 -0.700949 0.172805
6.865 -0.700276 0.172711
6.87 -0.699571 0.172609
6.875 -0.698833 0.1725
6.88 -0.698062 0.172383
6.885 -0.697259 0.172258
6.89 -0.696423 0.172126
6.895 -0.695554 0.171985
6.9 -0.694652 0.171836
6.905 -0.693716 0.17168
6.91 -0.692746 0.171515
6.915 -0.691743 0.171343
6.92 -0.690706 0.171162
6.925 -0.689634 0.170973
6.93 -0.688529 0.170776
6.935 -0.687389 0.170571
6.94 -0.686215 0.170357
6.945 -0.685006 0.170136
6.95 -0.683762 0.169905
6.955 -0.682483 0.169667
6.96 -0.681169 0.16942
6.965 -0.67982 0.169165
6.97 -0.678436 0.168901
6.975 -0.677016 0.168628
6.98 -0.67556 0.168347
6.985 -0.674069 0.168058
6.99 -0.672541 0.16776
6.995 -0.670978 0.167453
7 -0.669378 0.167137
7.005 -0.667742 0.166813
7.01 -0.66607 0.16648
7.015 -0.664361 0.166138
7.02 -0.662615 0.165787
7.025 -0.660833 0.165428
7.03 -0.659013 0.165059
7.035 -0.657156 0.164682
7.04 -0.655263 0.164296
7.045 -0.653332 0.1639
7.05 -0.651363 0.163496
7.055 -0.649357 0.163083
7.06 -0.647313 0.16266
7.065 -0.645232 0.162228
7.07 -0.643112 0.161788
7.075 -0.640955 0.161338
7.08 -0.638759 0.160878
7.085 -0.636526 0.16041
7.09 -0.634254 0.159932
7.095 -0.631943 0.159445
7.1 -0.629594 0.158949
7.105 -0.627207 0.158444
7.11 -0.62478 0.157929
7.115 -0.622315 0.157404
7.12 -0.619811 0.15687
7.125 -0.617268 0.156327
7.13 -0.614686 0.155774
7.135 -0.612065 0.155212
7.14 -0.609405 0.15464
7.145 -0.606705 0.154059
7.15 -0.603966 0.153468
7.155 -0.601187 0.152868
7.16 -0.598369 0.152258
7.165 -0.595511 0.151638
7.17 -0.592614 0.151009
7.175 -0.589677 0.15037
7.18 -0.5867 0.149721
7.185 -0.583683 0.149063
7.19 -0.580626 0.148394
7.195 -0.577529 0.147717
7.2 -0.574392 0.147029
7.205 -0.571215 0.146331
7.21 -0.567997 0.145624
7.215 -0.56474 0.144907
7.22 -0.561442 0.14418
7.225 -0.558103 0.143444
7.23 -0.554725 0.142697
7.235 -0.551306 0.141941
7.24 -0.547846 0.141174
7.245 -0.544346 0.140398
7.25 -0.540806 0.139612
7.255 -0.537224 0.138816
7.26 -0.533603 0.13801
7.265 -0.52994 0.137194
7.27 -0.526237 0.136368
7.275 -0.522493 0.135532
7.28 -0.518709 0.134686
7.285 -0.514884 0.133831
7.29 -0.511018 0.132965
7.295 -0.507111 0.132089
7.3 -0.503164 0.131203
7.305 -0.499176 0.130308
7.31 -0.495147 0.129402
7.315 -0.491077 0.128486
7.32 -0.486966 0.12756
7.325 -0.482815 0.126624
7.33 -0.478623 0.125678
7.335 -0.47439 0.124722
7.34 -0.470116 0.123757
7.345 -0.465802 0.122781
7.35 -0.461447 0.121795
7.355 -0.457051 0.120799
7.36 -0.452614 0.119792
7.365 -0.448137 0.118776
7.37 -0.443619 0.11775
7.375 -0.439061 0.116714
7.38 -0.434462 0.115668
7.385 -0.429822 0.114612
7.39 -0.425142 0.113546
7.395 -0.420421 0.11247
7.4 -0.41566 0.111383
7.405 -0.410859 0.110287
7.41 -0.406017 0.109181
7.415 -0.401135 0.108065
7.42 -0.396212 0.106939
7.425 -0.39125 0.105803
7.43 -0.386247 0.104657
7.435 -0.381205 0.103501
7.44 -0.376122 0.102335
7.445 -0.370999 0.101159
7.45 -0.365837 0.0999738
7.455 -0.360635 0.0987783
7.46 -0.355393 0.097573
7.465 -0.350111 0.0963578
7.47 -0.34479 0.0951327
7.475 -0.33943 0.0938979
7.48 -0.33403 0.0926532
7.485 -0.328591 0.0913988
7.49 -0.323113 0.0901346
7.495 -0.317595 0.0888606
7.5 -0.312039 0.0875769
7.505 -0.306444 0.0862836
7.51 -0.30081 0.0849805
7.515 -0.295137 0.0836678
7.52 -0.289426 0.0823455
7.525 -0.283676 0.0810135
7.53 -0.277888 0.079672
7.535 -0.272062 0.0783209
7.54 -0.266198 0.0769603
7.545 -0.260296 0.0755902
7.55 -0.254356 0.0742106
7.555 -0.248379 0.0728216
7.56 -0.242364 0.0714231
7.565 -0.236311 0.0700153
7.57 -0.230222 0.0685981
7.575 -0.224095 0.0671715
7.58 -0.217931 0.0657357
7.585 -0.211731 0.0642906
7.59 -0.205494 0.0628363
7.595 -0.19922 0.0613728
7.6 -0.192911 0.0599002
7.605 -0.186565 0.0584184
7.61 -0.180183 0.0569275
7.615 -0.173765 0.0554276
7.62 -0.167312 0.0539187
7.625 -0.160823 0.0524009
7.63 -0.154299 0.0508741
7.635 -0.14774 0.0493384
7.64 -0.141146 0.0477939
7.645 -0.134517 0.0462405
7.65 -0.127854 0.0446785
7.655 -0.121157 0.0431077
7.66 -0.114426 0.0415282
7.665 -0.10766 0.0399401
7.67 -0.100861 0.0383435
7.675 -0.0940286 0.0367383
7.68 -0.0871629 0.0351246
7.685 -0.0802641 0.0335025
7.69 -0.0733325 0.031872
7.695 -0.0663684 0.0302332
7.7 -0.0593718 0.0285861
7.705 -0.0523432 0.0269308
7.71 -0.0452827 0.0252673
7.715 -0.0381905 0.0235956
7.72 -0.0310669 0.021916
7.725 -0.0239121 0.0202282
7.73 -0.0167264 0.0185326
7.735 -0.00951008 0.016829
7.74 -0.0022633 0.0151176
7.745 0.00501363 0.0133984
7.75 0.0123205 0.0116715
7.755 0.0196569 0.00993689
7.76 0.0270228 0.0081947
7.765 0.0344177 0.00644496
7.77 0.0418415 0.00468774
7.775 0.0492938 0.0029231
7.78 0.0567744 0.00115111
7.785 0.064283 -0.000628178
7.79 0.0718193 -0.00241469
7.795 0.079383 -0.00420836
7.8 0.0869738 -0.00600912
7.805 0.0945914 -0.00781691
7.81 0.102236 -0.00963165
7.815 0.109906 -0.0114533
7.82 0.117602 -0.0132817
7.825 0.125324 -0.0151169
7.83 0.133072 -0.0169588
7.835 0.140844 -0.0188073
7.84 0.148641 -0.0206623
7.845 0.156462 -0.0225237
7.85 0.164307 -0.0243915
7.855 0.172176 -0.0262657
7.86 0.180069 -0.0281461
7.865 0.187984 -0.0300326
7.87 0.195922 -0.0319252
7.875 0.203883 -0.0338238
7.88 0.211865 -0.0357283
7.885 0.219869 -0.0376386
7.89 0.227895 -0.0395547
7.895 0.235941 -0.0414765
7.9 0.244008 -0.0434038
7.905 0.252096 -0.0453367
7.91 0.260203 -0.047275
7.915 0.26833 -0.0492186
7.92 0.276476 -0.0511675
7.925 0.28464 -0.0531216
7.93 0.292824 -0.0550807
7.935 0.301025 -0.0570449
7.94 0.309244 -0.0590139
7.945 0.31748 -0.0609878
7.95 0.325733 -0.0629664
7.955 0.334003 -0.0649496
7.96 0.342289 -0.0669374
7.965 0.35059 -0.0689296
7.97 0.358907 -0.0709262
7.975 0.367239 -0.0729271
7.98 0.375586 -0.0749321
7.985 0.383946 -0.0769412
7.99 0.392321 -0.0789543
7.995 0.400708 -0.0809713
8 0.409109 -0.0829921
8.005 0.417522 -0.0850165
8.01 0.425947 -0.0870446
8.015 0.434384 -0.0890762
8.02 0.442832 -0.0911112
8.025 0.451291 -0.0931494
8.03 0.45976 -0.0951909
8.035 0.46824 -0.0972355
8.04 0.476728 -0.099283
8.045 0.485226 -0.101333
8.05 0.493733 -0.103387
8.055 0.502247 -0.105443
8.06 0.51077 -0.107501
8.065 0.5193 -0.109562
8.07 0.527836 -0.111625
8.075 0.53638 -0.113691
8.08 0.544929 -0.115759
8.085 0.553483 -0.117829
8.09 0.562043 -0.1199
8.095 0.570607 -0.121974
8.1 0.579175 -0.124049
8.105 0.587748 -0.126126
8.11 0.596323 -0.128204
8.115 0.604901 -0.130284
8.12 0.613481 -0.132365
8.125 0.622063 -0.134447
8.13 0.630646 -0.136531
8.135 0.63923 -0.138615
8.14 0.647815 -0.1407
8.145 0.656399 -0.142786
8.15 0.664983 -0.144872
8.155 0.673565 -0.146959
8.16 0.682146 -0.149046
8.165 0.690725 -0.151133
8.17 0.699301 -0.153221
8.175 0.707874 -0.155308
8.18 0.716444 -0.157396
8.185 0.725009 -0.159483
8.19 0.73357 -0.16157
8.195 0.742126 -0.163656
8.2 0.750676 -0.165742
8.205 0.759221 -0.167827
8.21 0.767758 -0.169911
8.215 0.776289 -0.171994
8.22 0.784811 -0.174076
8.225 0.793326 -0.176157
8.23 0.801832 -0.178237
8.235 0.810329 -0.180315
8.24 0.818816 -0.182392
8.245 0.827293 -0.184467
8.25 0.835759 -0.18654
8.255 0.844214 -0.188611
8.26 0.852657 -0.19068
8.265 0.861088 -0.192747
8.27 0.869506 -0.194811
8.275 0.87791 -0.196873
8.28 0.886301 -0.198933
8.285 0.894677 -0.20099
8.29 0.903038 -0.203044
8.295 0.911384 -0.205095
8.3 0.919714 -0.207142
8.305 0.928027 -0.209187
8.31 0.936323 -0.211228
8.315 0.944601 -0.213266
8.32 0.952862 -0.2153
8.325 0.961103 -0.217331
8.33 0.969325 -0.219357
8.335 0.977528 -0.22138
8.34 0.98571 -0.223398
8.345 0.993871 -0.225413
8.35 1.00201 -0.227422
8.355 1.01013 -0.229428
8.36 1.01822 -0.231428
8.365 1.0263 -0.233424
8.37 1.03434 -0.235415
8.375 1.04237 -0.237401
8.38 1.05037 -0.239381
8.385 1.05834 -0.241357
8.39 1.06629 -0.243326
8.395 1.07421 -0.245291
8.4 1.08211 -0.247249
8.405 1.08997 -0.249202
8.41 1.09781 -0.251148
8.415 1.10562 -0.253089
8.42 1.11341 -0.255023
8.425 1.12116 -0.256951
8.43 1.12888 -0.258872
8.435 1.13657 -0.260787
8.44 1.14423 -0.262695
8.445 1.15186 -0.264596
8.45 1.15945 -0.266489
8.455 1.16701 -0.268376
8.46 1.17454 -0.270255
8.465 1.18204 -0.272127
8.47 1.18949 -0.273991
8.475 1.19692 -0.275847
8.48 1.20431 -0.277696
8.485 1.21166 -0.279536
8.49 1.21897 -0.281369
8.495 1.22625 -0.283193
8.5 1.23349 -0.285008
8.505 1.24069 -0.286816
8.51 1.24785 -0.288614
8.515 1.25497 -0.290403
8.52 1.26206 -0.292184
8.525 1.2691 -0.293955
8.53 1.2761 -0.295718
8.535 1.28305 -0.29747
8.54 1.28997 -0.299214
8.545 1.29684 -0.300947
8.55 1.30367 -0.302671
8.555 1.31045 -0.304385
8.56 1.31719 -0.306089
8.565 1.32389 -0.307783
8.57 1.33054 -0.309467
8.575 1.33714 -0.31114
8.58 1.34369 -0.312802
8.585 1.3502 -0.314454
8.59 1.35666 -0.316095
8.595 1.36307 -0.317724
8.6 1.36944 -0.319343
8.605 1.37575 -0.320951
8.61 1.38201 -0.322547
8.615 1.38823 -0.324131
8.62 1.39439 -0.325704
8.625 1.4005 -0.327266
8.63 1.40655 -0.328815
8.635 1.41256 -0.330352
8.64 1.41851 -0.331877
8.645 1.42441 -0.33339
8.65 1.43025 -0.334891
8.655 1.43604 -0.336378
8.66 1.44177 -0.337854
8.665 1.44745 -0.339316
8.67 1.45307 -0.340765
8.675 1.45863 -0.342202
8.68 1.46414 -0.343625
8.685 1.46959 -0.345035
8.69 1.47498 -0.346431
8.695 1.48031 -0.347814
8.7 1.48558 -0.349183
8.705 1.49079 -0.350538
8.71 1.49594 -0.351879
8.715 1.50103 -0.353207
8.72 1.50606 -0.35452
8.725 1.51103 -0.355818
8.73 1.51593 -0.357102
8.735 1.52077 -0.358372
8.74 1.52555 -0.359627
8.745 1.53026 -0.360867
8.75 1.53491 -0.362092
8.755 1.5395 -0.363303
8.76 1.54402 -0.364498
8.765 1.54847 -0.365677
8.77 1.55286 -0.366842
8.775 1.55718 -0.36799
8.78 1.56143 -0.369123
8.785 1.56561 -0.370241
8.79 1.56973 -0.371342
8.795 1.57378 -0.372428
8.8 1.57776 -0.373497
8.805 1.58167 -0.37455
8.81 1.58551 -0.375587
8.815 1.58927 -0.376607
8.82 1.59297 -0.377611
8.825 1.5966 -0.378598
8.83 1.60015 -0.379568
8.835 1.60364 -0.380522
8.84 1.60705 -0.381458
8.845 1.61038 -0.382377
8.85 1.61365 -0.383279
8.855 1.61684 -0.384164
8.86 1.61995 -0.385032
8.865 1.62299 -0.385881
8.87 1.62596 -0.386713
8.875 1.62885 -0.387528
8.88 1.63166 -0.388324
8.885 1.6344 -0.389103
8.89 1.63706 -0.389863
8.895 1.63964 -0.390606
8.9 1.64215 -0.39133
8.905 1.64458 -0.392036
8.91 1.64693 -0.392723
8.915 1.6492 -0.393392
8.92 1.65139 -0.394042
8.925 1.6535 -0.394674
8.93 1.65553 -0.395286
8.935 1.65749 -0.39588
8.94 1.65936 -0.396455
8.945 1.66115 -0.39701
8.95 1.66286 -0.397547
8.955 1.66449 -0.398064
8.96 1.66604 -0.398561
8.965 1.6675 -0.39904
8.97 1.66888 -0.399498
8.975 1.67018 -0.399938
8.98 1.6714 -0.400357
8.985 1.67253 -0.400757
8.99 1.67358 -0.401136
8.995 1.67454 -0.401496
9 1.67542 -0.401836
9.005 1.67622 -0.402156
9.01 1.67693 -0.402455
9.015 1.67755 -0.402735
9.02 1.67809 -0.402993
9.025 1.67855 -0.403232
9.03 1.67892 -0.40345
9.035 1.6792 -0.403647
9.04 1.67939 -0.403824
9.045 1.6795 -0.40398
9.05 1.67952 -0.404116
9.055 1.67946 -0.40423
9.06 1.6793 -0.404324
9.065 1.67906 -0.404397
9.07 1.67873 -0.404448
9.075 1.67831 -0.404479
9.08 1.6778 -0.404488
9.085 1.67721 -0.404477
9.09 1.67652 -0.404444
9.095 1.67575 -0.404389
9.1 1.67489 -0.404314
9.105 1.67393 -0.404217
9.11 1.67289 -0.404098
9.115 1.67176 -0.403958
9.12 1.67054 -0.403796
9.125 1.66922 -0.403613
9.13 1.66782 -0.403408
9.135 1.66633 -0.403181
9.14 1.66474 -0.402933
9.145 1.66307 -0.402663
9.15 1.6613 -0.40237
9.155 1.65944 -0.402056
9.16 1.65749 -0.40172
9.165 1.65545 -0.401362
9.17 1.65332 -0.400982
9.175 1.6511 -0.40058
9.18 1.64878 -0.400156
9.185 1.64637 -0.39971
9.19 1.64388 -0.399242
9.195 1.64128 -0.398751
9.2 1.6386 -0.398239
9.205 1.63582 -0.397704
9.21 1.63296 -0.397146
9.215 1.63 -0.396567
9.22 1.62694 -0.395965
9.225 1.6238 -0.395341
9.23 1.62056 -0.394695
9.235 1.61723 -0.394026
9.24 1.61381 -0.393335
9.245 1.61029 -0.392621
9.25 1.60668 -0.391885
9.255 1.60298 -0.391127
9.26 1.59919 -0.390346
9.265 1.5953 -0.389543
9.27 1.59132 -0.388717
9.275 1.58725 -0.387869
9.28 1.58309 -0.386999
9.285 1.57883 -0.386106
9.29 1.57448 -0.38519
9.295 1.57004 -0.384252
9.3 1.5655 -0.383292
9.305 1.56088 -0.382309
9.31 1.55616 -0.381304
9.315 1.55135 -0.380276
9.32 1.54644 -0.379226
9.325 1.54145 -0.378153
9.33 1.53636 -0.377058
9.335 1.53118 -0.375941
9.34 1.5259 -0.374801
9.345 1.52054 -0.373639
9.35 1.51508 -0.372454
9.355 1.50954 -0.371247
9.36 1.5039 -0.370018
9.365 1.49817 -0.368767
9.37 1.49235 -0.367493
9.375 1.48643 -0.366197
9.38 1.48043 -0.364879
9.385 1.47434 -0.363539
9.39 1.46815 -0.362176
9.395 1.46188 -0.360791
9.4 1.45551 -0.359385
9.405 1.44905 -0.357956
9.41 1.44251 -0.356505
9.415 1.43587 -0.355032
9.42 1.42915 -0.353538
9.425 1.42233 -0.352021
9.43 1.41543 -0.350483
9.435 1.40844 -0.348922
9.44 1.40136 -0.34734
9.445 1.39419 -0.345737
9.45 1.38693 -0.344111
9.455 1.37959 -0.342464
9.46 1.37215 -0.340796
9.465 1.36463 -0.339106
9.47 1.35702 -0.337394
9.475 1.34933 -0.335661
9.48 1.34155 -0.333907
9.485 1.33368 -0.332132
9.49 1.32573 -0.330335
9.495 1.31769 -0.328517
9.5 1.30957 -0.326678
9.505 1.30136 -0.324818
9.51 1.29307 -0.322938
9.515 1.28469 -0.321036
9.52 1.27623 -0.319114
9.525 1.26768 -0.31717
9.53 1.25905 -0.315207
9.535 1.25034 -0.313222
9.54 1.24155 -0.311217
9.545 1.23267 -0.309192
9.55 1.22371 -0.307147
9.555 1.21467 -0.305081
9.56 1.20555 -0.302995
9.565 1.19635 -0.300889
9.57 1.18707 -0.298763
9.575 1.17771 -0.296617
9.58 1.16827 -0.294452
9.585 1.15875 -0.292267
9.59 1.14915 -0.290062
9.595 1.13947 -0.287838
9.6 1.12972 -0.285594
9.605 1.11989 -0.283331
9.61 1.10998 -0.281049
9.615 1.09999 -0.278748
9.62 1.08993 -0.276427
9.625 1.0798 -0.274088
9.63 1.06959 -0.271731
9.635 1.0593 -0.269354
9.64 1.04894 -0.266959
9.645 1.03851 -0.264546
9.65 1.02801 -0.262114
9.655 1.01743 -0.259664
9.66 1.00678 -0.257196
9.665 0.996064 -0.25471
9.67 0.985274 -0.252207
9.675 0.974414 -0.249685
9.68 0.963484 -0.247146
9.685 0.952485 -0.24459
9.69 0.941417 -0.242016
9.695 0.930282 -0.239425
9.7 0.919079 -0.236818
9.705 0.90781 -0.234193
9.71 0.896475 -0.231551
9.715 0.885074 -0.228893
9.72 0.873608 -0.226218
9.725 0.862078 -0.223527
9.73 0.850484 -0.220819
9.735 0.838827 -0.218096
9.74 0.827108 -0.215357
9.745 0.815327 -0.212601
9.75 0.803485 -0.209831
9.755 0.791582 -0.207044
9.76 0.779619 -0.204243
9.765 0.767598 -0.201426
9.77 0.755517 -0.198594
9.775 0.743379 -0.195747
9.78 0.731184 -0.192885
9.785 0.718932 -0.190009
9.79 0.706624 -0.187119
9.795 0.694261 -0.184214
9.8 0.681844 -0.181295
9.805 0.669372 -0.178362
9.81 0.656848 -0.175416
9.815 0.644272 -0.172455
9.82 0.631644 -0.169482
9.825 0.618965 -0.166495
9.83 0.606236 -0.163495
9.835 0.593458 -0.160482
9.84 0.580631 -0.157456
9.845 0.567756 -0.154418
9.85 0.554834 -0.151368
9.855 0.541866 -0.148305
9.86 0.528852 -0.14523
9.865 0.515793 -0.142143
9.87 0.50269 -0.139045
9.875 0.489544 -0.135935
9.88 0.476355 -0.132813
9.885 0.463124 -0.129681
9.89 0.449853 -0.126538
9.895 0.436542 -0.123383
9.9 0.423191 -0.120219
9.905 0.409801 -0.117044
9.91 0.396374 -0.113858
9.915 0.38291 -0.110663
9.92 0.36941 -0.107458
9.925 0.355875 -0.104243
9.93 0.342306 -0.101019
9.935 0.328702 -0.0977858
9.94 0.315066 -0.0945434
9.945 0.301399 -0.0912922
9.95 0.2877 -0.0880324
9.955 0.273971 -0.0847641
9.96 0.260212 -0.0814877
9.965 0.246426 -0.0782032
9.97 0.232611 -0.0749108
9.975 0.21877 -0.0716109
9.98 0.204903 -0.0683036
9.985 0.191012 -0.0649891
9.99 0.177096 -0.0616675
9.995 0.163156 -0.0583392
10 0.149195 -0.0550044
10.005 0.135212 -0.0516632
10.01 0.121209 -0.0483158
10.015 0.107186 -0.0449625
10.02 0.0931441 -0.0416035
10.025 0.0790846 -0.038239
10.03 0.0650082 -0.0348692
10.035 0.0509158 -0.0314943
10.04 0.0368084 -0.0281145
10.045 0.0226868 -0.0247302
10.05 0.00855202 -0.0213414
10.055 -0.00559504 -0.0179484
10.06 -0.0197535 -0.0145515
10.065 -0.0339223 -0.0111508
10.07 -0.0481006 -0.00774656
10.075 -0.0622875 -0.00433903
10.08 -0.076482 -0.000928418
10.085 -0.0906831 0.00248505
10.09 -0.10489 0.00590115
10.095 -0.119102 0.00931965
10.1 -0.133317 0.0127403
10.105 -0.147535 0.016163
10.11 -0.161755 0.0195873
10.115 -0.175977 0.0230131
10.12 -0.190198 0.0264402
10.125 -0.204418 0.0298684
10.13 -0.218636 0.0332973
10.135 -0.232851 0.0367268
10.14 -0.247062 0.0401567
10.145 -0.261269 0.0435866
10.15 -0.27547 0.0470164
10.155 -0.289663 0.0504459
10.16 -0.30385 0.0538748
10.165 -0.318027 0.0573028
10.17 -0.332194 0.0607298
10.175 -0.346351 0.0641555
10.18 -0.360496 0.0675796
10.185 -0.374629 0.0710019
10.19 -0.388747 0.0744223
10.195 -0.402851 0.0778404
10.2 -0.41694 0.081256
10.205 -0.431012 0.0846689
10.21 -0.445066 0.0880789
10.215 -0.459101 0.0914856
10.22 -0.473117 0.0948889
10.225 -0.487112 0.0982886
10.23 -0.501086 0.101684
10.235 -0.515037 0.105076
10.24 -0.528965 0.108463
10.245 -0.542868 0.111846
10.25 -0.556745 0.115223
10.255 -0.570596 0.118596
10.26 -0.584419 0.121963
10.265 -0.598214 0.125325
10.27 -0.611979 0.12868
10.275 -0.625713 0.13203
10.28 -0.639416 0.135374
10.285 -0.653087 0.13871
10.29 -0.666724 0.14204
10.295 -0.680326 0.145363
10.3 -0.693893 0.148679
10.305 -0.707423 0.151987
10.31 -0.720916 0.155288
10.315 -0.73437 0.15858
10.32 -0.747785 0.161864
10.325 -0.76116 0.16514
10.33 -0.774492 0.168407
10.335 -0.787783 0.171665
10.34 -0.80103 0.174914
10.345 -0.814232 0.178154
10.35 -0.82739 0.181383
10.355 -0.8405 0.184603
10.36 -0.853564 0.187813
10.365 -0.866579 0.191012
10.37 -0.879544 0.194201
10.375 -0.89246 0.197378
10.38 -0.905324 0.200545
10.385 -0.918135 0.2037
10.39 -0.930894 0.206844
10.395 -0.943598 0.209976
10.4 -0.956247 0.213096
10.405 -0.96884 0.216203
10.41 -0.981376 0.219298
10.415 -0.993854 0.22238
10.42 -1.00627 0.22545
10.425 -1.01863 0.228506
10.43 -1.03093 0.231548
10.435 -1.04317 0.234577
10.44 -1.05534 0.237592
10.445 -1.06745 0.240593
10.45 -1.07949 0.243579
10.455 -1.09147 0.246551
10.46 -1.10338 0.249508
10.465 -1.11523 0.252449
10.47 -1.12701 0.255376
10.475 -1.13871 0.258287
10.48 -1.15035 0.261182
10.485 -1.16191 0.264061
10.49 -1.17341 0.266924
10.495 -1.18483 0.26977
10.5 -1.19617 0.2726
10.505 -1.20744 0.275413
10.51 -1.21864 0.278209
10.515 -1.22976 0.280987
10.52 -1.2408 0.283748
10.525 -1.25176 0.286491
10.53 -1.26265 0.289216
10.535 -1.27345 0.291923
10.54 -1.28417 0.294611
10.545 -1.29481 0.297281
10.55 -1.30537 0.299932
10.555 -1.31584 0.302564
10.56 -1.32623 0.305176
10.565 -1.33653 0.307769
10.57 -1.34675 0.310343
10.575 -1.35688 0.312896
10.58 -1.36692 0.315429
10.585 -1.37688 0.317942
10.59 -1.38674 0.320434
10.595 -1.39651 0.322906
10.6 -1.4062 0.325356
10.605 -1.41579 0.327786
10.61 -1.42528 0.330194
10.615 -1.43469 0.33258
10.62 -1.44399 0.334945
10.625 -1.45321 0.337287
10.63 -1.46232 0.339608
10.635 -1.47135 0.341906
10.64 -1.48027 0.344182
10.645 -1.48909 0.346435
10.65 -1.49782 0.348665
10.655 -1.50644 0.350871
10.66 -1.51497 0.353055
10.665 -1.52339 0.355215
10.67 -1.53171 0.357351
10.675 -1.53993 0.359463
10.68 -1.54804 0.361552
10.685 -1.55605 0.363616
10.69 -1.56396 0.365655
10.695 -1.57176 0.36767
10.7 -1.57945 0.369661
10.705 -1.58704 0.371626
10.71 -1.59451 0.373566
10.715 -1.60188 0.375481
10.72 -1.60914 0.37737
10.725 -1.61629 0.379234
10.73 -1.62333 0.381072
10.735 -1.63026 0.382884
10.74 -1.63708 0.38467
10.745 -1.64378 0.386429
10.75 -1.65037 0.388162
10.755 -1.65685 0.389869
10.76 -1.66322 0.391548
10.765 -1.66946 0.393201
10.77 -1.6756 0.394827
10.775 -1.68161 0.396425
10.78 -1.68751 0.397996
10.785 -1.6933 0.39954
10.79 -1.69896 0.401055
10.795 -1.70451 0.402543
10.8 -1.70994 0.404003
10.805 -1.71525 0.405435
10.81 -1.72043 0.406839
10.815 -1.7255 0.408214
10.82 -1.73045 0.40956
10.825 -1.73527 0.410878
10.83 -1.73998 0.412168
10.835 -1.74456 0.413428
10.84 -1.74902 0.414659
10.845 -1.75335 0.415861
10.85 -1.75756 0.417034
10.855 -1.76165 0.418177
10.86 -1.76561 0.419291
10.865 -1.76944 0.420375
10.87 -1.77315 0.42143
10.875 -1.77674 0.422454
10.88 -1.78019 0.423449
10.885 -1.78352 0.424413
10.89 -1.78673 0.425347
10.895 -1.7898 0.426251
10.9 -1.79275 0.427125
10.905 -1.79557 0.427968
10.91 -1.79826 0.42878
10.915 -1.80082 0.429562
10.92 -1.80325 0.430313
10.925 -1.80555 0.431033
10.93 -1.80772 0.431722
10.935 -1.80976 0.43238
10.94 -1.81167 0.433006
10.945 -1.81345 0.433602
10.95 -1.8151 0.434166
10.955 -1.81661 0.434699
10.96 -1.818 0.4352
10.965 -1.81925 0.43567
10.97 -1.82037 0.436109
10.975 -1.82135 0.436515
10.98 -1.82221 0.43689
10.985 -1.82293 0.437233
10.99 -1.82352 0.437544
10.995 -1.82397 0.437823
11 -1.82429 0.43807
11.005 -1.82448 0.438285
11.01 -1.82453 0.438469
11.015 -1.82445 0.438619
11.02 -1.82423 0.438738
11.025 -1.82388 0.438825
11.03 -1.82339 0.438879
11.035 -1.82277 0.438901
11.04 -1.82202 0.43889
11.045 -1.82113 0.438848
11.05 -1.82011 0.438772
11.055 -1.81895 0.438665
11.06 -1.81765 0.438524
11.065 -1.81622 0.438352
11.07 -1.81466 0.438147
11.075 -1.81296 0.437909
11.08 -1.81112 0.437638
11.085 -1.80915 0.437336
11.09 -1.80705 0.437
11.095 -1.80481 0.436632
11.1 -1.80243 0.436231
11.105 -1.79992 0.435798
11.11 -1.79727 0.435332
11.115 -1.79449 0.434834
11.12 -1.79158 0.434302
11.125 -1.78853 0.433739
11.13 -1.78534 0.433142
11.135 -1.78202 0.432513
11.14 -1.77856 0.431852
11.145 -1.77498 0.431158
11.15 -1.77125 0.430431
11.155 -1.76739 0.429672
11.16 -1.7634 0.42888
11.165 -1.75927 0.428056
11.17 -1.75502 0.4272
11.175 -1.75062 0.426311
11.18 -1.7461 0.42539
11.185 -1.74144 0.424436
11.19 -1.73664 0.42345
11.195 -1.73172 0.422432
11.2 -1.72666 0.421381
11.205 -1.72147 0.420299
11.21 -1.71615 0.419184
11.215 -1.71069 0.418037
11.22 -1.70511 0.416858
11.225 -1.69939 0.415648
11.23 -1.69355 0.414405
11.235 -1.68757 0.41313
11.24 -1.68146 0.411824
11.245 -1.67522 0.410486
11.25 -1.66886 0.409117
11.255 -1.66236 0.407715
11.26 -1.65573 0.406283
11.265 -1.64898 0.404819
11.27 -1.6421 0.403323
11.275 -1.63509 0.401797
11.28 -1.62796 0.400239
11.285 -1.62069 0.39865
11.29 -1.6133 0.39703
11.295 -1.60579 0.39538
11.3 -1.59815 0.393698
11.305 -1.59038 0.391986
11.31 -1.58249 0.390243
11.315 -1.57448 0.38847
11.32 -1.56634 0.386666
11.325 -1.55808 0.384832
11.33 -1.5497 0.382968
11.335 -1.54119 0.381074
11.34 -1.53257 0.37915
11.345 -1.52382 0.377196
11.35 -1.51495 0.375213
11.355 -1.50596 0.3732
11.36 -1.49686 0.371157
11.365 -1.48763 0.369085
11.37 -1.47829 0.366984
11.375 -1.46883 0.364854
11.38 -1.45925 0.362695
11.385 -1.44955 0.360508
11.39 -1.43975 0.358291
11.395 -1.42982 0.356047
11.4 -1.41978 0.353773
11.405 -1.40963 0.351472
11.41 -1.39937 0.349143
11.415 -1.38899 0.346786
11.42 -1.3785 0.344401
11.425 -1.3679 0.341988
11.43 -1.35719 0.339548
11.435 -1.34637 0.337081
11.44 -1.33545 0.334587
11.445 -1.32441 0.332066
11.45 -1.31327 0.329518
11.455 -1.30202 0.326944
11.46 -1.29067 0.324343
11.465 -1.27921 0.321716
11.47 -1.26765 0.319063
11.475 -1.25598 0.316384
11.48 -1.24421 0.313679
11.485 -1.23234 0.31095
11.49 -1.22037 0.308194
11.495 -1.2083 0.305414
11.5 -1.19613 0.302609
11.505 -1.18387 0.299779
11.51 -1.1715 0.296924
11.515 -1.15904 0.294046
11.52 -1.14649 0.291143
11.525 -1.13383 0.288216
11.53 -1.12109 0.285266
11.535 -1.10825 0.282292
11.54 -1.09532 0.279295
11.545 -1.0823 0.276275
11.55 -1.06919 0.273232
11.555 -1.056 0.270166
11.56 -1.04271 0.267079
11.565 -1.02933 0.263968
11.57 -1.01587 0.260836
11.575 -1.00233 0.257683
11.58 -0.988699 0.254507
11.585 -0.974987 0.251311
11.59 -0.961192 0.248093
11.595 -0.947316 0.244855
11.6 -0.93336 0.241596
11.605 -0.919325 0.238317
11.61 -0.905212 0.235018
11.615 -0.891022 0.231699
11.62 -0.876756 0.22836
11.625 -0.862415 0.225002
11.63 -0.848001 0.221625
11.635 -0.833513 0.21823
11.64 -0.818954 0.214815
11.645 -0.804325 0.211382
11.65 -0.789626 0.207931
11.655 -0.774858 0.204463
11.66 -0.760023 0.200977
11.665 -0.745123 0.197473
11.67 -0.730157 0.193953
11.675 -0.715127 0.190415
11.68 -0.700035 0.186861
11.685 -0.684881 0.183291
11.69 -0.669666 0.179705
11.695 -0.654393 0.176104
11.7 -0.639061 0.172487
11.705 -0.623672 0.168854
11.71 -0.608228 0.165207
11.715 -0.592729 0.161545
11.72 -0.577176 0.157869
11.725 -0.561572 0.154179
11.73 -0.545916 0.150476
11.735 -0.53021 0.146758
11.74 -0.514456 0.143028
11.745 -0.498655 0.139284
11.75 -0.482807 0.135529
11.755 -0.466915 0.13176
11.76 -0.450979 0.12798
11.765 -0.435 0.124188
11.77 -0.41898 0.120385
11.775 -0.40292 0.11657
11.78 -0.386822 0.112745
11.785 -0.370686 0.108909
11.79 -0.354514 0.105062
11.795 -0.338306 0.101206
11.8 -0.322066 0.0973403
11.805 -0.305793 0.0934651
11.81 -0.289488 0.0895809
11.815 -0.273154 0.0856879
11.82 -0.256792 0.0817865
11.825 -0.240402 0.077877
11.83 -0.223986 0.0739596
11.835 -0.207546 0.0700348
11.84 -0.191082 0.0661027
11.845 -0.174597 0.0621638
11.85 -0.15809 0.0582182
11.855 -0.141564 0.0542664
11.86 -0.12502 0.0503086
11.865 -0.10846 0.0463452
11.87 -0.0918833 0.0423765
11.875 -0.075293 0.0384028
11.88 -0.0586898 0.0344243
11.885 -0.0420752 0.0304415
11.89 -0.0254505 0.0264547
11.895 -0.00881694 0.0224641
11.9 0.00782407 0.01847
11.905 0.0244712 0.0144729
11.91 0.0411232 0.010473
11.915 0.0577785 0.00647065
11.92 0.074436 0.00246615
11.925 0.0910942 -0.00154015
11.93 0.107752 -0.00554795
11.935 0.124408 -0.00955692
11.94 0.14106 -0.0135667
11.945 0.157708 -0.017577
11.95 0.174349 -0.0215876
11.955 0.190984 -0.0255979
11.96 0.207609 -0.0296079
11.965 0.224225 -0.033617
11.97 0.240829 -0.037625
11.975 0.25742 -0.0416316
11.98 0.273998 -0.0456364
11.985 0.290559 -0.0496392
11.99 0.307104 -0.0536395
11.995 0.323631 -0.0576371
12 0.340138 -0.0616316
12.005 0.356624 -0.0656226
12.01 0.373087 -0.06961
12.015 0.389527 -0.0735933
12.02 0.405942 -0.0775722
12.025 0.422331 -0.0815464
12.03 0.438692 -0.0855156
12.035 0.455023 -0.0894794
12.04 0.471325 -0.0934375
12.045 0.487594 -0.0973895
12.05 0.503831 -0.101335
12.055 0.520032 -0.105274
12.06 0.536198 -0.109206
12.065 0.552327 -0.113131
12.07 0.568417 -0.117048
12.075 0.584467 -0.120957
12.08 0.600476 -0.124858
12.085 0.616442 -0.12875
12.09 0.632365 -0.132633
12.095 0.648242 -0.136507
12.1 0.664072 -0.140371
12.105 0.679855 -0.144225
12.11 0.695588 -0.148069
12.115 0.711271 -0.151903
12.12 0.726901 -0.155725
12.125 0.742478 -0.159536
12.13 0.758001 -0.163336
12.135 0.773468 -0.167124
12.14 0.788878 -0.1709
12.145 0.804229 -0.174663
12.15 0.81952 -0.178413
12.155 0.83475 -0.18215
12.16 0.849918 -0.185874
12.165 0.865022 -0.189584
12.17 0.88006 -0.19328
12.175 0.895033 -0.196961
12.18 0.909938 -0.200628
12.185 0.924774 -0.204279
12.19 0.93954 -0.207915
12.195 0.954234 -0.211536
12.2 0.968856 -0.21514
12.205 0.983404 -0.218729
12.21 0.997876 -0.2223
12.215 1.01227 -0.225855
12.22 1.02659 -0.229393
12.225 1.04083 -0.232913
12.23 1.05499 -0.236415
12.235 1.06907 -0.239899
12.24 1.08306 -0.243365
12.245 1.09697 -0.246811
12.25 1.1108 -0.250239
12.255 1.12454 -0.253648
12.26 1.13819 -0.257037
12.265 1.15176 -0.260406
12.27 1.16523 -0.263755
12.275 1.17861 -0.267083
12.28 1.1919 -0.27039
12.285 1.2051 -0.273677
12.29 1.2182 -0.276942
12.295 1.23121 -0.280185
12.3 1.24412 -0.283407
12.305 1.25693 -0.286606
12.31 1.26964 -0.289783
12.315 1.28226 -0.292937
12.32 1.29477 -0.296067
12.325 1.30718 -0.299175
12.33 1.31948 -0.302259
12.335 1.33168 -0.305319
12.34 1.34378 -0.308354
12.345 1.35576 -0.311366
12.35 1.36764 -0.314353
12.355 1.37941 -0.317314
12.36 1.39107 -0.320251
12.365 1.40262 -0.323162
12.37 1.41406 -0.326047
12.375 1.42538 -0.328906
12.38 1.43659 -0.331739
12.385 1.44769 -0.334545
12.39 1.45866 -0.337325
12.395 1.46952 -0.340077
12.4 1.48027 -0.342802
12.405 1.49089 -0.3455
12.41 1.50139 -0.34817
12.415 1.51177 -0.350812
12.42 1.52203 -0.353425
12.425 1.53217 -0.35601
12.43 1.54218 -0.358567
12.435 1.55207 -0.361094
12.44 1.56183 -0.363592
12.445 1.57147 -0.366061
12.45 1.58097 -0.3685
12.455 1.59035 -0.370909
12.46 1.5996 -0.373289
12.465 1.60872 -0.375637
12.47 1.61771 -0.377955
12.475 1.62656 -0.380243
12.48 1.63529 -0.382499
12.485 1.64387 -0.384725
12.49 1.65233 -0.386919
12.495 1.66065 -0.389081
12.5 1.66883 -0.391211
12.505 1.67688 -0.39331
12.51 1.68479 -0.395376
12.515 1.69256 -0.39741
12.52 1.70019 -0.399411
12.525 1.70768 -0.40138
12.53 1.71503 -0.403315
12.535 1.72224 -0.405217
12.54 1.72931 -0.407086
12.545 1.73623 -0.408922
12.55 1.74302 -0.410724
12.555 1.74965 -0.412492
12.56 1.75615 -0.414225
12.565 1.76249 -0.415925
12.57 1.7687 -0.41759
12.575 1.77475 -0.419221
12.58 1.78066 -0.420817
12.585 1.78642 -0.422378
12.59 1.79203 -0.423904
12.595 1.79749 -0.425395
12.6 1.80281 -0.426851
12.605 1.80797 -0.428271
12.61 1.81298 -0.429656
12.615 1.81784 -0.431005
12.62 1.82255 -0.432317
12.625 1.82711 -0.433594
12.63 1.83151 -0.434835
12.635 1.83577 -0.43604
12.64 1.83986 -0.437208
12.645 1.84381 -0.438339
12.65 1.8476 -0.439434
12.655 1.85123 -0.440492
12.66 1.85471 -0.441513
12.665 1.85804 -0.442498
12.67 1.86121 -0.443445
12.675 1.86422 -0.444355
12.68 1.86707 -0.445227
12.685 1.86977 -0.446062
12.69 1.87231 -0.44686
12.695 1.87469 -0.44762
12.7 1.87692 -0.448343
12.705 1.87898 -0.449027
12.71 1.88089 -0.449674
12.715 1.88264 -0.450283
12.72 1.88423 -0.450854
12.725 1.88566 -0.451387
12.73 1.88693 -0.451881
12.735 1.88804 -0.452338
12.74 1.88899 -0.452756
12.745 1.88978 -0.453136
12.75 1.89041 -0.453477
12.755 1.89088 -0.45378
12.76 1.89119 -0.454045
12.765 1.89134 -0.454271
12.77 1.89133 -0.454458
12.775 1.89115 -0.454607
12.78 1.89082 -0.454717
12.785 1.89032 -0.454789
12.79 1.88967 -0.454822
12.795 1.88885 -0.454816
12.8 1.88787 -0.454771
12.805 1.88673 -0.454687
12.81 1.88542 -0.454565
12.815 1.88396 -0.454404
12.82 1.88234 -0.454203
12.825 1.88055 -0.453965
12.83 1.8786 -0.453687
12.835 1.8765 -0.45337
12.84 1.87423 -0.453015
12.845 1.8718 -0.452621
12.85 1.86921 -0.452188
12.855 1.86646 -0.451716
12.86 1.86354 -0.451205
12.865 1.86047 -0.450656
12.87 1.85724 -0.450067
12.875 1.85385 -0.44944
12.88 1.85029 -0.448775
12.885 1.84658 -0.448071
12.89 1.84271 -0.447328
12.895 1.83868 -0.446546
12.9 1.83449 -0.445726
12.905 1.83014 -0.444868
12.91 1.82564 -0.443971
12.915 1.82097 -0.443036
12.92 1.81615 -0.442062
12.925 1.81117 -0.44105
12.93 1.80604 -0.44
12.935 1.80074 -0.438912
12.94 1.79529 -0.437786
12.945 1.78969 -0.436622
12.95 1.78393 -0.43542
12.955 1.77801 -0.43418
12.96 1.77194 -0.432902
12.965 1.76571 -0.431587
12.97 1.75933 -0.430234
12.975 1.7528 -0.428844
12.98 1.74611 -0.427416
12.985 1.73928 -0.425951
12.99 1.73229 -0.424449
12.995 1.72514 -0.42291
13 1.71785 -0.421334
13.005 1.71041 -0.419721
13.01 1.70282 -0.418072
13.015 1.69508 -0.416386
13.02 1.68718 -0.414663
13.025 1.67915 -0.412904
13.03 1.67096 -0.411109
13.035 1.66263 -0.409278
13.04 1.65415 -0.407411
13.045 1.64552 -0.405508
13.05 1.63676 -0.40357
13.055 1.62784 -0.401596
13.06 1.61878 -0.399587
13.065 1.60959 -0.397542
13.07 1.60024 -0.395463
13.075 1.59076 -0.393349
13.08 1.58114 -0.3912
13.085 1.57137 -0.389016
13.09 1.56147 -0.386798
13.095 1.55143 -0.384546
13.1 1.54125 -0.38226
13.105 1.53094 -0.379941
13.11 1.52049 -0.377587
13.115 1.5099 -0.3752
13.12 1.49918 -0.37278
13.125 1.48833 -0.370327
13.13 1.47735 -0.367841
13.135 1.46623 -0.365322
13.14 1.45498 -0.362771
13.145 1.44361 -0.360187
13.15 1.4321 -0.357571
13.155 1.42047 -0.354924
13.16 1.40871 -0.352245
13.165 1.39682 -0.349534
13.17 1.38481 -0.346793
13.175 1.37267 -0.34402
13.18 1.36041 -0.341217
13.185 1.34803 -0.338383
13.19 1.33553 -0.335519
13.195 1.32291 -0.332624
13.2 1.31017 -0.3297
13.205 1.29731 -0.326747
13.21 1.28434 -0.323764
13.215 1.27125 -0.320752
13.22 1.25804 -0.317711
13.225 1.24473 -0.314641
13.23 1.2313 -0.311544
13.235 1.21775 -0.308418
13.24 1.2041 -0.305264
13.245 1.19034 -0.302083
13.25 1.17647 -0.298874
13.255 1.1625 -0.295639
13.26 1.14841 -0.292376
13.265 1.13423 -0.289088
13.27 1.11994 -0.285773
13.275 1.10555 -0.282432
13.28 1.09106 -0.279065
13.285 1.07647 -0.275673
13.29 1.06178 -0.272256
13.295 1.04699 -0.268814
13.3 1.03211 -0.265348
13.305 1.01713 -0.261858
13.31 1.00206 -0.258343
13.315 0.986901 -0.254805
13.32 0.971649 -0.251244
13.325 0.956307 -0.24766
13.33 0.940877 -0.244053
13.335 0.92536 -0.240423
13.34 0.909758 -0.236772
13.345 0.894072 -0.233098
13.35 0.878303 -0.229404
13.355 0.862452 -0.225688
13.36 0.846522 -0.221951
13.365 0.830513 -0.218194
13.37 0.814426 -0.214416
13.375 0.798264 -0.210619
13.38 0.782027 -0.206802
13.385 0.765717 -0.202966
13.39 0.749335 -0.199111
13.395 0.732883 -0.195237
13.4 0.716362 -0.191345
13.405 0.699773 -0.187436
13.41 0.683119 -0.183508
13.415 0.6664 -0.179564
13.42 0.649617 -0.175603
13.425 0.632773 -0.171625
13.43 0.615869 -0.167631
13.435 0.598906 -0.163621
13.44 0.581886 -0.159596
13.445 0.56481 -0.155555
13.45 0.54768 -0.1515
13.455 0.530497 -0.14743
13.46 0.513262 -0.143347
13.465 0.495978 -0.139249
13.47 0.478645 -0.135138
13.475 0.461266 -0.131014
13.48 0.443841 -0.126878
13.485 0.426373 -0.122729
13.49 0.408863 -0.118568
13.495 0.391311 -0.114396
13.5 0.373721 -0.110213
13.505 0.356093 -0.106018
13.51 0.338429 -0.101814
13.515 0.320731 -0.0975987
13.52 0.303035 -0.0933826
