0 -0 -0
0.08 -8.55388e-07 1.24431e-10
0.16 -2.04433e-05 9.43609e-09
0.12 -6.22942e-06 1.92132e-09
0.1 -2.60327e-06 5.90205e-10
0.12 -6.46647e-06 2.10499e-09
0.14 -1.39541e-05 6.1681e-09
0.16 -2.71599e-05 1.565e-08
0.18 -4.88524e-05 3.55694e-08
0.2 -8.2563e-05 7.41164e-08
0.22 -0.00013267 1.43952e-07
0.24 -0.000204478 2.63812e-07
0.26 -0.000304294 4.60444e-07
0.28 -0.000439502 7.70895e-07
0.3 -0.000618622 1.24519e-06
0.32 -0.000851376 1.94939e-06
0.34 -0.00114874 2.96907e-06
0.36 -0.00152301 4.41327e-06
0.38 -0.0019878 6.41878e-06
0.4 -0.00255814 9.15499e-06
0.42 -0.00325044 1.28291e-05
0.44 -0.00408257 1.7692e-05
0.46 -0.00507385 2.4044e-05
0.48 -0.00624504 3.2242e-05
0.5 -0.00761836 4.27062e-05
0.52 -0.0092175 5.59274e-05
0.54 -0.0110676 7.24754e-05
0.56 -0.0131951 9.3007e-05
0.58 -0.0156279 0.000118274
0.6 -0.0183953 0.000149134
0.62 -0.0215278 0.000186558
0.64 -0.0250572 0.00023164
0.66 -0.0290163 0.000285607
0.68 -0.0334393 0.000349831
0.7 -0.0383611 0.000425835
0.72 -0.0438179 0.000515309
0.74 -0.0498463 0.000620115
0.76 -0.056484 0.000742298
0.78 -0.0637693 0.000884102
0.8 -0.0717407 0.00104797
0.82 -0.0804375 0.00123657
0.84 -0.0898991 0.00145279
0.86 -0.100165 0.00169974
0.88 -0.111275 0.00198079
0.9 -0.123268 0.00229956
0.92 -0.136183 0.00265993
0.94 -0.150059 0.00306604
0.96 -0.164934 0.00352232
0.98 -0.180846 0.00403347
1 -0.19783 0.00460448
1.02 -0.215923 0.00524064
1.04 -0.235158 0.00594754
1.06 -0.255567 0.00673104
1.08 -0.277182 0.00759734
1.1 -0.300032 0.00855293
1.12 -0.324145 0.00960459
1.14 -0.349546 0.0107594
1.16 -0.376257 0.0120248
1.18 -0.404299 0.0134084
1.2 -0.433691 0.0149183
1.22 -0.464448 0.0165626
1.24 -0.496581 0.0183499
1.26 -0.5301 0.020289
1.28 -0.565012 0.0223889
1.3 -0.601319 0.024659
1.32 -0.63902 0.0271088
1.34 -0.67811 0.0297479
1.36 -0.718583 0.0325864
1.38 -0.760425 0.0356342
1.4 -0.803621 0.0389017
1.42 -0.84815 0.0423993
1.44 -0.893989 0.0461373
1.46 -0.94111 0.0501264
1.48 -0.989478 0.0543773
1.5 -1.03906 0.0589005
1.52 -1.08981 0.0637066
1.54 -1.14168 0.0688063
1.56 -1.19463 0.0742102
1.58 -1.24859 0.0799285
1.6 -1.30352 0.0859717
1.62 -1.35933 0.0923497
1.64 -1.41598 0.0990724
1.66 -1.47337 0.10615
1.68 -1.53144 0.11359
1.7 -1.5901 0.121404
1.72 -1.64927 0.129598
1.74 -1.70885 0.138182
1.76 -1.76876 0.147163
1.78 -1.82888 0.156548
1.8 -1.88913 0.166344
1.82 -1.94938 0.176556
1.84 -2.00954 0.18719
1.86 -2.06948 0.198251
1.88 -2.12909 0.209742
1.9 -2.18825 0.221666
1.92 -2.24684 0.234026
1.94 -2.30472 0.246822
1.96 -2.36177 0.260055
1.98 -2.41786 0.273725
2 -2.47285 0.287829
2.02 -2.52661 0.302365
2.04 -2.57899 0.317329
2.06 -2.62987 0.332716
2.08 -2.67909 0.348519
2.1 -2.72653 0.364731
2.12 -2.77203 0.381343
2.14 -2.81545 0.398345
2.16 -2.85665 0.415725
2.18 -2.8955 0.433471
2.2 -2.93183 0.451568
2.22 -2.96553 0.470001
2.24 -2.99644 0.488752
2.26 -3.02443 0.507803
2.28 -3.04936 0.527133
2.3 -3.07109 0.546721
2.32 -3.0895 0.566544
2.34 -3.10445 0.586577
2.36 -3.11582 0.606793
2.38 -3.12349 0.627165
2.4 -3.12733 0.647663
2.42 -3.12722 0.668256
2.44 -3.12307 0.688913
2.46 -3.11476 0.709598
2.48 -3.10218 0.730277
2.5 -3.08525 0.750912
2.52 -3.06388 0.771466
2.54 -3.03797 0.791897
2.56 -3.00744 0.812166
2.58 -2.97223 0.832228
2.6 -2.93227 0.852042
2.62 -2.8875 0.871561
2.64 -2.83787 0.890738
2.66 -2.78333 0.909527
2.68 -2.72385 0.92788
2.7 -2.6594 0.945745
2.72 -2.58995 0.963073
2.74 -2.5155 0.979813
2.76 -2.43603 0.995911
2.78 -2.35157 1.01132
2.8 -2.26211 1.02597
2.82 -2.16768 1.03983
2.84 -2.06832 1.05283
2.86 -1.96406 1.06492
2.88 -1.85495 1.07604
2.9 -1.74106 1.08615
2.92 -1.62245 1.09517
2.94 -1.49921 1.10307
2.96 -1.37142 1.10978
2.98 -1.23918 1.11526
3 -1.1026 1.11944
3.02 -0.961802 1.12227
3.04 -0.816907 1.12371
3.06 -0.668057 1.1237
3.08 -0.515397 1.12219
3.1 -0.359085 1.11913
3.12 -0.199287 1.11448
3.14 -0.0361781 1.10818
3.16 0.130057 1.10021
3.18 0.299224 1.0905
3.2 0.471122 1.07903
3.22 0.645538 1.06576
3.24 0.822255 1.05064
3.26 1.00104 1.03365
3.28 1.18167 1.01476
3.3 1.36389 0.99394
3.32 1.54746 0.971162
3.34 1.73212 0.946407
3.36 1.9176 0.919657
3.38 2.10363 0.890897
3.4 2.28995 0.860116
3.42 2.47627 0.827306
3.44 2.66231 0.792463
3.46 2.84778 0.755588
3.48 3.03238 0.716684
3.5 3.21582 0.67576
3.52 3.3978 0.632828
3.54 3.57802 0.587905
3.56 3.75618 0.541012
3.58 3.93198 0.492174
3.6 4.1051 0.441421
3.62 4.27524 0.388789
3.64 4.44211 0.334317
3.66 4.6054 0.278048
3.68 4.7648 0.220031
3.7 4.92003 0.16032
3.72 5.07079 0.0989715
3.74 5.21678 0.0360491
3.76 5.35772 -0.0283801
3.78 5.49333 -0.0942445
3.8 5.62334 -0.161468
3.82 5.74747 -0.229969
3.84 5.86547 -0.299664
3.86 5.97708 -0.370461
3.88 6.08204 -0.442269
3.9 6.18014 -0.51499
3.92 6.27112 -0.588521
3.94 6.35479 -0.662758
3.96 6.43093 -0.737592
3.98 6.49933 -0.81291
4 6.55983 -0.888596
4.02 6.61223 -0.964533
4.04 6.65639 -1.0406
4.06 6.69215 -1.11667
4.08 6.71936 -1.19262
4.1 6.73793 -1.26831
4.12 6.74772 -1.34363
4.14 6.74865 -1.41843
4.16 6.74063 -1.49258
4.18 6.72361 -1.56595
4.2 6.69752 -1.6384
4.22 6.66233 -1.7098
4.24 6.61803 -1.78
4.26 6.5646 -1.84888
4.28 6.50205 -1.91628
4.3 6.43041 -1.98209
4.32 6.34972 -2.04616
4.34 6.26004 -2.10836
4.36 6.16143 -2.16856
4.38 6.05398 -2.22663
4.4 5.93779 -2.28243
4.42 5.81298 -2.33584
4.44 5.67968 -2.38674
4.46 5.53804 -2.435
4.48 5.38822 -2.48052
4.5 5.23039 -2.52317
4.52 5.06474 -2.56285
4.54 4.89148 -2.59944
4.56 4.71083 -2.63285
4.58 4.52301 -2.66298
4.6 4.32827 -2.68974
4.62 4.12687 -2.71304
4.64 3.91906 -2.7328
4.66 3.70514 -2.74894
4.68 3.48539 -2.7614
4.7 3.26011 -2.7701
4.72 3.02962 -2.77499
4.74 2.79422 -2.77603
4.76 2.55426 -2.77315
4.78 2.31008 -2.76634
4.8 2.06201 -2.75554
4.82 1.81041 -2.74075
4.84 1.55564 -2.72193
4.86 1.29807 -2.69909
4.88 1.03808 -2.67221
4.9 0.776028 -2.6413
4.92 0.512311 -2.60637
4.94 0.247311 -2.56745
4.96 -0.018581 -2.52454
4.98 -0.284974 -2.4777
5 -0.551473 -2.42695
5.02 -0.817682 -2.37234
5.04 -1.0832 -2.31394
5.06 -1.34764 -2.25179
5.08 -1.6106 -2.18598
5.1 -1.87168 -2.11657
5.12 -2.13049 -2.04365
5.14 -2.38664 -1.9673
5.16 -2.63974 -1.88763
5.18 -2.88939 -1.80473
5.2 -3.13523 -1.71871
5.22 -3.37687 -1.62969
5.24 -3.61395 -1.53779
5.26 -3.84608 -1.44314
5.28 -4.07292 -1.34586
5.3 -4.29412 -1.2461
5.32 -4.50932 -1.14399
5.34 -4.71818 -1.03969
5.36 -4.92039 -0.933343
5.38 -5.11562 -0.825107
5.4 -5.30355 -0.715142
5.42 -5.48389 -0.603614
5.44 -5.65636 -0.49069
5.46 -5.82066 -0.37654
5.48 -5.97654 -0.261338
5.5 -6.12373 -0.145261
5.52 -6.262 -0.0284883
5.54 -6.39112 0.0887996
5.56 -6.51086 0.20642
5.58 -6.62103 0.324188
5.6 -6.72143 0.441918
5.62 -6.81189 0.559426
5.64 -6.89226 0.676522
5.66 -6.96237 0.793022
5.68 -7.02212 0.908737
5.7 -7.07137 1.02348
5.72 -7.11003 1.13707
5.74 -7.13801 1.24932
5.76 -7.15526 1.36004
5.78 -7.16171 1.46906
5.8 -7.15733 1.5762
5.82 -7.14211 1.68127
5.84 -7.11604 1.78411
5.86 -7.07914 1.88454
5.88 -7.03143 1.9824
5.9 -6.97297 2.07752
5.92 -6.90382 2.16973
5.94 -6.82407 2.25889
5.96 -6.73381 2.34484
5.98 -6.63315 2.42744
6 -6.52223 2.50653
6.02 -6.40119 2.58198
6.04 -6.27021 2.65367
6.06 -6.12945 2.72146
6.08 -5.97911 2.78524
6.1 -5.81941 2.84488
6.12 -5.65057 2.90028
6.14 -5.47283 2.95135
6.16 -5.28644 2.99797
6.18 -5.09168 3.04008
6.2 -4.88884 3.07758
6.22 -4.6782 3.1104
6.24 -4.46007 3.13847
6.26 -4.23479 3.16174
6.28 -4.00269 3.18016
6.3 -3.7641 3.19367
6.32 -3.5194 3.20225
6.34 -3.26895 3.20587
6.36 -3.01313 3.2045
6.38 -2.75233 3.19814
6.4 -2.48695 3.18678
6.42 -2.21738 3.17042
6.44 -1.94406 3.14908
6.46 -1.66739 3.12278
6.48 -1.38781 3.09154
6.5 -1.10574 3.05541
6.52 -0.821641 3.01442
6.54 -0.53594 2.96864
6.56 -0.249088 2.91812
6.58 0.0384623 2.86293
6.6 0.32626 2.80314
6.62 0.613849 2.73885
6.64 0.900775 2.67013
6.66 1.18658 2.5971
6.68 1.47081 2.51986
6.7 1.75301 2.43852
6.72 2.03273 2.3532
6.74 2.30952 2.26404
6.76 2.58293 2.17116
6.78 2.85252 2.0747
6.8 3.11785 1.97482
6.82 3.3785 1.87166
6.84 3.63403 1.76539
6.86 3.88403 1.65617
6.88 4.12808 1.54417
6.9 4.3658 1.42955
6.92 4.59677 1.31252
6.94 4.82063 1.19323
6.96 5.03699 1.0719
6.98 5.2455 0.948696
7 5.44581 0.823827
7.02 5.63758 0.697489
7.04 5.82048 0.569884
7.06 5.99421 0.441215
7.08 6.15847 0.31169
7.1 6.31297 0.181517
7.12 6.45745 0.0509067
7.14 6.59167 -0.0799304
7.16 6.71537 -0.210781
7.18 6.82835 -0.341433
7.2 6.93041 -0.471673
7.22 7.02136 -0.601288
7.24 7.10103 -0.730065
7.26 7.16927 -0.857793
7.28 7.22596 -0.984261
7.3 7.27099 -1.10926
7.32 7.30425 -1.23258
7.34 7.32569 -1.35403
7.36 7.33523 -1.47339
7.38 7.33286 -1.59047
7.4 7.31855 -1.70507
7.42 7.29231 -1.817
7.44 7.25417 -1.92607
7.46 7.20416 -2.0321
7.48 7.14235 -2.13491
7.5 7.06882 -2.23433
7.52 6.98368 -2.33018
7.54 6.88705 -2.4223
7.56 6.77906 -2.51054
7.58 6.65989 -2.59474
7.6 6.5297 -2.67475
7.62 6.3887 -2.75044
7.64 6.23711 -2.82168
7.66 6.07515 -2.88834
7.68 5.90308 -2.95031
7.7 5.72118 -3.00747
7.72 5.52971 -3.05972
7.74 5.329 -3.10697
7.76 5.11936 -3.14914
7.78 4.90112 -3.18614
7.8 4.67463 -3.2179
7.82 4.44025 -3.24438
7.84 4.19837 -3.2655
7.86 3.94938 -3.28124
7.88 3.69367 -3.29156
7.9 3.43167 -3.29643
7.92 3.1638 -3.29584
7.94 2.8905 -3.28978
7.96 2.61222 -3.27825
7.98 2.32942 -3.26127
8 2.04256 -3.23885
8.02 1.75211 -3.21103
8.04 1.45856 -3.17784
8.06 1.16238 -3.13934
8.08 0.864085 -3.09558
8.1 0.564154 -3.04663
8.12 0.263093 -2.99256
8.14 -0.0385966 -2.93346
8.16 -0.34041 -2.86941
8.18 -0.641841 -2.80053
8.2 -0.942383 -2.72691
8.22 -1.24153 -2.64869
8.24 -1.53878 -2.56598
8.26 -1.83363 -2.47891
8.28 -2.12559 -2.38764
8.3 -2.41415 -2.2923
8.32 -2.69882 -2.19305
8.34 -2.97913 -2.09006
8.36 -3.2546 -1.98349
8.38 -3.52475 -1.87352
8.4 -3.78913 -1.76034
8.42 -4.04728 -1.64412
8.44 -4.29876 -1.52507
8.46 -4.54313 -1.40337
8.48 -4.77998 -1.27924
8.5 -5.0089 -1.15288
8.52 -5.22948 -1.0245
8.54 -5.44135 -0.894312
8.56 -5.64414 -0.762543
8.58 -5.8375 -0.62941
8.6 -6.02109 -0.495139
8.62 -6.19458 -0.359956
8.64 -6.35767 -0.224089
8.66 -6.51007 -0.0877693
8.68 -6.65152 0.048773
8.7 -6.78175 0.185305
8.72 -6.90055 0.321596
8.74 -7.00769 0.457412
8.76 -7.10297 0.592522
8.78 -7.18624 0.726694
8.8 -7.25732 0.8597
8.82 -7.31609 0.991312
8.84 -7.36244 1.1213
8.86 -7.39627 1.24945
8.88 -7.41752 1.37553
8.9 -7.42613 1.49933
8.92 -7.42208 1.62063
8.94 -7.40537 1.73923
8.96 -7.376 1.85492
8.98 -7.33403 1.96749
9 -7.2795 2.07675
9.02 -7.2125 2.18252
9.04 -7.13313 2.28461
9.06 -7.04152 2.38283
9.08 -6.93782 2.47702
9.1 -6.82219 2.56701
9.12 -6.69481 2.65264
9.14 -6.55591 2.73377
9.16 -6.40569 2.81024
9.18 -6.24442 2.88193
9.2 -6.07236 2.9487
9.22 -5.8898 3.01044
9.24 -5.69704 3.06703
9.26 -5.49441 3.11838
9.28 -5.28224 3.16439
9.3 -5.06089 3.20497
9.32 -4.83074 3.24006
9.34 -4.59218 3.26958
9.36 -4.34561 3.29348
9.38 -4.09144 3.31172
9.4 -3.83012 3.32426
9.42 -3.56209 3.33107
9.44 -3.2878 3.33214
9.46 -3.00773 3.32746
9.48 -2.72235 3.31703
9.5 -2.43216 3.30086
9.52 -2.13764 3.27899
9.54 -1.83932 3.25144
9.56 -1.5377 3.21825
9.58 -1.23329 3.17949
9.6 -0.92664 3.1352
9.62 -0.618263 3.08547
9.64 -0.308697 3.03038
9.66 0.00152199 2.97002
9.68 0.311856 2.90448
9.7 0.621767 2.83389
9.72 0.930715 2.75835
9.74 1.23816 2.678
9.76 1.54358 2.59297
9.78 1.84642 2.5034
9.8 2.14617 2.40945
9.82 2.4423 2.31128
9.84 2.73428 2.20906
9.86 3.02162 2.10296
9.88 3.30381 1.99316
9.9 3.58034 1.87986
9.92 3.85074 1.76324
9.94 4.11453 1.64351
9.96 4.37124 1.52087
9.98 4.62043 1.39555
10 4.86164 1.26774
10.02 5.09446 1.13768
10.04 5.31847 1.00559
10.06 5.53328 0.871704
10.08 5.7385 0.736248
10.1 5.93377 0.599462
10.12 6.11873 0.461582
10.14 6.29307 0.32285
10.16 6.45646 0.183508
10.18 6.60862 0.0437989
10.2 6.74927 -0.0960321
10.22 6.87815 -0.235741
10.24 6.99504 -0.375081
10.26 7.09972 -0.51381
10.28 7.19199 -0.651684
10.3 7.2717 -0.788459
10.32 7.33869 -0.923895
10.34 7.39283 -1.05775
10.36 7.43403 -1.1898
10.38 7.46219 -1.3198
10.4 7.47728 -1.44753
10.42 7.47924 -1.57275
10.44 7.46808 -1.69525
10.46 7.44379 -1.81481
10.48 7.40642 -1.93122
10.5 7.35603 -2.04426
10.52 7.29269 -2.15375
10.54 7.2165 -2.25949
10.56 7.12761 -2.36128
10.58 7.02614 -2.45894
10.6 6.91228 -2.55231
10.62 6.78622 -2.64121
10.64 6.64818 -2.72549
10.66 6.49838 -2.80499
10.68 6.3371 -2.87957
10.7 6.16459 -2.9491
10.72 5.98118 -3.01344
10.74 5.78716 -3.0725
10.76 5.58289 -3.12614
10.78 5.3687 -3.17429
10.8 5.14498 -3.21685
10.82 4.91212 -3.25374
10.84 4.67053 -3.2849
10.86 4.42061 -3.31026
10.88 4.16282 -3.32978
10.9 3.89761 -3.34342
10.92 3.62543 -3.35116
10.94 3.34677 -3.35297
10.96 3.06212 -3.34885
10.98 2.77198 -3.33881
11 2.47685 -3.32286
11.02 2.17727 -3.30102
11.04 1.87375 -3.27333
11.06 1.56684 -3.23983
11.08 1.25707 -3.20059
11.1 0.945001 -3.15567
11.12 0.631175 -3.10515
11.14 0.316151 -3.0491
11.16 0.000488429 -2.98764
11.18 -0.315254 -2.92086
11.2 -0.630515 -2.84888
11.22 -0.944734 -2.77184
11.24 -1.25735 -2.68985
11.26 -1.56782 -2.60306
11.28 -1.87557 -2.51164
11.3 -2.18007 -2.41573
11.32 -2.48077 -2.3155
11.34 -2.77713 -2.21114
11.36 -3.06862 -2.10282
11.38 -3.35473 -1.99074
11.4 -3.63494 -1.87509
11.42 -3.90875 -1.75608
11.44 -4.17567 -1.63392
11.46 -4.43522 -1.50882
11.48 -4.68693 -1.381
11.5 -4.93036 -1.2507
11.52 -5.16506 -1.11814
11.54 -5.39062 -0.983563
11.56 -5.60662 -0.847201
11.58 -5.81268 -0.709298
11.6 -6.00843 -0.5701
11.62 -6.19351 -0.429854
11.64 -6.36759 -0.288811
11.66 -6.53034 -0.147223
11.68 -6.68149 -0.00533989
11.7 -6.82074 0.136583
11.72 -6.94785 0.278293
11.74 -7.06259 0.419537
11.76 -7.16474 0.560062
11.78 -7.25412 0.699617
11.8 -7.33055 0.837952
11.82 -7.39391 0.974819
11.84 -7.44407 1.10997
11.86 -7.48093 1.24317
11.88 -7.50443 1.37417
11.9 -7.51451 1.50275
11.92 -7.51116 1.62866
11.94 -7.49437 1.75168
11.96 -7.46416 1.8716
11.98 -7.4206 1.98819
12 -7.36374 2.10125
12.02 -7.29368 2.21056
12.04 -7.21055 2.31594
12.06 -7.11449 2.4172
12.08 -7.00567 2.51414
12.1 -6.88427 2.6066
12.12 -6.75052 2.6944
12.14 -6.60463 2.77739
12.16 -6.44688 2.85542
12.18 -6.27754 2.92835
12.2 -6.0969 2.99603
12.22 -5.90529 3.05836
12.24 -5.70306 3.11521
12.26 -5.49055 3.16648
12.28 -5.26814 3.21208
12.3 -5.03624 3.25191
12.32 -4.79524 3.28592
12.34 -4.5456 3.31404
12.36 -4.28774 3.3362
12.38 -4.02213 3.35238
12.4 -3.74924 3.36253
12.42 -3.46957 3.36665
12.44 -3.18361 3.36471
12.46 -2.89187 3.35672
12.48 -2.59488 3.3427
12.5 -2.29318 3.32266
12.52 -1.98729 3.29664
12.54 -1.67777 3.26469
12.56 -1.36518 3.22685
12.58 -1.05007 3.18321
12.6 -0.733023 3.13382
12.62 -0.414597 3.07878
12.64 -0.0953702 3.01819
12.66 0.224084 2.95216
12.68 0.54319 2.88079
12.7 0.861372 2.80422
12.72 1.17806 2.72259
12.74 1.49267 2.63603
12.76 1.80465 2.54471
12.78 2.11343 2.44878
12.8 2.41844 2.34843
12.82 2.71915 2.24382
12.84 3.015 2.13515
12.86 3.30547 2.0226
12.88 3.59001 1.90639
12.9 3.86813 1.78672
12.92 4.1393 1.66381
12.94 4.40305 1.53787
12.96 4.6589 1.40913
12.98 4.90637 1.27783
13 5.14501 1.1442
13.02 5.37441 1.00848
13.04 5.59413 0.870918
13.06 5.80377 0.73176
13.08 6.00296 0.591257
13.1 6.19133 0.449664
13.12 6.36854 0.307236
13.14 6.53426 0.164229
13.16 6.68819 0.0209042
13.18 6.83004 -0.122481
13.2 6.95957 -0.265667
13.22 7.07652 -0.408394
13.24 7.18068 -0.550403
13.26 7.27186 -0.691439
13.28 7.3499 -0.831244
13.3 7.41464 -0.969565
13.32 7.46596 -1.10615
13.34 7.50378 -1.24075
13.36 7.52801 -1.37313
13.38 7.5386 -1.50304
13.4 7.53554 -1.63025
13.42 7.51883 -1.75451
13.44 7.48848 -1.87562
13.46 7.44456 -1.99335
13.48 7.38714 -2.10748
13.5 7.31632 -2.21781
13.52 7.23227 -2.32407
