0 -0 -0
0.08 -9.60996e-39 3.68888e-43
0.16 -7.49998e-35 2.42967e-39
0.12 -6.26325e-36 2.33627e-40
0.1 -5.97986e-37 2.62578e-41
0.09 -9.78609e-38 4.46248e-42
0.085 -3.22428e-38 1.39237e-42
0.09 -1.00973e-37 4.88125e-42
0.095 -2.97356e-37 1.59911e-41
0.1 -8.28646e-37 4.92891e-41
0.105 -2.19687e-36 1.43791e-40
0.11 -5.56657e-36 3.9907e-40
0.115 -1.35349e-35 1.05835e-39
0.12 -3.16902e-35 2.69253e-39
0.125 -7.16693e-35 6.59352e-39
0.13 -1.56984e-34 1.55885e-38
0.135 -3.33839e-34 3.56758e-38
0.14 -6.90734e-34 7.92243e-38
0.145 -1.39319e-33 1.71071e-37
0.15 -2.74399e-33 3.59879e-37
0.155 -5.28576e-33 7.38824e-37
0.16 -9.97228e-33 1.48254e-36
0.165 -1.84501e-32 2.9118e-36
0.17 -3.35142e-32 5.60486e-36
0.175 -5.98334e-32 1.05858e-35
0.18 -1.05091e-31 1.96383e-35
0.185 -1.81756e-31 3.58205e-35
0.19 -3.09786e-31 6.42984e-35
0.195 -5.20739e-31 1.13677e-34
0.2 -8.63906e-31 1.98097e-34
0.205 -1.41541e-30 3.40511e-34
0.21 -2.29155e-30 5.77719e-34
0.215 -3.66819e-30 9.68062e-34
0.22 -5.80863e-30 1.60302e-33
0.225 -9.1035e-30 2.62453e-33
0.23 -1.41271e-29 4.25072e-33
0.235 -2.17164e-29 6.81353e-33
0.24 -3.3082e-29 1.08136e-32
0.245 -4.99601e-29 1.69994e-32
0.25 -7.48231e-29 2.64807e-32
0.255 -1.11166e-28 4.08899e-32
0.26 -1.63896e-28 6.26096e-32
0.265 -2.39855e-28 9.50918e-32
0.27 -3.48527e-28 1.43303e-31
0.275 -5.02973e-28 2.14338e-31
0.28 -7.21072e-28 3.18269e-31
0.285 -1.02717e-27 4.69303e-31
0.29 -1.45422e-27 6.87353e-31
0.295 -2.04661e-27 1.00017e-30
0.3 -2.8638e-27 1.44621e-30
0.305 -3.98507e-27 2.07847e-30
0.31 -5.51561e-27 2.96959e-30
0.315 -7.59434e-27 4.21862e-30
0.32 -1.04039e-26 5.95996e-30
0.325 -1.41834e-26 8.37511e-30
0.33 -1.92446e-26 1.1708e-29
0.335 -2.5992e-26 1.6285e-29
0.34 -3.4949e-26 2.25409e-29
0.345 -4.67897e-26 3.10522e-29
0.35 -6.23791e-26 4.25807e-29
0.355 -8.28237e-26 5.81284e-29
0.36 -1.09533e-25 7.90085e-29
0.365 -1.44298e-25 1.06935e-28
0.37 -1.89383e-25 1.44138e-28
0.375 -2.47649e-25 1.93508e-28
0.38 -3.2269e-25 2.58775e-28
0.385 -4.19014e-25 3.44743e-28
0.39 -5.42258e-25 4.57575e-28
0.395 -6.99447e-25 6.05149e-28
0.4 -8.99311e-25 7.97507e-28
0.405 -1.15267e-24 1.04741e-27
0.41 -1.47291e-24 1.37103e-27
0.415 -1.87653e-24 1.78879e-27
0.42 -2.38381e-24 2.32642e-27
0.425 -3.01964e-24 3.01624e-27
0.43 -3.81447e-24 3.89874e-27
0.435 -4.8055e-24 5.0245e-27
0.44 -6.038e-24 6.45656e-27
0.445 -7.56703e-24 8.27331e-27
0.45 -9.4593e-24 1.05719e-26
0.455 -1.17956e-23 1.34725e-26
0.46 -1.46734e-23 1.71236e-26
0.465 -1.82101e-23 2.17076e-26
0.47 -2.2547e-23 2.74491e-26
0.475 -2.78535e-23 3.4623e-26
0.48 -3.43328e-23 4.35656e-26
0.485 -4.22273e-23 5.46875e-26
0.49 -5.18267e-23 6.84886e-26
0.495 -6.34757e-23 8.55767e-26
0.5 -7.75844e-23 1.06689e-25
0.505 -9.46392e-23 1.32718e-25
0.51 -1.15217e-22 1.64742e-25
0.515 -1.39998e-22 2.04062e-25
0.52 -1.69789e-22 2.52244e-25
0.525 -2.05538e-22 3.1117e-25
0.53 -2.48363e-22 3.83097e-25
0.535 -2.99575e-22 4.70728e-25
0.54 -3.60716e-22 5.77295e-25
0.545 -4.3359e-22 7.06656e-25
0.55 -5.20307e-22 8.63406e-25
0.555 -6.23335e-22 1.05301e-24
0.56 -7.4555e-22 1.28197e-24
0.565 -8.90304e-22 1.55797e-24
0.57 -1.0615e-21 1.89014e-24
0.575 -1.26366e-21 2.28926e-24
0.58 -1.50204e-21 2.76805e-24
0.585 -1.78273e-21 3.34151e-24
0.59 -2.11279e-21 4.02731e-24
0.595 -2.50034e-21 4.84619e-24
0.6 -2.95481e-21 5.82255e-24
0.605 -3.48702e-21 6.98493e-24
0.61 -4.10946e-21 8.36679e-24
0.615 -4.83648e-21 1.00072e-23
0.62 -5.6846e-21 1.19519e-23
0.625 -6.67273e-21 1.42542e-23
0.63 -7.82258e-21 1.69759e-23
0.635 -9.159e-21 2.01894e-23
0.64 -1.07104e-20 2.39785e-23
0.645 -1.25093e-20 2.84405e-23
0.65 -1.45927e-20 3.36883e-23
0.655 -1.70029e-20 3.98524e-23
0.66 -1.97881e-20 4.70841e-23
0.665 -2.3003e-20 5.55578e-23
0.67 -2.671e-20 6.54752e-23
0.675 -3.09797e-20 7.70683e-23
0.68 -3.58924e-20 9.06047e-23
0.685 -4.15391e-20 1.06392e-22
0.69 -4.80227e-20 1.24784e-22
0.695 -5.546e-20 1.46186e-22
0.7 -6.39826e-20 1.71064e-22
0.705 -7.37393e-20 1.99951e-22
0.71 -8.48982e-20 2.33458e-22
0.715 -9.76485e-20 2.72282e-22
0.72 -1.12204e-19 3.17221e-22
0.725 -1.28803e-19 3.69186e-22
0.73 -1.47718e-19 4.29213e-22
0.735 -1.69251e-19 4.98485e-22
0.74 -1.93743e-19 5.78347e-22
0.745 -2.21576e-19 6.70331e-22
0.75 -2.53178e-19 7.76174e-22
0.755 -2.8903e-19 8.97851e-22
0.76 -3.29668e-19 1.0376e-21
0.765 -3.75693e-19 1.19796e-21
0.77 -4.27778e-19 1.3818e-21
0.775 -4.86671e-19 1.59237e-21
0.78 -5.53209e-19 1.83336e-21
0.785 -6.28326e-19 2.1089e-21
0.79 -7.13062e-19 2.42369e-21
0.795 -8.08575e-19 2.78301e-21
0.8 -9.16154e-19 3.19282e-21
0.805 -1.03723e-18 3.65983e-21
0.81 -1.1734e-18 4.19158e-21
0.815 -1.32643e-18 4.79657e-21
0.82 -1.49829e-18 5.48433e-21
0.825 -1.69115e-18 6.26556e-21
0.83 -1.90743e-18 7.15229e-21
0.835 -2.1498e-18 8.158e-21
0.84 -2.42122e-18 9.29777e-21
0.845 -2.72497e-18 1.05885e-20
0.85 -3.06467e-18 1.20491e-20
0.855 -3.44433e-18 1.37008e-20
0.86 -3.86836e-18 1.55671e-20
0.865 -4.34164e-18 1.76745e-20
0.87 -4.86955e-18 2.00524e-20
0.875 -5.45803e-18 2.27337e-20
0.88 -6.11362e-18 2.57549e-20
0.885 -6.84352e-18 2.9157e-20
0.89 -7.65564e-18 3.29851e-20
0.895 -8.5587e-18 3.729e-20
0.9 -9.5623e-18 4.21277e-20
0.905 -1.06769e-17 4.75606e-20
0.91 -1.19142e-17 5.3658e-20
0.915 -1.32868e-17 6.04968e-20
0.92 -1.48086e-17 6.81624e-20
0.925 -1.6495e-17 7.67493e-20
0.93 -1.83625e-17 8.63623e-20
0.935 -2.04297e-17 9.71174e-20
0.94 -2.27165e-17 1.09143e-19
0.945 -2.52449e-17 1.22581e-19
0.95 -2.80389e-17 1.37589e-19
0.955 -3.11248e-17 1.5434e-19
0.96 -3.45313e-17 1.73026e-19
0.965 -3.82898e-17 1.93857e-19
0.97 -4.24344e-17 2.17069e-19
0.975 -4.70025e-17 2.42917e-19
0.98 -5.20348e-17 2.71685e-19
0.985 -5.75758e-17 3.03686e-19
0.99 -6.36738e-17 3.39263e-19
0.995 -7.03816e-17 3.78795e-19
1 -7.77564e-17 4.22698e-19
1.005 -8.58608e-17 4.71428e-19
1.01 -9.47628e-17 5.2549e-19
1.015 -1.04536e-16 5.85434e-19
1.02 -1.15261e-16 6.51868e-19
1.025 -1.27025e-16 7.25455e-19
1.03 -1.39923e-16 8.06925e-19
1.035 -1.54057e-16 8.97078e-19
1.04 -1.69539e-16 9.96789e-19
1.045 -1.8649e-16 1.10702e-18
1.05 -2.05041e-16 1.22882e-18
1.055 -2.25335e-16 1.36333e-18
1.06 -2.47526e-16 1.51182e-18
1.065 -2.71781e-16 1.67566e-18
1.07 -2.98279e-16 1.85635e-18
1.075 -3.27217e-16 2.05554e-18
1.08 -3.58807e-16 2.27501e-18
1.085 -3.93276e-16 2.51672e-18
1.09 -4.30873e-16 2.78281e-18
1.095 -4.71863e-16 3.0756e-18
1.1 -5.16536e-16 3.39763e-18
1.105 -5.65204e-16 3.75167e-18
1.11 -6.18201e-16 4.14072e-18
1.115 -6.75892e-16 4.56807e-18
1.12 -7.38667e-16 5.03729e-18
1.125 -8.06949e-16 5.55226e-18
1.13 -8.81191e-16 6.11721e-18
1.135 -9.61885e-16 6.73672e-18
1.14 -1.04956e-15 7.4158e-18
1.145 -1.14478e-15 8.15985e-18
1.15 -1.24816e-15 8.97478e-18
1.155 -1.36035e-15 9.86697e-18
1.16 -1.48207e-15 1.08434e-17
1.165 -1.61408e-15 1.19115e-17
1.17 -1.7572e-15 1.30795e-17
1.175 -1.9123e-15 1.43562e-17
1.18 -2.08032e-15 1.57513e-17
1.185 -2.2623e-15 1.7275e-17
1.19 -2.45931e-15 1.89388e-17
1.195 -2.67252e-15 2.07546e-17
1.2 -2.9032e-15 2.27357e-17
1.205 -3.15268e-15 2.48964e-17
1.21 -3.42241e-15 2.72521e-17
1.215 -3.71394e-15 2.98193e-17
1.22 -4.02892e-15 3.26162e-17
1.225 -4.36914e-15 3.56622e-17
1.23 -4.7365e-15 3.89783e-17
1.235 -5.13303e-15 4.25872e-17
1.24 -5.56092e-15 4.65133e-17
1.245 -6.02251e-15 5.07831e-17
1.25 -6.52028e-15 5.54251e-17
1.255 -7.05692e-15 6.04699e-17
1.26 -7.63528e-15 6.59508e-17
1.265 -8.25842e-15 7.19034e-17
1.27 -8.92959e-15 7.83662e-17
1.275 -9.65229e-15 8.53806e-17
1.28 -1.04302e-14 9.29912e-17
1.285 -1.12674e-14 1.01246e-16
1.29 -1.21681e-14 1.10197e-16
1.295 -1.31368e-14 1.19898e-16
1.3 -1.41783e-14 1.30412e-16
1.305 -1.52978e-14 1.418e-16
1.31 -1.65008e-14 1.54133e-16
1.315 -1.77932e-14 1.67485e-16
1.32 -1.91813e-14 1.81934e-16
1.325 -2.06716e-14 1.97568e-16
1.33 -2.22713e-14 2.14478e-16
1.335 -2.39879e-14 2.32761e-16
1.34 -2.58295e-14 2.52525e-16
1.345 -2.78048e-14 2.73883e-16
1.35 -2.99226e-14 2.96957e-16
1.355 -3.21929e-14 3.21876e-16
1.36 -3.4626e-14 3.48781e-16
1.365 -3.72327e-14 3.77822e-16
1.37 -4.00248e-14 4.09159e-16
1.375 -4.30147e-14 4.42965e-16
1.38 -4.62156e-14 4.79423e-16
1.385 -4.96415e-14 5.18732e-16
1.39 -5.33074e-14 5.61101e-16
1.395 -5.7229e-14 6.06756e-16
1.4 -6.14231e-14 6.5594e-16
1.405 -6.59076e-14 7.0891e-16
1.41 -7.07014e-14 7.65943e-16
1.415 -7.58246e-14 8.27333e-16
1.42 -8.12985e-14 8.93397e-16
1.425 -8.71457e-14 9.64471e-16
1.43 -9.33902e-14 1.04091e-15
1.435 -1.00057e-13 1.12311e-15
1.44 -1.07174e-13 1.21148e-15
1.445 -1.14769e-13 1.30644e-15
1.45 -1.22873e-13 1.40848e-15
1.455 -1.31517e-13 1.51808e-15
1.46 -1.40736e-13 1.63579e-15
1.465 -1.50565e-13 1.76216e-15
1.47 -1.61042e-13 1.89781e-15
1.475 -1.72209e-13 2.04337e-15
1.48 -1.84106e-13 2.19954e-15
1.485 -1.96781e-13 2.36704e-15
1.49 -2.10279e-13 2.54666e-15
1.495 -2.24652e-13 2.73923e-15
1.5 -2.39954e-13 2.94562e-15
1.505 -2.5624e-13 3.16678e-15
1.51 -2.7357e-13 3.40372e-15
1.515 -2.92008e-13 3.65749e-15
1.52 -3.11619e-13 3.92924e-15
1.525 -3.32474e-13 4.22016e-15
1.53 -3.54649e-13 4.53154e-15
1.535 -3.7822e-13 4.86474e-15
1.54 -4.03271e-13 5.22121e-15
1.545 -4.29889e-13 5.60249e-15
1.55 -4.58168e-13 6.01021e-15
1.555 -4.88204e-13 6.44612e-15
1.56 -5.20099e-13 6.91206e-15
1.565 -5.53963e-13 7.40998e-15
1.57 -5.8991e-13 7.94198e-15
1.575 -6.28061e-13 8.51025e-15
1.58 -6.68542e-13 9.11714e-15
1.585 -7.11489e-13 9.76514e-15
1.59 -7.57041e-13 1.04569e-14
1.595 -8.05348e-13 1.11952e-14
1.6 -8.56567e-13 1.1983e-14
1.605 -9.10863e-13 1.28234e-14
1.61 -9.68411e-13 1.37198e-14
1.615 -1.02939e-12 1.46758e-14
1.62 -1.094e-12 1.5695e-14
1.625 -1.16244e-12 1.67815e-14
1.63 -1.23493e-12 1.79393e-14
1.635 -1.31168e-12 1.91731e-14
1.64 -1.39294e-12 2.04875e-14
1.645 -1.47895e-12 2.18874e-14
1.65 -1.56999e-12 2.33782e-14
1.655 -1.66631e-12 2.49654e-14
1.66 -1.76822e-12 2.6655e-14
1.665 -1.87601e-12 2.84532e-14
1.67 -1.99002e-12 3.03666e-14
1.675 -2.11056e-12 3.24023e-14
1.68 -2.238e-12 3.45675e-14
1.685 -2.37272e-12 3.68702e-14
1.69 -2.51509e-12 3.93185e-14
1.695 -2.66553e-12 4.19213e-14
1.7 -2.82447e-12 4.46877e-14
1.705 -2.99236e-12 4.76275e-14
1.71 -3.16968e-12 5.0751e-14
1.715 -3.35692e-12 5.40691e-14
1.72 -3.55461e-12 5.75932e-14
1.725 -3.76329e-12 6.13355e-14
1.73 -3.98355e-12 6.53087e-14
1.735 -4.21599e-12 6.95263e-14
1.74 -4.46123e-12 7.40027e-14
1.745 -4.71995e-12 7.87528e-14
1.75 -4.99283e-12 8.37925e-14
1.755 -5.28062e-12 8.91385e-14
1.76 -5.58408e-12 9.48084e-14
1.765 -5.90401e-12 1.00821e-13
1.77 -6.24125e-12 1.07196e-13
1.775 -6.59668e-12 1.13953e-13
1.78 -6.97123e-12 1.21115e-13
1.785 -7.36587e-12 1.28704e-13
1.79 -7.7816e-12 1.36746e-13
1.795 -8.21949e-12 1.45264e-13
1.8 -8.68066e-12 1.54286e-13
1.805 -9.16626e-12 1.63841e-13
1.81 -9.67752e-12 1.73957e-13
1.815 -1.02157e-11 1.84667e-13
1.82 -1.07822e-11 1.96003e-13
1.825 -1.13783e-11 2.08e-13
1.83 -1.20055e-11 2.20694e-13
1.835 -1.26654e-11 2.34124e-13
1.84 -1.33596e-11 2.48331e-13
1.845 -1.40897e-11 2.63356e-13
1.85 -1.48574e-11 2.79244e-13
1.855 -1.56647e-11 2.96042e-13
1.86 -1.65134e-11 3.13801e-13
1.865 -1.74055e-11 3.32571e-13
1.87 -1.83431e-11 3.52407e-13
1.875 -1.93284e-11 3.73367e-13
1.88 -2.03637e-11 3.95511e-13
1.885 -2.14514e-11 4.18902e-13
1.89 -2.25939e-11 4.43606e-13
1.895 -2.37939e-11 4.69695e-13
1.9 -2.50541e-11 4.9724e-13
1.905 -2.63772e-11 5.2632e-13
1.91 -2.77664e-11 5.57014e-13
1.915 -2.92247e-11 5.89409e-13
1.92 -3.07552e-11 6.23593e-13
1.925 -3.23615e-11 6.59659e-13
1.93 -3.4047e-11 6.97707e-13
1.935 -3.58154e-11 7.37838e-13
1.94 -3.76704e-11 7.80162e-13
1.945 -3.96163e-11 8.24791e-13
1.95 -4.1657e-11 8.71844e-13
1.955 -4.3797e-11 9.21446e-13
1.96 -4.60407e-11 9.73729e-13
1.965 -4.8393e-11 1.02883e-12
1.97 -5.08588e-11 1.08689e-12
1.975 -5.34432e-11 1.14806e-12
1.98 -5.61516e-11 1.2125e-12
1.985 -5.89896e-11 1.28038e-12
1.99 -6.1963e-11 1.35186e-12
1.995 -6.50779e-11 1.42713e-12
2 -6.83406e-11 1.50639e-12
2.005 -7.17578e-11 1.58982e-12
2.01 -7.53363e-11 1.67764e-12
2.015 -7.90833e-11 1.77007e-12
2.02 -8.30062e-11 1.86733e-12
2.025 -8.71128e-11 1.96966e-12
2.03 -9.14112e-11 2.07733e-12
2.035 -9.59098e-11 2.19058e-12
2.04 -1.00618e-10 2.30969e-12
2.045 -1.05543e-10 2.43495e-12
2.05 -1.10697e-10 2.56666e-12
2.055 -1.16088e-10 2.70514e-12
2.06 -1.21727e-10 2.85071e-12
2.065 -1.27624e-10 3.00372e-12
2.07 -1.33791e-10 3.16453e-12
2.075 -1.40239e-10 3.33351e-12
2.08 -1.46981e-10 3.51106e-12
2.085 -1.54029e-10 3.69759e-12
2.09 -1.61396e-10 3.89352e-12
2.095 -1.69095e-10 4.09932e-12
2.1 -1.77141e-10 4.31544e-12
2.105 -1.85548e-10 4.54238e-12
2.11 -1.94332e-10 4.78065e-12
2.115 -2.03508e-10 5.03078e-12
2.12 -2.13094e-10 5.29334e-12
2.125 -2.23105e-10 5.56892e-12
2.13 -2.33561e-10 5.85811e-12
2.135 -2.44479e-10 6.16156e-12
2.14 -2.55879e-10 6.47993e-12
2.145 -2.6778e-10 6.81392e-12
2.15 -2.80204e-10 7.16425e-12
2.155 -2.93172e-10 7.53169e-12
2.16 -3.06706e-10 7.91701e-12
2.165 -3.2083e-10 8.32105e-12
2.17 -3.35568e-10 8.74466e-12
2.175 -3.50944e-10 9.18875e-12
2.18 -3.66986e-10 9.65424e-12
2.185 -3.8372e-10 1.01421e-11
2.19 -4.01174e-10 1.06534e-11
2.195 -4.19376e-10 1.11892e-11
2.2 -4.38359e-10 1.17505e-11
2.205 -4.58152e-10 1.23386e-11
2.21 -4.78789e-10 1.29546e-11
2.215 -5.00302e-10 1.35997e-11
2.22 -5.22728e-10 1.42754e-11
2.225 -5.46103e-10 1.4983e-11
2.23 -5.70464e-10 1.57239e-11
2.235 -5.9585e-10 1.64995e-11
2.24 -6.22302e-10 1.73114e-11
2.245 -6.49862e-10 1.81613e-11
2.25 -6.78574e-10 1.90507e-11
2.255 -7.08483e-10 1.99816e-11
2.26 -7.39636e-10 2.09555e-11
2.265 -7.72081e-10 2.19746e-11
2.27 -8.0587e-10 2.30407e-11
2.275 -8.41053e-10 2.41558e-11
2.28 -8.77685e-10 2.53222e-11
2.285 -9.15823e-10 2.65421e-11
2.29 -9.55525e-10 2.78177e-11
2.295 -9.9685e-10 2.91515e-11
2.3 -1.03986e-09 3.0546e-11
2.305 -1.08462e-09 3.20038e-11
2.31 -1.1312e-09 3.35277e-11
2.315 -1.17967e-09 3.51204e-11
2.32 -1.2301e-09 3.67849e-11
2.325 -1.28256e-09 3.85243e-11
2.33 -1.33713e-09 4.03417e-11
2.335 -1.39389e-09 4.22405e-11
2.34 -1.45292e-09 4.42241e-11
2.345 -1.51431e-09 4.62961e-11
2.35 -1.57815e-09 4.84603e-11
2.355 -1.64453e-09 5.07204e-11
2.36 -1.71354e-09 5.30806e-11
2.365 -1.78528e-09 5.5545e-11
2.37 -1.85986e-09 5.81179e-11
2.375 -1.93738e-09 6.08039e-11
2.38 -2.01794e-09 6.36078e-11
2.385 -2.10166e-09 6.65343e-11
2.39 -2.18866e-09 6.95886e-11
2.395 -2.27905e-09 7.27759e-11
2.4 -2.37297e-09 7.61018e-11
2.405 -2.47053e-09 7.95718e-11
2.41 -2.57188e-09 8.3192e-11
2.415 -2.67715e-09 8.69684e-11
2.42 -2.78649e-09 9.09076e-11
2.425 -2.90003e-09 9.50159e-11
2.43 -3.01794e-09 9.93005e-11
2.435 -3.14037e-09 1.03768e-10
2.44 -3.26748e-09 1.08427e-10
2.445 -3.39945e-09 1.13284e-10
2.45 -3.53644e-09 1.18347e-10
2.455 -3.67864e-09 1.23625e-10
2.46 -3.82622e-09 1.29127e-10
2.465 -3.9794e-09 1.3486e-10
2.47 -4.13835e-09 1.40835e-10
2.475 -4.30329e-09 1.47062e-10
2.48 -4.47443e-09 1.53549e-10
2.485 -4.65199e-09 1.60308e-10
2.49 -4.83619e-09 1.67349e-10
2.495 -5.02727e-09 1.74683e-10
2.5 -5.22546e-09 1.82323e-10
2.505 -5.43103e-09 1.90279e-10
2.51 -5.64422e-09 1.98565e-10
2.515 -5.86529e-09 2.07192e-10
2.52 -6.09453e-09 2.16176e-10
2.525 -6.33222e-09 2.25529e-10
2.53 -6.57865e-09 2.35265e-10
2.535 -6.83412e-09 2.454e-10
2.54 -7.09894e-09 2.5595e-10
2.545 -7.37343e-09 2.66929e-10
2.55 -7.65793e-09 2.78355e-10
2.555 -7.95278e-09 2.90245e-10
2.56 -8.25833e-09 3.02617e-10
2.565 -8.57494e-09 3.15489e-10
2.57 -8.903e-09 3.2888e-10
2.575 -9.24289e-09 3.4281e-10
2.58 -9.59501e-09 3.57299e-10
2.585 -9.95977e-09 3.72369e-10
2.59 -1.03376e-08 3.88042e-10
2.595 -1.07289e-08 4.0434e-10
2.6 -1.11342e-08 4.21288e-10
2.605 -1.1554e-08 4.38909e-10
2.61 -1.19886e-08 4.57229e-10
2.615 -1.24387e-08 4.76274e-10
2.62 -1.29047e-08 4.96071e-10
2.625 -1.33871e-08 5.16648e-10
2.63 -1.38865e-08 5.38035e-10
2.635 -1.44035e-08 5.6026e-10
2.64 -1.49386e-08 5.83357e-10
2.645 -1.54925e-08 6.07356e-10
2.65 -1.60657e-08 6.32291e-10
2.655 -1.66589e-08 6.58196e-10
2.66 -1.72727e-08 6.85107e-10
2.665 -1.79078e-08 7.13062e-10
2.67 -1.8565e-08 7.42098e-10
2.675 -1.92449e-08 7.72254e-10
2.68 -1.99482e-08 8.03573e-10
2.685 -2.06757e-08 8.36095e-10
2.69 -2.14283e-08 8.69864e-10
2.695 -2.22066e-08 9.04927e-10
2.7 -2.30116e-08 9.41328e-10
2.705 -2.38441e-08 9.79118e-10
2.71 -2.47049e-08 1.01835e-09
2.715 -2.5595e-08 1.05906e-09
2.72 -2.65154e-08 1.10132e-09
2.725 -2.74669e-08 1.14518e-09
2.73 -2.84505e-08 1.19069e-09
2.735 -2.94674e-08 1.23792e-09
2.74 -3.05185e-08 1.28692e-09
2.745 -3.16049e-08 1.33776e-09
2.75 -3.27277e-08 1.39051e-09
2.755 -3.38881e-08 1.44522e-09
2.76 -3.50872e-08 1.50198e-09
2.765 -3.63263e-08 1.56084e-09
2.77 -3.76067e-08 1.62189e-09
2.775 -3.89295e-08 1.68521e-09
2.78 -4.02961e-08 1.75086e-09
2.785 -4.17079e-08 1.81894e-09
2.79 -4.31663e-08 1.88953e-09
2.795 -4.46728e-08 1.96271e-09
2.8 -4.62287e-08 2.03858e-09
2.805 -4.78356e-08 2.11723e-09
2.81 -4.94952e-08 2.19875e-09
2.815 -5.1209e-08 2.28324e-09
2.82 -5.29786e-08 2.37081e-09
2.825 -5.48058e-08 2.46155e-09
2.83 -5.66923e-08 2.55559e-09
2.835 -5.864e-08 2.65304e-09
2.84 -6.06507e-08 2.754e-09
2.845 -6.27263e-08 2.8586e-09
2.85 -6.48687e-08 2.96696e-09
2.855 -6.70801e-08 3.07921e-09
2.86 -6.93624e-08 3.19548e-09
2.865 -7.17178e-08 3.31591e-09
2.87 -7.41484e-08 3.44064e-09
2.875 -7.66567e-08 3.56982e-09
2.88 -7.92447e-08 3.70358e-09
2.885 -8.19151e-08 3.84209e-09
2.89 -8.46701e-08 3.9855e-09
2.895 -8.75123e-08 4.13399e-09
2.9 -9.04443e-08 4.28771e-09
2.905 -9.34688e-08 4.44684e-09
2.91 -9.65884e-08 4.61156e-09
2.915 -9.9806e-08 4.78206e-09
2.92 -1.03125e-07 4.95852e-09
2.925 -1.06547e-07 5.14115e-09
2.93 -1.10076e-07 5.33015e-09
2.935 -1.13715e-07 5.52573e-09
2.94 -1.17468e-07 5.72809e-09
2.945 -1.21336e-07 5.93747e-09
2.95 -1.25325e-07 6.15409e-09
2.955 -1.29437e-07 6.3782e-09
2.96 -1.33676e-07 6.61002e-09
2.965 -1.38046e-07 6.84982e-09
2.97 -1.4255e-07 7.09786e-09
2.975 -1.47192e-07 7.35439e-09
2.98 -1.51977e-07 7.61969e-09
2.985 -1.56908e-07 7.89405e-09
2.99 -1.61989e-07 8.17776e-09
2.995 -1.67225e-07 8.47111e-09
3 -1.7262e-07 8.77442e-09
3.005 -1.78179e-07 9.08801e-09
3.01 -1.83906e-07 9.41219e-09
3.015 -1.89807e-07 9.74732e-09
3.02 -1.95885e-07 1.00937e-08
3.025 -2.02147e-07 1.04518e-08
3.03 -2.08597e-07 1.08219e-08
3.035 -2.1524e-07 1.12043e-08
3.04 -2.22082e-07 1.15996e-08
3.045 -2.29129e-07 1.2008e-08
3.05 -2.36385e-07 1.24301e-08
3.055 -2.43858e-07 1.28661e-08
3.06 -2.51553e-07 1.33167e-08
3.065 -2.59477e-07 1.37821e-08
3.07 -2.67635e-07 1.42629e-08
3.075 -2.76034e-07 1.47596e-08
3.08 -2.84681e-07 1.52727e-08
3.085 -2.93582e-07 1.58026e-08
3.09 -3.02745e-07 1.63499e-08
3.095 -3.12177e-07 1.69151e-08
3.1 -3.21885e-07 1.74988e-08
3.105 -3.31877e-07 1.81015e-08
3.11 -3.4216e-07 1.87238e-08
3.115 -3.52743e-07 1.93664e-08
3.12 -3.63633e-07 2.00298e-08
3.125 -3.74839e-07 2.07147e-08
3.13 -3.8637e-07 2.14217e-08
3.135 -3.98234e-07 2.21516e-08
3.14 -4.1044e-07 2.29049e-08
3.145 -4.22998e-07 2.36824e-08
3.15 -4.35917e-07 2.44849e-08
3.155 -4.49206e-07 2.5313e-08
3.16 -4.62877e-07 2.61677e-08
3.165 -4.76937e-07 2.70496e-08
3.17 -4.914e-07 2.79595e-08
3.175 -5.06274e-07 2.88984e-08
3.18 -5.2157e-07 2.98671e-08
3.185 -5.37301e-07 3.08664e-08
3.19 -5.53478e-07 3.18973e-08
3.195 -5.70112e-07 3.29608e-08
3.2 -5.87216e-07 3.40577e-08
3.205 -6.04801e-07 3.51891e-08
3.21 -6.22881e-07 3.6356e-08
3.215 -6.41468e-07 3.75595e-08
3.22 -6.60576e-07 3.88005e-08
3.225 -6.80219e-07 4.00803e-08
3.23 -7.0041e-07 4.13999e-08
3.235 -7.21163e-07 4.27605e-08
3.24 -7.42494e-07 4.41634e-08
3.245 -7.64418e-07 4.56097e-08
3.25 -7.86949e-07 4.71007e-08
3.255 -8.10103e-07 4.86378e-08
3.26 -8.33897e-07 5.02222e-08
3.265 -8.58346e-07 5.18552e-08
3.27 -8.83469e-07 5.35384e-08
3.275 -9.09281e-07 5.52732e-08
3.28 -9.35801e-07 5.7061e-08
3.285 -9.63048e-07 5.89034e-08
3.29 -9.91038e-07 6.08019e-08
3.295 -1.01979e-06 6.27581e-08
3.3 -1.04933e-06 6.47737e-08
3.305 -1.07967e-06 6.68504e-08
3.31 -1.11083e-06 6.89899e-08
3.315 -1.14284e-06 7.1194e-08
3.32 -1.17571e-06 7.34645e-08
3.325 -1.20947e-06 7.58033e-08
3.33 -1.24413e-06 7.82124e-08
3.335 -1.27973e-06 8.06936e-08
3.34 -1.31629e-06 8.32491e-08
3.345 -1.35382e-06 8.58808e-08
3.35 -1.39236e-06 8.85911e-08
3.355 -1.43192e-06 9.13819e-08
3.36 -1.47255e-06 9.42557e-08
3.365 -1.51425e-06 9.72146e-08
3.37 -1.55706e-06 1.00261e-07
3.375 -1.601e-06 1.03398e-07
3.38 -1.64611e-06 1.06627e-07
3.385 -1.6924e-06 1.09951e-07
3.39 -1.73992e-06 1.13372e-07
3.395 -1.78869e-06 1.16895e-07
3.4 -1.83874e-06 1.2052e-07
3.405 -1.8901e-06 1.24251e-07
3.41 -1.94281e-06 1.28091e-07
3.415 -1.9969e-06 1.32043e-07
3.42 -2.05239e-06 1.36109e-07
3.425 -2.10933e-06 1.40294e-07
3.43 -2.16776e-06 1.446e-07
3.435 -2.22769e-06 1.4903e-07
3.44 -2.28918e-06 1.53588e-07
3.445 -2.35227e-06 1.58277e-07
3.45 -2.41698e-06 1.63102e-07
3.455 -2.48335e-06 1.68064e-07
3.46 -2.55144e-06 1.73169e-07
3.465 -2.62127e-06 1.7842e-07
3.47 -2.6929e-06 1.83821e-07
3.475 -2.76635e-06 1.89376e-07
3.48 -2.84169e-06 1.95089e-07
3.485 -2.91894e-06 2.00964e-07
3.49 -2.99816e-06 2.07005e-07
3.495 -3.0794e-06 2.13218e-07
3.5 -3.16269e-06 2.19605e-07
3.505 -3.2481e-06 2.26174e-07
3.51 -3.33566e-06 2.32926e-07
3.515 -3.42544e-06 2.39869e-07
3.52 -3.51748e-06 2.47006e-07
3.525 -3.61183e-06 2.54343e-07
3.53 -3.70855e-06 2.61885e-07
3.535 -3.80769e-06 2.69638e-07
3.54 -3.90932e-06 2.77606e-07
3.545 -4.01348e-06 2.85796e-07
3.55 -4.12024e-06 2.94213e-07
3.555 -4.22966e-06 3.02863e-07
3.56 -4.3418e-06 3.11753e-07
3.565 -4.45672e-06 3.20887e-07
3.57 -4.57449e-06 3.30273e-07
3.575 -4.69517e-06 3.39918e-07
3.58 -4.81882e-06 3.49827e-07
3.585 -4.94552e-06 3.60008e-07
3.59 -5.07534e-06 3.70467e-07
3.595 -5.20835e-06 3.81212e-07
3.6 -5.34461e-06 3.92249e-07
3.605 -5.48421e-06 4.03587e-07
3.61 -5.62722e-06 4.15233e-07
3.615 -5.77372e-06 4.27195e-07
3.62 -5.92378e-06 4.3948e-07
3.625 -6.07749e-06 4.52098e-07
3.63 -6.23493e-06 4.65055e-07
3.635 -6.39618e-06 4.78362e-07
3.64 -6.56134e-06 4.92026e-07
3.645 -6.73047e-06 5.06056e-07
3.65 -6.90369e-06 5.20462e-07
3.655 -7.08106e-06 5.35254e-07
3.66 -7.2627e-06 5.5044e-07
3.665 -7.4487e-06 5.6603e-07
3.67 -7.63914e-06 5.82036e-07
3.675 -7.83414e-06 5.98466e-07
3.68 -8.03378e-06 6.15331e-07
3.685 -8.23818e-06 6.32642e-07
3.69 -8.44744e-06 6.50411e-07
3.695 -8.66166e-06 6.68648e-07
3.7 -8.88096e-06 6.87364e-07
3.705 -9.10544e-06 7.06572e-07
3.71 -9.33523e-06 7.26284e-07
3.715 -9.57043e-06 7.46512e-07
3.72 -9.81116e-06 7.67268e-07
3.725 -1.00576e-05 7.88565e-07
3.73 -1.03097e-05 8.10417e-07
3.735 -1.05678e-05 8.32837e-07
3.74 -1.08319e-05 8.55838e-07
3.745 -1.11022e-05 8.79435e-07
3.75 -1.13787e-05 9.03642e-07
3.755 -1.16617e-05 9.28474e-07
3.76 -1.19513e-05 9.53945e-07
3.765 -1.22476e-05 9.80072e-07
3.77 -1.25507e-05 1.00687e-06
3.775 -1.28608e-05 1.03435e-06
3.78 -1.31781e-05 1.06254e-06
3.785 -1.35027e-05 1.09145e-06
3.79 -1.38347e-05 1.12109e-06
3.795 -1.41744e-05 1.15149e-06
3.8 -1.45219e-05 1.18266e-06
3.805 -1.48772e-05 1.21462e-06
3.81 -1.52408e-05 1.24738e-06
3.815 -1.56125e-05 1.28098e-06
3.82 -1.59928e-05 1.31543e-06
3.825 -1.63817e-05 1.35074e-06
3.83 -1.67794e-05 1.38694e-06
3.835 -1.71861e-05 1.42404e-06
3.84 -1.7602e-05 1.46208e-06
3.845 -1.80273e-05 1.50107e-06
3.85 -1.84622e-05 1.54103e-06
3.855 -1.89068e-05 1.58199e-06
3.86 -1.93615e-05 1.62396e-06
3.865 -1.98263e-05 1.66698e-06
3.87 -2.03015e-05 1.71106e-06
3.875 -2.07874e-05 1.75624e-06
3.88 -2.12841e-05 1.80253e-06
3.885 -2.17918e-05 1.84996e-06
3.89 -2.23108e-05 1.89855e-06
3.895 -2.28414e-05 1.94835e-06
3.9 -2.33837e-05 1.99936e-06
3.905 -2.3938e-05 2.05162e-06
3.91 -2.45046e-05 2.10516e-06
3.915 -2.50836e-05 2.16001e-06
3.92 -2.56754e-05 2.21619e-06
3.925 -2.62802e-05 2.27374e-06
3.93 -2.68982e-05 2.33268e-06
3.935 -2.75298e-05 2.39306e-06
3.94 -2.81753e-05 2.45489e-06
3.945 -2.88348e-05 2.51821e-06
3.95 -2.95086e-05 2.58306e-06
3.955 -3.01972e-05 2.64948e-06
3.96 -3.09007e-05 2.71748e-06
3.965 -3.16194e-05 2.78712e-06
3.97 -3.23537e-05 2.85842e-06
3.975 -3.31039e-05 2.93143e-06
3.98 -3.38703e-05 3.00618e-06
3.985 -3.46532e-05 3.08271e-06
3.99 -3.5453e-05 3.16105e-06
3.995 -3.62699e-05 3.24126e-06
4 -3.71043e-05 3.32336e-06
4.005 -3.79566e-05 3.40741e-06
4.01 -3.88271e-05 3.49344e-06
4.015 -3.97162e-05 3.58149e-06
4.02 -4.06242e-05 3.67162e-06
4.025 -4.15516e-05 3.76386e-06
4.03 -4.24986e-05 3.85827e-06
4.035 -4.34657e-05 3.95488e-06
4.04 -4.44533e-05 4.05375e-06
4.045 -4.54618e-05 4.15493e-06
4.05 -4.64915e-05 4.25846e-06
4.055 -4.75429e-05 4.36439e-06
4.06 -4.86164e-05 4.47278e-06
4.065 -4.97125e-05 4.58368e-06
4.07 -5.08315e-05 4.69715e-06
4.075 -5.19739e-05 4.81323e-06
4.08 -5.31402e-05 4.93199e-06
4.085 -5.43309e-05 5.05347e-06
4.09 -5.55463e-05 5.17774e-06
4.095 -5.6787e-05 5.30487e-06
4.1 -5.80535e-05 5.43489e-06
4.105 -5.93462e-05 5.56789e-06
4.11 -6.06656e-05 5.70392e-06
4.115 -6.20123e-05 5.84304e-06
4.12 -6.33868e-05 5.98533e-06
4.125 -6.47896e-05 6.13084e-06
4.13 -6.62212e-05 6.27964e-06
4.135 -6.76822e-05 6.4318e-06
4.14 -6.91732e-05 6.5874e-06
4.145 -7.06946e-05 6.7465e-06
4.15 -7.22472e-05 6.90918e-06
4.155 -7.38314e-05 7.0755e-06
4.16 -7.54478e-05 7.24555e-06
4.165 -7.70971e-05 7.41941e-06
4.17 -7.87799e-05 7.59714e-06
4.175 -8.04968e-05 7.77883e-06
4.18 -8.22484e-05 7.96457e-06
4.185 -8.40354e-05 8.15443e-06
4.19 -8.58584e-05 8.34849e-06
4.195 -8.77182e-05 8.54686e-06
4.2 -8.96153e-05 8.7496e-06
4.205 -9.15505e-05 8.95681e-06
4.21 -9.35245e-05 9.16859e-06
4.215 -9.55379e-05 9.38501e-06
4.22 -9.75916e-05 9.60619e-06
4.225 -9.96863e-05 9.83221e-06
4.23 -0.000101823 1.00632e-05
4.235 -0.000104001 1.02992e-05
4.24 -0.000106224 1.05403e-05
4.245 -0.00010849 1.07867e-05
4.25 -0.000110801 1.10384e-05
4.255 -0.000113157 1.12956e-05
4.26 -0.00011556 1.15583e-05
4.265 -0.000118011 1.18268e-05
4.27 -0.000120509 1.2101e-05
4.275 -0.000123057 1.23811e-05
4.28 -0.000125654 1.26672e-05
4.285 -0.000128303 1.29595e-05
4.29 -0.000131003 1.3258e-05
4.295 -0.000133756 1.35629e-05
4.3 -0.000136562 1.38743e-05
4.305 -0.000139423 1.41923e-05
4.31 -0.000142339 1.45171e-05
4.315 -0.000145312 1.48488e-05
4.32 -0.000148343 1.51875e-05
4.325 -0.000151432 1.55334e-05
4.33 -0.000154581 1.58866e-05
4.335 -0.00015779 1.62472e-05
4.34 -0.000161061 1.66154e-05
4.345 -0.000164395 1.69913e-05
4.35 -0.000167793 1.73752e-05
4.355 -0.000171256 1.7767e-05
4.36 -0.000174785 1.81671e-05
4.365 -0.000178381 1.85754e-05
4.37 -0.000182046 1.89923e-05
4.375 -0.00018578 1.94179e-05
4.38 -0.000189586 1.98523e-05
4.385 -0.000193463 2.02956e-05
4.39 -0.000197415 2.07482e-05
4.395 -0.00020144 2.12101e-05
4.4 -0.000205542 2.16815e-05
4.405 -0.000209721 2.21626e-05
4.41 -0.000213979 2.26535e-05
4.415 -0.000218316 2.31546e-05
4.42 -0.000222735 2.36659e-05
4.425 -0.000227237 2.41876e-05
4.43 -0.000231823 2.472e-05
4.435 -0.000236494 2.52632e-05
4.44 -0.000241253 2.58174e-05
4.445 -0.0002461 2.63829e-05
4.45 -0.000251037 2.69598e-05
4.455 -0.000256066 2.75484e-05
4.46 -0.000261188 2.81489e-05
4.465 -0.000266405 2.87615e-05
4.47 -0.000271718 2.93864e-05
4.475 -0.000277129 3.00238e-05
4.48 -0.00028264 3.0674e-05
4.485 -0.000288252 3.13372e-05
4.49 -0.000293966 3.20136e-05
4.495 -0.000299786 3.27036e-05
4.5 -0.000305712 3.34073e-05
4.505 -0.000311747 3.41249e-05
4.51 -0.000317891 3.48568e-05
4.515 -0.000324147 3.56031e-05
4.52 -0.000330517 3.63642e-05
4.525 -0.000337003 3.71404e-05
4.53 -0.000343607 3.79318e-05
4.535 -0.000350329 3.87388e-05
4.54 -0.000357174 3.95616e-05
4.545 -0.000364142 4.04005e-05
4.55 -0.000371235 4.12558e-05
4.555 -0.000378456 4.21278e-05
4.56 -0.000385807 4.30169e-05
4.565 -0.000393289 4.39232e-05
4.57 -0.000400906 4.48471e-05
4.575 -0.000408658 4.5789e-05
4.58 -0.000416549 4.6749e-05
4.585 -0.000424581 4.77276e-05
4.59 -0.000432756 4.87251e-05
4.595 -0.000441076 4.97418e-05
4.6 -0.000449543 5.0778e-05
4.605 -0.000458161 5.18342e-05
4.61 -0.000466931 5.29105e-05
4.615 -0.000475856 5.40074e-05
4.62 -0.000484938 5.51253e-05
4.625 -0.00049418 5.62645e-05
4.63 -0.000503585 5.74253e-05
4.635 -0.000513154 5.86082e-05
4.64 -0.000522892 5.98135e-05
4.645 -0.0005328 6.10416e-05
4.65 -0.000542881 6.22929e-05
4.655 -0.000553137 6.35678e-05
4.66 -0.000563573 6.48666e-05
4.665 -0.00057419 6.619e-05
4.67 -0.000584991 6.75381e-05
4.675 -0.00059598 6.89114e-05
4.68 -0.000607159 7.03105e-05
4.685 -0.000618532 7.17356e-05
4.69 -0.0006301 7.31874e-05
4.695 -0.000641868 7.46661e-05
4.7 -0.000653839 7.61722e-05
4.705 -0.000666015 7.77063e-05
4.71 -0.0006784 7.92687e-05
4.715 -0.000690998 8.086e-05
4.72 -0.00070381 8.24807e-05
4.725 -0.000716842 8.41311e-05
4.73 -0.000730096 8.58119e-05
4.735 -0.000743576 8.75236e-05
4.74 -0.000757285 8.92665e-05
4.745 -0.000771226 9.10413e-05
4.75 -0.000785404 9.28485e-05
4.755 -0.000799822 9.46887e-05
4.76 -0.000814484 9.65622e-05
4.765 -0.000829393 9.84698e-05
4.77 -0.000844553 0.000100412
4.775 -0.000859968 0.000102389
4.78 -0.000875642 0.000104402
4.785 -0.000891579 0.000106452
4.79 -0.000907783 0.000108538
4.795 -0.000924258 0.000110661
4.8 -0.000941008 0.000112823
4.805 -0.000958038 0.000115023
4.81 -0.000975351 0.000117263
4.815 -0.000992951 0.000119543
4.82 -0.00101084 0.000121863
4.825 -0.00102903 0.000124225
4.83 -0.00104752 0.000126628
4.835 -0.00106632 0.000129074
4.84 -0.00108543 0.000131563
4.845 -0.00110485 0.000134097
4.85 -0.00112459 0.000136675
4.855 -0.00114465 0.000139298
4.86 -0.00116504 0.000141967
4.865 -0.00118577 0.000144683
4.87 -0.00120684 0.000147447
4.875 -0.00122825 0.000150259
4.88 -0.00125001 0.00015312
4.885 -0.00127212 0.000156031
4.89 -0.00129459 0.000158992
4.895 -0.00131743 0.000162005
4.9 -0.00134064 0.00016507
4.905 -0.00136422 0.000168188
4.91 -0.00138818 0.00017136
4.915 -0.00141253 0.000174586
4.92 -0.00143728 0.000177868
4.925 -0.00146242 0.000181207
4.93 -0.00148796 0.000184602
4.935 -0.00151392 0.000188056
4.94 -0.00154028 0.000191569
4.945 -0.00156708 0.000195142
4.95 -0.00159429 0.000198775
4.955 -0.00162195 0.00020247
4.96 -0.00165004 0.000206228
4.965 -0.00167858 0.00021005
4.97 -0.00170757 0.000213936
4.975 -0.00173702 0.000217888
4.98 -0.00176694 0.000221907
4.985 -0.00179733 0.000225993
4.99 -0.0018282 0.000230147
4.995 -0.00185955 0.000234372
5 -0.0018914 0.000238667
5.005 -0.00192375 0.000243033
5.01 -0.00195661 0.000247473
5.015 -0.00198998 0.000251987
5.02 -0.00202387 0.000256575
5.025 -0.00205829 0.00026124
5.03 -0.00209325 0.000265982
5.035 -0.00212875 0.000270802
5.04 -0.0021648 0.000275702
5.045 -0.00220141 0.000280683
5.05 -0.00223859 0.000285745
5.055 -0.00227635 0.000290891
5.06 -0.00231468 0.000296121
5.065 -0.00235361 0.000301437
5.07 -0.00239314 0.00030684
5.075 -0.00243328 0.00031233
5.08 -0.00247403 0.00031791
5.085 -0.00251541 0.000323581
5.09 -0.00255742 0.000329344
5.095 -0.00260008 0.0003352
5.1 -0.00264338 0.000341151
5.105 -0.00268735 0.000347198
5.11 -0.00273198 0.000353342
5.115 -0.00277729 0.000359585
5.12 -0.00282329 0.000365929
5.125 -0.00286999 0.000372374
5.13 -0.00291739 0.000378922
5.135 -0.00296551 0.000385575
5.14 -0.00301436 0.000392334
5.145 -0.00306394 0.000399201
5.15 -0.00311427 0.000406177
5.155 -0.00316535 0.000413263
5.16 -0.0032172 0.000420462
5.165 -0.00326982 0.000427774
5.17 -0.00332323 0.000435202
5.175 -0.00337744 0.000442747
5.18 -0.00343246 0.000450411
5.185 -0.00348829 0.000458195
5.19 -0.00354496 0.000466102
5.195 -0.00360246 0.000474132
5.2 -0.00366082 0.000482287
5.205 -0.00372004 0.00049057
5.21 -0.00378014 0.000498981
5.215 -0.00384112 0.000507523
5.22 -0.003903 0.000516198
5.225 -0.00396579 0.000525008
5.23 -0.0040295 0.000533953
5.235 -0.00409415 0.000543037
5.24 -0.00415974 0.000552261
5.245 -0.0042263 0.000561626
5.25 -0.00429382 0.000571136
5.255 -0.00436233 0.000580791
5.26 -0.00443183 0.000590594
5.265 -0.00450235 0.000600547
5.27 -0.00457389 0.000610651
5.275 -0.00464646 0.00062091
5.28 -0.00472009 0.000631325
5.285 -0.00479478 0.000641897
5.29 -0.00487054 0.00065263
5.295 -0.0049474 0.000663525
5.3 -0.00502536 0.000674585
5.305 -0.00510445 0.000685811
5.31 -0.00518466 0.000697206
5.315 -0.00526603 0.000708773
5.32 -0.00534855 0.000720513
5.325 -0.00543226 0.000732429
5.33 -0.00551716 0.000744523
5.335 -0.00560327 0.000756797
5.34 -0.0056906 0.000769254
5.345 -0.00577917 0.000781896
5.35 -0.00586899 0.000794726
5.355 -0.00596009 0.000807747
5.36 -0.00605247 0.000820959
5.365 -0.00614616 0.000834367
5.37 -0.00624116 0.000847973
5.375 -0.0063375 0.000861779
5.38 -0.0064352 0.000875787
5.385 -0.00653426 0.000890002
5.39 -0.00663471 0.000904424
5.395 -0.00673657 0.000919057
5.4 -0.00683985 0.000933904
5.405 -0.00694456 0.000948967
5.41 -0.00705074 0.000964249
5.415 -0.00715839 0.000979753
5.42 -0.00726753 0.000995482
5.425 -0.00737818 0.00101144
5.43 -0.00749037 0.00102763
5.435 -0.0076041 0.00104405
5.44 -0.00771941 0.0010607
5.445 -0.0078363 0.0010776
5.45 -0.0079548 0.00109474
5.455 -0.00807493 0.00111212
5.46 -0.0081967 0.00112975
5.465 -0.00832014 0.00114764
5.47 -0.00844527 0.00116578
5.475 -0.0085721 0.00118417
5.48 -0.00870067 0.00120283
5.485 -0.00883098 0.00122176
5.49 -0.00896306 0.00124095
5.495 -0.00909694 0.00126041
5.5 -0.00923263 0.00128015
5.505 -0.00937015 0.00130016
5.51 -0.00950953 0.00132046
5.515 -0.0096508 0.00134104
5.52 -0.00979396 0.00136191
5.525 -0.00993905 0.00138307
5.53 -0.0100861 0.00140452
5.535 -0.0102351 0.00142628
5.54 -0.0103861 0.00144834
5.545 -0.0105391 0.0014707
5.55 -0.0106942 0.00149338
5.555 -0.0108513 0.00151637
5.56 -0.0110105 0.00153967
5.565 -0.0111719 0.0015633
5.57 -0.0113353 0.00158726
5.575 -0.011501 0.00161154
5.58 -0.0116688 0.00163616
5.585 -0.0118388 0.00166111
5.59 -0.0120111 0.0016864
5.595 -0.0121857 0.00171205
5.6 -0.0123625 0.00173804
5.605 -0.0125417 0.00176438
5.61 -0.0127232 0.00179108
5.615 -0.0129071 0.00181815
5.62 -0.0130934 0.00184558
5.625 -0.0132821 0.00187338
5.63 -0.0134733 0.00190156
5.635 -0.013667 0.00193012
5.64 -0.0138631 0.00195906
5.645 -0.0140619 0.00198839
5.65 -0.0142632 0.00201811
5.655 -0.0144671 0.00204823
5.66 -0.0146736 0.00207875
5.665 -0.0148828 0.00210968
5.67 -0.0150947 0.00214103
5.675 -0.0153093 0.00217279
5.68 -0.0155267 0.00220497
5.685 -0.0157468 0.00223757
5.69 -0.0159698 0.00227061
5.695 -0.0161956 0.00230409
5.7 -0.0164243 0.002338
5.705 -0.0166559 0.00237236
5.71 -0.0168904 0.00240718
5.715 -0.0171279 0.00244245
5.72 -0.0173685 0.00247818
5.725 -0.017612 0.00251438
5.73 -0.0178587 0.00255105
5.735 -0.0181085 0.0025882
5.74 -0.0183614 0.00262583
5.745 -0.0186175 0.00266395
5.75 -0.0188768 0.00270257
5.755 -0.0191393 0.00274168
5.76 -0.0194052 0.0027813
5.765 -0.0196743 0.00282143
5.77 -0.0199469 0.00286208
5.775 -0.0202228 0.00290324
5.78 -0.0205022 0.00294494
5.785 -0.020785 0.00298717
5.79 -0.0210713 0.00302994
5.795 -0.0213612 0.00307326
5.8 -0.0216547 0.00311713
5.805 -0.0219518 0.00316156
5.81 -0.0222525 0.00320655
5.815 -0.022557 0.00325211
5.82 -0.0228652 0.00329825
5.825 -0.0231771 0.00334497
5.83 -0.0234929 0.00339228
5.835 -0.0238126 0.00344019
5.84 -0.0241362 0.0034887
5.845 -0.0244637 0.00353781
5.85 -0.0247952 0.00358755
5.855 -0.0251307 0.0036379
5.86 -0.0254703 0.00368889
5.865 -0.025814 0.0037405
5.87 -0.0261619 0.00379277
5.875 -0.026514 0.00384568
5.88 -0.0268703 0.00389924
5.885 -0.027231 0.00395347
5.89 -0.0275959 0.00400837
5.895 -0.0279653 0.00406395
5.9 -0.028339 0.00412021
5.905 -0.0287173 0.00417717
5.91 -0.0291 0.00423482
5.915 -0.0294874 0.00429318
5.92 -0.0298793 0.00435225
5.925 -0.0302759 0.00441205
5.93 -0.0306772 0.00447257
5.935 -0.0310833 0.00453383
5.94 -0.0314942 0.00459583
5.945 -0.03191 0.00465859
5.95 -0.0323306 0.00472211
5.955 -0.0327562 0.00478639
5.96 -0.0331868 0.00485145
5.965 -0.0336225 0.0049173
5.97 -0.0340633 0.00498393
5.975 -0.0345092 0.00505137
5.98 -0.0349604 0.00511961
5.985 -0.0354168 0.00518867
5.99 -0.0358786 0.00525856
5.995 -0.0363457 0.00532928
6 -0.0368183 0.00540084
6.005 -0.0372963 0.00547325
6.01 -0.0377799 0.00554652
6.015 -0.038269 0.00562066
6.02 -0.0387638 0.00569568
6.025 -0.0392643 0.00577158
6.03 -0.0397706 0.00584837
6.035 -0.0402827 0.00592607
6.04 -0.0408007 0.00600468
6.045 -0.0413246 0.00608421
6.05 -0.0418544 0.00616468
6.055 -0.0423904 0.00624608
6.06 -0.0429324 0.00632843
6.065 -0.0434807 0.00641174
6.07 -0.0440351 0.00649602
6.075 -0.0445958 0.00658128
6.08 -0.0451629 0.00666753
6.085 -0.0457364 0.00675477
6.09 -0.0463164 0.00684302
6.095 -0.0469029 0.00693228
6.1 -0.0474961 0.00702258
6.105 -0.0480958 0.00711391
6.11 -0.0487024 0.00720628
6.115 -0.0493157 0.00729972
6.12 -0.0499358 0.00739422
6.125 -0.0505629 0.0074898
6.13 -0.051197 0.00758647
6.135 -0.0518381 0.00768423
6.14 -0.0524864 0.00778311
6.145 -0.0531419 0.0078831
6.15 -0.0538046 0.00798423
6.155 -0.0544746 0.0080865
6.16 -0.0551521 0.00818992
6.165 -0.055837 0.0082945
6.17 -0.0565294 0.00840026
6.175 -0.0572295 0.0085072
6.18 -0.0579372 0.00861534
6.185 -0.0586527 0.00872469
6.19 -0.059376 0.00883526
6.195 -0.0601072 0.00894706
6.2 -0.0608464 0.0090601
6.205 -0.0615936 0.00917439
6.21 -0.0623489 0.00928995
6.215 -0.0631124 0.00940679
6.22 -0.0638842 0.00952492
6.225 -0.0646643 0.00964435
6.23 -0.0654529 0.00976509
6.235 -0.0662499 0.00988716
6.24 -0.0670555 0.0100106
6.245 -0.0678698 0.0101353
6.25 -0.0686928 0.0102614
6.255 -0.0695246 0.0103889
6.26 -0.0703653 0.0105178
6.265 -0.071215 0.0106481
6.27 -0.0720737 0.0107798
6.275 -0.0729415 0.0109129
6.28 -0.0738186 0.0110475
6.285 -0.0747049 0.0111835
6.29 -0.0756007 0.011321
6.295 -0.0765059 0.0114599
6.3 -0.0774206 0.0116004
6.305 -0.078345 0.0117423
6.31 -0.0792791 0.0118858
6.315 -0.080223 0.0120308
6.32 -0.0811767 0.0121773
6.325 -0.0821405 0.0123254
6.33 -0.0831143 0.0124751
6.335 -0.0840983 0.0126264
6.34 -0.0850925 0.0127792
6.345 -0.086097 0.0129337
6.35 -0.0871119 0.0130898
6.355 -0.0881374 0.0132476
6.36 -0.0891735 0.013407
6.365 -0.0902202 0.0135681
6.37 -0.0912777 0.0137309
6.375 -0.0923461 0.0138953
6.38 -0.0934255 0.0140615
6.385 -0.094516 0.0142294
6.39 -0.0956176 0.0143991
6.395 -0.0967304 0.0145705
6.4 -0.0978546 0.0147437
6.405 -0.0989903 0.0149187
6.41 -0.100137 0.0150955
6.415 -0.101296 0.0152741
6.42 -0.102467 0.0154546
6.425 -0.103649 0.0156369
6.43 -0.104844 0.0158211
6.435 -0.10605 0.0160071
6.44 -0.107269 0.0161951
6.445 -0.108499 0.016385
6.45 -0.109742 0.0165768
6.455 -0.110998 0.0167706
6.46 -0.112266 0.0169663
6.465 -0.113547 0.017164
6.47 -0.11484 0.0173637
6.475 -0.116147 0.0175654
6.48 -0.117466 0.0177692
6.485 -0.118798 0.017975
6.49 -0.120144 0.0181828
6.495 -0.121503 0.0183928
6.5 -0.122875 0.0186048
6.505 -0.124261 0.018819
6.51 -0.12566 0.0190353
6.515 -0.127073 0.0192537
6.52 -0.1285 0.0194743
6.525 -0.129941 0.0196971
6.53 -0.131396 0.0199221
6.535 -0.132865 0.0201493
6.54 -0.134348 0.0203788
6.545 -0.135846 0.0206105
6.55 -0.137358 0.0208445
6.555 -0.138885 0.0210808
6.56 -0.140426 0.0213194
6.565 -0.141983 0.0215603
6.57 -0.143554 0.0218036
6.575 -0.145141 0.0220492
6.58 -0.146742 0.0222972
6.585 -0.148359 0.0225476
6.59 -0.149992 0.0228005
6.595 -0.15164 0.0230558
6.6 -0.153304 0.0233135
6.605 -0.154983 0.0235738
6.61 -0.156679 0.0238365
6.615 -0.15839 0.0241017
6.62 -0.160118 0.0243695
6.625 -0.161862 0.0246399
6.63 -0.163622 0.0249128
6.635 -0.165399 0.0251883
6.64 -0.167192 0.0254664
6.645 -0.169003 0.0257472
6.65 -0.17083 0.0260306
6.655 -0.172675 0.0263167
6.66 -0.174536 0.0266055
6.665 -0.176415 0.026897
6.67 -0.178311 0.0271913
6.675 -0.180225 0.0274883
6.68 -0.182157 0.027788
6.685 -0.184106 0.0280906
6.69 -0.186073 0.028396
6.695 -0.188059 0.0287043
6.7 -0.190062 0.0290154
6.705 -0.192084 0.0293294
6.71 -0.194125 0.0296463
6.715 -0.196184 0.0299661
6.72 -0.198262 0.0302889
6.725 -0.200359 0.0306146
6.73 -0.202474 0.0309434
6.735 -0.204609 0.0312751
6.74 -0.206764 0.0316099
6.745 -0.208938 0.0319477
6.75 -0.211131 0.0322886
6.755 -0.213344 0.0326326
6.76 -0.215577 0.0329798
6.765 -0.21783 0.0333301
6.77 -0.220103 0.0336835
6.775 -0.222397 0.0340401
6.78 -0.224711 0.0344
6.785 -0.227045 0.0347631
6.79 -0.2294 0.0351294
6.795 -0.231776 0.0354991
6.8 -0.234174 0.035872
6.805 -0.236592 0.0362482
6.81 -0.239031 0.0366278
6.815 -0.241492 0.0370108
6.82 -0.243975 0.0373972
6.825 -0.24648 0.037787
6.83 -0.249006 0.0381802
6.835 -0.251554 0.0385769
6.84 -0.254125 0.0389771
6.845 -0.256718 0.0393809
6.85 -0.259333 0.0397881
6.855 -0.261971 0.0401989
6.86 -0.264632 0.0406133
6.865 -0.267316 0.0410314
6.87 -0.270023 0.041453
6.875 -0.272754 0.0418783
6.88 -0.275507 0.0423073
6.885 -0.278285 0.04274
6.89 -0.281086 0.0431765
6.895 -0.283911 0.0436167
6.9 -0.28676 0.0440606
6.905 -0.289633 0.0445084
6.91 -0.292531 0.0449601
6.915 -0.295453 0.0454156
6.92 -0.2984 0.0458749
6.925 -0.301371 0.0463382
6.93 -0.304368 0.0468054
6.935 -0.30739 0.0472766
6.94 -0.310437 0.0477518
6.945 -0.31351 0.0482309
6.95 -0.316608 0.0487141
6.955 -0.319733 0.0492014
6.96 -0.322883 0.0496928
6.965 -0.326059 0.0501882
6.97 -0.329262 0.0506879
6.975 -0.332491 0.0511916
6.98 -0.335747 0.0516996
6.985 -0.339029 0.0522118
6.99 -0.342339 0.0527283
6.995 -0.345676 0.053249
7 -0.34904 0.053774
7.005 -0.352431 0.0543033
7.01 -0.35585 0.054837
7.015 -0.359298 0.0553751
7.02 -0.362773 0.0559176
7.025 -0.366276 0.0564645
7.03 -0.369807 0.0570159
7.035 -0.373367 0.0575717
7.04 -0.376956 0.0581321
7.045 -0.380574 0.058697
7.05 -0.38422 0.0592665
7.055 -0.387896 0.0598405
7.06 -0.391601 0.0604192
7.065 -0.395336 0.0610026
7.07 -0.3991 0.0615906
7.075 -0.402894 0.0621834
7.08 -0.406719 0.0627808
7.085 -0.410573 0.0633831
7.09 -0.414458 0.0639901
7.095 -0.418374 0.0646019
7.1 -0.42232 0.0652186
7.105 -0.426298 0.0658402
7.11 -0.430306 0.0664666
7.115 -0.434346 0.067098
7.12 -0.438417 0.0677343
7.125 -0.44252 0.0683757
7.13 -0.446655 0.069022
7.135 -0.450822 0.0696734
7.14 -0.455021 0.0703298
7.145 -0.459252 0.0709914
7.15 -0.463516 0.0716581
7.155 -0.467813 0.0723299
7.16 -0.472142 0.0730069
7.165 -0.476505 0.0736892
7.17 -0.480901 0.0743767
7.175 -0.48533 0.0750694
7.18 -0.489793 0.0757675
7.185 -0.49429 0.0764708
7.19 -0.498821 0.0771796
7.195 -0.503386 0.0778937
7.2 -0.507986 0.0786132
7.205 -0.51262 0.0793382
7.21 -0.517289 0.0800687
7.215 -0.521992 0.0808046
7.22 -0.526731 0.0815461
7.225 -0.531505 0.0822932
7.23 -0.536315 0.0830458
7.235 -0.54116 0.0838041
7.24 -0.546041 0.084568
7.245 -0.550959 0.0853376
7.25 -0.555912 0.0861129
7.255 -0.560902 0.0868939
7.26 -0.565928 0.0876807
7.265 -0.570991 0.0884733
7.27 -0.576092 0.0892717
7.275 -0.581229 0.090076
7.28 -0.586404 0.0908861
7.285 -0.591616 0.0917022
7.29 -0.596866 0.0925242
7.295 -0.602154 0.0933522
7.3 -0.60748 0.0941862
7.305 -0.612844 0.0950262
7.31 -0.618246 0.0958723
7.315 -0.623688 0.0967245
7.32 -0.629168 0.0975827
7.325 -0.634687 0.0984472
7.33 -0.640245 0.0993178
7.335 -0.645843 0.100195
7.34 -0.651481 0.101078
7.345 -0.657158 0.101967
7.35 -0.662875 0.102863
7.355 -0.668632 0.103765
7.36 -0.67443 0.104673
7.365 -0.680268 0.105588
7.37 -0.686147 0.106509
7.375 -0.692066 0.107436
7.38 -0.698027 0.10837
7.385 -0.704029 0.109311
7.39 -0.710073 0.110258
7.395 -0.716158 0.111212
7.4 -0.722285 0.112172
7.405 -0.728454 0.113139
7.41 -0.734665 0.114112
7.415 -0.740919 0.115093
7.42 -0.747215 0.116079
7.425 -0.753554 0.117073
7.43 -0.759936 0.118074
7.435 -0.766361 0.119081
7.44 -0.772829 0.120095
7.445 -0.779341 0.121116
7.45 -0.785897 0.122144
7.455 -0.792496 0.123178
7.46 -0.79914 0.12422
7.465 -0.805827 0.125269
7.47 -0.81256 0.126324
7.475 -0.819336 0.127387
7.48 -0.826158 0.128457
7.485 -0.833025 0.129534
7.49 -0.839936 0.130617
7.495 -0.846893 0.131709
7.5 -0.853896 0.132807
7.505 -0.860944 0.133912
7.51 -0.868039 0.135025
7.515 -0.875179 0.136145
7.52 -0.882365 0.137272
7.525 -0.889598 0.138407
7.53 -0.896878 0.139549
7.535 -0.904204 0.140698
7.54 -0.911578 0.141855
7.545 -0.918998 0.143019
7.55 -0.926466 0.144191
7.555 -0.933981 0.14537
7.56 -0.941544 0.146557
7.565 -0.949155 0.147751
7.57 -0.956814 0.148953
7.575 -0.964521 0.150162
7.58 -0.972277 0.151379
7.585 -0.980081 0.152604
7.59 -0.987934 0.153836
7.595 -0.995836 0.155076
7.6 -1.00379 0.156324
7.605 -1.01179 0.15758
7.61 -1.01984 0.158843
7.615 -1.02793 0.160114
7.62 -1.03608 0.161393
7.625 -1.04428 0.16268
7.63 -1.05253 0.163975
7.635 -1.06083 0.165278
7.64 -1.06918 0.166589
7.645 -1.07758 0.167907
7.65 -1.08603 0.169234
7.655 -1.09453 0.170569
7.66 -1.10309 0.171912
7.665 -1.11169 0.173262
7.67 -1.12035 0.174621
7.675 -1.12905 0.175989
7.68 -1.13781 0.177364
7.685 -1.14662 0.178747
7.69 -1.15549 0.180139
7.695 -1.1644 0.181539
7.7 -1.17337 0.182947
7.705 -1.18239 0.184364
7.71 -1.19146 0.185789
7.715 -1.20059 0.187222
7.72 -1.20977 0.188663
7.725 -1.219 0.190113
7.73 -1.22828 0.191571
7.735 -1.23762 0.193038
7.74 -1.24701 0.194513
7.745 -1.25646 0.195997
7.75 -1.26596 0.197489
7.755 -1.27551 0.19899
7.76 -1.28512 0.200499
7.765 -1.29478 0.202017
7.77 -1.3045 0.203543
7.775 -1.31427 0.205079
7.78 -1.3241 0.206622
7.785 -1.33398 0.208175
7.79 -1.34391 0.209736
7.795 -1.35391 0.211305
7.8 -1.36395 0.212884
7.805 -1.37405 0.214471
7.81 -1.38421 0.216067
7.815 -1.39443 0.217672
7.82 -1.40469 0.219285
7.825 -1.41502 0.220908
7.83 -1.4254 0.222539
7.835 -1.43584 0.224179
7.84 -1.44633 0.225828
7.845 -1.45688 0.227486
7.85 -1.46749 0.229153
7.855 -1.47815 0.230829
7.86 -1.48887 0.232513
7.865 -1.49965 0.234207
7.87 -1.51048 0.23591
7.875 -1.52137 0.237622
7.88 -1.53232 0.239342
7.885 -1.54333 0.241072
7.89 -1.55439 0.242811
7.895 -1.56551 0.244559
7.9 -1.57669 0.246316
7.905 -1.58793 0.248083
7.91 -1.59922 0.249858
7.915 -1.61057 0.251643
7.92 -1.62199 0.253436
7.925 -1.63345 0.255239
7.93 -1.64498 0.257051
7.935 -1.65657 0.258873
7.94 -1.66821 0.260703
7.945 -1.67991 0.262543
7.95 -1.69167 0.264392
7.955 -1.70349 0.266251
7.96 -1.71537 0.268118
7.965 -1.72731 0.269995
7.97 -1.73931 0.271881
7.975 -1.75136 0.273777
7.98 -1.76348 0.275682
7.985 -1.77565 0.277596
7.99 -1.78789 0.27952
7.995 -1.80018 0.281453
8 -1.81253 0.283395
8.005 -1.82494 0.285347
8.01 -1.83741 0.287308
8.015 -1.84994 0.289279
8.02 -1.86253 0.291259
8.025 -1.87518 0.293248
8.03 -1.88789 0.295247
8.035 -1.90067 0.297256
8.04 -1.91349 0.299274
8.045 -1.92638 0.301301
8.05 -1.93933 0.303338
8.055 -1.95234 0.305384
8.06 -1.96541 0.30744
8.065 -1.97854 0.309505
8.07 -1.99174 0.31158
8.075 -2.00499 0.313664
8.08 -2.0183 0.315758
8.085 -2.03167 0.317861
8.09 -2.0451 0.319974
8.095 -2.05859 0.322096
8.1 -2.07214 0.324228
8.105 -2.08576 0.326369
8.11 -2.09943 0.32852
8.115 -2.11316 0.330681
8.12 -2.12696 0.332851
8.125 -2.14081 0.33503
8.13 -2.15472 0.33722
8.135 -2.1687 0.339418
8.14 -2.18273 0.341626
8.145 -2.19683 0.343844
8.15 -2.21099 0.346072
8.155 -2.2252 0.348308
8.16 -2.23948 0.350555
8.165 -2.25382 0.352811
8.17 -2.26822 0.355076
8.175 -2.28268 0.357351
8.18 -2.29719 0.359636
8.185 -2.31177 0.36193
8.19 -2.32641 0.364234
8.195 -2.34111 0.366547
8.2 -2.35587 0.36887
8.205 -2.37069 0.371202
8.21 -2.38558 0.373544
8.215 -2.40052 0.375895
8.22 -2.41552 0.378256
8.225 -2.43058 0.380626
8.23 -2.4457 0.383006
8.235 -2.46088 0.385395
8.24 -2.47612 0.387794
8.245 -2.49142 0.390202
8.25 -2.50678 0.39262
8.255 -2.52221 0.395047
8.26 -2.53769 0.397483
8.265 -2.55323 0.399929
8.27 -2.56883 0.402385
8.275 -2.58449 0.404849
8.28 -2.6002 0.407323
8.285 -2.61598 0.409807
8.29 -2.63182 0.4123
8.295 -2.64772 0.414802
8.3 -2.66367 0.417314
8.305 -2.67969 0.419835
8.31 -2.69576 0.422365
8.315 -2.71189 0.424904
8.32 -2.72808 0.427453
8.325 -2.74433 0.430011
8.33 -2.76064 0.432578
8.335 -2.777 0.435155
8.34 -2.79343 0.437741
8.345 -2.80991 0.440336
8.35 -2.82645 0.44294
8.355 -2.84305 0.445553
8.36 -2.85971 0.448175
8.365 -2.87642 0.450807
8.37 -2.89319 0.453447
8.375 -2.91002 0.456097
8.38 -2.92691 0.458755
8.385 -2.94385 0.461423
8.39 -2.96085 0.4641
8.395 -2.97791 0.466785
8.4 -2.99502 0.46948
8.405 -3.01219 0.472183
8.41 -3.02941 0.474896
8.415 -3.04669 0.477617
8.42 -3.06403 0.480347
8.425 -3.08143 0.483086
8.43 -3.09887 0.485834
8.435 -3.11638 0.48859
8.44 -3.13394 0.491355
8.445 -3.15155 0.494129
8.45 -3.16922 0.496912
8.455 -3.18694 0.499703
8.46 -3.20472 0.502503
8.465 -3.22256 0.505311
8.47 -3.24044 0.508128
8.475 -3.25838 0.510953
8.48 -3.27637 0.513787
8.485 -3.29442 0.516629
8.49 -3.31252 0.51948
8.495 -3.33067 0.522339
8.5 -3.34888 0.525206
8.505 -3.36714 0.528082
8.51 -3.38545 0.530966
8.515 -3.40381 0.533858
8.52 -3.42222 0.536758
8.525 -3.44068 0.539667
8.53 -3.4592 0.542583
8.535 -3.47777 0.545508
8.54 -3.49638 0.54844
8.545 -3.51505 0.551381
8.55 -3.53377 0.554329
8.555 -3.55254 0.557285
8.56 -3.57135 0.560249
8.565 -3.59022 0.563221
8.57 -3.60913 0.566201
8.575 -3.6281 0.569188
8.58 -3.64711 0.572183
8.585 -3.66617 0.575186
8.59 -3.68527 0.578196
8.595 -3.70443 0.581214
8.6 -3.72363 0.584239
8.605 -3.74288 0.587271
8.61 -3.76217 0.590311
8.615 -3.78151 0.593358
8.62 -3.8009 0.596412
8.625 -3.82033 0.599474
8.63 -3.83981 0.602543
8.635 -3.85933 0.605618
8.64 -3.8789 0.608701
8.645 -3.89851 0.611791
8.65 -3.91816 0.614888
8.655 -3.93786 0.617991
8.66 -3.9576 0.621102
8.665 -3.97738 0.624219
8.67 -3.9972 0.627343
8.675 -4.01707 0.630473
8.68 -4.03698 0.63361
8.685 -4.05693 0.636753
8.69 -4.07691 0.639903
8.695 -4.09694 0.64306
8.7 -4.11701 0.646222
8.705 -4.13712 0.649391
8.71 -4.15727 0.652566
8.715 -4.17746 0.655747
8.72 -4.19768 0.658934
8.725 -4.21794 0.662127
8.73 -4.23824 0.665326
8.735 -4.25858 0.668531
8.74 -4.27895 0.671742
8.745 -4.29936 0.674958
8.75 -4.3198 0.67818
8.755 -4.34028 0.681408
8.76 -4.36079 0.684641
8.765 -4.38134 0.68788
8.77 -4.40192 0.691123
8.775 -4.42254 0.694373
8.78 -4.44318 0.697627
8.785 -4.46386 0.700886
8.79 -4.48457 0.704151
8.795 -4.50532 0.70742
8.8 -4.52609 0.710695
8.805 -4.54689 0.713974
8.81 -4.56773 0.717258
8.815 -4.58859 0.720546
8.82 -4.60948 0.723839
8.825 -4.6304 0.727137
8.83 -4.65134 0.730439
8.835 -4.67232 0.733745
8.84 -4.69332 0.737056
8.845 -4.71435 0.74037
8.85 -4.7354 0.743689
8.855 -4.75648 0.747012
8.86 -4.77758 0.750339
8.865 -4.7987 0.753669
8.87 -4.81985 0.757003
8.875 -4.84102 0.760341
8.88 -4.86222 0.763682
8.885 -4.88343 0.767027
8.89 -4.90467 0.770375
8.895 -4.92593 0.773727
8.9 -4.9472 0.777081
8.905 -4.9685 0.780439
8.91 -4.98981 0.7838
8.915 -5.01115 0.787163
8.92 -5.0325 0.79053
8.925 -5.05386 0.793899
8.93 -5.07525 0.797271
8.935 -5.09665 0.800645
8.94 -5.11806 0.804021
8.945 -5.13949 0.8074
8.95 -5.16093 0.810782
8.955 -5.18238 0.814165
8.96 -5.20385 0.81755
8.965 -5.22533 0.820937
8.97 -5.24682 0.824326
8.975 -5.26832 0.827717
8.98 -5.28983 0.831109
8.985 -5.31135 0.834503
8.99 -5.33288 0.837898
8.995 -5.35442 0.841294
9 -5.37596 0.844692
9.005 -5.39751 0.848091
9.01 -5.41907 0.85149
9.015 -5.44063 0.854891
9.02 -5.46219 0.858292
9.025 -5.48376 0.861694
9.03 -5.50534 0.865096
9.035 -5.52691 0.868499
9.04 -5.54848 0.871902
9.045 -5.57006 0.875305
9.05 -5.59164 0.878709
9.055 -5.61321 0.882112
9.06 -5.63479 0.885515
9.065 -5.65636 0.888918
9.07 -5.67793 0.89232
9.075 -5.6995 0.895722
9.08 -5.72106 0.899123
9.085 -5.74261 0.902524
9.09 -5.76417 0.905923
9.095 -5.78571 0.909322
9.1 -5.80725 0.91272
9.105 -5.82877 0.916116
9.11 -5.85029 0.919511
9.115 -5.8718 0.922904
9.12 -5.8933 0.926296
9.125 -5.91479 0.929686
9.13 -5.93627 0.933074
9.135 -5.95773 0.936461
9.14 -5.97918 0.939845
9.145 -6.00061 0.943227
9.15 -6.02203 0.946606
9.155 -6.04344 0.949983
9.16 -6.06482 0.953358
9.165 -6.08619 0.95673
9.17 -6.10754 0.960098
9.175 -6.12887 0.963464
9.18 -6.15018 0.966827
9.185 -6.17147 0.970186
9.19 -6.19274 0.973542
9.195 -6.21398 0.976895
9.2 -6.2352 0.980244
9.205 -6.2564 0.983589
9.21 -6.27757 0.98693
9.215 -6.29872 0.990267
9.22 -6.31983 0.993599
9.225 -6.34092 0.996928
9.23 -6.36198 1.00025
9.235 -6.38302 1.00357
9.24 -6.40402 1.00689
9.245 -6.42499 1.01019
9.25 -6.44592 1.0135
9.255 -6.46683 1.0168
9.26 -6.48769 1.02009
9.265 -6.50853 1.02338
9.27 -6.52933 1.02666
9.275 -6.55009 1.02994
9.28 -6.57081 1.03321
9.285 -6.5915 1.03648
9.29 -6.61214 1.03974
9.295 -6.63275 1.04299
9.3 -6.65331 1.04624
9.305 -6.67383 1.04948
9.31 -6.69431 1.05271
9.315 -6.71474 1.05593
9.32 -6.73513 1.05915
9.325 -6.75547 1.06236
9.33 -6.77577 1.06557
9.335 -6.79601 1.06877
9.34 -6.81621 1.07195
9.345 -6.83636 1.07514
9.35 -6.85645 1.07831
9.355 -6.8765 1.08147
9.36 -6.89649 1.08463
9.365 -6.91643 1.08778
9.37 -6.93631 1.09092
9.375 -6.95614 1.09405
9.38 -6.97591 1.09717
9.385 -6.99563 1.10029
9.39 -7.01528 1.10339
9.395 -7.03487 1.10648
9.4 -7.05441 1.10957
9.405 -7.07388 1.11264
9.41 -7.09329 1.11571
9.415 -7.11264 1.11877
9.42 -7.13192 1.12181
9.425 -7.15114 1.12485
9.43 -7.17028 1.12787
9.435 -7.18937 1.13089
9.44 -7.20838 1.13389
9.445 -7.22732 1.13688
9.45 -7.2462 1.13986
9.455 -7.265 1.14283
9.46 -7.28373 1.14579
9.465 -7.30238 1.14874
9.47 -7.32096 1.15167
9.475 -7.33946 1.1546
9.48 -7.35789 1.15751
9.485 -7.37624 1.16041
9.49 -7.39451 1.1633
9.495 -7.4127 1.16617
9.5 -7.43081 1.16903
9.505 -7.44884 1.17188
9.51 -7.46678 1.17472
9.515 -7.48464 1.17754
9.52 -7.50242 1.18035
9.525 -7.52011 1.18314
9.53 -7.53771 1.18593
9.535 -7.55523 1.18869
9.54 -7.57265 1.19145
9.545 -7.58999 1.19419
9.55 -7.60723 1.19691
9.555 -7.62438 1.19963
9.56 -7.64144 1.20232
9.565 -7.6584 1.205
9.57 -7.67527 1.20767
9.575 -7.69204 1.21032
9.58 -7.70871 1.21296
9.585 -7.72528 1.21558
9.59 -7.74176 1.21818
9.595 -7.75813 1.22077
9.6 -7.7744 1.22334
9.605 -7.79057 1.2259
9.61 -7.80663 1.22844
9.615 -7.82259 1.23097
9.62 -7.83844 1.23347
9.625 -7.85419 1.23596
9.63 -7.86982 1.23844
9.635 -7.88535 1.24089
9.64 -7.90077 1.24333
9.645 -7.91607 1.24575
9.65 -7.93127 1.24816
9.655 -7.94635 1.25054
9.66 -7.96131 1.25291
9.665 -7.97616 1.25526
9.67 -7.99089 1.25759
9.675 -8.0055 1.2599
9.68 -8.02 1.2622
9.685 -8.03437 1.26447
9.69 -8.04862 1.26673
9.695 -8.06275 1.26896
9.7 -8.07676 1.27118
9.705 -8.09064 1.27338
9.71 -8.1044 1.27556
9.715 -8.11803 1.27772
9.72 -8.13154 1.27985
9.725 -8.14491 1.28197
9.73 -8.15815 1.28407
9.735 -8.17127 1.28615
9.74 -8.18425 1.2882
9.745 -8.1971 1.29024
9.75 -8.20981 1.29225
9.755 -8.22239 1.29424
9.76 -8.23484 1.29621
9.765 -8.24714 1.29816
9.77 -8.25931 1.30009
9.775 -8.27134 1.302
9.78 -8.28323 1.30388
9.785 -8.29497 1.30574
9.79 -8.30658 1.30758
9.795 -8.31804 1.3094
9.8 -8.32935 1.31119
9.805 -8.34052 1.31297
9.81 -8.35154 1.31471
9.815 -8.36242 1.31644
9.82 -8.37315 1.31814
9.825 -8.38372 1.31982
9.83 -8.39415 1.32147
9.835 -8.40442 1.3231
9.84 -8.41454 1.32471
9.845 -8.42451 1.32629
9.85 -8.43432 1.32785
9.855 -8.44397 1.32938
9.86 -8.45347 1.33089
9.865 -8.46281 1.33237
9.87 -8.47199 1.33383
9.875 -8.48101 1.33526
9.88 -8.48987 1.33667
9.885 -8.49856 1.33805
9.89 -8.5071 1.33941
9.895 -8.51547 1.34074
9.9 -8.52367 1.34204
9.905 -8.53171 1.34332
9.91 -8.53957 1.34457
9.915 -8.54728 1.3458
9.92 -8.55481 1.347
9.925 -8.56217 1.34817
9.93 -8.56936 1.34931
9.935 -8.57637 1.35043
9.94 -8.58322 1.35152
9.945 -8.58989 1.35259
9.95 -8.59638 1.35362
9.955 -8.6027 1.35463
9.96 -8.60884 1.35561
9.965 -8.6148 1.35656
9.97 -8.62059 1.35748
9.975 -8.62619 1.35838
9.98 -8.63161 1.35925
9.985 -8.63685 1.36008
9.99 -8.64191 1.36089
9.995 -8.64678 1.36167
10 -8.65146 1.36242
10.005 -8.65597 1.36315
10.01 -8.66028 1.36384
10.015 -8.66441 1.3645
10.02 -8.66835 1.36514
10.025 -8.67209 1.36574
10.03 -8.67565 1.36631
10.035 -8.67902 1.36686
10.04 -8.68219 1.36737
10.045 -8.68517 1.36785
10.05 -8.68796 1.3683
10.055 -8.69055 1.36872
10.06 -8.69295 1.36911
10.065 -8.69515 1.36947
10.07 -8.69715 1.3698
10.075 -8.69895 1.3701
10.08 -8.70055 1.37037
10.085 -8.70196 1.3706
10.09 -8.70316 1.3708
10.095 -8.70416 1.37097
10.1 -8.70496 1.37111
10.105 -8.70555 1.37122
10.11 -8.70594 1.37129
10.115 -8.70612 1.37133
10.12 -8.7061 1.37134
10.125 -8.70587 1.37132
10.13 -8.70543 1.37127
10.135 -8.70479 1.37118
10.14 -8.70393 1.37106
10.145 -8.70287 1.3709
10.15 -8.70159 1.37071
10.155 -8.7001 1.37049
10.16 -8.6984 1.37024
10.165 -8.69649 1.36995
10.17 -8.69436 1.36963
10.175 -8.69202 1.36927
10.18 -8.68946 1.36888
10.185 -8.68669 1.36846
10.19 -8.6837 1.368
10.195 -8.68049 1.36751
10.2 -8.67706 1.36698
10.205 -8.67341 1.36642
10.21 -8.66955 1.36583
10.215 -8.66546 1.3652
10.22 -8.66115 1.36453
10.225 -8.65662 1.36383
10.23 -8.65187 1.3631
10.235 -8.6469 1.36233
10.24 -8.6417 1.36152
10.245 -8.63627 1.36068
10.25 -8.63062 1.3598
10.255 -8.62475 1.35889
10.26 -8.61865 1.35795
10.265 -8.61232 1.35696
10.27 -8.60577 1.35594
10.275 -8.59898 1.35489
10.28 -8.59197 1.3538
10.285 -8.58473 1.35267
10.29 -8.57726 1.35151
10.295 -8.56956 1.35031
10.3 -8.56162 1.34907
10.305 -8.55346 1.3478
10.31 -8.54506 1.34649
10.315 -8.53643 1.34514
10.32 -8.52757 1.34376
10.325 -8.51847 1.34234
10.33 -8.50914 1.34088
10.335 -8.49958 1.33939
10.34 -8.48978 1.33786
10.345 -8.47974 1.33629
10.35 -8.46947 1.33469
10.355 -8.45896 1.33305
10.36 -8.44821 1.33137
10.365 -8.43723 1.32965
10.37 -8.42601 1.3279
10.375 -8.41455 1.32611
10.38 -8.40285 1.32428
10.385 -8.39092 1.32241
10.39 -8.37874 1.3205
10.395 -8.36632 1.31856
10.4 -8.35367 1.31658
10.405 -8.34077 1.31456
10.41 -8.32763 1.31251
10.415 -8.31425 1.31041
10.42 -8.30063 1.30828
10.425 -8.28677 1.30611
10.43 -8.27267 1.3039
10.435 -8.25832 1.30166
10.44 -8.24373 1.29937
10.445 -8.2289 1.29705
10.45 -8.21382 1.29469
10.455 -8.1985 1.29229
10.46 -8.18294 1.28985
10.465 -8.16713 1.28737
10.47 -8.15108 1.28486
10.475 -8.13478 1.2823
10.48 -8.11824 1.27971
10.485 -8.10145 1.27708
10.49 -8.08442 1.27441
10.495 -8.06714 1.2717
10.5 -8.04962 1.26895
10.505 -8.03185 1.26617
10.51 -8.01384 1.26334
10.515 -7.99558 1.26048
10.52 -7.97708 1.25758
10.525 -7.95833 1.25464
10.53 -7.93933 1.25166
10.535 -7.92009 1.24864
10.54 -7.9006 1.24558
10.545 -7.88087 1.24249
10.55 -7.86089 1.23935
10.555 -7.84066 1.23618
10.56 -7.82018 1.23297
10.565 -7.79946 1.22971
10.57 -7.7785 1.22642
10.575 -7.75729 1.2231
10.58 -7.73583 1.21973
10.585 -7.71412 1.21632
10.59 -7.69217 1.21288
10.595 -7.66998 1.20939
10.6 -7.64753 1.20587
10.605 -7.62484 1.20231
10.61 -7.60191 1.19871
10.615 -7.57873 1.19507
10.62 -7.5553 1.19139
10.625 -7.53163 1.18768
10.63 -7.50772 1.18392
10.635 -7.48356 1.18013
10.64 -7.45915 1.17629
10.645 -7.4345 1.17242
10.65 -7.4096 1.16851
10.655 -7.38447 1.16457
10.66 -7.35908 1.16058
10.665 -7.33346 1.15655
10.67 -7.30758 1.15249
10.675 -7.28147 1.14839
10.68 -7.25512 1.14425
10.685 -7.22852 1.14007
10.69 -7.20167 1.13586
10.695 -7.17459 1.1316
10.7 -7.14727 1.12731
10.705 -7.1197 1.12298
10.71 -7.09189 1.11861
10.715 -7.06385 1.1142
10.72 -7.03556 1.10976
10.725 -7.00703 1.10528
10.73 -6.97827 1.10076
10.735 -6.94926 1.0962
10.74 -6.92002 1.0916
10.745 -6.89054 1.08697
10.75 -6.86082 1.0823
10.755 -6.83086 1.07759
10.76 -6.80067 1.07285
10.765 -6.77024 1.06807
10.77 -6.73957 1.06325
10.775 -6.70868 1.05839
10.78 -6.67754 1.0535
10.785 -6.64618 1.04857
10.79 -6.61458 1.0436
10.795 -6.58274 1.0386
10.8 -6.55068 1.03356
10.805 -6.51838 1.02848
10.81 -6.48586 1.02337
10.815 -6.4531 1.01822
10.82 -6.42011 1.01303
10.825 -6.3869 1.00781
10.83 -6.35346 1.00255
10.835 -6.31979 0.997259
10.84 -6.28589 0.99193
10.845 -6.25177 0.986565
10.85 -6.21742 0.981165
10.855 -6.18285 0.975729
10.86 -6.14805 0.970258
10.865 -6.11303 0.964752
10.87 -6.07779 0.95921
10.875 -6.04233 0.953634
10.88 -6.00665 0.948023
10.885 -5.97075 0.942378
10.89 -5.93463 0.936698
10.895 -5.89829 0.930983
10.9 -5.86174 0.925235
10.905 -5.82497 0.919452
10.91 -5.78798 0.913635
10.915 -5.75078 0.907785
10.92 -5.71337 0.901901
10.925 -5.67575 0.895983
10.93 -5.63791 0.890032
10.935 -5.59987 0.884048
10.94 -5.56161 0.878031
10.945 -5.52315 0.871981
10.95 -5.48448 0.865898
10.955 -5.4456 0.859783
10.96 -5.40652 0.853636
10.965 -5.36723 0.847456
10.97 -5.32775 0.841244
10.975 -5.28806 0.835001
10.98 -5.24816 0.828725
10.985 -5.20807 0.822418
10.99 -5.16779 0.81608
10.995 -5.1273 0.809711
11 -5.08662 0.803311
11.005 -5.04574 0.796879
11.01 -5.00467 0.790418
11.015 -4.96341 0.783926
11.02 -4.92195 0.777404
11.025 -4.88031 0.770851
11.03 -4.83848 0.764269
11.035 -4.79646 0.757658
11.04 -4.75425 0.751016
11.045 -4.71186 0.744346
11.05 -4.66928 0.737647
11.055 -4.62652 0.730919
11.06 -4.58359 0.724162
11.065 -4.54047 0.717377
11.07 -4.49717 0.710564
11.075 -4.4537 0.703723
11.08 -4.41005 0.696854
11.085 -4.36623 0.689957
11.09 -4.32223 0.683034
11.095 -4.27807 0.676083
11.1 -4.23373 0.669106
11.105 -4.18922 0.662101
11.11 -4.14455 0.655071
11.115 -4.09972 0.648014
11.12 -4.05472 0.640932
11.125 -4.00955 0.633824
11.13 -3.96423 0.62669
11.135 -3.91875 0.619531
11.14 -3.87311 0.612348
11.145 -3.82731 0.605139
11.15 -3.78136 0.597906
11.155 -3.73525 0.590649
11.16 -3.689 0.583368
11.165 -3.64259 0.576064
11.17 -3.59604 0.568736
11.175 -3.54934 0.561384
11.18 -3.50249 0.55401
11.185 -3.45551 0.546613
11.19 -3.40838 0.539194
11.195 -3.36111 0.531753
11.2 -3.3137 0.52429
11.205 -3.26616 0.516805
11.21 -3.21848 0.509299
11.215 -3.17067 0.501772
11.22 -3.12272 0.494224
11.225 -3.07465 0.486656
11.23 -3.02645 0.479068
11.235 -2.97813 0.471459
11.24 -2.92968 0.463831
11.245 -2.88111 0.456184
11.25 -2.83242 0.448518
11.255 -2.78361 0.440833
11.26 -2.73468 0.433129
11.265 -2.68564 0.425407
11.27 -2.63648 0.417667
11.275 -2.58722 0.40991
11.28 -2.53784 0.402136
11.285 -2.48836 0.394344
11.29 -2.43877 0.386536
11.295 -2.38908 0.378711
11.3 -2.33929 0.370871
11.305 -2.2894 0.363014
11.31 -2.23941 0.355142
11.315 -2.18933 0.347255
11.32 -2.13915 0.339353
11.325 -2.08888 0.331437
11.33 -2.03852 0.323506
11.335 -1.98807 0.315562
11.34 -1.93754 0.307604
11.345 -1.88693 0.299632
11.35 -1.83623 0.291648
11.355 -1.78545 0.283651
11.36 -1.7346 0.275642
11.365 -1.68367 0.267621
11.37 -1.63267 0.259589
11.375 -1.5816 0.251545
11.38 -1.53046 0.24349
11.385 -1.47925 0.235424
11.39 -1.42798 0.227349
11.395 -1.37664 0.219263
11.4 -1.32525 0.211168
11.405 -1.27379 0.203063
11.41 -1.22228 0.19495
11.415 -1.17072 0.186828
11.42 -1.11911 0.178697
11.425 -1.06744 0.170559
11.43 -1.01573 0.162413
11.435 -0.963975 0.154261
11.44 -0.912176 0.146101
11.445 -0.860337 0.137935
11.45 -0.80846 0.129762
11.455 -0.756546 0.121584
11.46 -0.704599 0.113401
11.465 -0.652621 0.105212
11.47 -0.600613 0.0970191
11.475 -0.548579 0.0888215
11.48 -0.49652 0.0806199
11.485 -0.444438 0.0724147
11.49 -0.392337 0.0642062
11.495 -0.340218 0.0559949
11.5 -0.288084 0.047781
11.505 -0.235936 0.039565
11.51 -0.183778 0.0313472
11.515 -0.131612 0.023128
11.52 -0.0794399 0.0149077
11.525 -0.027264 0.00668675
11.53 0.0249131 -0.00153451
11.535 0.0770891 -0.0097557
11.54 0.129262 -0.0179764
11.545 0.181428 -0.0261964
11.55 0.233586 -0.0344151
11.555 0.285734 -0.0426322
11.56 0.337869 -0.0508474
11.565 0.389988 -0.0590603
11.57 0.442089 -0.0672704
11.575 0.494169 -0.0754775
11.58 0.546227 -0.0836811
11.585 0.59826 -0.0918808
11.59 0.650265 -0.100076
11.595 0.70224 -0.108267
11.6 0.754182 -0.116453
11.605 0.80609 -0.124633
11.61 0.85796 -0.132808
11.615 0.90979 -0.140976
11.62 0.961578 -0.149138
11.625 1.01332 -0.157293
11.63 1.06502 -0.165441
11.635 1.11666 -0.173581
11.64 1.16826 -0.181712
11.645 1.21979 -0.189835
11.65 1.27128 -0.19795
11.655 1.3227 -0.206055
11.66 1.37406 -0.21415
11.665 1.42535 -0.222235
11.67 1.47658 -0.23031
11.675 1.52774 -0.238374
11.68 1.57882 -0.246426
11.685 1.62983 -0.254467
11.69 1.68076 -0.262496
11.695 1.73162 -0.270512
11.7 1.78239 -0.278515
11.705 1.83307 -0.286506
11.71 1.88367 -0.294482
11.715 1.93418 -0.302444
11.72 1.9846 -0.310392
11.725 2.03492 -0.318326
11.73 2.08514 -0.326243
11.735 2.13526 -0.334146
11.74 2.18529 -0.342032
11.745 2.2352 -0.349901
11.75 2.28501 -0.357754
11.755 2.33471 -0.36559
11.76 2.38429 -0.373408
11.765 2.43376 -0.381208
11.77 2.48311 -0.388989
11.775 2.53235 -0.396752
11.78 2.58145 -0.404495
11.785 2.63044 -0.412219
11.79 2.67929 -0.419922
11.795 2.72802 -0.427605
11.8 2.77661 -0.435268
11.805 2.82507 -0.442909
11.81 2.87338 -0.450528
11.815 2.92156 -0.458125
11.82 2.96959 -0.4657
11.825 3.01748 -0.473252
11.83 3.06522 -0.480781
11.835 3.11281 -0.488286
11.84 3.16025 -0.495767
11.845 3.20753 -0.503224
11.85 3.25465 -0.510656
11.855 3.30161 -0.518062
11.86 3.34841 -0.525443
11.865 3.39504 -0.532798
11.87 3.44151 -0.540127
11.875 3.4878 -0.547428
11.88 3.53392 -0.554703
11.885 3.57986 -0.56195
11.89 3.62563 -0.569169
11.895 3.67121 -0.576359
11.9 3.71661 -0.583521
11.905 3.76183 -0.590653
11.91 3.80686 -0.597756
11.915 3.85169 -0.604829
11.92 3.89634 -0.611872
11.925 3.94078 -0.618884
11.93 3.98503 -0.625865
11.935 4.02908 -0.632814
11.94 4.07293 -0.639731
11.945 4.11657 -0.646617
11.95 4.16 -0.653469
11.955 4.20322 -0.660289
11.96 4.24623 -0.667075
11.965 4.28902 -0.673827
11.97 4.3316 -0.680545
11.975 4.37396 -0.687228
11.98 4.41609 -0.693877
11.985 4.458 -0.70049
11.99 4.49968 -0.707067
11.995 4.54113 -0.713609
12 4.58235 -0.720114
12.005 4.62334 -0.726582
12.01 4.66409 -0.733013
12.015 4.7046 -0.739406
12.02 4.74487 -0.745762
12.025 4.78489 -0.752079
12.03 4.82467 -0.758357
12.035 4.8642 -0.764597
12.04 4.90348 -0.770797
12.045 4.94251 -0.776957
12.05 4.98128 -0.783077
12.055 5.01979 -0.789157
12.06 5.05805 -0.795196
12.065 5.09604 -0.801193
12.07 5.13377 -0.807149
12.075 5.17123 -0.813063
12.08 5.20842 -0.818935
12.085 5.24535 -0.824765
12.09 5.282 -0.830551
12.095 5.31837 -0.836294
12.1 5.35446 -0.841994
12.105 5.39028 -0.847649
12.11 5.42581 -0.85326
12.115 5.46106 -0.858826
12.12 5.49603 -0.864348
12.125 5.5307 -0.869824
12.13 5.56509 -0.875254
12.135 5.59918 -0.880639
12.14 5.63298 -0.885977
12.145 5.66648 -0.891268
12.15 5.69968 -0.896512
12.155 5.73258 -0.901709
12.16 5.76518 -0.906859
12.165 5.79748 -0.91196
12.17 5.82946 -0.917013
12.175 5.86114 -0.922018
12.18 5.89251 -0.926973
12.185 5.92356 -0.931879
12.19 5.9543 -0.936736
12.195 5.98472 -0.941543
12.2 6.01482 -0.9463
12.205 6.0446 -0.951006
12.21 6.07406 -0.955662
12.215 6.1032 -0.960266
12.22 6.132 -0.964819
12.225 6.16048 -0.969321
12.23 6.18863 -0.97377
12.235 6.21645 -0.978167
12.24 6.24394 -0.982512
12.245 6.27108 -0.986804
12.25 6.29789 -0.991043
12.255 6.32436 -0.995228
12.26 6.3505 -0.99936
12.265 6.37628 -1.00344
12.27 6.40173 -1.00746
12.275 6.42682 -1.01143
12.28 6.45157 -1.01534
12.285 6.47597 -1.0192
12.29 6.50002 -1.02301
12.295 6.52372 -1.02676
12.3 6.54706 -1.03045
12.305 6.57004 -1.03409
12.31 6.59267 -1.03767
12.315 6.61494 -1.04119
12.32 6.63684 -1.04466
12.325 6.65839 -1.04807
12.33 6.67957 -1.05142
12.335 6.70038 -1.05472
12.34 6.72083 -1.05795
12.345 6.74091 -1.06113
12.35 6.76062 -1.06425
12.355 6.77996 -1.06732
12.36 6.79893 -1.07032
12.365 6.81752 -1.07327
12.37 6.83574 -1.07615
12.375 6.85358 -1.07898
12.38 6.87104 -1.08175
12.385 6.88813 -1.08445
12.39 6.90483 -1.0871
12.395 6.92115 -1.08969
12.4 6.93708 -1.09222
12.405 6.95264 -1.09468
12.41 6.9678 -1.09709
12.415 6.98258 -1.09943
12.42 6.99698 -1.10172
12.425 7.01098 -1.10394
12.43 7.02459 -1.1061
12.435 7.03781 -1.1082
12.44 7.05064 -1.11024
12.445 7.06307 -1.11222
12.45 7.07511 -1.11413
12.455 7.08676 -1.11598
12.46 7.09801 -1.11777
12.465 7.10886 -1.1195
12.47 7.11931 -1.12116
12.475 7.12936 -1.12276
12.48 7.13901 -1.1243
12.485 7.14826 -1.12577
12.49 7.15711 -1.12718
12.495 7.16555 -1.12853
12.5 7.17359 -1.12981
12.505 7.18123 -1.13103
12.51 7.18846 -1.13219
12.515 7.19528 -1.13328
12.52 7.2017 -1.13431
12.525 7.2077 -1.13527
12.53 7.2133 -1.13617
12.535 7.21849 -1.13701
12.54 7.22327 -1.13778
12.545 7.22765 -1.13848
12.55 7.2316 -1.13912
12.555 7.23515 -1.1397
12.56 7.23829 -1.14021
12.565 7.24101 -1.14066
12.57 7.24332 -1.14104
12.575 7.24521 -1.14135
12.58 7.2467 -1.1416
12.585 7.24776 -1.14179
12.59 7.24841 -1.14191
12.595 7.24865 -1.14196
12.6 7.24847 -1.14195
12.605 7.24787 -1.14188
12.61 7.24686 -1.14173
12.615 7.24543 -1.14153
12.62 7.24359 -1.14125
12.625 7.24132 -1.14091
12.63 7.23864 -1.14051
12.635 7.23554 -1.14004
12.64 7.23202 -1.1395
12.645 7.22809 -1.1389
12.65 7.22374 -1.13823
12.655 7.21897 -1.13749
12.66 7.21378 -1.13669
12.665 7.20817 -1.13583
12.67 7.20214 -1.13489
12.675 7.1957 -1.1339
12.68 7.18883 -1.13283
12.685 7.18155 -1.1317
12.69 7.17385 -1.13051
12.695 7.16573 -1.12924
12.7 7.1572 -1.12792
12.705 7.14824 -1.12652
12.71 7.13887 -1.12506
12.715 7.12908 -1.12354
12.72 7.11888 -1.12195
12.725 7.10826 -1.12029
12.73 7.09722 -1.11857
12.735 7.08576 -1.11678
12.74 7.07389 -1.11493
12.745 7.0616 -1.11301
12.75 7.0489 -1.11102
12.755 7.03578 -1.10897
12.76 7.02225 -1.10686
12.765 7.0083 -1.10468
12.77 6.99394 -1.10243
12.775 6.97917 -1.10012
12.78 6.96399 -1.09775
12.785 6.94839 -1.09531
12.79 6.93238 -1.0928
12.795 6.91597 -1.09023
12.8 6.89914 -1.0876
12.805 6.8819 -1.0849
12.81 6.86425 -1.08213
12.815 6.8462 -1.07931
12.82 6.82774 -1.07641
12.825 6.80887 -1.07346
12.83 6.7896 -1.07044
12.835 6.76992 -1.06735
12.84 6.74984 -1.06421
12.845 6.72936 -1.061
12.85 6.70847 -1.05772
12.855 6.68719 -1.05438
12.86 6.6655 -1.05098
12.865 6.64341 -1.04752
12.87 6.62093 -1.04399
12.875 6.59805 -1.0404
12.88 6.57477 -1.03675
12.885 6.5511 -1.03304
12.89 6.52703 -1.02926
12.895 6.50258 -1.02543
12.9 6.47773 -1.02153
12.905 6.45249 -1.01756
12.91 6.42686 -1.01354
12.915 6.40084 -1.00946
12.92 6.37444 -1.00531
12.925 6.34765 -1.00111
12.93 6.32048 -0.996844
12.935 6.29293 -0.992518
12.94 6.26499 -0.988132
12.945 6.23668 -0.983686
12.95 6.20798 -0.97918
12.955 6.17891 -0.974615
12.96 6.14947 -0.969991
12.965 6.11965 -0.965308
12.97 6.08946 -0.960566
12.975 6.0589 -0.955766
12.98 6.02797 -0.950907
12.985 5.99667 -0.945991
12.99 5.96501 -0.941017
12.995 5.93298 -0.935985
13 5.90059 -0.930896
13.005 5.86784 -0.92575
13.01 5.83473 -0.920548
13.015 5.80126 -0.915289
13.02 5.76744 -0.909975
13.025 5.73326 -0.904604
13.03 5.69873 -0.899178
13.035 5.66385 -0.893697
13.04 5.62863 -0.88816
13.045 5.59305 -0.88257
13.05 5.55714 -0.876924
13.055 5.52088 -0.871225
13.06 5.48428 -0.865472
13.065 5.44734 -0.859666
13.07 5.41007 -0.853807
13.075 5.37246 -0.847895
13.08 5.33453 -0.841931
13.085 5.29626 -0.835914
13.09 5.25766 -0.829846
13.095 5.21874 -0.823727
13.1 5.17949 -0.817556
13.105 5.13993 -0.811335
13.11 5.10004 -0.805063
13.115 5.05984 -0.798742
13.12 5.01932 -0.792371
13.125 4.97849 -0.78595
13.13 4.93735 -0.779481
13.135 4.89591 -0.772963
13.14 4.85416 -0.766397
13.145 4.8121 -0.759783
13.15 4.76975 -0.753121
13.155 4.7271 -0.746413
13.16 4.68415 -0.739658
13.165 4.64091 -0.732857
13.17 4.59738 -0.72601
13.175 4.55356 -0.719117
13.18 4.50946 -0.71218
13.185 4.46507 -0.705198
13.19 4.4204 -0.698171
13.195 4.37546 -0.691101
13.2 4.33024 -0.683987
13.205 4.28475 -0.67683
13.21 4.23899 -0.669631
13.215 4.19296 -0.66239
13.22 4.14667 -0.655106
13.225 4.10012 -0.647782
13.23 4.0533 -0.640417
13.235 4.00624 -0.633011
13.24 3.95891 -0.625565
13.245 3.91134 -0.61808
13.25 3.86353 -0.610555
13.255 3.81546 -0.602992
13.26 3.76716 -0.595391
13.265 3.71862 -0.587752
13.27 3.66984 -0.580076
13.275 3.62082 -0.572363
13.28 3.57158 -0.564614
13.285 3.52211 -0.556828
13.29 3.47242 -0.549008
13.295 3.42251 -0.541152
13.3 3.37238 -0.533262
13.305 3.32203 -0.525338
13.31 3.27147 -0.517381
13.315 3.2207 -0.50939
13.32 3.16973 -0.501367
13.325 3.11856 -0.493312
13.33 3.06718 -0.485226
13.335 3.01561 -0.477108
13.34 2.96385 -0.46896
13.345 2.9119 -0.460782
13.35 2.85976 -0.452574
13.355 2.80743 -0.444337
13.36 2.75493 -0.436072
13.365 2.70225 -0.427779
13.37 2.6494 -0.419458
13.375 2.59637 -0.411111
13.38 2.54318 -0.402737
13.385 2.48983 -0.394337
13.39 2.43631 -0.385911
13.395 2.38264 -0.377461
13.4 2.32882 -0.368986
13.405 2.27484 -0.360488
13.41 2.22072 -0.351966
13.415 2.16645 -0.343422
13.42 2.11205 -0.334855
13.425 2.0575 -0.326267
13.43 2.00283 -0.317657
13.435 1.94802 -0.309027
13.44 1.89309 -0.300377
13.445 1.83803 -0.291708
13.45 1.78286 -0.283019
13.455 1.72757 -0.274313
13.46 1.67217 -0.265588
13.465 1.61666 -0.256846
13.47 1.56104 -0.248088
13.475 1.50532 -0.239313
13.48 1.44951 -0.230523
13.485 1.3936 -0.221717
13.49 1.3376 -0.212897
13.495 1.28151 -0.204064
13.5 1.22534 -0.195217
13.505 1.16909 -0.186357
13.51 1.11276 -0.177485
13.515 1.05636 -0.168601
13.52 1 -0.159725
