0 -0 -0
0.08 -1.01944e-27 3.97098e-32
0.16 -2.1412e-24 9.92577e-29
0.12 -2.05521e-25 1.01238e-29
0.1 -2.56288e-26 1.32142e-30
0.09 -5.90697e-27 2.85281e-31
0.085 -2.52969e-27 1.11493e-31
0.09 -5.95967e-27 2.94617e-31
0.095 -1.34052e-26 7.38892e-31
0.1 -2.89254e-26 1.76852e-30
0.105 -6.01172e-26 4.05794e-30
0.11 -1.20765e-25 8.96066e-30
0.115 -2.35192e-25 1.91061e-29
0.12 -4.45229e-25 3.94526e-29
0.125 -8.21164e-25 7.90998e-29
0.13 -1.47859e-24 1.54334e-28
0.135 -2.60392e-24 2.93644e-28
0.14 -4.49225e-24 5.45806e-28
0.145 -7.60305e-24 9.92705e-28
0.15 -1.26404e-23 1.76931e-27
0.155 -2.06677e-23 3.09428e-27
0.16 -3.32691e-23 5.3163e-27
0.165 -5.27744e-23 8.98307e-27
0.17 -8.25697e-23 1.49429e-26
0.175 -1.2752e-22 2.44926e-26
0.18 -1.94544e-22 3.95898e-26
0.185 -2.93376e-22 6.31555e-26
0.19 -4.37593e-22 9.94998e-26
0.195 -6.45954e-22 1.54916e-25
0.2 -9.44164e-22 2.38505e-25
0.205 -1.36716e-21 3.63296e-25
0.21 -1.96206e-21 5.47786e-25
0.215 -2.79196e-21 8.18005e-25
0.22 -3.94077e-21 1.21029e-24
0.225 -5.51931e-21 1.77496e-24
0.23 -7.67307e-21 2.58123e-24
0.235 -1.05919e-20 3.72354e-24
0.24 -1.45219e-20 5.33e-24
0.245 -1.97809e-20 7.57318e-24
0.25 -2.67764e-20 1.06841e-23
0.255 -3.60289e-20 1.49703e-23
0.26 -4.81994e-20 2.08387e-23
0.265 -6.41241e-20 2.88247e-23
0.27 -8.48555e-20 3.96295e-23
0.275 -1.11713e-19 5.4166e-23
0.28 -1.46342e-19 7.36177e-23
0.285 -1.9079e-19 9.9511e-23
0.29 -2.47591e-19 1.33806e-22
0.295 -3.19871e-19 1.79009e-22
0.3 -4.11474e-19 2.3831e-22
0.305 -5.27105e-19 3.15753e-22
0.31 -6.72512e-19 4.16447e-22
0.315 -8.54684e-19 5.46815e-22
0.32 -1.0821e-18 7.1491e-22
0.325 -1.36502e-18 9.30788e-22
0.33 -1.71579e-18 1.20696e-21
0.335 -2.14927e-18 1.55895e-21
0.34 -2.68328e-18 2.00595e-21
0.345 -3.3391e-18 2.57158e-21
0.35 -4.14213e-18 3.2849e-21
0.355 -5.12254e-18 4.18149e-21
0.36 -6.31616e-18 5.30477e-21
0.365 -7.76536e-18 6.70765e-21
0.37 -9.5202e-18 8.45438e-21
0.375 -1.16396e-17 1.06228e-20
0.38 -1.41929e-17 1.33068e-20
0.385 -1.72613e-17 1.66198e-20
0.39 -2.094e-17 2.06979e-20
0.395 -2.53399e-17 2.57043e-20
0.4 -3.05906e-17 3.18345e-20
0.405 -3.68427e-17 3.93214e-20
0.41 -4.4271e-17 4.84427e-20
0.415 -5.30783e-17 5.95285e-20
0.42 -6.3499e-17 7.29699e-20
0.425 -7.58039e-17 8.92299e-20
0.43 -9.03051e-17 1.08855e-19
0.435 -1.07362e-16 1.32491e-19
0.44 -1.27387e-16 1.60894e-19
0.445 -1.50854e-16 1.94956e-19
0.45 -1.78306e-16 2.3572e-19
0.455 -2.10362e-16 2.84407e-19
0.46 -2.47731e-16 3.42442e-19
0.465 -2.9122e-16 4.11487e-19
0.47 -3.41749e-16 4.93477e-19
0.475 -4.00363e-16 5.90661e-19
0.48 -4.68249e-16 7.05645e-19
0.485 -5.46752e-16 8.41452e-19
0.49 -6.37397e-16 1.00157e-18
0.495 -7.41907e-16 1.19005e-18
0.5 -8.62227e-16 1.41152e-18
0.505 -1.00056e-15 1.67135e-18
0.51 -1.15936e-15 1.97569e-18
0.515 -1.34144e-15 2.33162e-18
0.52 -1.5499e-15 2.74724e-18
0.525 -1.78827e-15 3.23184e-18
0.53 -2.06049e-15 3.79602e-18
0.535 -2.37097e-15 4.4519e-18
0.54 -2.72465e-15 5.21332e-18
0.545 -3.12705e-15 6.09603e-18
0.55 -3.58433e-15 7.11793e-18
0.555 -4.10338e-15 8.29941e-18
0.56 -4.69185e-15 9.66357e-18
0.565 -5.35828e-15 1.12366e-17
0.57 -6.11215e-15 1.30482e-17
0.575 -6.96402e-15 1.5132e-17
0.58 -7.92558e-15 1.75259e-17
0.585 -9.00982e-15 2.02727e-17
0.59 -1.02311e-14 2.34206e-17
0.595 -1.16054e-14 2.70242e-17
0.6 -1.31503e-14 3.11446e-17
0.605 -1.48853e-14 3.58506e-17
0.61 -1.68318e-14 4.12195e-17
0.615 -1.90136e-14 4.7338e-17
0.62 -2.14568e-14 5.43032e-17
0.625 -2.41903e-14 6.22239e-17
0.63 -2.72457e-14 7.1222e-17
0.635 -3.0658e-14 8.14334e-17
0.64 -3.44653e-14 9.301e-17
0.645 -3.87098e-14 1.06122e-16
0.65 -4.34377e-14 1.20957e-16
0.655 -4.86995e-14 1.37727e-16
0.66 -5.45508e-14 1.56665e-16
0.665 -6.10523e-14 1.78032e-16
0.67 -6.82704e-14 2.02118e-16
0.675 -7.62778e-14 2.29244e-16
0.68 -8.51538e-14 2.59766e-16
0.685 -9.49852e-14 2.9408e-16
0.69 -1.05867e-13 3.32622e-16
0.695 -1.17901e-13 3.75878e-16
0.7 -1.31201e-13 4.24382e-16
0.705 -1.45889e-13 4.78727e-16
0.71 -1.62098e-13 5.39567e-16
0.715 -1.79973e-13 6.07621e-16
0.72 -1.99672e-13 6.83686e-16
0.725 -2.21366e-13 7.68638e-16
0.73 -2.45241e-13 8.63442e-16
0.735 -2.71498e-13 9.6916e-16
0.74 -3.00357e-13 1.08696e-15
0.745 -3.32054e-13 1.21812e-15
0.75 -3.66847e-13 1.36406e-15
0.755 -4.05013e-13 1.52632e-15
0.76 -4.46854e-13 1.7066e-15
0.765 -4.92694e-13 1.90675e-15
0.77 -5.42888e-13 2.12882e-15
0.775 -5.97813e-13 2.37504e-15
0.78 -6.57881e-13 2.64784e-15
0.785 -7.23536e-13 2.94989e-15
0.79 -7.95255e-13 3.28412e-15
0.795 -8.73554e-13 3.65371e-15
0.8 -9.58988e-13 4.06213e-15
0.805 -1.05216e-12 4.51318e-15
0.81 -1.1537e-12 5.011e-15
0.815 -1.26432e-12 5.56009e-15
0.82 -1.38476e-12 6.16537e-15
0.825 -1.51581e-12 6.83218e-15
0.83 -1.65835e-12 7.56633e-15
0.835 -1.81329e-12 8.37416e-15
0.84 -1.98164e-12 9.26254e-15
0.845 -2.16446e-12 1.02389e-14
0.85 -2.36288e-12 1.13114e-14
0.855 -2.57815e-12 1.24889e-14
0.86 -2.81158e-12 1.37808e-14
0.865 -3.06456e-12 1.51975e-14
0.87 -3.33863e-12 1.67503e-14
0.875 -3.63538e-12 1.84512e-14
0.88 -3.95656e-12 2.03135e-14
0.885 -4.304e-12 2.23513e-14
0.89 -4.6797e-12 2.45801e-14
0.895 -5.08575e-12 2.70165e-14
0.9 -5.52443e-12 2.96784e-14
0.905 -5.99813e-12 3.25854e-14
0.91 -6.50945e-12 3.57583e-14
0.915 -7.06112e-12 3.92198e-14
0.92 -7.65607e-12 4.29944e-14
0.925 -8.29745e-12 4.71082e-14
0.93 -8.98856e-12 5.15898e-14
0.935 -9.73298e-12 5.64697e-14
0.94 -1.05345e-11 6.17808e-14
0.945 -1.13971e-11 6.75585e-14
0.95 -1.23251e-11 7.3841e-14
0.955 -1.33231e-11 8.06692e-14
0.96 -1.43958e-11 8.80874e-14
0.965 -1.55486e-11 9.61428e-14
0.97 -1.67868e-11 1.04886e-13
0.975 -1.81164e-11 1.14373e-13
0.98 -1.95434e-11 1.24661e-13
0.985 -2.10745e-11 1.35814e-13
0.99 -2.27167e-11 1.47899e-13
0.995 -2.44773e-11 1.60988e-13
1 -2.63643e-11 1.7516e-13
1.005 -2.8386e-11 1.90497e-13
1.01 -3.05512e-11 2.07089e-13
1.015 -3.28693e-11 2.25031e-13
1.02 -3.53502e-11 2.44426e-13
1.025 -3.80046e-11 2.65382e-13
1.03 -4.08435e-11 2.88017e-13
1.035 -4.38787e-11 3.12455e-13
1.04 -4.71228e-11 3.38831e-13
1.045 -5.05889e-11 3.67287e-13
1.05 -5.4291e-11 3.97975e-13
1.055 -5.8244e-11 4.31059e-13
1.06 -6.24634e-11 4.66713e-13
1.065 -6.69659e-11 5.05122e-13
1.07 -7.17688e-11 5.46485e-13
1.075 -7.68906e-11 5.91012e-13
1.08 -8.23509e-11 6.38928e-13
1.085 -8.81701e-11 6.90474e-13
1.09 -9.43699e-11 7.45904e-13
1.095 -1.00973e-10 8.05493e-13
1.1 -1.08005e-10 8.69529e-13
1.105 -1.15489e-10 9.38321e-13
1.11 -1.23454e-10 1.0122e-12
1.115 -1.31927e-10 1.09151e-12
1.12 -1.40938e-10 1.17663e-12
1.125 -1.5052e-10 1.26794e-12
1.13 -1.60704e-10 1.36588e-12
1.135 -1.71526e-10 1.47089e-12
1.14 -1.83022e-10 1.58344e-12
1.145 -1.95232e-10 1.70403e-12
1.15 -2.08196e-10 1.83321e-12
1.155 -2.21957e-10 1.97153e-12
1.16 -2.3656e-10 2.1196e-12
1.165 -2.52051e-10 2.27806e-12
1.17 -2.68482e-10 2.44759e-12
1.175 -2.85904e-10 2.62891e-12
1.18 -3.04373e-10 2.82277e-12
1.185 -3.23946e-10 3.02999e-12
1.19 -3.44683e-10 3.25142e-12
1.195 -3.66649e-10 3.48796e-12
1.2 -3.89911e-10 3.74058e-12
1.205 -4.14539e-10 4.0103e-12
1.21 -4.40606e-10 4.29817e-12
1.215 -4.6819e-10 4.60536e-12
1.22 -4.97372e-10 4.93305e-12
1.225 -5.28237e-10 5.28252e-12
1.23 -5.60875e-10 5.65511e-12
1.235 -5.95379e-10 6.05226e-12
1.24 -6.31847e-10 6.47545e-12
1.245 -6.70381e-10 6.92629e-12
1.25 -7.11091e-10 7.40644e-12
1.255 -7.54087e-10 7.91769e-12
1.26 -7.9949e-10 8.4619e-12
1.265 -8.47421e-10 9.04104e-12
1.27 -8.98011e-10 9.6572e-12
1.275 -9.51395e-10 1.03126e-11
1.28 -1.00772e-09 1.10095e-11
1.285 -1.06712e-09 1.17504e-11
1.29 -1.12976e-09 1.25379e-11
1.295 -1.19581e-09 1.33747e-11
1.3 -1.26543e-09 1.42636e-11
1.305 -1.3388e-09 1.52077e-11
1.31 -1.4161e-09 1.62102e-11
1.315 -1.49753e-09 1.72744e-11
1.32 -1.58329e-09 1.84038e-11
1.325 -1.6736e-09 1.96021e-11
1.33 -1.76867e-09 2.08734e-11
1.335 -1.86873e-09 2.22216e-11
1.34 -1.97403e-09 2.36511e-11
1.345 -2.08482e-09 2.51666e-11
1.35 -2.20135e-09 2.67726e-11
1.355 -2.32392e-09 2.84744e-11
1.36 -2.45279e-09 3.02772e-11
1.365 -2.58827e-09 3.21866e-11
1.37 -2.73067e-09 3.42084e-11
1.375 -2.88031e-09 3.63487e-11
1.38 -3.03754e-09 3.86142e-11
1.385 -3.20271e-09 4.10114e-11
1.39 -3.37617e-09 4.35475e-11
1.395 -3.55833e-09 4.62301e-11
1.4 -3.74957e-09 4.9067e-11
1.405 -3.95031e-09 5.20664e-11
1.41 -4.16099e-09 5.52369e-11
1.415 -4.38205e-09 5.85877e-11
1.42 -4.61397e-09 6.21282e-11
1.425 -4.85724e-09 6.58684e-11
1.43 -5.11236e-09 6.98189e-11
1.435 -5.37987e-09 7.39904e-11
1.44 -5.66032e-09 7.83947e-11
1.445 -5.95428e-09 8.30436e-11
1.45 -6.26235e-09 8.79498e-11
1.455 -6.58515e-09 9.31266e-11
1.46 -6.92332e-09 9.85878e-11
1.465 -7.27755e-09 1.04348e-10
1.47 -7.64852e-09 1.10422e-10
1.475 -8.03697e-09 1.16826e-10
1.48 -8.44365e-09 1.23577e-10
1.485 -8.86934e-09 1.30692e-10
1.49 -9.31486e-09 1.38189e-10
1.495 -9.78105e-09 1.46087e-10
1.5 -1.02688e-08 1.54407e-10
1.505 -1.0779e-08 1.63168e-10
1.51 -1.13127e-08 1.72394e-10
1.515 -1.18707e-08 1.82106e-10
1.52 -1.24542e-08 1.92329e-10
1.525 -1.30642e-08 2.03088e-10
1.53 -1.37017e-08 2.14407e-10
1.535 -1.4368e-08 2.26316e-10
1.54 -1.50642e-08 2.38841e-10
1.545 -1.57916e-08 2.52013e-10
1.55 -1.65514e-08 2.65863e-10
1.555 -1.7345e-08 2.80423e-10
1.56 -1.81737e-08 2.95726e-10
1.565 -1.9039e-08 3.11809e-10
1.57 -1.99423e-08 3.28708e-10
1.575 -2.08852e-08 3.4646e-10
1.58 -2.18692e-08 3.65107e-10
1.585 -2.28961e-08 3.8469e-10
1.59 -2.39674e-08 4.05253e-10
1.595 -2.5085e-08 4.26841e-10
1.6 -2.62508e-08 4.49501e-10
1.605 -2.74665e-08 4.73283e-10
1.61 -2.87342e-08 4.98238e-10
1.615 -3.0056e-08 5.2442e-10
1.62 -3.14338e-08 5.51885e-10
1.625 -3.28699e-08 5.80692e-10
1.63 -3.43666e-08 6.109e-10
1.635 -3.59261e-08 6.42574e-10
1.64 -3.7551e-08 6.75779e-10
1.645 -3.92437e-08 7.10583e-10
1.65 -4.10067e-08 7.47059e-10
1.655 -4.28429e-08 7.8528e-10
1.66 -4.47549e-08 8.25324e-10
1.665 -4.67456e-08 8.67272e-10
1.67 -4.8818e-08 9.11206e-10
1.675 -5.09751e-08 9.57216e-10
1.68 -5.32202e-08 1.00539e-09
1.685 -5.55565e-08 1.05583e-09
1.69 -5.79873e-08 1.10862e-09
1.695 -6.05163e-08 1.16387e-09
1.7 -6.31469e-08 1.22169e-09
1.705 -6.5883e-08 1.28219e-09
1.71 -6.87284e-08 1.34547e-09
1.715 -7.16872e-08 1.41167e-09
1.72 -7.47633e-08 1.4809e-09
1.725 -7.79612e-08 1.5533e-09
1.73 -8.12851e-08 1.629e-09
1.735 -8.47397e-08 1.70813e-09
1.74 -8.83297e-08 1.79084e-09
1.745 -9.20598e-08 1.87728e-09
1.75 -9.59351e-08 1.96761e-09
1.755 -9.99608e-08 2.06199e-09
1.76 -1.04142e-07 2.16059e-09
1.765 -1.08485e-07 2.26358e-09
1.77 -1.12994e-07 2.37114e-09
1.775 -1.17676e-07 2.48346e-09
1.78 -1.22537e-07 2.60074e-09
1.785 -1.27583e-07 2.72317e-09
1.79 -1.3282e-07 2.85097e-09
1.795 -1.38255e-07 2.98436e-09
1.8 -1.43896e-07 3.12356e-09
1.805 -1.49748e-07 3.26881e-09
1.81 -1.55819e-07 3.42034e-09
1.815 -1.62117e-07 3.57841e-09
1.82 -1.68649e-07 3.74329e-09
1.825 -1.75424e-07 3.91524e-09
1.83 -1.8245e-07 4.09454e-09
1.835 -1.89734e-07 4.28148e-09
1.84 -1.97287e-07 4.47637e-09
1.845 -2.05116e-07 4.67952e-09
1.85 -2.13231e-07 4.89125e-09
1.855 -2.21641e-07 5.1119e-09
1.86 -2.30358e-07 5.34181e-09
1.865 -2.39389e-07 5.58134e-09
1.87 -2.48746e-07 5.83087e-09
1.875 -2.5844e-07 6.09078e-09
1.88 -2.68482e-07 6.36147e-09
1.885 -2.78883e-07 6.64335e-09
1.89 -2.89654e-07 6.93686e-09
1.895 -3.00808e-07 7.24243e-09
1.9 -3.12357e-07 7.56052e-09
1.905 -3.24315e-07 7.89161e-09
1.91 -3.36693e-07 8.23619e-09
1.915 -3.49506e-07 8.59477e-09
1.92 -3.62767e-07 8.96786e-09
1.925 -3.76491e-07 9.35602e-09
1.93 -3.90693e-07 9.75981e-09
1.935 -4.05387e-07 1.01798e-08
1.94 -4.20589e-07 1.06166e-08
1.945 -4.36315e-07 1.10708e-08
1.95 -4.52582e-07 1.15431e-08
1.955 -4.69407e-07 1.20342e-08
1.96 -4.86806e-07 1.25446e-08
1.965 -5.04798e-07 1.30752e-08
1.97 -5.23402e-07 1.36267e-08
1.975 -5.42635e-07 1.41997e-08
1.98 -5.62518e-07 1.47952e-08
1.985 -5.83071e-07 1.54139e-08
1.99 -6.04313e-07 1.60567e-08
1.995 -6.26267e-07 1.67243e-08
2 -6.48953e-07 1.74178e-08
2.005 -6.72394e-07 1.81379e-08
2.01 -6.96613e-07 1.88858e-08
2.015 -7.21633e-07 1.96623e-08
2.02 -7.47478e-07 2.04685e-08
2.025 -7.74173e-07 2.13053e-08
2.03 -8.01744e-07 2.2174e-08
2.035 -8.30216e-07 2.30756e-08
2.04 -8.59617e-07 2.40112e-08
2.045 -8.89974e-07 2.49821e-08
2.05 -9.21314e-07 2.59894e-08
2.055 -9.53668e-07 2.70345e-08
2.06 -9.87065e-07 2.81186e-08
2.065 -1.02153e-06 2.9243e-08
2.07 -1.05711e-06 3.04092e-08
2.075 -1.09382e-06 3.16186e-08
2.08 -1.1317e-06 3.28727e-08
2.085 -1.17079e-06 3.4173e-08
2.09 -1.21111e-06 3.5521e-08
2.095 -1.25271e-06 3.69184e-08
2.1 -1.29561e-06 3.83668e-08
2.105 -1.33987e-06 3.98679e-08
2.11 -1.38551e-06 4.14236e-08
2.115 -1.43258e-06 4.30357e-08
2.12 -1.48111e-06 4.47059e-08
2.125 -1.53115e-06 4.64363e-08
2.13 -1.58274e-06 4.82289e-08
2.135 -1.63593e-06 5.00857e-08
2.14 -1.69075e-06 5.20088e-08
2.145 -1.74726e-06 5.40004e-08
2.15 -1.80549e-06 5.60628e-08
2.155 -1.86551e-06 5.81982e-08
2.16 -1.92735e-06 6.04091e-08
2.165 -1.99108e-06 6.26979e-08
2.17 -2.05673e-06 6.50672e-08
2.175 -2.12436e-06 6.75195e-08
2.18 -2.19404e-06 7.00575e-08
2.185 -2.2658e-06 7.2684e-08
2.19 -2.33972e-06 7.54018e-08
2.195 -2.41584e-06 7.82138e-08
2.2 -2.49423e-06 8.1123e-08
2.205 -2.57495e-06 8.41326e-08
2.21 -2.65806e-06 8.72457e-08
2.215 -2.74363e-06 9.04656e-08
2.22 -2.83172e-06 9.37956e-08
2.225 -2.9224e-06 9.72392e-08
2.23 -3.01573e-06 1.008e-07
2.235 -3.11179e-06 1.04482e-07
2.24 -3.21065e-06 1.08288e-07
2.245 -3.31239e-06 1.12223e-07
2.25 -3.41707e-06 1.1629e-07
2.255 -3.52478e-06 1.20494e-07
2.26 -3.6356e-06 1.24838e-07
2.265 -3.7496e-06 1.29328e-07
2.27 -3.86687e-06 1.33967e-07
2.275 -3.9875e-06 1.38761e-07
2.28 -4.11156e-06 1.43713e-07
2.285 -4.23915e-06 1.48829e-07
2.29 -4.37036e-06 1.54114e-07
2.295 -4.50529e-06 1.59572e-07
2.3 -4.64402e-06 1.65209e-07
2.305 -4.78665e-06 1.71031e-07
2.31 -4.93329e-06 1.77043e-07
2.315 -5.08403e-06 1.8325e-07
2.32 -5.23898e-06 1.89659e-07
2.325 -5.39825e-06 1.96275e-07
2.33 -5.56193e-06 2.03105e-07
2.335 -5.73015e-06 2.10154e-07
2.34 -5.90301e-06 2.1743e-07
2.345 -6.08064e-06 2.2494e-07
2.35 -6.26314e-06 2.32689e-07
2.355 -6.45065e-06 2.40685e-07
2.36 -6.64328e-06 2.48935e-07
2.365 -6.84116e-06 2.57447e-07
2.37 -7.04442e-06 2.66229e-07
2.375 -7.25318e-06 2.75287e-07
2.38 -7.4676e-06 2.8463e-07
2.385 -7.68779e-06 2.94267e-07
2.39 -7.91391e-06 3.04205e-07
2.395 -8.1461e-06 3.14453e-07
2.4 -8.3845e-06 3.25021e-07
2.405 -8.62926e-06 3.35917e-07
2.41 -8.88053e-06 3.47151e-07
2.415 -9.13848e-06 3.58732e-07
2.42 -9.40325e-06 3.7067e-07
2.425 -9.67502e-06 3.82975e-07
2.43 -9.95395e-06 3.95658e-07
2.435 -1.02402e-05 4.08729e-07
2.44 -1.0534e-05 4.22199e-07
2.445 -1.08354e-05 4.36079e-07
2.45 -1.11447e-05 4.5038e-07
2.455 -1.1462e-05 4.65115e-07
2.46 -1.17876e-05 4.80295e-07
2.465 -1.21216e-05 4.95932e-07
2.47 -1.24642e-05 5.1204e-07
2.475 -1.28156e-05 5.28631e-07
2.48 -1.3176e-05 5.45718e-07
2.485 -1.35457e-05 5.63315e-07
2.49 -1.39248e-05 5.81436e-07
2.495 -1.43136e-05 6.00095e-07
2.5 -1.47122e-05 6.19307e-07
2.505 -1.51209e-05 6.39086e-07
2.51 -1.554e-05 6.59449e-07
2.515 -1.59696e-05 6.8041e-07
2.52 -1.64101e-05 7.01986e-07
2.525 -1.68615e-05 7.24194e-07
2.53 -1.73243e-05 7.47049e-07
2.535 -1.77987e-05 7.7057e-07
2.54 -1.82848e-05 7.94774e-07
2.545 -1.8783e-05 8.19679e-07
2.55 -1.92935e-05 8.45304e-07
2.555 -1.98167e-05 8.71668e-07
2.56 -2.03527e-05 8.9879e-07
2.565 -2.09019e-05 9.2669e-07
2.57 -2.14646e-05 9.55389e-07
2.575 -2.2041e-05 9.84907e-07
2.58 -2.26315e-05 1.01527e-06
2.585 -2.32364e-05 1.04649e-06
2.59 -2.38559e-05 1.07859e-06
2.595 -2.44905e-05 1.11161e-06
2.6 -2.51403e-05 1.14555e-06
2.605 -2.58058e-05 1.18045e-06
2.61 -2.64873e-05 1.21633e-06
2.615 -2.71852e-05 1.25321e-06
2.62 -2.78997e-05 1.29113e-06
2.625 -2.86312e-05 1.3301e-06
2.63 -2.93802e-05 1.37015e-06
2.635 -3.01469e-05 1.41132e-06
2.64 -3.09317e-05 1.45362e-06
2.645 -3.17351e-05 1.49709e-06
2.65 -3.25574e-05 1.54176e-06
2.655 -3.3399e-05 1.58766e-06
2.66 -3.42604e-05 1.63481e-06
2.665 -3.51418e-05 1.68325e-06
2.67 -3.60439e-05 1.73301e-06
2.675 -3.69668e-05 1.78413e-06
2.68 -3.79112e-05 1.83664e-06
2.685 -3.88775e-05 1.89056e-06
2.69 -3.98661e-05 1.94594e-06
2.695 -4.08774e-05 2.00282e-06
2.7 -4.1912e-05 2.06122e-06
2.705 -4.29702e-05 2.12119e-06
2.71 -4.40527e-05 2.18276e-06
2.715 -4.51598e-05 2.24598e-06
2.72 -4.62921e-05 2.31088e-06
2.725 -4.74501e-05 2.37751e-06
2.73 -4.86343e-05 2.4459e-06
2.735 -4.98452e-05 2.5161e-06
2.74 -5.10834e-05 2.58815e-06
2.745 -5.23494e-05 2.6621e-06
2.75 -5.36438e-05 2.73799e-06
2.755 -5.49671e-05 2.81586e-06
2.76 -5.632e-05 2.89577e-06
2.765 -5.77029e-05 2.97777e-06
2.77 -5.91165e-05 3.0619e-06
2.775 -6.05614e-05 3.14821e-06
2.78 -6.20383e-05 3.23675e-06
2.785 -6.35476e-05 3.32758e-06
2.79 -6.50901e-05 3.42076e-06
2.795 -6.66664e-05 3.51632e-06
2.8 -6.82772e-05 3.61434e-06
2.805 -6.99232e-05 3.71487e-06
2.81 -7.16049e-05 3.81796e-06
2.815 -7.33232e-05 3.92368e-06
2.82 -7.50787e-05 4.03209e-06
2.825 -7.68721e-05 4.14324e-06
2.83 -7.87041e-05 4.25721e-06
2.835 -8.05756e-05 4.37405e-06
2.84 -8.24872e-05 4.49383e-06
2.845 -8.44396e-05 4.61662e-06
2.85 -8.64338e-05 4.74249e-06
2.855 -8.84704e-05 4.8715e-06
2.86 -9.05503e-05 5.00373e-06
2.865 -9.26742e-05 5.13926e-06
2.87 -9.4843e-05 5.27815e-06
2.875 -9.70576e-05 5.42048e-06
2.88 -9.93187e-05 5.56632e-06
2.885 -0.000101627 5.71577e-06
2.89 -0.000103984 5.86889e-06
2.895 -0.00010639 6.02576e-06
2.9 -0.000108847 6.18648e-06
2.905 -0.000111354 6.35113e-06
2.91 -0.000113913 6.51979e-06
2.915 -0.000116526 6.69256e-06
2.92 -0.000119192 6.86951e-06
2.925 -0.000121913 7.05075e-06
2.93 -0.00012469 7.23637e-06
2.935 -0.000127524 7.42646e-06
2.94 -0.000130416 7.62113e-06
2.945 -0.000133366 7.82046e-06
2.95 -0.000136377 8.02457e-06
2.955 -0.000139449 8.23355e-06
2.96 -0.000142583 8.44751e-06
2.965 -0.00014578 8.66655e-06
2.97 -0.000149042 8.8908e-06
2.975 -0.000152369 9.12035e-06
2.98 -0.000155764 9.35532e-06
2.985 -0.000159226 9.59583e-06
2.99 -0.000162757 9.84199e-06
2.995 -0.000166358 1.00939e-05
3 -0.000170031 1.03518e-05
3.005 -0.000173777 1.06156e-05
3.01 -0.000177596 1.08856e-05
3.015 -0.000181492 1.11619e-05
3.02 -0.000185463 1.14446e-05
3.025 -0.000189513 1.17338e-05
3.03 -0.000193642 1.20297e-05
3.035 -0.000197852 1.23324e-05
3.04 -0.000202144 1.26421e-05
3.045 -0.000206519 1.29589e-05
3.05 -0.000210979 1.32829e-05
3.055 -0.000215526 1.36143e-05
3.06 -0.00022016 1.39533e-05
3.065 -0.000224884 1.43e-05
3.07 -0.000229698 1.46546e-05
3.075 -0.000234605 1.50171e-05
3.08 -0.000239605 1.53879e-05
3.085 -0.000244701 1.5767e-05
3.09 -0.000249894 1.61546e-05
3.095 -0.000255186 1.6551e-05
3.1 -0.000260578 1.69562e-05
3.105 -0.000266072 1.73704e-05
3.11 -0.000271669 1.77939e-05
3.115 -0.000277372 1.82268e-05
3.12 -0.000283182 1.86693e-05
3.125 -0.000289101 1.91216e-05
3.13 -0.00029513 1.95839e-05
3.135 -0.000301272 2.00563e-05
3.14 -0.000307528 2.05392e-05
3.145 -0.000313901 2.10326e-05
3.15 -0.000320391 2.15369e-05
3.155 -0.000327001 2.20521e-05
3.16 -0.000333733 2.25786e-05
3.165 -0.000340589 2.31166e-05
3.17 -0.00034757 2.36662e-05
3.175 -0.00035468 2.42277e-05
3.18 -0.000361919 2.48014e-05
3.185 -0.00036929 2.53874e-05
3.19 -0.000376795 2.5986e-05
3.195 -0.000384436 2.65975e-05
3.2 -0.000392216 2.72221e-05
3.205 -0.000400135 2.786e-05
3.21 -0.000408198 2.85115e-05
3.215 -0.000416405 2.91769e-05
3.22 -0.00042476 2.98564e-05
3.225 -0.000433264 3.05503e-05
3.23 -0.00044192 3.12589e-05
3.235 -0.00045073 3.19824e-05
3.24 -0.000459696 3.27211e-05
3.245 -0.000468821 3.34754e-05
3.25 -0.000478108 3.42454e-05
3.255 -0.000487558 3.50316e-05
3.26 -0.000497175 3.58342e-05
3.265 -0.000506961 3.66535e-05
3.27 -0.000516918 3.74897e-05
3.275 -0.00052705 3.83434e-05
3.28 -0.000537358 3.92147e-05
3.285 -0.000547845 4.01039e-05
3.29 -0.000558515 4.10115e-05
3.295 -0.00056937 4.19378e-05
3.3 -0.000580412 4.2883e-05
3.305 -0.000591644 4.38476e-05
3.31 -0.00060307 4.48319e-05
3.315 -0.000614692 4.58362e-05
3.32 -0.000626513 4.68609e-05
3.325 -0.000638536 4.79065e-05
3.33 -0.000650765 4.89732e-05
3.335 -0.000663201 5.00614e-05
3.34 -0.000675848 5.11716e-05
3.345 -0.00068871 5.23041e-05
3.35 -0.000701789 5.34594e-05
3.355 -0.000715088 5.46378e-05
3.36 -0.000728611 5.58397e-05
3.365 -0.000742362 5.70656e-05
3.37 -0.000756342 5.83159e-05
3.375 -0.000770556 5.9591e-05
3.38 -0.000785007 6.08914e-05
3.385 -0.000799699 6.22175e-05
3.39 -0.000814634 6.35698e-05
3.395 -0.000829817 6.49486e-05
3.4 -0.000845251 6.63546e-05
3.405 -0.000860939 6.77882e-05
3.41 -0.000876885 6.92497e-05
3.415 -0.000893093 7.07399e-05
3.42 -0.000909567 7.2259e-05
3.425 -0.000926309 7.38077e-05
3.43 -0.000943325 7.53864e-05
3.435 -0.000960617 7.69956e-05
3.44 -0.000978191 7.8636e-05
3.445 -0.000996048 8.0308e-05
3.45 -0.00101419 8.20121e-05
3.455 -0.00103263 8.37489e-05
3.46 -0.00105137 8.5519e-05
3.465 -0.00107041 8.73229e-05
3.47 -0.00108975 8.91612e-05
3.475 -0.0011094 9.10345e-05
3.48 -0.00112936 9.29434e-05
3.485 -0.00114964 9.48884e-05
3.49 -0.00117025 9.68703e-05
3.495 -0.00119118 9.88895e-05
3.5 -0.00121244 0.000100947
3.505 -0.00123403 0.000103043
3.51 -0.00125597 0.000105178
3.515 -0.00127825 0.000107353
3.52 -0.00130088 0.000109569
3.525 -0.00132387 0.000111826
3.53 -0.00134721 0.000114125
3.535 -0.00137091 0.000116466
3.54 -0.00139499 0.000118852
3.545 -0.00141943 0.000121281
3.55 -0.00144426 0.000123754
3.555 -0.00146947 0.000126274
3.56 -0.00149506 0.00012884
3.565 -0.00152105 0.000131452
3.57 -0.00154744 0.000134113
3.575 -0.00157423 0.000136822
3.58 -0.00160143 0.00013958
3.585 -0.00162905 0.000142388
3.59 -0.00165708 0.000145248
3.595 -0.00168554 0.000148159
3.6 -0.00171443 0.000151122
3.605 -0.00174376 0.000154139
3.61 -0.00177353 0.00015721
3.615 -0.00180374 0.000160337
3.62 -0.00183441 0.000163519
3.625 -0.00186554 0.000166758
3.63 -0.00189713 0.000170055
3.635 -0.00192919 0.000173411
3.64 -0.00196174 0.000176826
3.645 -0.00199476 0.000180301
3.65 -0.00202827 0.000183839
3.655 -0.00206228 0.000187438
3.66 -0.00209679 0.000191101
3.665 -0.00213181 0.000194828
3.67 -0.00216734 0.000198621
3.675 -0.00220339 0.00020248
3.68 -0.00223997 0.000206406
3.685 -0.00227708 0.000210401
3.69 -0.00231473 0.000214465
3.695 -0.00235293 0.000218599
3.7 -0.00239169 0.000222806
3.705 -0.002431 0.000227085
3.71 -0.00247088 0.000231437
3.715 -0.00251134 0.000235865
3.72 -0.00255237 0.000240369
3.725 -0.002594 0.00024495
3.73 -0.00263622 0.000249609
3.735 -0.00267904 0.000254347
3.74 -0.00272248 0.000259167
3.745 -0.00276653 0.000264068
3.75 -0.00281121 0.000269052
3.755 -0.00285651 0.000274121
3.76 -0.00290246 0.000279275
3.765 -0.00294906 0.000284516
3.77 -0.00299631 0.000289846
3.775 -0.00304423 0.000295264
3.78 -0.00309282 0.000300774
3.785 -0.00314208 0.000306375
3.79 -0.00319204 0.00031207
3.795 -0.00324269 0.00031786
3.8 -0.00329404 0.000323746
3.805 -0.0033461 0.000329729
3.81 -0.00339889 0.000335812
3.815 -0.0034524 0.000341995
3.82 -0.00350665 0.000348279
3.825 -0.00356165 0.000354667
3.83 -0.0036174 0.00036116
3.835 -0.00367392 0.000367759
3.84 -0.0037312 0.000374465
3.845 -0.00378927 0.000381281
3.85 -0.00384812 0.000388208
3.855 -0.00390778 0.000395248
3.86 -0.00396824 0.000402401
3.865 -0.00402953 0.00040967
3.87 -0.00409163 0.000417056
3.875 -0.00415458 0.000424561
3.88 -0.00421837 0.000432187
3.885 -0.00428301 0.000439935
3.89 -0.00434852 0.000447806
3.895 -0.0044149 0.000455804
3.9 -0.00448217 0.000463929
3.905 -0.00455034 0.000472183
3.91 -0.0046194 0.000480568
3.915 -0.00468938 0.000489085
3.92 -0.00476029 0.000497738
3.925 -0.00483213 0.000506526
3.93 -0.00490492 0.000515453
3.935 -0.00497866 0.00052452
3.94 -0.00505336 0.000533729
3.945 -0.00512905 0.000543082
3.95 -0.00520572 0.000552581
3.955 -0.00528339 0.000562228
3.96 -0.00536207 0.000572024
3.965 -0.00544177 0.000581973
3.97 -0.0055225 0.000592075
3.975 -0.00560427 0.000602334
3.98 -0.0056871 0.00061275
3.985 -0.00577099 0.000623327
3.99 -0.00585596 0.000634065
3.995 -0.00594202 0.000644968
4 -0.00602918 0.000656038
4.005 -0.00611745 0.000667277
4.01 -0.00620684 0.000678686
4.015 -0.00629737 0.000690269
4.02 -0.00638905 0.000702027
4.025 -0.00648188 0.000713962
4.03 -0.00657589 0.000726078
4.035 -0.00667108 0.000738377
4.04 -0.00676747 0.00075086
4.045 -0.00686507 0.00076353
4.05 -0.00696389 0.000776389
4.055 -0.00706394 0.000789441
4.06 -0.00716525 0.000802687
4.065 -0.00726781 0.00081613
4.07 -0.00737165 0.000829772
4.075 -0.00747677 0.000843616
4.08 -0.0075832 0.000857665
4.085 -0.00769093 0.00087192
4.09 -0.0078 0.000886386
4.095 -0.0079104 0.000901063
4.1 -0.00802217 0.000915956
4.105 -0.00813529 0.000931066
4.11 -0.0082498 0.000946397
4.115 -0.00836571 0.000961951
4.12 -0.00848303 0.00097773
4.125 -0.00860177 0.000993739
4.13 -0.00872195 0.00100998
4.135 -0.00884359 0.00102645
4.14 -0.00896669 0.00104316
4.145 -0.00909127 0.00106011
4.15 -0.00921735 0.00107731
4.155 -0.00934495 0.00109475
4.16 -0.00947407 0.00111244
4.165 -0.00960474 0.00113038
4.17 -0.00973696 0.00114858
4.175 -0.00987075 0.00116703
4.18 -0.0100061 0.00118575
4.185 -0.0101431 0.00120473
4.19 -0.0102817 0.00122397
4.195 -0.010422 0.00124349
4.2 -0.0105639 0.00126329
4.205 -0.0107074 0.00128335
4.21 -0.0108527 0.0013037
4.215 -0.0109996 0.00132434
4.22 -0.0111483 0.00134526
4.225 -0.0112987 0.00136647
4.23 -0.0114508 0.00138797
4.235 -0.0116048 0.00140978
4.24 -0.0117605 0.00143188
4.245 -0.011918 0.00145429
4.25 -0.0120773 0.001477
4.255 -0.0122384 0.00150003
4.26 -0.0124014 0.00152337
4.265 -0.0125663 0.00154703
4.27 -0.0127331 0.00157101
4.275 -0.0129017 0.00159532
4.28 -0.0130723 0.00161996
4.285 -0.0132448 0.00164493
4.29 -0.0134193 0.00167023
4.295 -0.0135958 0.00169588
4.3 -0.0137742 0.00172188
4.305 -0.0139547 0.00174822
4.31 -0.0141372 0.00177491
4.315 -0.0143218 0.00180196
4.32 -0.0145084 0.00182937
4.325 -0.0146971 0.00185715
4.33 -0.0148879 0.00188529
4.335 -0.0150809 0.00191381
4.34 -0.015276 0.0019427
4.345 -0.0154733 0.00197197
4.35 -0.0156727 0.00200163
4.355 -0.0158744 0.00203168
4.36 -0.0160782 0.00206212
4.365 -0.0162844 0.00209296
4.37 -0.0164928 0.0021242
4.375 -0.0167034 0.00215584
4.38 -0.0169164 0.0021879
4.385 -0.0171317 0.00222037
4.39 -0.0173494 0.00225326
4.395 -0.0175694 0.00228658
4.4 -0.0177918 0.00232032
4.405 -0.0180166 0.0023545
4.41 -0.0182439 0.00238911
4.415 -0.0184736 0.00242417
4.42 -0.0187058 0.00245967
4.425 -0.0189405 0.00249562
4.43 -0.0191776 0.00253203
4.435 -0.0194174 0.0025689
4.44 -0.0196597 0.00260624
4.445 -0.0199045 0.00264405
4.45 -0.020152 0.00268233
4.455 -0.0204021 0.0027211
4.46 -0.0206549 0.00276034
4.465 -0.0209103 0.00280008
4.47 -0.0211684 0.00284032
4.475 -0.0214292 0.00288105
4.48 -0.0216928 0.00292229
4.485 -0.0219591 0.00296404
4.49 -0.0222283 0.0030063
4.495 -0.0225002 0.00304909
4.5 -0.022775 0.0030924
4.505 -0.0230526 0.00313624
4.51 -0.0233331 0.00318062
4.515 -0.0236165 0.00322554
4.52 -0.0239029 0.00327101
4.525 -0.0241922 0.00331703
4.53 -0.0244844 0.00336361
4.535 -0.0247797 0.00341075
4.54 -0.025078 0.00345847
4.545 -0.0253793 0.00350675
4.55 -0.0256838 0.00355562
4.555 -0.0259913 0.00360507
4.56 -0.0263019 0.00365511
4.565 -0.0266157 0.00370575
4.57 -0.0269327 0.00375699
4.575 -0.0272529 0.00380884
4.58 -0.0275763 0.00386131
4.585 -0.027903 0.0039144
4.59 -0.0282329 0.00396811
4.595 -0.0285661 0.00402245
4.6 -0.0289027 0.00407743
4.605 -0.0292427 0.00413306
4.61 -0.029586 0.00418933
4.615 -0.0299327 0.00424626
4.62 -0.0302829 0.00430385
4.625 -0.0306365 0.00436212
4.63 -0.0309936 0.00442105
4.635 -0.0313542 0.00448067
4.64 -0.0317184 0.00454097
4.645 -0.0320862 0.00460196
4.65 -0.0324575 0.00466366
4.655 -0.0328325 0.00472606
4.66 -0.0332111 0.00478917
4.665 -0.0335935 0.004853
4.67 -0.0339795 0.00491755
4.675 -0.0343692 0.00498284
4.68 -0.0347628 0.00504887
4.685 -0.0351601 0.00511563
4.69 -0.0355613 0.00518315
4.695 -0.0359663 0.00525143
4.7 -0.0363752 0.00532047
4.705 -0.036788 0.00539029
4.71 -0.0372047 0.00546088
4.715 -0.0376254 0.00553225
4.72 -0.0380501 0.00560442
4.725 -0.0384788 0.00567738
4.73 -0.0389116 0.00575115
4.735 -0.0393485 0.00582573
4.74 -0.0397895 0.00590113
4.745 -0.0402346 0.00597736
4.75 -0.0406839 0.00605441
4.755 -0.0411374 0.00613231
4.76 -0.0415952 0.00621106
4.765 -0.0420572 0.00629066
4.77 -0.0425235 0.00637112
4.775 -0.0429941 0.00645245
4.78 -0.0434691 0.00653465
4.785 -0.0439485 0.00661774
4.79 -0.0444323 0.00670172
4.795 -0.0449205 0.00678659
4.8 -0.0454133 0.00687237
4.805 -0.0459105 0.00695906
4.81 -0.0464123 0.00704668
4.815 -0.0469187 0.00713522
4.82 -0.0474297 0.00722469
4.825 -0.0479453 0.0073151
4.83 -0.0484655 0.00740647
4.835 -0.0489905 0.00749879
4.84 -0.0495202 0.00759208
4.845 -0.0500547 0.00768634
4.85 -0.050594 0.00778158
4.855 -0.0511381 0.0078778
4.86 -0.0516871 0.00797503
4.865 -0.052241 0.00807325
4.87 -0.0527998 0.00817249
4.875 -0.0533635 0.00827275
4.88 -0.0539323 0.00837403
4.885 -0.0545061 0.00847635
4.89 -0.0550849 0.00857971
4.895 -0.0556689 0.00868412
4.9 -0.0562579 0.00878958
4.905 -0.0568522 0.00889612
4.91 -0.0574516 0.00900373
4.915 -0.0580562 0.00911242
4.92 -0.0586661 0.0092222
4.925 -0.0592814 0.00933308
4.93 -0.0599019 0.00944507
4.935 -0.0605278 0.00955817
4.94 -0.0611591 0.0096724
4.945 -0.0617958 0.00978776
4.95 -0.062438 0.00990425
4.955 -0.0630857 0.0100219
4.96 -0.0637389 0.0101407
4.965 -0.0643976 0.0102607
4.97 -0.065062 0.0103818
4.975 -0.0657321 0.0105041
4.98 -0.0664077 0.0106276
4.985 -0.0670891 0.0107523
4.99 -0.0677763 0.0108782
4.995 -0.0684692 0.0110054
5 -0.0691679 0.0111337
5.005 -0.0698725 0.0112633
5.01 -0.0705829 0.0113941
5.015 -0.0712993 0.0115262
5.02 -0.0720216 0.0116595
5.025 -0.0727499 0.0117941
5.03 -0.0734842 0.01193
5.035 -0.0742246 0.0120671
5.04 -0.0749711 0.0122056
5.045 -0.0757236 0.0123453
5.05 -0.0764824 0.0124864
5.055 -0.0772474 0.0126288
5.06 -0.0780185 0.0127725
5.065 -0.078796 0.0129175
5.07 -0.0795798 0.0130639
5.075 -0.0803699 0.0132116
5.08 -0.0811663 0.0133607
5.085 -0.0819692 0.0135112
5.09 -0.0827786 0.013663
5.095 -0.0835944 0.0138162
5.1 -0.0844167 0.0139709
5.105 -0.0852456 0.0141269
5.11 -0.0860811 0.0142843
5.115 -0.0869233 0.0144432
5.12 -0.0877721 0.0146035
5.125 -0.0886275 0.0147652
5.13 -0.0894898 0.0149284
5.135 -0.0903588 0.0150931
5.14 -0.0912346 0.0152592
5.145 -0.0921172 0.0154268
5.15 -0.0930067 0.0155959
5.155 -0.0939032 0.0157665
5.16 -0.0948066 0.0159386
5.165 -0.095717 0.0161121
5.17 -0.0966344 0.0162873
5.175 -0.0975589 0.0164639
5.18 -0.0984905 0.0166421
5.185 -0.0994292 0.0168218
5.19 -0.100375 0.0170031
5.195 -0.101328 0.017186
5.2 -0.102289 0.0173704
5.205 -0.103256 0.0175564
5.21 -0.104231 0.0177441
5.215 -0.105213 0.0179333
5.22 -0.106203 0.0181241
5.225 -0.1072 0.0183166
5.23 -0.108205 0.0185106
5.235 -0.109217 0.0187064
5.24 -0.110236 0.0189037
5.245 -0.111263 0.0191027
5.25 -0.112298 0.0193034
5.255 -0.113341 0.0195058
5.26 -0.114391 0.0197098
5.265 -0.115448 0.0199156
5.27 -0.116514 0.020123
5.275 -0.117587 0.0203322
5.28 -0.118669 0.0205431
5.285 -0.119757 0.0207557
5.29 -0.120854 0.02097
5.295 -0.121959 0.0211861
5.3 -0.123072 0.0214039
5.305 -0.124193 0.0216235
5.31 -0.125322 0.0218449
5.315 -0.126458 0.0220681
5.32 -0.127603 0.022293
5.325 -0.128757 0.0225198
5.33 -0.129918 0.0227484
5.335 -0.131087 0.0229787
5.34 -0.132265 0.0232109
5.345 -0.133451 0.023445
5.35 -0.134645 0.0236809
5.355 -0.135848 0.0239186
5.36 -0.137059 0.0241582
5.365 -0.138279 0.0243997
5.37 -0.139507 0.0246431
5.375 -0.140743 0.0248883
5.38 -0.141988 0.0251355
5.385 -0.143241 0.0253845
5.39 -0.144503 0.0256355
5.395 -0.145774 0.0258883
5.4 -0.147053 0.0261432
5.405 -0.148342 0.0263999
5.41 -0.149638 0.0266586
5.415 -0.150944 0.0269193
5.42 -0.152258 0.0271819
5.425 -0.153581 0.0274465
5.43 -0.154913 0.0277131
5.435 -0.156254 0.0279817
5.44 -0.157604 0.0282523
5.445 -0.158962 0.0285249
5.45 -0.16033 0.0287995
5.455 -0.161707 0.0290761
5.46 -0.163093 0.0293547
5.465 -0.164488 0.0296354
5.47 -0.165891 0.0299182
5.475 -0.167305 0.030203
5.48 -0.168727 0.0304899
5.485 -0.170158 0.0307788
5.49 -0.171599 0.0310698
5.495 -0.173049 0.031363
5.5 -0.174508 0.0316582
5.505 -0.175977 0.0319555
5.51 -0.177455 0.0322549
5.515 -0.178942 0.0325565
5.52 -0.180439 0.0328602
5.525 -0.181945 0.033166
5.53 -0.183461 0.033474
5.535 -0.184986 0.0337841
5.54 -0.18652 0.0340964
5.545 -0.188065 0.0344108
5.55 -0.189618 0.0347274
5.555 -0.191182 0.0350462
5.56 -0.192755 0.0353672
5.565 -0.194338 0.0356904
5.57 -0.19593 0.0360158
5.575 -0.197532 0.0363434
5.58 -0.199144 0.0366732
5.585 -0.200766 0.0370053
5.59 -0.202397 0.0373396
5.595 -0.204039 0.0376761
5.6 -0.20569 0.0380149
5.605 -0.207351 0.0383559
5.61 -0.209022 0.0386992
5.615 -0.210703 0.0390447
5.62 -0.212394 0.0393926
5.625 -0.214094 0.0397427
5.63 -0.215805 0.0400951
5.635 -0.217526 0.0404497
5.64 -0.219257 0.0408067
5.645 -0.220998 0.041166
5.65 -0.222749 0.0415276
5.655 -0.22451 0.0418916
5.66 -0.226281 0.0422578
5.665 -0.228063 0.0426264
5.67 -0.229854 0.0429973
5.675 -0.231656 0.0433706
5.68 -0.233468 0.0437462
5.685 -0.235291 0.0441242
5.69 -0.237123 0.0445045
5.695 -0.238966 0.0448872
5.7 -0.240819 0.0452723
5.705 -0.242683 0.0456597
5.71 -0.244556 0.0460496
5.715 -0.246441 0.0464418
5.72 -0.248335 0.0468364
5.725 -0.25024 0.0472334
5.73 -0.252155 0.0476328
5.735 -0.254081 0.0480346
5.74 -0.256017 0.0484389
5.745 -0.257964 0.0488455
5.75 -0.259921 0.0492546
5.755 -0.261889 0.0496661
5.76 -0.263867 0.05008
5.765 -0.265855 0.0504964
5.77 -0.267855 0.0509152
5.775 -0.269864 0.0513365
5.78 -0.271884 0.0517602
5.785 -0.273915 0.0521864
5.79 -0.275957 0.052615
5.795 -0.278009 0.0530461
5.8 -0.280071 0.0534796
5.805 -0.282144 0.0539156
5.81 -0.284228 0.0543541
5.815 -0.286323 0.0547951
5.82 -0.288428 0.0552385
5.825 -0.290543 0.0556845
5.83 -0.29267 0.0561329
5.835 -0.294807 0.0565838
5.84 -0.296954 0.0570371
5.845 -0.299113 0.057493
5.85 -0.301282 0.0579514
5.855 -0.303462 0.0584123
5.86 -0.305652 0.0588757
5.865 -0.307853 0.0593416
5.87 -0.310065 0.0598099
5.875 -0.312287 0.0602808
5.88 -0.314521 0.0607543
5.885 -0.316765 0.0612302
5.89 -0.319019 0.0617086
5.895 -0.321285 0.0621896
5.9 -0.323561 0.062673
5.905 -0.325848 0.063159
5.91 -0.328145 0.0636475
5.915 -0.330453 0.0641386
5.92 -0.332772 0.0646321
5.925 -0.335102 0.0651282
5.93 -0.337442 0.0656268
5.935 -0.339794 0.0661279
5.94 -0.342155 0.0666316
5.945 -0.344528 0.0671377
5.95 -0.346911 0.0676464
5.955 -0.349305 0.0681577
5.96 -0.351709 0.0686714
5.965 -0.354125 0.0691877
5.97 -0.356551 0.0697065
5.975 -0.358987 0.0702278
5.98 -0.361434 0.0707517
5.985 -0.363892 0.071278
5.99 -0.366361 0.0718069
5.995 -0.36884 0.0723383
6 -0.371329 0.0728723
6.005 -0.37383 0.0734087
6.01 -0.376341 0.0739477
6.015 -0.378862 0.0744892
6.02 -0.381394 0.0750332
6.025 -0.383937 0.0755797
6.03 -0.38649 0.0761288
6.035 -0.389053 0.0766803
6.04 -0.391627 0.0772343
6.045 -0.394212 0.0777909
6.05 -0.396807 0.0783499
6.055 -0.399412 0.0789115
6.06 -0.402028 0.0794755
6.065 -0.404655 0.0800421
6.07 -0.407291 0.0806111
6.075 -0.409938 0.0811826
6.08 -0.412596 0.0817566
6.085 -0.415264 0.082333
6.09 -0.417942 0.082912
6.095 -0.42063 0.0834934
6.1 -0.423328 0.0840773
6.105 -0.426037 0.0846636
6.11 -0.428756 0.0852524
6.115 -0.431485 0.0858436
6.12 -0.434225 0.0864373
6.125 -0.436974 0.0870335
6.13 -0.439733 0.0876321
6.135 -0.442503 0.0882331
6.14 -0.445282 0.0888365
6.145 -0.448072 0.0894423
6.15 -0.450871 0.0900506
6.155 -0.453681 0.0906613
6.16 -0.4565 0.0912744
6.165 -0.459329 0.0918898
6.17 -0.462168 0.0925077
6.175 -0.465017 0.0931279
6.18 -0.467876 0.0937506
6.185 -0.470744 0.0943756
6.19 -0.473622 0.0950029
6.195 -0.476509 0.0956326
6.2 -0.479406 0.0962647
6.205 -0.482313 0.096899
6.21 -0.485229 0.0975358
6.215 -0.488155 0.0981748
6.22 -0.49109 0.0988161
6.225 -0.494034 0.0994598
6.23 -0.496988 0.100106
6.235 -0.499951 0.100754
6.24 -0.502923 0.101405
6.245 -0.505905 0.102057
6.25 -0.508896 0.102712
6.255 -0.511895 0.10337
6.26 -0.514904 0.104029
6.265 -0.517922 0.104691
6.27 -0.520949 0.105355
6.275 -0.523984 0.106021
6.28 -0.527029 0.106689
6.285 -0.530082 0.10736
6.29 -0.533144 0.108033
6.295 -0.536215 0.108708
6.3 -0.539294 0.109385
6.305 -0.542382 0.110064
6.31 -0.545478 0.110745
6.315 -0.548583 0.111429
6.32 -0.551696 0.112114
6.325 -0.554817 0.112802
6.33 -0.557947 0.113492
6.335 -0.561085 0.114183
6.34 -0.564231 0.114877
6.345 -0.567385 0.115573
6.35 -0.570547 0.116271
6.355 -0.573717 0.116971
6.36 -0.576895 0.117673
6.365 -0.58008 0.118377
6.37 -0.583274 0.119083
6.375 -0.586475 0.11979
6.38 -0.589683 0.1205
6.385 -0.5929 0.121212
6.39 -0.596123 0.121925
6.395 -0.599354 0.122641
6.4 -0.602592 0.123358
6.405 -0.605838 0.124077
6.41 -0.60909 0.124799
6.415 -0.61235 0.125521
6.42 -0.615616 0.126246
6.425 -0.61889 0.126973
6.43 -0.62217 0.127701
6.435 -0.625457 0.128431
6.44 -0.628751 0.129163
6.445 -0.632051 0.129896
6.45 -0.635358 0.130632
6.455 -0.638671 0.131369
6.46 -0.64199 0.132107
6.465 -0.645316 0.132848
6.47 -0.648648 0.13359
6.475 -0.651986 0.134333
6.48 -0.655329 0.135078
6.485 -0.658679 0.135825
6.49 -0.662034 0.136573
6.495 -0.665396 0.137323
6.5 -0.668762 0.138074
6.505 -0.672135 0.138827
6.51 -0.675512 0.139582
6.515 -0.678895 0.140337
6.52 -0.682283 0.141095
6.525 -0.685676 0.141853
6.53 -0.689075 0.142613
6.535 -0.692478 0.143375
6.54 -0.695886 0.144137
6.545 -0.699298 0.144902
6.55 -0.702716 0.145667
6.555 -0.706137 0.146434
6.56 -0.709564 0.147202
6.565 -0.712994 0.147971
6.57 -0.716429 0.148741
6.575 -0.719867 0.149513
6.58 -0.72331 0.150286
6.585 -0.726756 0.15106
6.59 -0.730207 0.151835
6.595 -0.73366 0.152611
6.6 -0.737118 0.153388
6.605 -0.740578 0.154167
6.61 -0.744042 0.154946
6.615 -0.74751 0.155726
6.62 -0.75098 0.156508
6.625 -0.754453 0.15729
6.63 -0.757929 0.158073
6.635 -0.761408 0.158857
6.64 -0.764889 0.159642
6.645 -0.768373 0.160428
6.65 -0.771859 0.161215
6.655 -0.775347 0.162002
6.66 -0.778838 0.16279
6.665 -0.78233 0.163579
6.67 -0.785824 0.164369
6.675 -0.78932 0.165159
6.68 -0.792817 0.16595
6.685 -0.796316 0.166742
6.69 -0.799816 0.167534
6.695 -0.803318 0.168327
6.7 -0.80682 0.16912
6.705 -0.810324 0.169914
6.71 -0.813828 0.170709
6.715 -0.817333 0.171504
6.72 -0.820838 0.172299
6.725 -0.824344 0.173094
6.73 -0.82785 0.17389
6.735 -0.831356 0.174687
6.74 -0.834862 0.175484
6.745 -0.838368 0.17628
6.75 -0.841873 0.177078
6.755 -0.845379 0.177875
6.76 -0.848883 0.178673
6.765 -0.852387 0.17947
6.77 -0.85589 0.180268
6.775 -0.859392 0.181066
6.78 -0.862892 0.181864
6.785 -0.866392 0.182662
6.79 -0.86989 0.18346
6.795 -0.873386 0.184258
6.8 -0.876881 0.185056
6.805 -0.880373 0.185854
6.81 -0.883864 0.186652
6.815 -0.887352 0.187449
6.82 -0.890838 0.188247
6.825 -0.894322 0.189044
6.83 -0.897802 0.18984
6.835 -0.90128 0.190637
6.84 -0.904755 0.191433
6.845 -0.908227 0.192229
6.85 -0.911695 0.193024
6.855 -0.91516 0.193819
6.86 -0.918622 0.194613
6.865 -0.922079 0.195407
6.87 -0.925533 0.196201
6.875 -0.928982 0.196993
6.88 -0.932428 0.197785
6.885 -0.935868 0.198577
6.89 -0.939305 0.199368
6.895 -0.942736 0.200158
6.9 -0.946162 0.200947
6.905 -0.949584 0.201735
6.91 -0.953 0.202523
6.915 -0.956411 0.20331
6.92 -0.959816 0.204095
6.925 -0.963215 0.20488
6.93 -0.966608 0.205664
6.935 -0.969996 0.206447
6.94 -0.973376 0.207228
6.945 -0.976751 0.208009
6.95 -0.980119 0.208788
6.955 -0.98348 0.209567
6.96 -0.986834 0.210344
6.965 -0.990181 0.21112
6.97 -0.99352 0.211894
6.975 -0.996852 0.212667
6.98 -1.00018 0.213439
6.985 -1.00349 0.214209
6.99 -1.0068 0.214978
6.995 -1.0101 0.215745
7 -1.01339 0.216511
7.005 -1.01668 0.217275
7.01 -1.01995 0.218038
7.015 -1.02322 0.218799
7.02 -1.02647 0.219558
7.025 -1.02972 0.220315
7.03 -1.03296 0.221071
7.035 -1.03618 0.221825
7.04 -1.0394 0.222577
7.045 -1.04261 0.223327
7.05 -1.04581 0.224075
7.055 -1.049 0.224821
7.06 -1.05217 0.225565
7.065 -1.05534 0.226307
7.07 -1.05849 0.227047
7.075 -1.06164 0.227784
7.08 -1.06477 0.22852
7.085 -1.06789 0.229253
7.09 -1.071 0.229984
7.095 -1.07409 0.230713
7.1 -1.07718 0.231439
7.105 -1.08025 0.232163
7.11 -1.08331 0.232884
7.115 -1.08636 0.233603
7.12 -1.08939 0.234319
7.125 -1.09241 0.235032
7.13 -1.09542 0.235743
7.135 -1.09842 0.236452
7.14 -1.1014 0.237157
7.145 -1.10436 0.23786
7.15 -1.10732 0.23856
7.155 -1.11026 0.239257
7.16 -1.11318 0.239952
7.165 -1.11609 0.240643
7.17 -1.11898 0.241331
7.175 -1.12186 0.242016
7.18 -1.12473 0.242699
7.185 -1.12758 0.243378
7.19 -1.13041 0.244053
7.195 -1.13323 0.244726
7.2 -1.13603 0.245395
7.205 -1.13881 0.246062
7.21 -1.14158 0.246724
7.215 -1.14433 0.247384
7.22 -1.14707 0.248039
7.225 -1.14979 0.248692
7.23 -1.15249 0.249341
7.235 -1.15517 0.249986
7.24 -1.15784 0.250628
7.245 -1.16048 0.251266
7.25 -1.16311 0.2519
7.255 -1.16573 0.25253
7.26 -1.16832 0.253157
7.265 -1.17089 0.25378
7.27 -1.17345 0.254399
7.275 -1.17599 0.255014
7.28 -1.1785 0.255625
7.285 -1.181 0.256232
7.29 -1.18348 0.256835
7.295 -1.18594 0.257433
7.3 -1.18838 0.258028
7.305 -1.19079 0.258618
7.31 -1.19319 0.259204
7.315 -1.19557 0.259786
7.32 -1.19792 0.260364
7.325 -1.20026 0.260937
7.33 -1.20257 0.261505
7.335 -1.20486 0.262069
7.34 -1.20713 0.262629
7.345 -1.20938 0.263184
7.35 -1.21161 0.263734
7.355 -1.21381 0.26428
7.36 -1.216 0.264821
7.365 -1.21815 0.265357
7.37 -1.22029 0.265888
7.375 -1.2224 0.266414
7.38 -1.22449 0.266936
7.385 -1.22656 0.267453
7.39 -1.2286 0.267964
7.395 -1.23062 0.268471
7.4 -1.23262 0.268972
7.405 -1.23459 0.269468
7.41 -1.23653 0.269959
7.415 -1.23845 0.270445
7.42 -1.24035 0.270926
7.425 -1.24222 0.271401
7.43 -1.24407 0.271871
7.435 -1.24589 0.272335
7.44 -1.24768 0.272794
7.445 -1.24945 0.273248
7.45 -1.2512 0.273696
7.455 -1.25291 0.274138
7.46 -1.2546 0.274575
7.465 -1.25627 0.275006
7.47 -1.2579 0.275431
7.475 -1.25951 0.275851
7.48 -1.2611 0.276265
7.485 -1.26265 0.276672
7.49 -1.26418 0.277074
7.495 -1.26568 0.27747
7.5 -1.26715 0.27786
7.505 -1.26859 0.278244
7.51 -1.27001 0.278622
7.515 -1.27139 0.278994
7.52 -1.27275 0.279359
7.525 -1.27408 0.279718
7.53 -1.27538 0.280071
7.535 -1.27665 0.280418
7.54 -1.27789 0.280759
7.545 -1.2791 0.281093
7.55 -1.28028 0.28142
7.555 -1.28143 0.281741
7.56 -1.28256 0.282056
7.565 -1.28365 0.282364
7.57 -1.28471 0.282665
7.575 -1.28573 0.28296
7.58 -1.28673 0.283248
7.585 -1.2877 0.283529
7.59 -1.28864 0.283803
7.595 -1.28954 0.284071
7.6 -1.29041 0.284332
7.605 -1.29125 0.284586
7.61 -1.29206 0.284833
7.615 -1.29284 0.285073
7.62 -1.29358 0.285306
7.625 -1.29429 0.285531
7.63 -1.29497 0.28575
7.635 -1.29562 0.285962
7.64 -1.29623 0.286166
7.645 -1.29681 0.286363
7.65 -1.29735 0.286553
7.655 -1.29786 0.286736
7.66 -1.29834 0.286911
7.665 -1.29879 0.287079
7.67 -1.2992 0.287239
7.675 -1.29957 0.287392
7.68 -1.29991 0.287537
7.685 -1.30022 0.287675
7.69 -1.30049 0.287806
7.695 -1.30073 0.287928
7.7 -1.30093 0.288043
7.705 -1.3011 0.288151
7.71 -1.30123 0.28825
7.715 -1.30133 0.288342
7.72 -1.30139 0.288426
7.725 -1.30141 0.288502
7.73 -1.3014 0.28857
7.735 -1.30135 0.288631
7.74 -1.30127 0.288683
7.745 -1.30115 0.288728
7.75 -1.30099 0.288764
7.755 -1.3008 0.288792
7.76 -1.30057 0.288813
7.765 -1.3003 0.288825
7.77 -1.3 0.288829
7.775 -1.29966 0.288824
7.78 -1.29928 0.288812
7.785 -1.29886 0.288791
7.79 -1.2984 0.288762
7.795 -1.29791 0.288725
7.8 -1.29738 0.288679
7.805 -1.29681 0.288625
7.81 -1.29621 0.288563
7.815 -1.29556 0.288492
7.82 -1.29488 0.288412
7.825 -1.29416 0.288324
7.83 -1.2934 0.288228
7.835 -1.2926 0.288123
7.84 -1.29176 0.288009
7.845 -1.29088 0.287887
7.85 -1.28996 0.287756
7.855 -1.28901 0.287616
7.86 -1.28801 0.287468
7.865 -1.28698 0.287311
7.87 -1.2859 0.287145
7.875 -1.28479 0.28697
7.88 -1.28363 0.286787
7.885 -1.28244 0.286594
7.89 -1.28121 0.286393
7.895 -1.27993 0.286183
7.9 -1.27862 0.285964
7.905 -1.27726 0.285736
7.91 -1.27587 0.285499
7.915 -1.27443 0.285253
7.92 -1.27295 0.284998
7.925 -1.27144 0.284734
7.93 -1.26988 0.284461
7.935 -1.26828 0.284178
7.94 -1.26664 0.283887
7.945 -1.26496 0.283587
7.95 -1.26324 0.283277
7.955 -1.26147 0.282958
7.96 -1.25967 0.28263
7.965 -1.25782 0.282293
7.97 -1.25593 0.281946
7.975 -1.25401 0.281591
7.98 -1.25204 0.281226
7.985 -1.25002 0.280851
7.99 -1.24797 0.280468
7.995 -1.24587 0.280075
8 -1.24374 0.279673
8.005 -1.24156 0.279261
8.01 -1.23934 0.27884
8.015 -1.23707 0.27841
8.02 -1.23477 0.27797
8.025 -1.23242 0.277521
8.03 -1.23003 0.277062
8.035 -1.2276 0.276594
8.04 -1.22512 0.276116
8.045 -1.22261 0.275629
8.05 -1.22005 0.275133
8.055 -1.21745 0.274627
8.06 -1.2148 0.274111
8.065 -1.21212 0.273586
8.07 -1.20939 0.273052
8.075 -1.20662 0.272507
8.08 -1.20381 0.271954
8.085 -1.20095 0.27139
8.09 -1.19805 0.270818
8.095 -1.19511 0.270235
8.1 -1.19213 0.269643
8.105 -1.1891 0.269042
8.11 -1.18603 0.268431
8.115 -1.18292 0.26781
8.12 -1.17977 0.26718
8.125 -1.17657 0.26654
8.13 -1.17333 0.26589
8.135 -1.17005 0.265231
8.14 -1.16673 0.264562
8.145 -1.16336 0.263884
8.15 -1.15995 0.263196
8.155 -1.1565 0.262498
8.16 -1.153 0.261791
8.165 -1.14947 0.261074
8.17 -1.14589 0.260348
8.175 -1.14226 0.259612
8.18 -1.1386 0.258866
8.185 -1.13489 0.25811
8.19 -1.13114 0.257345
8.195 -1.12735 0.256571
8.2 -1.12351 0.255787
8.205 -1.11964 0.254993
8.21 -1.11572 0.254189
8.215 -1.11176 0.253376
8.22 -1.10775 0.252554
8.225 -1.10371 0.251722
8.23 -1.09962 0.25088
8.235 -1.09549 0.250029
8.24 -1.09131 0.249168
8.245 -1.0871 0.248297
8.25 -1.08284 0.247417
8.255 -1.07855 0.246528
8.26 -1.07421 0.245629
8.265 -1.06982 0.24472
8.27 -1.0654 0.243802
8.275 -1.06094 0.242874
8.28 -1.05643 0.241937
8.285 -1.05188 0.240991
8.29 -1.04729 0.240035
8.295 -1.04266 0.23907
8.3 -1.03799 0.238095
8.305 -1.03328 0.237111
8.31 -1.02852 0.236117
8.315 -1.02373 0.235114
8.32 -1.01889 0.234102
8.325 -1.01401 0.23308
8.33 -1.0091 0.232049
8.335 -1.00414 0.231009
8.34 -0.999142 0.22996
8.345 -0.994103 0.228901
8.35 -0.989025 0.227833
8.355 -0.983906 0.226756
8.36 -0.978747 0.225669
8.365 -0.973549 0.224574
8.37 -0.96831 0.223469
8.375 -0.963032 0.222355
8.38 -0.957715 0.221233
8.385 -0.952358 0.220101
8.39 -0.946962 0.21896
8.395 -0.941527 0.21781
8.4 -0.936053 0.216651
8.405 -0.93054 0.215483
8.41 -0.924989 0.214306
8.415 -0.919399 0.21312
8.42 -0.91377 0.211925
8.425 -0.908104 0.210722
8.43 -0.902399 0.209509
8.435 -0.896657 0.208288
8.44 -0.890876 0.207059
8.445 -0.885058 0.20582
8.45 -0.879203 0.204573
8.455 -0.873311 0.203317
8.46 -0.867381 0.202052
8.465 -0.861415 0.200779
8.47 -0.855412 0.199498
8.475 -0.849372 0.198208
8.48 -0.843296 0.196909
8.485 -0.837184 0.195602
8.49 -0.831035 0.194287
8.495 -0.824851 0.192963
8.5 -0.818632 0.191631
8.505 -0.812377 0.190291
8.51 -0.806087 0.188942
8.515 -0.799762 0.187585
8.52 -0.793402 0.186221
8.525 -0.787007 0.184848
8.53 -0.780578 0.183467
8.535 -0.774115 0.182078
8.54 -0.767618 0.180681
8.545 -0.761088 0.179276
8.55 -0.754523 0.177863
8.555 -0.747926 0.176442
8.56 -0.741295 0.175014
8.565 -0.734632 0.173578
8.57 -0.727936 0.172134
8.575 -0.721208 0.170682
8.58 -0.714447 0.169223
8.585 -0.707655 0.167757
8.59 -0.700831 0.166283
8.595 -0.693976 0.164801
8.6 -0.687089 0.163312
8.605 -0.680172 0.161816
8.61 -0.673224 0.160313
8.615 -0.666246 0.158802
8.62 -0.659237 0.157284
8.625 -0.652199 0.155759
8.63 -0.645131 0.154227
8.635 -0.638034 0.152688
8.64 -0.630908 0.151142
8.645 -0.623752 0.149589
8.65 -0.616569 0.148029
8.655 -0.609357 0.146463
8.66 -0.602117 0.14489
8.665 -0.59485 0.14331
8.67 -0.587555 0.141723
8.675 -0.580233 0.14013
8.68 -0.572884 0.138531
8.685 -0.565509 0.136925
8.69 -0.558107 0.135313
8.695 -0.55068 0.133694
8.7 -0.543227 0.13207
8.705 -0.535748 0.130439
8.71 -0.528245 0.128802
8.715 -0.520717 0.127159
8.72 -0.513164 0.12551
8.725 -0.505587 0.123856
8.73 -0.497987 0.122195
8.735 -0.490363 0.120529
8.74 -0.482716 0.118857
8.745 -0.475046 0.117179
8.75 -0.467354 0.115496
8.755 -0.45964 0.113807
8.76 -0.451903 0.112113
8.765 -0.444145 0.110414
8.77 -0.436366 0.108709
8.775 -0.428566 0.106999
8.78 -0.420746 0.105285
8.785 -0.412906 0.103565
8.79 -0.405045 0.10184
8.795 -0.397166 0.10011
8.8 -0.389267 0.0983752
8.805 -0.381349 0.0966358
8.81 -0.373413 0.0948918
8.815 -0.365459 0.0931432
8.82 -0.357487 0.0913901
8.825 -0.349497 0.0896325
8.83 -0.341491 0.0878706
8.835 -0.333468 0.0861045
8.84 -0.325429 0.0843341
8.845 -0.317374 0.0825596
8.85 -0.309304 0.080781
8.855 -0.301218 0.0789986
8.86 -0.293117 0.0772122
8.865 -0.285003 0.075422
8.87 -0.276874 0.0736282
8.875 -0.268731 0.0718307
8.88 -0.260575 0.0700296
8.885 -0.252406 0.0682251
8.89 -0.244225 0.0664173
8.895 -0.236032 0.0646061
8.9 -0.227826 0.0627917
8.905 -0.21961 0.0609742
8.91 -0.211382 0.0591537
8.915 -0.203144 0.0573302
8.92 -0.194896 0.0555038
8.925 -0.186638 0.0536747
8.93 -0.178371 0.0518428
8.935 -0.170095 0.0500084
8.94 -0.16181 0.0481715
8.945 -0.153517 0.0463321
8.95 -0.145216 0.0444904
8.955 -0.136908 0.0426464
8.96 -0.128593 0.0408003
8.965 -0.120272 0.0389521
8.97 -0.111944 0.037102
8.975 -0.103611 0.0352499
8.98 -0.0952725 0.0333961
8.985 -0.0869291 0.0315406
8.99 -0.0785813 0.0296834
8.995 -0.0702294 0.0278248
9 -0.0618739 0.0259647
9.005 -0.0535153 0.0241032
9.01 -0.0451539 0.0222406
9.015 -0.0367901 0.0203768
9.02 -0.0284245 0.0185119
9.025 -0.0200575 0.0166461
9.03 -0.0116893 0.0147795
9.035 -0.00332062 0.012912
9.04 0.00504828 0.0110439
9.045 0.0134169 0.00917527
9.05 0.0217848 0.00730612
9.055 0.0301516 0.00543659
9.06 0.0385169 0.00356678
9.065 0.0468801 0.00169678
9.07 0.0552409 -0.000173307
9.075 0.0635987 -0.00204338
9.08 0.0719533 -0.00391336
9.085 0.0803041 -0.00578312
9.09 0.0886506 -0.00765259
9.095 0.0969925 -0.00952165
9.1 0.105329 -0.0113902
9.105 0.113661 -0.0132582
9.11 0.121986 -0.0151254
9.115 0.130305 -0.0169919
9.12 0.138616 -0.0188575
9.125 0.146921 -0.020722
9.13 0.155218 -0.0225855
9.135 0.163506 -0.0244478
9.14 0.171786 -0.0263087
9.145 0.180056 -0.0281683
9.15 0.188317 -0.0300263
9.155 0.196568 -0.0318828
9.16 0.204809 -0.0337375
9.165 0.213038 -0.0355905
9.17 0.221256 -0.0374415
9.175 0.229462 -0.0392905
9.18 0.237656 -0.0411375
9.185 0.245837 -0.0429822
9.19 0.254005 -0.0448245
9.195 0.262159 -0.0466645
9.2 0.270298 -0.0485019
9.205 0.278424 -0.0503367
9.21 0.286534 -0.0521688
9.215 0.294628 -0.0539981
9.22 0.302706 -0.0558244
9.225 0.310768 -0.0576477
9.23 0.318814 -0.0594678
9.235 0.326841 -0.0612847
9.24 0.334851 -0.0630983
9.245 0.342842 -0.0649084
9.25 0.350815 -0.0667149
9.255 0.358769 -0.0685178
9.26 0.366702 -0.070317
9.265 0.374616 -0.0721122
9.27 0.382509 -0.0739035
9.275 0.390381 -0.0756907
9.28 0.398231 -0.0774738
9.285 0.406059 -0.0792526
9.29 0.413865 -0.081027
9.295 0.421648 -0.0827969
9.3 0.429408 -0.0845622
9.305 0.437143 -0.0863228
9.31 0.444855 -0.0880786
9.315 0.452542 -0.0898296
9.32 0.460203 -0.0915755
9.325 0.467839 -0.0933163
9.33 0.475448 -0.0950519
9.335 0.483031 -0.0967822
9.34 0.490587 -0.0985071
9.345 0.498116 -0.100226
9.35 0.505616 -0.10194
9.355 0.513089 -0.103648
9.36 0.520532 -0.10535
9.365 0.527946 -0.107047
9.37 0.53533 -0.108737
9.375 0.542684 -0.110421
9.38 0.550007 -0.112099
9.385 0.557299 -0.11377
9.39 0.56456 -0.115435
9.395 0.571788 -0.117094
9.4 0.578984 -0.118746
9.405 0.586148 -0.120391
9.41 0.593277 -0.122029
9.415 0.600373 -0.12366
9.42 0.607435 -0.125285
9.425 0.614462 -0.126902
9.43 0.621454 -0.128512
9.435 0.62841 -0.130114
9.44 0.635331 -0.131709
9.445 0.642215 -0.133297
9.45 0.649062 -0.134876
9.455 0.655871 -0.136449
9.46 0.662643 -0.138013
9.465 0.669377 -0.139569
9.47 0.676072 -0.141117
9.475 0.682728 -0.142657
9.48 0.689345 -0.144189
9.485 0.695922 -0.145713
9.49 0.702458 -0.147228
9.495 0.708954 -0.148734
9.5 0.715408 -0.150232
9.505 0.721821 -0.151721
9.51 0.728192 -0.153202
9.515 0.73452 -0.154673
9.52 0.740806 -0.156136
9.525 0.747048 -0.157589
9.53 0.753247 -0.159033
9.535 0.759402 -0.160468
9.54 0.765512 -0.161893
9.545 0.771577 -0.163309
9.55 0.777597 -0.164715
9.555 0.783571 -0.166112
9.56 0.7895 -0.167499
9.565 0.795381 -0.168876
9.57 0.801216 -0.170243
9.575 0.807004 -0.1716
9.58 0.812744 -0.172947
9.585 0.818435 -0.174283
9.59 0.824079 -0.17561
9.595 0.829673 -0.176926
9.6 0.835219 -0.178231
9.605 0.840714 -0.179526
9.61 0.84616 -0.18081
9.615 0.851556 -0.182084
9.62 0.8569 -0.183346
9.625 0.862194 -0.184598
9.63 0.867436 -0.185838
9.635 0.872626 -0.187068
9.64 0.877764 -0.188286
9.645 0.88285 -0.189493
9.65 0.887883 -0.190689
9.655 0.892862 -0.191874
9.66 0.897788 -0.193046
9.665 0.90266 -0.194208
9.67 0.907477 -0.195357
9.675 0.91224 -0.196495
9.68 0.916948 -0.197621
9.685 0.921601 -0.198735
9.69 0.926198 -0.199837
9.695 0.930739 -0.200927
9.7 0.935223 -0.202004
9.705 0.939651 -0.20307
9.71 0.944022 -0.204123
9.715 0.948336 -0.205164
9.72 0.952591 -0.206192
9.725 0.95679 -0.207208
9.73 0.960929 -0.208211
9.735 0.965011 -0.209202
9.74 0.969033 -0.210179
9.745 0.972996 -0.211144
9.75 0.9769 -0.212096
9.755 0.980744 -0.213035
9.76 0.984528 -0.213961
9.765 0.988251 -0.214874
9.77 0.991914 -0.215774
9.775 0.995516 -0.21666
9.78 0.999057 -0.217533
9.785 1.00254 -0.218393
9.79 1.00595 -0.21924
9.795 1.00931 -0.220072
9.8 1.0126 -0.220892
9.805 1.01583 -0.221697
9.81 1.019 -0.222489
9.815 1.02211 -0.223267
9.82 1.02515 -0.224031
9.825 1.02813 -0.224782
9.83 1.03104 -0.225518
9.835 1.03389 -0.226241
9.84 1.03668 -0.226949
9.845 1.0394 -0.227644
9.85 1.04206 -0.228324
9.855 1.04465 -0.22899
9.86 1.04718 -0.229641
9.865 1.04964 -0.230278
9.87 1.05203 -0.230901
9.875 1.05436 -0.23151
9.88 1.05663 -0.232104
9.885 1.05882 -0.232683
9.89 1.06096 -0.233248
9.895 1.06302 -0.233798
9.9 1.06502 -0.234334
9.905 1.06695 -0.234854
9.91 1.06881 -0.23536
9.915 1.07061 -0.235851
9.92 1.07234 -0.236328
9.925 1.074 -0.236789
9.93 1.07559 -0.237236
9.935 1.07712 -0.237667
9.94 1.07858 -0.238083
9.945 1.07996 -0.238485
9.95 1.08129 -0.238871
9.955 1.08254 -0.239242
9.96 1.08372 -0.239598
9.965 1.08483 -0.239938
9.97 1.08588 -0.240264
9.975 1.08686 -0.240574
9.98 1.08776 -0.240868
9.985 1.0886 -0.241148
9.99 1.08937 -0.241412
9.995 1.09007 -0.24166
10 1.0907 -0.241893
10.005 1.09125 -0.242111
10.01 1.09174 -0.242313
10.015 1.09216 -0.2425
10.02 1.09251 -0.242671
10.025 1.09279 -0.242826
10.03 1.093 -0.242966
10.035 1.09314 -0.24309
10.04 1.09321 -0.243199
10.045 1.0932 -0.243292
10.05 1.09313 -0.243369
10.055 1.09299 -0.243431
10.06 1.09277 -0.243476
10.065 1.09249 -0.243506
10.07 1.09213 -0.243521
10.075 1.09171 -0.243519
10.08 1.09121 -0.243502
10.085 1.09064 -0.243469
10.09 1.09 -0.24342
10.095 1.08929 -0.243356
10.1 1.08851 -0.243275
10.105 1.08766 -0.243179
10.11 1.08674 -0.243067
10.115 1.08575 -0.242939
10.12 1.08469 -0.242795
10.125 1.08355 -0.242635
10.13 1.08235 -0.24246
10.135 1.08107 -0.242269
10.14 1.07972 -0.242061
10.145 1.07831 -0.241838
10.15 1.07682 -0.2416
10.155 1.07526 -0.241345
10.16 1.07363 -0.241074
10.165 1.07193 -0.240788
10.17 1.07016 -0.240486
10.175 1.06832 -0.240168
10.18 1.06641 -0.239834
10.185 1.06443 -0.239484
10.19 1.06238 -0.239119
10.195 1.06026 -0.238737
10.2 1.05807 -0.23834
10.205 1.05581 -0.237928
10.21 1.05347 -0.237499
10.215 1.05107 -0.237055
10.22 1.0486 -0.236595
10.225 1.04606 -0.236119
10.23 1.04345 -0.235628
10.235 1.04077 -0.235121
10.24 1.03803 -0.234599
10.245 1.03521 -0.234061
10.25 1.03232 -0.233507
10.255 1.02937 -0.232937
10.26 1.02635 -0.232353
10.265 1.02325 -0.231752
10.27 1.02009 -0.231137
10.275 1.01687 -0.230505
10.28 1.01357 -0.229859
10.285 1.01021 -0.229197
10.29 1.00677 -0.228519
10.295 1.00328 -0.227827
10.3 0.999709 -0.227119
10.305 0.996075 -0.226396
10.31 0.992375 -0.225657
10.315 0.988608 -0.224904
10.32 0.984774 -0.224135
10.325 0.980874 -0.223351
10.33 0.976908 -0.222552
10.335 0.972877 -0.221739
10.34 0.968779 -0.22091
10.345 0.964616 -0.220066
10.35 0.960388 -0.219208
10.355 0.956095 -0.218334
10.36 0.951738 -0.217446
10.365 0.947316 -0.216543
10.37 0.94283 -0.215626
10.375 0.938279 -0.214693
10.38 0.933666 -0.213747
10.385 0.928988 -0.212786
10.39 0.924248 -0.21181
10.395 0.919445 -0.21082
10.4 0.914579 -0.209815
10.405 0.909651 -0.208797
10.41 0.904661 -0.207764
10.415 0.899609 -0.206717
10.42 0.894496 -0.205655
10.425 0.889322 -0.20458
10.43 0.884087 -0.203491
10.435 0.878792 -0.202388
10.44 0.873436 -0.201271
10.445 0.868021 -0.20014
10.45 0.862546 -0.198995
10.455 0.857012 -0.197837
10.46 0.85142 -0.196665
10.465 0.845768 -0.19548
10.47 0.840059 -0.194282
10.475 0.834292 -0.19307
10.48 0.828467 -0.191844
10.485 0.822586 -0.190606
10.49 0.816647 -0.189354
10.495 0.810653 -0.188089
10.5 0.804602 -0.186812
10.505 0.798496 -0.185521
10.51 0.792335 -0.184218
10.515 0.786119 -0.182902
10.52 0.779849 -0.181573
10.525 0.773524 -0.180232
10.53 0.767146 -0.178878
10.535 0.760715 -0.177511
10.54 0.754231 -0.176133
10.545 0.747695 -0.174742
10.55 0.741107 -0.173339
10.555 0.734467 -0.171924
10.56 0.727776 -0.170497
10.565 0.721034 -0.169058
10.57 0.714243 -0.167608
10.575 0.707401 -0.166146
10.58 0.70051 -0.164672
10.585 0.693571 -0.163186
10.59 0.686582 -0.16169
10.595 0.679546 -0.160182
10.6 0.672463 -0.158662
10.605 0.665332 -0.157132
10.61 0.658154 -0.155591
10.615 0.650931 -0.154039
10.62 0.643662 -0.152476
10.625 0.636348 -0.150902
10.63 0.628989 -0.149317
10.635 0.621586 -0.147723
10.64 0.614139 -0.146117
10.645 0.606649 -0.144502
10.65 0.599116 -0.142876
10.655 0.591541 -0.141241
10.66 0.583925 -0.139595
10.665 0.576267 -0.13794
10.67 0.568569 -0.136274
10.675 0.56083 -0.134599
10.68 0.553052 -0.132915
10.685 0.545235 -0.131221
10.69 0.537379 -0.129518
10.695 0.529485 -0.127806
10.7 0.521554 -0.126085
10.705 0.513585 -0.124355
10.71 0.50558 -0.122616
10.715 0.49754 -0.120868
10.72 0.489464 -0.119111
10.725 0.481353 -0.117347
10.73 0.473208 -0.115574
10.735 0.465029 -0.113792
10.74 0.456818 -0.112003
10.745 0.448573 -0.110205
10.75 0.440297 -0.1084
10.755 0.431989 -0.106587
10.76 0.423651 -0.104767
10.765 0.415282 -0.102938
10.77 0.406884 -0.101103
10.775 0.398456 -0.0992604
10.78 0.39 -0.0974106
10.785 0.381516 -0.0955539
10.79 0.373005 -0.0936903
10.795 0.364467 -0.09182
10.8 0.355903 -0.0899431
10.805 0.347313 -0.0880598
10.81 0.338699 -0.0861701
10.815 0.33006 -0.0842743
10.82 0.321397 -0.0823724
10.825 0.312711 -0.0804645
10.83 0.304003 -0.0785509
10.835 0.295273 -0.0766317
10.84 0.286521 -0.0747069
10.845 0.277749 -0.0727767
10.85 0.268957 -0.0708412
10.855 0.260146 -0.0689007
10.86 0.251315 -0.0669552
10.865 0.242467 -0.0650048
10.87 0.233601 -0.0630497
10.875 0.224718 -0.0610901
10.88 0.215819 -0.0591261
10.885 0.206904 -0.0571577
10.89 0.197974 -0.0551853
10.895 0.18903 -0.0532088
10.9 0.180072 -0.0512284
10.905 0.171101 -0.0492444
10.91 0.162117 -0.0472568
10.915 0.153122 -0.0452657
10.92 0.144116 -0.0432713
10.925 0.135099 -0.0412738
10.93 0.126072 -0.0392733
10.935 0.117037 -0.0372699
10.94 0.107992 -0.0352638
10.945 0.0989399 -0.0332552
10.95 0.0898804 -0.0312441
10.955 0.0808143 -0.0292307
10.96 0.0717424 -0.0272152
10.965 0.0626652 -0.0251977
10.97 0.0535834 -0.0231783
10.975 0.0444977 -0.0211573
10.98 0.0354088 -0.0191347
10.985 0.0263172 -0.0171107
10.99 0.0172237 -0.0150855
10.995 0.00812901 -0.0130591
11 -0.000966334 -0.0110318
11.005 -0.0100616 -0.00900371
11.01 -0.0191561 -0.00697492
11.015 -0.0282493 -0.00494563
11.02 -0.0373403 -0.00291597
11.025 -0.0464286 -0.000886099
11.03 -0.0555135 0.00114384
11.035 -0.0645942 0.00317369
11.04 -0.0736703 0.00520331
11.045 -0.0827409 0.00723255
11.05 -0.0918053 0.00926125
11.055 -0.100863 0.0112893
11.06 -0.109913 0.0133165
11.065 -0.118955 0.0153427
11.07 -0.127989 0.0173677
11.075 -0.137013 0.0193915
11.08 -0.146026 0.0214138
11.085 -0.155029 0.0234346
11.09 -0.164021 0.0254536
11.095 -0.173 0.0274708
11.1 -0.181966 0.0294858
11.105 -0.190919 0.0314988
11.11 -0.199858 0.0335093
11.115 -0.208782 0.0355174
11.12 -0.21769 0.0375228
11.125 -0.226582 0.0395255
11.13 -0.235457 0.0415252
11.135 -0.244315 0.0435218
11.14 -0.253155 0.0455151
11.145 -0.261975 0.0475051
11.15 -0.270776 0.0494915
11.155 -0.279557 0.0514743
11.16 -0.288317 0.0534531
11.165 -0.297056 0.055428
11.17 -0.305772 0.0573988
11.175 -0.314465 0.0593652
11.18 -0.323135 0.0613273
11.185 -0.331781 0.0632847
11.19 -0.340402 0.0652374
11.195 -0.348997 0.0671851
11.2 -0.357566 0.0691279
11.205 -0.366108 0.0710655
11.21 -0.374623 0.0729977
11.215 -0.38311 0.0749244
11.22 -0.391568 0.0768456
11.225 -0.399996 0.0787609
11.23 -0.408394 0.0806703
11.235 -0.416762 0.0825736
11.24 -0.425098 0.0844708
11.245 -0.433402 0.0863615
11.25 -0.441674 0.0882458
11.255 -0.449912 0.0901234
11.26 -0.458116 0.0919942
11.265 -0.466286 0.093858
11.27 -0.47442 0.0957148
11.275 -0.482519 0.0975643
11.28 -0.490581 0.0994065
11.285 -0.498606 0.101241
11.29 -0.506593 0.103068
11.295 -0.514542 0.104887
11.3 -0.522452 0.106698
11.305 -0.530322 0.108502
11.31 -0.538152 0.110296
11.315 -0.545942 0.112083
11.32 -0.55369 0.113861
11.325 -0.561395 0.11563
11.33 -0.569058 0.117391
11.335 -0.576678 0.119143
11.34 -0.584254 0.120885
11.345 -0.591786 0.122619
11.35 -0.599272 0.124343
11.355 -0.606713 0.126057
11.36 -0.614108 0.127762
11.365 -0.621455 0.129458
11.37 -0.628756 0.131143
11.375 -0.636008 0.132818
11.38 -0.643212 0.134483
11.385 -0.650366 0.136138
11.39 -0.657471 0.137783
11.395 -0.664526 0.139417
11.4 -0.67153 0.14104
11.405 -0.678482 0.142653
11.41 -0.685382 0.144254
11.415 -0.69223 0.145845
11.42 -0.699025 0.147424
11.425 -0.705766 0.148992
11.43 -0.712454 0.150549
11.435 -0.719086 0.152094
11.44 -0.725663 0.153628
11.445 -0.732185 0.155149
11.45 -0.73865 0.156659
11.455 -0.745058 0.158156
11.46 -0.751409 0.159642
11.465 -0.757702 0.161115
11.47 -0.763937 0.162576
11.475 -0.770113 0.164024
11.48 -0.776229 0.16546
11.485 -0.782286 0.166882
11.49 -0.788282 0.168292
11.495 -0.794218 0.169689
11.5 -0.800092 0.171073
11.505 -0.805904 0.172444
11.51 -0.811654 0.173801
11.515 -0.817341 0.175145
11.52 -0.822965 0.176475
11.525 -0.828525 0.177792
11.53 -0.834021 0.179095
11.535 -0.839453 0.180384
11.54 -0.844819 0.181659
11.545 -0.85012 0.18292
11.55 -0.855355 0.184166
11.555 -0.860523 0.185399
11.56 -0.865625 0.186617
11.565 -0.870659 0.18782
11.57 -0.875626 0.189009
11.575 -0.880524 0.190183
11.58 -0.885354 0.191343
11.585 -0.890115 0.192487
11.59 -0.894807 0.193617
11.595 -0.899429 0.194731
11.6 -0.903981 0.195831
11.605 -0.908463 0.196915
11.61 -0.912873 0.197983
11.615 -0.917213 0.199036
11.62 -0.92148 0.200074
11.625 -0.925676 0.201096
11.63 -0.929799 0.202102
11.635 -0.93385 0.203093
11.64 -0.937828 0.204067
11.645 -0.941732 0.205026
11.65 -0.945562 0.205969
11.655 -0.949319 0.206895
11.66 -0.953001 0.207805
11.665 -0.956608 0.208699
11.67 -0.96014 0.209577
11.675 -0.963597 0.210438
11.68 -0.966979 0.211283
11.685 -0.970284 0.212111
11.69 -0.973513 0.212922
11.695 -0.976666 0.213716
11.7 -0.979741 0.214494
11.705 -0.98274 0.215255
11.71 -0.985661 0.215999
11.715 -0.988505 0.216726
11.72 -0.991271 0.217436
11.725 -0.993959 0.218129
11.73 -0.996568 0.218804
11.735 -0.999099 0.219463
11.74 -1.00155 0.220104
11.745 -1.00392 0.220727
11.75 -1.00622 0.221333
11.755 -1.00843 0.221922
11.76 -1.01057 0.222493
11.765 -1.01262 0.223047
11.77 -1.01459 0.223583
11.775 -1.01649 0.224101
11.78 -1.0183 0.224601
11.785 -1.02003 0.225084
11.79 -1.02169 0.225549
11.795 -1.02326 0.225996
11.8 -1.02475 0.226425
11.805 -1.02616 0.226836
11.81 -1.02748 0.227229
11.815 -1.02873 0.227604
11.82 -1.02989 0.227961
11.825 -1.03097 0.2283
11.83 -1.03197 0.22862
11.835 -1.03289 0.228923
11.84 -1.03373 0.229207
11.845 -1.03448 0.229473
11.85 -1.03515 0.229721
11.855 -1.03574 0.22995
11.86 -1.03625 0.230161
11.865 -1.03667 0.230354
11.87 -1.03701 0.230528
11.875 -1.03727 0.230684
11.88 -1.03744 0.230822
11.885 -1.03753 0.230941
11.89 -1.03754 0.231042
11.895 -1.03747 0.231124
11.9 -1.03731 0.231187
11.905 -1.03707 0.231233
11.91 -1.03675 0.231259
11.915 -1.03634 0.231267
11.92 -1.03586 0.231257
11.925 -1.03528 0.231228
11.93 -1.03463 0.231181
11.935 -1.03389 0.231115
11.94 -1.03307 0.23103
11.945 -1.03217 0.230927
11.95 -1.03118 0.230806
11.955 -1.03011 0.230666
11.96 -1.02896 0.230507
11.965 -1.02772 0.23033
11.97 -1.02641 0.230134
11.975 -1.02501 0.22992
11.98 -1.02352 0.229687
11.985 -1.02196 0.229436
11.99 -1.02031 0.229166
11.995 -1.01858 0.228878
12 -1.01677 0.228571
12.005 -1.01488 0.228246
12.01 -1.0129 0.227903
12.015 -1.01084 0.227541
12.02 -1.0087 0.22716
12.025 -1.00648 0.226762
12.03 -1.00418 0.226345
12.035 -1.0018 0.22591
12.04 -0.999335 0.225456
12.045 -0.99679 0.224984
12.05 -0.994165 0.224494
12.055 -0.991459 0.223986
12.06 -0.988673 0.22346
12.065 -0.985806 0.222916
12.07 -0.98286 0.222353
12.075 -0.979834 0.221773
12.08 -0.976728 0.221174
12.085 -0.973544 0.220558
12.09 -0.97028 0.219923
12.095 -0.966937 0.219271
12.1 -0.963516 0.218601
12.105 -0.960017 0.217914
12.11 -0.956439 0.217208
12.115 -0.952784 0.216485
12.12 -0.949051 0.215744
12.125 -0.945241 0.214986
12.13 -0.941354 0.21421
12.135 -0.937391 0.213417
12.14 -0.93335 0.212606
12.145 -0.929234 0.211778
12.15 -0.925042 0.210933
12.155 -0.920775 0.21007
12.16 -0.916432 0.209191
12.165 -0.912015 0.208294
12.17 -0.907523 0.20738
12.175 -0.902957 0.20645
12.18 -0.898317 0.205502
12.185 -0.893604 0.204538
12.19 -0.888817 0.203557
12.195 -0.883958 0.202559
12.2 -0.879027 0.201545
12.205 -0.874023 0.200514
12.21 -0.868948 0.199467
12.215 -0.863802 0.198403
12.22 -0.858585 0.197323
12.225 -0.853298 0.196227
12.23 -0.84794 0.195115
12.235 -0.842513 0.193987
12.24 -0.837017 0.192843
12.245 -0.831452 0.191683
12.25 -0.825819 0.190507
12.255 -0.820118 0.189316
12.26 -0.814349 0.188109
12.265 -0.808513 0.186887
12.27 -0.802611 0.185649
12.275 -0.796643 0.184396
12.28 -0.79061 0.183128
12.285 -0.784511 0.181845
12.29 -0.778347 0.180546
12.295 -0.77212 0.179233
12.3 -0.765828 0.177905
12.305 -0.759474 0.176563
12.31 -0.753057 0.175206
12.315 -0.746578 0.173834
12.32 -0.740037 0.172448
12.325 -0.733435 0.171048
12.33 -0.726772 0.169634
12.335 -0.720049 0.168205
12.34 -0.713267 0.166763
12.345 -0.706426 0.165307
12.35 -0.699526 0.163837
12.355 -0.692568 0.162354
12.36 -0.685554 0.160857
12.365 -0.678482 0.159347
12.37 -0.671354 0.157824
12.375 -0.66417 0.156288
12.38 -0.656932 0.154738
12.385 -0.649638 0.153176
12.39 -0.642291 0.151601
12.395 -0.634891 0.150014
12.4 -0.627438 0.148414
12.405 -0.619933 0.146802
12.41 -0.612376 0.145177
12.415 -0.604768 0.143541
12.42 -0.59711 0.141892
12.425 -0.589403 0.140232
12.43 -0.581646 0.13856
12.435 -0.573841 0.136877
12.44 -0.565988 0.135182
12.445 -0.558088 0.133476
12.45 -0.550142 0.131759
12.455 -0.542149 0.130031
12.46 -0.534112 0.128292
12.465 -0.52603 0.126542
12.47 -0.517904 0.124782
12.475 -0.509735 0.123011
12.48 -0.501523 0.12123
12.485 -0.493269 0.119439
12.49 -0.484974 0.117638
12.495 -0.476639 0.115827
12.5 -0.468264 0.114006
12.505 -0.459849 0.112176
12.51 -0.451397 0.110337
12.515 -0.442906 0.108488
12.52 -0.434378 0.10663
12.525 -0.425814 0.104763
12.53 -0.417214 0.102888
12.535 -0.40858 0.101004
12.54 -0.399911 0.099111
12.545 -0.391208 0.0972101
12.55 -0.382473 0.095301
12.555 -0.373706 0.0933839
12.56 -0.364907 0.091459
12.565 -0.356077 0.0895264
12.57 -0.347218 0.0875863
12.575 -0.33833 0.0856388
12.58 -0.329413 0.0836841
12.585 -0.320468 0.0817224
12.59 -0.311496 0.0797538
12.595 -0.302499 0.0777785
12.6 -0.293475 0.0757967
12.605 -0.284427 0.0738085
12.61 -0.275355 0.0718141
12.615 -0.26626 0.0698136
12.62 -0.257143 0.0678072
12.625 -0.248004 0.0657951
12.63 -0.238843 0.0637775
12.635 -0.229663 0.0617545
12.64 -0.220464 0.0597263
12.645 -0.211245 0.057693
12.65 -0.202009 0.0556549
12.655 -0.192756 0.053612
12.66 -0.183487 0.0515647
12.665 -0.174202 0.049513
12.67 -0.164902 0.0474571
12.675 -0.155588 0.0453971
12.68 -0.146261 0.0433334
12.685 -0.136922 0.0412659
12.69 -0.127572 0.039195
12.695 -0.11821 0.0371208
12.7 -0.108838 0.0350434
12.705 -0.0994577 0.0329631
12.71 -0.0900684 0.0308799
12.715 -0.0806716 0.0287941
12.72 -0.0712679 0.0267059
12.725 -0.0618581 0.0246155
12.73 -0.0524431 0.0225229
12.735 -0.0430237 0.0204284
12.74 -0.0336006 0.0183322
12.745 -0.0241746 0.0162345
12.75 -0.0147466 0.0141353
12.755 -0.00531738 0.012035
12.76 0.00411233 0.00993361
12.765 0.0135417 0.0078314
12.77 0.0229699 0.00572852
12.775 0.0323962 0.00362515
12.78 0.0418197 0.00152147
12.785 0.0512396 -0.00058233
12.79 0.0606552 -0.00268608
12.795 0.0700656 -0.00478961
12.8 0.07947 -0.00689273
12.805 0.0888677 -0.00899526
12.81 0.0982577 -0.011097
12.815 0.107639 -0.0131978
12.82 0.117012 -0.0152975
12.825 0.126374 -0.0173959
12.83 0.135726 -0.0194928
12.835 0.145066 -0.021588
12.84 0.154394 -0.0236814
12.845 0.163709 -0.0257728
12.85 0.173009 -0.027862
12.855 0.182295 -0.0299487
12.86 0.191565 -0.032033
12.865 0.200819 -0.0341144
12.87 0.210055 -0.036193
12.875 0.219274 -0.0382684
12.88 0.228474 -0.0403406
12.885 0.237654 -0.0424094
12.89 0.246814 -0.0444744
12.895 0.255953 -0.0465357
12.9 0.265069 -0.048593
12.905 0.274163 -0.0506461
12.91 0.283234 -0.0526949
12.915 0.29228 -0.0547391
12.92 0.301301 -0.0567787
12.925 0.310297 -0.0588134
12.93 0.319265 -0.060843
12.935 0.328206 -0.0628674
12.94 0.337119 -0.0648864
12.945 0.346003 -0.0668998
12.95 0.354857 -0.0689074
12.955 0.363681 -0.0709092
12.96 0.372473 -0.0729048
12.965 0.381234 -0.0748942
12.97 0.389961 -0.0768771
12.975 0.398655 -0.0788533
12.98 0.407315 -0.0808228
12.985 0.415939 -0.0827854
12.99 0.424528 -0.0847407
12.995 0.43308 -0.0866888
13 0.441594 -0.0886294
13.005 0.450071 -0.0905624
13.01 0.458508 -0.0924875
13.015 0.466906 -0.0944047
13.02 0.475264 -0.0963137
13.025 0.483581 -0.0982144
13.03 0.491856 -0.100107
13.035 0.500088 -0.10199
13.04 0.508277 -0.103865
13.045 0.516423 -0.105731
13.05 0.524523 -0.107587
13.055 0.532578 -0.109434
13.06 0.540587 -0.111272
13.065 0.54855 -0.1131
13.07 0.556464 -0.114919
13.075 0.564331 -0.116727
13.08 0.572149 -0.118526
13.085 0.579917 -0.120314
13.09 0.587635 -0.122091
13.095 0.595301 -0.123858
13.1 0.602917 -0.125615
13.105 0.610479 -0.12736
13.11 0.617989 -0.129094
13.115 0.625445 -0.130817
13.12 0.632847 -0.132529
13.125 0.640194 -0.134229
13.13 0.647486 -0.135918
13.135 0.654721 -0.137595
13.14 0.661899 -0.139259
13.145 0.669019 -0.140912
13.15 0.676081 -0.142553
13.155 0.683085 -0.144181
13.16 0.690029 -0.145796
13.165 0.696913 -0.147399
13.17 0.703736 -0.148989
13.175 0.710498 -0.150566
13.18 0.717198 -0.15213
13.185 0.723836 -0.15368
13.19 0.73041 -0.155217
13.195 0.736921 -0.156741
13.2 0.743367 -0.158251
13.205 0.749749 -0.159747
13.21 0.756065 -0.161229
13.215 0.762315 -0.162698
13.22 0.768499 -0.164152
13.225 0.774615 -0.165591
13.23 0.780664 -0.167016
13.235 0.786644 -0.168427
13.24 0.792556 -0.169823
13.245 0.798398 -0.171204
13.25 0.804171 -0.17257
13.255 0.809873 -0.17392
13.26 0.815504 -0.175256
13.265 0.821064 -0.176576
13.27 0.826552 -0.177881
13.275 0.831968 -0.179171
13.28 0.837311 -0.180444
13.285 0.84258 -0.181702
13.29 0.847776 -0.182944
13.295 0.852897 -0.184169
13.3 0.857943 -0.185379
13.305 0.862914 -0.186573
13.31 0.86781 -0.18775
13.315 0.872629 -0.18891
13.32 0.877371 -0.190054
13.325 0.882037 -0.191181
13.33 0.886625 -0.192292
13.335 0.891135 -0.193385
13.34 0.895567 -0.194462
13.345 0.89992 -0.195521
13.35 0.904194 -0.196564
13.355 0.908388 -0.197589
13.36 0.912503 -0.198596
13.365 0.916537 -0.199586
13.37 0.920491 -0.200559
13.375 0.924363 -0.201514
13.38 0.928154 -0.202451
13.385 0.931863 -0.20337
13.39 0.93549 -0.204271
13.395 0.939035 -0.205155
13.4 0.942497 -0.20602
13.405 0.945875 -0.206867
13.41 0.949171 -0.207696
13.415 0.952382 -0.208507
13.42 0.95551 -0.209299
13.425 0.958553 -0.210072
13.43 0.961511 -0.210827
13.435 0.964385 -0.211564
13.44 0.967173 -0.212282
13.445 0.969876 -0.212981
13.45 0.972493 -0.213661
13.455 0.975024 -0.214322
13.46 0.977469 -0.214965
13.465 0.979828 -0.215588
13.47 0.982099 -0.216192
13.475 0.984284 -0.216777
13.48 0.986382 -0.217343
13.485 0.988392 -0.21789
13.49 0.990315 -0.218417
13.495 0.99215 -0.218925
13.5 0.993897 -0.219414
13.505 0.995556 -0.219883
13.51 0.997127 -0.220333
13.515 0.998609 -0.220763
13.52 1 -0.221173
