0 0 0
0.08 4.74985e-11 -4.5429e-15
0.16 4.26333e-09 -1.03965e-12
0.12 7.69522e-10 -1.46169e-13
0.1 2.25499e-10 -3.33761e-14
0.09 1.08282e-10 -1.30737e-14
0.1 2.26296e-10 -3.36942e-14
0.11 4.40806e-10 -7.93228e-14
0.12 8.10184e-10 -1.73275e-13
0.13 1.41816e-09 -3.55464e-13
0.14 2.3813e-09 -6.91265e-13
0.15 3.85781e-09 -1.28381e-12
0.16 6.05775e-09 -2.29063e-12
0.17 9.25485e-09 -3.94573e-12
0.18 1.37999e-08 -6.58819e-12
0.19 2.01358e-08 -1.06989e-11
0.2 2.88148e-08 -1.69467e-11
0.21 4.05169e-08 -2.6246e-11
0.22 5.60714e-08 -3.98273e-11
0.23 7.64791e-08 -5.93233e-11
0.24 1.02938e-07 -8.68728e-11
0.25 1.36872e-07 -1.25245e-10
0.26 1.79956e-07 -1.77985e-10
0.27 2.34155e-07 -2.49589e-10
0.28 3.01754e-07 -3.45706e-10
0.29 3.85395e-07 -4.73372e-10
0.3 4.88121e-07 -6.41283e-10
0.31 6.13413e-07 -8.60106e-10
0.32 7.65242e-07 -1.14284e-09
0.33 9.4811e-07 -1.50521e-09
0.34 1.16711e-06 -1.96615e-09
0.35 1.42796e-06 -2.5483e-09
0.36 1.73709e-06 -3.27861e-09
0.37 2.10168e-06 -4.18897e-09
0.38 2.52974e-06 -5.31696e-09
0.39 3.03013e-06 -6.70667e-09
0.4 3.61271e-06 -8.40958e-09
0.41 4.28834e-06 -1.04856e-08
0.42 5.06897e-06 -1.3004e-08
0.43 5.96777e-06 -1.60449e-08
0.44 6.99912e-06 -1.97005e-08
0.45 8.17879e-06 -2.40762e-08
0.46 9.52396e-06 -2.92928e-08
0.47 1.10533e-05 -3.54878e-08
0.48 1.27873e-05 -4.28171e-08
0.49 1.47477e-05 -5.14577e-08
0.5 1.69587e-05 -6.16092e-08
0.51 1.94459e-05 -7.34967e-08
0.52 2.22371e-05 -8.7373e-08
0.53 2.53623e-05 -1.03522e-07
0.54 2.88536e-05 -1.2226e-07
0.55 3.27457e-05 -1.43941e-07
0.56 3.70755e-05 -1.6896e-07
0.57 4.18828e-05 -1.97753e-07
0.58 4.72098e-05 -2.30808e-07
0.59 5.31018e-05 -2.68662e-07
0.6 5.96071e-05 -3.11908e-07
0.61 6.67769e-05 -3.61203e-07
0.62 7.46658e-05 -4.17266e-07
0.63 8.33317e-05 -4.80891e-07
0.64 9.28362e-05 -5.52948e-07
0.65 0.000103244 -6.34389e-07
0.66 0.000114625 -7.26257e-07
0.67 0.000127052 -8.29691e-07
0.68 0.000140601 -9.45931e-07
0.69 0.000155354 -1.07633e-06
0.7 0.000171397 -1.22236e-06
0.71 0.000188819 -1.38561e-06
0.72 0.000207716 -1.56782e-06
0.73 0.000228188 -1.77087e-06
0.74 0.00025034 -1.99678e-06
0.75 0.000274281 -2.24775e-06
0.76 0.000300127 -2.52614e-06
0.77 0.000327998 -2.83452e-06
0.78 0.000358023 -3.17562e-06
0.79 0.000390331 -3.55241e-06
0.8 0.000425063 -3.96807e-06
0.81 0.000462363 -4.426e-06
0.82 0.00050238 -4.92987e-06
0.83 0.000545274 -5.48359e-06
0.84 0.000591207 -6.09137e-06
0.85 0.000640351 -6.75769e-06
0.86 0.000692882 -7.48733e-06
0.87 0.000748986 -8.28543e-06
0.88 0.000808855 -9.15743e-06
0.89 0.000872688 -1.01091e-05
0.9 0.000940693 -1.11468e-05
0.91 0.00101308 -1.22769e-05
0.92 0.00109008 -1.35065e-05
0.93 0.00117192 -1.4843e-05
0.94 0.00125884 -1.62943e-05
0.95 0.00135108 -1.78687e-05
0.96 0.00144891 -1.95751e-05
0.97 0.00155258 -2.1423e-05
0.98 0.00166237 -2.34221e-05
0.99 0.00177856 -2.5583e-05
1 0.00190144 -2.79168e-05
1.01 0.00203132 -3.04352e-05
1.02 0.00216849 -3.31504e-05
1.03 0.00231329 -3.60756e-05
1.04 0.00246604 -3.92243e-05
1.05 0.00262707 -4.26111e-05
1.06 0.00279674 -4.62511e-05
1.07 0.0029754 -5.01604e-05
1.08 0.00316343 -5.43556e-05
1.09 0.00336119 -5.88544e-05
1.1 0.00356907 -6.36753e-05
1.11 0.00378748 -6.88378e-05
1.12 0.00401682 -7.43621e-05
1.13 0.00425752 -8.02697e-05
1.14 0.00450999 -8.65827e-05
1.15 0.00477468 -9.33248e-05
1.16 0.00505204 -0.00010052
1.17 0.00534254 -0.000108195
1.18 0.00564663 -0.000116375
1.19 0.00596481 -0.000125088
1.2 0.00629756 -0.000134365
1.21 0.00664539 -0.000144234
1.22 0.00700882 -0.000154729
1.23 0.00738837 -0.000165882
1.24 0.00778457 -0.000177727
1.25 0.00819797 -0.0001903
1.26 0.00862913 -0.000203639
1.27 0.00907861 -0.000217782
1.28 0.009547 -0.000232771
1.29 0.0100349 -0.000248646
1.3 0.0105429 -0.000265452
1.31 0.0110715 -0.000283234
1.32 0.0116215 -0.000302039
1.33 0.0121935 -0.000321915
1.34 0.012788 -0.000342914
1.35 0.0134058 -0.000365088
1.36 0.0140475 -0.000388492
1.37 0.0147138 -0.000413181
1.38 0.0154053 -0.000439214
1.39 0.0161228 -0.000466652
1.4 0.0168669 -0.000495556
1.41 0.0176384 -0.000525992
1.42 0.0184379 -0.000558027
1.43 0.0192663 -0.000591729
1.44 0.0201241 -0.00062717
1.45 0.0210123 -0.000664423
1.46 0.0219315 -0.000703565
1.47 0.0228825 -0.000744674
1.48 0.0238661 -0.00078783
1.49 0.024883 -0.000833118
1.5 0.025934 -0.000880622
1.51 0.0270199 -0.000930433
1.52 0.0281416 -0.00098264
1.53 0.0292998 -0.00103734
1.54 0.0304953 -0.00109462
1.55 0.0317289 -0.0011546
1.56 0.0330016 -0.00121736
1.57 0.034314 -0.00128301
1.58 0.0356671 -0.00135167
1.59 0.0370616 -0.00142344
1.6 0.0384985 -0.00149844
1.61 0.0399785 -0.00157678
1.62 0.0415025 -0.00165858
1.63 0.0430714 -0.00174398
1.64 0.0446861 -0.00183308
1.65 0.0463473 -0.00192603
1.66 0.0480559 -0.00202296
1.67 0.0498129 -0.00212399
1.68 0.051619 -0.00222928
1.69 0.0534751 -0.00233896
1.7 0.0553822 -0.00245318
1.71 0.057341 -0.00257209
1.72 0.0593525 -0.00269584
1.73 0.0614175 -0.00282459
1.74 0.0635368 -0.0029585
1.75 0.0657113 -0.00309773
1.76 0.0679419 -0.00324244
1.77 0.0702294 -0.00339281
1.78 0.0725747 -0.00354902
1.79 0.0749787 -0.00371123
1.8 0.0774421 -0.00387963
1.81 0.0799658 -0.00405441
1.82 0.0825506 -0.00423575
1.83 0.0851974 -0.00442384
1.84 0.087907 -0.00461889
1.85 0.0906801 -0.00482108
1.86 0.0935177 -0.00503062
1.87 0.0964204 -0.00524773
1.88 0.0993891 -0.0054726
1.89 0.102425 -0.00570545
1.9 0.105528 -0.0059465
1.91 0.108699 -0.00619597
1.92 0.111939 -0.00645409
1.93 0.115249 -0.00672108
1.94 0.118629 -0.00699718
1.95 0.122081 -0.00728262
1.96 0.125604 -0.00757763
1.97 0.1292 -0.00788247
1.98 0.132869 -0.00819738
1.99 0.136612 -0.0085226
2 0.14043 -0.0088584
2.01 0.144322 -0.00920502
2.02 0.14829 -0.00956273
2.03 0.152335 -0.00993179
2.04 0.156456 -0.0103125
2.05 0.160654 -0.010705
2.06 0.16493 -0.0111097
2.07 0.169285 -0.0115269
2.08 0.173718 -0.0119568
2.09 0.178231 -0.0123996
2.1 0.182823 -0.0128558
2.11 0.187496 -0.0133255
2.12 0.192249 -0.0138091
2.13 0.197082 -0.0143068
2.14 0.201997 -0.014819
2.15 0.206993 -0.0153459
2.16 0.212071 -0.0158879
2.17 0.217231 -0.0164452
2.18 0.222473 -0.0170182
2.19 0.227798 -0.0176072
2.2 0.233205 -0.0182124
2.21 0.238695 -0.0188343
2.22 0.244267 -0.019473
2.23 0.249922 -0.020129
2.24 0.255661 -0.0208025
2.25 0.261482 -0.0214938
2.26 0.267386 -0.0222034
2.27 0.273373 -0.0229314
2.28 0.279442 -0.0236783
2.29 0.285595 -0.0244443
2.3 0.291829 -0.0252298
2.31 0.298146 -0.026035
2.32 0.304545 -0.0268605
2.33 0.311025 -0.0277063
2.34 0.317588 -0.028573
2.35 0.324231 -0.0294607
2.36 0.330955 -0.0303699
2.37 0.337759 -0.0313009
2.38 0.344643 -0.0322539
2.39 0.351606 -0.0332294
2.4 0.358648 -0.0342276
2.41 0.365768 -0.0352489
2.42 0.372966 -0.0362936
2.43 0.380241 -0.037362
2.44 0.387592 -0.0384544
2.45 0.395019 -0.0395712
2.46 0.402521 -0.0407126
2.47 0.410096 -0.0418791
2.48 0.417744 -0.0430708
2.49 0.425464 -0.0442882
2.5 0.433256 -0.0455314
2.51 0.441118 -0.0468009
2.52 0.449049 -0.048097
2.53 0.457048 -0.0494198
2.54 0.465113 -0.0507698
2.55 0.473245 -0.0521472
2.56 0.481441 -0.0535523
2.57 0.4897 -0.0549854
2.58 0.498021 -0.0564467
2.59 0.506403 -0.0579366
2.6 0.514844 -0.0594553
2.61 0.523343 -0.061003
2.62 0.531898 -0.0625801
2.63 0.540507 -0.0641868
2.64 0.54917 -0.0658232
2.65 0.557884 -0.0674898
2.66 0.566648 -0.0691866
2.67 0.575461 -0.070914
2.68 0.584319 -0.0726721
2.69 0.593222 -0.0744611
2.7 0.602168 -0.0762813
2.71 0.611155 -0.0781329
2.72 0.62018 -0.080016
2.73 0.629243 -0.0819308
2.74 0.63834 -0.0838776
2.75 0.64747 -0.0858563
2.76 0.65663 -0.0878673
2.77 0.665819 -0.0899106
2.78 0.675034 -0.0919864
2.79 0.684274 -0.0940948
2.8 0.693535 -0.0962359
2.81 0.702815 -0.0984099
2.82 0.712113 -0.100617
2.83 0.721425 -0.102857
2.84 0.730749 -0.105129
2.85 0.740082 -0.107435
2.86 0.749423 -0.109775
2.87 0.758768 -0.112147
2.88 0.768116 -0.114552
2.89 0.777462 -0.116991
2.9 0.786805 -0.119463
2.91 0.796142 -0.121968
2.92 0.805469 -0.124506
2.93 0.814785 -0.127078
2.94 0.824086 -0.129682
2.95 0.83337 -0.13232
2.96 0.842633 -0.13499
2.97 0.851873 -0.137693
2.98 0.861086 -0.140428
2.99 0.87027 -0.143196
3 0.879422 -0.145997
3.01 0.888538 -0.148829
3.02 0.897616 -0.151694
3.03 0.906651 -0.15459
3.04 0.915642 -0.157518
3.05 0.924585 -0.160477
3.06 0.933476 -0.163467
3.07 0.942313 -0.166488
3.08 0.951093 -0.169539
3.09 0.959811 -0.172621
3.1 0.968464 -0.175732
3.11 0.97705 -0.178873
3.12 0.985565 -0.182043
3.13 0.994006 -0.185242
3.14 1.00237 -0.188469
3.15 1.01065 -0.191724
3.16 1.01885 -0.195006
3.17 1.02696 -0.198316
3.18 1.03497 -0.201652
3.19 1.0429 -0.205014
3.2 1.05072 -0.208401
3.21 1.05844 -0.211814
3.22 1.06606 -0.215251
3.23 1.07357 -0.218711
3.24 1.08097 -0.222195
3.25 1.08825 -0.225702
3.26 1.09541 -0.22923
3.27 1.10245 -0.23278
3.28 1.10936 -0.23635
3.29 1.11614 -0.239941
3.3 1.12279 -0.24355
3.31 1.12931 -0.247178
3.32 1.13568 -0.250823
3.33 1.14191 -0.254486
3.34 1.148 -0.258164
3.35 1.15393 -0.261858
3.36 1.15971 -0.265565
3.37 1.16533 -0.269287
3.38 1.1708 -0.273021
3.39 1.1761 -0.276767
3.4 1.18123 -0.280523
3.41 1.18619 -0.284289
3.42 1.19098 -0.288064
3.43 1.19559 -0.291847
3.44 1.20002 -0.295637
3.45 1.20427 -0.299432
3.46 1.20833 -0.303232
3.47 1.2122 -0.307036
3.48 1.21588 -0.310842
3.49 1.21936 -0.314649
3.5 1.22265 -0.318457
3.51 1.22573 -0.322264
3.52 1.22861 -0.326069
3.53 1.23128 -0.329871
3.54 1.23374 -0.333668
3.55 1.23598 -0.337459
3.56 1.23801 -0.341244
3.57 1.23982 -0.34502
3.58 1.24141 -0.348787
3.59 1.24278 -0.352543
3.6 1.24392 -0.356287
3.61 1.24483 -0.360018
3.62 1.24551 -0.363734
3.63 1.24595 -0.367434
3.64 1.24616 -0.371116
3.65 1.24613 -0.374779
3.66 1.24586 -0.378422
3.67 1.24535 -0.382044
3.68 1.24459 -0.385642
3.69 1.24358 -0.389216
3.7 1.24233 -0.392764
3.71 1.24082 -0.396284
3.72 1.23906 -0.399775
3.73 1.23705 -0.403236
3.74 1.23478 -0.406665
3.75 1.23226 -0.41006
3.76 1.22947 -0.413421
3.77 1.22643 -0.416745
3.78 1.22312 -0.420031
3.79 1.21955 -0.423277
3.8 1.21572 -0.426483
3.81 1.21162 -0.429645
3.82 1.20726 -0.432764
3.83 1.20263 -0.435837
3.84 1.19773 -0.438862
3.85 1.19256 -0.441839
3.86 1.18712 -0.444765
3.87 1.18142 -0.447639
3.88 1.17544 -0.45046
3.89 1.16919 -0.453226
3.9 1.16268 -0.455935
3.91 1.15589 -0.458585
3.92 1.14883 -0.461176
3.93 1.1415 -0.463705
3.94 1.1339 -0.466172
3.95 1.12602 -0.468574
3.96 1.11788 -0.47091
3.97 1.10947 -0.473178
3.98 1.10079 -0.475377
3.99 1.09184 -0.477506
4 1.08262 -0.479562
4.01 1.07313 -0.481545
4.02 1.06338 -0.483452
4.03 1.05337 -0.485283
4.04 1.04308 -0.487036
4.05 1.03254 -0.488709
4.06 1.02173 -0.490301
4.07 1.01067 -0.49181
4.08 0.999343 -0.493236
4.09 0.987761 -0.494576
4.1 0.975924 -0.49583
4.11 0.963833 -0.496995
4.12 0.951491 -0.498071
4.13 0.9389 -0.499056
4.14 0.926061 -0.499949
4.15 0.912977 -0.500749
4.16 0.89965 -0.501454
4.17 0.886082 -0.502063
4.18 0.872277 -0.502575
4.19 0.858237 -0.502989
4.2 0.843965 -0.503303
4.21 0.829462 -0.503516
4.22 0.814734 -0.503628
4.23 0.799781 -0.503636
4.24 0.784608 -0.503541
4.25 0.769218 -0.50334
4.26 0.753614 -0.503034
4.27 0.7378 -0.50262
4.28 0.721778 -0.502099
4.29 0.705553 -0.501468
4.3 0.689129 -0.500728
4.31 0.672509 -0.499877
4.32 0.655696 -0.498915
4.33 0.638696 -0.49784
4.34 0.621512 -0.496652
4.35 0.604148 -0.495351
4.36 0.586608 -0.493935
4.37 0.568897 -0.492404
4.38 0.55102 -0.490757
4.39 0.53298 -0.488994
4.4 0.514782 -0.487114
4.41 0.496431 -0.485117
4.42 0.477931 -0.483003
4.43 0.459288 -0.48077
4.44 0.440506 -0.478419
4.45 0.42159 -0.475948
4.46 0.402545 -0.473359
4.47 0.383377 -0.470651
4.48 0.36409 -0.467823
4.49 0.344689 -0.464875
4.5 0.325181 -0.461807
4.51 0.305569 -0.45862
4.52 0.285861 -0.455312
4.53 0.26606 -0.451885
4.54 0.246173 -0.448338
4.55 0.226205 -0.444672
4.56 0.206162 -0.440886
4.57 0.18605 -0.436981
4.58 0.165874 -0.432956
4.59 0.14564 -0.428813
4.6 0.125354 -0.424552
4.61 0.105021 -0.420173
4.62 0.0846484 -0.415676
4.63 0.0642412 -0.411062
4.64 0.0438057 -0.406332
4.65 0.0233478 -0.401486
4.66 0.00287354 -0.396525
4.67 -0.0176109 -0.39145
4.68 -0.0380994 -0.38626
4.69 -0.0585859 -0.380958
4.7 -0.0790641 -0.375544
4.71 -0.0995279 -0.370018
4.72 -0.119971 -0.364383
4.73 -0.140387 -0.358638
4.74 -0.16077 -0.352784
4.75 -0.181114 -0.346824
4.76 -0.201412 -0.340758
4.77 -0.221659 -0.334586
4.78 -0.241847 -0.328312
4.79 -0.26197 -0.321934
4.8 -0.282023 -0.315456
4.81 -0.301998 -0.308879
4.82 -0.32189 -0.302203
4.83 -0.341693 -0.29543
4.84 -0.361399 -0.288562
4.85 -0.381003 -0.281601
4.86 -0.400499 -0.274547
4.87 -0.41988 -0.267403
4.88 -0.43914 -0.260171
4.89 -0.458273 -0.252851
4.9 -0.477272 -0.245446
4.91 -0.496132 -0.237958
4.92 -0.514846 -0.230389
4.93 -0.533409 -0.22274
4.94 -0.551814 -0.215013
4.95 -0.570055 -0.207211
4.96 -0.588125 -0.199335
4.97 -0.60602 -0.191388
4.98 -0.623734 -0.183371
4.99 -0.641259 -0.175287
5 -0.658591 -0.167138
5.01 -0.675724 -0.158927
5.02 -0.692651 -0.150654
5.03 -0.709368 -0.142324
5.04 -0.725869 -0.133938
5.05 -0.742147 -0.125498
5.06 -0.758198 -0.117007
5.07 -0.774015 -0.108468
5.08 -0.789595 -0.0998821
5.09 -0.80493 -0.0912528
5.1 -0.820016 -0.0825823
5.11 -0.834848 -0.0738733
5.12 -0.849421 -0.0651283
5.13 -0.863729 -0.0563499
5.14 -0.877768 -0.0475408
5.15 -0.891532 -0.0387036
5.16 -0.905017 -0.0298411
5.17 -0.918217 -0.020956
5.18 -0.93113 -0.012051
5.19 -0.943748 -0.0031288
5.2 -0.956069 0.00580772
5.21 -0.968088 0.0147558
5.22 -0.9798 0.0237126
5.23 -0.991201 0.0326752
5.24 -1.00229 0.0416409
5.25 -1.01305 0.0506068
5.26 -1.0235 0.05957
5.27 -1.03362 0.0685275
5.28 -1.0434 0.0774765
5.29 -1.05286 0.086414
5.3 -1.06197 0.0953372
5.31 -1.07074 0.104243
5.32 -1.07917 0.113129
5.33 -1.08725 0.121991
5.34 -1.09498 0.130827
5.35 -1.10236 0.139634
5.36 -1.10938 0.148409
5.37 -1.11604 0.157149
5.38 -1.12233 0.165851
5.39 -1.12827 0.174512
5.4 -1.13383 0.183129
5.41 -1.13903 0.191699
5.42 -1.14385 0.200219
5.43 -1.1483 0.208686
5.44 -1.15237 0.217098
5.45 -1.15607 0.225451
5.46 -1.15938 0.233742
5.47 -1.16232 0.241969
5.48 -1.16487 0.250128
5.49 -1.16704 0.258217
5.5 -1.16882 0.266233
5.51 -1.17022 0.274173
5.52 -1.17123 0.282034
5.53 -1.17186 0.289813
5.54 -1.17209 0.297508
5.55 -1.17193 0.305115
5.56 -1.17139 0.312632
5.57 -1.17046 0.320056
5.58 -1.16913 0.327385
5.59 -1.16742 0.334616
5.6 -1.16531 0.341745
5.61 -1.16282 0.348771
5.62 -1.15993 0.355691
5.63 -1.15666 0.362502
5.64 -1.153 0.369202
5.65 -1.14895 0.375788
5.66 -1.14452 0.382258
5.67 -1.1397 0.388609
5.68 -1.1345 0.394838
5.69 -1.12891 0.400944
5.7 -1.12294 0.406924
5.71 -1.11659 0.412776
5.72 -1.10987 0.418497
5.73 -1.10277 0.424085
5.74 -1.09529 0.429539
5.75 -1.08744 0.434855
5.76 -1.07922 0.440032
5.77 -1.07063 0.445068
5.78 -1.06168 0.449961
5.79 -1.05237 0.454708
5.8 -1.0427 0.459308
5.81 -1.03267 0.463759
5.82 -1.02228 0.468059
5.83 -1.01155 0.472206
5.84 -1.00047 0.476199
5.85 -0.989047 0.480035
5.86 -0.977283 0.483714
5.87 -0.965182 0.487234
5.88 -0.952749 0.490593
5.89 -0.939988 0.493789
5.9 -0.926902 0.496822
5.91 -0.913495 0.499689
5.92 -0.899773 0.50239
5.93 -0.885738 0.504924
5.94 -0.871397 0.507289
5.95 -0.856754 0.509484
5.96 -0.841812 0.511507
5.97 -0.826578 0.513359
5.98 -0.811056 0.515038
5.99 -0.795252 0.516543
6 -0.77917 0.517873
6.01 -0.762816 0.519027
6.02 -0.746195 0.520006
6.03 -0.729313 0.520807
6.04 -0.712176 0.521432
6.05 -0.694789 0.521878
6.06 -0.677158 0.522146
6.07 -0.659289 0.522235
6.08 -0.641188 0.522145
6.09 -0.622862 0.521876
6.1 -0.604316 0.521427
6.11 -0.585556 0.520798
6.12 -0.56659 0.51999
6.13 -0.547423 0.519002
6.14 -0.528063 0.517835
6.15 -0.508515 0.516488
6.16 -0.488787 0.514961
6.17 -0.468885 0.513255
6.18 -0.448816 0.511371
6.19 -0.428588 0.509308
6.2 -0.408207 0.507068
6.21 -0.38768 0.50465
6.22 -0.367014 0.502056
6.23 -0.346218 0.499285
6.24 -0.325297 0.496339
6.25 -0.304259 0.493218
6.26 -0.283112 0.489924
6.27 -0.261863 0.486457
6.28 -0.24052 0.482818
6.29 -0.219089 0.479009
6.3 -0.19758 0.47503
6.31 -0.175998 0.470883
6.32 -0.154353 0.466568
6.33 -0.132651 0.462088
6.34 -0.1109 0.457443
6.35 -0.0891091 0.452635
6.36 -0.0672846 0.447666
6.37 -0.0454349 0.442537
6.38 -0.0235677 0.43725
6.39 -0.00169086 0.431806
6.4 0.0201877 0.426207
6.41 0.0420601 0.420456
6.42 0.0639185 0.414553
6.43 0.085755 0.408501
6.44 0.107562 0.402302
6.45 0.12933 0.395958
6.46 0.151054 0.389471
6.47 0.172723 0.382843
6.48 0.194332 0.376077
6.49 0.215871 0.369174
6.5 0.237332 0.362138
6.51 0.258709 0.35497
6.52 0.279993 0.347673
6.53 0.301176 0.340249
6.54 0.32225 0.332701
6.55 0.343209 0.325032
6.56 0.364043 0.317244
6.57 0.384746 0.30934
6.58 0.405309 0.301323
6.59 0.425725 0.293195
6.6 0.445987 0.28496
6.61 0.466087 0.27662
6.62 0.486017 0.268178
6.63 0.50577 0.259637
6.64 0.525338 0.251
6.65 0.544715 0.242271
6.66 0.563893 0.233452
6.67 0.582865 0.224547
6.68 0.601624 0.215558
6.69 0.620162 0.206489
6.7 0.638473 0.197343
6.71 0.656549 0.188124
6.72 0.674384 0.178835
6.73 0.691972 0.169478
6.74 0.709305 0.160059
6.75 0.726376 0.150579
6.76 0.743181 0.141042
6.77 0.75971 0.131453
6.78 0.77596 0.121814
6.79 0.791923 0.112128
6.8 0.807593 0.1024
6.81 0.822964 0.0926335
6.82 0.838031 0.0828312
6.83 0.852787 0.072997
6.84 0.867227 0.0631347
6.85 0.881344 0.0532478
6.86 0.895135 0.04334
6.87 0.908593 0.033415
6.88 0.921713 0.0234764
6.89 0.934489 0.013528
6.9 0.946918 0.00357347
6.91 0.958993 -0.00638352
6.92 0.970711 -0.0163392
6.93 0.982067 -0.0262899
6.94 0.993055 -0.0362319
6.95 1.00367 -0.0461614
6.96 1.01391 -0.0560747
6.97 1.02378 -0.0659681
6.98 1.03325 -0.0758378
6.99 1.04235 -0.0856802
7 1.05105 -0.0954915
7.01 1.05935 -0.105268
7.02 1.06726 -0.115006
7.03 1.07476 -0.124702
7.04 1.08187 -0.134351
7.05 1.08856 -0.143952
7.06 1.09484 -0.153499
7.07 1.10072 -0.162989
7.08 1.10617 -0.172419
7.09 1.11121 -0.181784
7.1 1.11583 -0.191082
7.11 1.12003 -0.200309
7.12 1.1238 -0.209461
7.13 1.12715 -0.218534
7.14 1.13007 -0.227526
7.15 1.13256 -0.236432
7.16 1.13463 -0.24525
7.17 1.13626 -0.253975
7.18 1.13746 -0.262605
7.19 1.13823 -0.271136
7.2 1.13857 -0.279565
7.21 1.13847 -0.287889
7.22 1.13794 -0.296103
7.23 1.13698 -0.304206
7.24 1.13558 -0.312193
7.25 1.13375 -0.320063
7.26 1.13149 -0.327811
7.27 1.12879 -0.335434
7.28 1.12567 -0.34293
7.29 1.12211 -0.350296
7.3 1.11812 -0.357529
7.31 1.11371 -0.364625
7.32 1.10887 -0.371583
7.33 1.10361 -0.378399
7.34 1.09792 -0.38507
7.35 1.09181 -0.391595
7.36 1.08528 -0.397969
7.37 1.07833 -0.404192
7.38 1.07097 -0.41026
7.39 1.0632 -0.416171
7.4 1.05502 -0.421922
7.41 1.04643 -0.427511
7.42 1.03744 -0.432937
7.43 1.02805 -0.438196
7.44 1.01827 -0.443286
7.45 1.00809 -0.448206
7.46 0.997517 -0.452954
7.47 0.986563 -0.457527
7.48 0.975227 -0.461924
7.49 0.963514 -0.466143
7.5 0.951428 -0.470182
7.51 0.938973 -0.474039
7.52 0.926155 -0.477713
7.53 0.912978 -0.481202
7.54 0.899446 -0.484506
7.55 0.885566 -0.487621
7.56 0.871342 -0.490548
7.57 0.856779 -0.493285
7.58 0.841883 -0.49583
7.59 0.826659 -0.498183
7.6 0.811114 -0.500343
7.61 0.795254 -0.502308
7.62 0.779083 -0.504078
7.63 0.762609 -0.505652
7.64 0.745837 -0.507028
7.65 0.728774 -0.508208
7.66 0.711427 -0.509189
7.67 0.693802 -0.509972
7.68 0.675905 -0.510556
7.69 0.657745 -0.510941
7.7 0.639327 -0.511126
7.71 0.620659 -0.511112
7.72 0.601748 -0.510897
7.73 0.582601 -0.510483
7.74 0.563225 -0.509869
7.75 0.543629 -0.509055
7.76 0.523819 -0.508042
7.77 0.503804 -0.506829
7.78 0.483591 -0.505418
7.79 0.463187 -0.503808
7.8 0.442602 -0.502001
7.81 0.421842 -0.499996
7.82 0.400917 -0.497794
7.83 0.379833 -0.495397
7.84 0.3586 -0.492805
7.85 0.337225 -0.490019
7.86 0.315718 -0.48704
7.87 0.294085 -0.483869
7.88 0.272337 -0.480507
7.89 0.250481 -0.476955
7.9 0.228526 -0.473216
7.91 0.206481 -0.469289
7.92 0.184354 -0.465177
7.93 0.162154 -0.460881
7.94 0.139889 -0.456402
7.95 0.117569 -0.451743
7.96 0.095203 -0.446905
7.97 0.0727987 -0.441891
7.98 0.0503655 -0.436701
7.99 0.0279122 -0.431337
8 0.00544781 -0.425803
8.01 -0.0170189 -0.4201
8.02 -0.0394788 -0.41423
8.03 -0.0619232 -0.408195
8.04 -0.084343 -0.401998
8.05 -0.106729 -0.395641
8.06 -0.129073 -0.389127
8.07 -0.151366 -0.382458
8.08 -0.173599 -0.375636
8.09 -0.195762 -0.368665
8.1 -0.217847 -0.361547
8.11 -0.239846 -0.354285
8.12 -0.261749 -0.346881
8.13 -0.283548 -0.339339
8.14 -0.305233 -0.331662
8.15 -0.326797 -0.323852
8.16 -0.34823 -0.315912
8.17 -0.369524 -0.307846
8.18 -0.39067 -0.299657
8.19 -0.41166 -0.291348
8.2 -0.432485 -0.282922
8.21 -0.453137 -0.274383
8.22 -0.473607 -0.265734
8.23 -0.493888 -0.256979
8.24 -0.513971 -0.24812
8.25 -0.533847 -0.239162
8.26 -0.55351 -0.230108
8.27 -0.57295 -0.220961
8.28 -0.59216 -0.211725
8.29 -0.611132 -0.202405
8.3 -0.629859 -0.193002
8.31 -0.648332 -0.183523
8.32 -0.666545 -0.173969
8.33 -0.684489 -0.164345
8.34 -0.702158 -0.154655
8.35 -0.719544 -0.144903
8.36 -0.73664 -0.135092
8.37 -0.753439 -0.125226
8.38 -0.769934 -0.11531
8.39 -0.786119 -0.105348
8.4 -0.801987 -0.0953425
8.41 -0.81753 -0.0852987
8.42 -0.832744 -0.0752204
8.43 -0.847621 -0.0651117
8.44 -0.862155 -0.0549765
8.45 -0.876341 -0.044819
8.46 -0.890172 -0.0346433
8.47 -0.903643 -0.0244535
8.48 -0.916748 -0.0142538
8.49 -0.929482 -0.00404816
8.5 -0.941839 0.00615917
8.51 -0.953814 0.0163641
8.52 -0.965403 0.0265624
8.53 -0.9766 0.0367501
8.54 -0.987401 0.0469229
8.55 -0.997801 0.0570768
8.56 -1.0078 0.0672075
8.57 -1.01738 0.0773111
8.58 -1.02655 0.0873832
8.59 -1.03531 0.09742
8.6 -1.04364 0.107417
8.61 -1.05155 0.117371
8.62 -1.05903 0.127277
8.63 -1.06608 0.137131
8.64 -1.0727 0.146929
8.65 -1.07887 0.156668
8.66 -1.08461 0.166342
8.67 -1.08991 0.175949
8.68 -1.09476 0.185485
8.69 -1.09917 0.194944
8.7 -1.10312 0.204324
8.71 -1.10663 0.213621
8.72 -1.10968 0.222831
8.73 -1.11228 0.231949
8.74 -1.11443 0.240973
8.75 -1.11612 0.249899
8.76 -1.11735 0.258722
8.77 -1.11813 0.267439
8.78 -1.11845 0.276047
8.79 -1.11831 0.284542
8.8 -1.11771 0.292921
8.81 -1.11666 0.301179
8.82 -1.11514 0.309315
8.83 -1.11317 0.317323
8.84 -1.11074 0.325201
8.85 -1.10786 0.332946
8.86 -1.10452 0.340555
8.87 -1.10073 0.348023
8.88 -1.09649 0.355349
8.89 -1.0918 0.362528
8.9 -1.08665 0.369559
8.91 -1.08106 0.376438
8.92 -1.07503 0.383162
8.93 -1.06855 0.389728
8.94 -1.06164 0.396134
8.95 -1.05428 0.402377
8.96 -1.0465 0.408455
8.97 -1.03828 0.414364
8.98 -1.02963 0.420102
8.99 -1.02056 0.425668
9 -1.01107 0.431058
9.01 -1.00116 0.43627
9.02 -0.990839 0.441302
9.03 -0.980109 0.446152
9.04 -0.968973 0.450817
9.05 -0.957437 0.455297
9.06 -0.945506 0.459588
9.07 -0.933184 0.46369
9.08 -0.920476 0.4676
9.09 -0.907387 0.471317
9.1 -0.893923 0.474838
9.11 -0.880089 0.478163
9.12 -0.865891 0.481291
9.13 -0.851334 0.484219
9.14 -0.836425 0.486946
9.15 -0.821169 0.489472
9.16 -0.805573 0.491795
9.17 -0.789643 0.493914
9.18 -0.773385 0.495829
9.19 -0.756807 0.497537
9.2 -0.739914 0.499039
9.21 -0.722714 0.500335
9.22 -0.705215 0.501422
9.23 -0.687422 0.502301
9.24 -0.669344 0.502972
9.25 -0.650987 0.503433
9.26 -0.63236 0.503685
9.27 -0.61347 0.503728
9.28 -0.594325 0.503562
9.29 -0.574933 0.503185
9.3 -0.555301 0.5026
9.31 -0.535438 0.501805
9.32 -0.515352 0.500801
9.33 -0.495052 0.499589
9.34 -0.474545 0.498169
9.35 -0.453841 0.496541
9.36 -0.432947 0.494705
9.37 -0.411872 0.492664
9.38 -0.390626 0.490417
9.39 -0.369217 0.487966
9.4 -0.347654 0.485311
9.41 -0.325945 0.482453
9.42 -0.304101 0.479394
9.43 -0.282129 0.476134
9.44 -0.26004 0.472676
9.45 -0.237842 0.46902
9.46 -0.215544 0.465168
9.47 -0.193156 0.461122
9.48 -0.170688 0.456882
9.49 -0.148148 0.452452
9.5 -0.125546 0.447832
9.51 -0.102891 0.443024
9.52 -0.0801936 0.438031
9.53 -0.0574624 0.432855
9.54 -0.0347071 0.427497
9.55 -0.0119372 0.42196
9.56 0.0108377 0.416247
9.57 0.033608 0.410358
9.58 0.0563642 0.404298
9.59 0.0790968 0.398068
9.6 0.101796 0.391671
9.61 0.124453 0.385109
9.62 0.147057 0.378386
9.63 0.1696 0.371504
9.64 0.192072 0.364465
9.65 0.214462 0.357274
9.66 0.236763 0.349933
9.67 0.258964 0.342444
9.68 0.281056 0.334811
9.69 0.30303 0.327038
9.7 0.324876 0.319127
9.71 0.346586 0.311081
9.72 0.36815 0.302905
9.73 0.389559 0.294601
9.74 0.410804 0.286173
9.75 0.431875 0.277624
9.76 0.452765 0.268959
9.77 0.473464 0.26018
9.78 0.493963 0.251291
9.79 0.514254 0.242297
9.8 0.534328 0.2332
9.81 0.554177 0.224004
9.82 0.573791 0.214715
9.83 0.593164 0.205334
9.84 0.612286 0.195867
9.85 0.631149 0.186317
9.86 0.649746 0.176689
9.87 0.668069 0.166986
9.88 0.686109 0.157212
9.89 0.703859 0.147372
9.9 0.721311 0.137469
9.91 0.738458 0.127508
9.92 0.755293 0.117494
9.93 0.771808 0.107429
9.94 0.787997 0.0973195
9.95 0.803852 0.0871685
9.96 0.819366 0.0769805
9.97 0.834534 0.0667599
9.98 0.849348 0.056511
9.99 0.863802 0.0462382
10 0.87789 0.0359458
10.01 0.891606 0.0256381
10.02 0.904944 0.0153196
10.03 0.917897 0.00499451
10.04 0.930462 -0.00533268
10.05 0.942632 -0.0156576
10.06 0.954401 -0.0259759
10.07 0.965766 -0.0362831
10.08 0.97672 -0.046575
10.09 0.987259 -0.0568471
10.1 0.997379 -0.067095
10.11 1.00708 -0.0773145
10.12 1.01634 -0.0875011
10.13 1.02518 -0.0976504
10.14 1.03358 -0.107758
10.15 1.04154 -0.11782
10.16 1.04906 -0.127832
10.17 1.05613 -0.13779
10.18 1.06275 -0.147689
10.19 1.06892 -0.157525
10.2 1.07464 -0.167294
10.21 1.07989 -0.176992
10.22 1.08469 -0.186614
10.23 1.08902 -0.196157
10.24 1.09289 -0.205616
10.25 1.0963 -0.214988
10.26 1.09924 -0.224268
10.27 1.1017 -0.233452
10.28 1.1037 -0.242537
10.29 1.10523 -0.251518
10.3 1.10629 -0.260392
10.31 1.10687 -0.269155
10.32 1.10698 -0.277803
10.33 1.10662 -0.286332
10.34 1.10579 -0.29474
10.35 1.10448 -0.303021
10.36 1.1027 -0.311173
10.37 1.10045 -0.319191
10.38 1.09773 -0.327074
10.39 1.09455 -0.334816
10.4 1.09089 -0.342416
10.41 1.08677 -0.349869
10.42 1.08218 -0.357172
10.43 1.07713 -0.364322
10.44 1.07161 -0.371317
10.45 1.06564 -0.378153
10.46 1.05922 -0.384826
10.47 1.05234 -0.391335
10.48 1.045 -0.397677
10.49 1.03723 -0.403848
10.5 1.029 -0.409846
10.51 1.02034 -0.415668
10.52 1.01124 -0.421312
10.53 1.0017 -0.426776
10.54 0.991735 -0.432056
10.55 0.981345 -0.437152
10.56 0.970534 -0.442059
10.57 0.959306 -0.446778
10.58 0.947667 -0.451304
10.59 0.935621 -0.455636
10.6 0.923173 -0.459773
10.61 0.910329 -0.463713
10.62 0.897094 -0.467453
10.63 0.883474 -0.470993
10.64 0.869474 -0.47433
10.65 0.8551 -0.477464
10.66 0.840359 -0.480392
10.67 0.825256 -0.483114
10.68 0.809799 -0.485628
10.69 0.793993 -0.487933
10.7 0.777846 -0.490028
10.71 0.761364 -0.491913
10.72 0.744555 -0.493585
10.73 0.727425 -0.495046
10.74 0.709982 -0.496293
10.75 0.692233 -0.497326
10.76 0.674186 -0.498146
10.77 0.655849 -0.498751
10.78 0.63723 -0.499141
10.79 0.618335 -0.499315
10.8 0.599175 -0.499275
10.81 0.579756 -0.49902
10.82 0.560087 -0.498549
10.83 0.540176 -0.497864
10.84 0.520033 -0.496963
10.85 0.499665 -0.495849
10.86 0.479082 -0.49452
10.87 0.458292 -0.492978
10.88 0.437304 -0.491223
10.89 0.416128 -0.489257
10.9 0.394771 -0.487079
10.91 0.373245 -0.48469
10.92 0.351557 -0.482093
10.93 0.329717 -0.479287
10.94 0.307735 -0.476274
10.95 0.28562 -0.473055
10.96 0.263381 -0.469632
10.97 0.241029 -0.466006
10.98 0.218572 -0.462178
10.99 0.196021 -0.45815
11 0.173385 -0.453925
11.01 0.150674 -0.449503
11.02 0.127898 -0.444886
11.03 0.105066 -0.440077
11.04 0.082189 -0.435078
11.05 0.0592764 -0.42989
11.06 0.0363382 -0.424516
11.07 0.0133842 -0.418958
11.08 -0.00957554 -0.413219
11.09 -0.0325312 -0.4073
11.1 -0.0554727 -0.401206
11.11 -0.0783902 -0.394937
11.12 -0.101274 -0.388497
11.13 -0.124113 -0.381889
11.14 -0.146899 -0.375116
11.15 -0.169621 -0.368179
11.16 -0.19227 -0.361083
11.17 -0.214835 -0.353831
11.18 -0.237307 -0.346424
11.19 -0.259676 -0.338868
11.2 -0.281932 -0.331164
11.21 -0.304066 -0.323317
11.22 -0.326068 -0.315329
11.23 -0.347928 -0.307205
11.24 -0.369638 -0.298947
11.25 -0.391186 -0.290559
11.26 -0.412565 -0.282045
11.27 -0.433765 -0.273409
11.28 -0.454776 -0.264653
11.29 -0.475589 -0.255783
11.3 -0.496196 -0.246801
11.31 -0.516586 -0.237712
11.32 -0.536753 -0.22852
11.33 -0.556686 -0.219229
11.34 -0.576376 -0.209842
11.35 -0.595816 -0.200363
11.36 -0.614997 -0.190798
11.37 -0.63391 -0.18115
11.38 -0.652547 -0.171422
11.39 -0.670901 -0.16162
11.4 -0.688962 -0.151748
11.41 -0.706723 -0.14181
11.42 -0.724176 -0.13181
11.43 -0.741314 -0.121752
11.44 -0.758129 -0.111641
11.45 -0.774613 -0.101482
11.46 -0.79076 -0.0912787
11.47 -0.806563 -0.0810355
11.48 -0.822013 -0.0707569
11.49 -0.837106 -0.0604475
11.5 -0.851833 -0.0501117
11.51 -0.866189 -0.0397541
11.52 -0.880167 -0.0293791
11.53 -0.893761 -0.0189913
11.54 -0.906965 -0.00859526
11.55 -0.919773 0.00180457
11.56 -0.93218 0.0122036
11.57 -0.94418 0.0225973
11.58 -0.955768 0.0329812
11.59 -0.966938 0.0433506
11.6 -0.977687 0.0537011
11.61 -0.988008 0.0640282
11.62 -0.997897 0.0743273
11.63 -1.00735 0.0845939
11.64 -1.01636 0.0948235
11.65 -1.02493 0.105012
11.66 -1.03305 0.115154
11.67 -1.04072 0.125246
11.68 -1.04794 0.135283
11.69 -1.05469 0.145261
11.7 -1.06099 0.155176
11.71 -1.06682 0.165022
11.72 -1.07219 0.174797
11.73 -1.07708 0.184495
11.74 -1.0815 0.194112
11.75 -1.08545 0.203644
11.76 -1.08893 0.213088
11.77 -1.09193 0.222437
11.78 -1.09445 0.23169
11.79 -1.09649 0.240841
11.8 -1.09805 0.249886
11.81 -1.09913 0.258822
11.82 -1.09973 0.267645
11.83 -1.09985 0.27635
11.84 -1.09948 0.284935
11.85 -1.09863 0.293394
11.86 -1.0973 0.301725
11.87 -1.09549 0.309923
11.88 -1.0932 0.317986
11.89 -1.09043 0.325909
11.9 -1.08719 0.333689
11.91 -1.08346 0.341323
11.92 -1.07926 0.348807
11.93 -1.07459 0.356139
11.94 -1.06944 0.363313
11.95 -1.06383 0.370329
11.96 -1.05775 0.377181
11.97 -1.0512 0.383869
11.98 -1.04419 0.390387
11.99 -1.03673 0.396734
12 -1.0288 0.402907
12.01 -1.02043 0.408903
12.02 -1.01161 0.41472
12.03 -1.00234 0.420354
12.04 -0.992637 0.425803
12.05 -0.982494 0.431066
12.06 -0.97192 0.436139
12.07 -0.960918 0.44102
12.08 -0.949493 0.445707
12.09 -0.937651 0.450198
12.1 -0.925397 0.454491
12.11 -0.912736 0.458585
12.12 -0.899673 0.462476
12.13 -0.886215 0.466164
12.14 -0.872366 0.469648
12.15 -0.858134 0.472924
12.16 -0.843524 0.475992
12.17 -0.828543 0.478851
12.18 -0.813196 0.481499
12.19 -0.797492 0.483935
12.2 -0.781437 0.486157
12.21 -0.765038 0.488166
12.22 -0.748301 0.48996
12.23 -0.731235 0.491538
12.24 -0.713847 0.492899
12.25 -0.696144 0.494043
12.26 -0.678135 0.494969
12.27 -0.659826 0.495678
12.28 -0.641227 0.496167
12.29 -0.622345 0.496439
12.3 -0.603189 0.496491
12.31 -0.583767 0.496324
12.32 -0.564087 0.495938
12.33 -0.544158 0.495334
12.34 -0.52399 0.494511
12.35 -0.50359 0.49347
12.36 -0.482968 0.492211
12.37 -0.462133 0.490735
12.38 -0.441094 0.489042
12.39 -0.41986 0.487134
12.4 -0.398441 0.48501
12.41 -0.376846 0.482673
12.42 -0.355085 0.480122
12.43 -0.333167 0.477359
12.44 -0.311101 0.474386
12.45 -0.288898 0.471202
12.46 -0.266568 0.467811
12.47 -0.24412 0.464213
12.48 -0.221564 0.46041
12.49 -0.19891 0.456403
12.5 -0.176168 0.452195
12.51 -0.153348 0.447787
12.52 -0.130461 0.443181
12.53 -0.107516 0.438379
12.54 -0.0845229 0.433383
12.55 -0.0614928 0.428195
12.56 -0.0384354 0.422818
12.57 -0.0153611 0.417254
12.58 0.00772 0.411505
12.59 0.0307977 0.405575
12.6 0.0538618 0.399465
12.61 0.076902 0.393178
12.62 0.0999082 0.386717
12.63 0.12287 0.380084
12.64 0.145778 0.373284
12.65 0.168621 0.366318
12.66 0.191389 0.35919
12.67 0.214073 0.351904
12.68 0.236662 0.344461
12.69 0.259146 0.336865
12.7 0.281515 0.329121
12.71 0.303759 0.32123
12.72 0.325869 0.313197
12.73 0.347834 0.305026
12.74 0.369646 0.296719
12.75 0.391293 0.288281
12.76 0.412767 0.279715
12.77 0.434058 0.271024
12.78 0.455156 0.262214
12.79 0.476053 0.253288
12.8 0.496739 0.244249
12.81 0.517204 0.235101
12.82 0.537439 0.22585
12.83 0.557437 0.216498
12.84 0.577187 0.20705
12.85 0.596681 0.197511
12.86 0.61591 0.187883
12.87 0.634865 0.178173
12.88 0.653539 0.168383
12.89 0.671923 0.158518
12.9 0.690008 0.148583
12.91 0.707787 0.138582
12.92 0.725252 0.12852
12.93 0.742394 0.1184
12.94 0.759207 0.108228
12.95 0.775683 0.0980079
12.96 0.791813 0.0877442
12.97 0.807593 0.0774414
12.98 0.823013 0.0671042
12.99 0.838067 0.0567373
13 0.852749 0.046345
13.01 0.867052 0.0359322
13.02 0.880969 0.0255035
13.03 0.894495 0.0150633
13.04 0.907623 0.00461651
13.05 0.920347 -0.00583236
13.06 0.932662 -0.0162786
13.07 0.944563 -0.0267177
13.08 0.956043 -0.0371448
13.09 0.967097 -0.0475555
13.1 0.977722 -0.0579449
13.11 0.987911 -0.0683086
13.12 0.997661 -0.0786419
13.13 1.00697 -0.0889402
13.14 1.01582 -0.0991989
13.15 1.02423 -0.109413
13.16 1.03218 -0.119579
13.17 1.03967 -0.129692
13.18 1.04669 -0.139747
13.19 1.05325 -0.149739
13.2 1.05935 -0.159665
13.21 1.06497 -0.16952
13.22 1.07011 -0.179299
13.23 1.07478 -0.188999
13.24 1.07897 -0.198614
13.25 1.08268 -0.20814
13.26 1.0859 -0.217574
13.27 1.08864 -0.226911
13.28 1.0909 -0.236147
13.29 1.09267 -0.245277
13.3 1.09396 -0.254299
13.31 1.09475 -0.263206
13.32 1.09506 -0.271997
13.33 1.09488 -0.280666
13.34 1.09421 -0.28921
13.35 1.09305 -0.297625
13.36 1.09141 -0.305907
13.37 1.08927 -0.314052
13.38 1.08666 -0.322058
13.39 1.08355 -0.32992
13.4 1.07997 -0.337634
13.41 1.0759 -0.345198
13.42 1.07135 -0.352608
13.43 1.06632 -0.35986
13.44 1.06082 -0.366952
13.45 1.05484 -0.37388
13.46 1.04839 -0.380641
13.47 1.04148 -0.387232
13.48 1.0341 -0.39365
13.49 1.02626 -0.399892
13.5 1.01795 -0.405955
13.51 1.0092 -0.411838
13.52 1 -0.41753
