0 -0 -0
0.08 -0.0621296 1.67952e-05
0.16 -0.245796 0.000267811
0.12 -0.139179 8.47984e-05
0.16 -0.245921 0.000266788
0.2 -0.381244 0.000647803
0.24 -0.543737 0.00133447
0.28 -0.731704 0.002453
0.32 -0.94318 0.00414677
0.36 -1.17595 0.00657357
0.4 -1.42755 0.0099025
0.44 -1.69534 0.0143106
0.48 -1.97646 0.0199793
0.52 -2.26792 0.0270906
0.56 -2.56658 0.0358231
0.6 -2.8692 0.0463482
0.64 -3.17248 0.0588256
0.68 -3.47308 0.0734001
0.72 -3.76762 0.090197
0.76 -4.05278 0.109319
0.8 -4.32527 0.130841
0.84 -4.5819 0.154811
0.88 -4.81957 0.181241
0.92 -5.03535 0.210111
0.96 -5.22647 0.24136
1 -5.39036 0.27489
1.04 -5.52467 0.310564
1.08 -5.62731 0.3482
1.12 -5.69644 0.387579
1.16 -5.73053 0.428437
1.2 -5.72835 0.470473
1.24 -5.68897 0.513347
1.28 -5.61181 0.556681
1.32 -5.49662 0.600066
1.36 -5.34349 0.64306
1.4 -5.15285 0.685195
1.44 -4.9255 0.725982
1.48 -4.66254 0.764913
1.52 -4.36544 0.801468
1.56 -4.03597 0.835118
1.6 -3.67622 0.865336
1.64 -3.28857 0.891597
1.68 -2.87568 0.913389
1.72 -2.44047 0.930216
1.76 -1.98606 0.941607
1.8 -1.51582 0.947121
1.84 -1.03326 0.946354
1.88 -0.542059 0.938945
1.92 -0.0460082 0.924582
1.96 0.451019 0.903006
2 0.945099 0.874021
2.04 1.43229 0.837492
2.08 1.90866 0.793355
2.12 2.37035 0.741617
2.16 2.81355 0.682361
2.2 3.23462 0.615747
2.24 3.63003 0.542014
2.28 3.99646 0.461482
2.32 4.33079 0.374549
2.36 4.63015 0.281692
2.4 4.89195 0.183463
2.44 5.11388 0.0804902
2.48 5.29397 -0.0265291
2.52 5.43058 -0.136832
2.56 5.5224 -0.249596
2.6 5.56852 -0.363944
2.64 5.5684 -0.478952
2.68 5.52189 -0.593656
2.72 5.42922 -0.707062
2.76 5.29101 -0.818153
2.8 5.10829 -0.9259
2.84 4.88244 -1.02927
2.88 4.61524 -1.12724
2.92 4.30881 -1.2188
2.96 3.96561 -1.30297
3 3.58843 -1.37881
3.04 3.18035 -1.44542
3.08 2.74474 -1.50198
3.12 2.28519 -1.54773
3.16 1.80552 -1.58196
3.2 1.30973 -1.60409
3.24 0.801945 -1.61361
3.28 0.286432 -1.61011
3.32 -0.232486 -1.59331
3.36 -0.75045 -1.56303
3.4 -1.2631 -1.5192
3.44 -1.76612 -1.46188
3.48 -2.25527 -1.39126
3.52 -2.72643 -1.30765
3.56 -3.17563 -1.21149
3.6 -3.59908 -1.10332
3.64 -3.99322 -0.98383
3.68 -4.35473 -0.853804
3.72 -4.68059 -0.714146
3.76 -4.96806 -0.565859
3.8 -5.21475 -0.410044
3.84 -5.41858 -0.247885
3.88 -5.57789 -0.0806453
3.92 -5.69134 0.0903471
3.96 -5.75802 0.26371
4 -5.7774 0.438021
4.04 -5.74934 0.611827
4.08 -5.67408 0.78366
4.12 -5.55229 0.95205
4.16 -5.385 1.11554
4.2 -5.17359 1.27269
4.24 -4.91984 1.42211
4.28 -4.62584 1.56247
4.32 -4.29401 1.69247
4.36 -3.92706 1.81091
4.4 -3.52799 1.91669
4.44 -3.10004 2.0088
4.48 -2.64665 2.08631
4.52 -2.17147 2.14845
4.56 -1.67831 2.19456
4.6 -1.1711 2.22409
4.64 -0.653858 2.23666
4.68 -0.13067 2.23202
4.72 0.394346 2.21005
4.76 0.917081 2.17078
4.8 1.43346 2.11441
4.84 1.93947 2.04125
4.88 2.4312 1.95176
4.92 2.90487 1.84655
4.96 3.35684 1.72635
5 3.78368 1.59201
5.04 4.18213 1.44453
5.08 4.54918 1.28497
5.12 4.88207 1.11454
5.16 5.17831 0.93451
5.2 5.43568 0.746239
5.24 5.65228 0.551157
5.28 5.82651 0.350749
5.32 5.95711 0.146548
5.36 6.04314 -0.0598853
5.4 6.08398 -0.266966
5.44 6.07938 -0.473103
5.48 6.02941 -0.676713
5.52 5.93448 -0.876228
5.56 5.79534 -1.07011
5.6 5.61305 -1.25687
5.64 5.38901 -1.43506
5.68 5.12491 -1.6033
5.72 4.82273 -1.76031
5.76 4.48474 -1.90486
5.8 4.11346 -2.03584
5.84 3.71166 -2.15222
5.88 3.28231 -2.25311
5.92 2.82861 -2.33771
5.96 2.35392 -2.40537
6 1.86173 -2.45553
6.04 1.35569 -2.4878
6.08 0.839517 -2.50191
6.12 0.317021 -2.49772
6.16 -0.207957 -2.47523
6.2 -0.731557 -2.43459
6.24 -1.24993 -2.37607
6.28 -1.75928 -2.30008
6.32 -2.25585 -2.20717
6.36 -2.73602 -2.09799
6.4 -3.19625 -1.97335
6.44 -3.63318 -1.83413
6.48 -4.04359 -1.68136
6.52 -4.42449 -1.51614
6.56 -4.77308 -1.33969
6.6 -5.08681 -1.15329
6.64 -5.36337 -0.958303
6.68 -5.60075 -0.756161
6.72 -5.79718 -0.548344
6.76 -5.95125 -0.336376
6.8 -6.0618 -0.121812
6.84 -6.12803 0.093773
6.88 -6.14945 0.308796
6.92 -6.12588 0.521676
6.96 -6.05751 0.730849
7 -5.94482 0.934777
7.04 -5.78863 1.13196
7.08 -5.59007 1.32094
7.12 -5.35059 1.50034
7.16 -5.07195 1.66883
7.2 -4.75616 1.82516
7.24 -4.40554 1.96819
7.28 -4.02264 2.09685
7.32 -3.61028 2.2102
7.36 -3.17145 2.3074
7.4 -2.70937 2.38773
7.44 -2.22743 2.45058
7.48 -1.72915 2.4955
7.52 -1.21818 2.52214
7.56 -0.698261 2.5303
7.6 -0.173209 2.51992
7.64 0.353126 2.49106
7.68 0.876886 2.44393
7.72 1.39422 2.37886
7.76 1.90135 2.29634
7.8 2.39452 2.19695
7.84 2.87013 2.08143
7.88 3.32468 1.95062
7.92 3.75482 1.80547
7.96 4.15739 1.64705
8 4.52942 1.47652
8.04 4.86817 1.29512
8.08 5.17115 1.10419
8.12 5.43612 0.905129
8.16 5.66113 0.699401
8.2 5.8445 0.488516
8.24 5.98488 0.274026
8.28 6.08123 0.0575075
8.32 6.13283 -0.159445
8.36 6.13929 -0.375235
8.4 6.10055 -0.588273
8.44 6.01689 -0.796988
8.48 5.88891 -0.999842
8.52 5.71755 -1.19534
8.56 5.50406 -1.38203
8.6 5.25001 -1.55855
8.64 4.95725 -1.72359
8.68 4.62795 -1.87592
8.72 4.26451 -2.01442
8.76 3.86962 -2.13807
8.8 3.44619 -2.24595
8.84 2.99732 -2.33726
8.88 2.52633 -2.41132
8.92 2.03669 -2.46759
8.96 1.53201 -2.50563
9 1.01601 -2.52518
9.04 0.492513 -2.52607
9.08 -0.0346259 -2.50831
9.12 -0.56151 -2.47201
9.16 -1.08425 -2.41744
9.2 -1.59897 -2.345
9.24 -2.10187 -2.25523
9.28 -2.58923 -2.14877
9.32 -3.05744 -2.02643
9.36 -3.50304 -1.88909
9.4 -3.92272 -1.73778
9.44 -4.31337 -1.57361
9.48 -4.67209 -1.39778
9.52 -4.99624 -1.21161
9.56 -5.28339 -1.01647
9.6 -5.53142 -0.813801
9.64 -5.73848 -0.605103
9.68 -5.90303 -0.39192
9.72 -6.02384 -0.175833
9.76 -6.10002 0.0415575
9.8 -6.13098 0.258641
9.84 -6.1165 0.473809
9.88 -6.05667 0.685464
9.92 -5.95193 0.892038
9.96 -5.80305 1.092
10 -5.61112 1.28385
10.04 -5.37756 1.46619
10.08 -5.10411 1.63765
10.12 -4.79277 1.79695
10.16 -4.44586 1.94291
10.2 -4.06595 2.07446
10.24 -3.65584 2.1906
10.28 -3.21859 2.29047
10.32 -2.75744 2.37334
10.36 -2.2758 2.43857
10.4 -1.77726 2.48569
10.44 -1.26551 2.51434
10.48 -0.744356 2.5243
10.52 -0.21767 2.51551
10.56 0.310635 2.48801
10.6 0.83663 2.44201
10.64 1.3564 2.37786
10.68 1.86609 2.29603
10.72 2.3619 2.19711
10.76 2.84014 2.08186
10.8 3.29724 1.95111
10.84 3.72982 1.80585
10.88 4.13463 1.64715
10.92 4.50868 1.47619
10.96 4.84916 1.29424
11 5.15354 1.10265
11.04 5.41955 0.902854
11.08 5.6452 0.696335
11.12 5.82881 0.484629
11.16 5.96899 0.269314
11.2 6.06472 0.0519921
11.24 6.11525 -0.165717
11.28 6.12022 -0.382191
11.32 6.07958 -0.595817
11.36 5.99363 -0.805003
11.4 5.86299 -1.00819
11.44 5.68865 -1.20386
11.48 5.47189 -1.39055
11.52 5.21433 -1.56687
11.56 4.91788 -1.73151
11.6 4.58475 -1.88323
11.64 4.21742 -2.02091
11.68 3.81862 -2.1435
11.72 3.39133 -2.25011
11.76 2.93874 -2.33992
11.8 2.46421 -2.41227
11.84 1.9713 -2.46662
11.88 1.46366 -2.50255
11.92 0.945101 -2.5198
11.96 0.419484 -2.51824
12 -0.109266 -2.49787
12.04 -0.637199 -2.45885
12.08 -1.16037 -2.40146
12.12 -1.67488 -2.32613
12.16 -2.17687 -2.23343
12.2 -2.66261 -2.12404
12.24 -3.12844 -1.99878
12.28 -3.5709 -1.85859
12.32 -3.98667 -1.7045
12.36 -4.37264 -1.53768
12.4 -4.72593 -1.35936
12.44 -5.04388 -1.17087
12.48 -5.32413 -0.973636
12.52 -5.56456 -0.769119
12.56 -5.76339 -0.558851
12.6 -5.91911 -0.344403
12.64 -6.03055 -0.127379
12.68 -6.09689 0.0905974
12.72 -6.11762 0.307896
12.76 -6.09257 0.522892
12.8 -6.02194 0.733974
12.84 -5.90625 0.939565
12.88 -5.74635 1.13812
12.92 -5.54345 1.32816
12.96 -5.29905 1.50826
13 -5.01499 1.67707
13.04 -4.69338 1.83332
13.08 -4.33662 1.97585
13.12 -3.9474 2.10358
13.16 -3.52862 2.21556
13.2 -3.08341 2.31094
13.24 -2.6151 2.38902
13.28 -2.12721 2.4492
13.32 -1.62338 2.49104
13.36 -1.10739 2.51421
13.4 -0.5831 2.51854
13.44 -0.0544428 2.504
13.48 0.474622 2.4707
13.52 1 2.41889
