0 -0 -0
0.08 -6.9099e-42 2.54635e-46
0.16 -6.76368e-38 1.98944e-42
0.12 -5.5408e-39 1.89571e-43
0.1 -5.0856e-40 2.08386e-44
0.09 -7.85452e-41 3.40673e-45
0.085 -2.46198e-41 1.02044e-45
0.09 -8.16012e-41 3.78561e-45
0.095 -2.53576e-40 1.30845e-44
0.1 -7.43644e-40 4.24361e-44
0.105 -2.06967e-39 1.29946e-43
0.11 -5.4931e-39 3.77715e-43
0.115 -1.39615e-38 1.047e-42
0.12 -3.41068e-38 2.7789e-42
0.125 -8.03414e-38 7.08727e-42
0.13 -1.83005e-37 1.74232e-41
0.135 -4.04121e-37 4.14025e-41
0.14 -8.67077e-37 9.53341e-41
0.145 -1.81125e-36 2.13184e-40
0.15 -3.6903e-36 4.63884e-40
0.155 -7.34539e-36 9.83989e-40
0.16 -1.43048e-35 2.03799e-39
0.165 -2.72924e-35 4.12746e-39
0.17 -5.10774e-35 8.18493e-39
0.175 -9.38701e-35 1.59122e-38
0.18 -1.69583e-34 3.03607e-38
0.185 -3.01438e-34 5.69127e-38
0.19 -5.27656e-34 1.04913e-37
0.195 -9.10308e-34 1.90351e-37
0.2 -1.54892e-33 3.40197e-37
0.205 -2.60116e-33 5.99352e-37
0.21 -4.314e-33 1.04162e-36
0.215 -7.07002e-33 1.78687e-36
0.22 -1.14559e-32 3.02754e-36
0.225 -1.83621e-32 5.06924e-36
0.23 -2.91281e-32 8.39227e-36
0.235 -4.575e-32 1.37439e-35
0.24 -7.11769e-32 2.22757e-35
0.245 -1.0973e-31 3.57465e-35
0.25 -1.67693e-31 5.68181e-35
0.255 -2.54129e-31 8.94864e-35
0.26 -3.82019e-31 1.39701e-34
0.265 -5.69825e-31 2.16251e-34
0.27 -8.43626e-31 3.32027e-34
0.275 -1.24002e-30 5.05794e-34
0.28 -1.81006e-30 7.64683e-34
0.285 -2.62449e-30 1.14766e-33
0.29 -3.78085e-30 1.71034e-33
0.295 -5.41279e-30 2.53156e-33
0.3 -7.7025e-30 3.7225e-33
0.305 -1.0897e-29 5.43895e-33
0.31 -1.53296e-29 7.89802e-33
0.315 -2.14476e-29 1.14007e-32
0.32 -2.9849e-29 1.63619e-32
0.325 -4.13286e-29 2.3351e-32
0.33 -5.69394e-29 3.31451e-32
0.335 -7.80691e-29 4.68002e-32
0.34 -1.0654e-28 6.5744e-32
0.345 -1.44735e-28 9.18989e-32
0.35 -1.95756e-28 1.27842e-31
0.355 -2.6363e-28 1.77012e-31
0.36 -3.53561e-28 2.4398e-31
0.365 -4.72251e-28 3.348e-31
0.37 -6.28303e-28 4.57454e-31
0.375 -8.32718e-28 6.22429e-31
0.38 -1.09952e-27 8.43453e-31
0.385 -1.44654e-27 1.13843e-30
0.39 -1.89634e-27 1.53064e-30
0.395 -2.47744e-27 2.05022e-30
0.4 -3.22571e-27 2.7361e-30
0.405 -4.18622e-27 3.63836e-30
0.41 -5.41536e-27 4.82126e-30
0.415 -6.98354e-27 6.36699e-30
0.42 -8.97837e-27 8.38032e-30
0.425 -1.15087e-26 1.09945e-29
0.43 -1.47093e-26 1.43784e-29
0.435 -1.87466e-26 1.87455e-29
0.44 -2.38257e-26 2.4365e-29
0.445 -3.01989e-26 3.15754e-29
0.45 -3.81753e-26 4.08013e-29
0.455 -4.81336e-26 5.25736e-29
0.46 -6.05355e-26 6.7555e-29
0.465 -7.59441e-26 8.65704e-29
0.47 -9.50433e-26 1.10644e-28
0.475 -1.18663e-25 1.41046e-28
0.48 -1.47808e-25 1.79344e-28
0.485 -1.83692e-25 2.27474e-28
0.49 -2.27777e-25 2.87816e-28
0.495 -2.81826e-25 3.63297e-28
0.5 -3.47951e-25 4.575e-28
0.505 -4.2869e-25 5.74808e-28
0.51 -5.27075e-25 7.20571e-28
0.515 -6.46731e-25 9.01306e-28
0.52 -7.9198e-25 1.12494e-27
0.525 -9.67966e-25 1.40107e-27
0.53 -1.1808e-24 1.74137e-27
0.535 -1.43774e-24 2.15989e-27
0.54 -1.74738e-24 2.67363e-27
0.545 -2.11988e-24 3.30305e-27
0.55 -2.56724e-24 4.07277e-27
0.555 -3.1036e-24 5.01234e-27
0.56 -3.74561e-24 6.15716e-27
0.565 -4.51287e-24 7.54964e-27
0.57 -5.42833e-24 9.24038e-27
0.575 -6.51894e-24 1.12898e-26
0.58 -7.81623e-24 1.37698e-26
0.585 -9.35703e-24 1.67659e-26
0.59 -1.11844e-23 2.03798e-26
0.595 -1.33484e-23 2.47317e-26
0.6 -1.59074e-23 2.99642e-26
0.605 -1.89294e-23 3.6246e-26
0.61 -2.24931e-23 4.37758e-26
0.615 -2.669e-23 5.27884e-26
0.62 -3.1626e-23 6.35599e-26
0.625 -3.74235e-23 7.64151e-26
0.63 -4.42241e-23 9.17351e-26
0.635 -5.21914e-23 1.09967e-25
0.64 -6.15137e-23 1.31635e-25
0.645 -7.2408e-23 1.57352e-25
0.65 -8.51241e-23 1.87833e-25
0.655 -9.99487e-23 2.23913e-25
0.66 -1.17211e-22 2.66567e-25
0.665 -1.37289e-22 3.16928e-25
0.67 -1.60615e-22 3.76314e-25
0.675 -1.87684e-22 4.46256e-25
0.68 -2.19062e-22 5.28529e-25
0.685 -2.55395e-22 6.25193e-25
0.69 -2.9742e-22 7.38631e-25
0.695 -3.45978e-22 8.71599e-25
0.7 -4.02025e-22 1.02728e-24
0.705 -4.66649e-22 1.20935e-24
0.71 -5.41089e-22 1.42204e-24
0.715 -6.26748e-22 1.67023e-24
0.72 -7.2522e-22 1.95953e-24
0.725 -8.38312e-22 2.29639e-24
0.73 -9.6807e-22 2.68822e-24
0.735 -1.11681e-21 3.14351e-24
0.74 -1.28714e-21 3.672e-24
0.745 -1.48203e-21 4.28484e-24
0.75 -1.70481e-21 4.99479e-24
0.755 -1.95925e-21 5.8164e-24
0.76 -2.24957e-21 6.76634e-24
0.765 -2.58057e-21 7.86359e-24
0.77 -2.9576e-21 9.12979e-24
0.775 -3.38671e-21 1.05896e-23
0.78 -3.87467e-21 1.22711e-23
0.785 -4.42911e-21 1.42061e-23
0.79 -5.05855e-21 1.64309e-23
0.795 -5.77258e-21 1.89866e-23
0.8 -6.58191e-21 2.19198e-23
0.805 -7.49852e-21 2.52835e-23
0.81 -8.53585e-21 2.91374e-23
0.815 -9.70887e-21 3.35494e-23
0.82 -1.10343e-20 3.85959e-23
0.825 -1.25309e-20 4.43636e-23
0.83 -1.42195e-20 5.09501e-23
0.835 -1.61233e-20 5.84656e-23
0.84 -1.82681e-20 6.70342e-23
0.845 -2.06829e-20 7.67961e-23
0.85 -2.33995e-20 8.79086e-23
0.855 -2.64536e-20 1.00549e-22
0.86 -2.98849e-20 1.14916e-22
0.865 -3.37371e-20 1.31234e-22
0.87 -3.8059e-20 1.49754e-22
0.875 -4.29047e-20 1.70758e-22
0.88 -4.83341e-20 1.94561e-22
0.885 -5.44136e-20 2.21517e-22
0.89 -6.12164e-20 2.52023e-22
0.895 -6.88239e-20 2.86521e-22
0.9 -7.73259e-20 3.25507e-22
0.905 -8.68217e-20 3.69536e-22
0.91 -9.74208e-20 4.19225e-22
0.915 -1.09244e-19 4.75264e-22
0.92 -1.22425e-19 5.38424e-22
0.925 -1.37112e-19 6.09562e-22
0.93 -1.53465e-19 6.89635e-22
0.935 -1.71664e-19 7.79707e-22
0.94 -1.91906e-19 8.80962e-22
0.945 -2.14406e-19 9.94718e-22
0.95 -2.39403e-19 1.12244e-21
0.955 -2.67157e-19 1.26575e-21
0.96 -2.97958e-19 1.42646e-21
0.965 -3.32118e-19 1.60656e-21
0.97 -3.69986e-19 1.80829e-21
0.975 -4.1194e-19 2.0341e-21
0.98 -4.58397e-19 2.28672e-21
0.985 -5.09814e-19 2.56918e-21
0.99 -5.66689e-19 2.8848e-21
0.995 -6.29569e-19 3.2373e-21
1 -6.99055e-19 3.63076e-21
1.005 -7.758e-19 4.06969e-21
1.01 -8.6052e-19 4.55908e-21
1.015 -9.53999e-19 5.10443e-21
1.02 -1.05709e-18 5.71182e-21
1.025 -1.17073e-18 6.38795e-21
1.03 -1.29593e-18 7.14019e-21
1.035 -1.43381e-18 7.97667e-21
1.04 -1.58557e-18 8.90636e-21
1.045 -1.75255e-18 9.9391e-21
1.05 -1.93617e-18 1.10857e-20
1.055 -2.13801e-18 1.23582e-20
1.06 -2.35976e-18 1.37696e-20
1.065 -2.60329e-18 1.53343e-20
1.07 -2.87062e-18 1.70681e-20
1.075 -3.16395e-18 1.89883e-20
1.08 -3.48564e-18 2.11141e-20
1.085 -3.83831e-18 2.34662e-20
1.09 -4.22477e-18 2.60676e-20
1.095 -4.64807e-18 2.89434e-20
1.1 -5.11153e-18 3.21209e-20
1.105 -5.61874e-18 3.56302e-20
1.11 -6.17362e-18 3.95043e-20
1.115 -6.78038e-18 4.37791e-20
1.12 -7.44361e-18 4.8494e-20
1.125 -8.16828e-18 5.36919e-20
1.13 -8.95975e-18 5.94199e-20
1.135 -9.82384e-18 6.57292e-20
1.14 -1.07669e-17 7.26759e-20
1.145 -1.17956e-17 8.03211e-20
1.15 -1.29174e-17 8.87315e-20
1.155 -1.41403e-17 9.79797e-20
1.16 -1.54728e-17 1.08145e-19
1.165 -1.69242e-17 1.19314e-19
1.17 -1.85045e-17 1.3158e-19
1.175 -2.02246e-17 1.45046e-19
1.18 -2.20961e-17 1.59823e-19
1.185 -2.41316e-17 1.76033e-19
1.19 -2.63448e-17 1.93807e-19
1.195 -2.87501e-17 2.13289e-19
1.2 -3.13635e-17 2.34635e-19
1.205 -3.42019e-17 2.58013e-19
1.21 -3.72835e-17 2.83607e-19
1.215 -4.06281e-17 3.11617e-19
1.22 -4.42569e-17 3.4226e-19
1.225 -4.81927e-17 3.7577e-19
1.23 -5.24599e-17 4.12403e-19
1.235 -5.70851e-17 4.52433e-19
1.24 -6.20965e-17 4.96162e-19
1.245 -6.75246e-17 5.43912e-19
1.25 -7.34021e-17 5.96035e-19
1.255 -7.97642e-17 6.52912e-19
1.26 -8.66486e-17 7.14955e-19
1.265 -9.40958e-17 7.82607e-19
1.27 -1.02149e-16 8.56352e-19
1.275 -1.10856e-16 9.3671e-19
1.28 -1.20265e-16 1.02424e-18
1.285 -1.30431e-16 1.11956e-18
1.29 -1.41411e-16 1.22333e-18
1.295 -1.53266e-16 1.33624e-18
1.3 -1.66062e-16 1.45907e-18
1.305 -1.79871e-16 1.59265e-18
1.31 -1.94768e-16 1.73787e-18
1.315 -2.10833e-16 1.89569e-18
1.32 -2.28153e-16 2.06716e-18
1.325 -2.46821e-16 2.25338e-18
1.33 -2.66936e-16 2.45557e-18
1.335 -2.88604e-16 2.67502e-18
1.34 -3.11938e-16 2.91315e-18
1.345 -3.3706e-16 3.17145e-18
1.35 -3.64097e-16 3.45155e-18
1.355 -3.93189e-16 3.75519e-18
1.36 -4.24484e-16 4.08426e-18
1.365 -4.58137e-16 4.44078e-18
1.37 -4.94319e-16 4.82692e-18
1.375 -5.33207e-16 5.24502e-18
1.38 -5.74993e-16 5.69759e-18
1.385 -6.19881e-16 6.18733e-18
1.39 -6.68089e-16 6.71713e-18
1.395 -7.19848e-16 7.29013e-18
1.4 -7.75407e-16 7.90964e-18
1.405 -8.35027e-16 8.57927e-18
1.41 -8.9899e-16 9.30286e-18
1.415 -9.67595e-16 1.00845e-17
1.42 -1.04116e-15 1.09288e-17
1.425 -1.12002e-15 1.18402e-17
1.43 -1.20454e-15 1.28241e-17
1.435 -1.29511e-15 1.38857e-17
1.44 -1.39212e-15 1.5031e-17
1.445 -1.49602e-15 1.62663e-17
1.45 -1.60727e-15 1.75982e-17
1.455 -1.72635e-15 1.90339e-17
1.46 -1.85379e-15 2.05811e-17
1.465 -1.99014e-15 2.2248e-17
1.47 -2.13599e-15 2.40434e-17
1.475 -2.29197e-15 2.59767e-17
1.48 -2.45874e-15 2.80581e-17
1.485 -2.63701e-15 3.02982e-17
1.49 -2.82752e-15 3.27085e-17
1.495 -3.03107e-15 3.53014e-17
1.5 -3.2485e-15 3.809e-17
1.505 -3.48071e-15 4.10882e-17
1.51 -3.72864e-15 4.43111e-17
1.515 -3.9933e-15 4.77747e-17
1.52 -4.27576e-15 5.1496e-17
1.525 -4.57715e-15 5.54933e-17
1.53 -4.89866e-15 5.97859e-17
1.535 -5.24157e-15 6.43947e-17
1.54 -5.60721e-15 6.93416e-17
1.545 -5.99702e-15 7.46504e-17
1.55 -6.41251e-15 8.03461e-17
1.555 -6.85526e-15 8.64554e-17
1.56 -7.32697e-15 9.30071e-17
1.565 -7.82944e-15 1.00031e-16
1.57 -8.36454e-15 1.07561e-16
1.575 -8.9343e-15 1.1563e-16
1.58 -9.54082e-15 1.24275e-16
1.585 -1.01863e-14 1.33535e-16
1.59 -1.08732e-14 1.43452e-16
1.595 -1.1604e-14 1.54071e-16
1.6 -1.23813e-14 1.65438e-16
1.605 -1.3208e-14 1.77603e-16
1.61 -1.40869e-14 1.9062e-16
1.615 -1.50212e-14 2.04545e-16
1.62 -1.60143e-14 2.19438e-16
1.625 -1.70695e-14 2.35364e-16
1.63 -1.81906e-14 2.52391e-16
1.635 -1.93815e-14 2.7059e-16
1.64 -2.06462e-14 2.90038e-16
1.645 -2.1989e-14 3.10817e-16
1.65 -2.34147e-14 3.33013e-16
1.655 -2.49279e-14 3.56718e-16
1.66 -2.65337e-14 3.8203e-16
1.665 -2.82375e-14 4.09052e-16
1.67 -3.0045e-14 4.37893e-16
1.675 -3.19621e-14 4.6867e-16
1.68 -3.3995e-14 5.01507e-16
1.685 -3.61504e-14 5.36534e-16
1.69 -3.84353e-14 5.7389e-16
1.695 -4.08571e-14 6.13722e-16
1.7 -4.34233e-14 6.56186e-16
1.705 -4.61423e-14 7.01447e-16
1.71 -4.90225e-14 7.49681e-16
1.715 -5.2073e-14 8.01072e-16
1.72 -5.53033e-14 8.55817e-16
1.725 -5.87235e-14 9.14123e-16
1.73 -6.23441e-14 9.76212e-16
1.735 -6.6176e-14 1.04232e-15
1.74 -7.02311e-14 1.11268e-15
1.745 -7.45216e-14 1.18757e-15
1.75 -7.90604e-14 1.26725e-15
1.755 -8.3861e-14 1.35203e-15
1.76 -8.89378e-14 1.44221e-15
1.765 -9.43057e-14 1.53811e-15
1.77 -9.99805e-14 1.64008e-15
1.775 -1.05979e-13 1.74849e-15
1.78 -1.12318e-13 1.86372e-15
1.785 -1.19016e-13 1.98618e-15
1.79 -1.26093e-13 2.1163e-15
1.795 -1.33568e-13 2.25454e-15
1.8 -1.41463e-13 2.40137e-15
1.805 -1.498e-13 2.55731e-15
1.81 -1.58602e-13 2.72288e-15
1.815 -1.67895e-13 2.89867e-15
1.82 -1.77703e-13 3.08525e-15
1.825 -1.88054e-13 3.28327e-15
1.83 -1.98975e-13 3.49339e-15
1.835 -2.10498e-13 3.71632e-15
1.84 -2.22653e-13 3.95278e-15
1.845 -2.35472e-13 4.20357e-15
1.85 -2.48991e-13 4.46951e-15
1.855 -2.63245e-13 4.75146e-15
1.86 -2.78271e-13 5.05035e-15
1.865 -2.9411e-13 5.36713e-15
1.87 -3.10803e-13 5.70284e-15
1.875 -3.28393e-13 6.05853e-15
1.88 -3.46927e-13 6.43534e-15
1.885 -3.6645e-13 6.83446e-15
1.89 -3.87015e-13 7.25715e-15
1.895 -4.08672e-13 7.70472e-15
1.9 -4.31478e-13 8.17858e-15
1.905 -4.55489e-13 8.68017e-15
1.91 -4.80765e-13 9.21105e-15
1.915 -5.07369e-13 9.77284e-15
1.92 -5.35368e-13 1.03673e-14
1.925 -5.64831e-13 1.09961e-14
1.93 -5.95829e-13 1.16612e-14
1.935 -6.28438e-13 1.23646e-14
1.94 -6.62737e-13 1.31085e-14
1.945 -6.9881e-13 1.38949e-14
1.95 -7.36742e-13 1.47262e-14
1.955 -7.76623e-13 1.56049e-14
1.96 -8.1855e-13 1.65335e-14
1.965 -8.6262e-13 1.75147e-14
1.97 -9.08936e-13 1.85514e-14
1.975 -9.57609e-13 1.96464e-14
1.98 -1.00875e-12 2.0803e-14
1.985 -1.06248e-12 2.20244e-14
1.99 -1.11891e-12 2.3314e-14
1.995 -1.17819e-12 2.46756e-14
2 -1.24044e-12 2.61128e-14
2.005 -1.3058e-12 2.76297e-14
2.01 -1.37443e-12 2.92305e-14
2.015 -1.44647e-12 3.09196e-14
2.02 -1.52209e-12 3.27015e-14
2.025 -1.60145e-12 3.45813e-14
2.03 -1.68472e-12 3.65639e-14
2.035 -1.7721e-12 3.86547e-14
2.04 -1.86378e-12 4.08593e-14
2.045 -1.95994e-12 4.31836e-14
2.05 -2.0608e-12 4.56337e-14
2.055 -2.16657e-12 4.82162e-14
2.06 -2.27749e-12 5.09377e-14
2.065 -2.39378e-12 5.38055e-14
2.07 -2.5157e-12 5.6827e-14
2.075 -2.64349e-12 6.001e-14
2.08 -2.77743e-12 6.33627e-14
2.085 -2.9178e-12 6.68936e-14
2.09 -3.06489e-12 7.06119e-14
2.095 -3.21899e-12 7.45269e-14
2.1 -3.38043e-12 7.86484e-14
2.105 -3.54954e-12 8.2987e-14
2.11 -3.72666e-12 8.75533e-14
2.115 -3.91215e-12 9.23588e-14
2.12 -4.10638e-12 9.74153e-14
2.125 -4.30974e-12 1.02735e-13
2.13 -4.52263e-12 1.08332e-13
2.135 -4.74548e-12 1.14219e-13
2.14 -4.97873e-12 1.2041e-13
2.145 -5.22283e-12 1.2692e-13
2.15 -5.47826e-12 1.33766e-13
2.155 -5.74552e-12 1.40963e-13
2.16 -6.02513e-12 1.48529e-13
2.165 -6.31762e-12 1.56481e-13
2.17 -6.62355e-12 1.64838e-13
2.175 -6.9435e-12 1.7362e-13
2.18 -7.27809e-12 1.82848e-13
2.185 -7.62794e-12 1.92542e-13
2.19 -7.99371e-12 2.02725e-13
2.195 -8.37609e-12 2.13421e-13
2.2 -8.77578e-12 2.24654e-13
2.205 -9.19353e-12 2.36449e-13
2.21 -9.63011e-12 2.48834e-13
2.215 -1.00863e-11 2.61836e-13
2.22 -1.0563e-11 2.75485e-13
2.225 -1.10609e-11 2.89811e-13
2.23 -1.15812e-11 3.04846e-13
2.235 -1.21245e-11 3.20623e-13
2.24 -1.2692e-11 3.37178e-13
2.245 -1.32847e-11 3.54545e-13
2.25 -1.39035e-11 3.72764e-13
2.255 -1.45496e-11 3.91874e-13
2.26 -1.52242e-11 4.11917e-13
2.265 -1.59283e-11 4.32934e-13
2.27 -1.66633e-11 4.54972e-13
2.275 -1.74304e-11 4.78078e-13
2.28 -1.82309e-11 5.023e-13
2.285 -1.90662e-11 5.2769e-13
2.29 -1.99377e-11 5.54302e-13
2.295 -2.0847e-11 5.8219e-13
2.3 -2.17954e-11 6.11413e-13
2.305 -2.27848e-11 6.42033e-13
2.31 -2.38166e-11 6.74111e-13
2.315 -2.48927e-11 7.07715e-13
2.32 -2.60147e-11 7.42912e-13
2.325 -2.71847e-11 7.79775e-13
2.33 -2.84044e-11 8.18378e-13
2.335 -2.96759e-11 8.588e-13
2.34 -3.10013e-11 9.01121e-13
2.345 -3.23828e-11 9.45427e-13
2.35 -3.38225e-11 9.91805e-13
2.355 -3.53227e-11 1.04035e-12
2.36 -3.6886e-11 1.09115e-12
2.365 -3.85147e-11 1.14432e-12
2.37 -4.02114e-11 1.19994e-12
2.375 -4.19789e-11 1.25814e-12
2.38 -4.382e-11 1.31903e-12
2.385 -4.57374e-11 1.38272e-12
2.39 -4.77342e-11 1.44934e-12
2.395 -4.98136e-11 1.51901e-12
2.4 -5.19786e-11 1.59186e-12
2.405 -5.42327e-11 1.66804e-12
2.41 -5.65793e-11 1.74769e-12
2.415 -5.90219e-11 1.83096e-12
2.42 -6.15644e-11 1.918e-12
2.425 -6.42105e-11 2.00897e-12
2.43 -6.69642e-11 2.10405e-12
2.435 -6.98296e-11 2.20342e-12
2.44 -7.2811e-11 2.30724e-12
2.445 -7.59129e-11 2.41572e-12
2.45 -7.91398e-11 2.52905e-12
2.455 -8.24966e-11 2.64744e-12
2.46 -8.5988e-11 2.7711e-12
2.465 -8.96192e-11 2.90026e-12
2.47 -9.33955e-11 3.03514e-12
2.475 -9.73223e-11 3.17599e-12
2.48 -1.01405e-10 3.32305e-12
2.485 -1.0565e-10 3.47659e-12
2.49 -1.10064e-10 3.63688e-12
2.495 -1.14651e-10 3.8042e-12
2.5 -1.1942e-10 3.97884e-12
2.505 -1.24376e-10 4.1611e-12
2.51 -1.29527e-10 4.35131e-12
2.515 -1.34879e-10 4.54979e-12
2.52 -1.40441e-10 4.75687e-12
2.525 -1.4622e-10 4.97292e-12
2.53 -1.52224e-10 5.1983e-12
2.535 -1.58461e-10 5.4334e-12
2.54 -1.64939e-10 5.67861e-12
2.545 -1.71668e-10 5.93434e-12
2.55 -1.78657e-10 6.20102e-12
2.555 -1.85915e-10 6.47911e-12
2.56 -1.93452e-10 6.76905e-12
2.565 -2.01278e-10 7.07132e-12
2.57 -2.09403e-10 7.38644e-12
2.575 -2.17838e-10 7.71491e-12
2.58 -2.26595e-10 8.05726e-12
2.585 -2.35685e-10 8.41407e-12
2.59 -2.4512e-10 8.78589e-12
2.595 -2.54912e-10 9.17335e-12
2.6 -2.65074e-10 9.57704e-12
2.605 -2.75619e-10 9.99763e-12
2.61 -2.86561e-10 1.04358e-11
2.615 -2.97913e-10 1.08922e-11
2.62 -3.09691e-10 1.13676e-11
2.625 -3.21909e-10 1.18627e-11
2.63 -3.34583e-10 1.23783e-11
2.635 -3.47729e-10 1.29152e-11
2.64 -3.61363e-10 1.34743e-11
2.645 -3.75503e-10 1.40564e-11
2.65 -3.90166e-10 1.46624e-11
2.655 -4.05371e-10 1.52932e-11
2.66 -4.21136e-10 1.59498e-11
2.665 -4.3748e-10 1.66332e-11
2.67 -4.54424e-10 1.73444e-11
2.675 -4.71989e-10 1.80846e-11
2.68 -4.90196e-10 1.88548e-11
2.685 -5.09067e-10 1.96562e-11
2.69 -5.28624e-10 2.04899e-11
2.695 -5.48892e-10 2.13572e-11
2.7 -5.69895e-10 2.22595e-11
2.705 -5.91657e-10 2.3198e-11
2.71 -6.14205e-10 2.41741e-11
2.715 -6.37566e-10 2.51892e-11
2.72 -6.61766e-10 2.62448e-11
2.725 -6.86835e-10 2.73425e-11
2.73 -7.12802e-10 2.84838e-11
2.735 -7.39697e-10 2.96704e-11
2.74 -7.6755e-10 3.09039e-11
2.745 -7.96396e-10 3.21862e-11
2.75 -8.26266e-10 3.35191e-11
2.755 -8.57195e-10 3.49044e-11
2.76 -8.89218e-10 3.63441e-11
2.765 -9.22372e-10 3.78403e-11
2.77 -9.56695e-10 3.93949e-11
2.775 -9.92224e-10 4.10103e-11
2.78 -1.029e-09 4.26886e-11
2.785 -1.06707e-09 4.44321e-11
2.79 -1.10646e-09 4.62434e-11
2.795 -1.14723e-09 4.81247e-11
2.8 -1.18942e-09 5.00788e-11
2.805 -1.23308e-09 5.21083e-11
2.81 -1.27825e-09 5.42159e-11
2.815 -1.32499e-09 5.64045e-11
2.82 -1.37334e-09 5.8677e-11
2.825 -1.42335e-09 6.10365e-11
2.83 -1.47509e-09 6.34861e-11
2.835 -1.5286e-09 6.60292e-11
2.84 -1.58395e-09 6.86689e-11
2.845 -1.6412e-09 7.1409e-11
2.85 -1.7004e-09 7.42528e-11
2.855 -1.76161e-09 7.72043e-11
2.86 -1.82491e-09 8.02672e-11
2.865 -1.89035e-09 8.34454e-11
2.87 -1.95802e-09 8.67433e-11
2.875 -2.02797e-09 9.01648e-11
2.88 -2.10028e-09 9.37146e-11
2.885 -2.17503e-09 9.73971e-11
2.89 -2.2523e-09 1.01217e-10
2.895 -2.33215e-09 1.05179e-10
2.9 -2.41468e-09 1.09289e-10
2.905 -2.49997e-09 1.13551e-10
2.91 -2.5881e-09 1.1797e-10
2.915 -2.67917e-09 1.22553e-10
2.92 -2.77327e-09 1.27305e-10
2.925 -2.87048e-09 1.32233e-10
2.93 -2.97092e-09 1.37341e-10
2.935 -3.07467e-09 1.42636e-10
2.94 -3.18185e-09 1.48125e-10
2.945 -3.29256e-09 1.53815e-10
2.95 -3.4069e-09 1.59713e-10
2.955 -3.52499e-09 1.65825e-10
2.96 -3.64695e-09 1.72159e-10
2.965 -3.77289e-09 1.78722e-10
2.97 -3.90294e-09 1.85524e-10
2.975 -4.03723e-09 1.92571e-10
2.98 -4.17587e-09 1.99871e-10
2.985 -4.31901e-09 2.07435e-10
2.99 -4.46679e-09 2.1527e-10
2.995 -4.61934e-09 2.23387e-10
3 -4.77681e-09 2.31793e-10
3.005 -4.93934e-09 2.405e-10
3.01 -5.1071e-09 2.49517e-10
3.015 -5.28023e-09 2.58855e-10
3.02 -5.45891e-09 2.68525e-10
3.025 -5.6433e-09 2.78537e-10
3.03 -5.83356e-09 2.88904e-10
3.035 -6.02988e-09 2.99636e-10
3.04 -6.23243e-09 3.10747e-10
3.045 -6.44141e-09 3.22249e-10
3.05 -6.657e-09 3.34155e-10
3.055 -6.87941e-09 3.46477e-10
3.06 -7.10882e-09 3.59231e-10
3.065 -7.34546e-09 3.72431e-10
3.07 -7.58953e-09 3.8609e-10
3.075 -7.84125e-09 4.00225e-10
3.08 -8.10086e-09 4.1485e-10
3.085 -8.36857e-09 4.29983e-10
3.09 -8.64463e-09 4.45639e-10
3.095 -8.92929e-09 4.61835e-10
3.1 -9.22279e-09 4.7859e-10
3.105 -9.52539e-09 4.95921e-10
3.11 -9.83736e-09 5.13847e-10
3.115 -1.0159e-08 5.32388e-10
3.12 -1.04905e-08 5.51563e-10
3.125 -1.08322e-08 5.71393e-10
3.13 -1.11845e-08 5.91899e-10
3.135 -1.15475e-08 6.13102e-10
3.14 -1.19217e-08 6.35026e-10
3.145 -1.23073e-08 6.57693e-10
3.15 -1.27047e-08 6.81127e-10
3.155 -1.31141e-08 7.05352e-10
3.16 -1.35361e-08 7.30394e-10
3.165 -1.39708e-08 7.56279e-10
3.17 -1.44187e-08 7.83033e-10
3.175 -1.48801e-08 8.10685e-10
3.18 -1.53554e-08 8.39262e-10
3.185 -1.58451e-08 8.68793e-10
3.19 -1.63495e-08 8.99309e-10
3.195 -1.68691e-08 9.30841e-10
3.2 -1.74042e-08 9.63421e-10
3.205 -1.79553e-08 9.97081e-10
3.21 -1.85229e-08 1.03186e-09
3.215 -1.91074e-08 1.06778e-09
3.22 -1.97092e-08 1.10489e-09
3.225 -2.0329e-08 1.14322e-09
3.23 -2.09671e-08 1.18281e-09
3.235 -2.16241e-08 1.2237e-09
3.24 -2.23005e-08 1.26592e-09
3.245 -2.29969e-08 1.30953e-09
3.25 -2.37137e-08 1.35456e-09
3.255 -2.44517e-08 1.40106e-09
3.26 -2.52112e-08 1.44907e-09
3.265 -2.5993e-08 1.49863e-09
3.27 -2.67977e-08 1.54981e-09
3.275 -2.76258e-08 1.60263e-09
3.28 -2.84781e-08 1.65716e-09
3.285 -2.93551e-08 1.71345e-09
3.29 -3.02576e-08 1.77155e-09
3.295 -3.11862e-08 1.83152e-09
3.3 -3.21416e-08 1.8934e-09
3.305 -3.31247e-08 1.95727e-09
3.31 -3.41361e-08 2.02317e-09
3.315 -3.51766e-08 2.09118e-09
3.32 -3.62469e-08 2.16135e-09
3.325 -3.7348e-08 2.23374e-09
3.33 -3.84805e-08 2.30844e-09
3.335 -3.96454e-08 2.38549e-09
3.34 -4.08435e-08 2.46498e-09
3.345 -4.20757e-08 2.54698e-09
3.35 -4.3343e-08 2.63156e-09
3.355 -4.46461e-08 2.71879e-09
3.36 -4.59862e-08 2.80876e-09
3.365 -4.73642e-08 2.90155e-09
3.37 -4.8781e-08 2.99724e-09
3.375 -5.02378e-08 3.09591e-09
3.38 -5.17355e-08 3.19766e-09
3.385 -5.32753e-08 3.30257e-09
3.39 -5.48582e-08 3.41073e-09
3.395 -5.64854e-08 3.52225e-09
3.4 -5.8158e-08 3.63721e-09
3.405 -5.98773e-08 3.75572e-09
3.41 -6.16444e-08 3.87788e-09
3.415 -6.34606e-08 4.00381e-09
3.42 -6.53272e-08 4.13359e-09
3.425 -6.72454e-08 4.26736e-09
3.43 -6.92167e-08 4.40521e-09
3.435 -7.12424e-08 4.54728e-09
3.44 -7.33238e-08 4.69368e-09
3.445 -7.54625e-08 4.84454e-09
3.45 -7.76599e-08 4.99997e-09
3.455 -7.99175e-08 5.16012e-09
3.46 -8.22369e-08 5.32512e-09
3.465 -8.46196e-08 5.49511e-09
3.47 -8.70673e-08 5.67022e-09
3.475 -8.95815e-08 5.85061e-09
3.48 -9.21641e-08 6.03641e-09
3.485 -9.48167e-08 6.2278e-09
3.49 -9.75412e-08 6.42492e-09
3.495 -1.00339e-07 6.62793e-09
3.5 -1.03213e-07 6.837e-09
3.505 -1.06164e-07 7.0523e-09
3.51 -1.09194e-07 7.274e-09
3.515 -1.12306e-07 7.50229e-09
3.52 -1.15501e-07 7.73734e-09
3.525 -1.18782e-07 7.97935e-09
3.53 -1.2215e-07 8.22851e-09
3.535 -1.25608e-07 8.48501e-09
3.54 -1.29158e-07 8.74906e-09
3.545 -1.32802e-07 9.02088e-09
3.55 -1.36543e-07 9.30066e-09
3.555 -1.40384e-07 9.58864e-09
3.56 -1.44325e-07 9.88503e-09
3.565 -1.48371e-07 1.01901e-08
3.57 -1.52523e-07 1.0504e-08
3.575 -1.56785e-07 1.08271e-08
3.58 -1.61158e-07 1.11595e-08
3.585 -1.65647e-07 1.15015e-08
3.59 -1.70252e-07 1.18535e-08
3.595 -1.74978e-07 1.22156e-08
3.6 -1.79828e-07 1.25882e-08
3.605 -1.84803e-07 1.29715e-08
3.61 -1.89908e-07 1.33657e-08
3.615 -1.95145e-07 1.37713e-08
3.62 -2.00519e-07 1.41885e-08
3.625 -2.06031e-07 1.46176e-08
3.63 -2.11685e-07 1.5059e-08
3.635 -2.17485e-07 1.55129e-08
3.64 -2.23435e-07 1.59798e-08
3.645 -2.29537e-07 1.64599e-08
3.65 -2.35796e-07 1.69535e-08
3.655 -2.42216e-07 1.74612e-08
3.66 -2.48799e-07 1.79831e-08
3.665 -2.55551e-07 1.85198e-08
3.67 -2.62474e-07 1.90716e-08
3.675 -2.69574e-07 1.96389e-08
3.68 -2.76854e-07 2.0222e-08
3.685 -2.84318e-07 2.08215e-08
3.69 -2.91972e-07 2.14378e-08
3.695 -2.99819e-07 2.20712e-08
3.7 -3.07864e-07 2.27223e-08
3.705 -3.16111e-07 2.33914e-08
3.71 -3.24566e-07 2.40791e-08
3.715 -3.33234e-07 2.47859e-08
3.72 -3.42118e-07 2.55122e-08
3.725 -3.51225e-07 2.62586e-08
3.73 -3.60559e-07 2.70255e-08
3.735 -3.70126e-07 2.78135e-08
3.74 -3.79932e-07 2.86232e-08
3.745 -3.89981e-07 2.9455e-08
3.75 -4.00279e-07 3.03097e-08
3.755 -4.10833e-07 3.11876e-08
3.76 -4.21648e-07 3.20895e-08
3.765 -4.3273e-07 3.3016e-08
3.77 -4.44085e-07 3.39676e-08
3.775 -4.55719e-07 3.4945e-08
3.78 -4.6764e-07 3.5949e-08
3.785 -4.79853e-07 3.698e-08
3.79 -4.92365e-07 3.80389e-08
3.795 -5.05183e-07 3.91263e-08
3.8 -5.18314e-07 4.0243e-08
3.805 -5.31765e-07 4.13897e-08
3.81 -5.45543e-07 4.25671e-08
3.815 -5.59657e-07 4.3776e-08
3.82 -5.74112e-07 4.50171e-08
3.825 -5.88918e-07 4.62914e-08
3.83 -6.04081e-07 4.75996e-08
3.835 -6.19611e-07 4.89426e-08
3.84 -6.35515e-07 5.03212e-08
3.845 -6.51801e-07 5.17363e-08
3.85 -6.68479e-07 5.31889e-08
3.855 -6.85556e-07 5.46797e-08
3.86 -7.03043e-07 5.62099e-08
3.865 -7.20947e-07 5.77803e-08
3.87 -7.39279e-07 5.93919e-08
3.875 -7.58048e-07 6.10458e-08
3.88 -7.77263e-07 6.2743e-08
3.885 -7.96934e-07 6.44845e-08
3.89 -8.17072e-07 6.62714e-08
3.895 -8.37686e-07 6.81049e-08
3.9 -8.58788e-07 6.9986e-08
3.905 -8.80388e-07 7.19159e-08
3.91 -9.02497e-07 7.38958e-08
3.915 -9.25125e-07 7.59269e-08
3.92 -9.48285e-07 7.80104e-08
3.925 -9.71989e-07 8.01476e-08
3.93 -9.96246e-07 8.23398e-08
3.935 -1.02107e-06 8.45882e-08
3.94 -1.04648e-06 8.68944e-08
3.945 -1.07247e-06 8.92595e-08
3.95 -1.09907e-06 9.16851e-08
3.955 -1.12629e-06 9.41726e-08
3.96 -1.15414e-06 9.67234e-08
3.965 -1.18263e-06 9.9339e-08
3.97 -1.21179e-06 1.02021e-07
3.975 -1.24161e-06 1.04771e-07
3.98 -1.27212e-06 1.0759e-07
3.985 -1.30334e-06 1.10481e-07
3.99 -1.33527e-06 1.13445e-07
3.995 -1.36793e-06 1.16483e-07
4 -1.40134e-06 1.19597e-07
4.005 -1.43552e-06 1.2279e-07
4.01 -1.47047e-06 1.26062e-07
4.015 -1.50622e-06 1.29416e-07
4.02 -1.54278e-06 1.32854e-07
4.025 -1.58018e-06 1.36378e-07
4.03 -1.61842e-06 1.39989e-07
4.035 -1.65753e-06 1.4369e-07
4.04 -1.69752e-06 1.47482e-07
4.045 -1.73841e-06 1.51368e-07
4.05 -1.78023e-06 1.5535e-07
4.055 -1.82298e-06 1.59431e-07
4.06 -1.8667e-06 1.63612e-07
4.065 -1.91139e-06 1.67895e-07
4.07 -1.95709e-06 1.72284e-07
4.075 -2.00381e-06 1.7678e-07
4.08 -2.05157e-06 1.81386e-07
4.085 -2.1004e-06 1.86104e-07
4.09 -2.15031e-06 1.90937e-07
4.095 -2.20133e-06 1.95888e-07
4.1 -2.25348e-06 2.00959e-07
4.105 -2.30679e-06 2.06153e-07
4.11 -2.36127e-06 2.11473e-07
4.115 -2.41696e-06 2.16921e-07
4.12 -2.47388e-06 2.225e-07
4.125 -2.53205e-06 2.28214e-07
4.13 -2.59149e-06 2.34065e-07
4.135 -2.65224e-06 2.40057e-07
4.14 -2.71432e-06 2.46192e-07
4.145 -2.77776e-06 2.52473e-07
4.15 -2.84259e-06 2.58905e-07
4.155 -2.90882e-06 2.6549e-07
4.16 -2.9765e-06 2.72231e-07
4.165 -3.04565e-06 2.79133e-07
4.17 -3.1163e-06 2.86198e-07
4.175 -3.18848e-06 2.93431e-07
4.18 -3.26222e-06 3.00834e-07
4.185 -3.33756e-06 3.08412e-07
4.19 -3.41452e-06 3.16169e-07
4.195 -3.49313e-06 3.24108e-07
4.2 -3.57344e-06 3.32233e-07
4.205 -3.65547e-06 3.40548e-07
4.21 -3.73926e-06 3.49058e-07
4.215 -3.82484e-06 3.57767e-07
4.22 -3.91225e-06 3.66679e-07
4.225 -4.00152e-06 3.75798e-07
4.23 -4.0927e-06 3.85129e-07
4.235 -4.18581e-06 3.94676e-07
4.24 -4.2809e-06 4.04445e-07
4.245 -4.37801e-06 4.14439e-07
4.25 -4.47718e-06 4.24664e-07
4.255 -4.57844e-06 4.35124e-07
4.26 -4.68183e-06 4.45825e-07
4.265 -4.78741e-06 4.56772e-07
4.27 -4.8952e-06 4.6797e-07
4.275 -5.00526e-06 4.79423e-07
4.28 -5.11763e-06 4.91139e-07
4.285 -5.23235e-06 5.03121e-07
4.29 -5.34947e-06 5.15377e-07
4.295 -5.46904e-06 5.27911e-07
4.3 -5.5911e-06 5.40729e-07
4.305 -5.7157e-06 5.53838e-07
4.31 -5.84289e-06 5.67243e-07
4.315 -5.97272e-06 5.80951e-07
4.32 -6.10523e-06 5.94967e-07
4.325 -6.24049e-06 6.09299e-07
4.33 -6.37855e-06 6.23953e-07
4.335 -6.51945e-06 6.38935e-07
4.34 -6.66325e-06 6.54253e-07
4.345 -6.81001e-06 6.69914e-07
4.35 -6.95978e-06 6.85923e-07
4.355 -7.11262e-06 7.02289e-07
4.36 -7.26859e-06 7.19019e-07
4.365 -7.42775e-06 7.36121e-07
4.37 -7.59016e-06 7.53601e-07
4.375 -7.75587e-06 7.71468e-07
4.38 -7.92496e-06 7.8973e-07
4.385 -8.09748e-06 8.08394e-07
4.39 -8.2735e-06 8.27469e-07
4.395 -8.45308e-06 8.46963e-07
4.4 -8.6363e-06 8.66885e-07
4.405 -8.82322e-06 8.87243e-07
4.41 -9.0139e-06 9.08047e-07
4.415 -9.20842e-06 9.29304e-07
4.42 -9.40686e-06 9.51024e-07
4.425 -9.60927e-06 9.73218e-07
4.43 -9.81574e-06 9.95893e-07
4.435 -1.00263e-05 1.01906e-06
4.44 -1.02412e-05 1.04273e-06
4.445 -1.04603e-05 1.06691e-06
4.45 -1.06837e-05 1.09161e-06
4.455 -1.09116e-05 1.11684e-06
4.46 -1.11441e-05 1.14262e-06
4.465 -1.13811e-05 1.16894e-06
4.47 -1.16228e-05 1.19584e-06
4.475 -1.18693e-05 1.22331e-06
4.48 -1.21207e-05 1.25136e-06
4.485 -1.2377e-05 1.28001e-06
4.49 -1.26384e-05 1.30927e-06
4.495 -1.29049e-05 1.33916e-06
4.5 -1.31767e-05 1.36968e-06
4.505 -1.34538e-05 1.40084e-06
4.51 -1.37363e-05 1.43266e-06
4.515 -1.40243e-05 1.46516e-06
4.52 -1.43179e-05 1.49834e-06
4.525 -1.46172e-05 1.53222e-06
4.53 -1.49224e-05 1.56681e-06
4.535 -1.52335e-05 1.60212e-06
4.54 -1.55506e-05 1.63817e-06
4.545 -1.58739e-05 1.67498e-06
4.55 -1.62034e-05 1.71255e-06
4.555 -1.65393e-05 1.75091e-06
4.56 -1.68816e-05 1.79006e-06
4.565 -1.72306e-05 1.83003e-06
4.57 -1.75862e-05 1.87082e-06
4.575 -1.79487e-05 1.91246e-06
4.58 -1.83181e-05 1.95496e-06
4.585 -1.86946e-05 1.99833e-06
4.59 -1.90783e-05 2.0426e-06
4.595 -1.94693e-05 2.08778e-06
4.6 -1.98677e-05 2.13388e-06
4.605 -2.02738e-05 2.18093e-06
4.61 -2.06875e-05 2.22894e-06
4.615 -2.11091e-05 2.27793e-06
4.62 -2.15387e-05 2.32791e-06
4.625 -2.19764e-05 2.37892e-06
4.63 -2.24223e-05 2.43096e-06
4.635 -2.28767e-05 2.48405e-06
4.64 -2.33396e-05 2.53822e-06
4.645 -2.38112e-05 2.59349e-06
4.65 -2.42917e-05 2.64987e-06
4.655 -2.47812e-05 2.70738e-06
4.66 -2.52798e-05 2.76605e-06
4.665 -2.57878e-05 2.8259e-06
4.67 -2.63052e-05 2.88695e-06
4.675 -2.68323e-05 2.94922e-06
4.68 -2.73691e-05 3.01273e-06
4.685 -2.7916e-05 3.07751e-06
4.69 -2.8473e-05 3.14357e-06
4.695 -2.90403e-05 3.21095e-06
4.7 -2.96182e-05 3.27967e-06
4.705 -3.02066e-05 3.34975e-06
4.71 -3.0806e-05 3.42121e-06
4.715 -3.14164e-05 3.49409e-06
4.72 -3.2038e-05 3.5684e-06
4.725 -3.2671e-05 3.64417e-06
4.73 -3.33156e-05 3.72143e-06
4.735 -3.39721e-05 3.80021e-06
4.74 -3.46405e-05 3.88053e-06
4.745 -3.53211e-05 3.96242e-06
4.75 -3.60142e-05 4.0459e-06
4.755 -3.67198e-05 4.13101e-06
4.76 -3.74383e-05 4.21778e-06
4.765 -3.81698e-05 4.30623e-06
4.77 -3.89146e-05 4.3964e-06
4.775 -3.96729e-05 4.48831e-06
4.78 -4.04449e-05 4.58199e-06
4.785 -4.12308e-05 4.67749e-06
4.79 -4.20308e-05 4.77482e-06
4.795 -4.28453e-05 4.87402e-06
4.8 -4.36744e-05 4.97512e-06
4.805 -4.45183e-05 5.07817e-06
4.81 -4.53774e-05 5.18318e-06
4.815 -4.62519e-05 5.2902e-06
4.82 -4.7142e-05 5.39925e-06
4.825 -4.80479e-05 5.51039e-06
4.83 -4.897e-05 5.62363e-06
4.835 -4.99085e-05 5.73903e-06
4.84 -5.08637e-05 5.8566e-06
4.845 -5.18357e-05 5.9764e-06
4.85 -5.28251e-05 6.09847e-06
4.855 -5.38319e-05 6.22283e-06
4.86 -5.48565e-05 6.34953e-06
4.865 -5.58991e-05 6.47861e-06
4.87 -5.69601e-05 6.61011e-06
4.875 -5.80398e-05 6.74407e-06
4.88 -5.91384e-05 6.88053e-06
4.885 -6.02563e-05 7.01955e-06
4.89 -6.13938e-05 7.16115e-06
4.895 -6.25511e-05 7.30538e-06
4.9 -6.37286e-05 7.45229e-06
4.905 -6.49267e-05 7.60192e-06
4.91 -6.61456e-05 7.75432e-06
4.915 -6.73858e-05 7.90954e-06
4.92 -6.86474e-05 8.06762e-06
4.925 -6.99309e-05 8.22861e-06
4.93 -7.12366e-05 8.39256e-06
4.935 -7.25649e-05 8.55951e-06
4.94 -7.39161e-05 8.72953e-06
4.945 -7.52906e-05 8.90265e-06
4.95 -7.66887e-05 9.07894e-06
4.955 -7.81109e-05 9.25844e-06
4.96 -7.95574e-05 9.4412e-06
4.965 -8.10288e-05 9.62729e-06
4.97 -8.25253e-05 9.81675e-06
4.975 -8.40474e-05 1.00096e-05
4.98 -8.55955e-05 1.0206e-05
4.985 -8.71699e-05 1.0406e-05
4.99 -8.87711e-05 1.06095e-05
4.995 -9.03995e-05 1.08167e-05
5 -9.20556e-05 1.10276e-05
5.005 -9.37397e-05 1.12423e-05
5.01 -9.54523e-05 1.14608e-05
5.015 -9.71938e-05 1.16833e-05
5.02 -9.89647e-05 1.19097e-05
5.025 -0.000100765 1.21401e-05
5.03 -0.000102596 1.23747e-05
5.035 -0.000104458 1.26134e-05
5.04 -0.000106351 1.28563e-05
5.045 -0.000108276 1.31035e-05
5.05 -0.000110233 1.33552e-05
5.055 -0.000112222 1.36112e-05
5.06 -0.000114245 1.38718e-05
5.065 -0.000116301 1.41369e-05
5.07 -0.000118392 1.44067e-05
5.075 -0.000120517 1.46812e-05
5.08 -0.000122678 1.49605e-05
5.085 -0.000124874 1.52447e-05
5.09 -0.000127107 1.55339e-05
5.095 -0.000129376 1.58281e-05
5.1 -0.000131683 1.61274e-05
5.105 -0.000134028 1.64319e-05
5.11 -0.000136411 1.67416e-05
5.115 -0.000138834 1.70568e-05
5.12 -0.000141296 1.73773e-05
5.125 -0.000143799 1.77034e-05
5.13 -0.000146342 1.80352e-05
5.135 -0.000148927 1.83726e-05
5.14 -0.000151555 1.87158e-05
5.145 -0.000154224 1.90648e-05
5.15 -0.000156938 1.94199e-05
5.155 -0.000159695 1.9781e-05
5.16 -0.000162497 2.01483e-05
5.165 -0.000165345 2.05218e-05
5.17 -0.000168238 2.09016e-05
5.175 -0.000171178 2.12879e-05
5.18 -0.000174166 2.16808e-05
5.185 -0.000177201 2.20803e-05
5.19 -0.000180286 2.24865e-05
5.195 -0.00018342 2.28996e-05
5.2 -0.000186604 2.33196e-05
5.205 -0.000189839 2.37467e-05
5.21 -0.000193126 2.41809e-05
5.215 -0.000196465 2.46224e-05
5.22 -0.000199857 2.50713e-05
5.225 -0.000203304 2.55277e-05
5.23 -0.000206805 2.59917e-05
5.235 -0.000210361 2.64634e-05
5.24 -0.000213975 2.69429e-05
5.245 -0.000217645 2.74304e-05
5.25 -0.000221373 2.79259e-05
5.255 -0.00022516 2.84297e-05
5.26 -0.000229007 2.89417e-05
5.265 -0.000232914 2.94622e-05
5.27 -0.000236883 2.99913e-05
5.275 -0.000240914 3.0529e-05
5.28 -0.000245008 3.10755e-05
5.285 -0.000249166 3.1631e-05
5.29 -0.000253389 3.21956e-05
5.295 -0.000257678 3.27694e-05
5.3 -0.000262034 3.33525e-05
5.305 -0.000266457 3.39451e-05
5.31 -0.000270949 3.45473e-05
5.315 -0.000275511 3.51593e-05
5.32 -0.000280144 3.57812e-05
5.325 -0.000284848 3.64132e-05
5.33 -0.000289625 3.70553e-05
5.335 -0.000294476 3.77078e-05
5.34 -0.000299401 3.83707e-05
5.345 -0.000304402 3.90444e-05
5.35 -0.00030948 3.97288e-05
5.355 -0.000314636 4.04241e-05
5.36 -0.00031987 4.11306e-05
5.365 -0.000325185 4.18483e-05
5.37 -0.000330581 4.25775e-05
5.375 -0.000336059 4.33182e-05
5.38 -0.000341621 4.40707e-05
5.385 -0.000347267 4.48351e-05
5.39 -0.000352999 4.56117e-05
5.395 -0.000358818 4.64005e-05
5.4 -0.000364726 4.72017e-05
5.405 -0.000370722 4.80155e-05
5.41 -0.000376809 4.88422e-05
5.415 -0.000382988 4.96818e-05
5.42 -0.00038926 5.05345e-05
5.425 -0.000395626 5.14007e-05
5.43 -0.000402087 5.22803e-05
5.435 -0.000408646 5.31737e-05
5.44 -0.000415303 5.40809e-05
5.445 -0.000422059 5.50023e-05
5.45 -0.000428916 5.5938e-05
5.455 -0.000435876 5.68881e-05
5.46 -0.000442939 5.7853e-05
5.465 -0.000450107 5.88327e-05
5.47 -0.000457382 5.98276e-05
5.475 -0.000464764 6.08378e-05
5.48 -0.000472256 6.18635e-05
5.485 -0.000479858 6.2905e-05
5.49 -0.000487573 6.39624e-05
5.495 -0.000495401 6.5036e-05
5.5 -0.000503345 6.6126e-05
5.505 -0.000511405 6.72326e-05
5.51 -0.000519584 6.83561e-05
5.515 -0.000527883 6.94966e-05
5.52 -0.000536303 7.06545e-05
5.525 -0.000544846 7.18299e-05
5.53 -0.000553514 7.3023e-05
5.535 -0.000562308 7.42342e-05
5.54 -0.000571231 7.54637e-05
5.545 -0.000580283 7.67116e-05
5.55 -0.000589466 7.79784e-05
5.555 -0.000598782 7.92641e-05
5.56 -0.000608234 8.05691e-05
5.565 -0.000617821 8.18936e-05
5.57 -0.000627548 8.32379e-05
5.575 -0.000637414 8.46023e-05
5.58 -0.000647423 8.5987e-05
5.585 -0.000657575 8.73922e-05
5.59 -0.000667873 8.88183e-05
5.595 -0.000678318 9.02656e-05
5.6 -0.000688913 9.17342e-05
5.605 -0.00069966 9.32246e-05
5.61 -0.00071056 9.47369e-05
5.615 -0.000721615 9.62715e-05
5.62 -0.000732827 9.78286e-05
5.625 -0.000744199 9.94086e-05
5.63 -0.000755732 0.000101012
5.635 -0.000767428 0.000102638
5.64 -0.00077929 0.000104289
5.645 -0.00079132 0.000105963
5.65 -0.000803519 0.000107662
5.655 -0.00081589 0.000109386
5.66 -0.000828435 0.000111134
5.665 -0.000841156 0.000112908
5.67 -0.000854056 0.000114708
5.675 -0.000867137 0.000116533
5.68 -0.0008804 0.000118385
5.685 -0.000893849 0.000120264
5.69 -0.000907485 0.000122169
5.695 -0.000921312 0.000124102
5.7 -0.00093533 0.000126063
5.705 -0.000949543 0.000128051
5.71 -0.000963954 0.000130068
5.715 -0.000978564 0.000132114
5.72 -0.000993376 0.000134189
5.725 -0.00100839 0.000136294
5.73 -0.00102362 0.000138428
5.735 -0.00103905 0.000140593
5.74 -0.0010547 0.000142788
5.745 -0.00107056 0.000145014
5.75 -0.00108663 0.000147272
5.755 -0.00110293 0.000149561
5.76 -0.00111945 0.000151883
5.765 -0.0011362 0.000154237
5.77 -0.00115317 0.000156625
5.775 -0.00117038 0.000159045
5.78 -0.00118782 0.0001615
5.785 -0.0012055 0.000163989
5.79 -0.00122341 0.000166512
5.795 -0.00124157 0.000169071
5.8 -0.00125997 0.000171665
5.805 -0.00127863 0.000174295
5.81 -0.00129753 0.000176961
5.815 -0.00131669 0.000179665
5.82 -0.0013361 0.000182405
5.825 -0.00135578 0.000185184
5.83 -0.00137572 0.000188
5.835 -0.00139593 0.000190856
5.84 -0.0014164 0.00019375
5.845 -0.00143715 0.000196684
5.85 -0.00145818 0.000199658
5.855 -0.00147949 0.000202673
5.86 -0.00150108 0.000205729
5.865 -0.00152295 0.000208826
5.87 -0.00154512 0.000211966
5.875 -0.00156758 0.000215148
5.88 -0.00159033 0.000218373
5.885 -0.00161339 0.000221642
5.89 -0.00163675 0.000224955
5.895 -0.00166041 0.000228312
5.9 -0.00168439 0.000231715
5.905 -0.00170868 0.000235164
5.91 -0.00173329 0.000238658
5.915 -0.00175823 0.0002422
5.92 -0.00178348 0.000245789
5.925 -0.00180907 0.000249425
5.93 -0.00183499 0.000253111
5.935 -0.00186125 0.000256845
5.94 -0.00188785 0.000260629
5.945 -0.00191479 0.000264463
5.95 -0.00194208 0.000268348
5.955 -0.00196972 0.000272284
5.96 -0.00199773 0.000276272
5.965 -0.00202609 0.000280313
5.97 -0.00205481 0.000284407
5.975 -0.00208391 0.000288555
5.98 -0.00211338 0.000292757
5.985 -0.00214323 0.000297015
5.99 -0.00217346 0.000301328
5.995 -0.00220407 0.000305697
6 -0.00223508 0.000310123
6.005 -0.00226648 0.000314607
6.01 -0.00229828 0.000319149
6.015 -0.00233049 0.000323751
6.02 -0.0023631 0.000328411
6.025 -0.00239613 0.000333132
6.03 -0.00242957 0.000337915
6.035 -0.00246344 0.000342758
6.04 -0.00249773 0.000347664
6.045 -0.00253245 0.000352633
6.05 -0.00256762 0.000357666
6.055 -0.00260322 0.000362764
6.06 -0.00263927 0.000367926
6.065 -0.00267577 0.000373155
6.07 -0.00271273 0.00037845
6.075 -0.00275015 0.000383813
6.08 -0.00278803 0.000389244
6.085 -0.00282639 0.000394744
6.09 -0.00286522 0.000400313
6.095 -0.00290454 0.000405953
6.1 -0.00294434 0.000411665
6.105 -0.00298464 0.000417448
6.11 -0.00302543 0.000423304
6.115 -0.00306673 0.000429234
6.12 -0.00310853 0.000435238
6.125 -0.00315085 0.000441318
6.13 -0.00319369 0.000447474
6.135 -0.00323705 0.000453706
6.14 -0.00328095 0.000460017
6.145 -0.00332538 0.000466406
6.15 -0.00337036 0.000472874
6.155 -0.00341588 0.000479423
6.16 -0.00346196 0.000486053
6.165 -0.0035086 0.000492765
6.17 -0.0035558 0.000499559
6.175 -0.00360358 0.000506438
6.18 -0.00365193 0.000513402
6.185 -0.00370087 0.000520451
6.19 -0.0037504 0.000527587
6.195 -0.00380052 0.00053481
6.2 -0.00385125 0.000542122
6.205 -0.00390259 0.000549523
6.21 -0.00395454 0.000557014
6.215 -0.00400712 0.000564597
6.22 -0.00406033 0.000572271
6.225 -0.00411417 0.000580039
6.23 -0.00416865 0.000587902
6.235 -0.00422378 0.000595859
6.24 -0.00427957 0.000603913
6.245 -0.00433602 0.000612064
6.25 -0.00439314 0.000620313
6.255 -0.00445093 0.000628661
6.26 -0.00450941 0.00063711
6.265 -0.00456858 0.00064566
6.27 -0.00462844 0.000654312
6.275 -0.00468901 0.000663068
6.28 -0.00475029 0.000671928
6.285 -0.00481229 0.000680894
6.29 -0.00487502 0.000689966
6.295 -0.00493848 0.000699146
6.3 -0.00500268 0.000708436
6.305 -0.00506763 0.000717835
6.31 -0.00513333 0.000727345
6.315 -0.0051998 0.000736967
6.32 -0.00526704 0.000746703
6.325 -0.00533506 0.000756554
6.33 -0.00540387 0.00076652
6.335 -0.00547347 0.000776603
6.34 -0.00554387 0.000786804
6.345 -0.00561509 0.000797125
6.35 -0.00568713 0.000807565
6.355 -0.00575999 0.000818128
6.36 -0.00583369 0.000828813
6.365 -0.00590823 0.000839623
6.37 -0.00598362 0.000850558
6.375 -0.00605988 0.00086162
6.38 -0.006137 0.000872809
6.385 -0.00621501 0.000884128
6.39 -0.00629389 0.000895577
6.395 -0.00637368 0.000907158
6.4 -0.00645437 0.000918871
6.405 -0.00653597 0.00093072
6.41 -0.00661849 0.000942703
6.415 -0.00670194 0.000954824
6.42 -0.00678634 0.000967083
6.425 -0.00687168 0.000979482
6.43 -0.00695798 0.000992022
6.435 -0.00704524 0.0010047
6.44 -0.00713349 0.00101753
6.445 -0.00722272 0.0010305
6.45 -0.00731294 0.00104362
6.455 -0.00740417 0.00105689
6.46 -0.00749642 0.0010703
6.465 -0.00758969 0.00108387
6.47 -0.00768399 0.00109759
6.475 -0.00777934 0.00111146
6.48 -0.00787575 0.00112549
6.485 -0.00797321 0.00113967
6.49 -0.00807175 0.00115402
6.495 -0.00817138 0.00116852
6.5 -0.0082721 0.00118318
6.505 -0.00837393 0.00119801
6.51 -0.00847687 0.001213
6.515 -0.00858093 0.00122816
6.52 -0.00868614 0.00124349
6.525 -0.00879249 0.00125898
6.53 -0.00889999 0.00127465
6.535 -0.00900867 0.00129048
6.54 -0.00911852 0.00130649
6.545 -0.00922957 0.00132268
6.55 -0.00934182 0.00133904
6.555 -0.00945528 0.00135559
6.56 -0.00956996 0.00137231
6.565 -0.00968588 0.00138922
6.57 -0.00980304 0.00140631
6.575 -0.00992146 0.00142358
6.58 -0.0100412 0.00144104
6.585 -0.0101621 0.00145869
6.59 -0.0102844 0.00147653
6.595 -0.010408 0.00149457
6.6 -0.0105328 0.0015128
6.605 -0.0106591 0.00153122
6.61 -0.0107866 0.00154984
6.615 -0.0109155 0.00156866
6.62 -0.0110458 0.00158769
6.625 -0.0111774 0.00160691
6.63 -0.0113105 0.00162634
6.635 -0.0114449 0.00164598
6.64 -0.0115807 0.00166583
6.645 -0.011718 0.00168588
6.65 -0.0118567 0.00170615
6.655 -0.0119969 0.00172664
6.66 -0.0121385 0.00174734
6.665 -0.0122816 0.00176826
6.67 -0.0124262 0.00178939
6.675 -0.0125723 0.00181076
6.68 -0.01272 0.00183234
6.685 -0.0128691 0.00185415
6.69 -0.0130198 0.00187619
6.695 -0.0131721 0.00189846
6.7 -0.0133259 0.00192096
6.705 -0.0134813 0.00194369
6.71 -0.0136383 0.00196666
6.715 -0.0137969 0.00198987
6.72 -0.0139571 0.00201332
6.725 -0.014119 0.00203701
6.73 -0.0142826 0.00206095
6.735 -0.0144478 0.00208513
6.74 -0.0146147 0.00210956
6.745 -0.0147832 0.00213424
6.75 -0.0149535 0.00215918
6.755 -0.0151256 0.00218437
6.76 -0.0152993 0.00220982
6.765 -0.0154749 0.00223552
6.77 -0.0156521 0.00226149
6.775 -0.0158312 0.00228772
6.78 -0.0160121 0.00231422
6.785 -0.0161948 0.00234099
6.79 -0.0163793 0.00236803
6.795 -0.0165657 0.00239534
6.8 -0.0167539 0.00242292
6.805 -0.016944 0.00245078
6.81 -0.017136 0.00247893
6.815 -0.0173299 0.00250735
6.82 -0.0175258 0.00253606
6.825 -0.0177235 0.00256506
6.83 -0.0179233 0.00259434
6.835 -0.018125 0.00262392
6.84 -0.0183287 0.00265379
6.845 -0.0185344 0.00268396
6.85 -0.0187421 0.00271443
6.855 -0.0189518 0.00274519
6.86 -0.0191636 0.00277627
6.865 -0.0193775 0.00280764
6.87 -0.0195935 0.00283933
6.875 -0.0198115 0.00287133
6.88 -0.0200317 0.00290364
6.885 -0.0202541 0.00293627
6.89 -0.0204786 0.00296922
6.895 -0.0207052 0.00300248
6.9 -0.0209341 0.00303608
6.905 -0.0211651 0.00307
6.91 -0.0213984 0.00310424
6.915 -0.0216339 0.00313882
6.92 -0.0218717 0.00317374
6.925 -0.0221118 0.00320899
6.93 -0.0223542 0.00324458
6.935 -0.0225988 0.00328052
6.94 -0.0228458 0.0033168
6.945 -0.0230952 0.00335343
6.95 -0.0233469 0.0033904
6.955 -0.0236011 0.00342773
6.96 -0.0238576 0.00346542
6.965 -0.0241165 0.00350347
6.97 -0.0243779 0.00354188
6.975 -0.0246418 0.00358065
6.98 -0.0249081 0.00361979
6.985 -0.025177 0.0036593
6.99 -0.0254483 0.00369918
6.995 -0.0257222 0.00373944
7 -0.0259987 0.00378008
7.005 -0.0262777 0.0038211
7.01 -0.0265594 0.00386251
7.015 -0.0268436 0.0039043
7.02 -0.0271305 0.00394648
7.025 -0.0274201 0.00398906
7.03 -0.0277123 0.00403203
7.035 -0.0280072 0.0040754
7.04 -0.0283049 0.00411917
7.045 -0.0286053 0.00416335
7.05 -0.0289084 0.00420794
7.055 -0.0292143 0.00425294
7.06 -0.029523 0.00429835
7.065 -0.0298346 0.00434418
7.07 -0.0301489 0.00439043
7.075 -0.0304662 0.00443711
7.08 -0.0307863 0.00448421
7.085 -0.0311093 0.00453174
7.09 -0.0314353 0.00457971
7.095 -0.0317642 0.00462811
7.1 -0.032096 0.00467695
7.105 -0.0324309 0.00472624
7.11 -0.0327687 0.00477597
7.115 -0.0331096 0.00482614
7.12 -0.0334536 0.00487678
7.125 -0.0338006 0.00492786
7.13 -0.0341507 0.00497941
7.135 -0.034504 0.00503142
7.14 -0.0348604 0.00508389
7.145 -0.0352199 0.00513683
7.15 -0.0355827 0.00519025
7.155 -0.0359486 0.00524414
7.16 -0.0363178 0.00529851
7.165 -0.0366902 0.00535336
7.17 -0.037066 0.00540869
7.175 -0.037445 0.00546452
7.18 -0.0378273 0.00552084
7.185 -0.038213 0.00557765
7.19 -0.0386021 0.00563496
7.195 -0.0389945 0.00569278
7.2 -0.0393904 0.0057511
7.205 -0.0397897 0.00580993
7.21 -0.0401925 0.00586928
7.215 -0.0405987 0.00592914
7.22 -0.0410085 0.00598952
7.225 -0.0414218 0.00605043
7.23 -0.0418387 0.00611186
7.235 -0.0422591 0.00617383
7.24 -0.0426832 0.00623632
7.245 -0.0431109 0.00629936
7.25 -0.0435422 0.00636294
7.255 -0.0439772 0.00642706
7.26 -0.044416 0.00649174
7.265 -0.0448584 0.00655696
7.27 -0.0453046 0.00662275
7.275 -0.0457546 0.00668909
7.28 -0.0462084 0.006756
7.285 -0.0466661 0.00682347
7.29 -0.0471276 0.00689152
7.295 -0.0475929 0.00696014
7.3 -0.0480622 0.00702934
7.305 -0.0485354 0.00709912
7.31 -0.0490126 0.00716949
7.315 -0.0494937 0.00724044
7.32 -0.0499788 0.007312
7.325 -0.050468 0.00738415
7.33 -0.0509613 0.0074569
7.335 -0.0514586 0.00753025
7.34 -0.05196 0.00760422
7.345 -0.0524656 0.0076788
7.35 -0.0529753 0.007754
7.355 -0.0534893 0.00782982
7.36 -0.0540074 0.00790626
7.365 -0.0545298 0.00798333
7.37 -0.0550564 0.00806104
7.375 -0.0555874 0.00813938
7.38 -0.0561227 0.00821836
7.385 -0.0566623 0.00829799
7.39 -0.0572063 0.00837826
7.395 -0.0577547 0.00845919
7.4 -0.0583075 0.00854078
7.405 -0.0588648 0.00862302
7.41 -0.0594266 0.00870593
7.415 -0.0599929 0.00878951
7.42 -0.0605637 0.00887377
7.425 -0.0611391 0.0089587
7.43 -0.0617191 0.00904431
7.435 -0.0623037 0.0091306
7.44 -0.0628929 0.00921759
7.445 -0.0634869 0.00930527
7.45 -0.0640855 0.00939365
7.455 -0.0646889 0.00948272
7.46 -0.065297 0.00957251
7.465 -0.0659099 0.009663
7.47 -0.0665277 0.00975421
7.475 -0.0671502 0.00984614
7.48 -0.0677777 0.00993879
7.485 -0.0684101 0.0100322
7.49 -0.0690474 0.0101263
7.495 -0.0696896 0.0102211
7.5 -0.0703368 0.0103167
7.505 -0.0709891 0.010413
7.51 -0.0716464 0.0105101
7.515 -0.0723088 0.0106079
7.52 -0.0729762 0.0107065
7.525 -0.0736488 0.0108059
7.53 -0.0743266 0.010906
7.535 -0.0750096 0.0110068
7.54 -0.0756977 0.0111085
7.545 -0.0763912 0.0112109
7.55 -0.0770899 0.0113141
7.555 -0.0777939 0.0114182
7.56 -0.0785032 0.0115229
7.565 -0.0792179 0.0116285
7.57 -0.079938 0.0117349
7.575 -0.0806635 0.0118421
7.58 -0.0813945 0.0119501
7.585 -0.082131 0.0120589
7.59 -0.0828729 0.0121686
7.595 -0.0836204 0.012279
7.6 -0.0843735 0.0123903
7.605 -0.0851322 0.0125024
7.61 -0.0858965 0.0126154
7.615 -0.0866665 0.0127291
7.62 -0.0874422 0.0128438
7.625 -0.0882235 0.0129592
7.63 -0.0890107 0.0130756
7.635 -0.0898036 0.0131928
7.64 -0.0906023 0.0133108
7.645 -0.0914069 0.0134297
7.65 -0.0922173 0.0135495
7.655 -0.0930337 0.0136702
7.66 -0.0938559 0.0137917
7.665 -0.0946842 0.0139142
7.67 -0.0955184 0.0140375
7.675 -0.0963587 0.0141617
7.68 -0.097205 0.0142868
7.685 -0.0980573 0.0144128
7.69 -0.0989158 0.0145397
7.695 -0.0997805 0.0146675
7.7 -0.100651 0.0147963
7.705 -0.101528 0.014926
7.71 -0.102412 0.0150565
7.715 -0.103301 0.0151881
7.72 -0.104197 0.0153205
7.725 -0.105099 0.0154539
7.73 -0.106008 0.0155882
7.735 -0.106922 0.0157235
7.74 -0.107844 0.0158598
7.745 -0.108771 0.015997
7.75 -0.109706 0.0161351
7.755 -0.110646 0.0162742
7.76 -0.111594 0.0164143
7.765 -0.112548 0.0165554
7.77 -0.113508 0.0166974
7.775 -0.114475 0.0168404
7.78 -0.115449 0.0169845
7.785 -0.116429 0.0171295
7.79 -0.117417 0.0172755
7.795 -0.11841 0.0174225
7.8 -0.119411 0.0175705
7.805 -0.120419 0.0177195
7.81 -0.121433 0.0178696
7.815 -0.122454 0.0180206
7.82 -0.123482 0.0181727
7.825 -0.124518 0.0183258
7.83 -0.12556 0.01848
7.835 -0.126609 0.0186352
7.84 -0.127665 0.0187914
7.845 -0.128728 0.0189487
7.85 -0.129798 0.019107
7.855 -0.130876 0.0192664
7.86 -0.13196 0.0194269
7.865 -0.133052 0.0195884
7.87 -0.134151 0.019751
7.875 -0.135257 0.0199146
7.88 -0.13637 0.0200794
7.885 -0.137491 0.0202452
7.89 -0.138619 0.0204121
7.895 -0.139755 0.0205801
7.9 -0.140897 0.0207492
7.905 -0.142048 0.0209194
7.91 -0.143205 0.0210907
7.915 -0.144371 0.0212632
7.92 -0.145543 0.0214367
7.925 -0.146723 0.0216114
7.93 -0.147911 0.0217871
7.935 -0.149107 0.0219641
7.94 -0.15031 0.0221421
7.945 -0.15152 0.0223213
7.95 -0.152739 0.0225016
7.955 -0.153965 0.0226831
7.96 -0.155199 0.0228657
7.965 -0.156441 0.0230494
7.97 -0.15769 0.0232344
7.975 -0.158947 0.0234205
7.98 -0.160213 0.0236077
7.985 -0.161486 0.0237962
7.99 -0.162767 0.0239858
7.995 -0.164056 0.0241766
8 -0.165353 0.0243685
8.005 -0.166657 0.0245617
8.01 -0.16797 0.024756
8.015 -0.169292 0.0249516
8.02 -0.170621 0.0251484
8.025 -0.171958 0.0253463
8.03 -0.173303 0.0255455
8.035 -0.174657 0.0257459
8.04 -0.176019 0.0259475
8.045 -0.177389 0.0261503
8.05 -0.178767 0.0263544
8.055 -0.180154 0.0265597
8.06 -0.181549 0.0267662
8.065 -0.182952 0.0269739
8.07 -0.184364 0.027183
8.075 -0.185784 0.0273932
8.08 -0.187213 0.0276047
8.085 -0.18865 0.0278175
8.09 -0.190095 0.0280315
8.095 -0.191549 0.0282468
8.1 -0.193012 0.0284633
8.105 -0.194483 0.0286812
8.11 -0.195962 0.0289002
8.115 -0.197451 0.0291206
8.12 -0.198948 0.0293423
8.125 -0.200453 0.0295652
8.13 -0.201968 0.0297895
8.135 -0.203491 0.030015
8.14 -0.205022 0.0302418
8.145 -0.206563 0.03047
8.15 -0.208112 0.0306994
8.155 -0.20967 0.0309302
8.16 -0.211238 0.0311622
8.165 -0.212813 0.0313956
8.17 -0.214398 0.0316303
8.175 -0.215992 0.0318663
8.18 -0.217595 0.0321037
8.185 -0.219206 0.0323424
8.19 -0.220827 0.0325824
8.195 -0.222457 0.0328238
8.2 -0.224095 0.0330665
8.205 -0.225743 0.0333105
8.21 -0.2274 0.0335559
8.215 -0.229066 0.0338027
8.22 -0.230741 0.0340508
8.225 -0.232425 0.0343002
8.23 -0.234119 0.0345511
8.235 -0.235821 0.0348033
8.24 -0.237533 0.0350568
8.245 -0.239254 0.0353118
8.25 -0.240985 0.0355681
8.255 -0.242724 0.0358258
8.26 -0.244473 0.0360848
8.265 -0.246232 0.0363453
8.27 -0.247999 0.0366071
8.275 -0.249776 0.0368704
8.28 -0.251563 0.037135
8.285 -0.253358 0.037401
8.29 -0.255164 0.0376685
8.295 -0.256978 0.0379373
8.3 -0.258803 0.0382075
8.305 -0.260636 0.0384792
8.31 -0.262479 0.0387522
8.315 -0.264332 0.0390267
8.32 -0.266194 0.0393026
8.325 -0.268066 0.0395799
8.33 -0.269948 0.0398586
8.335 -0.271839 0.0401388
8.34 -0.273739 0.0404204
8.345 -0.275649 0.0407034
8.35 -0.277569 0.0409878
8.355 -0.279499 0.0412737
8.36 -0.281438 0.041561
8.365 -0.283387 0.0418498
8.37 -0.285346 0.04214
8.375 -0.287314 0.0424316
8.38 -0.289292 0.0427247
8.385 -0.29128 0.0430193
8.39 -0.293277 0.0433153
8.395 -0.295285 0.0436127
8.4 -0.297302 0.0439116
8.405 -0.299329 0.044212
8.41 -0.301366 0.0445138
8.415 -0.303413 0.0448171
8.42 -0.305469 0.0451218
8.425 -0.307536 0.045428
8.43 -0.309612 0.0457357
8.435 -0.311698 0.0460448
8.44 -0.313794 0.0463554
8.445 -0.3159 0.0466675
8.45 -0.318016 0.0469811
8.455 -0.320142 0.0472961
8.46 -0.322278 0.0476126
8.465 -0.324423 0.0479306
8.47 -0.326579 0.04825
8.475 -0.328745 0.048571
8.48 -0.33092 0.0488934
8.485 -0.333106 0.0492173
8.49 -0.335301 0.0495427
8.495 -0.337507 0.0498696
8.5 -0.339723 0.0501979
8.505 -0.341948 0.0505278
8.51 -0.344184 0.0508591
8.515 -0.346429 0.0511919
8.52 -0.348685 0.0515263
8.525 -0.350951 0.0518621
8.53 -0.353227 0.0521994
8.535 -0.355513 0.0525381
8.54 -0.357808 0.0528784
8.545 -0.360114 0.0532202
8.55 -0.36243 0.0535635
8.555 -0.364756 0.0539082
8.56 -0.367092 0.0542545
8.565 -0.369439 0.0546022
8.57 -0.371795 0.0549515
8.575 -0.374161 0.0553022
8.58 -0.376538 0.0556545
8.585 -0.378924 0.0560082
8.59 -0.381321 0.0563634
8.595 -0.383727 0.0567202
8.6 -0.386144 0.0570784
8.605 -0.388571 0.0574381
8.61 -0.391007 0.0577993
8.615 -0.393454 0.058162
8.62 -0.395911 0.0585262
8.625 -0.398378 0.0588919
8.63 -0.400855 0.0592591
8.635 -0.403342 0.0596278
8.64 -0.405839 0.059998
8.645 -0.408346 0.0603696
8.65 -0.410864 0.0607428
8.655 -0.413391 0.0611174
8.66 -0.415928 0.0614936
8.665 -0.418475 0.0618712
8.67 -0.421033 0.0622503
8.675 -0.4236 0.0626309
8.68 -0.426177 0.063013
8.685 -0.428764 0.0633965
8.69 -0.431362 0.0637816
8.695 -0.433969 0.0641681
8.7 -0.436586 0.0645561
8.705 -0.439213 0.0649456
8.71 -0.44185 0.0653365
8.715 -0.444497 0.0657289
8.72 -0.447154 0.0661228
8.725 -0.449821 0.0665182
8.73 -0.452497 0.0669151
8.735 -0.455184 0.0673134
8.74 -0.45788 0.0677131
8.745 -0.460586 0.0681144
8.75 -0.463302 0.0685171
8.755 -0.466028 0.0689212
8.76 -0.468764 0.0693268
8.765 -0.471509 0.0697339
8.77 -0.474264 0.0701424
8.775 -0.477029 0.0705523
8.78 -0.479804 0.0709637
8.785 -0.482588 0.0713766
8.79 -0.485382 0.0717909
8.795 -0.488186 0.0722066
8.8 -0.490999 0.0726237
8.805 -0.493822 0.0730423
8.81 -0.496655 0.0734623
8.815 -0.499497 0.0738837
8.82 -0.502348 0.0743066
8.825 -0.50521 0.0747309
8.83 -0.50808 0.0751565
8.835 -0.510961 0.0755836
8.84 -0.51385 0.0760121
8.845 -0.516749 0.076442
8.85 -0.519658 0.0768733
8.855 -0.522576 0.077306
8.86 -0.525503 0.0777401
8.865 -0.528439 0.0781755
8.87 -0.531385 0.0786124
8.875 -0.53434 0.0790506
8.88 -0.537305 0.0794902
8.885 -0.540278 0.0799311
8.89 -0.543261 0.0803735
8.895 -0.546253 0.0808171
8.9 -0.549254 0.0812622
8.905 -0.552264 0.0817086
8.91 -0.555283 0.0821563
8.915 -0.558311 0.0826053
8.92 -0.561348 0.0830557
8.925 -0.564394 0.0835075
8.93 -0.567449 0.0839605
8.935 -0.570513 0.0844149
8.94 -0.573585 0.0848706
8.945 -0.576666 0.0853276
8.95 -0.579757 0.0857858
8.955 -0.582855 0.0862454
8.96 -0.585963 0.0867063
8.965 -0.589079 0.0871685
8.97 -0.592204 0.0876319
8.975 -0.595337 0.0880966
8.98 -0.598479 0.0885625
8.985 -0.601629 0.0890298
8.99 -0.604788 0.0894982
8.995 -0.607955 0.089968
9 -0.61113 0.0904389
9.005 -0.614313 0.0909111
9.01 -0.617505 0.0913845
9.015 -0.620705 0.0918591
9.02 -0.623913 0.092335
9.025 -0.62713 0.092812
9.03 -0.630354 0.0932903
9.035 -0.633586 0.0937697
9.04 -0.636826 0.0942503
9.045 -0.640074 0.0947321
9.05 -0.64333 0.095215
9.055 -0.646594 0.0956991
9.06 -0.649866 0.0961844
9.065 -0.653145 0.0966708
9.07 -0.656431 0.0971583
9.075 -0.659726 0.0976469
9.08 -0.663028 0.0981367
9.085 -0.666337 0.0986276
9.09 -0.669653 0.0991196
9.095 -0.672977 0.0996126
9.1 -0.676309 0.100107
9.105 -0.679647 0.100602
9.11 -0.682993 0.101098
9.115 -0.686345 0.101596
9.12 -0.689705 0.102094
9.125 -0.693072 0.102593
9.13 -0.696446 0.103094
9.135 -0.699826 0.103595
9.14 -0.703213 0.104098
9.145 -0.706607 0.104601
9.15 -0.710008 0.105106
9.155 -0.713415 0.105611
9.16 -0.716829 0.106118
9.165 -0.720249 0.106625
9.17 -0.723675 0.107133
9.175 -0.727108 0.107643
9.18 -0.730547 0.108153
9.185 -0.733993 0.108664
9.19 -0.737444 0.109176
9.195 -0.740901 0.109689
9.2 -0.744365 0.110203
9.205 -0.747834 0.110717
9.21 -0.751309 0.111233
9.215 -0.754789 0.111749
9.22 -0.758276 0.112267
9.225 -0.761767 0.112785
9.23 -0.765265 0.113303
9.235 -0.768768 0.113823
9.24 -0.772276 0.114344
9.245 -0.775789 0.114865
9.25 -0.779307 0.115387
9.255 -0.782831 0.11591
9.26 -0.78636 0.116433
9.265 -0.789893 0.116957
9.27 -0.793431 0.117482
9.275 -0.796975 0.118008
9.28 -0.800522 0.118535
9.285 -0.804075 0.119062
9.29 -0.807632 0.119589
9.295 -0.811193 0.120118
9.3 -0.814758 0.120647
9.305 -0.818328 0.121176
9.31 -0.821902 0.121707
9.315 -0.82548 0.122238
9.32 -0.829062 0.122769
9.325 -0.832648 0.123301
9.33 -0.836237 0.123834
9.335 -0.839831 0.124367
9.34 -0.843427 0.124901
9.345 -0.847028 0.125435
9.35 -0.850631 0.12597
9.355 -0.854238 0.126505
9.36 -0.857849 0.127041
9.365 -0.861462 0.127577
9.37 -0.865078 0.128113
9.375 -0.868697 0.12865
9.38 -0.872319 0.129188
9.385 -0.875944 0.129726
9.39 -0.879571 0.130264
9.395 -0.883201 0.130803
9.4 -0.886833 0.131342
9.405 -0.890468 0.131881
9.41 -0.894105 0.132421
9.415 -0.897743 0.132961
9.42 -0.901384 0.133501
9.425 -0.905026 0.134042
9.43 -0.908671 0.134582
9.435 -0.912317 0.135123
9.44 -0.915964 0.135665
9.445 -0.919613 0.136206
9.45 -0.923263 0.136748
9.455 -0.926915 0.13729
9.46 -0.930567 0.137832
9.465 -0.934221 0.138374
9.47 -0.937875 0.138917
9.475 -0.94153 0.139459
9.48 -0.945186 0.140002
9.485 -0.948842 0.140544
9.49 -0.952499 0.141087
9.495 -0.956156 0.14163
9.5 -0.959813 0.142172
9.505 -0.96347 0.142715
9.51 -0.967127 0.143258
9.515 -0.970784 0.143801
9.52 -0.974441 0.144343
9.525 -0.978097 0.144886
9.53 -0.981753 0.145429
9.535 -0.985408 0.145971
9.54 -0.989062 0.146514
9.545 -0.992715 0.147056
9.55 -0.996367 0.147598
9.555 -1.00002 0.14814
9.56 -1.00367 0.148681
9.565 -1.00732 0.149223
9.57 -1.01096 0.149764
9.575 -1.01461 0.150305
9.58 -1.01825 0.150846
9.585 -1.02189 0.151387
9.59 -1.02553 0.151927
9.595 -1.02917 0.152467
9.6 -1.0328 0.153006
9.605 -1.03643 0.153545
9.61 -1.04006 0.154084
9.615 -1.04369 0.154622
9.62 -1.04731 0.15516
9.625 -1.05093 0.155698
9.63 -1.05455 0.156235
9.635 -1.05817 0.156771
9.64 -1.06178 0.157307
9.645 -1.06538 0.157843
9.65 -1.06899 0.158378
9.655 -1.07259 0.158912
9.66 -1.07618 0.159446
9.665 -1.07978 0.159979
9.67 -1.08336 0.160512
9.675 -1.08695 0.161044
9.68 -1.09052 0.161575
9.685 -1.0941 0.162106
9.69 -1.09767 0.162635
9.695 -1.10123 0.163164
9.7 -1.10479 0.163693
9.705 -1.10834 0.16422
9.71 -1.11189 0.164747
9.715 -1.11543 0.165273
9.72 -1.11897 0.165798
9.725 -1.1225 0.166322
9.73 -1.12603 0.166846
9.735 -1.12954 0.167368
9.74 -1.13306 0.16789
9.745 -1.13656 0.16841
9.75 -1.14006 0.16893
9.755 -1.14355 0.169448
9.76 -1.14704 0.169966
9.765 -1.15052 0.170483
9.77 -1.15399 0.170998
9.775 -1.15745 0.171512
9.78 -1.16091 0.172026
9.785 -1.16436 0.172538
9.79 -1.1678 0.173049
9.795 -1.17123 0.173558
9.8 -1.17466 0.174067
9.805 -1.17807 0.174574
9.81 -1.18148 0.17508
9.815 -1.18488 0.175585
9.82 -1.18827 0.176088
9.825 -1.19165 0.176591
9.83 -1.19502 0.177091
9.835 -1.19839 0.177591
9.84 -1.20174 0.178089
9.845 -1.20508 0.178586
9.85 -1.20842 0.179081
9.855 -1.21174 0.179574
9.86 -1.21506 0.180067
9.865 -1.21836 0.180557
9.87 -1.22166 0.181047
9.875 -1.22494 0.181534
9.88 -1.22821 0.18202
9.885 -1.23147 0.182505
9.89 -1.23472 0.182987
9.895 -1.23796 0.183468
9.9 -1.24119 0.183948
9.905 -1.24441 0.184425
9.91 -1.24761 0.184901
9.915 -1.2508 0.185376
9.92 -1.25398 0.185848
9.925 -1.25715 0.186319
9.93 -1.26031 0.186787
9.935 -1.26345 0.187254
9.94 -1.26658 0.187719
9.945 -1.2697 0.188182
9.95 -1.2728 0.188644
9.955 -1.27589 0.189103
9.96 -1.27897 0.18956
9.965 -1.28204 0.190015
9.97 -1.28509 0.190469
9.975 -1.28812 0.19092
9.98 -1.29114 0.191369
9.985 -1.29415 0.191816
9.99 -1.29715 0.19226
9.995 -1.30013 0.192703
10 -1.30309 0.193143
10.005 -1.30604 0.193582
10.01 -1.30897 0.194018
10.015 -1.31189 0.194451
10.02 -1.3148 0.194883
10.025 -1.31768 0.195312
10.03 -1.32055 0.195738
10.035 -1.32341 0.196163
10.04 -1.32625 0.196585
10.045 -1.32907 0.197004
10.05 -1.33188 0.197421
10.055 -1.33467 0.197836
10.06 -1.33744 0.198248
10.065 -1.3402 0.198658
10.07 -1.34294 0.199065
10.075 -1.34566 0.199469
10.08 -1.34836 0.199871
10.085 -1.35105 0.20027
10.09 -1.35372 0.200667
10.095 -1.35637 0.201061
10.1 -1.359 0.201452
10.105 -1.36161 0.20184
10.11 -1.36421 0.202226
10.115 -1.36678 0.202609
10.12 -1.36934 0.202989
10.125 -1.37188 0.203366
10.13 -1.37439 0.20374
10.135 -1.37689 0.204112
10.14 -1.37937 0.20448
10.145 -1.38183 0.204846
10.15 -1.38427 0.205209
10.155 -1.38669 0.205568
10.16 -1.38909 0.205925
10.165 -1.39146 0.206278
10.17 -1.39382 0.206629
10.175 -1.39616 0.206976
10.18 -1.39847 0.20732
10.185 -1.40077 0.207662
10.19 -1.40304 0.207999
10.195 -1.40529 0.208334
10.2 -1.40752 0.208666
10.205 -1.40972 0.208994
10.21 -1.41191 0.209319
10.215 -1.41407 0.20964
10.22 -1.41621 0.209959
10.225 -1.41833 0.210273
10.23 -1.42042 0.210585
10.235 -1.42249 0.210893
10.24 -1.42454 0.211198
10.245 -1.42656 0.211499
10.25 -1.42856 0.211796
10.255 -1.43054 0.212091
10.26 -1.43249 0.212381
10.265 -1.43442 0.212668
10.27 -1.43633 0.212952
10.275 -1.43821 0.213231
10.28 -1.44006 0.213508
10.285 -1.44189 0.21378
10.29 -1.4437 0.214049
10.295 -1.44548 0.214314
10.3 -1.44723 0.214575
10.305 -1.44896 0.214833
10.31 -1.45067 0.215086
10.315 -1.45234 0.215336
10.32 -1.454 0.215582
10.325 -1.45562 0.215824
10.33 -1.45722 0.216062
10.335 -1.45879 0.216297
10.34 -1.46034 0.216527
10.345 -1.46186 0.216753
10.35 -1.46335 0.216976
10.355 -1.46482 0.217194
10.36 -1.46625 0.217408
10.365 -1.46766 0.217618
10.37 -1.46905 0.217825
10.375 -1.4704 0.218026
10.38 -1.47173 0.218224
10.385 -1.47303 0.218418
10.39 -1.4743 0.218607
10.395 -1.47554 0.218792
10.4 -1.47675 0.218973
10.405 -1.47793 0.21915
10.41 -1.47909 0.219322
10.415 -1.48021 0.21949
10.42 -1.48131 0.219654
10.425 -1.48238 0.219813
10.43 -1.48341 0.219968
10.435 -1.48442 0.220118
10.44 -1.4854 0.220264
10.445 -1.48634 0.220406
10.45 -1.48726 0.220543
10.455 -1.48815 0.220675
10.46 -1.489 0.220803
10.465 -1.48983 0.220927
10.47 -1.49062 0.221045
10.475 -1.49138 0.221159
10.48 -1.49212 0.221269
10.485 -1.49282 0.221374
10.49 -1.49348 0.221474
10.495 -1.49412 0.22157
10.5 -1.49473 0.22166
10.505 -1.4953 0.221746
10.51 -1.49584 0.221828
10.515 -1.49635 0.221904
10.52 -1.49682 0.221976
10.525 -1.49727 0.222043
10.53 -1.49768 0.222105
10.535 -1.49805 0.222162
10.54 -1.4984 0.222214
10.545 -1.49871 0.222261
10.55 -1.49899 0.222303
10.555 -1.49923 0.222341
10.56 -1.49944 0.222373
10.565 -1.49962 0.2224
10.57 -1.49976 0.222423
10.575 -1.49987 0.22244
10.58 -1.49995 0.222452
10.585 -1.49999 0.222459
10.59 -1.49999 0.222461
10.595 -1.49996 0.222458
10.6 -1.4999 0.22245
10.605 -1.4998 0.222436
10.61 -1.49967 0.222418
10.615 -1.4995 0.222394
10.62 -1.4993 0.222365
10.625 -1.49906 0.22233
10.63 -1.49878 0.222291
10.635 -1.49847 0.222246
10.64 -1.49813 0.222196
10.645 -1.49775 0.22214
10.65 -1.49733 0.222079
10.655 -1.49687 0.222013
10.66 -1.49638 0.221942
10.665 -1.49586 0.221865
10.67 -1.49529 0.221782
10.675 -1.49469 0.221694
10.68 -1.49406 0.221601
10.685 -1.49338 0.221502
10.69 -1.49267 0.221398
10.695 -1.49193 0.221288
10.7 -1.49114 0.221173
10.705 -1.49032 0.221052
10.71 -1.48946 0.220926
10.715 -1.48856 0.220794
10.72 -1.48763 0.220657
10.725 -1.48666 0.220513
10.73 -1.48565 0.220365
10.735 -1.4846 0.22021
10.74 -1.48351 0.22005
10.745 -1.48239 0.219885
10.75 -1.48122 0.219714
10.755 -1.48002 0.219537
10.76 -1.47878 0.219354
10.765 -1.47751 0.219166
10.77 -1.47619 0.218971
10.775 -1.47483 0.218772
10.78 -1.47344 0.218566
10.785 -1.47201 0.218355
10.79 -1.47054 0.218137
10.795 -1.46903 0.217914
10.8 -1.46747 0.217686
10.805 -1.46589 0.217451
10.81 -1.46426 0.217211
10.815 -1.46259 0.216964
10.82 -1.46088 0.216712
10.825 -1.45913 0.216454
10.83 -1.45735 0.21619
10.835 -1.45552 0.21592
10.84 -1.45365 0.215645
10.845 -1.45175 0.215363
10.85 -1.4498 0.215076
10.855 -1.44782 0.214782
10.86 -1.44579 0.214483
10.865 -1.44372 0.214178
10.87 -1.44162 0.213866
10.875 -1.43947 0.213549
10.88 -1.43728 0.213226
10.885 -1.43506 0.212897
10.89 -1.43279 0.212561
10.895 -1.43048 0.21222
10.9 -1.42813 0.211873
10.905 -1.42574 0.21152
10.91 -1.42331 0.21116
10.915 -1.42084 0.210795
10.92 -1.41833 0.210424
10.925 -1.41578 0.210046
10.93 -1.41318 0.209663
10.935 -1.41055 0.209273
10.94 -1.40788 0.208878
10.945 -1.40516 0.208476
10.95 -1.4024 0.208068
10.955 -1.39961 0.207654
10.96 -1.39677 0.207234
10.965 -1.39389 0.206808
10.97 -1.39097 0.206376
10.975 -1.388 0.205938
10.98 -1.385 0.205494
10.985 -1.38196 0.205043
10.99 -1.37887 0.204587
10.995 -1.37574 0.204124
11 -1.37258 0.203655
11.005 -1.36937 0.20318
11.01 -1.36612 0.202699
11.015 -1.36283 0.202212
11.02 -1.35949 0.201719
11.025 -1.35612 0.20122
11.03 -1.3527 0.200714
11.035 -1.34925 0.200202
11.04 -1.34575 0.199685
11.045 -1.34221 0.199161
11.05 -1.33863 0.198631
11.055 -1.33501 0.198095
11.06 -1.33134 0.197552
11.065 -1.32764 0.197004
11.07 -1.32389 0.196449
11.075 -1.3201 0.195889
11.08 -1.31628 0.195322
11.085 -1.31241 0.194749
11.09 -1.3085 0.19417
11.095 -1.30454 0.193585
11.1 -1.30055 0.192994
11.105 -1.29652 0.192397
11.11 -1.29244 0.191793
11.115 -1.28832 0.191184
11.12 -1.28417 0.190568
11.125 -1.27997 0.189946
11.13 -1.27573 0.189318
11.135 -1.27145 0.188685
11.14 -1.26713 0.188045
11.145 -1.26276 0.187399
11.15 -1.25836 0.186747
11.155 -1.25392 0.186089
11.16 -1.24943 0.185424
11.165 -1.24491 0.184754
11.17 -1.24034 0.184078
11.175 -1.23573 0.183396
11.18 -1.23109 0.182707
11.185 -1.2264 0.182013
11.19 -1.22167 0.181313
11.195 -1.2169 0.180607
11.2 -1.21209 0.179894
11.205 -1.20724 0.179176
11.21 -1.20236 0.178452
11.215 -1.19743 0.177722
11.22 -1.19246 0.176986
11.225 -1.18745 0.176244
11.23 -1.1824 0.175496
11.235 -1.17731 0.174742
11.24 -1.17218 0.173983
11.245 -1.16701 0.173217
11.25 -1.16181 0.172446
11.255 -1.15656 0.171668
11.26 -1.15127 0.170885
11.265 -1.14595 0.170096
11.27 -1.14058 0.169302
11.275 -1.13518 0.168501
11.28 -1.12974 0.167695
11.285 -1.12426 0.166883
11.29 -1.11873 0.166065
11.295 -1.11318 0.165241
11.3 -1.10758 0.164412
11.305 -1.10194 0.163577
11.31 -1.09627 0.162736
11.315 -1.09056 0.16189
11.32 -1.08481 0.161038
11.325 -1.07902 0.16018
11.33 -1.07319 0.159317
11.335 -1.06733 0.158448
11.34 -1.06143 0.157574
11.345 -1.05549 0.156694
11.35 -1.04951 0.155808
11.355 -1.0435 0.154917
11.36 -1.03745 0.154021
11.365 -1.03136 0.153119
11.37 -1.02524 0.152211
11.375 -1.01908 0.151298
11.38 -1.01288 0.15038
11.385 -1.00664 0.149456
11.39 -1.00037 0.148527
11.395 -0.994069 0.147593
11.4 -0.987728 0.146653
11.405 -0.98135 0.145708
11.41 -0.974938 0.144758
11.415 -0.968489 0.143802
11.42 -0.962006 0.142841
11.425 -0.955488 0.141875
11.43 -0.948934 0.140904
11.435 -0.942346 0.139928
11.44 -0.935724 0.138946
11.445 -0.929067 0.137959
11.45 -0.922376 0.136968
11.455 -0.91565 0.135971
11.46 -0.908891 0.134969
11.465 -0.902099 0.133963
11.47 -0.895273 0.132951
11.475 -0.888413 0.131934
11.48 -0.881521 0.130913
11.485 -0.874596 0.129886
11.49 -0.867638 0.128855
11.495 -0.860647 0.127819
11.5 -0.853625 0.126778
11.505 -0.84657 0.125732
11.51 -0.839483 0.124682
11.515 -0.832365 0.123627
11.52 -0.825215 0.122567
11.525 -0.818034 0.121503
11.53 -0.810822 0.120434
11.535 -0.803579 0.11936
11.54 -0.796306 0.118282
11.545 -0.789002 0.117199
11.55 -0.781668 0.116112
11.555 -0.774304 0.11502
11.56 -0.766911 0.113925
11.565 -0.759488 0.112824
11.57 -0.752035 0.111719
11.575 -0.744554 0.11061
11.58 -0.737044 0.109497
11.585 -0.729506 0.10838
11.59 -0.721939 0.107258
11.595 -0.714344 0.106132
11.6 -0.706721 0.105002
11.605 -0.699071 0.103868
11.61 -0.691394 0.10273
11.615 -0.683689 0.101588
11.62 -0.675958 0.100441
11.625 -0.6682 0.0992913
11.63 -0.660416 0.0981373
11.635 -0.652606 0.0969794
11.64 -0.64477 0.0958177
11.645 -0.636909 0.0946522
11.65 -0.629023 0.093483
11.655 -0.621111 0.0923101
11.66 -0.613175 0.0911335
11.665 -0.605214 0.0899532
11.67 -0.59723 0.0887694
11.675 -0.589221 0.0875821
11.68 -0.581189 0.0863912
11.685 -0.573134 0.0851969
11.69 -0.565056 0.0839992
11.695 -0.556955 0.0827981
11.7 -0.548831 0.0815936
11.705 -0.540686 0.0803859
11.71 -0.532518 0.0791749
11.715 -0.524329 0.0779607
11.72 -0.516119 0.0767434
11.725 -0.507888 0.0755229
11.73 -0.499636 0.0742994
11.735 -0.491364 0.0730728
11.74 -0.483072 0.0718433
11.745 -0.47476 0.0706108
11.75 -0.466429 0.0693755
11.755 -0.458078 0.0681373
11.76 -0.449709 0.0668963
11.765 -0.441321 0.0656525
11.77 -0.432915 0.0644061
11.775 -0.424491 0.063157
11.78 -0.41605 0.0619052
11.785 -0.407591 0.060651
11.79 -0.399116 0.0593942
11.795 -0.390624 0.0581349
11.8 -0.382116 0.0568732
11.805 -0.373592 0.0556092
11.81 -0.365052 0.0543428
11.815 -0.356497 0.0530742
11.82 -0.347927 0.0518033
11.825 -0.339342 0.0505303
11.83 -0.330744 0.0492551
11.835 -0.322131 0.0479779
11.84 -0.313505 0.0466987
11.845 -0.304865 0.0454175
11.85 -0.296213 0.0441343
11.855 -0.287548 0.0428493
11.86 -0.278871 0.0415625
11.865 -0.270182 0.040274
11.87 -0.261482 0.0389837
11.875 -0.25277 0.0376917
11.88 -0.244048 0.0363982
11.885 -0.235316 0.0351031
11.89 -0.226573 0.0338065
11.895 -0.21782 0.0325084
11.9 -0.209059 0.031209
11.905 -0.200288 0.0299082
11.91 -0.191509 0.0286062
11.915 -0.182721 0.0273029
11.92 -0.173926 0.0259984
11.925 -0.165123 0.0246928
11.93 -0.156313 0.0233861
11.935 -0.147496 0.0220784
11.94 -0.138673 0.0207698
11.945 -0.129843 0.0194602
11.95 -0.121008 0.0181499
11.955 -0.112168 0.0168387
11.96 -0.103323 0.0155268
11.965 -0.0944733 0.0142142
11.97 -0.0856196 0.012901
11.975 -0.0767621 0.0115872
11.98 -0.0679012 0.0102729
11.985 -0.0590373 0.00895816
11.99 -0.0501709 0.00764303
11.995 -0.0413022 0.00632756
12 -0.0324317 0.00501181
12.005 -0.0235598 0.00369584
12.01 -0.0146868 0.00237971
12.015 -0.00581322 0.00106347
12.02 0.00306066 -0.000252814
12.025 0.0119344 -0.00156909
12.03 0.0208076 -0.00288529
12.035 0.0296799 -0.00420137
12.04 0.0385508 -0.00551726
12.045 0.0474201 -0.0068329
12.05 0.0562872 -0.00814824
12.055 0.0651518 -0.00946321
12.06 0.0740134 -0.0107778
12.065 0.0828718 -0.0120918
12.07 0.0917264 -0.0134053
12.075 0.100577 -0.0147182
12.08 0.109423 -0.0160305
12.085 0.118264 -0.017342
12.09 0.127099 -0.0186528
12.095 0.135929 -0.0199627
12.1 0.144753 -0.0212717
12.105 0.15357 -0.0225797
12.11 0.16238 -0.0238867
12.115 0.171183 -0.0251926
12.12 0.179978 -0.0264974
12.125 0.188765 -0.0278009
12.13 0.197543 -0.0291032
12.135 0.206312 -0.0304041
12.14 0.215072 -0.0317037
12.145 0.223821 -0.0330018
12.15 0.232561 -0.0342984
12.155 0.24129 -0.0355934
12.16 0.250007 -0.0368867
12.165 0.258713 -0.0381784
12.17 0.267408 -0.0394683
12.175 0.276089 -0.0407564
12.18 0.284758 -0.0420426
12.185 0.293414 -0.0433268
12.19 0.302056 -0.044609
12.195 0.310684 -0.0458892
12.2 0.319298 -0.0471672
12.205 0.327897 -0.048443
12.21 0.33648 -0.0497166
12.215 0.345048 -0.0509878
12.22 0.3536 -0.0522566
12.225 0.362135 -0.053523
12.23 0.370653 -0.0547869
12.235 0.379153 -0.0560482
12.24 0.387636 -0.0573069
12.245 0.396101 -0.0585629
12.25 0.404547 -0.0598161
12.255 0.412973 -0.0610665
12.26 0.421381 -0.062314
12.265 0.429768 -0.0635586
12.27 0.438135 -0.0648001
12.275 0.446481 -0.0660386
12.28 0.454806 -0.0672739
12.285 0.46311 -0.0685061
12.29 0.471391 -0.069735
12.295 0.47965 -0.0709605
12.3 0.487886 -0.0721827
12.305 0.496098 -0.0734014
12.31 0.504287 -0.0746166
12.315 0.512452 -0.0758283
12.32 0.520592 -0.0770363
12.325 0.528707 -0.0782406
12.33 0.536797 -0.0794411
12.335 0.544861 -0.0806378
12.34 0.552899 -0.0818306
12.345 0.56091 -0.0830195
12.35 0.568894 -0.0842044
12.355 0.57685 -0.0853852
12.36 0.584779 -0.0865619
12.365 0.592679 -0.0877343
12.37 0.60055 -0.0889026
12.375 0.608392 -0.0900665
12.38 0.616205 -0.091226
12.385 0.623988 -0.0923811
12.39 0.63174 -0.0935316
12.395 0.639461 -0.0946776
12.4 0.647151 -0.095819
12.405 0.65481 -0.0969557
12.41 0.662436 -0.0980877
12.415 0.67003 -0.0992148
12.42 0.677591 -0.100337
12.425 0.685119 -0.101454
12.43 0.692613 -0.102567
12.435 0.700073 -0.103674
12.44 0.707498 -0.104776
12.445 0.714889 -0.105873
12.45 0.722244 -0.106965
12.455 0.729563 -0.108051
12.46 0.736847 -0.109133
12.465 0.744093 -0.110208
12.47 0.751303 -0.111279
12.475 0.758475 -0.112343
12.48 0.76561 -0.113402
12.485 0.772707 -0.114456
12.49 0.779765 -0.115504
12.495 0.786784 -0.116546
12.5 0.793764 -0.117582
12.505 0.800704 -0.118612
12.51 0.807604 -0.119636
12.515 0.814463 -0.120655
12.52 0.821282 -0.121667
12.525 0.828059 -0.122673
12.53 0.834795 -0.123673
12.535 0.841488 -0.124667
12.54 0.848139 -0.125655
12.545 0.854748 -0.126636
12.55 0.861313 -0.127611
12.555 0.867835 -0.128579
12.56 0.874312 -0.129541
12.565 0.880746 -0.130496
12.57 0.887134 -0.131444
12.575 0.893478 -0.132386
12.58 0.899776 -0.133322
12.585 0.906029 -0.13425
12.59 0.912235 -0.135172
12.595 0.918395 -0.136086
12.6 0.924507 -0.136994
12.605 0.930573 -0.137895
12.61 0.936591 -0.138788
12.615 0.942561 -0.139675
12.62 0.948482 -0.140554
12.625 0.954355 -0.141427
12.63 0.960179 -0.142291
12.635 0.965954 -0.143149
12.64 0.971678 -0.143999
12.645 0.977353 -0.144842
12.65 0.982977 -0.145677
12.655 0.988551 -0.146505
12.66 0.994073 -0.147325
12.665 0.999544 -0.148138
12.67 1.00496 -0.148943
12.675 1.01033 -0.14974
12.68 1.01564 -0.15053
12.685 1.02091 -0.151311
12.69 1.02612 -0.152085
12.695 1.03127 -0.152851
12.7 1.03637 -0.153609
12.705 1.04142 -0.154359
12.71 1.04641 -0.1551
12.715 1.05135 -0.155834
12.72 1.05623 -0.156559
12.725 1.06106 -0.157277
12.73 1.06583 -0.157986
12.735 1.07055 -0.158687
12.74 1.07521 -0.159379
12.745 1.07981 -0.160063
12.75 1.08436 -0.160739
12.755 1.08885 -0.161406
12.76 1.09328 -0.162064
12.765 1.09766 -0.162715
12.77 1.10197 -0.163356
12.775 1.10623 -0.163989
12.78 1.11043 -0.164613
12.785 1.11457 -0.165228
12.79 1.11865 -0.165835
12.795 1.12267 -0.166433
12.8 1.12664 -0.167022
12.805 1.13054 -0.167602
12.81 1.13438 -0.168173
12.815 1.13816 -0.168735
12.82 1.14188 -0.169289
12.825 1.14554 -0.169833
12.83 1.14914 -0.170368
12.835 1.15268 -0.170894
12.84 1.15616 -0.171411
12.845 1.15957 -0.171918
12.85 1.16292 -0.172417
12.855 1.16621 -0.172906
12.86 1.16944 -0.173386
12.865 1.1726 -0.173856
12.87 1.1757 -0.174317
12.875 1.17873 -0.174769
12.88 1.18171 -0.175211
12.885 1.18462 -0.175644
12.89 1.18746 -0.176068
12.895 1.19024 -0.176481
12.9 1.19296 -0.176886
12.905 1.19561 -0.17728
12.91 1.1982 -0.177665
12.915 1.20072 -0.178041
12.92 1.20317 -0.178406
12.925 1.20557 -0.178762
12.93 1.20789 -0.179109
12.935 1.21015 -0.179445
12.94 1.21234 -0.179772
12.945 1.21447 -0.180089
12.95 1.21653 -0.180396
12.955 1.21852 -0.180693
12.96 1.22045 -0.18098
12.965 1.22231 -0.181257
12.97 1.22411 -0.181525
12.975 1.22583 -0.181782
12.98 1.22749 -0.18203
12.985 1.22908 -0.182267
12.99 1.2306 -0.182494
12.995 1.23206 -0.182712
13 1.23345 -0.182919
13.005 1.23477 -0.183116
13.01 1.23602 -0.183303
13.015 1.2372 -0.18348
13.02 1.23832 -0.183647
13.025 1.23936 -0.183803
13.03 1.24034 -0.18395
13.035 1.24125 -0.184086
13.04 1.24209 -0.184212
13.045 1.24286 -0.184327
13.05 1.24356 -0.184433
13.055 1.24419 -0.184528
13.06 1.24475 -0.184613
13.065 1.24524 -0.184687
13.07 1.24567 -0.184752
13.075 1.24602 -0.184805
13.08 1.24631 -0.184849
13.085 1.24652 -0.184882
13.09 1.24666 -0.184905
13.095 1.24674 -0.184918
13.1 1.24674 -0.18492
13.105 1.24668 -0.184911
13.11 1.24654 -0.184893
13.115 1.24634 -0.184864
13.12 1.24606 -0.184824
13.125 1.24571 -0.184774
13.13 1.2453 -0.184714
13.135 1.24481 -0.184643
13.14 1.24425 -0.184562
13.145 1.24363 -0.18447
13.15 1.24293 -0.184368
13.155 1.24216 -0.184256
13.16 1.24132 -0.184133
13.165 1.24041 -0.183999
13.17 1.23943 -0.183855
13.175 1.23838 -0.183701
13.18 1.23726 -0.183536
13.185 1.23607 -0.183361
13.19 1.23481 -0.183175
13.195 1.23348 -0.182979
13.2 1.23207 -0.182773
13.205 1.2306 -0.182556
13.21 1.22906 -0.182328
13.215 1.22745 -0.18209
13.22 1.22576 -0.181842
13.225 1.22401 -0.181583
13.23 1.22218 -0.181314
13.235 1.22029 -0.181034
13.24 1.21832 -0.180744
13.245 1.21629 -0.180444
13.25 1.21419 -0.180133
13.255 1.21201 -0.179812
13.26 1.20977 -0.179481
13.265 1.20745 -0.179139
13.27 1.20507 -0.178787
13.275 1.20262 -0.178424
13.28 1.20009 -0.178051
13.285 1.1975 -0.177668
13.29 1.19484 -0.177275
13.295 1.19211 -0.176871
13.3 1.18931 -0.176457
13.305 1.18644 -0.176033
13.31 1.1835 -0.175598
13.315 1.18049 -0.175154
13.32 1.17742 -0.174699
13.325 1.17427 -0.174234
13.33 1.17106 -0.173759
13.335 1.16778 -0.173274
13.34 1.16443 -0.172778
13.345 1.16101 -0.172273
13.35 1.15753 -0.171757
13.355 1.15398 -0.171231
13.36 1.15036 -0.170696
13.365 1.14667 -0.17015
13.37 1.14291 -0.169595
13.375 1.13909 -0.169029
13.38 1.1352 -0.168453
13.385 1.13125 -0.167868
13.39 1.12722 -0.167273
13.395 1.12314 -0.166668
13.4 1.11898 -0.166053
13.405 1.11476 -0.165428
13.41 1.11047 -0.164793
13.415 1.10612 -0.164149
13.42 1.1017 -0.163495
13.425 1.09722 -0.162832
13.43 1.09267 -0.162159
13.435 1.08806 -0.161476
13.44 1.08339 -0.160783
13.445 1.07864 -0.160081
13.45 1.07384 -0.15937
13.455 1.06897 -0.158649
13.46 1.06404 -0.157919
13.465 1.05904 -0.157179
13.47 1.05398 -0.15643
13.475 1.04886 -0.155671
13.48 1.04368 -0.154904
13.485 1.03843 -0.154127
13.49 1.03312 -0.153341
13.495 1.02775 -0.152545
13.5 1.02232 -0.151741
13.505 1.01683 -0.150927
13.51 1.01128 -0.150105
13.515 1.00566 -0.149273
13.52 1 -0.148435
