0 -0 -0
0.08 -3.83881e-44 9.65496e-49
0.16 -4.66689e-40 9.05246e-45
0.12 -3.75764e-41 8.48532e-46
0.1 -3.3272e-42 9.11324e-47
0.09 -4.8654e-43 1.43532e-47
0.085 -1.45229e-43 4.13112e-48
0.09 -5.094e-43 1.62458e-47
0.095 -1.6702e-42 5.9406e-47
0.1 -5.15412e-42 2.03478e-46
0.105 -1.50578e-41 6.56874e-46
0.11 -4.18581e-41 2.00929e-45
0.115 -1.11203e-40 5.85093e-45
0.12 -2.83425e-40 1.62857e-44
0.125 -6.95353e-40 4.34865e-44
0.13 -1.64707e-39 1.11753e-43
0.135 -3.77661e-39 2.77178e-43
0.14 -8.40238e-39 6.6521e-43
0.145 -1.81772e-38 1.54828e-42
0.15 -3.83089e-38 3.50208e-42
0.155 -7.87886e-38 7.71249e-42
0.16 -1.58376e-37 1.65648e-41
0.165 -3.11593e-37 3.47509e-41
0.17 -6.00781e-37 7.13084e-41
0.175 -1.13653e-36 1.43306e-40
0.18 -2.11177e-36 2.82385e-40
0.185 -3.85782e-36 5.46188e-40
0.19 -6.93517e-36 1.03799e-39
0.195 -1.22788e-35 1.93997e-39
0.2 -2.14276e-35 3.56869e-39
0.205 -3.68823e-35 6.4666e-39
0.21 -6.26581e-35 1.15508e-38
0.215 -1.05128e-34 2.0352e-38
0.22 -1.74299e-34 3.53947e-38
0.225 -2.85714e-34 6.07933e-38
0.23 -4.63287e-34 1.03181e-37
0.235 -7.43451e-34 1.73138e-37
0.24 -1.18121e-33 2.87369e-37
0.245 -1.85889e-33 4.71998e-37
0.25 -2.89868e-33 7.67496e-37
0.255 -4.48047e-33 1.23601e-36
0.26 -6.86707e-33 1.97213e-36
0.265 -1.04396e-32 3.11872e-36
0.27 -1.57469e-32 4.88974e-36
0.275 -2.35737e-32 7.6033e-36
0.28 -3.50348e-32 1.17288e-35
0.285 -5.17039e-32 1.79542e-35
0.29 -7.57889e-32 2.72804e-35
0.295 -1.10369e-31 4.1155e-35
0.3 -1.59713e-31 6.16572e-35
0.305 -2.29709e-31 9.17559e-35
0.31 -3.28433e-31 1.35665e-34
0.315 -4.66906e-31 1.99332e-34
0.32 -6.60089e-31 2.91103e-34
0.325 -9.282e-31 4.22628e-34
0.33 -1.29843e-30 6.10085e-34
0.335 -1.80717e-30 8.75824e-34
0.34 -2.50294e-30 1.25057e-33
0.345 -3.45012e-30 1.77638e-33
0.35 -4.7338e-30 2.51052e-33
0.355 -6.46598e-30 3.53063e-33
0.36 -8.7935e-30 4.94154e-33
0.365 -1.19082e-29 6.88418e-33
0.37 -1.60595e-29 9.54721e-33
0.375 -2.15712e-29 1.31822e-32
0.38 -2.88614e-29 1.81233e-32
0.385 -3.84683e-29 2.48126e-32
0.39 -5.10831e-29 3.3833e-32
0.395 -6.75894e-29 4.59503e-32
0.4 -8.91144e-29 6.21665e-32
0.405 -1.17091e-28 8.37893e-32
0.41 -1.53335e-28 1.12519e-31
0.415 -2.0014e-28 1.50557e-31
0.42 -2.604e-28 2.00752e-31
0.425 -3.37748e-28 2.66767e-31
0.43 -4.36736e-28 3.5331e-31
0.435 -5.63058e-28 4.66405e-31
0.44 -7.23808e-28 6.13743e-31
0.445 -9.27808e-28 8.05115e-31
0.45 -1.186e-27 1.05295e-30
0.455 -1.51193e-27 1.37297e-30
0.46 -1.92231e-27 1.78506e-30
0.465 -2.43772e-27 2.31423e-30
0.47 -3.08346e-27 2.99192e-30
0.475 -3.89054e-27 3.85751e-30
0.48 -4.8969e-27 4.96025e-30
0.485 -6.14887e-27 6.36157e-30
0.49 -7.70286e-27 8.13789e-30
0.495 -9.62748e-27 1.03841e-29
0.5 -1.2006e-26 1.32177e-29
0.505 -1.49391e-26 1.67841e-29
0.51 -1.85487e-26 2.12624e-29
0.515 -2.29817e-26 2.68732e-29
0.52 -2.84152e-26 3.38875e-29
0.525 -3.50617e-26 4.26375e-29
0.53 -4.31765e-26 5.35296e-29
0.535 -5.30653e-26 6.706e-29
0.54 -6.50935e-26 8.38338e-29
0.545 -7.96974e-26 1.04587e-28
0.55 -9.73969e-26 1.30212e-28
0.555 -1.1881e-25 1.61794e-28
0.56 -1.44673e-25 2.00642e-28
0.565 -1.75856e-25 2.4834e-28
0.57 -2.13392e-25 3.06797e-28
0.575 -2.585e-25 3.78312e-28
0.58 -3.12623e-25 4.65647e-28
0.585 -3.77458e-25 5.72117e-28
0.59 -4.55007e-25 7.01695e-28
0.595 -5.4762e-25 8.59131e-28
0.6 -6.58058e-25 1.0501e-27
0.605 -7.89558e-25 1.28137e-27
0.61 -9.45911e-25 1.561e-27
0.615 -1.13155e-24 1.89857e-27
0.62 -1.35165e-24 2.30547e-27
0.625 -1.61224e-24 2.79518e-27
0.63 -1.92037e-24 3.38369e-27
0.635 -2.28421e-24 4.08988e-27
0.64 -2.71327e-24 4.93608e-27
0.645 -3.21858e-24 5.94859e-27
0.65 -3.81296e-24 7.1584e-27
0.655 -4.5112e-24 8.60197e-27
0.66 -5.33045e-24 1.03221e-26
0.665 -6.29052e-24 1.23692e-26
0.67 -7.41425e-24 1.48019e-26
0.675 -8.72799e-24 1.76894e-26
0.68 -1.02621e-23 2.11121e-26
0.685 -1.20515e-23 2.51643e-26
0.69 -1.41362e-23 2.99557e-26
0.695 -1.65624e-23 3.56143e-26
0.7 -1.93828e-23 4.2289e-26
0.705 -2.2658e-23 5.01527e-26
0.71 -2.64572e-23 5.94067e-26
0.715 -3.08597e-23 7.02839e-26
0.72 -3.5956e-23 8.30547e-26
0.725 -4.18493e-23 9.80319e-26
0.73 -4.86575e-23 1.15577e-25
0.735 -5.65146e-23 1.36108e-25
0.74 -6.55736e-23 1.60108e-25
0.745 -7.60079e-23 1.88132e-25
0.75 -8.80151e-23 2.2082e-25
0.755 -1.01819e-22 2.58911e-25
0.76 -1.17674e-22 3.03251e-25
0.765 -1.35868e-22 3.54813e-25
0.77 -1.56728e-22 4.14715e-25
0.775 -1.80621e-22 4.84237e-25
0.78 -2.07966e-22 5.64845e-25
0.785 -2.39234e-22 6.58219e-25
0.79 -2.74956e-22 7.66277e-25
0.795 -3.15733e-22 8.91213e-25
0.8 -3.62241e-22 1.03553e-24
0.805 -4.15241e-22 1.20208e-24
0.81 -4.7559e-22 1.39412e-24
0.815 -5.44252e-22 1.61535e-24
0.82 -6.22309e-22 1.86999e-24
0.825 -7.10977e-22 2.16283e-24
0.83 -8.11619e-22 2.49931e-24
0.835 -9.25766e-22 2.8856e-24
0.84 -1.05513e-21 3.32872e-24
0.845 -1.20163e-21 3.8366e-24
0.85 -1.36741e-21 4.41823e-24
0.855 -1.55488e-21 5.08379e-24
0.86 -1.76671e-21 5.84477e-24
0.865 -2.0059e-21 6.71418e-24
0.87 -2.27579e-21 7.7067e-24
0.875 -2.58012e-21 8.83887e-24
0.88 -2.92302e-21 1.01294e-23
0.885 -3.30914e-21 1.15993e-23
0.89 -3.74362e-21 1.32722e-23
0.895 -4.2322e-21 1.51748e-23
0.9 -4.78124e-21 1.73371e-23
0.905 -5.39781e-21 1.97928e-23
0.91 -6.08979e-21 2.25796e-23
0.915 -6.8659e-21 2.57401e-23
0.92 -7.7358e-21 2.93217e-23
0.925 -8.71023e-21 3.33778e-23
0.93 -9.80107e-21 3.79683e-23
0.935 -1.10215e-20 4.31598e-23
0.94 -1.2386e-20 4.90274e-23
0.945 -1.39107e-20 5.56546e-23
0.95 -1.56135e-20 6.31348e-23
0.955 -1.7514e-20 7.15725e-23
0.96 -1.96339e-20 8.10841e-23
0.965 -2.19972e-20 9.17995e-23
0.97 -2.46303e-20 1.03864e-22
0.975 -2.75624e-20 1.17438e-22
0.98 -3.08256e-20 1.32701e-22
0.985 -3.44553e-20 1.49854e-22
0.99 -3.84904e-20 1.69119e-22
0.995 -4.29738e-20 1.90743e-22
1 -4.79527e-20 2.15e-22
1.005 -5.34787e-20 2.42196e-22
1.01 -5.9609e-20 2.72668e-22
1.015 -6.64058e-20 3.06792e-22
1.02 -7.3938e-20 3.44985e-22
1.025 -8.22807e-20 3.87706e-22
1.03 -9.15166e-20 4.35467e-22
1.035 -1.01736e-19 4.88834e-22
1.04 -1.13038e-19 5.4843e-22
1.045 -1.25532e-19 6.14948e-22
1.05 -1.39335e-19 6.89152e-22
1.055 -1.54579e-19 7.71886e-22
1.06 -1.71406e-19 8.64082e-22
1.065 -1.8997e-19 9.66771e-22
1.07 -2.10442e-19 1.08109e-21
1.075 -2.33007e-19 1.20828e-21
1.08 -2.57869e-19 1.34973e-21
1.085 -2.85247e-19 1.50696e-21
1.09 -3.15384e-19 1.68163e-21
1.095 -3.48543e-19 1.8756e-21
1.1 -3.8501e-19 2.09089e-21
1.105 -4.25097e-19 2.32972e-21
1.11 -4.69145e-19 2.59455e-21
1.115 -5.17525e-19 2.88806e-21
1.12 -5.70639e-19 3.21321e-21
1.125 -6.28927e-19 3.57324e-21
1.13 -6.92865e-19 3.97171e-21
1.135 -7.62971e-19 4.41252e-21
1.14 -8.39809e-19 4.89996e-21
1.145 -9.23992e-19 5.4387e-21
1.15 -1.01618e-18 6.03388e-21
1.155 -1.1171e-18 6.69114e-21
1.16 -1.22754e-18 7.41662e-21
1.165 -1.34833e-18 8.21705e-21
1.17 -1.48041e-18 9.09981e-21
1.175 -1.62476e-18 1.00729e-20
1.18 -1.78247e-18 1.11453e-20
1.185 -1.95472e-18 1.23263e-20
1.19 -2.14276e-18 1.36267e-20
1.195 -2.34797e-18 1.50578e-20
1.2 -2.57183e-18 1.66322e-20
1.205 -2.81595e-18 1.83634e-20
1.21 -3.08207e-18 2.02664e-20
1.215 -3.37206e-18 2.23573e-20
1.22 -3.68794e-18 2.46537e-20
1.225 -4.03191e-18 2.7175e-20
1.23 -4.40633e-18 2.99421e-20
1.235 -4.81375e-18 3.29776e-20
1.24 -5.25693e-18 3.63065e-20
1.245 -5.73883e-18 3.99556e-20
1.25 -6.26267e-18 4.39543e-20
1.255 -6.8319e-18 4.83344e-20
1.26 -7.45023e-18 5.31306e-20
1.265 -8.12169e-18 5.83803e-20
1.27 -8.85059e-18 6.41244e-20
1.275 -9.64158e-18 7.04071e-20
1.28 -1.04997e-17 7.72766e-20
1.285 -1.14303e-17 8.47849e-20
1.29 -1.24391e-17 9.29885e-20
1.295 -1.35325e-17 1.01949e-19
1.3 -1.47172e-17 1.11732e-19
1.305 -1.60002e-17 1.2241e-19
1.31 -1.73895e-17 1.3406e-19
1.315 -1.88932e-17 1.46768e-19
1.32 -2.05204e-17 1.60623e-19
1.325 -2.22806e-17 1.75726e-19
1.33 -2.41841e-17 1.92181e-19
1.335 -2.6242e-17 2.10106e-19
1.34 -2.84662e-17 2.29624e-19
1.345 -3.08692e-17 2.5087e-19
1.35 -3.34649e-17 2.73991e-19
1.355 -3.62677e-17 2.99142e-19
1.36 -3.92933e-17 3.26493e-19
1.365 -4.25586e-17 3.56229e-19
1.37 -4.60814e-17 3.88546e-19
1.375 -4.9881e-17 4.23657e-19
1.38 -5.3978e-17 4.61793e-19
1.385 -5.83945e-17 5.03201e-19
1.39 -6.31539e-17 5.48148e-19
1.395 -6.82816e-17 5.96922e-19
1.4 -7.38045e-17 6.49832e-19
1.405 -7.97515e-17 7.07213e-19
1.41 -8.61533e-17 7.69423e-19
1.415 -9.30429e-17 8.3685e-19
1.42 -1.00455e-16 9.09909e-19
1.425 -1.08429e-16 9.89048e-19
1.43 -1.17003e-16 1.07475e-18
1.435 -1.2622e-16 1.16752e-18
1.44 -1.36127e-16 1.26794e-18
1.445 -1.46772e-16 1.37658e-18
1.45 -1.58206e-16 1.4941e-18
1.455 -1.70487e-16 1.62117e-18
1.46 -1.83673e-16 1.75856e-18
1.465 -1.97826e-16 1.90703e-18
1.47 -2.13015e-16 2.06746e-18
1.475 -2.29311e-16 2.24075e-18
1.48 -2.4679e-16 2.42789e-18
1.485 -2.65533e-16 2.62992e-18
1.49 -2.85628e-16 2.84798e-18
1.495 -3.07167e-16 3.08328e-18
1.5 -3.30247e-16 3.3371e-18
1.505 -3.54973e-16 3.61083e-18
1.51 -3.81456e-16 3.90598e-18
1.515 -4.09815e-16 4.22411e-18
1.52 -4.40175e-16 4.56694e-18
1.525 -4.7267e-16 4.9363e-18
1.53 -5.07442e-16 5.33412e-18
1.535 -5.44642e-16 5.76251e-18
1.54 -5.8443e-16 6.22369e-18
1.545 -6.26978e-16 6.72005e-18
1.55 -6.72465e-16 7.25414e-18
1.555 -7.21084e-16 7.82869e-18
1.56 -7.7304e-16 8.44661e-18
1.565 -8.2855e-16 9.11102e-18
1.57 -8.87842e-16 9.82524e-18
1.575 -9.51162e-16 1.05928e-17
1.58 -1.01877e-15 1.14176e-17
1.585 -1.09093e-15 1.23035e-17
1.59 -1.16795e-15 1.3255e-17
1.595 -1.25013e-15 1.42766e-17
1.6 -1.3378e-15 1.53732e-17
1.605 -1.4313e-15 1.65501e-17
1.61 -1.531e-15 1.78129e-17
1.615 -1.6373e-15 1.91676e-17
1.62 -1.7506e-15 2.06204e-17
1.625 -1.87134e-15 2.21782e-17
1.63 -1.99998e-15 2.38481e-17
1.635 -2.13702e-15 2.56379e-17
1.64 -2.28297e-15 2.75557e-17
1.645 -2.43838e-15 2.96102e-17
1.65 -2.60382e-15 3.18107e-17
1.655 -2.77992e-15 3.4167e-17
1.66 -2.96733e-15 3.66897e-17
1.665 -3.16672e-15 3.93899e-17
1.67 -3.37883e-15 4.22795e-17
1.675 -3.60442e-15 4.53711e-17
1.68 -3.8443e-15 4.86782e-17
1.685 -4.09934e-15 5.22149e-17
1.69 -4.37043e-15 5.59966e-17
1.695 -4.65853e-15 6.00393e-17
1.7 -4.96465e-15 6.43601e-17
1.705 -5.28986e-15 6.89773e-17
1.71 -5.63529e-15 7.39101e-17
1.715 -6.00212e-15 7.9179e-17
1.72 -6.39161e-15 8.4806e-17
1.725 -6.80508e-15 9.08139e-17
1.73 -7.24394e-15 9.72275e-17
1.735 -7.70964e-15 1.04073e-16
1.74 -8.20376e-15 1.11377e-16
1.745 -8.72792e-15 1.1917e-16
1.75 -9.28387e-15 1.27483e-16
1.755 -9.87341e-15 1.36348e-16
1.76 -1.04985e-14 1.458e-16
1.765 -1.11611e-14 1.55877e-16
1.77 -1.18634e-14 1.66618e-16
1.775 -1.26076e-14 1.78064e-16
1.78 -1.33961e-14 1.90258e-16
1.785 -1.42314e-14 2.03249e-16
1.79 -1.51161e-14 2.17085e-16
1.795 -1.6053e-14 2.31818e-16
1.8 -1.7045e-14 2.47504e-16
1.805 -1.80951e-14 2.64202e-16
1.81 -1.92066e-14 2.81972e-16
1.815 -2.03829e-14 3.00882e-16
1.82 -2.16275e-14 3.21e-16
1.825 -2.29443e-14 3.42399e-16
1.83 -2.43371e-14 3.65157e-16
1.835 -2.581e-14 3.89357e-16
1.84 -2.73676e-14 4.15085e-16
1.845 -2.90143e-14 4.42432e-16
1.85 -3.0755e-14 4.71495e-16
1.855 -3.25948e-14 5.02378e-16
1.86 -3.4539e-14 5.35188e-16
1.865 -3.65931e-14 5.70039e-16
1.87 -3.87632e-14 6.07052e-16
1.875 -4.10553e-14 6.46355e-16
1.88 -4.3476e-14 6.88081e-16
1.885 -4.60321e-14 7.32374e-16
1.89 -4.87307e-14 7.79383e-16
1.895 -5.15793e-14 8.29266e-16
1.9 -5.45859e-14 8.82191e-16
1.905 -5.77587e-14 9.38333e-16
1.91 -6.11064e-14 9.97879e-16
1.915 -6.46382e-14 1.06102e-15
1.92 -6.83635e-14 1.12797e-15
1.925 -7.22925e-14 1.19895e-15
1.93 -7.64356e-14 1.27418e-15
1.935 -8.08039e-14 1.3539e-15
1.94 -8.5409e-14 1.43838e-15
1.945 -9.02629e-14 1.52788e-15
1.95 -9.53784e-14 1.62268e-15
1.955 -1.00769e-13 1.72308e-15
1.96 -1.06448e-13 1.8294e-15
1.965 -1.12431e-13 1.94197e-15
1.97 -1.18733e-13 2.06114e-15
1.975 -1.2537e-13 2.18727e-15
1.98 -1.32358e-13 2.32075e-15
1.985 -1.39716e-13 2.46199e-15
1.99 -1.47461e-13 2.61141e-15
1.995 -1.55614e-13 2.76947e-15
2 -1.64194e-13 2.93665e-15
2.005 -1.73223e-13 3.11343e-15
2.01 -1.82723e-13 3.30035e-15
2.015 -1.92716e-13 3.49795e-15
2.02 -2.03227e-13 3.70682e-15
2.025 -2.14282e-13 3.92757e-15
2.03 -2.25908e-13 4.16083e-15
2.035 -2.38131e-13 4.40729e-15
2.04 -2.50981e-13 4.66765e-15
2.045 -2.64488e-13 4.94265e-15
2.05 -2.78685e-13 5.23308e-15
2.055 -2.93604e-13 5.53976e-15
2.06 -3.0928e-13 5.86356e-15
2.065 -3.25749e-13 6.20537e-15
2.07 -3.4305e-13 6.56615e-15
2.075 -3.61222e-13 6.94691e-15
2.08 -3.80306e-13 7.34869e-15
2.085 -4.00346e-13 7.77259e-15
2.09 -4.21386e-13 8.21977e-15
2.095 -4.43475e-13 8.69145e-15
2.1 -4.66661e-13 9.18889e-15
2.105 -4.90996e-13 9.71343e-15
2.11 -5.16534e-13 1.02665e-14
2.115 -5.43331e-13 1.08495e-14
2.12 -5.71445e-13 1.14641e-14
2.125 -6.00938e-13 1.21118e-14
2.13 -6.31873e-13 1.27943e-14
2.135 -6.64318e-13 1.35134e-14
2.14 -6.98341e-13 1.4271e-14
2.145 -7.34016e-13 1.5069e-14
2.15 -7.71417e-13 1.59096e-14
2.155 -8.10624e-13 1.67947e-14
2.16 -8.5172e-13 1.77267e-14
2.165 -8.94789e-13 1.8708e-14
2.17 -9.39922e-13 1.97409e-14
2.175 -9.87212e-13 2.08281e-14
2.18 -1.03676e-12 2.19723e-14
2.185 -1.08866e-12 2.31764e-14
2.19 -1.14302e-12 2.44432e-14
2.195 -1.19995e-12 2.57759e-14
2.2 -1.25957e-12 2.71778e-14
2.205 -1.322e-12 2.86523e-14
2.21 -1.38736e-12 3.02028e-14
2.215 -1.45577e-12 3.18333e-14
2.22 -1.52739e-12 3.35474e-14
2.225 -1.60234e-12 3.53494e-14
2.23 -1.68078e-12 3.72436e-14
2.235 -1.76285e-12 3.92343e-14
2.24 -1.84872e-12 4.13262e-14
2.245 -1.93855e-12 4.35243e-14
2.25 -2.03252e-12 4.58336e-14
2.255 -2.1308e-12 4.82595e-14
2.26 -2.23358e-12 5.08076e-14
2.265 -2.34105e-12 5.34837e-14
2.27 -2.45343e-12 5.62939e-14
2.275 -2.57091e-12 5.92446e-14
2.28 -2.69372e-12 6.23424e-14
2.285 -2.82208e-12 6.55943e-14
2.29 -2.95624e-12 6.90076e-14
2.295 -3.09644e-12 7.25898e-14
2.3 -3.24293e-12 7.6349e-14
2.305 -3.39599e-12 8.02933e-14
2.31 -3.55589e-12 8.44315e-14
2.315 -3.72291e-12 8.87726e-14
2.32 -3.89737e-12 9.3326e-14
2.325 -4.07956e-12 9.81015e-14
2.33 -4.26982e-12 1.0311e-13
2.335 -4.46848e-12 1.08361e-13
2.34 -4.67589e-12 1.13866e-13
2.345 -4.89241e-12 1.19638e-13
2.35 -5.11843e-12 1.25688e-13
2.355 -5.35433e-12 1.32028e-13
2.36 -5.60053e-12 1.38673e-13
2.365 -5.85744e-12 1.45636e-13
2.37 -6.1255e-12 1.52932e-13
2.375 -6.40518e-12 1.60575e-13
2.38 -6.69694e-12 1.68582e-13
2.385 -7.00129e-12 1.76968e-13
2.39 -7.31872e-12 1.8575e-13
2.395 -7.64978e-12 1.94948e-13
2.4 -7.99501e-12 2.04578e-13
2.405 -8.35499e-12 2.14661e-13
2.41 -8.73031e-12 2.25216e-13
2.415 -9.12158e-12 2.36264e-13
2.42 -9.52945e-12 2.47828e-13
2.425 -9.95458e-12 2.59931e-13
2.43 -1.03976e-11 2.72595e-13
2.435 -1.08594e-11 2.85845e-13
2.44 -1.13405e-11 2.99708e-13
2.445 -1.18418e-11 3.14211e-13
2.45 -1.23641e-11 3.2938e-13
2.455 -1.29082e-11 3.45246e-13
2.46 -1.34749e-11 3.61838e-13
2.465 -1.40652e-11 3.79188e-13
2.47 -1.46799e-11 3.97329e-13
2.475 -1.53201e-11 4.16295e-13
2.48 -1.59866e-11 4.36121e-13
2.485 -1.66806e-11 4.56845e-13
2.49 -1.74031e-11 4.78505e-13
2.495 -1.81552e-11 5.01141e-13
2.5 -1.8938e-11 5.24795e-13
2.505 -1.97528e-11 5.49511e-13
2.51 -2.06007e-11 5.75332e-13
2.515 -2.14831e-11 6.02307e-13
2.52 -2.24012e-11 6.30483e-13
2.525 -2.33564e-11 6.59912e-13
2.53 -2.43501e-11 6.90647e-13
2.535 -2.53839e-11 7.22742e-13
2.54 -2.64591e-11 7.56254e-13
2.545 -2.75774e-11 7.91243e-13
2.55 -2.87404e-11 8.2777e-13
2.555 -2.99497e-11 8.659e-13
2.56 -3.12072e-11 9.05698e-13
2.565 -3.25146e-11 9.47235e-13
2.57 -3.38739e-11 9.90581e-13
2.575 -3.52868e-11 1.03581e-12
2.58 -3.67554e-11 1.08301e-12
2.585 -3.82819e-11 1.13224e-12
2.59 -3.98683e-11 1.18361e-12
2.595 -4.15168e-11 1.23718e-12
2.6 -4.32298e-11 1.29306e-12
2.605 -4.50096e-11 1.35134e-12
2.61 -4.68587e-11 1.41211e-12
2.615 -4.87796e-11 1.47548e-12
2.62 -5.07749e-11 1.54155e-12
2.625 -5.28474e-11 1.61044e-12
2.63 -5.49998e-11 1.68224e-12
2.635 -5.72351e-11 1.75709e-12
2.64 -5.95562e-11 1.8351e-12
2.645 -6.19663e-11 1.9164e-12
2.65 -6.44686e-11 2.00111e-12
2.655 -6.70664e-11 2.08939e-12
2.66 -6.97632e-11 2.18137e-12
2.665 -7.25624e-11 2.27719e-12
2.67 -7.54677e-11 2.377e-12
2.675 -7.8483e-11 2.48098e-12
2.68 -8.16121e-11 2.58927e-12
2.685 -8.48591e-11 2.70205e-12
2.69 -8.82282e-11 2.81949e-12
2.695 -9.17236e-11 2.94179e-12
2.7 -9.53499e-11 3.06912e-12
2.705 -9.91116e-11 3.20168e-12
2.71 -1.03014e-10 3.33968e-12
2.715 -1.07061e-10 3.48332e-12
2.72 -1.11258e-10 3.63284e-12
2.725 -1.15611e-10 3.78844e-12
2.73 -1.20124e-10 3.95037e-12
2.735 -1.24804e-10 4.11888e-12
2.74 -1.29657e-10 4.29421e-12
2.745 -1.34687e-10 4.47662e-12
2.75 -1.39902e-10 4.66639e-12
2.755 -1.45308e-10 4.86379e-12
2.76 -1.50911e-10 5.06913e-12
2.765 -1.56717e-10 5.28269e-12
2.77 -1.62735e-10 5.50479e-12
2.775 -1.68972e-10 5.73576e-12
2.78 -1.75433e-10 5.97592e-12
2.785 -1.82129e-10 6.22563e-12
2.79 -1.89065e-10 6.48524e-12
2.795 -1.96251e-10 6.75513e-12
2.8 -2.03695e-10 7.03567e-12
2.805 -2.11405e-10 7.32727e-12
2.81 -2.19391e-10 7.63035e-12
2.815 -2.27662e-10 7.94532e-12
2.82 -2.36227e-10 8.27263e-12
2.825 -2.45097e-10 8.61273e-12
2.83 -2.54281e-10 8.9661e-12
2.835 -2.6379e-10 9.33323e-12
2.84 -2.73634e-10 9.71462e-12
2.845 -2.83825e-10 1.01108e-11
2.85 -2.94375e-10 1.05223e-11
2.855 -3.05295e-10 1.09497e-11
2.86 -3.16597e-10 1.13936e-11
2.865 -3.28294e-10 1.18545e-11
2.87 -3.40399e-10 1.23332e-11
2.875 -3.52925e-10 1.28302e-11
2.88 -3.65886e-10 1.33461e-11
2.885 -3.79296e-10 1.38818e-11
2.89 -3.93171e-10 1.44378e-11
2.895 -4.07524e-10 1.5015e-11
2.9 -4.22372e-10 1.56141e-11
2.905 -4.3773e-10 1.62358e-11
2.91 -4.53615e-10 1.68811e-11
2.915 -4.70044e-10 1.75506e-11
2.92 -4.87035e-10 1.82453e-11
2.925 -5.04605e-10 1.89662e-11
2.93 -5.22773e-10 1.9714e-11
2.935 -5.41558e-10 2.04898e-11
2.94 -5.60981e-10 2.12945e-11
2.945 -5.8106e-10 2.21293e-11
2.95 -6.01817e-10 2.2995e-11
2.955 -6.23274e-10 2.38929e-11
2.96 -6.45453e-10 2.4824e-11
2.965 -6.68376e-10 2.57895e-11
2.97 -6.92067e-10 2.67907e-11
2.975 -7.1655e-10 2.78287e-11
2.98 -7.4185e-10 2.89048e-11
2.985 -7.67993e-10 3.00204e-11
2.99 -7.95004e-10 3.11768e-11
2.995 -8.22912e-10 3.23755e-11
3 -8.51744e-10 3.36178e-11
3.005 -8.81528e-10 3.49054e-11
3.01 -9.12295e-10 3.62397e-11
3.015 -9.44074e-10 3.76223e-11
3.02 -9.76897e-10 3.9055e-11
3.025 -1.0108e-09 4.05394e-11
3.03 -1.0458e-09 4.20772e-11
3.035 -1.08196e-09 4.36704e-11
3.04 -1.11929e-09 4.53207e-11
3.045 -1.15783e-09 4.70302e-11
3.05 -1.19763e-09 4.88008e-11
3.055 -1.23871e-09 5.06346e-11
3.06 -1.28113e-09 5.25336e-11
3.065 -1.32491e-09 5.45002e-11
3.07 -1.37011e-09 5.65366e-11
3.075 -1.41675e-09 5.86451e-11
3.08 -1.4649e-09 6.08281e-11
3.085 -1.51459e-09 6.30881e-11
3.09 -1.56586e-09 6.54277e-11
3.095 -1.61877e-09 6.78495e-11
3.1 -1.67337e-09 7.03563e-11
3.105 -1.72971e-09 7.29508e-11
3.11 -1.78783e-09 7.5636e-11
3.115 -1.84779e-09 7.84149e-11
3.12 -1.90965e-09 8.12905e-11
3.125 -1.97345e-09 8.4266e-11
3.13 -2.03927e-09 8.73447e-11
3.135 -2.10716e-09 9.053e-11
3.14 -2.17717e-09 9.38254e-11
3.145 -2.24938e-09 9.72344e-11
3.15 -2.32385e-09 1.00761e-10
3.155 -2.40064e-09 1.04408e-10
3.16 -2.47982e-09 1.08181e-10
3.165 -2.56146e-09 1.12083e-10
3.17 -2.64563e-09 1.16118e-10
3.175 -2.73241e-09 1.2029e-10
3.18 -2.82187e-09 1.24605e-10
3.185 -2.91409e-09 1.29066e-10
3.19 -3.00915e-09 1.33679e-10
3.195 -3.10713e-09 1.38448e-10
3.2 -3.20812e-09 1.43377e-10
3.205 -3.3122e-09 1.48474e-10
3.21 -3.41946e-09 1.53741e-10
3.215 -3.52999e-09 1.59186e-10
3.22 -3.64389e-09 1.64813e-10
3.225 -3.76125e-09 1.70629e-10
3.23 -3.88217e-09 1.76639e-10
3.235 -4.00675e-09 1.8285e-10
3.24 -4.1351e-09 1.89267e-10
3.245 -4.26732e-09 1.95898e-10
3.25 -4.40352e-09 2.02748e-10
3.255 -4.54381e-09 2.09826e-10
3.26 -4.68832e-09 2.17137e-10
3.265 -4.83715e-09 2.24689e-10
3.27 -4.99043e-09 2.32491e-10
3.275 -5.14829e-09 2.40549e-10
3.28 -5.31085e-09 2.48871e-10
3.285 -5.47824e-09 2.57466e-10
3.29 -5.65061e-09 2.66341e-10
3.295 -5.82807e-09 2.75507e-10
3.3 -6.01079e-09 2.84971e-10
3.305 -6.1989e-09 2.94743e-10
3.31 -6.39255e-09 3.04832e-10
3.315 -6.5919e-09 3.15248e-10
3.32 -6.79711e-09 3.26001e-10
3.325 -7.00832e-09 3.37101e-10
3.33 -7.22572e-09 3.48559e-10
3.335 -7.44947e-09 3.60386e-10
3.34 -7.67973e-09 3.72592e-10
3.345 -7.9167e-09 3.8519e-10
3.35 -8.16056e-09 3.9819e-10
3.355 -8.41148e-09 4.11606e-10
3.36 -8.66967e-09 4.2545e-10
3.365 -8.93531e-09 4.39735e-10
3.37 -9.20862e-09 4.54473e-10
3.375 -9.4898e-09 4.69679e-10
3.38 -9.77906e-09 4.85367e-10
3.385 -1.00766e-08 5.0155e-10
3.39 -1.03827e-08 5.18244e-10
3.395 -1.06975e-08 5.35463e-10
3.4 -1.10213e-08 5.53224e-10
3.405 -1.13544e-08 5.71543e-10
3.41 -1.16969e-08 5.90435e-10
3.415 -1.20491e-08 6.09918e-10
3.42 -1.24114e-08 6.3001e-10
3.425 -1.27838e-08 6.50727e-10
3.43 -1.31668e-08 6.7209e-10
3.435 -1.35606e-08 6.94115e-10
3.44 -1.39655e-08 7.16824e-10
3.445 -1.43817e-08 7.40235e-10
3.45 -1.48096e-08 7.6437e-10
3.455 -1.52495e-08 7.89249e-10
3.46 -1.57017e-08 8.14894e-10
3.465 -1.61665e-08 8.41327e-10
3.47 -1.66443e-08 8.68571e-10
3.475 -1.71353e-08 8.9665e-10
3.48 -1.764e-08 9.25587e-10
3.485 -1.81587e-08 9.55408e-10
3.49 -1.86917e-08 9.86137e-10
3.495 -1.92394e-08 1.0178e-09
3.5 -1.98022e-08 1.05043e-09
3.505 -2.03805e-08 1.08404e-09
3.51 -2.09747e-08 1.11867e-09
3.515 -2.15852e-08 1.15435e-09
3.52 -2.22125e-08 1.1911e-09
3.525 -2.28568e-08 1.22896e-09
3.53 -2.35188e-08 1.26796e-09
3.535 -2.41988e-08 1.30813e-09
3.54 -2.48973e-08 1.3495e-09
3.545 -2.56147e-08 1.39211e-09
3.55 -2.63516e-08 1.43599e-09
3.555 -2.71084e-08 1.48118e-09
3.56 -2.78857e-08 1.52772e-09
3.565 -2.86839e-08 1.57563e-09
3.57 -2.95037e-08 1.62497e-09
3.575 -3.03454e-08 1.67576e-09
3.58 -3.12098e-08 1.72806e-09
3.585 -3.20973e-08 1.7819e-09
3.59 -3.30086e-08 1.83733e-09
3.595 -3.39441e-08 1.89438e-09
3.6 -3.49047e-08 1.95311e-09
3.605 -3.58907e-08 2.01356e-09
3.61 -3.6903e-08 2.07578e-09
3.615 -3.79422e-08 2.13982e-09
3.62 -3.90088e-08 2.20572e-09
3.625 -4.01037e-08 2.27354e-09
3.63 -4.12274e-08 2.34333e-09
3.635 -4.23808e-08 2.41515e-09
3.64 -4.35645e-08 2.48905e-09
3.645 -4.47793e-08 2.56508e-09
3.65 -4.60259e-08 2.64331e-09
3.655 -4.73052e-08 2.72379e-09
3.66 -4.86179e-08 2.80658e-09
3.665 -4.99649e-08 2.89176e-09
3.67 -5.13469e-08 2.97938e-09
3.675 -5.27649e-08 3.0695e-09
3.68 -5.42197e-08 3.1622e-09
3.685 -5.57123e-08 3.25755e-09
3.69 -5.72434e-08 3.35561e-09
3.695 -5.88142e-08 3.45646e-09
3.7 -6.04254e-08 3.56017e-09
3.705 -6.20782e-08 3.66682e-09
3.71 -6.37734e-08 3.77649e-09
3.715 -6.55122e-08 3.88926e-09
3.72 -6.72956e-08 4.00521e-09
3.725 -6.91246e-08 4.12443e-09
3.73 -7.10003e-08 4.24699e-09
3.735 -7.29238e-08 4.37299e-09
3.74 -7.48964e-08 4.50253e-09
3.745 -7.69191e-08 4.63569e-09
3.75 -7.89932e-08 4.77256e-09
3.755 -8.11199e-08 4.91326e-09
3.76 -8.33003e-08 5.05786e-09
3.765 -8.55359e-08 5.20649e-09
3.77 -8.78279e-08 5.35924e-09
3.775 -9.01775e-08 5.51622e-09
3.78 -9.25863e-08 5.67755e-09
3.785 -9.50556e-08 5.84333e-09
3.79 -9.75867e-08 6.01367e-09
3.795 -1.00181e-07 6.18871e-09
3.8 -1.02841e-07 6.36855e-09
3.805 -1.05566e-07 6.55333e-09
3.81 -1.0836e-07 6.74316e-09
3.815 -1.11223e-07 6.93819e-09
3.82 -1.14157e-07 7.13854e-09
3.825 -1.17164e-07 7.34435e-09
3.83 -1.20245e-07 7.55577e-09
3.835 -1.23403e-07 7.77292e-09
3.84 -1.26638e-07 7.99596e-09
3.845 -1.29954e-07 8.22505e-09
3.85 -1.3335e-07 8.46032e-09
3.855 -1.36831e-07 8.70195e-09
3.86 -1.40396e-07 8.95008e-09
3.865 -1.44049e-07 9.2049e-09
3.87 -1.47791e-07 9.46655e-09
3.875 -1.51625e-07 9.73523e-09
3.88 -1.55552e-07 1.00111e-08
3.885 -1.59574e-07 1.02943e-08
3.89 -1.63695e-07 1.05851e-08
3.895 -1.67915e-07 1.08837e-08
3.9 -1.72237e-07 1.11902e-08
3.905 -1.76664e-07 1.15048e-08
3.91 -1.81198e-07 1.18278e-08
3.915 -1.85842e-07 1.21593e-08
3.92 -1.90597e-07 1.24996e-08
3.925 -1.95466e-07 1.28489e-08
3.93 -2.00453e-07 1.32073e-08
3.935 -2.05559e-07 1.35752e-08
3.94 -2.10787e-07 1.39528e-08
3.945 -2.1614e-07 1.43403e-08
3.95 -2.2162e-07 1.47379e-08
3.955 -2.27232e-07 1.51459e-08
3.96 -2.32977e-07 1.55645e-08
3.965 -2.38858e-07 1.59941e-08
3.97 -2.44878e-07 1.64348e-08
3.975 -2.51042e-07 1.6887e-08
3.98 -2.57351e-07 1.73509e-08
3.985 -2.63809e-07 1.78269e-08
3.99 -2.70419e-07 1.83151e-08
3.995 -2.77185e-07 1.88159e-08
4 -2.8411e-07 1.93296e-08
4.005 -2.91197e-07 1.98566e-08
4.01 -2.98451e-07 2.03971e-08
4.015 -3.05874e-07 2.09514e-08
4.02 -3.1347e-07 2.152e-08
4.025 -3.21244e-07 2.2103e-08
4.03 -3.29199e-07 2.2701e-08
4.035 -3.37339e-07 2.33142e-08
4.04 -3.45668e-07 2.3943e-08
4.045 -3.54191e-07 2.45878e-08
4.05 -3.6291e-07 2.52489e-08
4.055 -3.71831e-07 2.59268e-08
4.06 -3.80959e-07 2.66218e-08
4.065 -3.90296e-07 2.73343e-08
4.07 -3.99849e-07 2.80649e-08
4.075 -4.09621e-07 2.88138e-08
4.08 -4.19617e-07 2.95815e-08
4.085 -4.29843e-07 3.03685e-08
4.09 -4.40303e-07 3.11752e-08
4.095 -4.51001e-07 3.2002e-08
4.1 -4.61944e-07 3.28496e-08
4.105 -4.73137e-07 3.37182e-08
4.11 -4.84583e-07 3.46085e-08
4.115 -4.9629e-07 3.55209e-08
4.12 -5.08263e-07 3.64559e-08
4.125 -5.20507e-07 3.74141e-08
4.13 -5.33027e-07 3.8396e-08
4.135 -5.45831e-07 3.94021e-08
4.14 -5.58923e-07 4.04331e-08
4.145 -5.72311e-07 4.14894e-08
4.15 -5.85999e-07 4.25717e-08
4.155 -5.99995e-07 4.36806e-08
4.16 -6.14305e-07 4.48166e-08
4.165 -6.28935e-07 4.59805e-08
4.17 -6.43892e-07 4.71727e-08
4.175 -6.59183e-07 4.83941e-08
4.18 -6.74815e-07 4.96452e-08
4.185 -6.90796e-07 5.09267e-08
4.19 -7.07131e-07 5.22393e-08
4.195 -7.2383e-07 5.35837e-08
4.2 -7.40898e-07 5.49607e-08
4.205 -7.58345e-07 5.63709e-08
4.21 -7.76177e-07 5.78152e-08
4.215 -7.94402e-07 5.92942e-08
4.22 -8.1303e-07 6.08089e-08
4.225 -8.32067e-07 6.23599e-08
4.23 -8.51523e-07 6.3948e-08
4.235 -8.71406e-07 6.55742e-08
4.24 -8.91725e-07 6.72393e-08
4.245 -9.12489e-07 6.89441e-08
4.25 -9.33707e-07 7.06895e-08
4.255 -9.55387e-07 7.24764e-08
4.26 -9.7754e-07 7.43058e-08
4.265 -1.00018e-06 7.61786e-08
4.27 -1.0233e-06 7.80957e-08
4.275 -1.04693e-06 8.00582e-08
4.28 -1.07107e-06 8.20669e-08
4.285 -1.09574e-06 8.41231e-08
4.29 -1.12093e-06 8.62276e-08
4.295 -1.14667e-06 8.83815e-08
4.3 -1.17297e-06 9.0586e-08
4.305 -1.19983e-06 9.28421e-08
4.31 -1.22727e-06 9.5151e-08
4.315 -1.2553e-06 9.75138e-08
4.32 -1.28393e-06 9.99316e-08
4.325 -1.31317e-06 1.02406e-07
4.33 -1.34303e-06 1.04937e-07
4.335 -1.37354e-06 1.07528e-07
4.34 -1.40469e-06 1.10178e-07
4.345 -1.43651e-06 1.1289e-07
4.35 -1.469e-06 1.15665e-07
4.355 -1.50218e-06 1.18503e-07
4.36 -1.53607e-06 1.21407e-07
4.365 -1.57067e-06 1.24377e-07
4.37 -1.606e-06 1.27416e-07
4.375 -1.64208e-06 1.30524e-07
4.38 -1.67892e-06 1.33704e-07
4.385 -1.71654e-06 1.36956e-07
4.39 -1.75494e-06 1.40282e-07
4.395 -1.79416e-06 1.43684e-07
4.4 -1.83419e-06 1.47164e-07
4.405 -1.87506e-06 1.50722e-07
4.41 -1.91679e-06 1.54362e-07
4.415 -1.95939e-06 1.58083e-07
4.42 -2.00287e-06 1.61889e-07
4.425 -2.04726e-06 1.65781e-07
4.43 -2.09258e-06 1.6976e-07
4.435 -2.13883e-06 1.73829e-07
4.44 -2.18604e-06 1.77989e-07
4.445 -2.23423e-06 1.82242e-07
4.45 -2.28342e-06 1.86591e-07
4.455 -2.33362e-06 1.91037e-07
4.46 -2.38486e-06 1.95583e-07
4.465 -2.43716e-06 2.00229e-07
4.47 -2.49052e-06 2.04979e-07
4.475 -2.54499e-06 2.09835e-07
4.48 -2.60057e-06 2.14799e-07
4.485 -2.65729e-06 2.19872e-07
4.49 -2.71517e-06 2.25058e-07
4.495 -2.77423e-06 2.30358e-07
4.5 -2.83449e-06 2.35775e-07
4.505 -2.89599e-06 2.41311e-07
4.51 -2.95873e-06 2.46969e-07
4.515 -3.02275e-06 2.52751e-07
4.52 -3.08807e-06 2.5866e-07
4.525 -3.15471e-06 2.64698e-07
4.53 -3.2227e-06 2.70869e-07
4.535 -3.29206e-06 2.77173e-07
4.54 -3.36282e-06 2.83616e-07
4.545 -3.43501e-06 2.90198e-07
4.55 -3.50865e-06 2.96923e-07
4.555 -3.58377e-06 3.03794e-07
4.56 -3.6604e-06 3.10814e-07
4.565 -3.73856e-06 3.17985e-07
4.57 -3.81829e-06 3.25312e-07
4.575 -3.89961e-06 3.32796e-07
4.58 -3.98255e-06 3.40441e-07
4.585 -4.06715e-06 3.48251e-07
4.59 -4.15343e-06 3.56228e-07
4.595 -4.24143e-06 3.64375e-07
4.6 -4.33117e-06 3.72697e-07
4.605 -4.42269e-06 3.81197e-07
4.61 -4.51603e-06 3.89878e-07
4.615 -4.61121e-06 3.98744e-07
4.62 -4.70827e-06 4.07798e-07
4.625 -4.80725e-06 4.17044e-07
4.63 -4.90817e-06 4.26487e-07
4.635 -5.01108e-06 4.36129e-07
4.64 -5.11601e-06 4.45974e-07
4.645 -5.223e-06 4.56028e-07
4.65 -5.33208e-06 4.66293e-07
4.655 -5.4433e-06 4.76773e-07
4.66 -5.55669e-06 4.87474e-07
4.665 -5.6723e-06 4.984e-07
4.67 -5.79015e-06 5.09553e-07
4.675 -5.9103e-06 5.2094e-07
4.68 -6.03279e-06 5.32565e-07
4.685 -6.15765e-06 5.44432e-07
4.69 -6.28493e-06 5.56545e-07
4.695 -6.41468e-06 5.6891e-07
4.7 -6.54694e-06 5.81532e-07
4.705 -6.68174e-06 5.94415e-07
4.71 -6.81915e-06 6.07564e-07
4.715 -6.95921e-06 6.20985e-07
4.72 -7.10195e-06 6.34682e-07
4.725 -7.24744e-06 6.48661e-07
4.73 -7.39572e-06 6.62928e-07
4.735 -7.54684e-06 6.77487e-07
4.74 -7.70085e-06 6.92344e-07
4.745 -7.8578e-06 7.07505e-07
4.75 -8.01774e-06 7.22976e-07
4.755 -8.18074e-06 7.38763e-07
4.76 -8.34683e-06 7.5487e-07
4.765 -8.51608e-06 7.71305e-07
4.77 -8.68854e-06 7.88074e-07
4.775 -8.86427e-06 8.05183e-07
4.78 -9.04333e-06 8.22638e-07
4.785 -9.22577e-06 8.40445e-07
4.79 -9.41166e-06 8.58612e-07
4.795 -9.60105e-06 8.77145e-07
4.8 -9.79401e-06 8.9605e-07
4.805 -9.9906e-06 9.15335e-07
4.81 -1.01909e-05 9.35007e-07
4.815 -1.03949e-05 9.55072e-07
4.82 -1.06028e-05 9.75539e-07
4.825 -1.08145e-05 9.96414e-07
4.83 -1.10302e-05 1.01771e-06
4.835 -1.12499e-05 1.03942e-06
4.84 -1.14737e-05 1.06157e-06
4.845 -1.17017e-05 1.08415e-06
4.85 -1.19339e-05 1.10718e-06
4.855 -1.21705e-05 1.13067e-06
4.86 -1.24114e-05 1.15462e-06
4.865 -1.26568e-05 1.17905e-06
4.87 -1.29067e-05 1.20395e-06
4.875 -1.31612e-05 1.22935e-06
4.88 -1.34204e-05 1.25524e-06
4.885 -1.36844e-05 1.28164e-06
4.89 -1.39532e-05 1.30856e-06
4.895 -1.4227e-05 1.336e-06
4.9 -1.45058e-05 1.36398e-06
4.905 -1.47897e-05 1.3925e-06
4.91 -1.50788e-05 1.42158e-06
4.915 -1.53732e-05 1.45123e-06
4.92 -1.5673e-05 1.48144e-06
4.925 -1.59782e-05 1.51224e-06
4.93 -1.6289e-05 1.54364e-06
4.935 -1.66054e-05 1.57565e-06
4.94 -1.69276e-05 1.60827e-06
4.945 -1.72556e-05 1.64151e-06
4.95 -1.75896e-05 1.6754e-06
4.955 -1.79295e-05 1.70994e-06
4.96 -1.82757e-05 1.74514e-06
4.965 -1.86281e-05 1.78101e-06
4.97 -1.89868e-05 1.81756e-06
4.975 -1.93519e-05 1.85482e-06
4.98 -1.97237e-05 1.89278e-06
4.985 -2.01021e-05 1.93146e-06
4.99 -2.04873e-05 1.97088e-06
4.995 -2.08793e-05 2.01105e-06
5 -2.12784e-05 2.05197e-06
5.005 -2.16846e-05 2.09367e-06
5.01 -2.20981e-05 2.13615e-06
5.015 -2.25189e-05 2.17944e-06
5.02 -2.29472e-05 2.22354e-06
5.025 -2.33831e-05 2.26847e-06
5.03 -2.38267e-05 2.31424e-06
5.035 -2.42782e-05 2.36086e-06
5.04 -2.47376e-05 2.40836e-06
5.045 -2.52052e-05 2.45675e-06
5.05 -2.5681e-05 2.50603e-06
5.055 -2.61653e-05 2.55624e-06
5.06 -2.6658e-05 2.60737e-06
5.065 -2.71594e-05 2.65946e-06
5.07 -2.76696e-05 2.71251e-06
5.075 -2.81887e-05 2.76654e-06
5.08 -2.87169e-05 2.82157e-06
5.085 -2.92544e-05 2.87761e-06
5.09 -2.98012e-05 2.93469e-06
5.095 -3.03576e-05 2.99281e-06
5.1 -3.09237e-05 3.052e-06
5.105 -3.14996e-05 3.11228e-06
5.11 -3.20855e-05 3.17366e-06
5.115 -3.26816e-05 3.23616e-06
5.12 -3.3288e-05 3.2998e-06
5.125 -3.39049e-05 3.3646e-06
5.13 -3.45325e-05 3.43058e-06
5.135 -3.51709e-05 3.49776e-06
5.14 -3.58203e-05 3.56616e-06
5.145 -3.64809e-05 3.63579e-06
5.15 -3.71528e-05 3.70669e-06
5.155 -3.78363e-05 3.77886e-06
5.16 -3.85315e-05 3.85233e-06
5.165 -3.92386e-05 3.92713e-06
5.17 -3.99578e-05 4.00327e-06
5.175 -4.06892e-05 4.08078e-06
5.18 -4.14332e-05 4.15968e-06
5.185 -4.21898e-05 4.23999e-06
5.19 -4.29593e-05 4.32173e-06
5.195 -4.37419e-05 4.40493e-06
5.2 -4.45378e-05 4.48961e-06
5.205 -4.53471e-05 4.5758e-06
5.21 -4.61702e-05 4.66352e-06
5.215 -4.70071e-05 4.7528e-06
5.22 -4.78582e-05 4.84365e-06
5.225 -4.87237e-05 4.93611e-06
5.23 -4.96037e-05 5.03021e-06
5.235 -5.04985e-05 5.12596e-06
5.24 -5.14083e-05 5.22339e-06
5.245 -5.23335e-05 5.32254e-06
5.25 -5.32741e-05 5.42343e-06
5.255 -5.42304e-05 5.52609e-06
5.26 -5.52027e-05 5.63054e-06
5.265 -5.61913e-05 5.73681e-06
5.27 -5.71963e-05 5.84494e-06
5.275 -5.82181e-05 5.95495e-06
5.28 -5.92569e-05 6.06688e-06
5.285 -6.03128e-05 6.18074e-06
5.29 -6.13864e-05 6.29659e-06
5.295 -6.24776e-05 6.41443e-06
5.3 -6.3587e-05 6.53432e-06
5.305 -6.47146e-05 6.65627e-06
5.31 -6.58609e-05 6.78032e-06
5.315 -6.7026e-05 6.90651e-06
5.32 -6.82103e-05 7.03487e-06
5.325 -6.94141e-05 7.16542e-06
5.33 -7.06376e-05 7.29822e-06
5.335 -7.18812e-05 7.43328e-06
5.34 -7.31452e-05 7.57066e-06
5.345 -7.44298e-05 7.71037e-06
5.35 -7.57353e-05 7.85246e-06
5.355 -7.70622e-05 7.99697e-06
5.36 -7.84107e-05 8.14394e-06
5.365 -7.97811e-05 8.29339e-06
5.37 -8.11737e-05 8.44537e-06
5.375 -8.2589e-05 8.59993e-06
5.38 -8.40271e-05 8.75709e-06
5.385 -8.54886e-05 8.91689e-06
5.39 -8.69736e-05 9.07939e-06
5.395 -8.84827e-05 9.24462e-06
5.4 -9.0016e-05 9.41262e-06
5.405 -9.1574e-05 9.58343e-06
5.41 -9.31571e-05 9.7571e-06
5.415 -9.47656e-05 9.93367e-06
5.42 -9.63999e-05 1.01132e-05
5.425 -9.80603e-05 1.02957e-05
5.43 -9.97473e-05 1.04812e-05
5.435 -0.000101461 1.06698e-05
5.44 -0.000103203 1.08616e-05
5.445 -0.000104972 1.10565e-05
5.45 -0.000106769 1.12546e-05
5.455 -0.000108594 1.14561e-05
5.46 -0.000110449 1.16608e-05
5.465 -0.000112333 1.18689e-05
5.47 -0.000114247 1.20804e-05
5.475 -0.000116191 1.22954e-05
5.48 -0.000118166 1.25139e-05
5.485 -0.000120172 1.2736e-05
5.49 -0.00012221 1.29617e-05
5.495 -0.000124279 1.31911e-05
5.5 -0.000126382 1.34242e-05
5.505 -0.000128517 1.36611e-05
5.51 -0.000130685 1.39019e-05
5.515 -0.000132888 1.41465e-05
5.52 -0.000135125 1.43952e-05
5.525 -0.000137396 1.46478e-05
5.53 -0.000139704 1.49045e-05
5.535 -0.000142047 1.51654e-05
5.54 -0.000144426 1.54305e-05
5.545 -0.000146843 1.56998e-05
5.55 -0.000149297 1.59734e-05
5.555 -0.000151788 1.62514e-05
5.56 -0.000154319 1.65339e-05
5.565 -0.000156888 1.68209e-05
5.57 -0.000159498 1.71125e-05
5.575 -0.000162147 1.74087e-05
5.58 -0.000164837 1.77096e-05
5.585 -0.000167568 1.80153e-05
5.59 -0.000170342 1.83258e-05
5.595 -0.000173158 1.86413e-05
5.6 -0.000176017 1.89617e-05
5.605 -0.000178919 1.92873e-05
5.61 -0.000181866 1.96179e-05
5.615 -0.000184858 1.99537e-05
5.62 -0.000187895 2.02949e-05
5.625 -0.000190979 2.06413e-05
5.63 -0.000194109 2.09932e-05
5.635 -0.000197287 2.13507e-05
5.64 -0.000200513 2.17137e-05
5.645 -0.000203788 2.20823e-05
5.65 -0.000207112 2.24567e-05
5.655 -0.000210486 2.28369e-05
5.66 -0.000213912 2.32231e-05
5.665 -0.000217388 2.36152e-05
5.67 -0.000220917 2.40134e-05
5.675 -0.000224499 2.44178e-05
5.68 -0.000228135 2.48284e-05
5.685 -0.000231825 2.52453e-05
5.69 -0.00023557 2.56687e-05
5.695 -0.000239372 2.60985e-05
5.7 -0.000243229 2.6535e-05
5.705 -0.000247145 2.69782e-05
5.71 -0.000251118 2.74281e-05
5.715 -0.000255151 2.78849e-05
5.72 -0.000259243 2.83487e-05
5.725 -0.000263396 2.88196e-05
5.73 -0.00026761 2.92976e-05
5.735 -0.000271887 2.97829e-05
5.74 -0.000276226 3.02755e-05
5.745 -0.00028063 3.07757e-05
5.75 -0.000285099 3.12833e-05
5.755 -0.000289633 3.17987e-05
5.76 -0.000294233 3.23218e-05
5.765 -0.000298902 3.28528e-05
5.77 -0.000303638 3.33918e-05
5.775 -0.000308444 3.39389e-05
5.78 -0.00031332 3.44942e-05
5.785 -0.000318267 3.50579e-05
5.79 -0.000323286 3.56299e-05
5.795 -0.000328378 3.62105e-05
5.8 -0.000333544 3.67997e-05
5.805 -0.000338785 3.73978e-05
5.81 -0.000344101 3.80047e-05
5.815 -0.000349495 3.86206e-05
5.82 -0.000354967 3.92457e-05
5.825 -0.000360517 3.988e-05
5.83 -0.000366148 4.05236e-05
5.835 -0.00037186 4.11768e-05
5.84 -0.000377653 4.18396e-05
5.845 -0.00038353 4.25122e-05
5.85 -0.000389491 4.31946e-05
5.855 -0.000395538 4.38871e-05
5.86 -0.000401671 4.45897e-05
5.865 -0.000407891 4.53026e-05
5.87 -0.000414201 4.60259e-05
5.875 -0.0004206 4.67598e-05
5.88 -0.00042709 4.75043e-05
5.885 -0.000433672 4.82597e-05
5.89 -0.000440348 4.9026e-05
5.895 -0.000447118 4.98035e-05
5.9 -0.000453984 5.05922e-05
5.905 -0.000460947 5.13924e-05
5.91 -0.000468008 5.2204e-05
5.915 -0.000475168 5.30274e-05
5.92 -0.00048243 5.38627e-05
5.925 -0.000489793 5.47099e-05
5.93 -0.00049726 5.55694e-05
5.935 -0.000504832 5.64411e-05
5.94 -0.000512509 5.73253e-05
5.945 -0.000520294 5.82222e-05
5.95 -0.000528188 5.91319e-05
5.955 -0.000536191 6.00545e-05
5.96 -0.000544306 6.09903e-05
5.965 -0.000552534 6.19393e-05
5.97 -0.000560876 6.29018e-05
5.975 -0.000569334 6.3878e-05
5.98 -0.000577909 6.4868e-05
5.985 -0.000586603 6.5872e-05
5.99 -0.000595416 6.68901e-05
5.995 -0.000604351 6.79226e-05
6 -0.00061341 6.89696e-05
6.005 -0.000622593 7.00313e-05
6.01 -0.000631902 7.1108e-05
6.015 -0.000641339 7.21997e-05
6.02 -0.000650905 7.33066e-05
6.025 -0.000660602 7.4429e-05
6.03 -0.000670432 7.55671e-05
6.035 -0.000680396 7.67211e-05
6.04 -0.000690495 7.7891e-05
6.045 -0.000700733 7.90773e-05
6.05 -0.000711109 8.02799e-05
6.055 -0.000721626 8.14993e-05
6.06 -0.000732286 8.27355e-05
6.065 -0.00074309 8.39887e-05
6.07 -0.00075404 8.52592e-05
6.075 -0.000765138 8.65473e-05
6.08 -0.000776386 8.7853e-05
6.085 -0.000787785 8.91766e-05
6.09 -0.000799338 9.05184e-05
6.095 -0.000811046 9.18786e-05
6.1 -0.000822911 9.32573e-05
6.105 -0.000834934 9.46549e-05
6.11 -0.000847119 9.60715e-05
6.115 -0.000859466 9.75074e-05
6.12 -0.000871978 9.89628e-05
6.125 -0.000884657 0.000100438
6.13 -0.000897505 0.000101933
6.135 -0.000910523 0.000103448
6.14 -0.000923714 0.000104984
6.145 -0.00093708 0.000106541
6.15 -0.000950623 0.000108118
6.155 -0.000964344 0.000109717
6.16 -0.000978247 0.000111337
6.165 -0.000992333 0.000112979
6.17 -0.0010066 0.000114643
6.175 -0.00102106 0.000116329
6.18 -0.00103571 0.000118038
6.185 -0.00105055 0.000119769
6.19 -0.00106559 0.000121524
6.195 -0.00108082 0.000123302
6.2 -0.00109625 0.000125103
6.205 -0.00111188 0.000126929
6.21 -0.00112772 0.000128778
6.215 -0.00114376 0.000130652
6.22 -0.00116001 0.000132551
6.225 -0.00117647 0.000134474
6.23 -0.00119315 0.000136424
6.235 -0.00121004 0.000138398
6.24 -0.00122714 0.000140399
6.245 -0.00124447 0.000142425
6.25 -0.00126202 0.000144479
6.255 -0.0012798 0.000146559
6.26 -0.00129781 0.000148666
6.265 -0.00131604 0.000150801
6.27 -0.00133451 0.000152963
6.275 -0.00135322 0.000155154
6.28 -0.00137217 0.000157373
6.285 -0.00139135 0.000159621
6.29 -0.00141079 0.000161898
6.295 -0.00143046 0.000164204
6.3 -0.00145039 0.00016654
6.305 -0.00147058 0.000168906
6.31 -0.00149101 0.000171302
6.315 -0.00151171 0.000173729
6.32 -0.00153267 0.000176188
6.325 -0.00155389 0.000178678
6.33 -0.00157538 0.000181199
6.335 -0.00159714 0.000183753
6.34 -0.00161918 0.00018634
6.345 -0.00164149 0.000188959
6.35 -0.00166408 0.000191612
6.355 -0.00168695 0.000194298
6.36 -0.00171011 0.000197018
6.365 -0.00173356 0.000199773
6.37 -0.0017573 0.000202563
6.375 -0.00178134 0.000205387
6.38 -0.00180567 0.000208248
6.385 -0.00183031 0.000211144
6.39 -0.00185525 0.000214077
6.395 -0.0018805 0.000217046
6.4 -0.00190606 0.000220053
6.405 -0.00193194 0.000223097
6.41 -0.00195814 0.00022618
6.415 -0.00198466 0.000229301
6.42 -0.00201151 0.00023246
6.425 -0.00203868 0.000235659
6.43 -0.00206619 0.000238898
6.435 -0.00209404 0.000242177
6.44 -0.00212223 0.000245496
6.445 -0.00215076 0.000248857
6.45 -0.00217964 0.000252259
6.455 -0.00220887 0.000255702
6.46 -0.00223845 0.000259189
6.465 -0.0022684 0.000262718
6.47 -0.00229871 0.00026629
6.475 -0.00232938 0.000269907
6.48 -0.00236043 0.000273567
6.485 -0.00239185 0.000277272
6.49 -0.00242365 0.000281023
6.495 -0.00245583 0.000284819
6.5 -0.0024884 0.000288661
6.505 -0.00252136 0.00029255
6.51 -0.00255472 0.000296486
6.515 -0.00258847 0.00030047
6.52 -0.00262263 0.000304502
6.525 -0.0026572 0.000308582
6.53 -0.00269218 0.000312712
6.535 -0.00272758 0.000316892
6.54 -0.00276339 0.000321122
6.545 -0.00279963 0.000325402
6.55 -0.00283631 0.000329734
6.555 -0.00287341 0.000334118
6.56 -0.00291096 0.000338554
6.565 -0.00294894 0.000343044
6.57 -0.00298738 0.000347586
6.575 -0.00302627 0.000352183
6.58 -0.00306561 0.000356834
6.585 -0.00310542 0.000361541
6.59 -0.0031457 0.000366303
6.595 -0.00318644 0.000371122
6.6 -0.00322766 0.000375997
6.605 -0.00326937 0.00038093
6.61 -0.00331156 0.000385921
6.615 -0.00335424 0.000390971
6.62 -0.00339741 0.00039608
6.625 -0.00344109 0.000401249
6.63 -0.00348528 0.000406479
6.635 -0.00352997 0.000411769
6.64 -0.00357518 0.000417122
6.645 -0.00362092 0.000422537
6.65 -0.00366718 0.000428015
6.655 -0.00371397 0.000433556
6.66 -0.00376131 0.000439162
6.665 -0.00380918 0.000444833
6.67 -0.0038576 0.000450569
6.675 -0.00390658 0.000456372
6.68 -0.00395612 0.000462241
6.685 -0.00400622 0.000468179
6.69 -0.00405689 0.000474184
6.695 -0.00410815 0.000480259
6.7 -0.00415998 0.000486403
6.705 -0.0042124 0.000492617
6.71 -0.00426541 0.000498903
6.715 -0.00431903 0.00050526
6.72 -0.00437325 0.00051169
6.725 -0.00442808 0.000518193
6.73 -0.00448353 0.000524769
6.735 -0.0045396 0.000531421
6.74 -0.0045963 0.000538148
6.745 -0.00465364 0.000544951
6.75 -0.00471162 0.00055183
6.755 -0.00477025 0.000558788
6.76 -0.00482954 0.000565823
6.765 -0.00488948 0.000572938
6.77 -0.0049501 0.000580133
6.775 -0.00501138 0.000587408
6.78 -0.00507335 0.000594765
6.785 -0.005136 0.000602204
6.79 -0.00519935 0.000609727
6.795 -0.0052634 0.000617333
6.8 -0.00532815 0.000625023
6.805 -0.00539362 0.000632799
6.81 -0.00545981 0.000640662
6.815 -0.00552673 0.000648611
6.82 -0.00559438 0.000656648
6.825 -0.00566277 0.000664775
6.83 -0.00573191 0.00067299
6.835 -0.00580181 0.000681297
6.84 -0.00587247 0.000689694
6.845 -0.0059439 0.000698184
6.85 -0.0060161 0.000706767
6.855 -0.00608909 0.000715444
6.86 -0.00616287 0.000724215
6.865 -0.00623745 0.000733082
6.87 -0.00631284 0.000742046
6.875 -0.00638904 0.000751108
6.88 -0.00646607 0.000760268
6.885 -0.00654392 0.000769527
6.89 -0.00662261 0.000778886
6.895 -0.00670214 0.000788347
6.9 -0.00678252 0.00079791
6.905 -0.00686377 0.000807576
6.91 -0.00694589 0.000817345
6.915 -0.00702888 0.00082722
6.92 -0.00711275 0.000837201
6.925 -0.00719752 0.000847289
6.93 -0.00728319 0.000857485
6.935 -0.00736976 0.000867789
6.94 -0.00745726 0.000878204
6.945 -0.00754567 0.000888729
6.95 -0.00763503 0.000899366
6.955 -0.00772532 0.000910117
6.96 -0.00781657 0.000920981
6.965 -0.00790877 0.00093196
6.97 -0.00800194 0.000943055
6.975 -0.00809609 0.000954267
6.98 -0.00819123 0.000965598
6.985 -0.00828736 0.000977047
6.99 -0.00838449 0.000988617
6.995 -0.00848263 0.00100031
7 -0.00858179 0.00101212
7.005 -0.00868199 0.00102406
7.01 -0.00878322 0.00103612
7.015 -0.0088855 0.00104831
7.02 -0.00898884 0.00106062
7.025 -0.00909325 0.00107306
7.03 -0.00919873 0.00108563
7.035 -0.0093053 0.00109834
7.04 -0.00941296 0.00111117
7.045 -0.00952173 0.00112413
7.05 -0.00963161 0.00113723
7.055 -0.00974262 0.00115046
7.06 -0.00985476 0.00116383
7.065 -0.00996804 0.00117734
7.07 -0.0100825 0.00119099
7.075 -0.0101981 0.00120477
7.08 -0.0103149 0.0012187
7.085 -0.0104328 0.00123276
7.09 -0.010552 0.00124697
7.095 -0.0106723 0.00126133
7.1 -0.0107939 0.00127583
7.105 -0.0109167 0.00129048
7.11 -0.0110407 0.00130527
7.115 -0.011166 0.00132022
7.12 -0.0112925 0.00133531
7.125 -0.0114203 0.00135056
7.13 -0.0115494 0.00136596
7.135 -0.0116798 0.00138152
7.14 -0.0118114 0.00139723
7.145 -0.0119444 0.0014131
7.15 -0.0120787 0.00142912
7.155 -0.0122143 0.00144531
7.16 -0.0123513 0.00146166
7.165 -0.0124896 0.00147817
7.17 -0.0126293 0.00149484
7.175 -0.0127704 0.00151168
7.18 -0.0129128 0.00152869
7.185 -0.0130567 0.00154586
7.19 -0.013202 0.00156321
7.195 -0.0133487 0.00158072
7.2 -0.0134968 0.00159841
7.205 -0.0136464 0.00161627
7.21 -0.0137974 0.0016343
7.215 -0.0139499 0.00165252
7.22 -0.0141039 0.0016709
7.225 -0.0142593 0.00168947
7.23 -0.0144163 0.00170822
7.235 -0.0145748 0.00172715
7.24 -0.0147349 0.00174627
7.245 -0.0148964 0.00176557
7.25 -0.0150596 0.00178506
7.255 -0.0152243 0.00180473
7.26 -0.0153905 0.0018246
7.265 -0.0155584 0.00184466
7.27 -0.0157279 0.00186491
7.275 -0.015899 0.00188535
7.28 -0.0160717 0.00190599
7.285 -0.0162461 0.00192683
7.29 -0.0164221 0.00194786
7.295 -0.0165998 0.0019691
7.3 -0.0167792 0.00199054
7.305 -0.0169603 0.00201218
7.31 -0.0171431 0.00203403
7.315 -0.0173276 0.00205608
7.32 -0.0175138 0.00207834
7.325 -0.0177018 0.00210082
7.33 -0.0178916 0.0021235
7.335 -0.0180832 0.0021464
7.34 -0.0182765 0.00216951
7.345 -0.0184716 0.00219284
7.35 -0.0186686 0.00221639
7.355 -0.0188674 0.00224016
7.36 -0.019068 0.00226415
7.365 -0.0192705 0.00228836
7.37 -0.0194749 0.0023128
7.375 -0.0196812 0.00233747
7.38 -0.0198893 0.00236236
7.385 -0.0200994 0.00238749
7.39 -0.0203114 0.00241284
7.395 -0.0205254 0.00243843
7.4 -0.0207413 0.00246426
7.405 -0.0209592 0.00249032
7.41 -0.0211791 0.00251663
7.415 -0.021401 0.00254317
7.42 -0.021625 0.00256996
7.425 -0.0218509 0.00259699
7.43 -0.0220789 0.00262427
7.435 -0.022309 0.00265179
7.44 -0.0225412 0.00267957
7.445 -0.0227755 0.00270759
7.45 -0.0230118 0.00273588
7.455 -0.0232503 0.00276441
7.46 -0.023491 0.00279321
7.465 -0.0237338 0.00282226
7.47 -0.0239788 0.00285158
7.475 -0.0242259 0.00288115
7.48 -0.0244753 0.002911
7.485 -0.0247269 0.00294111
7.49 -0.0249807 0.00297149
7.495 -0.0252368 0.00300214
7.5 -0.0254952 0.00303306
7.505 -0.0257559 0.00306426
7.51 -0.0260188 0.00309573
7.515 -0.0262841 0.00312748
7.52 -0.0265517 0.00315952
7.525 -0.0268217 0.00319183
7.53 -0.027094 0.00322443
7.535 -0.0273687 0.00325732
7.54 -0.0276458 0.0032905
7.545 -0.0279254 0.00332397
7.55 -0.0282074 0.00335772
7.555 -0.0284918 0.00339178
7.56 -0.0287787 0.00342613
7.565 -0.0290681 0.00346078
7.57 -0.02936 0.00349573
7.575 -0.0296544 0.00353099
7.58 -0.0299514 0.00356655
7.585 -0.0302509 0.00360241
7.59 -0.030553 0.00363859
7.595 -0.0308577 0.00367508
7.6 -0.031165 0.00371188
7.605 -0.0314749 0.00374899
7.61 -0.0317875 0.00378643
7.615 -0.0321028 0.00382418
7.62 -0.0324207 0.00386226
7.625 -0.0327413 0.00390066
7.63 -0.0330646 0.00393939
7.635 -0.0333907 0.00397845
7.64 -0.0337196 0.00401784
7.645 -0.0340512 0.00405756
7.65 -0.0343856 0.00409761
7.655 -0.0347228 0.00413801
7.66 -0.0350628 0.00417874
7.665 -0.0354057 0.00421982
7.67 -0.0357514 0.00426124
7.675 -0.0361001 0.00430301
7.68 -0.0364516 0.00434512
7.685 -0.0368061 0.00438759
7.69 -0.0371635 0.00443041
7.695 -0.0375238 0.00447359
7.7 -0.0378872 0.00451712
7.705 -0.0382535 0.00456101
7.71 -0.0386229 0.00460527
7.715 -0.0389953 0.00464989
7.72 -0.0393707 0.00469488
7.725 -0.0397492 0.00474024
7.73 -0.0401309 0.00478598
7.735 -0.0405156 0.00483208
7.74 -0.0409035 0.00487856
7.745 -0.0412945 0.00492543
7.75 -0.0416887 0.00497267
7.755 -0.0420861 0.0050203
7.76 -0.0424868 0.00506831
7.765 -0.0428906 0.00511671
7.77 -0.0432977 0.00516551
7.775 -0.0437081 0.0052147
7.78 -0.0441218 0.00526428
7.785 -0.0445388 0.00531426
7.79 -0.0449591 0.00536464
7.795 -0.0453828 0.00541543
7.8 -0.0458099 0.00546662
7.805 -0.0462403 0.00551822
7.81 -0.0466742 0.00557023
7.815 -0.0471115 0.00562266
7.82 -0.0475523 0.0056755
7.825 -0.0479966 0.00572876
7.83 -0.0484444 0.00578244
7.835 -0.0488956 0.00583654
7.84 -0.0493505 0.00589107
7.845 -0.0498089 0.00594603
7.85 -0.0502708 0.00600141
7.855 -0.0507364 0.00605724
7.86 -0.0512057 0.00611349
7.865 -0.0516785 0.00617019
7.87 -0.0521551 0.00622733
7.875 -0.0526353 0.00628491
7.88 -0.0531192 0.00634294
7.885 -0.0536069 0.00640141
7.89 -0.0540983 0.00646034
7.895 -0.0545935 0.00651972
7.9 -0.0550926 0.00657956
7.905 -0.0555954 0.00663986
7.91 -0.0561021 0.00670062
7.915 -0.0566126 0.00676184
7.92 -0.057127 0.00682354
7.925 -0.0576454 0.0068857
7.93 -0.0581677 0.00694833
7.935 -0.0586939 0.00701144
7.94 -0.0592241 0.00707503
7.945 -0.0597583 0.0071391
7.95 -0.0602965 0.00720365
7.955 -0.0608387 0.00726868
7.96 -0.0613851 0.00733421
7.965 -0.0619355 0.00740023
7.97 -0.06249 0.00746674
7.975 -0.0630486 0.00753374
7.98 -0.0636114 0.00760125
7.985 -0.0641784 0.00766926
7.99 -0.0647496 0.00773777
7.995 -0.065325 0.00780679
8 -0.0659046 0.00787632
8.005 -0.0664886 0.00794637
8.01 -0.0670768 0.00801693
8.015 -0.0676693 0.008088
8.02 -0.0682661 0.0081596
8.025 -0.0688673 0.00823172
8.03 -0.0694729 0.00830437
8.035 -0.0700829 0.00837755
8.04 -0.0706973 0.00845126
8.045 -0.0713162 0.00852551
8.05 -0.0719395 0.00860029
8.055 -0.0725674 0.00867561
8.06 -0.0731997 0.00875148
8.065 -0.0738366 0.00882789
8.07 -0.0744781 0.00890485
8.075 -0.0751241 0.00898237
8.08 -0.0757748 0.00906043
8.085 -0.0764301 0.00913906
8.09 -0.07709 0.00921824
8.095 -0.0777546 0.00929799
8.1 -0.078424 0.0093783
8.105 -0.079098 0.00945918
8.11 -0.0797769 0.00954063
8.115 -0.0804605 0.00962266
8.12 -0.0811488 0.00970526
8.125 -0.081842 0.00978844
8.13 -0.0825401 0.00987221
8.135 -0.083243 0.00995656
8.14 -0.0839508 0.0100415
8.145 -0.0846635 0.010127
8.15 -0.0853812 0.0102131
8.155 -0.0861038 0.0102999
8.16 -0.0868314 0.0103872
8.165 -0.0875641 0.0104751
8.17 -0.0883017 0.0105636
8.175 -0.0890444 0.0106528
8.18 -0.0897922 0.0107425
8.185 -0.0905451 0.0108329
8.19 -0.0913031 0.0109238
8.195 -0.0920663 0.0110154
8.2 -0.0928346 0.0111076
8.205 -0.0936081 0.0112005
8.21 -0.0943869 0.0112939
8.215 -0.0951709 0.011388
8.22 -0.0959601 0.0114828
8.225 -0.0967547 0.0115781
8.23 -0.0975546 0.0116741
8.235 -0.0983598 0.0117708
8.24 -0.0991703 0.0118681
8.245 -0.0999863 0.011966
8.25 -0.100808 0.0120646
8.255 -0.101634 0.0121638
8.26 -0.102467 0.0122637
8.265 -0.103304 0.0123643
8.27 -0.104148 0.0124655
8.275 -0.104996 0.0125674
8.28 -0.105851 0.01267
8.285 -0.106711 0.0127732
8.29 -0.107576 0.0128771
8.295 -0.108447 0.0129816
8.3 -0.109324 0.0130869
8.305 -0.110206 0.0131928
8.31 -0.111094 0.0132994
8.315 -0.111988 0.0134067
8.32 -0.112888 0.0135147
8.325 -0.113793 0.0136234
8.33 -0.114704 0.0137328
8.335 -0.115621 0.0138428
8.34 -0.116544 0.0139536
8.345 -0.117472 0.0140651
8.35 -0.118407 0.0141773
8.355 -0.119347 0.0142902
8.36 -0.120293 0.0144038
8.365 -0.121246 0.0145181
8.37 -0.122204 0.0146331
8.375 -0.123168 0.0147489
8.38 -0.124138 0.0148654
8.385 -0.125114 0.0149826
8.39 -0.126096 0.0151005
8.395 -0.127085 0.0152192
8.4 -0.128079 0.0153386
8.405 -0.12908 0.0154587
8.41 -0.130087 0.0155796
8.415 -0.131099 0.0157012
8.42 -0.132118 0.0158236
8.425 -0.133144 0.0159467
8.43 -0.134175 0.0160705
8.435 -0.135213 0.0161951
8.44 -0.136257 0.0163205
8.445 -0.137308 0.0164466
8.45 -0.138364 0.0165735
8.455 -0.139427 0.0167012
8.46 -0.140497 0.0168296
8.465 -0.141572 0.0169588
8.47 -0.142655 0.0170887
8.475 -0.143743 0.0172194
8.48 -0.144838 0.017351
8.485 -0.14594 0.0174832
8.49 -0.147048 0.0176163
8.495 -0.148163 0.0177501
8.5 -0.149284 0.0178848
8.505 -0.150412 0.0180202
8.51 -0.151546 0.0181564
8.515 -0.152687 0.0182934
8.52 -0.153834 0.0184312
8.525 -0.154988 0.0185698
8.53 -0.156149 0.0187092
8.535 -0.157317 0.0188494
8.54 -0.158491 0.0189905
8.545 -0.159672 0.0191323
8.55 -0.16086 0.0192749
8.555 -0.162054 0.0194184
8.56 -0.163255 0.0195626
8.565 -0.164463 0.0197077
8.57 -0.165678 0.0198536
8.575 -0.1669 0.0200004
8.58 -0.168128 0.0201479
8.585 -0.169364 0.0202963
8.59 -0.170606 0.0204455
8.595 -0.171856 0.0205956
8.6 -0.173112 0.0207464
8.605 -0.174375 0.0208981
8.61 -0.175645 0.0210507
8.615 -0.176922 0.0212041
8.62 -0.178207 0.0213583
8.625 -0.179498 0.0215134
8.63 -0.180796 0.0216694
8.635 -0.182102 0.0218262
8.64 -0.183414 0.0219838
8.645 -0.184734 0.0221423
8.65 -0.18606 0.0223017
8.655 -0.187394 0.0224619
8.66 -0.188735 0.0226229
8.665 -0.190083 0.0227849
8.67 -0.191439 0.0229477
8.675 -0.192801 0.0231113
8.68 -0.194171 0.0232759
8.685 -0.195548 0.0234413
8.69 -0.196933 0.0236076
8.695 -0.198324 0.0237747
8.7 -0.199723 0.0239428
8.705 -0.201129 0.0241117
8.71 -0.202543 0.0242815
8.715 -0.203964 0.0244522
8.72 -0.205392 0.0246237
8.725 -0.206828 0.0247962
8.73 -0.208271 0.0249695
8.735 -0.209721 0.0251438
8.74 -0.211179 0.0253189
8.745 -0.212644 0.0254949
8.75 -0.214117 0.0256718
8.755 -0.215597 0.0258496
8.76 -0.217085 0.0260283
8.765 -0.21858 0.0262079
8.77 -0.220082 0.0263885
8.775 -0.221593 0.0265699
8.78 -0.22311 0.0267522
8.785 -0.224636 0.0269354
8.79 -0.226168 0.0271196
8.795 -0.227709 0.0273046
8.8 -0.229257 0.0274906
8.805 -0.230812 0.0276774
8.81 -0.232375 0.0278652
8.815 -0.233946 0.0280539
8.82 -0.235524 0.0282436
8.825 -0.23711 0.0284341
8.83 -0.238704 0.0286256
8.835 -0.240305 0.0288179
8.84 -0.241914 0.0290112
8.845 -0.243531 0.0292055
8.85 -0.245156 0.0294006
8.855 -0.246788 0.0295967
8.86 -0.248427 0.0297937
8.865 -0.250075 0.0299916
8.87 -0.25173 0.0301905
8.875 -0.253393 0.0303903
8.88 -0.255064 0.030591
8.885 -0.256742 0.0307927
8.89 -0.258429 0.0309953
8.895 -0.260123 0.0311988
8.9 -0.261825 0.0314033
8.905 -0.263534 0.0316087
8.91 -0.265252 0.031815
8.915 -0.266977 0.0320223
8.92 -0.26871 0.0322305
8.925 -0.270451 0.0324397
8.93 -0.272199 0.0326498
8.935 -0.273956 0.0328608
8.94 -0.27572 0.0330728
8.945 -0.277492 0.0332857
8.95 -0.279272 0.0334996
8.955 -0.28106 0.0337144
8.96 -0.282856 0.0339302
8.965 -0.284659 0.0341469
8.97 -0.286471 0.0343645
8.975 -0.28829 0.0345831
8.98 -0.290117 0.0348027
8.985 -0.291952 0.0350232
8.99 -0.293795 0.0352446
8.995 -0.295646 0.035467
9 -0.297504 0.0356903
9.005 -0.299371 0.0359146
9.01 -0.301245 0.0361398
9.015 -0.303127 0.036366
9.02 -0.305018 0.0365931
9.025 -0.306916 0.0368212
9.03 -0.308822 0.0370502
9.035 -0.310735 0.0372801
9.04 -0.312657 0.0375111
9.045 -0.314587 0.0377429
9.05 -0.316524 0.0379757
9.055 -0.318469 0.0382095
9.06 -0.320423 0.0384442
9.065 -0.322384 0.0386798
9.07 -0.324353 0.0389164
9.075 -0.32633 0.039154
9.08 -0.328314 0.0393925
9.085 -0.330307 0.0396319
9.09 -0.332307 0.0398723
9.095 -0.334315 0.0401136
9.1 -0.336332 0.0403559
9.105 -0.338356 0.0405991
9.11 -0.340387 0.0408433
9.115 -0.342427 0.0410884
9.12 -0.344474 0.0413344
9.125 -0.34653 0.0415814
9.13 -0.348593 0.0418293
9.135 -0.350664 0.0420782
9.14 -0.352743 0.042328
9.145 -0.354829 0.0425787
9.15 -0.356923 0.0428304
9.155 -0.359025 0.043083
9.16 -0.361135 0.0433366
9.165 -0.363253 0.0435911
9.17 -0.365378 0.0438465
9.175 -0.367511 0.0441028
9.18 -0.369652 0.0443601
9.185 -0.371801 0.0446183
9.19 -0.373957 0.0448774
9.195 -0.376121 0.0451375
9.2 -0.378292 0.0453984
9.205 -0.380472 0.0456603
9.21 -0.382659 0.0459232
9.215 -0.384853 0.0461869
9.22 -0.387055 0.0464516
9.225 -0.389265 0.0467171
9.23 -0.391483 0.0469836
9.235 -0.393708 0.047251
9.24 -0.39594 0.0475193
9.245 -0.39818 0.0477886
9.25 -0.400428 0.0480587
9.255 -0.402683 0.0483297
9.26 -0.404946 0.0486017
9.265 -0.407216 0.0488745
9.27 -0.409494 0.0491482
9.275 -0.411779 0.0494229
9.28 -0.414071 0.0496984
9.285 -0.416371 0.0499748
9.29 -0.418678 0.0502521
9.295 -0.420993 0.0505303
9.3 -0.423315 0.0508094
9.305 -0.425644 0.0510893
9.31 -0.427981 0.0513702
9.315 -0.430325 0.0516519
9.32 -0.432676 0.0519345
9.325 -0.435035 0.0522179
9.33 -0.4374 0.0525023
9.335 -0.439773 0.0527874
9.34 -0.442153 0.0530735
9.345 -0.444541 0.0533604
9.35 -0.446935 0.0536482
9.355 -0.449336 0.0539368
9.36 -0.451745 0.0542263
9.365 -0.45416 0.0545166
9.37 -0.456583 0.0548078
9.375 -0.459012 0.0550998
9.38 -0.461449 0.0553926
9.385 -0.463892 0.0556863
9.39 -0.466342 0.0559808
9.395 -0.468799 0.0562761
9.4 -0.471263 0.0565723
9.405 -0.473734 0.0568693
9.41 -0.476212 0.0571671
9.415 -0.478696 0.0574657
9.42 -0.481187 0.0577651
9.425 -0.483685 0.0580653
9.43 -0.486189 0.0583663
9.435 -0.4887 0.0586681
9.44 -0.491218 0.0589707
9.445 -0.493742 0.0592741
9.45 -0.496272 0.0595783
9.455 -0.498809 0.0598833
9.46 -0.501353 0.060189
9.465 -0.503903 0.0604955
9.47 -0.506459 0.0608028
9.475 -0.509022 0.0611108
9.48 -0.511591 0.0614196
9.485 -0.514166 0.0617291
9.49 -0.516747 0.0620394
9.495 -0.519335 0.0623504
9.5 -0.521929 0.0626622
9.505 -0.524528 0.0629747
9.51 -0.527134 0.0632879
9.515 -0.529746 0.0636019
9.52 -0.532364 0.0639165
9.525 -0.534987 0.0642319
9.53 -0.537617 0.064548
9.535 -0.540252 0.0648648
9.54 -0.542894 0.0651823
9.545 -0.545541 0.0655005
9.55 -0.548193 0.0658193
9.555 -0.550852 0.0661389
9.56 -0.553516 0.0664591
9.565 -0.556185 0.06678
9.57 -0.55886 0.0671016
9.575 -0.561541 0.0674238
9.58 -0.564226 0.0677466
9.585 -0.566918 0.0680702
9.59 -0.569614 0.0683943
9.595 -0.572316 0.0687191
9.6 -0.575023 0.0690445
9.605 -0.577735 0.0693706
9.61 -0.580453 0.0696972
9.615 -0.583175 0.0700245
9.62 -0.585903 0.0703523
9.625 -0.588635 0.0706808
9.63 -0.591372 0.0710099
9.635 -0.594114 0.0713395
9.64 -0.596861 0.0716697
9.645 -0.599613 0.0720005
9.65 -0.602369 0.0723318
9.655 -0.60513 0.0726637
9.66 -0.607895 0.0729962
9.665 -0.610665 0.0733292
9.67 -0.61344 0.0736627
9.675 -0.616218 0.0739968
9.68 -0.619002 0.0743313
9.685 -0.621789 0.0746664
9.69 -0.624581 0.075002
9.695 -0.627376 0.0753381
9.7 -0.630176 0.0756747
9.705 -0.63298 0.0760118
9.71 -0.635788 0.0763493
9.715 -0.638599 0.0766873
9.72 -0.641415 0.0770258
9.725 -0.644234 0.0773647
9.73 -0.647057 0.0777041
9.735 -0.649883 0.0780439
9.74 -0.652714 0.0783842
9.745 -0.655547 0.0787248
9.75 -0.658384 0.0790659
9.755 -0.661225 0.0794074
9.76 -0.664068 0.0797492
9.765 -0.666915 0.0800915
9.77 -0.669765 0.0804342
9.775 -0.672618 0.0807772
9.78 -0.675474 0.0811205
9.785 -0.678333 0.0814643
9.79 -0.681195 0.0818083
9.795 -0.68406 0.0821528
9.8 -0.686927 0.0824975
9.805 -0.689797 0.0828425
9.81 -0.69267 0.0831879
9.815 -0.695545 0.0835336
9.82 -0.698423 0.0838795
9.825 -0.701303 0.0842258
9.83 -0.704185 0.0845723
9.835 -0.707069 0.0849191
9.84 -0.709955 0.0852661
9.845 -0.712844 0.0856134
9.85 -0.715734 0.0859609
9.855 -0.718626 0.0863086
9.86 -0.72152 0.0866566
9.865 -0.724416 0.0870047
9.87 -0.727313 0.0873531
9.875 -0.730212 0.0877016
9.88 -0.733113 0.0880503
9.885 -0.736014 0.0883992
9.89 -0.738917 0.0887482
9.895 -0.741821 0.0890974
9.9 -0.744727 0.0894467
9.905 -0.747633 0.0897962
9.91 -0.75054 0.0901458
9.915 -0.753449 0.0904954
9.92 -0.756357 0.0908452
9.925 -0.759267 0.091195
9.93 -0.762177 0.0915449
9.935 -0.765088 0.0918949
9.94 -0.767999 0.0922449
9.945 -0.770911 0.092595
9.95 -0.773822 0.0929451
9.955 -0.776734 0.0932952
9.96 -0.779646 0.0936454
9.965 -0.782558 0.0939955
9.97 -0.78547 0.0943456
9.975 -0.788381 0.0946957
9.98 -0.791292 0.0950457
9.985 -0.794203 0.0953957
9.99 -0.797113 0.0957457
9.995 -0.800023 0.0960955
10 -0.802932 0.0964453
10.005 -0.80584 0.096795
10.01 -0.808747 0.0971446
10.015 -0.811654 0.097494
10.02 -0.814559 0.0978434
10.025 -0.817463 0.0981926
10.03 -0.820365 0.0985416
10.035 -0.823267 0.0988905
10.04 -0.826167 0.0992392
10.045 -0.829065 0.0995877
10.05 -0.831961 0.099936
10.055 -0.834856 0.100284
10.06 -0.837749 0.100632
10.065 -0.84064 0.10098
10.07 -0.843528 0.101327
10.075 -0.846415 0.101674
10.08 -0.849299 0.102021
10.085 -0.852181 0.102367
10.09 -0.85506 0.102714
10.095 -0.857937 0.10306
10.1 -0.860811 0.103405
10.105 -0.863682 0.10375
10.11 -0.86655 0.104095
10.115 -0.869415 0.10444
10.12 -0.872277 0.104784
10.125 -0.875135 0.105128
10.13 -0.87799 0.105471
10.135 -0.880842 0.105814
10.14 -0.88369 0.106157
10.145 -0.886535 0.106499
10.15 -0.889375 0.10684
10.155 -0.892212 0.107181
10.16 -0.895044 0.107522
10.165 -0.897873 0.107862
10.17 -0.900697 0.108202
10.175 -0.903516 0.108541
10.18 -0.906331 0.108879
10.185 -0.909142 0.109217
10.19 -0.911948 0.109555
10.195 -0.914749 0.109892
10.2 -0.917545 0.110228
10.205 -0.920335 0.110564
10.21 -0.923121 0.110899
10.215 -0.925901 0.111233
10.22 -0.928676 0.111567
10.225 -0.931446 0.1119
10.23 -0.934209 0.112232
10.235 -0.936967 0.112564
10.24 -0.939719 0.112895
10.245 -0.942465 0.113225
10.25 -0.945205 0.113555
10.255 -0.947938 0.113883
10.26 -0.950665 0.114211
10.265 -0.953385 0.114538
10.27 -0.956099 0.114865
10.275 -0.958806 0.11519
10.28 -0.961507 0.115515
10.285 -0.9642 0.115839
10.29 -0.966886 0.116162
10.295 -0.969564 0.116484
10.3 -0.972236 0.116806
10.305 -0.9749 0.117126
10.31 -0.977556 0.117446
10.315 -0.980204 0.117764
10.32 -0.982845 0.118082
10.325 -0.985477 0.118398
10.33 -0.988102 0.118714
10.335 -0.990718 0.119029
10.34 -0.993326 0.119342
10.345 -0.995925 0.119655
10.35 -0.998515 0.119967
10.355 -1.0011 0.120277
10.36 -1.00367 0.120587
10.365 -1.00623 0.120895
10.37 -1.00879 0.121202
10.375 -1.01133 0.121509
10.38 -1.01387 0.121814
10.385 -1.0164 0.122118
10.39 -1.01891 0.12242
10.395 -1.02142 0.122722
10.4 -1.02392 0.123022
10.405 -1.0264 0.123321
10.41 -1.02888 0.123619
10.415 -1.03135 0.123916
10.42 -1.0338 0.124211
10.425 -1.03625 0.124506
10.43 -1.03868 0.124798
10.435 -1.0411 0.12509
10.44 -1.04352 0.12538
10.445 -1.04592 0.125669
10.45 -1.04831 0.125957
10.455 -1.05069 0.126243
10.46 -1.05305 0.126528
10.465 -1.05541 0.126811
10.47 -1.05775 0.127093
10.475 -1.06009 0.127373
10.48 -1.0624 0.127652
10.485 -1.06471 0.12793
10.49 -1.06701 0.128206
10.495 -1.06929 0.128481
10.5 -1.07156 0.128754
10.505 -1.07382 0.129026
10.51 -1.07606 0.129296
10.515 -1.07829 0.129564
10.52 -1.08051 0.129831
10.525 -1.08272 0.130096
10.53 -1.08491 0.13036
10.535 -1.08708 0.130622
10.54 -1.08925 0.130882
10.545 -1.0914 0.131141
10.55 -1.09353 0.131398
10.555 -1.09566 0.131653
10.56 -1.09776 0.131907
10.565 -1.09986 0.132159
10.57 -1.10194 0.132409
10.575 -1.104 0.132658
10.58 -1.10605 0.132904
10.585 -1.10809 0.133149
10.59 -1.11011 0.133392
10.595 -1.11211 0.133633
10.6 -1.1141 0.133873
10.605 -1.11607 0.13411
10.61 -1.11803 0.134346
10.615 -1.11997 0.134579
10.62 -1.1219 0.134811
10.625 -1.12381 0.135041
10.63 -1.1257 0.135269
10.635 -1.12758 0.135495
10.64 -1.12944 0.135719
10.645 -1.13128 0.135941
10.65 -1.13311 0.136161
10.655 -1.13492 0.136379
10.66 -1.13672 0.136595
10.665 -1.13849 0.136809
10.67 -1.14025 0.137021
10.675 -1.142 0.13723
10.68 -1.14372 0.137438
10.685 -1.14543 0.137643
10.69 -1.14712 0.137847
10.695 -1.14879 0.138048
10.7 -1.15044 0.138247
10.705 -1.15207 0.138444
10.71 -1.15369 0.138638
10.715 -1.15529 0.138831
10.72 -1.15687 0.139021
10.725 -1.15843 0.139209
10.73 -1.15997 0.139394
10.735 -1.16149 0.139578
10.74 -1.163 0.139759
10.745 -1.16448 0.139937
10.75 -1.16594 0.140114
10.755 -1.16739 0.140288
10.76 -1.16881 0.140459
10.765 -1.17022 0.140629
10.77 -1.1716 0.140795
10.775 -1.17297 0.14096
10.78 -1.17431 0.141122
10.785 -1.17564 0.141281
10.79 -1.17694 0.141438
10.795 -1.17823 0.141593
10.8 -1.17949 0.141745
10.805 -1.18073 0.141895
10.81 -1.18195 0.142042
10.815 -1.18315 0.142186
10.82 -1.18433 0.142328
10.825 -1.18549 0.142467
10.83 -1.18662 0.142604
10.835 -1.18773 0.142738
10.84 -1.18882 0.14287
10.845 -1.18989 0.142999
10.85 -1.19094 0.143125
10.855 -1.19197 0.143249
10.86 -1.19297 0.143369
10.865 -1.19395 0.143488
10.87 -1.19491 0.143603
10.875 -1.19584 0.143716
10.88 -1.19675 0.143826
10.885 -1.19764 0.143933
10.89 -1.19851 0.144037
10.895 -1.19935 0.144139
10.9 -1.20017 0.144238
10.905 -1.20097 0.144334
10.91 -1.20174 0.144427
10.915 -1.20249 0.144517
10.92 -1.20321 0.144605
10.925 -1.20391 0.144689
10.93 -1.20459 0.144771
10.935 -1.20524 0.14485
10.94 -1.20587 0.144926
10.945 -1.20647 0.144999
10.95 -1.20705 0.145068
10.955 -1.20761 0.145135
10.96 -1.20813 0.145199
10.965 -1.20864 0.14526
10.97 -1.20912 0.145318
10.975 -1.20957 0.145373
10.98 -1.21 0.145425
10.985 -1.2104 0.145474
10.99 -1.21078 0.14552
10.995 -1.21113 0.145562
11 -1.21146 0.145602
11.005 -1.21176 0.145638
11.01 -1.21203 0.145672
11.015 -1.21228 0.145702
11.02 -1.2125 0.145729
11.025 -1.2127 0.145753
11.03 -1.21287 0.145774
11.035 -1.21301 0.145791
11.04 -1.21313 0.145805
11.045 -1.21322 0.145817
11.05 -1.21328 0.145824
11.055 -1.21331 0.145829
11.06 -1.21332 0.14583
11.065 -1.2133 0.145828
11.07 -1.21326 0.145823
11.075 -1.21318 0.145815
11.08 -1.21308 0.145803
11.085 -1.21295 0.145788
11.09 -1.2128 0.145769
11.095 -1.21261 0.145748
11.1 -1.2124 0.145722
11.105 -1.21216 0.145694
11.11 -1.21189 0.145662
11.115 -1.21159 0.145627
11.12 -1.21127 0.145588
11.125 -1.21092 0.145546
11.13 -1.21053 0.1455
11.135 -1.21012 0.145451
11.14 -1.20968 0.145399
11.145 -1.20922 0.145343
11.15 -1.20872 0.145284
11.155 -1.20819 0.145221
11.16 -1.20764 0.145155
11.165 -1.20705 0.145085
11.17 -1.20644 0.145011
11.175 -1.2058 0.144935
11.18 -1.20513 0.144854
11.185 -1.20442 0.14477
11.19 -1.20369 0.144683
11.195 -1.20293 0.144592
11.2 -1.20214 0.144497
11.205 -1.20132 0.144399
11.21 -1.20047 0.144297
11.215 -1.19959 0.144192
11.22 -1.19868 0.144083
11.225 -1.19774 0.14397
11.23 -1.19677 0.143854
11.235 -1.19577 0.143734
11.24 -1.19474 0.14361
11.245 -1.19367 0.143483
11.25 -1.19258 0.143352
11.255 -1.19146 0.143217
11.26 -1.19031 0.143079
11.265 -1.18912 0.142937
11.27 -1.18791 0.142791
11.275 -1.18666 0.142642
11.28 -1.18538 0.142489
11.285 -1.18408 0.142332
11.29 -1.18274 0.142172
11.295 -1.18137 0.142007
11.3 -1.17997 0.141839
11.305 -1.17853 0.141668
11.31 -1.17707 0.141492
11.315 -1.17557 0.141313
11.32 -1.17405 0.14113
11.325 -1.17249 0.140943
11.33 -1.1709 0.140752
11.335 -1.16928 0.140558
11.34 -1.16763 0.140359
11.345 -1.16594 0.140157
11.35 -1.16423 0.139952
11.355 -1.16248 0.139742
11.36 -1.1607 0.139528
11.365 -1.15889 0.139311
11.37 -1.15705 0.13909
11.375 -1.15517 0.138865
11.38 -1.15326 0.138636
11.385 -1.15133 0.138403
11.39 -1.14935 0.138167
11.395 -1.14735 0.137926
11.4 -1.14532 0.137682
11.405 -1.14325 0.137434
11.41 -1.14115 0.137182
11.415 -1.13902 0.136926
11.42 -1.13685 0.136667
11.425 -1.13466 0.136403
11.43 -1.13243 0.136135
11.435 -1.13017 0.135864
11.44 -1.12787 0.135589
11.445 -1.12555 0.13531
11.45 -1.12319 0.135027
11.455 -1.1208 0.13474
11.46 -1.11838 0.134449
11.465 -1.11592 0.134154
11.47 -1.11343 0.133855
11.475 -1.11091 0.133553
11.48 -1.10836 0.133246
11.485 -1.10577 0.132936
11.49 -1.10316 0.132622
11.495 -1.10051 0.132303
11.5 -1.09782 0.131981
11.505 -1.09511 0.131655
11.51 -1.09236 0.131325
11.515 -1.08958 0.130992
11.52 -1.08677 0.130654
11.525 -1.08392 0.130312
11.53 -1.08104 0.129967
11.535 -1.07813 0.129617
11.54 -1.07519 0.129264
11.545 -1.07221 0.128906
11.55 -1.0692 0.128545
11.555 -1.06616 0.12818
11.56 -1.06309 0.127811
11.565 -1.05998 0.127438
11.57 -1.05685 0.127061
11.575 -1.05368 0.12668
11.58 -1.05047 0.126296
11.585 -1.04724 0.125907
11.59 -1.04397 0.125515
11.595 -1.04067 0.125118
11.6 -1.03734 0.124718
11.605 -1.03397 0.124314
11.61 -1.03057 0.123906
11.615 -1.02714 0.123494
11.62 -1.02368 0.123079
11.625 -1.02019 0.122659
11.63 -1.01666 0.122235
11.635 -1.0131 0.121808
11.64 -1.00951 0.121377
11.645 -1.00589 0.120942
11.65 -1.00224 0.120503
11.655 -0.998549 0.12006
11.66 -0.994831 0.119613
11.665 -0.99108 0.119163
11.67 -0.987298 0.118709
11.675 -0.983484 0.118251
11.68 -0.979638 0.117789
11.685 -0.975761 0.117323
11.69 -0.971851 0.116853
11.695 -0.967911 0.11638
11.7 -0.963938 0.115903
11.705 -0.959935 0.115422
11.71 -0.955899 0.114937
11.715 -0.951833 0.114449
11.72 -0.947735 0.113957
11.725 -0.943606 0.113461
11.73 -0.939446 0.112961
11.735 -0.935255 0.112458
11.74 -0.931032 0.11195
11.745 -0.926779 0.111439
11.75 -0.922495 0.110925
11.755 -0.91818 0.110407
11.76 -0.913834 0.109885
11.765 -0.909458 0.109359
11.77 -0.905051 0.108829
11.775 -0.900614 0.108296
11.78 -0.896146 0.10776
11.785 -0.891648 0.107219
11.79 -0.88712 0.106675
11.795 -0.882561 0.106128
11.8 -0.877973 0.105577
11.805 -0.873355 0.105022
11.81 -0.868706 0.104463
11.815 -0.864028 0.103901
11.82 -0.859321 0.103336
11.825 -0.854584 0.102767
11.83 -0.849817 0.102194
11.835 -0.845021 0.101618
11.84 -0.840196 0.101038
11.845 -0.835341 0.100455
11.85 -0.830458 0.0998685
11.855 -0.825546 0.0992783
11.86 -0.820605 0.0986847
11.865 -0.815635 0.0980876
11.87 -0.810637 0.0974871
11.875 -0.80561 0.0968832
11.88 -0.800555 0.0962759
11.885 -0.795471 0.0956652
11.89 -0.79036 0.0950511
11.895 -0.785221 0.0944336
11.9 -0.780053 0.0938128
11.905 -0.774859 0.0931887
11.91 -0.769636 0.0925612
11.915 -0.764386 0.0919304
11.92 -0.759109 0.0912964
11.925 -0.753804 0.0906591
11.93 -0.748473 0.0900185
11.935 -0.743115 0.0893747
11.94 -0.737729 0.0887277
11.945 -0.732318 0.0880775
11.95 -0.72688 0.0874241
11.955 -0.721415 0.0867675
11.96 -0.715924 0.0861078
11.965 -0.710408 0.085445
11.97 -0.704865 0.084779
11.975 -0.699297 0.08411
11.98 -0.693703 0.0834378
11.985 -0.688084 0.0827626
11.99 -0.682439 0.0820844
11.995 -0.676769 0.0814032
12 -0.671075 0.080719
12.005 -0.665355 0.0800318
12.01 -0.659612 0.0793416
12.015 -0.653843 0.0786485
12.02 -0.648051 0.0779524
12.025 -0.642234 0.0772535
12.03 -0.636393 0.0765517
12.035 -0.630529 0.0758471
12.04 -0.624641 0.0751396
12.045 -0.61873 0.0744293
12.05 -0.612795 0.0737162
12.055 -0.606838 0.0730003
12.06 -0.600857 0.0722817
12.065 -0.594854 0.0715603
12.07 -0.588829 0.0708363
12.075 -0.582781 0.0701096
12.08 -0.576711 0.0693802
12.085 -0.570619 0.0686482
12.09 -0.564506 0.0679135
12.095 -0.558371 0.0671763
12.1 -0.552214 0.0664365
12.105 -0.546037 0.0656942
12.11 -0.539839 0.0649494
12.115 -0.53362 0.0642021
12.12 -0.52738 0.0634522
12.125 -0.52112 0.0627
12.13 -0.51484 0.0619453
12.135 -0.50854 0.0611883
12.14 -0.50222 0.0604289
12.145 -0.495881 0.0596671
12.15 -0.489523 0.058903
12.155 -0.483146 0.0581366
12.16 -0.476749 0.057368
12.165 -0.470335 0.0565971
12.17 -0.463901 0.055824
12.175 -0.45745 0.0550487
12.18 -0.450981 0.0542713
12.185 -0.444494 0.0534917
12.19 -0.437989 0.05271
12.195 -0.431467 0.0519263
12.2 -0.424928 0.0511405
12.205 -0.418373 0.0503526
12.21 -0.411801 0.0495628
12.215 -0.405212 0.048771
12.22 -0.398607 0.0479773
12.225 -0.391987 0.0471816
12.23 -0.385351 0.0463841
12.235 -0.378699 0.0455847
12.24 -0.372032 0.0447835
12.245 -0.365351 0.0439805
12.25 -0.358654 0.0431758
12.255 -0.351943 0.0423693
12.26 -0.345219 0.0415611
12.265 -0.33848 0.0407512
12.27 -0.331727 0.0399397
12.275 -0.324961 0.0391265
12.28 -0.318182 0.0383118
12.285 -0.31139 0.0374955
12.29 -0.304586 0.0366777
12.295 -0.297769 0.0358584
12.3 -0.290939 0.0350376
12.305 -0.284098 0.0342154
12.31 -0.277246 0.0333919
12.315 -0.270381 0.0325669
12.32 -0.263506 0.0317406
12.325 -0.25662 0.030913
12.33 -0.249724 0.0300841
12.335 -0.242817 0.029254
12.34 -0.2359 0.0284227
12.345 -0.228973 0.0275902
12.35 -0.222037 0.0267566
12.355 -0.215092 0.0259218
12.36 -0.208138 0.025086
12.365 -0.201175 0.0242491
12.37 -0.194204 0.0234112
12.375 -0.187224 0.0225724
12.38 -0.180237 0.0217326
12.385 -0.173242 0.0208919
12.39 -0.16624 0.0200503
12.395 -0.159231 0.0192079
12.4 -0.152216 0.0183646
12.405 -0.145194 0.0175206
12.41 -0.138165 0.0166759
12.415 -0.131131 0.0158305
12.42 -0.124092 0.0149843
12.425 -0.117047 0.0141376
12.43 -0.109997 0.0132902
12.435 -0.102943 0.0124423
12.44 -0.0958838 0.0115939
12.445 -0.0888209 0.0107449
12.45 -0.0817542 0.00989555
12.455 -0.074684 0.00904574
12.46 -0.0676106 0.00819553
12.465 -0.0605343 0.00734498
12.47 -0.0534554 0.00649411
12.475 -0.0463742 0.00564296
12.48 -0.039291 0.00479157
12.485 -0.0322062 0.00393997
12.49 -0.0251199 0.0030882
12.495 -0.0180326 0.0022363
12.5 -0.0109445 0.0013843
12.505 -0.00385586 0.000532245
12.51 0.00323291 -0.000319836
12.515 0.0103215 -0.0011719
12.52 0.0174097 -0.00202392
12.525 0.0244971 -0.00287585
12.53 0.0315835 -0.00372765
12.535 0.0386684 -0.00457929
12.54 0.0457517 -0.00543073
12.545 0.052833 -0.00628193
12.55 0.0599119 -0.00713286
12.555 0.0669883 -0.00798347
12.56 0.0740616 -0.00883373
12.565 0.0811318 -0.0096836
12.57 0.0881983 -0.010533
12.575 0.095261 -0.011382
12.58 0.102319 -0.0122305
12.585 0.109373 -0.0130784
12.59 0.116422 -0.0139258
12.595 0.123466 -0.0147725
12.6 0.130505 -0.0156186
12.605 0.137537 -0.016464
12.61 0.144564 -0.0173087
12.615 0.151584 -0.0181525
12.62 0.158597 -0.0189956
12.625 0.165603 -0.0198378
12.63 0.172602 -0.0206792
12.635 0.179593 -0.0215196
12.64 0.186576 -0.022359
12.645 0.19355 -0.0231974
12.65 0.200516 -0.0240348
12.655 0.207473 -0.0248711
12.66 0.21442 -0.0257063
12.665 0.221358 -0.0265403
12.67 0.228286 -0.0273731
12.675 0.235203 -0.0282047
12.68 0.24211 -0.029035
12.685 0.249005 -0.029864
12.69 0.25589 -0.0306916
12.695 0.262762 -0.0315178
12.7 0.269623 -0.0323426
12.705 0.276471 -0.0331659
12.71 0.283307 -0.0339877
12.715 0.29013 -0.0348079
12.72 0.296939 -0.0356266
12.725 0.303735 -0.0364436
12.73 0.310517 -0.0372589
12.735 0.317285 -0.0380725
12.74 0.324038 -0.0388844
12.745 0.330776 -0.0396944
12.75 0.337499 -0.0405027
12.755 0.344206 -0.041309
12.76 0.350897 -0.0421135
12.765 0.357572 -0.042916
12.77 0.36423 -0.0437165
12.775 0.370872 -0.0445149
12.78 0.377496 -0.0453113
12.785 0.384102 -0.0461056
12.79 0.390691 -0.0468978
12.795 0.397262 -0.0476877
12.8 0.403813 -0.0484754
12.805 0.410346 -0.0492609
12.81 0.41686 -0.050044
12.815 0.423354 -0.0508248
12.82 0.429829 -0.0516032
12.825 0.436283 -0.0523792
12.83 0.442716 -0.0531527
12.835 0.449129 -0.0539237
12.84 0.45552 -0.0546922
12.845 0.46189 -0.0554581
12.85 0.468238 -0.0562213
12.855 0.474564 -0.0569819
12.86 0.480868 -0.0577398
12.865 0.487148 -0.058495
12.87 0.493406 -0.0592473
12.875 0.499639 -0.0599969
12.88 0.50585 -0.0607436
12.885 0.512036 -0.0614874
12.89 0.518197 -0.0622282
12.895 0.524334 -0.0629661
12.9 0.530446 -0.063701
12.905 0.536532 -0.0644328
12.91 0.542592 -0.0651615
12.915 0.548627 -0.0658871
12.92 0.554635 -0.0666095
12.925 0.560616 -0.0673288
12.93 0.566571 -0.0680447
12.935 0.572498 -0.0687574
12.94 0.578397 -0.0694668
12.945 0.584269 -0.0701728
12.95 0.590112 -0.0708754
12.955 0.595926 -0.0715746
12.96 0.601712 -0.0722703
12.965 0.607468 -0.0729625
12.97 0.613195 -0.0736512
12.975 0.618892 -0.0743362
12.98 0.624559 -0.0750177
12.985 0.630195 -0.0756955
12.99 0.635801 -0.0763696
12.995 0.641375 -0.0770399
13 0.646919 -0.0777065
13.005 0.65243 -0.0783693
13.01 0.657909 -0.0790282
13.015 0.663356 -0.0796832
13.02 0.668771 -0.0803344
13.025 0.674153 -0.0809815
13.03 0.679501 -0.0816247
13.035 0.684816 -0.0822639
13.04 0.690097 -0.082899
13.045 0.695344 -0.08353
13.05 0.700556 -0.0841568
13.055 0.705734 -0.0847795
13.06 0.710877 -0.085398
13.065 0.715984 -0.0860123
13.07 0.721056 -0.0866223
13.075 0.726092 -0.0872279
13.08 0.731092 -0.0878293
13.085 0.736056 -0.0884262
13.09 0.740982 -0.0890187
13.095 0.745872 -0.0896068
13.1 0.750724 -0.0901904
13.105 0.755539 -0.0907695
13.11 0.760316 -0.0913441
13.115 0.765055 -0.091914
13.12 0.769755 -0.0924794
13.125 0.774417 -0.0930401
13.13 0.77904 -0.0935961
13.135 0.783623 -0.0941474
13.14 0.788167 -0.0946939
13.145 0.792671 -0.0952357
13.15 0.797135 -0.0957726
13.155 0.801559 -0.0963047
13.16 0.805942 -0.096832
13.165 0.810285 -0.0973543
13.17 0.814586 -0.0978717
13.175 0.818846 -0.0983841
13.18 0.823064 -0.0988915
13.185 0.82724 -0.0993939
13.19 0.831374 -0.0998912
13.195 0.835466 -0.100383
13.2 0.839515 -0.100871
13.205 0.843521 -0.101352
13.21 0.847484 -0.101829
13.215 0.851404 -0.102301
13.22 0.85528 -0.102767
13.225 0.859112 -0.103228
13.23 0.8629 -0.103684
13.235 0.866644 -0.104134
13.24 0.870343 -0.104579
13.245 0.873997 -0.105019
13.25 0.877606 -0.105453
13.255 0.88117 -0.105882
13.26 0.884689 -0.106305
13.265 0.888161 -0.106723
13.27 0.891588 -0.107135
13.275 0.894968 -0.107542
13.28 0.898302 -0.107943
13.285 0.90159 -0.108339
13.29 0.90483 -0.108729
13.295 0.908024 -0.109113
13.3 0.91117 -0.109492
13.305 0.914268 -0.109865
13.31 0.917319 -0.110232
13.315 0.920323 -0.110593
13.32 0.923277 -0.110949
13.325 0.926184 -0.111299
13.33 0.929042 -0.111643
13.335 0.931852 -0.111981
13.34 0.934612 -0.112313
13.345 0.937324 -0.112639
13.35 0.939986 -0.11296
13.355 0.942599 -0.113274
13.36 0.945162 -0.113583
13.365 0.947676 -0.113885
13.37 0.950139 -0.114182
13.375 0.952552 -0.114472
13.38 0.954915 -0.114757
13.385 0.957227 -0.115035
13.39 0.959489 -0.115308
13.395 0.961699 -0.115574
13.4 0.963859 -0.115834
13.405 0.965968 -0.116088
13.41 0.968025 -0.116335
13.415 0.97003 -0.116577
13.42 0.971984 -0.116812
13.425 0.973886 -0.117041
13.43 0.975737 -0.117264
13.435 0.977535 -0.117481
13.44 0.979281 -0.117691
13.445 0.980974 -0.117895
13.45 0.982615 -0.118093
13.455 0.984203 -0.118284
13.46 0.985739 -0.118469
13.465 0.987221 -0.118648
13.47 0.988651 -0.11882
13.475 0.990027 -0.118986
13.48 0.99135 -0.119146
13.485 0.99262 -0.119299
13.49 0.993836 -0.119445
13.495 0.994998 -0.119586
13.5 0.996107 -0.119719
13.505 0.997162 -0.119847
13.51 0.998162 -0.119967
13.515 0.999109 -0.120082
13.52 1 -0.120189
