0 -0
0.08 -8.21491e-06
0.16 -0.00013053
0.24 -0.000653243
0.32 -0.00203154
0.4 -0.00485773
0.48 -0.00981903
0.56 -0.0176469
0.64 -0.0290608
0.72 -0.0447081
0.8 -0.0651057
0.88 -0.0905827
0.96 -0.121231
1.04 -0.156866
1.12 -0.196993
1.2 -0.240798
1.28 -0.287145
1.36 -0.33459
1.44 -0.38142
1.52 -0.425696
1.6 -0.465321
1.68 -0.498115
1.76 -0.521901
1.84 -0.534601
1.92 -0.534332
2 -0.519503
2.08 -0.488907
2.16 -0.441803
2.24 -0.377985
2.32 -0.297836
2.4 -0.202359
2.48 -0.0931837
2.56 0.0274475
2.64 0.156725
2.72 0.291342
2.8 0.427586
2.88 0.561457
2.96 0.688804
3.04 0.805471
3.12 0.907455
3.2 0.991058
3.28 1.05304
3.36 1.09075
3.44 1.10225
3.52 1.08637
3.6 1.04281
3.68 0.97213
3.76 0.875747
3.84 0.75589
3.92 0.615528
4 0.458272
4.08 0.288256
4.16 0.11
4.24 -0.0717224
4.32 -0.252028
4.4 -0.426068
4.48 -0.589171
4.56 -0.736975
4.64 -0.865544
4.72 -0.971466
4.8 -1.05194
4.88 -1.10486
4.96 -1.12882
5.04 -1.12319
5.12 -1.0881
5.2 -1.02447
5.28 -0.933926
5.36 -0.818803
5.44 -0.682075
5.52 -0.527274
5.6 -0.35841
5.68 -0.179864
5.76 0.00371239
5.84 0.187524
5.92 0.366747
6 0.536656
6.08 0.692743
6.16 0.830841
6.24 0.947232
6.32 1.03875
6.4 1.10287
6.48 1.13777
6.56 1.1424
6.64 1.11651
6.72 1.06068
6.8 0.976267
6.88 0.865431
6.96 0.731048
7.04 0.576649
7.12 0.406333
7.2 0.224654
7.28 0.0365049
7.36 -0.153016
7.44 -0.338743
7.52 -0.515582
7.6 -0.678656
7.68 -0.823438
7.76 -0.945882
7.84 -1.04253
7.92 -1.11064
8 -1.14821
8.08 -1.15411
8.16 -1.12807
8.24 -1.0707
8.32 -0.983513
8.4 -0.868833
8.48 -0.729779
8.56 -0.570162
8.64 -0.394388
8.72 -0.207335
8.8 -0.0142185
8.88 0.179555
8.96 0.368538
9.04 0.547398
9.12 0.711066
9.2 0.854887
9.28 0.974748
9.36 1.0672
9.44 1.12957
9.52 1.16002
9.6 1.15761
9.68 1.12233
9.76 1.05514
9.84 0.957867
9.92 0.833228
10 0.684724
10.08 0.516548
10.16 0.333469
10.24 0.140695
10.32 -0.056274
10.4 -0.251803
10.48 -0.440284
10.56 -0.616296
10.64 -0.774765
10.72 -0.911108
10.8 -1.02137
10.88 -1.10233
10.96 -1.15163
11.04 -1.16778
11.12 -1.15028
11.2 -1.09958
11.28 -1.0171
11.36 -0.905181
11.44 -0.767022
11.52 -0.606586
11.6 -0.42849
11.68 -0.237871
11.76 -0.0402422
11.84 0.158673
11.92 0.353102
12 0.537392
12.08 0.706175
12.16 0.854528
12.24 0.978111
12.32 1.0733
12.4 1.13729
12.48 1.16819
12.56 1.16506
12.64 1.12796
12.72 1.05793
12.8 0.956992
12.88 0.828063
12.96 0.674882
13.04 0.501906
13.12 0.314176
13.2 0.117171
13.28 -0.0833488
13.36 -0.281514
13.44 -0.471518
13.52 -0.647783
