0 -0
0.08 -0.772907
0.16 -1.51269
0.24 -2.18862
0.32 -2.7711
0.4 -3.23457
0.48 -3.55791
0.56 -3.72533
0.64 -3.72701
0.72 -3.55946
0.8 -3.22573
0.88 -2.73529
0.96 -2.10374
1.04 -1.3523
1.12 -0.506996
1.2 0.402222
1.28 1.34257
1.36 2.27964
1.44 3.17864
1.52 4.00567
1.6 4.72901
1.68 5.32027
1.76 5.75547
1.84 6.01598
1.92 6.08922
2 5.96916
2.08 5.65659
2.16 5.15919
2.24 4.49123
2.32 3.67313
2.4 2.73076
2.48 1.69455
2.56 0.598388
2.64 -0.521536
2.72 -1.62803
2.8 -2.68419
2.88 -3.65473
2.96 -4.5072
3.04 -5.21308
3.12 -5.74883
3.2 -6.09664
3.28 -6.24504
3.36 -6.18926
3.44 -5.93138
3.52 -5.48017
3.6 -4.85081
3.68 -4.0643
3.76 -3.14667
3.84 -2.12813
3.92 -1.04195
4 0.0766307
4.08 1.19162
4.16 2.26746
4.24 3.27016
4.32 4.16836
4.4 4.93432
4.48 5.54476
4.56 5.98153
4.64 6.2321
4.72 6.28985
4.8 6.15416
4.88 5.83031
4.96 5.32926
5.04 4.66719
5.12 3.86499
5.2 2.94751
5.28 1.94283
5.36 0.881375
5.44 -0.204985
5.52 -1.28387
5.6 -2.32332
5.68 -3.29271
5.76 -4.16366
5.84 -4.91073
5.92 -5.51226
6 -5.95085
6.08 -6.21393
6.16 -6.29405
6.24 -6.18909
6.32 -5.90234
6.4 -5.44234
6.48 -4.82269
6.56 -4.06159
6.64 -3.18138
6.72 -2.20784
6.8 -1.16946
6.88 -0.0966359
6.96 0.979229
7.04 2.02664
7.12 3.0149
7.2 3.91505
7.28 4.70067
7.36 5.34867
7.44 5.83997
7.52 6.16007
7.6 6.29948
7.68 6.25397
7.76 6.02476
7.84 5.61846
7.92 5.04688
8 4.3267
8.08 3.47898
8.16 2.52859
8.24 1.50341
8.32 0.433576
8.4 -0.64944
8.48 -1.71373
8.56 -2.72791
8.64 -3.66203
8.72 -4.48849
8.8 -5.1828
8.88 -5.72438
8.96 -6.09713
9.04 -6.28991
9.12 -6.29691
9.2 -6.11777
9.28 -5.75768
9.36 -5.22717
9.44 -4.54182
9.52 -3.72182
9.6 -2.79137
9.68 -1.77794
9.76 -0.711531
9.84 0.376294
9.92 1.45329
10 2.48752
10.08 3.44827
10.16 4.30698
10.24 5.03811
10.32 5.61989
10.4 6.03494
10.48 6.27085
10.56 6.32051
10.64 6.18235
10.72 5.86037
10.8 5.36407
10.88 4.7081
10.96 3.91192
11.04 2.99913
11.12 1.99687
11.2 0.934929
11.28 -0.1551
11.36 -1.24076
11.44 -2.2897
11.52 -3.27064
11.6 -4.15432
11.68 -4.91436
11.76 -5.52802
11.84 -5.97696
11.92 -6.2477
12 -6.3321
12.08 -6.22757
12.16 -5.93714
12.24 -5.46942
12.32 -4.83831
12.4 -4.06259
12.48 -3.16539
12.56 -2.17345
12.64 -1.1164
12.72 -0.0257884
12.8 1.06578
12.88 2.12568
12.96 3.12219
13.04 4.02551
13.12 4.80856
13.2 5.4479
13.28 5.92433
13.36 6.22356
13.44 6.33656
13.52 6.25989
