0 -0
0.08 -1.39711e-39
0.16 -1.46284e-33
0.24 -4.85182e-30
0.32 -1.52543e-27
0.4 -1.31658e-25
0.48 -5.02503e-24
0.56 -1.08924e-22
0.64 -1.56333e-21
0.72 -1.63503e-20
0.8 -1.33289e-19
0.88 -8.87793e-19
0.96 -5.00421e-18
1.04 -2.45134e-17
1.12 -1.06535e-16
1.2 -4.17563e-16
1.28 -1.49562e-15
1.36 -4.94861e-15
1.44 -1.52612e-14
1.52 -4.41964e-14
1.6 -1.20957e-13
1.68 -3.1453e-13
1.76 -7.80729e-13
1.84 -1.85733e-12
1.92 -4.24961e-12
2 -9.38028e-12
2.08 -2.00292e-11
2.16 -4.14703e-11
2.24 -8.34373e-11
2.32 -1.63442e-10
2.4 -3.12244e-10
2.48 -5.82669e-10
2.56 -1.06355e-09
2.64 -1.90132e-09
2.72 -3.33291e-09
2.8 -5.73491e-09
2.88 -9.69609e-09
2.96 -1.61224e-08
3.04 -2.63877e-08
3.12 -4.25456e-08
3.2 -6.76266e-08
3.28 -1.06046e-07
3.36 -1.64164e-07
3.44 -2.51037e-07
3.52 -3.79429e-07
3.6 -5.67155e-07
3.68 -8.38839e-07
3.76 -1.22822e-06
3.84 -1.78111e-06
3.92 -2.55926e-06
4 -3.64518e-06
4.08 -5.1483e-06
4.16 -7.21271e-06
4.24 -1.00267e-05
4.32 -1.38347e-05
4.4 -1.89517e-05
4.48 -2.57809e-05
4.56 -3.48354e-05
4.64 -4.67631e-05
4.72 -6.23773e-05
4.8 -8.26925e-05
4.88 -0.000108966
4.96 -0.000142746
5.04 -0.000185929
5.12 -0.00024082
5.2 -0.000310207
5.28 -0.000397442
5.36 -0.000506529
5.44 -0.000642221
5.52 -0.00081013
5.6 -0.00101684
5.68 -0.00127004
5.76 -0.00157862
5.84 -0.00195285
5.92 -0.00240448
6 -0.0029469
6.08 -0.00359523
6.16 -0.00436649
6.24 -0.00527968
6.32 -0.00635588
6.4 -0.00761833
6.48 -0.00909241
6.56 -0.0108057
6.64 -0.012788
6.72 -0.0150711
6.8 -0.0176885
6.88 -0.0206757
6.96 -0.0240692
7.04 -0.0279068
7.12 -0.0322265
7.2 -0.0370664
7.28 -0.0424638
7.36 -0.0484544
7.44 -0.0550718
7.52 -0.0623458
7.6 -0.070302
7.68 -0.0789604
7.76 -0.088334
7.84 -0.0984278
7.92 -0.109237
8 -0.120746
8.08 -0.132928
8.16 -0.14574
8.24 -0.159125
8.32 -0.173012
8.4 -0.187311
8.48 -0.201911
8.56 -0.216688
8.64 -0.231493
8.72 -0.246161
8.8 -0.260506
8.88 -0.274324
8.96 -0.287391
9.04 -0.29947
9.12 -0.310307
9.2 -0.319637
9.28 -0.327184
9.36 -0.332668
9.44 -0.335805
9.52 -0.336316
9.6 -0.333926
9.68 -0.328375
9.76 -0.319419
9.84 -0.306837
9.92 -0.29044
10 -0.270072
10.08 -0.245621
10.16 -0.21702
10.24 -0.184257
10.32 -0.147377
10.4 -0.106488
10.48 -0.0617642
10.56 -0.0134502
10.64 0.0381379
10.72 0.0926115
10.8 0.149509
10.88 0.2083
10.96 0.268382
11.04 0.329095
11.12 0.389716
11.2 0.449475
11.28 0.507562
11.36 0.563135
11.44 0.615332
11.52 0.663287
11.6 0.706143
11.68 0.743064
11.76 0.773253
11.84 0.79597
11.92 0.810541
12 0.816383
12.08 0.81301
12.16 0.800055
12.24 0.777278
12.32 0.74458
12.4 0.702012
12.48 0.649782
12.56 0.588262
12.64 0.517987
12.72 0.439656
12.8 0.354132
12.88 0.262426
12.96 0.165697
13.04 0.0652304
13.12 -0.0375737
13.2 -0.141222
13.28 -0.24415
13.36 -0.344746
13.44 -0.44138
13.52 -0.532431
