0 0
0.08 1.23693e-32
0.16 1.61852e-27
0.24 1.58993e-24
0.32 2.10749e-22
0.4 9.30863e-21
0.48 2.05336e-19
0.56 2.80112e-18
0.64 2.68921e-17
0.72 1.97289e-16
0.8 1.17058e-15
0.88 5.84788e-15
0.96 2.53416e-14
1.04 9.74365e-14
1.12 3.38291e-13
1.2 1.07544e-12
1.28 3.16579e-12
1.36 8.70888e-12
1.44 2.25593e-11
1.52 5.53776e-11
1.6 1.29516e-10
1.68 2.89923e-10
1.76 6.23626e-10
1.84 1.29339e-09
1.92 2.59413e-09
2 5.04476e-09
2.08 9.53395e-09
2.16 1.75458e-08
2.24 3.15009e-08
2.32 5.52624e-08
2.4 9.48687e-08
2.48 1.59577e-07
2.56 2.63325e-07
2.64 4.26731e-07
2.72 6.79812e-07
2.8 1.06559e-06
2.88 1.64485e-06
2.96 2.50228e-06
3.04 3.75436e-06
3.12 5.55934e-06
3.2 8.12978e-06
3.28 1.17481e-05
3.36 1.67856e-05
3.44 2.37262e-05
3.52 3.31942e-05
3.6 4.5989e-05
3.68 6.31251e-05
3.76 8.58806e-05
3.84 0.000115853
3.92 0.000155027
4 0.000205845
4.08 0.0002713
4.16 0.000355029
4.24 0.000461419
4.32 0.000595739
4.4 0.000764261
4.48 0.00097441
4.56 0.00123491
4.64 0.00155595
4.72 0.00194933
4.8 0.00242865
4.88 0.00300944
4.96 0.00370932
5.04 0.00454813
5.12 0.00554807
5.2 0.00673371
5.28 0.00813211
5.36 0.00977275
5.44 0.0116875
5.52 0.0139104
5.6 0.0164776
5.68 0.0194269
5.76 0.0227973
5.84 0.0266288
5.92 0.0309613
6 0.0358342
6.08 0.0412854
6.16 0.0473503
6.24 0.0540606
6.32 0.0614432
6.4 0.0695188
6.48 0.0783004
6.56 0.0877917
6.64 0.097986
6.72 0.108864
6.8 0.120392
6.88 0.132523
6.96 0.14519
7.04 0.158311
7.12 0.171782
7.2 0.185481
7.28 0.199265
7.36 0.21297
7.44 0.226409
7.52 0.23938
7.6 0.251656
7.68 0.262998
7.76 0.273148
7.84 0.281838
7.92 0.288787
8 0.293714
8.08 0.296332
8.16 0.29636
8.24 0.293527
8.32 0.287576
8.4 0.278272
8.48 0.265407
8.56 0.248808
8.64 0.228343
8.72 0.203924
8.8 0.175521
8.88 0.143158
8.96 0.106926
9.04 0.0669835
9.12 0.0235587
9.2 -0.0230453
9.28 -0.0724509
9.36 -0.124207
9.44 -0.177789
9.52 -0.232604
9.6 -0.287995
9.68 -0.343248
9.76 -0.3976
9.84 -0.450248
9.92 -0.500361
10 -0.547094
10.08 -0.589601
10.16 -0.62705
10.24 -0.658638
10.32 -0.68361
10.4 -0.701272
10.48 -0.711012
10.56 -0.71231
10.64 -0.704761
10.72 -0.688081
10.8 -0.662124
10.88 -0.626892
10.96 -0.582543
11.04 -0.529394
11.12 -0.46793
11.2 -0.398796
11.28 -0.322797
11.36 -0.240895
11.44 -0.154189
11.52 -0.0639109
11.6 0.0285975
11.68 0.121903
11.76 0.214502
11.84 0.304852
11.92 0.391391
12 0.472574
12.08 0.546897
12.16 0.612933
12.24 0.66936
12.32 0.71499
12.4 0.748798
12.48 0.769949
12.56 0.777819
12.64 0.772015
12.72 0.752392
12.8 0.719064
12.88 0.672408
12.96 0.613067
13.04 0.541943
13.12 0.460189
13.2 0.369192
13.28 0.270552
13.36 0.166054
13.44 0.0576377
13.52 -0.0526388
