0 0
0.08 0.000405152
0.16 0.00321717
0.24 0.0107218
0.32 0.0249675
0.4 0.047658
0.48 0.0800597
0.56 0.122927
0.64 0.17645
0.72 0.240223
0.8 0.313244
0.88 0.393932
0.96 0.480176
1.04 0.569404
1.12 0.658676
1.2 0.74479
1.28 0.824409
1.36 0.894188
1.44 0.950914
1.52 0.991636
1.6 1.0138
1.68 1.01535
1.76 0.994849
1.84 0.951546
1.92 0.885427
2 0.79725
2.08 0.688545
2.16 0.561581
2.24 0.419314
2.32 0.265303
2.4 0.103599
2.48 -0.0613739
2.56 -0.224966
2.64 -0.382451
2.72 -0.529187
2.8 -0.660767
2.88 -0.773175
2.96 -0.86292
3.04 -0.927161
3.12 -0.963802
3.2 -0.971577
3.28 -0.950091
3.36 -0.899845
3.44 -0.822226
3.52 -0.719469
3.6 -0.594592
3.68 -0.451301
3.76 -0.293882
3.84 -0.127063
3.92 0.044132
4 0.214537
4.08 0.379009
4.16 0.532581
4.24 0.670623
4.32 0.788976
4.4 0.884082
4.48 0.95309
4.56 0.993942
4.64 1.00542
4.72 0.987205
4.8 0.939835
4.88 0.864727
4.96 0.764108
5.04 0.640947
5.12 0.498868
5.2 0.342033
5.28 0.175025
5.36 0.00271104
5.44 -0.169902
5.52 -0.337808
5.6 -0.496148
5.68 -0.640347
5.76 -0.766243
5.84 -0.870207
5.92 -0.949243
6 -1.00107
6.08 -1.0242
6.16 -1.01796
6.24 -0.982516
6.32 -0.918877
6.4 -0.828861
6.48 -0.715041
6.56 -0.580677
6.64 -0.429617
6.72 -0.266194
6.8 -0.0950991
6.88 0.0787526
6.96 0.250361
7.04 0.414785
7.12 0.567285
7.2 0.703458
7.28 0.819369
7.36 0.91166
7.44 0.97765
7.52 1.01542
7.6 1.02385
7.68 1.00268
7.76 0.952504
7.84 0.874755
7.92 0.771665
8 0.646205
8.08 0.502001
8.16 0.343226
8.24 0.17448
8.32 0.000663255
8.4 -0.173174
8.48 -0.341974
8.56 -0.500818
8.64 -0.645074
8.72 -0.770526
8.8 -0.873506
8.88 -0.950995
8.96 -1.00072
9.04 -1.0212
9.12 -1.01183
9.2 -0.972875
9.28 -0.905447
9.36 -0.811511
9.44 -0.693803
9.52 -0.555763
9.6 -0.401427
9.68 -0.235315
9.76 -0.0622973
9.84 0.112549
9.92 0.28409
10 0.44728
10.08 0.59732
10.16 0.729789
10.24 0.840782
10.32 0.927023
10.4 0.985962
10.48 1.01585
10.56 1.0158
10.64 0.985793
10.72 0.92671
10.8 0.840281
10.88 0.729048
10.96 0.596287
11.04 0.445912
11.12 0.28236
11.2 0.110461
11.28 -0.064703
11.36 -0.237953
11.44 -0.404162
11.52 -0.558408
11.6 -0.696121
11.68 -0.813216
11.76 -0.906218
11.84 -0.972364
11.92 -1.00969
12 -1.01707
12.08 -0.994284
12.16 -0.942
12.24 -0.861761
12.32 -0.755941
12.4 -0.627674
12.48 -0.480766
12.56 -0.319575
12.64 -0.148888
12.72 0.0262241
12.8 0.200556
12.88 0.368925
12.96 0.526319
13.04 0.668054
13.12 0.789909
13.2 0.888253
13.28 0.960151
13.36 1.00346
13.44 1.01688
13.52 1
