0 0
0.08 4.68577e-32
0.16 6.1315e-27
0.24 6.02544e-24
0.32 7.98442e-22
0.4 3.52986e-20
0.48 7.78438e-19
0.56 1.06267e-17
0.64 1.02049e-16
0.72 7.49061e-16
0.8 4.44674e-15
0.88 2.22282e-14
0.96 9.63892e-14
1.04 3.7088e-13
1.12 1.28869e-12
1.2 4.10036e-12
1.28 1.20817e-11
1.36 3.32696e-11
1.44 8.62753e-11
1.52 2.12034e-10
1.6 4.96526e-10
1.68 1.11298e-09
1.76 2.39749e-09
1.84 4.98003e-09
1.92 1.00048e-08
2 1.94902e-08
2.08 3.69024e-08
2.16 6.80473e-08
2.24 1.22425e-07
2.32 2.15248e-07
2.4 3.70378e-07
2.48 6.24542e-07
2.56 1.03324e-06
2.64 1.67895e-06
2.72 2.68221e-06
2.8 4.21661e-06
2.88 6.52843e-06
2.96 9.96238e-06
3.04 1.49947e-05
3.12 2.22751e-05
3.2 3.26799e-05
3.28 4.7378e-05
3.36 6.79122e-05
3.44 9.62987e-05
3.52 0.000135148
3.6 0.00018781
3.68 0.000258548
3.76 0.000352744
3.84 0.00047714
3.92 0.000640123
4 0.000852047
4.08 0.00112562
4.16 0.0014763
4.24 0.00192285
4.32 0.00248778
4.4 0.00319804
4.48 0.00408562
4.56 0.00518831
4.64 0.00655043
4.72 0.00822368
4.8 0.010268
4.88 0.0127523
4.96 0.0157555
5.04 0.0193675
5.12 0.0236897
5.2 0.0288358
5.28 0.0349327
5.36 0.0421208
5.44 0.0505545
5.52 0.0604019
5.6 0.0718454
5.68 0.0850804
5.76 0.100315
5.84 0.117769
5.92 0.137672
6 0.16026
6.08 0.185776
6.16 0.214462
6.24 0.24656
6.32 0.282305
6.4 0.321921
6.48 0.365614
6.56 0.413568
6.64 0.465939
6.72 0.522844
6.8 0.58436
6.88 0.650511
6.96 0.721265
7.04 0.796524
7.12 0.876117
7.2 0.959796
7.28 1.04723
7.36 1.13799
7.44 1.23156
7.52 1.32732
7.6 1.42457
7.68 1.52248
7.76 1.62016
7.84 1.7166
7.92 1.8107
8 1.90131
8.08 1.9872
8.16 2.06707
8.24 2.13959
8.32 2.20341
8.4 2.25719
8.48 2.29958
8.56 2.3293
8.64 2.3451
8.72 2.34587
8.8 2.33058
8.88 2.29835
8.96 2.24848
9.04 2.18045
9.12 2.09397
9.2 1.98898
9.28 1.86566
9.36 1.72449
9.44 1.56621
9.52 1.39187
9.6 1.20278
9.68 1.00056
9.76 0.787105
9.84 0.564567
9.92 0.335347
10 0.102064
10.08 -0.132477
10.16 -0.365322
10.24 -0.59341
10.32 -0.813618
10.4 -1.02281
10.48 -1.21791
10.56 -1.3959
10.64 -1.55397
10.72 -1.68947
10.8 -1.80005
10.88 -1.88367
10.96 -1.93865
11.04 -1.96373
11.12 -1.95811
11.2 -1.92146
11.28 -1.85398
11.36 -1.75637
11.44 -1.62987
11.52 -1.47626
11.6 -1.2978
11.68 -1.09728
11.76 -0.877883
11.84 -0.643247
11.92 -0.39733
12 -0.14438
12.08 0.111145
12.16 0.364657
12.24 0.611522
12.32 0.847149
12.4 1.06708
12.48 1.26708
12.56 1.44323
12.64 1.59199
12.72 1.71033
12.8 1.79574
12.88 1.84634
12.96 1.86088
13.04 1.83884
13.12 1.78042
13.2 1.68653
13.28 1.55885
13.36 1.39974
13.44 1.21224
13.52 1
