0 0
0.08 4.92746e-21
0.16 2.01369e-17
0.24 2.60322e-15
0.32 8.17528e-14
0.4 1.18192e-12
0.48 1.04534e-11
0.56 6.5841e-11
0.64 3.23324e-10
0.72 1.31241e-09
0.8 4.58265e-09
0.88 1.41625e-08
0.96 3.95609e-08
1.04 1.01489e-07
1.12 2.42092e-07
1.2 5.42276e-07
1.28 1.14967e-06
1.36 2.32193e-06
1.44 4.49132e-06
1.52 8.35784e-06
1.6 1.50195e-05
1.68 2.61493e-05
1.76 4.42294e-05
1.84 7.28536e-05
1.92 0.000117108
2 0.000184041
2.08 0.000283224
2.16 0.000427419
2.24 0.000633335
2.32 0.000922485
2.4 0.00132212
2.48 0.00186621
2.56 0.00259648
2.64 0.00356345
2.72 0.00482736
2.8 0.0064591
2.88 0.00854091
2.96 0.011167
3.04 0.0144437
3.12 0.0184898
3.2 0.0234359
3.28 0.0294239
3.36 0.0366061
3.44 0.045144
3.52 0.0552061
3.6 0.0669664
3.68 0.0806018
3.76 0.0962892
3.84 0.114203
3.92 0.13451
4 0.15737
4.08 0.182926
4.16 0.211303
4.24 0.242606
4.32 0.276907
4.4 0.314251
4.48 0.354642
4.56 0.398042
4.64 0.444363
4.72 0.493468
4.8 0.545157
4.88 0.599172
4.96 0.655186
5.04 0.712803
5.12 0.771558
5.2 0.830915
5.28 0.890265
5.36 0.948932
5.44 1.00618
5.52 1.0612
5.6 1.11316
5.68 1.16116
5.76 1.20429
5.84 1.24161
5.92 1.27221
6 1.29516
6.08 1.3096
6.16 1.3147
6.24 1.30974
6.32 1.29406
6.4 1.26714
6.48 1.2286
6.56 1.17821
6.64 1.11591
6.72 1.04184
6.8 0.956312
6.88 0.859877
6.96 0.75328
7.04 0.637483
7.12 0.513654
7.2 0.383164
7.28 0.247566
7.36 0.108583
7.44 -0.0319181
7.52 -0.171954
7.6 -0.309456
7.68 -0.442306
7.76 -0.568374
7.84 -0.685561
7.92 -0.791838
8 -0.885293
8.08 -0.964174
8.16 -1.02693
8.24 -1.07223
8.32 -1.09906
8.4 -1.10668
8.48 -1.09469
8.56 -1.06306
8.64 -1.01211
8.72 -0.942549
8.8 -0.855454
8.88 -0.752269
8.96 -0.634782
9.04 -0.505104
9.12 -0.365629
9.2 -0.218995
9.28 -0.0680352
9.36 0.084278
9.44 0.234891
9.52 0.380732
9.6 0.518779
9.68 0.646125
9.76 0.760042
9.84 0.858045
9.92 0.937957
10 0.997955
10.08 1.03662
10.16 1.05299
10.24 1.04656
10.32 1.01734
10.4 0.965823
10.48 0.893023
10.56 0.800432
10.64 0.690004
10.72 0.564119
10.8 0.425532
10.88 0.277316
10.96 0.122794
11.04 -0.0345317
11.12 -0.191062
11.2 -0.343181
11.28 -0.487347
11.36 -0.62017
11.44 -0.738499
11.52 -0.839497
11.6 -0.920717
11.68 -0.98016
11.76 -1.01633
11.84 -1.02828
11.92 -1.01564
12 -0.978624
12.08 -0.918036
12.16 -0.835262
12.24 -0.732236
12.32 -0.611398
12.4 -0.475642
12.48 -0.328245
12.56 -0.172789
12.64 -0.01308
12.72 0.14695
12.8 0.303339
12.88 0.452191
12.96 0.58978
13.04 0.712639
13.12 0.817654
13.2 0.902143
13.28 0.96393
13.36 1.0014
13.44 1.01354
13.52 1
