0 0
0.08 6.686e-18
0.16 1.36592e-14
0.24 1.17683e-12
0.32 2.7707e-11
0.4 3.20267e-10
0.48 2.3589e-09
0.56 1.27248e-08
0.64 5.46253e-08
0.72 1.96884e-07
0.8 6.17994e-07
0.88 1.73397e-06
0.96 4.43351e-06
1.04 1.04821e-05
1.12 2.31783e-05
1.2 4.83672e-05
1.28 9.59419e-05
1.36 0.000181982
1.44 0.000331696
1.52 0.000583347
1.6 0.000993332
1.68 0.00164258
1.76 0.00264437
1.84 0.00415373
1.92 0.00637825
2 0.00959041
2.08 0.0141411
2.16 0.020474
2.24 0.0291404
2.32 0.0408138
2.4 0.0563036
2.48 0.0765668
2.56 0.102717
2.64 0.13603
2.72 0.177944
2.8 0.230053
2.88 0.294098
2.96 0.371947
3.04 0.465567
3.12 0.576997
3.2 0.708304
3.28 0.861537
3.36 1.03868
3.44 1.24161
3.52 1.472
3.6 1.73133
3.68 2.02076
3.76 2.34111
3.84 2.69283
3.92 3.07589
4 3.48977
4.08 3.93341
4.16 4.40519
4.24 4.90284
4.32 5.42348
4.4 5.96354
4.48 6.51881
4.56 7.08439
4.64 7.65473
4.72 8.22364
4.8 8.78429
4.88 9.32934
4.96 9.85091
5.04 10.3407
5.12 10.7902
5.2 11.1905
5.28 11.5329
5.36 11.8085
5.44 12.0088
5.52 12.1257
5.6 12.1517
5.68 12.0802
5.76 11.9054
5.84 11.6228
5.92 11.2294
6 10.7235
6.08 10.1052
6.16 9.37642
6.24 8.54112
6.32 7.6051
6.4 6.57627
6.48 5.46454
6.56 4.28179
6.64 3.04176
6.72 1.75993
6.8 0.45329
6.88 -0.859898
6.96 -2.16035
7.04 -3.42813
7.12 -4.64296
7.2 -5.78463
7.28 -6.83341
7.36 -7.77045
7.44 -8.57822
7.52 -9.24089
7.6 -9.74477
7.68 -10.0786
7.76 -10.2341
7.84 -10.2059
7.92 -9.99202
8 -9.59407
8.08 -9.01718
8.16 -8.27011
8.24 -7.36518
8.32 -6.31812
8.4 -5.14786
8.48 -3.87619
8.56 -2.52743
8.64 -1.12794
8.72 0.29437
8.8 1.71063
8.88 3.09156
8.96 4.40817
9.04 5.63235
9.12 6.73754
9.2 7.69933
9.28 8.49609
9.36 9.10947
9.44 9.52491
9.52 9.73203
9.6 9.72496
9.68 9.50254
9.76 9.06844
9.84 8.43117
9.92 7.60394
10 6.60446
10.08 5.45459
10.16 4.17988
10.24 2.80901
10.32 1.37324
10.4 -0.0944147
10.48 -1.55984
10.56 -2.98867
10.64 -4.34711
10.72 -5.60275
10.8 -6.72535
10.88 -7.68762
10.96 -8.46589
11.04 -9.04077
11.12 -9.39764
11.2 -9.52706
11.28 -9.4251
11.36 -9.09342
11.44 -8.53937
11.52 -7.77581
11.6 -6.82086
11.68 -5.69749
11.76 -4.43301
11.84 -3.05841
11.92 -1.60763
12 -0.116689
12.08 1.37716
12.16 2.83638
12.24 4.22412
12.32 5.50514
12.4 6.64671
12.48 7.6195
12.56 8.39833
12.64 8.96287
12.72 9.29816
12.8 9.39509
12.88 9.25063
12.96 8.86795
13.04 8.25643
13.12 7.43138
13.2 6.41375
13.28 5.22956
13.36 3.90931
13.44 2.48713
13.52 1
