0 0
0.08 1.0403e-10
0.16 1.32668e-08
0.24 2.25309e-07
0.32 1.67367e-06
0.4 7.89439e-06
0.48 2.79136e-05
0.56 8.08379e-05
0.64 0.000202147
0.72 0.000451618
0.8 0.000922631
0.88 0.00175242
0.96 0.00313267
1.04 0.00531971
1.12 0.00864341
1.2 0.0135139
1.28 0.0204252
1.36 0.0299547
1.44 0.0427575
1.52 0.0595562
1.6 0.0811234
1.68 0.108259
1.76 0.14176
1.84 0.18239
1.92 0.230833
2 0.287657
2.08 0.353267
2.16 0.427856
2.24 0.511368
2.32 0.603456
2.4 0.703449
2.48 0.810328
2.56 0.922714
2.64 1.03887
2.72 1.1567
2.8 1.27382
2.88 1.38755
2.96 1.49502
3.04 1.59319
3.12 1.67901
3.2 1.74945
3.28 1.80165
3.36 1.83297
3.44 1.84112
3.52 1.82426
3.6 1.78106
3.68 1.71077
3.76 1.61326
3.84 1.48908
3.92 1.33942
4 1.16616
4.08 0.971779
4.16 0.759355
4.24 0.532478
4.32 0.295177
4.4 0.0518359
4.48 -0.192907
4.56 -0.434263
4.64 -0.667405
4.72 -0.887574
4.8 -1.09019
4.88 -1.27095
4.96 -1.42596
5.04 -1.55177
5.12 -1.64553
5.2 -1.705
5.28 -1.72867
5.36 -1.71574
5.44 -1.66621
5.52 -1.58089
5.6 -1.46135
5.68 -1.30996
5.76 -1.1298
5.84 -0.924669
5.92 -0.698943
6 -0.457532
6.08 -0.205765
6.16 0.0507244
6.24 0.306123
6.32 0.554572
6.4 0.790298
6.48 1.00776
6.56 1.20178
6.64 1.36766
6.72 1.50135
6.8 1.59948
6.88 1.65953
6.96 1.67986
7.04 1.65977
7.12 1.59955
7.2 1.50046
7.28 1.36475
7.36 1.19556
7.44 0.996913
7.52 0.773603
7.6 0.53107
7.68 0.275287
7.76 0.0126071
7.84 -0.25039
7.92 -0.507067
8 -0.750896
8.08 -0.975633
8.16 -1.17548
8.24 -1.34522
8.32 -1.48042
8.4 -1.57746
8.48 -1.63373
8.56 -1.64765
8.64 -1.61871
8.72 -1.54757
8.8 -1.43595
8.88 -1.28669
8.96 -1.10359
9.04 -0.891409
9.12 -0.655671
9.2 -0.402567
9.28 -0.138775
9.36 0.128707
9.44 0.392754
9.52 0.646299
9.6 0.882526
9.68 1.09506
9.76 1.27813
9.84 1.42675
9.92 1.53683
10 1.60533
10.08 1.6303
10.16 1.611
10.24 1.54788
10.32 1.44257
10.4 1.29788
10.48 1.1177
10.56 0.906917
10.64 0.671257
10.72 0.417158
10.8 0.151584
10.88 -0.118165
10.96 -0.384652
11.04 -0.640509
11.12 -0.878642
11.2 -1.09243
11.28 -1.27591
11.36 -1.42395
11.44 -1.53238
11.52 -1.59814
11.6 -1.61934
11.68 -1.59535
11.76 -1.52677
11.84 -1.41547
11.92 -1.26453
12 -1.07814
12.08 -0.861487
12.16 -0.620629
12.24 -0.362317
12.32 -0.0938042
12.4 0.17735
12.48 0.443501
12.56 0.697128
12.64 0.931051
12.72 1.13864
12.8 1.31398
12.88 1.45209
12.96 1.54901
13.04 1.60197
13.12 1.60941
13.2 1.57109
13.28 1.48806
13.36 1.36266
13.44 1.19842
13.52 1
