0 0
0.08 1.20456e-34
0.16 3.15269e-29
0.24 4.64787e-26
0.32 8.21338e-24
0.4 4.54023e-22
0.48 1.20178e-20
0.56 1.91482e-19
0.64 2.10229e-18
0.72 1.73686e-17
0.8 1.14623e-16
0.88 6.30637e-16
0.96 2.98517e-15
1.04 1.24519e-14
1.12 4.66297e-14
1.2 1.59093e-13
1.28 5.00448e-13
1.36 1.46558e-12
1.44 4.02809e-12
1.52 1.04605e-11
1.6 2.58131e-11
1.68 6.08246e-11
1.76 1.3743e-10
1.84 2.98826e-10
1.92 6.27278e-10
2 1.2747e-09
2.08 2.51372e-09
2.16 4.82091e-09
2.24 9.00899e-09
2.32 1.64325e-08
2.4 2.93011e-08
2.48 5.1147e-08
2.56 8.751e-08
2.64 1.46925e-07
2.72 2.42318e-07
2.8 3.92956e-07
2.88 6.27126e-07
2.96 9.85761e-07
3.04 1.52729e-06
3.12 2.33407e-06
3.2 3.52074e-06
3.28 5.24507e-06
3.36 7.72181e-06
3.44 1.12403e-05
3.52 1.61865e-05
3.6 2.30707e-05
3.68 3.25614e-05
3.76 4.55273e-05
3.84 6.30883e-05
3.92 8.66771e-05
4 0.000118113
4.08 0.000159691
4.16 0.000214285
4.24 0.000285471
4.32 0.000377669
4.4 0.000496307
4.48 0.000648015
4.56 0.000840832
4.64 0.00108445
4.72 0.0013905
4.8 0.00177282
4.88 0.00224781
4.96 0.00283475
5.04 0.00355624
5.12 0.00443854
5.2 0.005512
5.28 0.00681151
5.36 0.00837691
5.44 0.0102534
5.52 0.012492
5.6 0.0151499
5.68 0.0182907
5.76 0.0219847
5.84 0.0263094
5.92 0.0313489
6 0.0371946
6.08 0.0439446
6.16 0.0517033
6.24 0.0605813
6.32 0.0706939
6.4 0.0821611
6.48 0.0951054
6.56 0.109651
6.64 0.125922
6.72 0.144041
6.8 0.164123
6.88 0.18628
6.96 0.210612
7.04 0.237204
7.12 0.266129
7.2 0.297437
7.28 0.331156
7.36 0.367286
7.44 0.405798
7.52 0.446628
7.6 0.489674
7.68 0.534793
7.76 0.5818
7.84 0.630461
7.92 0.680498
8 0.73158
8.08 0.783326
8.16 0.835309
8.24 0.88705
8.32 0.938025
8.4 0.987665
8.48 1.03537
8.56 1.08049
8.64 1.12236
8.72 1.1603
8.8 1.19362
8.88 1.2216
8.96 1.24357
9.04 1.25887
9.12 1.26685
9.2 1.26694
9.28 1.25861
9.36 1.24141
9.44 1.21496
9.52 1.17901
9.6 1.13339
9.68 1.07806
9.76 1.01311
9.84 0.938776
9.92 0.855423
10 0.763569
10.08 0.663882
10.16 0.557176
10.24 0.444409
10.32 0.326673
10.4 0.205192
10.48 0.0813012
10.56 -0.043564
10.64 -0.167887
10.72 -0.290089
10.8 -0.408555
10.88 -0.521658
10.96 -0.627783
11.04 -0.725358
11.12 -0.81288
11.2 -0.888945
11.28 -0.952278
11.36 -1.00176
11.44 -1.03644
11.52 -1.0556
11.6 -1.05872
11.68 -1.04553
11.76 -1.01603
11.84 -0.970466
11.92 -0.909381
12 -0.833575
12.08 -0.744118
12.16 -0.642341
12.24 -0.529812
12.32 -0.408324
12.4 -0.279859
12.48 -0.146568
12.56 -0.0107251
12.64 0.125302
12.72 0.259102
12.8 0.388257
12.88 0.510395
12.96 0.623232
13.04 0.724621
13.12 0.812592
13.2 0.885402
13.28 0.941568
13.36 0.979904
13.44 0.99955
13.52 1
