0 -0
0.08 -0.0440019
0.16 -0.174132
0.24 -0.384799
0.32 -0.666985
0.4 -1.00852
0.48 -1.39458
0.56 -1.80825
0.64 -2.23114
0.72 -2.64414
0.8 -3.0281
0.88 -3.36462
0.96 -3.63674
1.04 -3.82962
1.12 -3.93114
1.2 -3.93242
1.28 -3.82815
1.36 -3.61692
1.44 -3.30125
1.52 -2.88766
1.6 -2.38641
1.68 -1.8112
1.76 -1.17874
1.84 -0.508197
1.92 0.179522
2 0.86245
2.08 1.51836
2.16 2.12558
2.24 2.66373
2.32 3.11453
2.4 3.46245
2.48 3.69529
2.56 3.80465
2.64 3.78631
2.72 3.64034
2.8 3.3712
2.88 2.98757
2.96 2.5021
3.04 1.93094
3.12 1.29322
3.2 0.610361
3.28 -0.0946714
3.36 -0.798169
3.44 -1.47651
3.52 -2.10699
3.6 -2.66859
3.68 -3.14268
3.76 -3.51369
3.84 -3.76953
3.92 -3.90204
4 -3.90717
4.08 -3.78508
4.16 -3.54009
4.24 -3.18045
4.32 -2.71803
4.4 -2.16793
4.48 -1.54788
4.56 -0.877676
4.64 -0.178525
4.72 0.527643
4.8 1.21886
4.88 1.87382
4.96 2.47246
5.04 2.99661
5.12 3.43048
5.2 3.76115
5.28 3.97884
5.36 4.07724
5.44 4.05365
5.52 3.909
5.6 3.64781
5.68 3.27804
5.76 2.81083
5.84 2.26016
5.92 1.64242
6 0.975922
6.08 0.280374
6.16 -0.423705
6.24 -1.11558
6.32 -1.77491
6.4 -2.38233
6.48 -2.92001
6.56 -3.37218
6.64 -3.72559
6.72 -3.96986
6.8 -4.09783
6.88 -4.10575
6.96 -3.99337
7.04 -3.76396
7.12 -3.42422
7.2 -2.9841
7.28 -2.45646
7.36 -1.85677
7.44 -1.2026
7.52 -0.513116
7.6 0.191446
7.68 0.890409
7.76 1.56324
7.84 2.19018
7.92 2.75276
8 3.23445
8.08 3.62103
8.16 3.9011
8.24 4.06638
8.32 4.11196
8.4 4.03646
8.48 3.84204
8.56 3.53441
8.64 3.12258
8.72 2.61866
8.8 2.03748
8.88 1.39617
8.96 0.713648
9.04 0.0100455
9.12 -0.693855
9.2 -1.37725
9.28 -2.01993
9.36 -2.60287
9.44 -3.10881
9.52 -3.52275
9.6 -3.83241
9.68 -4.02859
9.76 -4.10543
9.84 -4.06063
9.92 -3.89547
10 -3.61483
10.08 -3.22697
10.16 -2.74339
10.24 -2.1784
10.32 -1.54875
10.4 -0.873115
10.48 -0.171553
10.56 0.535104
10.64 1.22586
10.72 1.88018
10.8 2.4786
10.88 3.00332
10.96 3.4387
11.04 3.77177
11.12 3.99259
11.2 4.09457
11.28 4.07464
11.36 3.93337
11.44 3.67493
11.52 3.30701
11.6 2.84053
11.68 2.28939
11.76 1.67
11.84 1.00081
11.92 0.301769
12 -0.406272
12.08 -1.10219
12.16 -1.76521
12.24 -2.37555
12.32 -2.91496
12.4 -3.36733
12.48 -3.71913
12.56 -3.95983
12.64 -4.08222
12.72 -4.08263
12.8 -3.96101
12.88 -3.72099
12.96 -3.36972
13.04 -2.91768
13.12 -2.37838
13.2 -1.76794
13.28 -1.10461
13.36 -0.408217
13.44 0.300387
13.52 1
