0 -0
0.08 -2.52591e-14
0.16 -1.28945e-11
0.24 -4.93346e-10
0.32 -6.52632e-09
0.4 -4.82084e-08
0.48 -2.4614e-07
0.56 -9.73423e-07
0.64 -3.19147e-06
0.72 -9.06325e-06
0.8 -2.29707e-05
0.88 -5.30798e-05
0.96 -0.000113602
1.04 -0.000227896
1.12 -0.000432527
1.2 -0.000782367
1.28 -0.00135675
1.36 -0.00226665
1.44 -0.00366268
1.52 -0.00574378
1.6 -0.00876609
1.68 -0.0130517
1.76 -0.0189966
1.84 -0.027077
1.92 -0.0378542
2 -0.0519754
2.08 -0.0701721
2.16 -0.0932532
2.24 -0.122093
2.32 -0.157617
2.4 -0.200773
2.48 -0.25251
2.56 -0.31374
2.64 -0.385302
2.72 -0.467919
2.8 -0.562154
2.88 -0.668368
2.96 -0.786674
3.04 -0.916899
3.12 -1.05855
3.2 -1.2108
3.28 -1.37244
3.36 -1.54192
3.44 -1.7173
3.52 -1.89633
3.6 -2.07644
3.68 -2.25476
3.76 -2.42823
3.84 -2.59362
3.92 -2.74758
4 -2.88674
4.08 -3.00778
4.16 -3.10744
4.24 -3.1827
4.32 -3.23073
4.4 -3.24905
4.48 -3.23556
4.56 -3.18859
4.64 -3.10698
4.72 -2.99008
4.8 -2.83784
4.88 -2.6508
4.96 -2.43014
5.04 -2.17765
5.12 -1.89579
5.2 -1.58763
5.28 -1.25683
5.36 -0.907622
5.44 -0.544753
5.52 -0.173414
5.6 0.20083
5.68 0.572131
5.76 0.934454
5.84 1.28169
5.92 1.60777
6 1.9068
6.08 2.17315
6.16 2.40164
6.24 2.5876
6.32 2.72703
6.4 2.81672
6.48 2.85429
6.56 2.83835
6.64 2.76849
6.72 2.64539
6.8 2.47081
6.88 2.24757
6.96 1.9796
7.04 1.67179
7.12 1.32999
7.2 0.960887
7.28 0.571865
7.36 0.170877
7.44 -0.233717
7.52 -0.633335
7.6 -1.01936
7.68 -1.38331
7.76 -1.7171
7.84 -2.01316
7.92 -2.26466
8 -2.46568
8.08 -2.61137
8.16 -2.69808
8.24 -2.72347
8.32 -2.68656
8.4 -2.58785
8.48 -2.42926
8.56 -2.21415
8.64 -1.94725
8.72 -1.63455
8.8 -1.28323
8.88 -0.901431
8.96 -0.498125
9.04 -0.0828806
9.12 0.334353
9.2 0.743491
9.28 1.13456
9.36 1.49795
9.44 1.82464
9.52 2.10646
9.6 2.33629
9.68 2.50823
9.76 2.61782
9.84 2.66209
9.92 2.63972
10 2.55105
10.08 2.39811
10.16 2.18455
10.24 1.9156
10.32 1.59795
10.4 1.23955
10.48 0.849445
10.56 0.437563
10.64 0.0144342
10.72 -0.409062
10.8 -0.82198
10.88 -1.21359
10.96 -1.57367
11.04 -1.89278
11.12 -2.16247
11.2 -2.37559
11.28 -2.52643
11.36 -2.61088
11.44 -2.62658
11.52 -2.57297
11.6 -2.45134
11.68 -2.26477
11.76 -2.01808
11.84 -1.71772
11.92 -1.37159
12 -0.988861
12.08 -0.579688
12.16 -0.154989
12.24 0.273865
12.32 0.695354
12.4 1.09812
12.48 1.47127
12.56 1.80468
12.64 2.08927
12.72 2.31726
12.8 2.48237
12.88 2.58004
12.96 2.60749
13.04 2.5639
13.12 2.45035
13.2 2.26985
13.28 2.02725
13.36 1.72912
13.44 1.38356
13.52 1
