0 -0
0.08 -9.84888e-28
0.16 -3.22126e-23
0.24 -1.40644e-20
0.32 -1.0479e-18
0.4 -2.96289e-17
0.48 -4.53475e-16
0.56 -4.54391e-15
0.64 -3.33766e-14
0.72 -1.93355e-13
0.8 -9.28588e-13
0.88 -3.83086e-12
0.96 -1.39374e-11
1.04 -4.56187e-11
1.12 -1.3643e-10
1.2 -3.77412e-10
1.28 -9.75356e-10
1.36 -2.37392e-09
1.44 -5.47816e-09
1.52 -1.20533e-08
1.6 -2.54064e-08
1.68 -5.1511e-08
1.76 -1.00806e-07
1.84 -1.90991e-07
1.92 -3.51251e-07
2 -6.28489e-07
2.08 -1.09631e-06
2.16 -1.86768e-06
2.24 -3.11242e-06
2.32 -5.08088e-06
2.4 -8.13547e-06
2.48 -1.27917e-05
2.56 -1.9771e-05
2.64 -3.00674e-05
2.72 -4.50305e-05
2.8 -6.64667e-05
2.88 -9.67622e-05
2.96 -0.000139029
3.04 -0.000197276
3.12 -0.000276611
3.2 -0.000383466
3.28 -0.000525864
3.36 -0.000713708
3.44 -0.000959111
3.52 -0.00127676
3.6 -0.00168432
3.68 -0.00220285
3.76 -0.00285728
3.84 -0.00367692
3.92 -0.00469596
4 -0.00595401
4.08 -0.00749668
4.16 -0.00937607
4.24 -0.0116514
4.32 -0.0143893
4.4 -0.0176646
4.48 -0.0215604
4.56 -0.0261685
4.64 -0.0315894
4.72 -0.0379324
4.8 -0.0453155
4.88 -0.0538644
4.96 -0.0637125
5.04 -0.0749992
5.12 -0.0878692
5.2 -0.10247
5.28 -0.118951
5.36 -0.137459
5.44 -0.158138
5.52 -0.181124
5.6 -0.206542
5.68 -0.234502
5.76 -0.265093
5.84 -0.298384
5.92 -0.334411
6 -0.37318
6.08 -0.414656
6.16 -0.458762
6.24 -0.505375
6.32 -0.554317
6.4 -0.605358
6.48 -0.658207
6.56 -0.712513
6.64 -0.767864
6.72 -0.823784
6.8 -0.879736
6.88 -0.935126
6.96 -0.989301
7.04 -1.04156
7.12 -1.09116
7.2 -1.13731
7.28 -1.17922
7.36 -1.21606
7.44 -1.247
7.52 -1.27125
7.6 -1.288
7.68 -1.29653
7.76 -1.29614
7.84 -1.28624
7.92 -1.2663
8 -1.23592
8.08 -1.19482
8.16 -1.14286
8.24 -1.08004
8.32 -1.00654
8.4 -0.922687
8.48 -0.829008
8.56 -0.726197
8.64 -0.615131
8.72 -0.496861
8.8 -0.372608
8.88 -0.243747
8.96 -0.111797
9.04 0.0216003
9.12 0.154704
9.2 0.285695
9.28 0.412712
9.36 0.533874
9.44 0.647319
9.52 0.751237
9.6 0.843906
9.68 0.923726
9.76 0.989255
9.84 1.03924
9.92 1.07266
10 1.08873
10.08 1.08695
10.16 1.0671
10.24 1.02931
10.32 0.973977
10.4 0.901857
10.48 0.814011
10.56 0.711815
10.64 0.596935
10.72 0.471307
10.8 0.337109
10.88 0.196722
10.96 0.0526917
11.04 -0.0923209
11.12 -0.235586
11.2 -0.374361
11.28 -0.505944
11.36 -0.627727
11.44 -0.737258
11.52 -0.83229
11.6 -0.910831
11.68 -0.971196
11.76 -1.01204
11.84 -1.03241
11.92 -1.03175
12 -1.00994
12.08 -0.967288
12.16 -0.90456
12.24 -0.822943
12.32 -0.724039
12.4 -0.609841
12.48 -0.482688
12.56 -0.345228
12.64 -0.200357
12.72 -0.0511631
12.8 0.0991378
12.88 0.247275
12.96 0.389991
13.04 0.524121
13.12 0.646659
13.2 0.754831
13.28 0.84616
13.36 0.918527
13.44 0.970225
13.52 1
