0 0 0
0.08 2.73424e-75 -3.66243e-82
0.16 4.40983e-70 -4.61788e-75
0.24 5.68922e-66 -1.85335e-70
0.32 1.71877e-62 -1.27029e-66
0.4 1.69784e-59 -2.3279e-63
0.48 7.37848e-57 -1.6719e-60
0.56 1.65225e-54 -5.69507e-58
0.64 2.15972e-52 -7.42094e-56
0.72 1.40104e-50 -7.03661e-54
0.8 7.27545e-49 -4.65729e-52
0.88 2.80637e-47 -2.26587e-50
0.96 8.29712e-46 -8.3431e-49
1.04 1.94324e-44 -2.40045e-47
1.12 3.70704e-43 -5.55314e-46
1.2 5.89639e-42 -1.05845e-44
1.28 7.97609e-41 -1.69715e-43
1.36 9.33173e-40 -2.33042e-42
1.44 9.58049e-39 -2.78279e-41
1.52 8.73972e-38 -2.92839e-40
1.6 7.16156e-37 -2.74736e-39
1.68 5.32155e-36 -2.32134e-38
1.76 3.61583e-35 -1.78226e-37
1.84 2.26311e-34 -1.25321e-36
1.92 1.31328e-33 -8.12685e-36
2 7.1069e-33 -4.8906e-35
2.08 3.60508e-32 -2.74629e-34
2.16 1.72216e-31 -1.44619e-33
2.24 7.77972e-31 -7.17352e-33
2.32 3.33593e-30 -3.36517e-32
2.4 1.36241e-29 -1.49838e-31
2.48 5.31586e-29 -6.35328e-31
2.56 1.98714e-28 -2.5729e-30
2.64 7.13473e-28 -9.97857e-30
2.72 2.47826e-27 -3.71534e-29
2.8 8.28233e-27 -1.33457e-28
2.88 2.67459e-26 -4.62148e-28
2.96 8.36233e-26 -1.55215e-27
3.04 2.53566e-25 -5.02992e-27
3.12 7.46813e-25 -1.57854e-26
3.2 2.13946e-24 -4.80574e-26
3.28 5.9694e-24 -1.42132e-25
3.36 1.62412e-23 -4.08893e-25
3.44 4.31368e-23 -1.14561e-24
3.52 1.11963e-22 -3.12937e-24
3.6 2.84262e-22 -8.34289e-24
3.68 7.06598e-22 -2.17288e-23
3.76 1.7211e-21 -5.53362e-23
3.84 4.11121e-21 -1.37913e-22
3.92 9.63801e-21 -3.36647e-22
4 2.21907e-20 -8.05461e-22
4.08 5.02127e-20 -1.89028e-21
4.16 1.11736e-19 -4.35427e-21
4.24 2.44666e-19 -9.85128e-21
4.32 5.27482e-19 -2.19041e-20
4.4 1.1203e-18 -4.78925e-20
4.48 2.34522e-18 -1.0303e-19
4.56 4.84141e-18 -2.18196e-19
4.64 9.86064e-18 -4.55137e-19
4.72 1.98235e-17 -9.35544e-19
4.8 3.93539e-17 -1.89593e-18
4.88 7.71798e-17 -3.7898e-18
4.96 1.49589e-16 -7.47551e-18
5.04 2.86639e-16 -1.45575e-17
5.12 5.43209e-16 -2.79985e-17
5.2 1.01845e-15 -5.32064e-17
5.28 1.88972e-15 -9.99416e-17
5.36 3.47114e-15 -1.8563e-16
5.44 6.31378e-15 -3.4106e-16
5.52 1.13755e-14 -6.20081e-16
5.6 2.03065e-14 -1.11597e-15
5.68 3.59246e-14 -1.98876e-15
5.76 6.30008e-14 -3.51057e-15
5.84 1.09547e-13 -6.14001e-15
5.92 1.88908e-13 -1.06435e-14
6 3.2314e-13 -1.8291e-14
6.08 5.48414e-13 -3.11708e-14
6.16 9.23615e-13 -5.2689e-14
6.24 1.5439e-12 -8.83606e-14
6.32 2.56196e-12 -1.47049e-13
6.4 4.2211e-12 -2.42896e-13
6.48 6.90641e-12 -3.98312e-13
6.56 1.12233e-11 -6.48571e-13
6.64 1.81177e-11 -1.04882e-12
6.72 2.90574e-11 -1.68472e-12
6.8 4.63074e-11 -2.68853e-12
6.88 7.334e-11 -4.26314e-12
6.96 1.15448e-10 -6.71796e-12
7.04 1.80654e-10 -1.05221e-11
7.12 2.81042e-10 -1.63827e-11
7.2 4.34725e-10 -2.53597e-11
7.28 6.68692e-10 -3.90331e-11
7.36 1.02295e-09 -5.97457e-11
7.44 1.5565e-09 -9.09527e-11
7.52 2.35588e-09 -1.37724e-10
7.6 3.54742e-09 -2.0746e-10
7.68 5.31457e-09 -3.10911e-10
7.76 7.9225e-09 -4.63616e-10
7.84 1.17526e-08 -6.8793e-10
7.92 1.7351e-08 -1.01586e-09
8 2.54958e-08 -1.49302e-09
8.08 3.7291e-08 -2.18413e-09
8.16 5.42959e-08 -3.18059e-09
8.24 7.87028e-08 -4.61095e-09
8.32 1.13581e-07 -6.65519e-09
8.4 1.63212e-07 -9.56422e-09
8.48 2.33535e-07 -1.36865e-08
8.56 3.32768e-07 -1.95037e-08
8.64 4.72225e-07 -2.76792e-08
8.72 6.67424e-07 -3.91232e-08
8.8 9.39571e-07 -5.5079e-08
8.88 1.31752e-06 -7.72389e-08
8.96 1.84041e-06 -1.07897e-07
9.04 2.56108e-06 -1.50154e-07
9.12 3.55068e-06 -2.0818e-07
9.2 4.90457e-06 -2.87568e-07
9.28 6.75019e-06 -3.95792e-07
9.36 9.25721e-06 -5.428e-07
9.44 1.26507e-05 -7.41794e-07
9.52 1.72283e-05 -1.01023e-06
9.6 2.33821e-05 -1.37109e-06
9.68 3.16271e-05 -1.85459e-06
9.76 4.26372e-05 -2.50024e-06
9.84 5.72918e-05 -3.35962e-06
9.92 7.67341e-05 -4.49977e-06
10 0.000102446 -6.0076e-06
10.08 0.000136343 -7.99541e-06
10.16 0.00018089 -1.06078e-05
10.24 0.000239256 -1.40306e-05
10.32 0.000315493 -1.85014e-05
10.4 0.000414777 -2.43238e-05
10.48 0.00054369 -3.18838e-05
10.56 0.000710584 -4.16712e-05
10.64 0.000926026 -5.43056e-05
10.72 0.00120334 -7.05684e-05
10.8 0.00155928 -9.14425e-05
10.88 0.00201487 -0.00011816
10.96 0.00259638 -0.000152263
11.04 0.00333659 -0.000195672
11.12 0.00427624 -0.000250777
11.2 0.00546587 -0.000320543
11.28 0.00696798 -0.000408633
11.36 0.00885965 -0.00051957
11.44 0.0112357 -0.000658912
11.52 0.0142124 -0.000833482
11.6 0.0179322 -0.00105162
11.68 0.0225686 -0.00132352
11.76 0.028333 -0.00166158
11.84 0.035482 -0.00208083
11.92 0.0443264 -0.00259951
12 0.0552412 -0.00323961
12.08 0.0686785 -0.00402763
12.16 0.0851814 -0.00499544
12.24 0.105401 -0.00618119
12.32 0.130114 -0.00763053
12.4 0.16025 -0.00939785
12.48 0.196913 -0.0115479
12.56 0.241411 -0.0141575
12.64 0.295295 -0.0173175
12.72 0.360395 -0.0211353
12.8 0.438867 -0.0257373
12.88 0.533243 -0.0312719
12.96 0.646491 -0.0379134
13.04 0.782082 -0.0458651
13.12 0.944062 -0.0553644
13.2 1.13714 -0.0666874
13.28 1.36678 -0.0801545
13.36 1.6393 -0.0961367
13.44 1.96202 -0.115062
13.52 2.3433 -0.137422
