0 0 0
0.08 8.4281e-49 -1.79013e-55
0.16 1.70816e-44 -2.67888e-49
0.24 1.61457e-41 -7.18325e-46
0.32 5.84723e-39 -5.40657e-43
0.4 8.82891e-37 -1.52297e-40
0.48 6.68031e-35 -1.91848e-38
0.56 2.94984e-33 -1.2919e-36
0.64 8.48986e-32 -5.32563e-35
0.72 1.72689e-30 -1.48129e-33
0.8 2.63824e-29 -2.98493e-32
0.88 3.17211e-28 -4.59782e-31
0.96 3.11346e-27 -5.64333e-30
1.04 2.56817e-26 -5.70358e-29
1.12 1.82245e-25 -4.8736e-28
1.2 1.13407e-24 -3.59734e-27
1.28 6.28671e-24 -2.33475e-26
1.36 3.14564e-23 -1.3522e-25
1.44 1.43647e-22 -7.07568e-25
1.52 6.04311e-22 -3.38057e-24
1.6 2.3609e-21 -1.48803e-23
1.68 8.6683e-21 -6.0812e-23
1.76 2.9843e-20 -2.32344e-22
1.84 9.71066e-20 -8.36621e-22
1.92 3.00079e-19 -2.85731e-21
2 8.84254e-19 -9.23424e-21
2.08 2.49364e-18 -2.84147e-20
2.16 6.75144e-18 -8.35722e-20
2.24 1.75996e-17 -2.35715e-19
2.32 4.42858e-17 -6.39425e-19
2.4 1.07816e-16 -1.67268e-18
2.48 2.54489e-16 -4.22942e-18
2.56 5.83496e-16 -1.03593e-17
2.64 1.3018e-15 -2.46268e-17
2.72 2.83055e-15 -5.69231e-17
2.8 6.0069e-15 -1.28139e-16
2.88 1.24585e-14 -2.81348e-16
2.96 2.52843e-14 -6.03359e-16
3.04 5.02702e-14 -1.26542e-15
3.12 9.80181e-14 -2.5986e-15
3.2 1.87617e-13 -5.23076e-15
3.28 3.5287e-13 -1.03313e-14
3.36 6.52699e-13 -2.0041e-14
3.44 1.18829e-12 -3.82151e-14
3.52 2.13095e-12 -7.16892e-14
3.6 3.76688e-12 -1.32402e-13
3.68 6.56805e-12 -2.40911e-13
3.76 1.13034e-11 -4.32122e-13
3.84 1.92114e-11 -7.64526e-13
3.92 3.2264e-11 -1.33487e-12
4 5.35687e-11 -2.3012e-12
4.08 8.79716e-11 -3.91854e-12
4.16 1.42956e-10 -6.59358e-12
4.24 2.29971e-10 -1.09674e-11
4.32 3.66365e-10 -1.8039e-11
4.4 5.78209e-10 -2.93488e-11
4.48 9.04331e-10 -4.72458e-11
4.56 1.40209e-09 -7.52753e-11
4.64 2.15554e-09 -1.18734e-10
4.72 3.28686e-09 -1.85456e-10
4.8 4.97237e-09 -2.86923e-10
4.88 7.46454e-09 -4.39798e-10
4.96 1.11223e-08 -6.68061e-10
5.04 1.64525e-08 -1.00591e-09
5.12 2.41654e-08 -1.50173e-09
5.2 3.52505e-08 -2.22341e-09
5.28 5.10764e-08 -3.26549e-09
5.36 7.35243e-08 -4.75865e-09
5.44 1.05164e-07 -6.8822e-09
5.52 1.49482e-07 -9.88056e-09
5.6 2.11186e-07 -1.40846e-08
5.68 2.96586e-07 -1.99394e-08
5.76 4.141e-07 -2.80397e-08
5.84 5.74888e-07 -3.9176e-08
5.92 7.93662e-07 -5.4392e-08
6 1.08972e-06 -7.50583e-08
6.08 1.48822e-06 -1.02965e-07
6.16 2.02181e-06 -1.40435e-07
6.24 2.73262e-06 -1.90471e-07
6.32 3.67476e-06 -2.56931e-07
6.4 4.91734e-06 -3.44744e-07
6.48 6.54821e-06 -4.6018e-07
6.56 8.67853e-06 -6.11176e-07
6.64 1.14482e-05 -8.07723e-07
6.72 1.50326e-05 -1.06235e-06
6.8 1.96503e-05 -1.39067e-06
6.88 2.55729e-05 -1.81209e-06
6.96 3.31356e-05 -2.35058e-06
7.04 4.27511e-05 -3.03564e-06
7.12 5.49248e-05 -3.90337e-06
7.2 7.02727e-05 -4.99784e-06
7.28 8.95428e-05 -6.37251e-06
7.36 0.000113639 -8.092e-06
7.44 0.000143649 -1.02341e-05
7.52 0.000180877 -1.2892e-05
7.6 0.000226878 -1.6177e-05
7.68 0.0002835 -2.02211e-05
7.76 0.00035293 -2.51808e-05
7.84 0.000437746 -3.12403e-05
7.92 0.000540969 -3.86158e-05
8 0.000666133 -4.75597e-05
8.08 0.000817348 -5.8366e-05
8.16 0.000999375 -7.13752e-05
8.24 0.00121771 -8.69801e-05
8.32 0.00147866 -0.000105632
8.4 0.00178946 -0.000127847
8.48 0.00215832 -0.000154214
8.56 0.00259458 -0.0001854
8.64 0.00310878 -0.000222159
8.72 0.00371277 -0.000265337
8.8 0.00441982 -0.000315882
8.88 0.00524469 -0.000374852
8.96 0.00620377 -0.000443418
9.04 0.00731516 -0.000522873
9.12 0.00859872 -0.000614638
9.2 0.0100762 -0.000720264
9.28 0.0117711 -0.000841438
9.36 0.0137089 -0.000979985
9.44 0.0159172 -0.00113786
9.52 0.0184252 -0.00131717
9.6 0.021264 -0.00152013
9.68 0.0244665 -0.00174909
9.76 0.0280668 -0.0020065
9.84 0.0321009 -0.00229491
9.92 0.0366053 -0.00261695
10 0.0416175 -0.0029753
10.08 0.0471754 -0.00337266
10.16 0.0533166 -0.00381172
10.24 0.060078 -0.00429514
10.32 0.0674954 -0.00482544
10.4 0.0756024 -0.00540506
10.48 0.08443 -0.00603618
10.56 0.0940052 -0.00672076
10.64 0.104351 -0.00746043
10.72 0.115484 -0.00825639
10.8 0.127415 -0.00910941
10.88 0.140147 -0.0100197
10.96 0.153673 -0.0109867
11.04 0.167977 -0.0120094
11.12 0.183032 -0.0130857
11.2 0.198797 -0.0142129
11.28 0.215218 -0.0153869
11.36 0.232228 -0.016603
11.44 0.249741 -0.0178551
11.52 0.267656 -0.0191359
11.6 0.285854 -0.020437
11.68 0.304199 -0.0217486
11.76 0.322535 -0.0230596
11.84 0.340688 -0.0243574
11.92 0.358465 -0.0256283
12 0.375654 -0.0268573
12.08 0.392026 -0.0280278
12.16 0.407336 -0.0291224
12.24 0.421321 -0.0301223
12.32 0.433709 -0.031008
12.4 0.444214 -0.031759
12.48 0.45254 -0.0323543
12.56 0.458389 -0.0327725
12.64 0.461459 -0.032992
12.72 0.461451 -0.0329914
12.8 0.458071 -0.0327498
12.88 0.451037 -0.0322469
12.96 0.440082 -0.0314637
13.04 0.424962 -0.0303827
13.12 0.405456 -0.0289882
13.2 0.38138 -0.0272668
13.28 0.352583 -0.0252081
13.36 0.318961 -0.0228043
13.44 0.280458 -0.0200515
13.52 0.237085 -0.0169506
