0 0 0
0.08 1.21493e-17 -6.39453e-24
0.16 3.25235e-15 -2.0664e-19
0.24 1.86364e-13 -4.0495e-17
0.32 3.90035e-12 -1.89129e-15
0.4 4.29598e-11 -3.73684e-14
0.48 3.09154e-10 -4.24441e-13
0.56 1.64702e-09 -3.28417e-12
0.64 7.05177e-09 -1.91709e-11
0.72 2.53014e-08 -9.05813e-11
0.8 7.91313e-08 -3.62008e-10
0.88 2.21339e-07 -1.25448e-09
0.96 5.64298e-07 -3.87626e-09
1.04 1.33036e-06 -1.08833e-08
1.12 2.93314e-06 -2.81668e-08
1.2 6.10205e-06 -6.7958e-08
1.28 1.20651e-05 -1.54234e-07
1.36 2.28062e-05 -3.31694e-07
1.44 4.14159e-05 -6.80026e-07
1.52 7.25507e-05 -1.33577e-06
1.6 0.00012302 -2.52459e-06
1.68 0.000202508 -4.60751e-06
1.76 0.000324443 -8.14504e-06
1.84 0.000506999 -1.39838e-05
1.92 0.000774229 -2.33702e-05
2 0.0011573 -3.80962e-05
2.08 0.00169576 -6.0681e-05
2.16 0.00243884 -9.45918e-05
2.24 0.00344666 -0.000144507
2.32 0.00479125 -0.000216619
2.4 0.00655737 -0.00031898
2.48 0.00884292 -0.000461871
2.56 0.011759 -0.000658212
2.64 0.0154292 -0.000923968
2.72 0.0199887 -0.00127856
2.8 0.0255823 -0.00174527
2.88 0.0323621 -0.00235157
2.96 0.0404846 -0.00312942
3.04 0.0501069 -0.00411546
3.12 0.0613827 -0.00535109
3.2 0.0744583 -0.00688246
3.28 0.0894675 -0.00876016
3.36 0.106527 -0.0110389
3.44 0.125733 -0.0137767
3.52 0.147153 -0.0170342
3.6 0.170826 -0.0208732
3.68 0.196755 -0.0253554
3.76 0.224901 -0.0305402
3.84 0.255186 -0.0364826
3.92 0.28748 -0.0432307
4 0.321603 -0.0508222
4.08 0.357319 -0.0592818
4.16 0.394334 -0.0686169
4.24 0.432293 -0.0788144
4.32 0.470777 -0.0898372
4.4 0.509307 -0.101621
4.48 0.547343 -0.114072
4.56 0.58428 -0.127061
4.64 0.619454 -0.140429
4.72 0.65214 -0.153978
4.8 0.681566 -0.167478
4.88 0.706912 -0.180665
4.96 0.727326 -0.193247
5.04 0.741934 -0.204905
5.12 0.749852 -0.215304
5.2 0.750209 -0.224092
5.28 0.742157 -0.230913
5.36 0.724901 -0.235415
5.44 0.697714 -0.237255
5.52 0.659968 -0.23611
5.6 0.61115 -0.231685
5.68 0.550894 -0.223724
5.76 0.479001 -0.212016
5.84 0.395463 -0.196406
5.92 0.300483 -0.1768
6 0.194492 -0.153172
6.08 0.0781663 -0.125574
6.16 -0.0475683 -0.0941362
6.24 -0.181527 -0.0590736
6.32 -0.32227 -0.0206869
6.4 -0.468109 0.0206367
6.48 -0.617121 0.0644248
6.56 -0.767168 0.110123
6.64 -0.915925 0.157101
6.72 -1.06092 0.20466
6.8 -1.19955 0.252039
6.88 -1.32918 0.298432
6.96 -1.44712 0.342998
7.04 -1.55075 0.384876
7.12 -1.63753 0.423204
7.2 -1.7051 0.457134
7.28 -1.75129 0.485852
7.36 -1.77423 0.508599
7.44 -1.77238 0.524688
7.52 -1.7446 0.533523
7.6 -1.69018 0.534617
7.68 -1.60889 0.52761
7.76 -1.50101 0.512282
7.84 -1.36735 0.488566
7.92 -1.20927 0.456555
8 -1.02867 0.416514
8.08 -0.827992 0.368876
8.16 -0.610167 0.314245
8.24 -0.378602 0.253391
8.32 -0.137118 0.187241
8.4 0.110116 0.116863
8.48 0.358652 0.0434539
8.56 0.60385 -0.0316856
8.64 0.840972 -0.107171
8.72 1.06528 -0.181564
8.8 1.27214 -0.253399
8.88 1.45712 -0.321217
8.96 1.61611 -0.383596
9.04 1.74543 -0.439185
9.12 1.84188 -0.486734
9.2 1.90289 -0.525128
9.28 1.92655 -0.553415
9.36 1.91171 -0.570834
9.44 1.85801 -0.576836
9.52 1.76591 -0.571102
9.6 1.6367 -0.553562
9.68 1.47253 -0.524399
9.76 1.27634 -0.484053
9.84 1.05185 -0.43322
9.92 0.803473 -0.372842
10 0.536251 -0.304091
10.08 0.255736 -0.22835
10.16 -0.0321081 -0.147182
10.24 -0.321045 -0.0623058
10.32 -0.604698 0.0244487
10.4 -0.876695 0.111174
10.48 -1.13082 0.195933
10.56 -1.36117 0.276796
10.64 -1.56227 0.351897
10.72 -1.72925 0.419469
10.8 -1.85795 0.477893
10.88 -1.94503 0.525738
10.96 -1.98808 0.5618
11.04 -1.98568 0.585133
11.12 -1.93747 0.595074
11.2 -1.84415 0.591272
11.28 -1.7075 0.573693
11.36 -1.53037 0.542631
11.44 -1.31658 0.498705
11.52 -1.07091 0.442849
11.6 -0.798925 0.376297
11.68 -0.506922 0.300551
11.76 -0.201737 0.217356
11.84 0.109396 0.128655
11.92 0.419019 0.0365458
12 0.71963 -0.0567667
12.08 1.00387 -0.149026
12.16 1.26471 -0.237979
12.24 1.49562 -0.321431
12.32 1.69075 -0.397301
12.4 1.84507 -0.463676
12.48 1.95453 -0.518863
12.56 2.01616 -0.561428
12.64 2.02814 -0.590242
12.72 1.98988 -0.604509
12.8 1.90205 -0.60379
12.88 1.76657 -0.588019
12.96 1.58658 -0.557511
13.04 1.36636 -0.512953
13.12 1.11125 -0.455393
13.2 0.827504 -0.386218
13.28 0.522161 -0.307121
13.36 0.202862 -0.220058
13.44 -0.122343 -0.127206
13.52 -0.445147 -0.0309164
