0 -0 -0
0.08 -4.72095e-35 1.35804e-41
0.16 -1.06352e-31 2.68954e-36
0.24 -4.64655e-29 3.94322e-33
0.32 -6.17005e-27 1.19425e-30
0.4 -3.46896e-25 1.24077e-28
0.48 -1.04636e-23 6.07462e-27
0.56 -1.98003e-22 1.71572e-25
0.64 -2.61372e-21 3.18722e-24
0.72 -2.59361e-20 4.25787e-23
0.8 -2.04271e-19 4.36009e-22
0.88 -1.3298e-18 3.58805e-21
0.96 -7.38064e-18 2.45991e-20
1.04 -3.57781e-17 1.44488e-19
1.12 -1.54405e-16 7.43409e-19
1.2 -6.02438e-16 3.41065e-18
1.28 -2.16079e-15 1.41567e-17
1.36 -7.14901e-15 5.39478e-17
1.44 -2.20606e-14 1.90805e-16
1.52 -6.39721e-14 6.2712e-16
1.6 -1.75423e-13 1.93391e-15
1.68 -4.5733e-13 5.63206e-15
1.76 -1.13874e-12 1.55739e-14
1.84 -2.71905e-12 4.10823e-14
1.92 -6.24784e-12 1.038e-13
2 -1.3858e-11 2.52092e-13
2.08 -2.9752e-11 5.90336e-13
2.16 -6.19764e-11 1.33662e-12
2.24 -1.25536e-10 2.93325e-12
2.32 -2.47731e-10 6.25263e-12
2.4 -4.77109e-10 1.29717e-11
2.48 -8.98167e-10 2.62364e-11
2.56 -1.65505e-09 5.18166e-11
2.64 -2.98907e-09 1.00069e-10
2.72 -5.29703e-09 1.89214e-10
2.8 -9.22056e-09 3.50689e-10
2.88 -1.57807e-08 6.37769e-10
2.96 -2.65776e-08 1.13916e-09
3.04 -4.4083e-08 2.00011e-09
3.12 -7.20622e-08 3.45472e-09
3.2 -1.16175e-07 5.87447e-09
3.28 -1.84822e-07 9.84015e-09
3.36 -2.90315e-07 1.62469e-08
3.44 -4.50495e-07 2.64551e-08
3.52 -6.90909e-07 4.2505e-08
3.6 -1.04775e-06 6.74162e-08
3.68 -1.57175e-06 1.05602e-07
3.76 -2.33329e-06 1.63432e-07
3.84 -3.42906e-06 2.49993e-07
3.92 -4.99066e-06 3.78093e-07
4 -7.1955e-06 5.65584e-07
4.08 -1.02808e-05 8.37071e-07
4.16 -1.45607e-05 1.2261e-06
4.24 -2.04484e-05 1.77793e-06
4.32 -2.84826e-05 2.55299e-06
4.4 -3.93604e-05 3.63116e-06
4.48 -5.39773e-05 5.11701e-06
4.56 -7.34754e-05 7.14612e-06
4.64 -9.93005e-05 9.89265e-06
4.72 -0.000133271 1.35783e-05
4.8 -0.000177659 1.8483e-05
4.88 -0.000235283 2.49569e-05
4.96 -0.000309617 3.34347e-05
5.04 -0.000404919 4.4452e-05
5.12 -0.000526371 5.86636e-05
5.2 -0.000680241 7.68639e-05
5.28 -0.000874065 0.000100011
5.36 -0.00111685 0.00012925
5.44 -0.00141929 0.000165945
5.52 -0.00179401 0.000211707
5.6 -0.00225583 0.000268425
5.68 -0.00282203 0.000338306
5.76 -0.00351263 0.000423906
5.84 -0.00435071 0.000528171
5.92 -0.00536272 0.000654475
6 -0.00657871 0.000806657
6.08 -0.00803272 0.000989057
6.16 -0.00976297 0.00120655
6.24 -0.0118121 0.00146459
6.32 -0.0142276 0.00176919
6.4 -0.0170614 0.00212702
6.48 -0.0203706 0.00254534
6.56 -0.0242171 0.00303202
6.64 -0.0286675 0.00359557
6.72 -0.033793 0.00424506
6.8 -0.039669 0.00499006
6.88 -0.0463744 0.00584066
6.96 -0.0539912 0.00680729
7.04 -0.0626035 0.00790064
7.12 -0.0722963 0.00913155
7.2 -0.0831545 0.0105108
7.28 -0.095261 0.012049
7.36 -0.108695 0.0137562
7.44 -0.123531 0.0156419
7.52 -0.139836 0.0177145
7.6 -0.157664 0.019981
7.68 -0.177059 0.0224472
7.76 -0.19805 0.0251164
7.84 -0.220646 0.0279899
7.92 -0.244834 0.0310662
8 -0.270577 0.0343405
8.08 -0.297812 0.0378047
8.16 -0.326442 0.0414467
8.24 -0.356338 0.0452501
8.32 -0.387336 0.0491938
8.4 -0.41923 0.0532519
8.48 -0.451776 0.0573932
8.56 -0.484686 0.0615812
8.64 -0.517629 0.0657738
8.72 -0.550231 0.0699234
8.8 -0.582073 0.0739769
8.88 -0.612697 0.0778759
8.96 -0.641602 0.0815569
9.04 -0.668254 0.0849519
9.12 -0.692084 0.0879885
9.2 -0.712499 0.0905914
9.28 -0.728883 0.0926822
9.36 -0.74061 0.0941814
9.44 -0.747049 0.0950087
9.52 -0.747576 0.0950846
9.6 -0.741582 0.0943319
9.68 -0.728489 0.0926769
9.76 -0.70776 0.0900511
9.84 -0.678908 0.0863929
9.92 -0.641519 0.0816492
10 -0.595255 0.0757773
10.08 -0.539874 0.0687461
10.16 -0.475242 0.0605385
10.24 -0.401343 0.0511525
10.32 -0.318293 0.0406025
10.4 -0.226349 0.0289211
10.48 -0.125916 0.0161598
10.56 -0.0175562 0.0023899
10.64 0.0980074 -0.0122969
10.72 0.21989 -0.0277882
10.8 0.347046 -0.0439512
10.88 0.478272 -0.0606329
10.96 0.612214 -0.0776613
11.04 0.747378 -0.0948467
11.12 0.882143 -0.111983
11.2 1.01478 -0.128851
11.28 1.14347 -0.145219
11.36 1.26634 -0.160847
11.44 1.38145 -0.175492
11.52 1.48689 -0.188908
11.6 1.58073 -0.200853
11.68 1.66114 -0.21109
11.76 1.72634 -0.219395
11.84 1.7747 -0.225561
11.92 1.80474 -0.2294
12 1.81519 -0.230748
12.08 1.805 -0.229473
12.16 1.77338 -0.225475
12.24 1.71984 -0.218689
12.32 1.6442 -0.209094
12.4 1.54662 -0.196709
12.48 1.42761 -0.181599
12.56 1.28804 -0.163875
12.64 1.12916 -0.143695
12.72 0.952584 -0.121262
12.8 0.760267 -0.0968267
12.88 0.554519 -0.0706816
12.96 0.337958 -0.0431596
13.04 0.11349 -0.0146298
13.12 -0.115732 0.0145073
13.2 -0.346355 0.0438254
13.28 -0.574872 0.0728789
13.36 -0.797684 0.10121
13.44 -1.01115 0.128357
13.52 -1.21164 0.153856
