0 0 0
0.08 3.20067e-78 -4.08102e-85
0.16 6.44261e-73 -3.48581e-78
0.24 1.0276e-68 -1.97473e-73
0.32 3.8176e-65 -1.79087e-69
0.4 4.58868e-62 -4.18519e-66
0.48 2.40876e-59 -3.7459e-63
0.56 6.45618e-57 -1.56079e-60
0.64 1.00163e-54 -3.52279e-58
0.72 7.47862e-53 -3.48e-56
0.8 4.4826e-51 -2.48152e-54
0.88 1.98549e-49 -1.32248e-52
0.96 6.69942e-48 -5.37918e-51
1.04 1.77991e-46 -1.71483e-49
1.12 3.82947e-45 -4.39468e-48
1.2 6.83159e-44 -9.2607e-47
1.28 1.03099e-42 -1.63662e-45
1.36 1.33896e-41 -2.46791e-44
1.44 1.51869e-40 -3.22346e-43
1.52 1.52367e-39 -3.69524e-42
1.6 1.36725e-38 -3.7611e-41
1.68 1.10804e-37 -3.43365e-40
1.76 8.17938e-37 -2.83707e-39
1.84 5.54125e-36 -2.13855e-38
1.92 3.46831e-35 -1.48109e-37
2 2.01758e-34 -9.48427e-37
2.08 1.09661e-33 -5.64748e-36
2.16 5.59569e-33 -3.14302e-35
2.24 2.6921e-32 -1.64241e-34
2.32 1.22588e-31 -8.09224e-34
2.4 5.30211e-31 -3.77358e-33
2.48 2.18512e-30 -1.67123e-32
2.56 8.60584e-30 -7.05162e-32
2.64 3.24755e-29 -2.84295e-31
2.72 1.17712e-28 -1.09809e-30
2.8 4.10742e-28 -4.07342e-30
2.88 1.38879e-27 -1.45454e-29
2.96 4.52725e-27 -5.04605e-29
3.04 1.42841e-26 -1.68706e-28
3.12 4.37015e-26 -5.45723e-28
3.2 1.29852e-25 -1.71127e-27
3.28 3.75272e-25 -5.21049e-27
3.36 1.05627e-24 -1.5428e-26
3.44 2.89925e-24 -4.44845e-26
3.52 7.76957e-24 -1.25064e-25
3.6 2.03511e-23 -3.43231e-25
3.68 5.2157e-23 -9.20535e-25
3.76 1.30915e-22 -2.41501e-24
3.84 3.22121e-22 -6.20318e-24
3.92 7.7762e-22 -1.5613e-23
4 1.84323e-21 -3.85354e-23
4.08 4.29321e-21 -9.33341e-23
4.16 9.83276e-21 -2.21974e-22
4.24 2.21587e-20 -5.18686e-22
4.32 4.91645e-20 -1.19148e-21
4.4 1.0746e-19 -2.69196e-21
4.48 2.31509e-19 -5.98504e-21
4.56 4.91848e-19 -1.31003e-20
4.64 1.03096e-18 -2.82425e-20
4.72 2.13303e-18 -5.99958e-20
4.8 4.3579e-18 -1.25637e-19
4.88 8.79542e-18 -2.59458e-19
4.96 1.75428e-17 -5.28625e-19
5.04 3.45907e-17 -1.06299e-18
5.12 6.74505e-17 -2.1105e-18
5.2 1.30111e-16 -4.13883e-18
5.28 2.48361e-16 -8.01999e-18
5.36 4.69264e-16 -1.53615e-17
5.44 8.77885e-16 -2.9095e-17
5.52 1.62652e-15 -5.45102e-17
5.6 2.98535e-15 -1.01056e-16
5.68 5.42939e-15 -1.85446e-16
5.76 9.78649e-15 -3.36963e-16
5.84 1.74873e-14 -6.06445e-16
5.92 3.09836e-14 -1.08136e-15
6 5.44432e-14 -1.91095e-15
6.08 9.48956e-14 -3.34763e-15
6.16 1.64106e-13 -5.81502e-15
6.24 2.81615e-13 -1.00184e-14
6.32 4.79645e-13 -1.71228e-14
6.4 8.10946e-13 -2.90392e-14
6.48 1.36127e-12 -4.88783e-14
6.56 2.26907e-12 -8.1669e-14
6.64 3.75636e-12 -1.35485e-13
6.72 6.17689e-12 -2.23202e-13
6.8 1.00906e-11 -3.65219e-13
6.88 1.63785e-11 -5.93649e-13
6.96 2.64176e-11 -9.58729e-13
7.04 4.23483e-11 -1.53857e-12
7.12 6.7477e-11 -2.4539e-12
7.2 1.06883e-10 -3.89025e-12
7.28 1.68322e-10 -6.13104e-12
7.36 2.63577e-10 -9.6069e-12
7.44 4.10444e-10 -1.49685e-11
7.52 6.35666e-10 -2.31937e-11
7.6 9.79213e-10 -3.57445e-11
7.68 1.50052e-09 -5.47951e-11
7.76 2.28754e-09 -8.35629e-11
7.84 3.46974e-09 -1.26785e-10
7.92 5.23681e-09 -1.91404e-10
8 7.86534e-09 -2.8754e-10
8.08 1.17567e-08 -4.29886e-10
8.16 1.74909e-08 -6.39665e-10
8.24 2.59017e-08 -9.47401e-10
8.32 3.8183e-08 -1.3968e-09
8.4 5.60367e-08 -2.05015e-09
8.48 8.18778e-08 -2.99587e-09
8.56 1.1912e-07 -4.35891e-09
8.64 1.72567e-07 -6.31516e-09
8.72 2.48952e-07 -9.11111e-09
8.8 3.57674e-07 -1.30909e-08
8.88 5.11803e-07 -1.87329e-08
8.96 7.29436e-07 -2.66999e-08
9.04 1.03554e-06 -3.7906e-08
9.12 1.46445e-06 -5.36077e-08
9.2 2.06313e-06 -7.55255e-08
9.28 2.8957e-06 -1.06006e-07
9.36 4.04928e-06 -1.4824e-07
9.44 5.64186e-06 -2.06547e-07
9.52 7.83269e-06 -2.86757e-07
9.6 1.08359e-05 -3.96711e-07
9.68 1.49385e-05 -5.46917e-07
9.76 2.05238e-05 -7.5141e-07
9.84 2.8102e-05 -1.02887e-06
9.92 3.835e-05 -1.40408e-06
10 5.21631e-05 -1.90983e-06
10.08 7.07211e-05 -2.5893e-06
10.16 9.55742e-05 -3.49926e-06
10.24 0.000128753 -4.71405e-06
10.32 0.000172908 -6.33074e-06
10.4 0.00023149 -8.47566e-06
10.48 0.000308977 -1.13128e-05
10.56 0.000411161 -1.50541e-05
10.64 0.000545514 -1.99733e-05
10.72 0.000721646 -2.64223e-05
10.8 0.000951879 -3.4852e-05
10.88 0.00125197 -4.58395e-05
10.96 0.001642 -6.01201e-05
11.04 0.00214751 -7.8629e-05
11.12 0.00280087 -0.000102551
11.2 0.00364301 -0.000133386
11.28 0.00472554 -0.000173022
11.36 0.00611333 -0.000223835
11.44 0.00788773 -0.000288803
11.52 0.0101505 -0.000371652
11.6 0.0130285 -0.000477028
11.68 0.0166795 -0.000610709
11.76 0.0212995 -0.000779866
11.84 0.0271307 -0.000993371
11.92 0.0344722 -0.00126218
12 0.0436923 -0.00159976
12.08 0.0552432 -0.00202269
12.16 0.0696788 -0.00255124
12.24 0.0876757 -0.00321019
12.32 0.110059 -0.00402974
12.4 0.137831 -0.0050466
12.48 0.172209 -0.00630532
12.56 0.214663 -0.00785976
12.64 0.26697 -0.00977494
12.72 0.331268 -0.0121292
12.8 0.410124 -0.0150164
12.88 0.506617 -0.0185494
12.96 0.624422 -0.0228628
13.04 0.767928 -0.0281172
13.12 0.942352 -0.0345036
13.2 1.15389 -0.0422488
13.28 1.40987 -0.0516213
13.36 1.71895 -0.0629383
13.44 2.09136 -0.0765736
13.52 2.53903 -0.0929649
