0 0 0
0.08 0.0177136 -4.7336e-08
0.16 0.0686042 -5.68532e-05
0.24 0.151378 -0.000331904
0.32 0.261025 -0.00108101
0.4 0.391748 -0.00263043
0.48 0.536543 -0.00534812
0.56 0.687454 -0.00960874
0.64 0.835937 -0.0157559
0.72 0.973224 -0.0240637
0.8 1.09071 -0.0346996
0.88 1.18034 -0.0476916
0.96 1.23496 -0.0629021
1.04 1.24865 -0.0800098
1.12 1.21704 -0.0985021
1.2 1.1375 -0.117679
1.28 1.00935 -0.136667
1.36 0.833903 -0.154449
1.44 0.614529 -0.169901
1.52 0.356548 -0.181842
1.6 0.0670795 -0.189092
1.68 -0.245163 -0.190533
1.76 -0.570174 -0.185174
1.84 -0.897009 -0.172216
1.92 -1.21418 -0.151116
2 -1.5101 -0.121634
2.08 -1.77351 -0.0838847
2.16 -1.99392 -0.0383623
2.24 -2.16207 0.0140449
2.32 -2.27029 0.0720579
2.4 -2.31285 0.134031
2.48 -2.28622 0.197992
2.56 -2.18928 0.261707
2.64 -2.0234 0.322755
2.72 -1.79247 0.378619
2.8 -1.50279 0.426794
2.88 -1.16287 0.46489
2.96 -0.783175 0.490746
3.04 -0.375747 0.502536
3.12 0.0462354 0.498874
3.2 0.46893 0.478868
3.28 0.878344 0.442228
3.36 1.26085 0.389277
3.44 1.60371 0.320981
3.52 1.89551 0.23893
3.6 2.1266 0.145308
3.68 2.28941 0.0428224
3.76 2.37875 -0.0653774
3.84 2.39191 -0.175812
3.92 2.32872 -0.284793
4 2.19159 -0.38856
4.08 1.9853 -0.483421
4.16 1.71682 -0.565891
4.24 1.39505 -0.632827
4.32 1.03047 -0.681554
4.4 0.634803 -0.709969
4.48 0.220573 -0.716639
4.56 -0.199284 -0.700857
4.64 -0.611845 -0.662684
4.72 -1.00459 -0.602951
4.8 -1.36577 -0.52324
4.88 -1.68474 -0.425828
4.96 -1.95224 -0.313615
5.04 -2.16067 -0.190019
5.12 -2.30421 -0.0588575
5.2 -2.37904 0.0757849
5.28 -2.38335 0.209696
5.36 -2.31739 0.338681
5.44 -2.18343 0.458696
5.52 -1.98567 0.565985
5.6 -1.73011 0.657193
5.68 -1.42438 0.729473
5.76 -1.07747 0.780564
5.84 -0.699532 0.80886
5.92 -0.301532 0.813452
6 0.10501 0.794146
6.08 0.508371 0.751467
6.16 0.89694 0.686635
6.24 1.25955 0.601529
6.32 1.58579 0.498621
6.4 1.86629 0.380907
6.48 2.09298 0.251816
6.56 2.25935 0.115107
6.64 2.3606 -0.0252368
6.72 2.3938 -0.165128
6.8 2.35795 -0.30049
6.88 2.25404 -0.427376
6.96 2.08502 -0.542084
7.04 1.85571 -0.641261
7.12 1.57268 -0.722003
7.2 1.24404 -0.781938
7.28 0.879245 -0.819295
7.36 0.488796 -0.832956
7.44 0.0839601 -0.822489
7.52 -0.323561 -0.788165
7.6 -0.721966 -0.730946
7.68 -1.0997 -0.652463
7.76 -1.44577 -0.554967
7.84 -1.75011 -0.441266
7.92 -2.00383 -0.314647
8 -2.19947 -0.178776
8.08 -2.3313 -0.0375972
8.16 -2.39538 0.104784
8.24 -2.38978 0.244219
8.32 -2.31456 0.376639
8.4 -2.17184 0.498172
8.48 -1.9657 0.605257
8.56 -1.70208 0.694748
8.64 -1.38861 0.764009
8.72 -1.0344 0.810992
8.8 -0.649743 0.834296
8.88 -0.245873 0.833213
8.96 0.165417 0.807745
9.04 0.572087 0.758611
9.12 0.962218 0.687227
9.2 1.32435 0.595661
9.28 1.64784 0.486578
9.36 1.92315 0.363162
9.44 2.14215 0.229022
9.52 2.29835 0.0880892
9.6 2.38709 -0.0555019
9.68 2.40571 -0.197531
9.76 2.35359 -0.333818
9.84 2.23219 -0.460346
9.92 2.04504 -0.573381
10 1.79758 -0.669581
10.08 1.49706 -0.746097
10.16 1.15228 -0.800655
10.24 0.773389 -0.831627
10.32 0.371526 -0.838081
10.4 -0.0414624 -0.819806
10.48 -0.45339 -0.777321
10.56 -0.852087 -0.711864
10.64 -1.22576 -0.625349
10.72 -1.56335 -0.52032
10.8 -1.85484 -0.399868
10.88 -2.09157 -0.267546
10.96 -2.2665 -0.127261
11.04 -2.37442 0.01684
11.12 -2.41206 0.160492
11.2 -2.37828 0.299438
11.28 -2.27403 0.429559
11.36 -2.10235 0.546992
11.44 -1.86828 0.648245
11.52 -1.57874 0.730306
11.6 -1.24227 0.790728
11.68 -0.868836 0.827704
11.76 -0.469502 0.840121
11.84 -0.0561098 0.827598
11.92 0.359068 0.790492
12 0.763696 0.72989
12.08 1.14574 0.647581
12.16 1.49384 0.545999
12.24 1.79761 0.428156
12.32 2.048 0.297547
12.4 2.23752 0.158053
12.48 2.36052 0.0138192
12.56 2.41329 -0.130862
12.64 2.39422 -0.271684
12.72 2.30385 -0.40445
12.8 2.14483 -0.525201
12.88 1.92188 -0.630333
12.96 1.64159 -0.716706
13.04 1.31232 -0.781735
13.12 0.943836 -0.823472
13.2 0.547128 -0.840662
13.28 0.134012 -0.832781
13.36 -0.283192 -0.800052
13.44 -0.692034 -0.743443
13.52 -1.08025 -0.664645
