0 0 0
0.08 2.07288e-73 -2.84848e-80
0.16 2.98077e-68 -1.89415e-73
0.24 3.4458e-64 -7.72052e-69
0.32 9.35413e-61 -5.0851e-65
0.4 8.34838e-58 -8.78493e-62
0.48 3.29047e-55 -5.87929e-59
0.56 6.71401e-53 -1.20024e-56
0.64 5.95709e-51 -1.70594e-54
0.72 4.07631e-49 -1.56977e-52
0.8 1.98251e-47 -1.00427e-50
0.88 7.11865e-46 -4.63748e-49
0.96 1.96401e-44 -1.61053e-47
1.04 4.30466e-43 -4.36079e-46
1.12 7.70571e-42 -9.48738e-45
1.2 1.15302e-40 -1.70075e-43
1.28 1.47071e-39 -2.56603e-42
1.36 1.62598e-38 -3.31771e-41
1.44 1.58058e-37 -3.73315e-40
1.52 1.36766e-36 -3.70469e-39
1.6 1.06474e-35 -3.28013e-38
1.68 7.52778e-35 -2.6174e-37
1.76 4.87298e-34 -1.89901e-36
1.84 2.90907e-33 -1.26254e-35
1.92 1.61181e-32 -7.74499e-35
2 8.33541e-32 -4.41079e-34
2.08 4.0438e-31 -2.34481e-33
2.16 1.84869e-30 -1.16931e-32
2.24 7.99672e-30 -5.49406e-32
2.32 3.28494e-29 -2.44195e-31
2.4 1.28573e-28 -1.03045e-30
2.48 4.80935e-28 -4.14185e-30
2.56 1.72397e-27 -1.59053e-29
2.64 5.96519e-27 -5.85149e-29
2.72 1.98217e-26 -2.07285e-28
2.8 6.35323e-26 -7.10027e-28
2.88 1.96844e-25 -2.3394e-27
2.96 5.90641e-25 -7.44534e-27
3.04 1.71924e-24 -2.29367e-26
3.12 4.8623e-24 -6.85211e-26
3.2 1.33807e-23 -1.98829e-25
3.28 3.58788e-23 -5.61252e-25
3.36 9.38584e-23 -1.54336e-24
3.44 2.3983e-22 -4.1397e-24
3.52 5.99254e-22 -1.08438e-23
3.6 1.46571e-21 -2.77702e-23
3.68 3.5127e-21 -6.95983e-23
3.76 8.25628e-21 -1.7086e-22
3.84 1.90479e-20 -4.11218e-22
3.92 4.31698e-20 -9.71018e-22
4 9.6184e-20 -2.2512e-21
4.08 2.10824e-19 -5.12759e-21
4.16 4.54901e-19 -1.14811e-20
4.24 9.66841e-19 -2.52853e-20
4.32 2.02528e-18 -5.4801e-20
4.4 4.18347e-18 -1.16937e-19
4.48 8.52571e-18 -2.45786e-19
4.56 1.71503e-17 -5.09088e-19
4.64 3.40682e-17 -1.03953e-18
4.72 6.68569e-17 -2.09347e-18
4.8 1.29668e-16 -4.15957e-18
4.88 2.48639e-16 -8.15734e-18
4.96 4.71527e-16 -1.57954e-17
5.04 8.84688e-16 -3.02104e-17
5.12 1.64269e-15 -5.70932e-17
5.2 3.01949e-15 -1.06652e-16
5.28 5.49599e-15 -1.97001e-16
5.36 9.90858e-15 -3.59941e-16
5.44 1.76987e-14 -6.50739e-16
5.52 3.13288e-14 -1.1645e-15
5.6 5.49695e-14 -2.06333e-15
5.68 9.56251e-14 -3.62102e-15
5.76 1.64964e-13 -6.2959e-15
5.84 2.8227e-13 -1.08486e-14
5.92 4.79166e-13 -1.85312e-14
6 8.07114e-13 -3.13878e-14
6.08 1.34925e-12 -5.27296e-14
6.16 2.23892e-12 -8.78802e-14
6.24 3.68845e-12 -1.45335e-13
6.32 6.03369e-12 -2.38555e-13
6.4 9.80224e-12 -3.8872e-13
6.48 1.58175e-11 -6.28926e-13
6.56 2.53562e-11 -1.01055e-12
6.64 4.03856e-11 -1.61286e-12
6.72 6.39186e-11 -2.5573e-12
6.8 1.00541e-10 -4.02892e-12
6.88 1.57193e-10 -6.30789e-12
6.96 2.44314e-10 -9.81595e-12
7.04 3.77523e-10 -1.51843e-11
7.12 5.80054e-10 -2.33524e-11
7.2 8.86287e-10 -3.57105e-11
7.28 1.34681e-09 -5.43057e-11
7.36 2.03571e-09 -8.21353e-11
7.44 3.06086e-09 -1.23566e-10
7.52 4.5786e-09 -1.84928e-10
7.6 6.81439e-09 -2.75348e-10
7.68 1.00918e-08 -4.0793e-10
7.76 1.48728e-08 -6.01386e-10
7.84 2.18144e-08 -8.82323e-10
7.92 3.18459e-08 -1.28839e-09
8 4.62765e-08 -1.87262e-09
8.08 6.69423e-08 -2.7094e-09
8.16 9.64065e-08 -3.90258e-09
8.24 1.38233e-07 -5.59656e-09
8.32 1.97355e-07 -7.99122e-09
8.4 2.80574e-07 -1.13622e-08
8.48 3.97228e-07 -1.60877e-08
8.56 5.60084e-07 -2.26854e-08
8.64 7.86535e-07 -3.18598e-08
8.72 1.10017e-06 -4.45671e-08
8.8 1.53288e-06 -6.20995e-08
8.88 2.1276e-06 -8.61965e-08
8.96 2.94189e-06 -1.19192e-07
9.04 4.05271e-06 -1.64203e-07
9.12 5.56251e-06 -2.25382e-07
9.2 7.6072e-06 -3.08238e-07
9.28 1.03665e-05 -4.20053e-07
9.36 1.40771e-05 -5.7042e-07
9.44 1.90498e-05 -7.71933e-07
9.52 2.56911e-05 -1.04107e-06
9.6 3.45314e-05 -1.39932e-06
9.68 4.62597e-05 -1.87462e-06
9.76 6.17687e-05 -2.50313e-06
9.84 8.22109e-05 -3.33156e-06
9.92 0.00010907 -4.42004e-06
10 0.000144248 -5.84569e-06
10.08 0.000190181 -7.70717e-06
10.16 0.000249971 -1.01302e-05
10.24 0.000327563 -1.32748e-05
10.32 0.000427955 -1.73433e-05
10.4 0.000557464 -2.25919e-05
10.48 0.000724044 -2.93428e-05
10.56 0.000937687 -3.80011e-05
10.64 0.00121091 -4.90737e-05
10.72 0.00155932 -6.31939e-05
10.8 0.00200239 -8.11501e-05
10.88 0.00256426 -0.000103921
10.96 0.00327483 -0.000132718
11.04 0.00417101 -0.000169038
11.12 0.00529826 -0.000214722
11.2 0.00671237 -0.000272032
11.28 0.00848167 -0.000343736
11.36 0.0106896 -0.000433216
11.44 0.0134377 -0.00054459
11.52 0.0168495 -0.000682858
11.6 0.0210743 -0.000854079
11.68 0.0262929 -0.00106557
11.76 0.0327227 -0.00132615
11.84 0.0406254 -0.00164643
11.92 0.0503144 -0.00203909
12 0.0621645 -0.00251934
12.08 0.0766226 -0.00310529
12.16 0.0942203 -0.00381847
12.24 0.115588 -0.00468446
12.32 0.141473 -0.00573349
12.4 0.172756 -0.00700128
12.48 0.210473 -0.00852984
12.56 0.255843 -0.0103686
12.64 0.310292 -0.0125752
12.72 0.375489 -0.0152175
12.8 0.453375 -0.018374
12.88 0.54621 -0.0221363
12.96 0.656614 -0.0266107
13.04 0.787616 -0.0319198
13.12 0.942713 -0.0382054
13.2 1.12593 -0.0456305
13.28 1.34188 -0.0543823
13.36 1.59585 -0.0646752
13.44 1.89389 -0.0767537
13.52 2.24283 -0.0908952
