0 0 0
0.08 3.90662e-29 -1.32452e-35
0.16 4.8544e-26 -1.29574e-30
0.24 1.18797e-23 -1.13128e-27
0.32 9.15329e-22 -2.03679e-25
0.4 3.1346e-20 -1.3021e-23
0.48 6.04846e-19 -4.09641e-22
0.56 7.65549e-18 -7.74567e-21
0.64 7.02729e-17 -9.9875e-20
0.72 5.01373e-16 -9.55774e-19
0.8 2.92134e-15 -7.20586e-18
0.88 1.44173e-14 -4.47126e-17
0.96 6.19482e-14 -2.35983e-16
1.04 2.3784e-13 -1.08652e-15
1.12 8.22985e-13 -4.4664e-15
1.2 2.60899e-12 -1.66616e-14
1.28 7.66234e-12 -5.66823e-14
1.36 2.10364e-11 -1.7826e-13
1.44 5.43941e-11 -5.23057e-13
1.52 1.333e-10 -1.44283e-12
1.6 3.11254e-10 -3.76532e-12
1.68 6.95637e-10 -9.34639e-12
1.76 1.49393e-09 -2.21686e-11
1.84 3.09337e-09 -5.0444e-11
1.92 6.19397e-09 -1.10498e-10
2 1.20246e-08 -2.33716e-10
2.08 2.26846e-08 -4.78584e-10
2.16 4.16709e-08 -9.51017e-10
2.24 7.46721e-08 -1.83774e-09
2.32 1.30741e-07 -3.45988e-09
2.4 2.23991e-07 -6.3569e-09
2.48 3.75996e-07 -1.14156e-08
2.56 6.19143e-07 -2.0064e-08
2.64 1.00122e-06 -3.4558e-08
2.72 1.5916e-06 -5.83969e-08
2.8 2.48947e-06 -9.69173e-08
2.88 3.8346e-06 -1.58127e-07
2.96 5.8213e-06 -2.5386e-07
3.04 8.71623e-06 -4.01356e-07
3.12 1.2881e-05 -6.25391e-07
3.2 1.88005e-05 -9.61106e-07
3.28 2.71178e-05 -1.45775e-06
3.36 3.86773e-05 -2.1835e-06
3.44 5.45775e-05 -3.23174e-06
3.52 7.62345e-05 -4.72892e-06
3.6 0.000105458 -6.84453e-06
3.68 0.000144543 -9.80339e-06
3.76 0.000196375 -1.39007e-05
3.84 0.000264558 -1.95204e-05
3.92 0.000353559 -2.71565e-05
4 0.000468874 -3.74392e-05
4.08 0.000617221 -5.11638e-05
4.16 0.000806752 -6.93249e-05
4.24 0.0010473 -9.31536e-05
4.32 0.00135063 -0.00012416
4.4 0.00173075 -0.000164177
4.48 0.00220421 -0.00021541
4.56 0.00279045 -0.000280487
4.64 0.00351213 -0.000362508
4.72 0.00439549 -0.000465095
4.8 0.00547069 -0.000592443
4.88 0.00677221 -0.000749366
4.96 0.0083391 -0.000941337
5.04 0.0102153 -0.00117452
5.12 0.01245 -0.00145581
5.2 0.0150975 -0.00179283
5.28 0.0182176 -0.00219396
5.36 0.0218755 -0.00266828
5.44 0.0261415 -0.00322562
5.52 0.0310908 -0.00387642
5.6 0.0368029 -0.00463175
5.68 0.0433612 -0.00550314
5.76 0.0508516 -0.00650248
5.84 0.0593617 -0.00764188
5.92 0.0689795 -0.00893345
6 0.0797911 -0.0103891
6.08 0.0918795 -0.0120202
6.16 0.105322 -0.0138374
6.24 0.120187 -0.0158503
6.32 0.136534 -0.0180668
6.4 0.154405 -0.020493
6.48 0.173829 -0.0231328
6.56 0.194812 -0.025987
6.64 0.217336 -0.0290536
6.72 0.241357 -0.0323265
6.8 0.2668 -0.0357956
6.88 0.293554 -0.039446
6.96 0.321472 -0.0432579
7.04 0.350369 -0.047206
7.12 0.380013 -0.0512591
7.2 0.410131 -0.0553803
7.28 0.440404 -0.059526
7.36 0.470467 -0.0636469
7.44 0.499909 -0.067687
7.52 0.528274 -0.0715847
7.6 0.555067 -0.0752725
7.68 0.579752 -0.0786778
7.76 0.601762 -0.0817233
7.84 0.620503 -0.0843281
7.92 0.635359 -0.0864086
8 0.645706 -0.0878796
8.08 0.650916 -0.0886556
8.16 0.650373 -0.0886525
8.24 0.64348 -0.087789
8.32 0.629677 -0.0859884
8.4 0.608452 -0.0831805
8.48 0.579355 -0.0793035
8.56 0.542012 -0.0743061
8.64 0.496141 -0.0681489
8.72 0.441564 -0.0608072
8.8 0.378222 -0.052272
8.88 0.306187 -0.0425519
8.96 0.225672 -0.031675
9.04 0.137041 -0.0196897
9.12 0.0408147 -0.00666579
9.2 -0.0623222 0.0073049
9.28 -0.171522 0.0221081
9.36 -0.285772 0.0376073
9.44 -0.403903 0.0536445
9.52 -0.524593 0.0700409
9.6 -0.64638 0.0865988
9.68 -0.767681 0.103103
9.76 -0.886802 0.119325
9.84 -1.00197 0.135023
9.92 -1.11135 0.149949
10 -1.21308 0.163849
10.08 -1.3053 0.17647
10.16 -1.38618 0.187563
10.24 -1.45396 0.196889
10.32 -1.507 0.204223
10.4 -1.54379 0.209358
10.48 -1.56301 0.212114
10.56 -1.56353 0.212337
10.64 -1.54449 0.209907
10.72 -1.50532 0.204743
10.8 -1.44571 0.196805
10.88 -1.36573 0.186096
10.96 -1.26576 0.172666
11.04 -1.14655 0.156615
11.12 -1.0092 0.138091
11.2 -0.855181 0.117291
11.28 -0.686319 0.09446
11.36 -0.504763 0.0698882
11.44 -0.312978 0.0439084
11.52 -0.113709 0.0168918
11.6 0.0900613 -0.0107577
11.68 0.295153 -0.0386093
11.76 0.498242 -0.0662122
11.84 0.69592 -0.0931036
11.92 0.88475 -0.118817
12 1.06134 -0.14289
12.08 1.22239 -0.164876
12.16 1.3648 -0.184349
12.24 1.48568 -0.200917
12.32 1.58248 -0.21423
12.4 1.65298 -0.223985
12.48 1.6954 -0.229939
12.56 1.70846 -0.23191
12.64 1.69134 -0.229789
12.72 1.64383 -0.223539
12.8 1.56625 -0.213202
12.88 1.45951 -0.198899
12.96 1.32512 -0.180829
13.04 1.16515 -0.159269
13.12 0.982207 -0.134573
13.2 0.779426 -0.107161
13.28 0.560392 -0.077518
13.36 0.329092 -0.046183
13.44 0.0898417 -0.0137404
13.52 -0.152755 0.0191861
