0 0 0
0.08 4.12782e-60 -7.15126e-67
0.16 2.12944e-55 -3.3702e-60
0.24 9.29376e-52 -4.60775e-56
0.32 9.83775e-49 -1.10055e-52
0.4 2.31428e-46 -4.35472e-50
0.48 3.33347e-44 -8.95958e-48
0.56 2.77236e-42 -1.06404e-45
0.64 1.44967e-40 -7.74051e-44
0.72 5.1635e-39 -3.71646e-42
0.8 1.33402e-37 -1.25827e-40
0.88 2.62613e-36 -3.16849e-39
0.96 4.0967e-35 -6.19263e-38
1.04 5.2271e-34 -9.72269e-37
1.12 5.59797e-33 -1.26127e-35
1.2 5.14072e-32 -1.38372e-34
1.28 4.12079e-31 -1.30903e-33
1.36 2.92695e-30 -1.08549e-32
1.44 1.86576e-29 -8.0006e-32
1.52 1.07901e-28 -5.30396e-31
1.6 5.71461e-28 -3.19533e-30
1.68 2.79424e-27 -1.76491e-29
1.76 1.27035e-26 -9.007e-29
1.84 5.40317e-26 -4.27591e-28
1.92 2.16177e-25 -1.89957e-27
2 8.17518e-25 -7.93867e-27
2.08 2.93475e-24 -3.1357e-26
2.16 1.00832e-23 -1.1755e-25
2.24 3.3039e-23 -4.20844e-25
2.32 1.03787e-22 -1.44625e-24
2.4 3.13503e-22 -4.74984e-24
2.48 9.12905e-22 -1.49826e-23
2.56 2.56856e-21 -4.55151e-23
2.64 6.99741e-21 -1.33473e-22
2.72 1.84923e-20 -3.7862e-22
2.8 4.74893e-20 -1.04088e-21
2.88 1.18696e-19 -2.778e-21
2.96 2.89161e-19 -7.20883e-21
3.04 6.87503e-19 -1.82144e-20
3.12 1.59723e-18 -4.48687e-20
3.2 3.62996e-18 -1.07885e-19
3.28 8.07833e-18 -2.53481e-19
3.36 1.76214e-17 -5.82542e-19
3.44 3.77082e-17 -1.31071e-18
3.52 7.92255e-17 -2.88974e-18
3.6 1.63552e-16 -6.24785e-18
3.68 3.31987e-16 -1.3257e-17
3.76 6.6305e-16 -2.76252e-17
3.84 1.30379e-15 -5.65714e-17
3.92 2.52556e-15 -1.13918e-16
4 4.8222e-15 -2.25704e-16
4.08 9.08028e-15 -4.40235e-16
4.16 1.6871e-14 -8.45776e-16
4.24 3.0944e-14 -1.60129e-15
4.32 5.60541e-14 -2.98905e-15
4.4 1.00328e-13 -5.50359e-15
4.48 1.77503e-13 -1e-14
4.56 3.10547e-13 -1.79381e-14
4.64 5.37467e-13 -3.178e-14
4.72 9.20528e-13 -5.56291e-14
4.8 1.56074e-12 -9.62468e-14
4.88 2.62045e-12 -1.64652e-13
4.96 4.3582e-12 -2.78613e-13
5.04 7.1821e-12 -4.66488e-13
5.12 1.17309e-11 -7.73099e-13
5.2 1.89961e-11 -1.26861e-12
5.28 3.05042e-11 -2.06188e-12
5.36 4.85872e-11 -3.32029e-12
5.44 7.67807e-11 -5.29906e-12
5.52 1.20405e-10 -8.38416e-12
5.6 1.87409e-10 -1.31547e-11
5.68 2.89586e-10 -2.04732e-11
5.76 4.44311e-10 -3.16143e-11
5.84 6.77017e-10 -4.8449e-11
5.92 1.02468e-09 -7.37042e-11
6 1.54074e-09 -1.11328e-10
6.08 2.30191e-09 -1.67e-10
6.16 3.4177e-09 -2.48838e-10
6.24 5.04345e-09 -3.68373e-10
6.32 7.39831e-09 -5.41891e-10
6.4 1.07896e-08 -7.92252e-10
6.48 1.5646e-08 -1.15137e-09
6.56 2.25623e-08 -1.66354e-09
6.64 3.23588e-08 -2.38993e-09
6.72 4.61618e-08 -3.41453e-09
6.8 6.55092e-08 -4.85207e-09
6.88 9.24907e-08 -6.85854e-09
6.96 1.29932e-07 -9.64486e-09
7.04 1.81633e-07 -1.34949e-08
7.12 2.52686e-07 -1.8789e-08
7.2 3.49874e-07 -2.60339e-08
7.28 4.82199e-07 -3.59023e-08
7.36 6.6155e-07 -4.92828e-08
7.44 9.03558e-07 -6.73437e-08
7.52 1.22869e-06 -9.16149e-08
7.6 1.66362e-06 -1.24091e-07
7.68 2.24298e-06 -1.6736e-07
7.76 3.01152e-06 -2.24768e-07
7.84 4.02686e-06 -3.00625e-07
7.92 5.36287e-06 -4.00453e-07
8 7.11387e-06 -5.31306e-07
8.08 9.39984e-06 -7.02155e-07
8.16 1.23728e-05 -9.24368e-07
8.24 1.62245e-05 -1.21229e-06
8.32 2.11963e-05 -1.58396e-06
8.4 2.75902e-05 -2.06198e-06
8.48 3.57834e-05 -2.67454e-06
8.56 4.62445e-05 -3.4567e-06
8.64 5.95544e-05 -4.45189e-06
8.72 7.643e-05 -5.71375e-06
8.8 9.77532e-05 -7.30821e-06
8.88 0.000124605 -9.31612e-06
8.96 0.000158305 -1.18362e-05
9.04 0.00020046 -1.49886e-05
9.12 0.00025302 -1.89192e-05
9.2 0.00031834 -2.3804e-05
9.28 0.000399259 -2.98555e-05
9.36 0.000499185 -3.73285e-05
9.44 0.000622196 -4.65279e-05
9.52 0.000773156 -5.78177e-05
9.6 0.000957847 -7.16302e-05
9.68 0.00118312 -8.84777e-05
9.76 0.00145706 -0.000108965
9.84 0.0017892 -0.000133805
9.92 0.0021907 -0.000163833
10 0.00267462 -0.000200024
10.08 0.00325618 -0.000243519
10.16 0.00395307 -0.000295639
10.24 0.00478577 -0.000357916
10.32 0.0057779 -0.000432116
10.4 0.00695664 -0.000520274
10.48 0.00835315 -0.000624718
10.56 0.010003 -0.000748113
10.64 0.0119468 -0.00089349
10.72 0.0142306 -0.00106429
10.8 0.0169063 -0.00126441
10.88 0.0200328 -0.00149823
10.96 0.0236758 -0.0017707
11.04 0.0279092 -0.00208731
11.12 0.0328153 -0.00245424
11.2 0.0384855 -0.00287831
11.28 0.0450212 -0.00336712
11.36 0.0525339 -0.003929
11.44 0.0611466 -0.00457314
11.52 0.0709935 -0.00530959
11.6 0.0822211 -0.00614931
11.68 0.0949883 -0.00710417
11.76 0.109467 -0.00818702
11.84 0.125842 -0.0094117
11.92 0.144311 -0.010793
12 0.165084 -0.0123466
12.08 0.188386 -0.0140894
12.16 0.214452 -0.0160388
12.24 0.243527 -0.0182134
12.32 0.27587 -0.0206324
12.4 0.311746 -0.0233155
12.48 0.351427 -0.0262833
12.56 0.39519 -0.0295563
12.64 0.443314 -0.0331555
12.72 0.496079 -0.0371018
12.8 0.553757 -0.0414156
12.88 0.616616 -0.0461168
12.96 0.684907 -0.0512243
13.04 0.758868 -0.0567558
13.12 0.838709 -0.0627272
13.2 0.924616 -0.0691521
13.28 1.01674 -0.0760418
13.36 1.11518 -0.0834042
13.44 1.21999 -0.0912436
13.52 1.33119 -0.0995595
