0 -0 -0
0.08 -3.26369e-21 1.45124e-27
0.16 -1.55639e-18 7.13172e-23
0.24 -1.52535e-16 2.43486e-20
0.32 -5.10752e-15 1.85547e-18
0.4 -8.3897e-14 5.55867e-17
0.48 -8.49839e-13 9.00692e-16
0.56 -6.0917e-12 9.48394e-15
0.64 -3.371e-11 7.25931e-14
0.72 -1.52643e-10 4.34793e-13
0.8 -5.91422e-10 2.14445e-12
0.88 -2.0048e-09 9.06441e-12
0.96 -6.09592e-09 3.37303e-11
1.04 -1.6913e-08 1.12047e-10
1.12 -4.33874e-08 3.38705e-10
1.2 -1.03999e-07 9.4424e-10
1.28 -2.34915e-07 2.45334e-09
1.36 -5.03527e-07 5.99175e-09
1.44 -1.03008e-06 1.38522e-08
1.52 -2.02093e-06 3.04928e-08
1.6 -3.81802e-06 6.42286e-08
1.68 -6.97014e-06 1.29996e-07
1.76 -1.23328e-05 2.5372e-07
1.84 -2.12042e-05 4.79016e-07
1.92 -3.55059e-05 8.77162e-07
2 -5.80172e-05 1.56159e-06
2.08 -9.26713e-05 2.70837e-06
2.16 -0.000144922 4.58455e-06
2.24 -0.000222187 7.5865e-06
2.32 -0.000334371 1.22906e-05
2.4 -0.000494477 1.9519e-05
2.48 -0.000719284 3.04234e-05
2.56 -0.00103011 4.65896e-05
2.64 -0.00145364 7.01656e-05
2.72 -0.00202278 0.000104016
2.8 -0.00277754 0.000151906
2.88 -0.00376595 0.000218714
2.96 -0.00504495 0.000310679
3.04 -0.00668116 0.000435675
3.12 -0.00875173 0.000603522
3.2 -0.0113449 0.00082632
3.28 -0.0145608 0.00111881
3.36 -0.0185115 0.00149876
3.44 -0.0233215 0.00198733
3.52 -0.0291279 0.00260948
3.6 -0.0360799 0.00339427
3.68 -0.0443386 0.00437523
3.76 -0.0540763 0.00559054
3.84 -0.065475 0.00708318
3.92 -0.0787252 0.00890087
4 -0.0940234 0.0110959
4.08 -0.11157 0.0137246
4.16 -0.131564 0.0168467
4.24 -0.154202 0.0205244
4.32 -0.179672 0.0248209
4.4 -0.208147 0.0297988
4.48 -0.239782 0.0355184
4.56 -0.274705 0.0420353
4.64 -0.313007 0.0493977
4.72 -0.354737 0.0576442
4.8 -0.399892 0.0668003
4.88 -0.448407 0.0768765
4.96 -0.500145 0.0878647
5.04 -0.554889 0.0997366
5.12 -0.612334 0.112441
5.2 -0.672076 0.1259
5.28 -0.733605 0.140013
5.36 -0.796303 0.154647
5.44 -0.859434 0.169645
5.52 -0.922148 0.184818
5.6 -0.983477 0.199952
5.68 -1.04234 0.214803
5.76 -1.09756 0.229103
5.84 -1.14785 0.242562
5.92 -1.19186 0.254867
6 -1.22815 0.265692
6.08 -1.25527 0.274697
6.16 -1.27173 0.281537
6.24 -1.27605 0.285865
6.32 -1.26682 0.287342
6.4 -1.24267 0.285641
6.48 -1.20238 0.28046
6.56 -1.14484 0.271522
6.64 -1.06917 0.258592
6.72 -0.974683 0.24148
6.8 -0.860982 0.22005
6.88 -0.727953 0.194231
6.96 -0.575817 0.164022
7.04 -0.405153 0.129498
7.12 -0.216919 0.0908175
7.2 -0.0124675 0.048225
7.28 0.206445 0.00205493
7.36 0.437659 -0.0472675
7.44 0.678619 -0.0992275
7.52 0.926393 -0.153223
7.6 1.1777 -0.208571
7.68 1.42895 -0.264511
7.76 1.67627 -0.320219
7.84 1.91561 -0.374816
7.92 2.14276 -0.427382
8 2.35344 -0.476971
8.08 2.54338 -0.52263
8.16 2.70842 -0.563414
8.24 2.84457 -0.598408
8.32 2.94815 -0.626746
8.4 3.01581 -0.647635
8.48 3.04469 -0.660367
8.56 3.03247 -0.664347
8.64 2.97747 -0.659109
8.72 2.87867 -0.644331
8.8 2.73586 -0.61985
8.88 2.54959 -0.585676
8.96 2.32126 -0.542001
9.04 2.05314 -0.489202
9.12 1.74833 -0.427846
9.2 1.41077 -0.358685
9.28 1.04518 -0.282653
9.36 0.657021 -0.200852
9.44 0.252402 -0.114542
9.52 -0.162008 -0.0251157
9.6 -0.579099 0.0659188
9.68 -0.991443 0.156967
9.76 -1.39144 0.246377
9.84 -1.77146 0.33247
9.92 -2.12401 0.413578
10 -2.4419 0.488076
10.08 -2.7184 0.554416
10.16 -2.94739 0.61117
10.24 -3.12352 0.657057
10.32 -3.24237 0.690977
10.4 -3.30052 0.712045
10.48 -3.29573 0.71961
10.56 -3.22698 0.713285
10.64 -3.09453 0.692954
10.72 -2.89997 0.658792
10.8 -2.64622 0.611265
10.88 -2.33752 0.551128
10.96 -1.97934 0.47942
11.04 -1.57832 0.397446
11.12 -1.14217 0.306758
11.2 -0.679487 0.209125
11.28 -0.199618 0.106503
11.36 0.287531 0.000990151
11.44 0.771711 -0.105209
11.52 1.24255 -0.209836
11.6 1.68977 -0.310625
11.68 2.10344 -0.405355
11.76 2.4742 -0.4919
11.84 2.79347 -0.568281
11.92 3.0537 -0.632711
12 3.24851 -0.683644
12.08 3.37292 -0.719811
12.16 3.42345 -0.740259
12.24 3.39823 -0.744374
12.32 3.29709 -0.731906
12.4 3.12161 -0.70298
12.48 2.87506 -0.658098
12.56 2.56242 -0.598139
12.64 2.19023 -0.524338
12.72 1.76653 -0.438267
12.8 1.30062 -0.341805
12.88 0.802924 -0.237094
12.96 0.284729 -0.126497
13.04 -0.242067 -0.0125414
13.12 -0.765224 0.102137
13.2 -1.27245 0.214855
13.28 -1.7517 0.322947
13.36 -2.19146 0.423829
13.44 -2.58104 0.51506
13.52 -2.91079 0.594395
