0 0 0
0.08 1.26446e-63 -2.05676e-70
0.16 8.60097e-59 -1.23031e-63
0.24 4.87642e-55 -2.18216e-59
0.32 6.63963e-52 -6.7155e-56
0.4 3.09072e-49 -3.24117e-53
0.48 4.51118e-47 -9.32037e-51
0.56 4.4723e-45 -1.39886e-48
0.64 2.80941e-43 -1.2645e-46
0.72 1.19192e-41 -7.38866e-45
0.8 3.63322e-40 -2.99187e-43
0.88 8.36183e-39 -8.88882e-42
0.96 1.51198e-37 -2.02706e-40
1.04 2.21833e-36 -3.67849e-39
1.12 2.71165e-35 -5.46989e-38
1.2 2.8229e-34 -6.82786e-37
1.28 2.5491e-33 -7.30033e-36
1.36 2.02787e-32 -6.8003e-35
1.44 1.44005e-31 -5.59902e-34
1.52 9.23232e-31 -4.12532e-33
1.6 5.39595e-30 -2.74915e-32
1.68 2.89949e-29 -1.67243e-31
1.76 1.44302e-28 -9.36278e-31
1.84 6.69477e-28 -4.85782e-30
1.92 2.91196e-27 -2.3505e-29
2 1.19349e-26 -1.06649e-28
2.08 4.63002e-26 -4.55982e-28
2.16 1.70696e-25 -1.84515e-27
2.24 6.03158e-25 -7.09422e-27
2.32 2.03344e-24 -2.60789e-26
2.4 6.57583e-24 -9.16778e-26
2.48 2.04565e-23 -3.10356e-25
2.56 6.1366e-23 -1.00739e-24
2.64 1.77909e-22 -3.14936e-24
2.72 4.99466e-22 -9.50543e-24
2.8 1.36034e-21 -2.77538e-23
2.88 3.60032e-21 -7.85353e-23
2.96 9.27368e-21 -2.15731e-22
3.04 2.32801e-20 -5.76131e-22
3.12 5.70291e-20 -1.49791e-21
3.2 1.36489e-19 -3.79621e-21
3.28 3.19495e-19 -9.389e-21
3.36 7.32198e-19 -2.26858e-20
3.44 1.64436e-18 -5.36024e-20
3.52 3.62199e-18 -1.23966e-19
3.6 7.83119e-18 -2.80856e-19
3.68 1.66329e-17 -6.23835e-19
3.76 3.47275e-17 -1.35951e-18
3.84 7.13239e-17 -2.90891e-18
3.92 1.44187e-16 -6.11501e-18
4 2.87082e-16 -1.26373e-17
4.08 5.63272e-16 -2.56897e-17
4.16 1.08967e-15 -5.13989e-17
4.24 2.07951e-15 -1.01268e-16
4.32 3.91674e-15 -1.96576e-16
4.4 7.2843e-15 -3.76136e-16
4.48 1.33826e-14 -7.09768e-16
4.56 2.4298e-14 -1.32142e-15
4.64 4.36161e-14 -2.4283e-15
4.72 7.74349e-14 -4.40639e-15
4.8 1.36018e-13 -7.89875e-15
4.88 2.36472e-13 -1.39926e-14
4.96 4.0703e-13 -2.45056e-14
5.04 6.93861e-13 -4.24448e-14
5.12 1.17179e-12 -7.27325e-14
5.2 1.96099e-12 -1.23348e-13
5.28 3.25291e-12 -2.071e-13
5.36 5.34994e-12 -3.44365e-13
5.44 8.72596e-12 -5.67267e-13
5.52 1.41177e-11 -9.26016e-13
5.6 2.26622e-11 -1.49845e-12
5.68 3.61007e-11 -2.40426e-12
5.76 5.70814e-11 -3.82611e-12
5.84 8.96029e-11 -6.04064e-12
5.92 1.39662e-10 -9.4638e-12
6 2.16193e-10 -1.47167e-11
6.08 3.32418e-10 -2.27202e-11
6.16 5.07784e-10 -3.48311e-11
6.24 7.70711e-10 -5.30351e-11
6.32 1.16249e-09 -8.02204e-11
6.4 1.74273e-09 -1.20562e-10
6.48 2.59704e-09 -1.80059e-10
6.56 3.8476e-09 -2.67284e-10
6.64 5.66789e-09 -3.94413e-10
6.72 8.30282e-09 -5.78647e-10
6.8 1.20963e-08 -8.44155e-10
6.88 1.75289e-08 -1.22472e-09
6.96 2.52685e-08 -1.7673e-09
7.04 3.62385e-08 -2.53686e-09
7.12 5.17098e-08 -3.62284e-09
7.2 7.34227e-08 -5.14771e-09
7.28 1.03749e-07 -7.27845e-09
7.36 1.45907e-07 -1.02416e-08
7.44 2.0424e-07 -1.43431e-08
7.52 2.84589e-07 -1.99942e-08
7.6 3.94769e-07 -2.77454e-08
7.68 5.45195e-07 -3.83303e-08
7.76 7.49684e-07 -5.27221e-08
7.84 1.02649e-06 -7.22069e-08
7.92 1.39962e-06 -9.84763e-08
8 1.90055e-06 -1.33747e-07
8.08 2.57033e-06 -1.80913e-07
8.16 3.46234e-06 -2.43734e-07
8.24 4.64567e-06 -3.27078e-07
8.32 6.20943e-06 -4.37226e-07
8.4 8.2681e-06 -5.82243e-07
8.48 1.09682e-05 -7.72456e-07
8.56 1.44966e-05 -1.02103e-06
8.64 1.90907e-05 -1.3447e-06
8.72 2.50511e-05 -1.76463e-06
8.8 3.27566e-05 -2.30755e-06
8.88 4.26839e-05 -3.00702e-06
8.96 5.54295e-05 -3.90509e-06
9.04 7.17384e-05 -5.05425e-06
9.12 9.25367e-05 -6.51979e-06
9.2 0.000118973 -8.38262e-06
9.28 0.000152466 -1.07428e-05
9.36 0.000194763 -1.37233e-05
9.44 0.000248008 -1.74753e-05
9.52 0.000314825 -2.21838e-05
9.6 0.00039841 -2.80739e-05
9.68 0.000502651 -3.54197e-05
9.76 0.000632258 -4.45531e-05
9.84 0.000792917 -5.58747e-05
9.92 0.000991473 -6.9867e-05
10 0.00123614 -8.7109e-05
10.08 0.00153675 -0.000108293
10.16 0.00190503 -0.000134246
10.24 0.0023549 -0.000165949
10.32 0.00290288 -0.000204566
10.4 0.00356849 -0.000251472
10.48 0.00437472 -0.000308289
10.56 0.00534856 -0.000376917
10.64 0.00652163 -0.000459585
10.72 0.00793081 -0.000558892
10.8 0.00961904 -0.000677865
10.88 0.0116361 -0.000820012
10.96 0.0140397 -0.000989394
11.04 0.0168961 -0.00119069
11.12 0.0202817 -0.00142928
11.2 0.024284 -0.00171134
11.28 0.0290031 -0.0020439
11.36 0.0345526 -0.00243498
11.44 0.0410618 -0.0028937
11.52 0.048677 -0.00343036
11.6 0.0575632 -0.00405659
11.68 0.0679058 -0.00478545
11.76 0.0799128 -0.00563161
11.84 0.0938164 -0.00661143
11.92 0.109875 -0.00774313
12 0.128376 -0.00904694
12.08 0.149637 -0.0105452
12.16 0.174006 -0.0122626
12.24 0.201868 -0.0142261
12.32 0.233642 -0.0164653
12.4 0.269786 -0.0190124
12.48 0.310796 -0.0219025
12.56 0.357208 -0.0251732
12.64 0.409599 -0.0288653
12.72 0.468589 -0.0330225
12.8 0.534836 -0.037691
12.88 0.609041 -0.0429204
12.96 0.691943 -0.0487627
13.04 0.78432 -0.0552727
13.12 0.886982 -0.0625075
13.2 1.00077 -0.0705264
13.28 1.12655 -0.0793905
13.36 1.26521 -0.0891624
13.44 1.41766 -0.0999053
13.52 1.58477 -0.111682
