0 0 0
0.08 3.44682e-70 -4.99514e-77
0.16 3.90903e-65 -2.77919e-70
0.24 3.60267e-61 -8.9877e-66
0.32 7.84733e-58 -4.72971e-62
0.4 5.68654e-55 -6.61353e-59
0.48 1.83562e-52 -3.61403e-56
0.56 3.09906e-50 -6.2739e-54
0.64 2.35575e-48 -7.54327e-52
0.72 1.37689e-46 -5.91685e-50
0.8 5.75302e-45 -3.2457e-48
0.88 1.78703e-43 -1.29433e-46
0.96 4.29423e-42 -3.90946e-45
1.04 8.25106e-41 -9.26815e-44
1.12 1.30282e-39 -1.77647e-42
1.2 1.72953e-38 -2.82201e-41
1.28 1.96785e-37 -3.79352e-40
1.36 1.95058e-36 -4.39226e-39
1.44 1.70806e-35 -4.44689e-38
1.52 1.33728e-34 -3.98834e-37
1.6 9.45887e-34 -3.20473e-36
1.68 6.09928e-33 -2.32979e-35
1.76 3.61393e-32 -1.54561e-34
1.84 1.98137e-31 -9.42797e-34
1.92 1.01136e-30 -5.32326e-33
2 4.83253e-30 -2.79868e-32
2.08 2.17209e-29 -1.37734e-31
2.16 9.22378e-29 -6.37529e-31
2.24 3.71501e-28 -2.78726e-30
2.32 1.42417e-27 -1.15542e-29
2.4 5.2131e-27 -4.55724e-29
2.48 1.8364e-26 -1.71567e-28
2.56 6.19333e-26 -6.19954e-28
2.64 2.00941e-25 -2.16002e-27
2.72 6.28707e-25 -7.21762e-27
2.8 1.90091e-24 -2.32362e-26
2.88 5.56458e-24 -7.22423e-26
2.96 1.57985e-23 -2.17342e-25
3.04 4.35731e-23 -6.33896e-25
3.12 1.1692e-22 -1.79536e-24
3.2 3.05661e-22 -4.94563e-24
3.28 7.79535e-22 -1.32696e-23
3.36 1.9418e-21 -3.47246e-23
3.44 4.7298e-21 -8.87354e-23
3.52 1.12775e-20 -2.21682e-22
3.6 2.63479e-20 -5.41987e-22
3.68 6.03738e-20 -1.29804e-21
3.76 1.358e-19 -3.04799e-21
3.84 3.0009e-19 -7.0228e-21
3.92 6.51986e-19 -1.58891e-20
4 1.39369e-18 -3.53244e-20
4.08 2.93311e-18 -7.72152e-20
4.16 6.08122e-18 -1.66047e-19
4.24 1.24282e-17 -3.51471e-19
4.32 2.50505e-17 -7.32636e-19
4.4 4.98239e-17 -1.50462e-18
4.48 9.78316e-17 -3.04575e-18
4.56 1.8973e-16 -6.07949e-18
4.64 3.6357e-16 -1.19706e-17
4.72 6.88669e-16 -2.326e-17
4.8 1.28992e-15 -4.46175e-17
4.88 2.39001e-15 -8.45206e-17
4.96 4.3819e-15 -1.58175e-16
5.04 7.95224e-15 -2.92537e-16
5.12 1.42892e-14 -5.34869e-16
5.2 2.54298e-14 -9.67129e-16
5.28 4.48344e-14 -1.72997e-15
5.36 7.83288e-14 -3.06238e-15
5.44 1.35638e-13 -5.36639e-15
5.52 2.32859e-13 -9.31213e-15
5.6 3.96418e-13 -1.60064e-14
5.68 6.69351e-13 -2.72613e-14
5.76 1.12121e-12 -4.60184e-14
5.84 1.86351e-12 -7.70144e-14
5.92 3.07381e-12 -1.27815e-13
6 5.03269e-12 -2.10413e-13
6.08 8.18043e-12 -3.43676e-13
6.16 1.32032e-11 -5.57074e-13
6.24 2.11631e-11 -8.96312e-13
6.32 3.36935e-11 -1.43179e-12
6.4 5.32897e-11 -2.27123e-12
6.48 8.37404e-11 -3.57836e-12
6.56 1.30762e-10 -5.60054e-12
6.64 2.0293e-10 -8.70904e-12
6.72 3.13027e-10 -1.34579e-11
6.8 4.80004e-10 -2.0669e-11
6.88 7.31794e-10 -3.15545e-11
6.96 1.10934e-09 -4.78918e-11
7.04 1.67234e-09 -7.22737e-11
7.12 2.50735e-09 -1.08461e-10
7.2 3.73924e-09 -1.61881e-10
7.28 5.54721e-09 -2.40324e-10
7.36 8.18715e-09 -3.54918e-10
7.44 1.20227e-08 -5.21476e-10
7.52 1.75679e-08 -7.62362e-10
7.6 2.55463e-08 -1.10905e-09
7.68 3.69714e-08 -1.60565e-09
7.76 5.32563e-08 -2.31364e-09
7.84 7.63622e-08 -3.31838e-09
7.92 1.09e-07 -4.73784e-09
8 1.54897e-07 -6.7343e-09
8.08 2.19163e-07 -9.53014e-09
8.16 3.08766e-07 -1.34287e-08
8.24 4.33173e-07 -1.8842e-08
8.32 6.0519e-07 -2.63277e-08
8.4 8.42076e-07 -3.6637e-08
8.48 1.16699e-06 -5.07783e-08
8.56 1.6109e-06 -7.00998e-08
8.64 2.21505e-06 -9.63967e-08
8.72 3.03414e-06 -1.32051e-07
8.8 4.14049e-06 -1.80211e-07
8.88 5.62932e-06 -2.45024e-07
8.96 7.62557e-06 -3.31927e-07
9.04 1.02926e-05 -4.48035e-07
9.12 1.38432e-05 -6.0261e-07
9.2 1.85535e-05 -8.07681e-07
9.28 2.47811e-05 -1.07881e-06
9.36 3.29865e-05 -1.43605e-06
9.44 4.37618e-05 -1.90518e-06
9.52 5.78652e-05 -2.51922e-06
9.6 7.62644e-05 -3.32029e-06
9.68 0.000100191 -4.36201e-06
9.76 0.000131205 -5.71235e-06
9.84 0.000171282 -7.45726e-06
9.92 0.000222907 -9.70503e-06
10 0.000289207 -1.25917e-05
10.08 0.000374094 -1.62876e-05
10.16 0.000482452 -2.10056e-05
10.24 0.000620363 -2.70102e-05
10.32 0.000795372 -3.46302e-05
10.4 0.00101682 -4.42719e-05
10.48 0.00129621 -5.64369e-05
10.56 0.00164773 -7.17421e-05
10.64 0.00208874 -9.09439e-05
10.72 0.00264049 -0.000114968
10.8 0.0033289 -0.000144941
10.88 0.00418546 -0.000182236
10.96 0.00524837 -0.000228516
11.04 0.00656383 -0.000285792
11.12 0.00818752 -0.000356488
11.2 0.0101864 -0.000443521
11.28 0.0126408 -0.000550385
11.36 0.0156466 -0.000681261
11.44 0.0193184 -0.000841134
11.52 0.0237923 -0.00103593
11.6 0.0292299 -0.00127269
11.68 0.0358221 -0.00155972
11.76 0.0437942 -0.00190683
11.84 0.0534114 -0.00232557
11.92 0.0649846 -0.00282947
12 0.0788778 -0.00343439
12.08 0.0955158 -0.00415882
12.16 0.115393 -0.00502428
12.24 0.139083 -0.00605576
12.32 0.16725 -0.00728217
12.4 0.200661 -0.00873693
12.48 0.2402 -0.0104585
12.56 0.28688 -0.012491
12.64 0.341863 -0.014885
12.72 0.406476 -0.0176983
12.8 0.482229 -0.0209966
12.88 0.570839 -0.0248547
12.96 0.674249 -0.0293573
13.04 0.794657 -0.0345999
13.12 0.934534 -0.0406903
13.2 1.09666 -0.0477494
13.28 1.28415 -0.0559126
13.36 1.50047 -0.0653314
13.44 1.74949 -0.0761742
13.52 2.03549 -0.0886266
