0 -0 -0
0.08 -1.46032e-39 3.64727e-46
0.16 -5.5249e-36 7.84995e-41
0.24 -4.01795e-33 2.08212e-37
0.32 -8.67512e-31 1.07538e-34
0.4 -7.65808e-29 1.80958e-32
0.48 -3.49352e-27 1.3683e-30
0.56 -9.64473e-26 5.72398e-29
0.64 -1.79741e-24 1.51908e-27
0.72 -2.44539e-23 2.8102e-26
0.8 -2.57341e-22 3.87819e-25
0.88 -2.1884e-21 4.20006e-24
0.96 -1.55547e-20 3.71103e-23
1.04 -9.48915e-20 2.75781e-22
1.12 -5.0748e-19 1.76604e-21
1.2 -2.42032e-18 9.93828e-21
1.28 -1.04395e-17 4.99417e-20
1.36 -4.11995e-17 2.27101e-19
1.44 -1.50929e-16 9.44925e-19
1.52 -5.13446e-16 3.64192e-18
1.6 -1.63775e-15 1.31218e-17
1.68 -4.92881e-15 4.41498e-17
1.76 -1.40688e-14 1.39914e-16
1.84 -3.82617e-14 4.19934e-16
1.92 -9.95388e-14 1.19924e-15
2 -2.48575e-13 3.27182e-15
2.08 -5.97724e-13 8.55803e-15
2.16 -1.38775e-12 2.15289e-14
2.24 -3.11853e-12 5.22333e-14
2.32 -6.79783e-12 1.22527e-13
2.4 -1.44021e-11 2.78517e-13
2.48 -2.97095e-11 6.14731e-13
2.56 -5.97695e-11 1.31986e-12
2.64 -1.17441e-10 2.76125e-12
2.72 -2.25686e-10 5.63747e-12
2.8 -4.24692e-10 1.12479e-11
2.88 -7.83479e-10 2.19598e-11
2.96 -1.41849e-09 4.20021e-11
3.04 -2.5229e-09 7.87919e-11
3.12 -4.41214e-09 1.45112e-10
3.2 -7.59364e-09 2.62631e-10
3.28 -1.28722e-08 4.67513e-10
3.36 -2.15072e-08 8.19219e-10
3.44 -3.54449e-08 1.41414e-09
3.52 -5.7657e-08 2.40642e-09
3.6 -9.26294e-08 4.03938e-09
3.68 -1.47061e-07 6.69237e-09
3.76 -2.30854e-07 1.09496e-08
3.84 -3.585e-07 1.77004e-08
3.92 -5.5101e-07 2.82833e-08
4 -8.38568e-07 4.46902e-08
4.08 -1.26417e-06 6.98541e-08
4.16 -1.88853e-06 1.08047e-07
4.24 -2.79673e-06 1.65429e-07
4.32 -4.10698e-06 2.5079e-07
4.4 -5.9824e-06 3.7655e-07
4.48 -8.64631e-06 5.60087e-07
4.56 -1.24023e-05 8.25491e-07
4.64 -1.76601e-05 1.20584e-06
4.72 -2.49689e-05 1.74615e-06
4.8 -3.50603e-05 2.50715e-06
4.88 -4.89017e-05 3.5701e-06
4.96 -6.77645e-05 5.0428e-06
5.04 -9.33092e-05 7.06717e-06
5.12 -0.000127691 9.82865e-06
5.2 -0.000173688 1.35678e-05
5.28 -0.000234866 1.85943e-05
5.36 -0.000315766 2.53046e-05
5.44 -0.000422144 3.42024e-05
5.52 -0.000561252 4.59238e-05
5.6 -0.000742174 6.12675e-05
5.68 -0.000976229 8.12299e-05
5.76 -0.00127744 0.000107047
5.84 -0.00166308 0.000140243
5.92 -0.00215434 0.000182689
6 -0.00277702 0.000236664
6.08 -0.00356245 0.000304937
6.16 -0.00454838 0.000390848
6.24 -0.00578016 0.000498405
6.32 -0.00731189 0.000632396
6.4 -0.00920787 0.000798509
6.48 -0.0115441 0.00100347
6.56 -0.0144098 0.00125517
6.64 -0.0179096 0.00156287
6.72 -0.022165 0.00193732
6.8 -0.027317 0.00239099
6.88 -0.0335276 0.00293824
6.96 -0.0409829 0.0035955
7.04 -0.0498949 0.00438155
7.12 -0.0605039 0.00531765
7.2 -0.0730812 0.00642779
7.28 -0.0879312 0.00773891
7.36 -0.105393 0.00928104
7.44 -0.125845 0.0110875
7.52 -0.149701 0.0131951
7.6 -0.177418 0.0156441
7.68 -0.209492 0.0184785
7.76 -0.246461 0.0217459
7.84 -0.288904 0.0254973
7.92 -0.337439 0.0297875
8 -0.392719 0.0346743
8.08 -0.455433 0.0402184
8.16 -0.526296 0.0464834
8.24 -0.606049 0.0535345
8.32 -0.695445 0.0614384
8.4 -0.795244 0.0702623
8.48 -0.906201 0.0800729
8.56 -1.02905 0.0909355
8.64 -1.1645 0.102912
8.72 -1.31321 0.116061
8.8 -1.47577 0.130435
8.88 -1.65267 0.146078
8.96 -1.84433 0.163025
9.04 -2.051 0.1813
9.12 -2.27279 0.200912
9.2 -2.50964 0.221856
9.28 -2.76127 0.244106
9.36 -3.02718 0.26762
9.44 -3.3066 0.292328
9.52 -3.59849 0.318139
9.6 -3.90149 0.344933
9.68 -4.21392 0.372561
9.76 -4.53376 0.400844
9.84 -4.85861 0.42957
9.92 -5.18569 0.458494
10 -5.51187 0.487338
10.08 -5.8336 0.515789
10.16 -6.14696 0.543501
10.24 -6.44767 0.570094
10.32 -6.7311 0.59516
10.4 -6.99229 0.618259
10.48 -7.226 0.638929
10.56 -7.42676 0.656685
10.64 -7.58888 0.671026
10.72 -7.70659 0.681441
10.8 -7.77406 0.687412
10.88 -7.78548 0.688429
10.96 -7.73517 0.683988
11.04 -7.61769 0.673608
11.12 -7.42791 0.656835
11.2 -7.16115 0.633254
11.28 -6.81326 0.602502
11.36 -6.38079 0.564271
11.44 -5.86107 0.518324
11.52 -5.25231 0.464506
11.6 -4.55377 0.402749
11.68 -3.76582 0.333085
11.76 -2.89002 0.255654
11.84 -1.92927 0.17071
11.92 -0.88782 0.0786313
12 0.228639 -0.0200808
12.08 1.41296 -0.124794
12.16 2.65651 -0.234745
12.24 3.94921 -0.349043
12.32 5.27952 -0.466667
12.4 6.63455 -0.586479
12.48 8.00014 -0.707224
12.56 9.36095 -0.827549
12.64 10.7007 -0.946009
12.72 12.0021 -1.06109
12.8 13.2474 -1.17121
12.88 14.4186 -1.27476
12.96 15.4971 -1.37014
13.04 16.4649 -1.45572
13.12 17.3042 -1.52994
13.2 17.998 -1.5913
13.28 18.5304 -1.63839
13.36 18.8868 -1.66991
13.44 19.0543 -1.68474
13.52 19.0221 -1.68191
