0 0 0
0.08 1.80248e-15 -1.04431e-21
0.16 3.49953e-13 -3.0797e-17
0.24 1.4976e-11 -4.29853e-15
0.32 2.44484e-10 -1.51863e-13
0.4 2.19022e-09 -2.38998e-12
0.48 1.32405e-08 -2.24664e-11
0.56 6.10552e-08 -1.47963e-10
0.64 2.28207e-07 -7.51552e-10
0.72 7.28404e-07 -3.15202e-09
0.8 2.05133e-06 -1.12364e-08
0.88 5.21748e-06 -3.52457e-08
0.96 1.21946e-05 -9.95407e-08
1.04 2.65392e-05 -2.57471e-07
1.12 5.43356e-05 -6.18012e-07
1.2 0.000105512 -1.39089e-06
1.28 0.000195614 -2.95944e-06
1.36 0.000348111 -5.99347e-06
1.44 0.000597308 -1.16173e-05
1.52 0.0009919 -2.16524e-05
1.6 0.0015992 -3.89571e-05
1.68 0.00251001 -6.78877e-05
1.76 0.00384414 -0.00011491
1.84 0.00575638 -0.000189393
1.92 0.0084429 -0.000304609
2 0.0121477 -0.000478971
2.08 0.0171692 -0.000737536
2.16 0.0238661 -0.00111378
2.24 0.0326627 -0.00165167
2.32 0.0440532 -0.00240799
2.4 0.0586037 -0.00345494
2.48 0.0769531 -0.0048829
2.56 0.0998106 -0.00680338
2.64 0.12795 -0.00935188
2.72 0.162201 -0.0126907
2.8 0.203435 -0.0170113
2.88 0.252547 -0.0225363
2.96 0.310434 -0.0295203
3.04 0.377964 -0.03825
3.12 0.455944 -0.0490421
3.2 0.545081 -0.0622406
3.28 0.645942 -0.0782107
3.36 0.758905 -0.097331
3.44 0.884117 -0.119983
3.52 1.02144 -0.146539
3.6 1.17043 -0.177343
3.68 1.33025 -0.212697
3.76 1.4997 -0.252835
3.84 1.67714 -0.297907
3.92 1.86051 -0.34795
4 2.0473 -0.402866
4.08 2.23458 -0.462399
4.16 2.41901 -0.526114
4.24 2.59688 -0.593379
4.32 2.76416 -0.663353
4.4 2.91659 -0.734979
4.48 3.04972 -0.806987
4.56 3.159 -0.877895
4.64 3.23983 -0.946028
4.72 3.28768 -1.00954
4.8 3.2982 -1.06645
4.88 3.26727 -1.11469
4.96 3.19117 -1.15215
5.04 3.06664 -1.17674
5.12 2.89102 -1.18642
5.2 2.66235 -1.17931
5.28 2.37946 -1.15374
5.36 2.04209 -1.10827
5.44 1.65094 -1.0418
5.52 1.20783 -0.953601
5.6 0.715647 -0.843341
5.68 0.178479 -0.711433
5.76 -0.398412 -0.557915
5.84 -1.00859 -0.384173
5.92 -1.64446 -0.191814
6 -2.29736 0.0170518
6.08 -2.95765 0.239824
6.16 -3.61482 0.47344
6.24 -4.25764 0.71441
6.32 -4.8744 0.958867
6.4 -5.45306 1.20263
6.48 -5.98152 1.44125
6.56 -6.44787 1.67016
6.64 -6.84066 1.88466
6.72 -7.14916 2.0801
6.8 -7.36368 2.25195
6.88 -7.47579 2.39591
6.96 -7.47863 2.508
7.04 -7.36713 2.58467
7.12 -7.13824 2.62295
7.2 -6.79107 2.62044
7.28 -6.32708 2.57551
7.36 -5.75015 2.4873
7.44 -5.06662 2.35578
7.52 -4.28527 2.18183
7.6 -3.41727 1.96724
7.68 -2.47603 1.71469
7.76 -1.477 1.42779
7.84 -0.437448 1.11097
7.92 0.62387 0.769474
8 1.68705 0.409249
8.08 2.73142 0.0368445
8.16 3.73603 -0.340705
8.24 4.68002 -0.716025
8.32 5.54319 -1.08155
8.4 6.30638 -1.42969
8.48 6.95203 -1.75299
8.56 7.46457 -2.04432
8.64 7.83089 -2.29706
8.72 8.04065 -2.50521
8.8 8.08669 -2.66361
8.88 7.96524 -2.76807
8.96 7.67611 -2.81545
9.04 7.22282 -2.80383
9.12 6.61262 -2.73255
9.2 5.8564 -2.60226
9.28 4.96858 -2.41494
9.36 3.96684 -2.17393
9.44 2.87178 -1.88381
9.52 1.70652 -1.5504
9.6 0.496246 -1.1806
9.68 -0.732392 -0.782275
9.76 -1.95183 -0.364096
9.84 -3.13425 0.0646669
9.92 -4.25223 0.494338
10 -5.2794 0.915063
10.08 -6.1911 1.31704
10.16 -6.96501 1.69077
10.24 -7.58173 2.02725
10.32 -8.0253 2.31827
10.4 -8.28368 2.55654
10.48 -8.34904 2.73597
10.56 -8.21812 2.85177
10.64 -7.89231 2.90064
10.72 -7.37774 2.88084
10.8 -6.68516 2.79227
10.88 -5.8298 2.63651
10.96 -4.83105 2.4168
11.04 -3.71199 2.13795
11.12 -2.49894 1.80632
11.2 -1.22082 1.42961
11.28 0.0915436 1.01673
11.36 1.40616 0.577549
11.44 2.69064 0.12273
11.52 3.91305 -0.336595
11.6 5.04267 -0.789067
11.68 6.05083 -1.22339
11.76 6.91163 -1.62862
11.84 7.60266 -1.99444
11.92 8.10558 -2.31146
12 8.40667 -2.57141
12.08 8.4972 -2.76742
12.16 8.37372 -2.89419
12.24 8.0382 -2.94811
12.32 7.49807 -2.92746
12.4 6.76602 -2.83235
12.48 5.85979 -2.66485
12.56 4.8017 -2.4289
12.64 3.61818 -2.1302
12.72 2.33906 -1.77615
12.8 0.996862 -1.37561
12.88 -0.374036 -0.938722
12.96 -1.73828 -0.476625
13.04 -3.06045 -0.00119555
13.12 -4.30602 0.475266
13.2 -5.44222 0.940356
13.28 -6.43896 1.38189
13.36 -7.26962 1.78824
13.44 -7.91179 2.14861
13.52 -8.34784 2.45333
