0 0 0
0.08 8.33963e-88 -9.33401e-95
0.16 3.09535e-82 -2.41257e-87
0.24 8.89046e-78 -2.14039e-82
0.32 5.87472e-74 -3.21427e-78
0.4 1.2226e-70 -1.24327e-74
0.48 1.09228e-67 -1.8437e-71
0.56 4.86914e-65 -1.2563e-68
0.64 1.23059e-62 -4.57365e-66
0.72 1.92849e-60 -9.86158e-64
0.8 2.01154e-58 -1.36489e-61
0.88 1.47698e-56 -9.82331e-60
0.96 6.52674e-55 -5.64181e-58
1.04 2.48888e-53 -2.53325e-56
1.12 7.62571e-52 -9.14029e-55
1.2 1.91123e-50 -2.6924e-53
1.28 3.99898e-49 -6.59225e-52
1.36 7.11079e-48 -1.36439e-50
1.44 1.09124e-46 -2.42317e-49
1.52 1.46486e-45 -3.7425e-48
1.6 1.74042e-44 -5.08656e-47
1.68 1.84922e-43 -6.14822e-46
1.76 1.77328e-42 -6.67137e-45
1.84 1.54719e-41 -6.55336e-44
1.92 1.23717e-40 -5.87158e-43
2 9.12528e-40 -4.83071e-42
2.08 6.24468e-39 -3.67165e-41
2.16 3.98557e-38 -2.59226e-40
2.24 2.3836e-37 -1.70844e-39
2.32 1.34151e-36 -1.05577e-38
2.4 7.13261e-36 -6.1424e-38
2.48 3.59525e-35 -3.37684e-37
2.56 1.72357e-34 -1.7601e-36
2.64 7.88175e-34 -8.72466e-36
2.72 3.44725e-33 -4.12434e-35
2.8 1.4456e-32 -1.86407e-34
2.88 5.82545e-32 -8.07405e-34
2.96 2.26057e-31 -3.35871e-33
3.04 8.46335e-31 -1.34451e-32
3.12 3.06246e-30 -5.18866e-32
3.2 1.07278e-29 -1.93365e-31
3.28 3.66089e-29 -6.96962e-31
3.36 1.20979e-28 -2.4393e-30
3.44 3.88515e-28 -8.31832e-30
3.52 1.21421e-27 -2.74672e-29
3.6 3.69725e-27 -8.81171e-29
3.68 1.09806e-26 -2.7502e-28
3.76 3.184e-26 -8.36002e-28
3.84 9.02265e-26 -2.47764e-27
3.92 2.50091e-25 -7.16603e-27
4 6.78625e-25 -2.02453e-26
4.08 1.80417e-24 -5.59178e-26
4.16 4.70298e-24 -1.51117e-25
4.24 1.20289e-23 -3.99896e-25
4.32 3.0209e-23 -1.03699e-24
4.4 7.45393e-23 -2.63694e-24
4.48 1.80818e-22 -6.57987e-24
4.56 4.31484e-22 -1.61214e-23
4.64 1.01343e-21 -3.8808e-23
4.72 2.34406e-21 -9.18398e-23
4.8 5.342e-21 -2.13785e-22
4.88 1.20009e-20 -4.89776e-22
4.96 2.65887e-20 -1.10489e-21
5.04 5.81229e-20 -2.45565e-21
5.12 1.25414e-19 -5.3796e-21
5.2 2.67219e-19 -1.16219e-20
5.28 5.62442e-19 -2.47714e-20
5.36 1.16986e-18 -5.21146e-20
5.44 2.40541e-18 -1.08266e-19
5.52 4.89087e-18 -2.2219e-19
5.6 9.83701e-18 -4.50643e-19
5.68 1.95772e-17 -9.03605e-19
5.76 3.85636e-17 -1.79193e-18
5.84 7.52077e-17 -3.51571e-18
5.92 1.45252e-16 -6.82648e-18
6 2.77884e-16 -1.31223e-17
6.08 5.26742e-16 -2.49796e-17
6.16 9.89521e-16 -4.7103e-17
6.24 1.84265e-15 -8.80068e-17
6.32 3.40207e-15 -1.62968e-16
6.4 6.22902e-15 -2.9917e-16
6.48 1.13125e-14 -5.44582e-16
6.56 2.03817e-14 -9.83187e-16
6.64 3.64375e-14 -1.76089e-15
6.72 6.46487e-14 -3.12923e-15
6.8 1.13854e-13 -5.51873e-15
6.88 1.99062e-13 -9.66092e-15
6.96 3.45577e-13 -1.67901e-14
7.04 5.95785e-13 -2.89746e-14
7.12 1.0202e-12 -4.96572e-14
7.2 1.73537e-12 -8.45312e-14
7.28 2.93275e-12 -1.42951e-13
7.36 4.92481e-12 -2.40189e-13
7.44 8.2185e-12 -4.01033e-13
7.52 1.36314e-11 -6.6546e-13
7.6 2.24741e-11 -1.09758e-12
7.68 3.6836e-11 -1.79961e-12
7.76 6.00287e-11 -2.93359e-12
7.84 9.72728e-11 -4.75499e-12
7.92 1.56753e-10 -7.66438e-12
8 2.51233e-10 -1.22865e-11
8.08 4.00513e-10 -1.95907e-11
8.16 6.35157e-10 -3.1073e-11
8.24 1.0021e-09 -4.90313e-11
8.32 1.57305e-09 -7.69769e-11
8.4 2.45707e-09 -1.2025e-10
8.48 3.81921e-09 -1.86931e-10
8.56 5.90809e-09 -2.89196e-10
8.64 9.09648e-09 -4.45298e-10
8.72 1.39408e-08 -6.82486e-10
8.8 2.12678e-08 -1.04125e-09
8.88 3.23006e-08 -1.58148e-09
8.96 4.88411e-08 -2.39144e-09
9.04 7.35321e-08 -3.60053e-09
9.12 1.10234e-07 -5.39784e-09
9.2 1.64562e-07 -8.05837e-09
9.28 2.44651e-07 -1.19806e-08
9.36 3.62242e-07 -1.77394e-08
9.44 5.34206e-07 -2.61612e-08
9.52 7.84702e-07 -3.84292e-08
9.6 1.14819e-06 -5.6231e-08
9.68 1.67362e-06 -8.19644e-08
9.76 2.4303e-06 -1.19024e-07
9.84 3.51601e-06 -1.72199e-07
9.92 5.06812e-06 -2.48217e-07
10 7.27905e-06 -3.56502e-07
10.08 1.04173e-05 -5.10205e-07
10.16 1.48562e-05 -7.27615e-07
10.24 2.11134e-05 -1.03408e-06
10.32 2.99035e-05 -1.4646e-06
10.4 4.22106e-05 -2.06739e-06
10.48 5.9385e-05 -2.90856e-06
10.56 8.32732e-05 -4.07857e-06
10.64 0.000116393 -5.70073e-06
10.72 0.000162165 -7.94261e-06
10.8 0.000225226 -1.10313e-05
10.88 0.000311835 -1.52733e-05
10.96 0.000430422 -2.10815e-05
11.04 0.000592301 -2.90102e-05
11.12 0.000812617 -3.98011e-05
11.2 0.00111158 -5.44441e-05
11.28 0.00151608 -7.42562e-05
11.36 0.0020618 -0.000100985
11.44 0.00279593 -0.000136942
11.52 0.00378074 -0.000185177
11.6 0.00509814 -0.000249703
11.68 0.00685562 -0.000335783
11.76 0.00919377 -0.000450304
11.84 0.0122961 -0.000602252
11.92 0.0164012 -0.000803321
12 0.0218192 -0.00106869
12.08 0.028951 -0.001418
12.16 0.0383146 -0.00187662
12.24 0.0505769 -0.00247722
12.32 0.0665946 -0.00326176
12.4 0.0874654 -0.004284
12.48 0.114592 -0.00561264
12.56 0.149763 -0.0073353
12.64 0.195253 -0.00956336
12.72 0.253947 -0.0124382
12.8 0.329498 -0.0161386
12.88 0.426516 -0.0208905
12.96 0.550808 -0.0269782
13.04 0.709673 -0.0347593
13.12 0.912257 -0.0446818
13.2 1.17 -0.0573061
13.28 1.49719 -0.0733316
13.36 1.9116 -0.0936289
13.44 2.4353 -0.119279
13.52 3.09558 -0.151619
