0 0 0
0.08 4.47757e-45 -1.02793e-51
0.16 6.37004e-41 -3.91328e-46
0.24 4.57266e-38 -2.30453e-42
0.32 1.25865e-35 -1.52789e-39
0.4 1.46146e-33 -3.39034e-37
0.48 8.64362e-32 -3.33313e-35
0.56 3.03496e-30 -1.77455e-33
0.64 7.06176e-29 -5.88077e-32
0.72 1.17943e-27 -1.33649e-30
0.8 1.5007e-26 -2.23367e-29
0.88 1.52229e-25 -2.8927e-28
0.96 1.2753e-24 -3.02201e-27
1.04 9.07311e-24 -2.62874e-26
1.12 5.60593e-23 -1.95284e-25
1.2 3.06328e-22 -1.26469e-24
1.28 1.50269e-21 -7.26176e-24
1.36 6.70031e-21 -3.7492e-23
1.44 2.7441e-20 -1.76112e-22
1.52 1.04141e-19 -7.60172e-22
1.6 3.70661e-19 -3.04092e-21
1.68 1.23626e-18 -1.13875e-20
1.76 3.89501e-18 -4.02271e-20
1.84 1.1652e-17 -1.3377e-19
1.92 3.32408e-17 -4.21813e-19
2 9.07785e-17 -1.26706e-18
2.08 2.38122e-16 -3.63977e-18
2.16 6.0176e-16 -1.00331e-17
2.24 1.46899e-15 -2.66195e-17
2.32 3.47238e-15 -6.81603e-17
2.4 7.96497e-15 -1.68841e-16
2.48 1.77637e-14 -4.05486e-16
2.56 3.85868e-14 -9.45948e-16
2.64 8.1769e-14 -2.14739e-15
2.72 1.69283e-13 -4.75107e-15
2.8 3.4283e-13 -1.02595e-14
2.88 6.8e-13 -2.16512e-14
2.96 1.32244e-12 -4.47059e-14
3.04 2.52414e-12 -9.04144e-14
3.12 4.7328e-12 -1.79277e-13
3.2 8.72478e-12 -3.48826e-13
3.28 1.58255e-11 -6.66575e-13
3.36 2.82641e-11 -1.25189e-12
3.44 4.97363e-11 -2.31241e-12
3.52 8.62856e-11 -4.20357e-12
3.6 1.47665e-10 -7.52465e-12
3.68 2.49414e-10 -1.32712e-11
3.76 4.15995e-10 -2.30736e-11
3.84 6.85461e-10 -3.95652e-11
3.92 1.11635e-09 -6.69429e-11
4 1.79772e-09 -1.11809e-10
4.08 2.86369e-09 -1.84421e-10
4.16 4.51416e-09 -3.00519e-10
4.24 7.04426e-09 -4.83979e-10
4.32 1.08856e-08 -7.70598e-10
4.4 1.66638e-08 -1.21346e-09
4.48 2.52778e-08 -1.89044e-09
4.56 3.80085e-08 -2.91458e-09
4.64 5.66662e-08 -4.44838e-09
4.72 8.37896e-08 -6.72309e-09
4.8 1.22911e-07 -1.00648e-08
4.88 1.78912e-07 -1.49291e-08
4.96 2.58483e-07 -2.1947e-08
5.04 3.70739e-07 -3.19853e-08
5.12 5.28008e-07 -4.62252e-08
5.2 7.46855e-07 -6.62633e-08
5.28 1.04939e-06 -9.42424e-08
5.36 1.46496e-06 -1.33018e-07
5.44 2.03222e-06 -1.86367e-07
5.52 2.80185e-06 -2.59257e-07
5.6 3.83986e-06 -3.58171e-07
5.68 5.23175e-06 -4.91527e-07
5.76 7.08759e-06 -6.70182e-07
5.84 9.54836e-06 -9.0806e-07
5.92 1.27936e-05 -1.22291e-06
6 1.70507e-05 -1.63725e-06
6.08 2.26062e-05 -2.17946e-06
6.16 2.98191e-05 -2.88514e-06
6.24 3.91374e-05 -3.79871e-06
6.32 5.11165e-05 -4.97529e-06
6.4 6.64423e-05 -6.48296e-06
6.48 8.59571e-05 -8.40537e-06
6.56 0.000110691 -1.08448e-05
6.64 0.000141895 -1.39256e-05
6.72 0.000181088 -1.77985e-05
6.8 0.000230095 -2.2645e-05
6.88 0.000291108 -2.86829e-05
6.96 0.000366741 -3.61719e-05
7.04 0.000460103 -4.5421e-05
7.12 0.000574868 -5.67954e-05
7.2 0.000715361 -7.07248e-05
7.28 0.000886651 -8.7713e-05
7.36 0.00109465 -0.000108348
7.44 0.00134622 -0.000133311
7.52 0.00164929 -0.00016339
7.6 0.00201298 -0.000199493
7.68 0.00244775 -0.000242658
7.76 0.00296548 -0.000294067
7.84 0.00357969 -0.000355062
7.92 0.00430562 -0.000427157
8 0.00516036 -0.000512054
8.08 0.00616307 -0.000611653
8.16 0.007335 -0.000728069
8.24 0.00869969 -0.00086364
8.32 0.010283 -0.00102094
8.4 0.0121134 -0.00120278
8.48 0.0142215 -0.00141224
8.56 0.0166409 -0.00165261
8.64 0.0194073 -0.00192748
8.72 0.0225591 -0.00224064
8.8 0.0261368 -0.00259612
8.88 0.0301833 -0.00299819
8.96 0.0347432 -0.00345127
9.04 0.0398626 -0.00395997
9.12 0.0455891 -0.00452898
9.2 0.0519707 -0.00516309
9.28 0.0590555 -0.00586708
9.36 0.0668911 -0.00664568
9.44 0.0755235 -0.00750346
9.52 0.0849966 -0.00844478
9.6 0.0953508 -0.00947365
9.68 0.106622 -0.0105937
9.76 0.118841 -0.0118078
9.84 0.132031 -0.0131185
9.92 0.146206 -0.014527
10 0.161372 -0.0160341
10.08 0.177523 -0.017639
10.16 0.194639 -0.0193398
10.24 0.212686 -0.0211331
10.32 0.231615 -0.023014
10.4 0.251357 -0.0249758
10.48 0.271826 -0.0270098
10.56 0.292915 -0.0291054
10.64 0.314494 -0.0312497
10.72 0.336412 -0.0334276
10.8 0.358493 -0.0356218
10.88 0.380538 -0.0378124
10.96 0.402323 -0.0399773
11.04 0.423602 -0.0420917
11.12 0.444103 -0.0441289
11.2 0.463532 -0.0460597
11.28 0.481577 -0.0478528
11.36 0.497903 -0.0494752
11.44 0.512162 -0.0508922
11.52 0.523991 -0.0520678
11.6 0.533019 -0.052965
11.68 0.538869 -0.0535464
11.76 0.541164 -0.0537746
11.84 0.539532 -0.0536125
11.92 0.533612 -0.0530244
12 0.523059 -0.051976
12.08 0.507555 -0.0504355
12.16 0.486809 -0.0483742
12.24 0.460571 -0.0457672
12.32 0.428635 -0.042594
12.4 0.390849 -0.0388394
12.48 0.347118 -0.0344942
12.56 0.297418 -0.0295557
12.64 0.241794 -0.0240287
12.72 0.180372 -0.0179256
12.8 0.113364 -0.0112673
12.88 0.0410679 -0.00408358
12.96 -0.0361255 0.00358679
13.04 -0.117732 0.0116957
13.12 -0.203171 0.0201855
13.2 -0.291771 0.0289893
13.28 -0.382768 0.0380314
13.36 -0.475309 0.0472269
13.44 -0.568461 0.0564831
13.52 -0.661198 0.0656982
