0 0 0
0.08 1.24244e-90 -1.33668e-97
0.16 5.56705e-85 -2.03426e-90
0.24 1.91727e-80 -2.53927e-85
0.32 1.51405e-76 -4.96982e-81
0.4 3.73593e-73 -2.40946e-77
0.48 3.93896e-70 -4.37306e-74
0.56 2.0582e-67 -3.58128e-71
0.64 6.06111e-65 -1.54616e-68
0.72 1.09989e-62 -3.90855e-66
0.8 1.32041e-60 -6.27998e-64
0.88 1.10921e-58 -6.83634e-62
0.96 6.82455e-57 -4.14066e-60
1.04 2.65203e-55 -2.03866e-58
1.12 9.03101e-54 -8.02726e-57
1.2 2.5181e-52 -2.58721e-55
1.28 5.83803e-51 -6.92036e-54
1.36 1.1455e-49 -1.56031e-52
1.44 1.93205e-48 -3.00888e-51
1.52 2.83945e-47 -5.02808e-50
1.6 3.67973e-46 -7.36726e-49
1.68 4.24933e-45 -9.56491e-48
1.76 4.41346e-44 -1.11074e-46
1.84 4.15693e-43 -1.1635e-45
1.92 3.57679e-42 -1.10773e-44
2 2.83009e-41 -9.65113e-44
2.08 2.07137e-40 -7.74248e-43
2.16 1.40986e-39 -5.75127e-42
2.24 8.96689e-39 -3.97584e-41
2.32 5.35244e-38 -2.5697e-40
2.4 3.01041e-37 -1.55939e-39
2.48 1.60115e-36 -8.91908e-39
2.56 8.07985e-36 -4.82528e-38
2.64 3.88024e-35 -2.4773e-37
2.72 1.7783e-34 -1.2106e-36
2.8 7.79758e-34 -5.64676e-36
2.88 3.27908e-33 -2.52058e-35
2.96 1.32537e-32 -1.07931e-34
3.04 5.15939e-32 -4.44335e-34
3.12 1.93805e-31 -1.76235e-33
3.2 7.03728e-31 -6.74731e-33
3.28 2.4742e-30 -2.49806e-32
3.36 8.47681e-30 -8.95841e-32
3.44 2.81304e-29 -3.12443e-31
3.52 9.07472e-29 -1.06341e-30
3.6 2.85e-28 -3.5109e-30
3.68 8.72448e-28 -1.12814e-29
3.76 2.6062e-27 -3.53277e-29
3.84 7.60521e-27 -1.0793e-28
3.92 2.17009e-26 -3.22004e-28
4 6.06053e-26 -9.3899e-28
4.08 1.65801e-25 -2.6785e-27
4.16 4.44693e-25 -7.47965e-27
4.24 1.17021e-24 -2.04611e-26
4.32 3.02346e-24 -5.48679e-26
4.4 7.67501e-24 -1.44315e-25
4.48 1.91541e-23 -3.72526e-25
4.56 4.70228e-23 -9.44268e-25
4.64 1.13623e-22 -2.35155e-24
4.72 2.70373e-22 -5.75641e-24
4.8 6.33894e-22 -1.38582e-23
4.88 1.46498e-21 -3.28266e-23
4.96 3.3389e-21 -7.65449e-23
5.04 7.50787e-21 -1.75785e-22
5.12 1.66627e-20 -3.97757e-22
5.2 3.65139e-20 -8.87206e-22
5.28 7.90338e-20 -1.95161e-21
5.36 1.69029e-19 -4.23555e-21
5.44 3.57313e-19 -9.07321e-21
5.52 7.46816e-19 -1.91922e-20
5.6 1.54379e-18 -4.01029e-20
5.68 3.15719e-18 -8.28096e-20
5.76 6.38956e-18 -1.69045e-19
5.84 1.28002e-17 -3.4127e-19
5.92 2.53894e-17 -6.81577e-19
6 4.98752e-17 -1.34709e-18
6.08 9.70548e-17 -2.63561e-18
6.16 1.87133e-16 -5.10621e-18
6.24 3.57585e-16 -9.79878e-18
6.32 6.77328e-16 -1.86303e-17
6.4 1.27203e-15 -3.51041e-17
6.48 2.36899e-15 -6.55679e-17
6.56 4.37601e-15 -1.21429e-16
6.64 8.01904e-15 -2.23024e-16
6.72 1.45806e-14 -4.0632e-16
6.8 2.63093e-14 -7.34451e-16
6.88 4.71194e-14 -1.31741e-15
6.96 8.37751e-14 -2.34543e-15
7.04 1.47885e-13 -4.14521e-15
7.12 2.59234e-13 -7.27389e-15
7.2 4.51319e-13 -1.26752e-14
7.28 7.80475e-13 -2.19369e-14
7.36 1.34084e-12 -3.77137e-14
7.44 2.28875e-12 -6.44149e-14
7.52 3.8822e-12 -1.0932e-13
7.6 6.54437e-12 -1.84371e-13
7.68 1.09653e-11 -3.09047e-13
7.76 1.82638e-11 -5.14933e-13
7.84 3.0243e-11 -8.52945e-13
7.92 4.97934e-11 -1.40471e-12
8 8.15225e-11 -2.30037e-12
8.08 1.32736e-10 -3.74626e-12
8.16 2.14954e-10 -6.06786e-12
8.24 3.46253e-10 -9.77583e-12
8.32 5.54848e-10 -1.56673e-11
8.4 8.84558e-10 -2.49804e-11
8.48 1.4031e-09 -3.96287e-11
8.56 2.21463e-09 -6.25551e-11
8.64 3.47856e-09 -9.82644e-11
8.72 5.43776e-09 -1.5362e-10
8.8 8.46051e-09 -2.39029e-10
8.88 1.31028e-08 -3.70204e-10
8.96 2.02001e-08 -5.70758e-10
9.04 3.10028e-08 -8.76024e-10
9.12 4.73734e-08 -1.33864e-09
9.2 7.20751e-08 -2.03671e-09
9.28 1.0919e-07 -3.0856e-09
9.36 1.64724e-07 -4.65504e-09
9.44 2.47478e-07 -6.99376e-09
9.52 3.70293e-07 -1.04647e-08
9.6 5.51841e-07 -1.55956e-08
9.68 8.19155e-07 -2.31506e-08
9.76 1.21124e-06 -3.42317e-08
9.84 1.78413e-06 -5.04232e-08
9.92 2.61807e-06 -7.39928e-08
10 3.82753e-06 -1.08176e-07
10.08 5.57521e-06 -1.57571e-07
10.16 8.09155e-06 -2.28691e-07
10.24 1.17018e-05 -3.30728e-07
10.32 1.68633e-05 -4.76611e-07
10.4 2.42173e-05 -6.84461e-07
10.48 3.46593e-05 -9.79591e-07
10.56 4.94364e-05 -1.39725e-06
10.64 7.02789e-05 -1.98633e-06
10.72 9.95804e-05 -2.8145e-06
10.8 0.000140641 -3.97503e-06
10.88 0.000197996 -5.5961e-06
10.96 0.000277859 -7.85335e-06
11.04 0.00038872 -1.09867e-05
11.12 0.000542134 -1.53228e-05
11.2 0.000753793 -2.13051e-05
11.28 0.00104494 -2.95339e-05
11.36 0.00144422 -4.08194e-05
11.44 0.00199022 -5.62515e-05
11.52 0.00273468 -7.72929e-05
11.6 0.00374684 -0.0001059
11.68 0.00511906 -0.000144685
11.76 0.00697424 -0.00019712
11.84 0.00947543 -0.000267813
11.92 0.0128384 -0.000362863
12 0.0173477 -0.000490315
12.08 0.0233781 -0.000660757
12.16 0.0314213 -0.00088809
12.24 0.042121 -0.00119051
12.32 0.0563178 -0.00159176
12.4 0.0751063 -0.0021228
12.48 0.0999087 -0.00282382
12.56 0.132568 -0.00374689
12.64 0.175465 -0.00495933
12.72 0.231671 -0.00654794
12.8 0.305135 -0.00862434
12.88 0.400926 -0.0113318
12.96 0.525529 -0.0148536
13.04 0.687227 -0.0194238
13.12 0.89657 -0.0253407
13.2 1.16697 -0.0329832
13.28 1.51542 -0.0428318
13.36 1.96343 -0.0554945
13.44 2.53815 -0.0717383
13.52 3.27365 -0.0925266
