0 0 0
0.08 5.70453e-18 -3.00246e-24
0.16 1.5275e-15 -1.13542e-19
0.24 8.75663e-14 -2.1406e-17
0.32 1.83374e-12 -9.8019e-16
0.4 2.02123e-11 -1.91483e-14
0.48 1.4558e-10 -2.15995e-13
0.56 7.76349e-10 -1.66417e-12
0.64 3.32783e-09 -9.68977e-12
0.72 1.19555e-08 -4.57239e-11
0.8 3.7446e-08 -1.82676e-10
0.88 1.04912e-07 -6.3332e-10
0.96 2.67962e-07 -1.9591e-09
1.04 6.33039e-07 -5.50992e-09
1.12 1.39893e-06 -1.42924e-08
1.2 2.91785e-06 -3.45798e-08
1.28 5.78593e-06 -7.87422e-08
1.36 1.09724e-05 -1.69998e-07
1.44 1.99978e-05 -3.50063e-07
1.52 3.51726e-05 -6.91056e-07
1.6 5.99079e-05 -1.31338e-06
1.68 9.91095e-05 -2.41186e-06
1.76 0.000159666 -4.29285e-06
1.84 0.000251039 -7.42571e-06
1.92 0.000385962 -1.25125e-05
2 0.000581251 -2.05803e-05
2.08 0.00085872 -3.31014e-05
2.16 0.0012462 -5.21454e-05
2.24 0.00177862 -8.05704e-05
2.32 0.00249921 -0.000122256
2.4 0.00346063 -0.000182385
2.48 0.00472617 -0.000267773
2.56 0.00637084 -0.000387253
2.64 0.00848232 -0.000552104
2.72 0.0111617 -0.000776531
2.8 0.0145239 -0.00107818
2.88 0.0186977 -0.00147865
2.96 0.0238253 -0.00200406
3.04 0.030061 -0.0026855
3.12 0.0375697 -0.0035595
3.2 0.046524 -0.00466831
3.28 0.0571007 -0.00606012
3.36 0.0694768 -0.00778894
3.44 0.0838237 -0.00991434
3.52 0.100302 -0.0125008
3.6 0.119052 -0.0156166
3.68 0.140193 -0.0193327
3.76 0.163806 -0.0237204
3.84 0.189936 -0.0288495
3.92 0.218575 -0.0347849
4 0.249664 -0.0415841
4.08 0.283077 -0.049293
4.16 0.318622 -0.0579421
4.24 0.356032 -0.0675424
4.32 0.394966 -0.0780817
4.4 0.435005 -0.0895205
4.48 0.47565 -0.101789
4.56 0.516327 -0.114782
4.64 0.556382 -0.12836
4.72 0.59509 -0.142345
4.8 0.631658 -0.156522
4.88 0.665237 -0.170638
4.96 0.694925 -0.184408
5.04 0.719785 -0.197515
5.12 0.738859 -0.209617
5.2 0.751181 -0.220355
5.28 0.755799 -0.229357
5.36 0.751794 -0.236247
5.44 0.738305 -0.240654
5.52 0.71455 -0.242222
5.6 0.679853 -0.24062
5.68 0.633669 -0.235547
5.76 0.575608 -0.226746
5.84 0.50546 -0.214012
5.92 0.42322 -0.197199
6 0.329103 -0.176229
6.08 0.223567 -0.1511
6.16 0.107321 -0.121889
6.24 -0.0186615 -0.0887968
6.32 -0.153145 -0.0520004
6.4 -0.29463 -0.0118788
6.48 -0.441366 0.0311366
6.56 -0.591362 0.0765267
6.64 -0.742417 0.12369
6.72 -0.892141 0.171948
6.8 -1.038 0.220554
6.88 -1.17734 0.268707
6.96 -1.30747 0.315559
7.04 -1.42568 0.360234
7.12 -1.52931 0.401844
7.2 -1.61582 0.439507
7.28 -1.68282 0.472362
7.36 -1.72818 0.499593
7.44 -1.75006 0.52045
7.52 -1.74694 0.534262
7.6 -1.71775 0.540462
7.68 -1.66182 0.538604
7.76 -1.57901 0.528375
7.84 -1.46968 0.509614
7.92 -1.33472 0.48232
8 -1.17559 0.446661
8.08 -0.994276 0.40298
8.16 -0.793298 0.351795
8.24 -0.575677 0.293793
8.32 -0.344889 0.229832
8.4 -0.104817 0.160919
8.48 0.140325 0.0882022
8.56 0.386056 0.0129502
8.64 0.627728 -0.063472
8.72 0.86061 -0.139627
8.8 1.07999 -0.214036
8.88 1.2813 -0.285207
8.96 1.46016 -0.351668
9.04 1.61258 -0.412001
9.12 1.73497 -0.464876
9.2 1.82428 -0.509081
9.28 1.87807 -0.543554
9.36 1.89461 -0.567414
9.44 1.8729 -0.579982
9.52 1.81275 -0.580806
9.6 1.71479 -0.569677
9.68 1.58048 -0.546641
9.76 1.41213 -0.512004
9.84 1.21281 -0.466333
9.92 0.986379 -0.410452
10 0.737339 -0.345425
10.08 0.470805 -0.272543
10.16 0.192376 -0.193298
10.24 -0.0919735 -0.109351
10.32 -0.376029 -0.0225018
10.4 -0.653469 0.0653538
10.48 -0.918017 0.152263
10.56 -1.16358 0.236264
10.64 -1.38441 0.315426
10.72 -1.57523 0.387902
10.8 -1.73137 0.451971
10.88 -1.84892 0.506078
10.96 -1.92477 0.548882
11.04 -1.95679 0.579285
11.12 -1.94382 0.596464
11.2 -1.88575 0.5999
11.28 -1.78354 0.58939
11.36 -1.63921 0.56506
11.44 -1.45581 0.527368
11.52 -1.23736 0.477097
11.6 -0.988782 0.41534
11.68 -0.71576 0.343481
11.76 -0.424649 0.263164
11.84 -0.122308 0.176255
11.92 0.184055 0.0848026
12 0.487057 -0.00901425
12.08 0.77932 -0.102934
12.16 1.05365 -0.194672
12.24 1.30324 -0.281971
12.32 1.5218 -0.362665
12.4 1.70378 -0.434727
12.48 1.84444 -0.49633
12.56 1.94008 -0.545885
12.64 1.98804 -0.582094
12.72 1.98687 -0.603979
12.8 1.93631 -0.610912
12.88 1.83735 -0.602638
12.96 1.6922 -0.579281
13.04 1.50427 -0.541347
13.12 1.27806 -0.489715
13.2 1.01909 -0.425619
13.28 0.733753 -0.350618
13.36 0.42915 -0.26656
13.44 0.112935 -0.17554
13.52 -0.206841 -0.0798592
