0 -0 -0
0.08 -1.61286e-21 7.1718e-28
0.16 -7.69318e-19 4.24049e-23
0.24 -7.54271e-17 1.38222e-20
0.32 -2.52699e-15 1.02874e-18
0.4 -4.15375e-14 3.04036e-17
0.48 -4.21103e-13 4.88572e-16
0.56 -3.02139e-12 5.118e-15
0.64 -1.6738e-11 3.90528e-14
0.72 -7.58864e-11 2.33512e-13
0.8 -2.94451e-10 1.15103e-12
0.88 -9.99733e-10 4.86674e-12
0.96 -3.04534e-09 1.81297e-11
1.04 -8.46636e-09 6.03284e-11
1.12 -2.17682e-08 1.82792e-10
1.2 -5.23105e-08 5.11073e-10
1.28 -1.18494e-07 1.3325e-09
1.36 -2.54788e-07 3.26755e-09
1.44 -5.23065e-07 7.58916e-09
1.52 -1.03024e-06 1.67933e-08
1.6 -1.95484e-06 3.5579e-08
1.68 -3.586e-06 7.24765e-08
1.76 -6.37896e-06 1.42466e-07
1.84 -1.10325e-05 2.71077e-07
1.92 -1.85943e-05 5.00631e-07
2 -3.06016e-05 8.9954e-07
2.08 -4.92655e-05 1.57583e-06
2.16 -7.77071e-05 2.6964e-06
2.24 -0.000120257 4.514e-06
2.32 -0.000182826 7.40413e-06
2.4 -0.000273359 1.19149e-05
2.48 -0.000402381 1.88329e-05
2.56 -0.000583643 2.92692e-05
2.64 -0.000834875 4.47694e-05
2.72 -0.00117864 6.74521e-05
2.8 -0.00164331 0.000100181
2.88 -0.00226412 0.000146773
2.96 -0.00308432 0.00021225
3.04 -0.00415637 0.000303132
3.12 -0.00554317 0.000427775
3.2 -0.00731927 0.00059675
3.28 -0.00957201 0.000823267
3.36 -0.0124025 0.00112362
3.44 -0.0159264 0.00151766
3.52 -0.0202746 0.00202926
3.6 -0.0255933 0.00268674
3.68 -0.0320437 0.00352332
3.76 -0.0398015 0.00457736
3.84 -0.0490557 0.00589263
3.92 -0.0600067 0.0075183
4 -0.0728637 0.00950879
4.08 -0.0878422 0.0119234
4.16 -0.105159 0.0148254
4.24 -0.125031 0.0182815
4.32 -0.147663 0.02236
4.4 -0.173253 0.0271295
4.48 -0.201977 0.0326569
4.56 -0.233984 0.0390046
4.64 -0.269391 0.0462285
4.72 -0.30827 0.0543749
4.8 -0.350645 0.0634773
4.88 -0.396478 0.0735541
4.96 -0.44566 0.084605
5.04 -0.498008 0.0966084
5.12 -0.553248 0.109519
5.2 -0.611014 0.123267
5.28 -0.670834 0.137752
5.36 -0.732132 0.152847
5.44 -0.794217 0.168394
5.52 -0.856286 0.184206
5.6 -0.91742 0.200065
5.68 -0.976592 0.215723
5.76 -1.03267 0.230907
5.84 -1.08442 0.245318
5.92 -1.13053 0.258635
6 -1.16963 0.270518
6.08 -1.2003 0.280615
6.16 -1.22109 0.288564
6.24 -1.23055 0.294005
6.32 -1.22728 0.296578
6.4 -1.20994 0.29594
6.48 -1.1773 0.291766
6.56 -1.12824 0.283761
6.64 -1.06184 0.271669
6.72 -0.977384 0.255278
6.8 -0.874403 0.234435
6.88 -0.752706 0.209049
6.96 -0.612418 0.179099
7.04 -0.454001 0.144646
7.12 -0.278281 0.105834
7.2 -0.0864617 0.0628962
7.28 0.119866 0.0161578
7.36 0.338721 -0.0339613
7.44 0.567737 -0.0869481
7.52 0.80418 -0.142199
7.6 1.04497 -0.199023
7.68 1.28672 -0.256652
7.76 1.52578 -0.314245
7.84 1.75828 -0.370905
7.92 1.98019 -0.425687
8 2.18742 -0.47762
8.08 2.37584 -0.525718
8.16 2.54142 -0.569
8.24 2.68027 -0.606515
8.32 2.78877 -0.637357
8.4 2.86362 -0.660687
8.48 2.90195 -0.675757
8.56 2.90138 -0.681928
8.64 2.86015 -0.678689
8.72 2.77711 -0.665677
8.8 2.65186 -0.642691
8.88 2.48475 -0.609703
8.96 2.27692 -0.566872
9.04 2.03035 -0.514551
9.12 1.7478 -0.453282
9.2 1.43286 -0.383805
9.28 1.08987 -0.307044
9.36 0.723918 -0.224103
9.44 0.340698 -0.136248
9.52 -0.053517 -0.0448869
9.6 -0.452009 0.048447
9.68 -0.847726 0.142128
9.76 -1.23342 0.234464
9.84 -1.60177 0.323731
9.92 -1.94558 0.408207
10 -2.25787 0.486207
10.08 -2.53209 0.556124
10.16 -2.76222 0.61646
10.24 -2.94298 0.665865
10.32 -3.0699 0.703173
10.4 -3.1395 0.727427
10.48 -3.14936 0.737913
10.56 -3.09822 0.734178
10.64 -2.98604 0.716052
10.72 -2.81407 0.683657
10.8 -2.5848 0.637417
10.88 -2.30199 0.578054
10.96 -1.97061 0.506581
11.04 -1.59677 0.424293
11.12 -1.18761 0.332738
11.2 -0.751162 0.233698
11.28 -0.296218 0.129148
11.36 0.167862 0.0212228
11.44 0.631343 -0.0878295
11.52 1.08432 -0.195695
11.6 1.51694 -0.300042
11.68 1.91963 -0.398578
11.76 2.28329 -0.489096
11.84 2.59957 -0.569533
11.92 2.86099 -0.638013
12 3.06123 -0.692902
12.08 3.19521 -0.732842
12.16 3.25928 -0.756794
12.24 3.25131 -0.764063
12.32 3.17078 -0.754325
12.4 3.01883 -0.727639
12.48 2.79824 -0.684453
12.56 2.5134 -0.6256
12.64 2.17026 -0.552287
12.72 1.77617 -0.466069
12.8 1.33979 -0.368823
12.88 0.870832 -0.262703
12.96 0.379923 -0.150101
13.04 -0.121686 -0.033585
13.12 -0.622362 0.0841527
13.2 -1.11036 0.200361
13.28 -1.57411 0.312296
13.36 -2.00249 0.417284
13.44 -2.38511 0.512791
13.52 -2.71251 0.596469
