0 -0 -0
0.08 -7.62059e-37 2.08665e-43
0.16 -2.05573e-33 3.53983e-38
0.24 -1.07163e-30 6.68728e-35
0.32 -1.6827e-28 2.49556e-32
0.4 -1.10425e-26 3.10386e-30
0.48 -3.83474e-25 1.77874e-28
0.56 -8.2465e-24 5.775e-27
0.64 -1.22268e-22 1.21505e-25
0.72 -1.34871e-21 1.81586e-24
0.8 -1.17018e-20 2.05841e-23
0.88 -8.3258e-20 1.85826e-22
0.96 -5.01564e-19 1.38661e-21
1.04 -2.62298e-18 8.80353e-21
1.12 -1.21463e-17 4.8661e-20
1.2 -5.06072e-17 2.38535e-19
1.28 -1.93197e-16 1.05272e-18
1.36 -6.77206e-16 4.23638e-18
1.44 -2.20599e-15 1.57416e-17
1.52 -6.73056e-15 5.45302e-17
1.6 -1.93597e-14 1.76226e-16
1.68 -5.27913e-14 5.35925e-16
1.76 -1.37129e-13 1.54267e-15
1.84 -3.40731e-13 4.22377e-15
1.92 -8.12807e-13 1.10466e-14
2 -1.86744e-12 2.76987e-14
2.08 -4.14397e-12 6.68053e-14
2.16 -8.90397e-12 1.55429e-13
2.24 -1.85661e-11 3.49729e-13
2.32 -3.7644e-11 7.62793e-13
2.4 -7.4352e-11 1.61603e-12
2.48 -1.43291e-10 3.33169e-12
2.56 -2.69849e-10 6.69554e-12
2.64 -4.97256e-10 1.31364e-11
2.72 -8.97712e-10 2.51969e-11
2.8 -1.58959e-09 4.73104e-11
2.88 -2.76365e-09 8.70605e-11
2.96 -4.72229e-09 1.57187e-10
3.04 -7.9376e-09 2.78729e-10
3.12 -1.31359e-08 4.85878e-10
3.2 -2.14197e-08 8.3336e-10
3.28 -3.44406e-08 1.4075e-09
3.36 -5.46428e-08 2.34262e-09
3.44 -8.56029e-08 3.84499e-09
3.52 -1.32496e-07 6.2274e-09
3.6 -2.02735e-07 9.95844e-09
3.68 -3.06831e-07 1.57321e-08
3.76 -4.59552e-07 2.45643e-08
3.84 -6.81462e-07 3.79266e-08
3.92 -1.00094e-06 5.7927e-08
4 -1.45685e-06 8.75544e-08
4.08 -2.10196e-06 1.31003e-07
4.16 -3.00739e-06 1.94099e-07
4.24 -4.26823e-06 2.84856e-07
4.32 -6.01079e-06 4.14189e-07
4.4 -8.40159e-06 5.96825e-07
4.48 -1.16586e-05 8.52447e-07
4.56 -1.60655e-05 1.20712e-06
4.64 -2.19885e-05 1.69506e-06
4.72 -2.98978e-05 2.36077e-06
4.8 -4.0393e-05 3.26169e-06
4.88 -5.42338e-05 4.47128e-06
4.96 -7.23769e-05 6.08283e-06
5.04 -9.602e-05 8.21385e-06
5.12 -0.000126653 1.10113e-05
5.2 -0.000166118 1.46576e-05
5.28 -0.000216679 1.93779e-05
5.36 -0.000281105 2.54477e-05
5.44 -0.000362758 3.32027e-05
5.52 -0.000465699 4.30486e-05
5.6 -0.000594808 5.54735e-05
5.68 -0.00075591 7.10605e-05
5.76 -0.000955923 9.05023e-05
5.84 -0.00120302 0.000114617
5.92 -0.00150678 0.000144366
6 -0.00187841 0.00018087
6.08 -0.00233091 0.000225431
6.16 -0.00287926 0.000279554
6.24 -0.0035407 0.000344961
6.32 -0.00433486 0.00042362
6.4 -0.00528402 0.000517764
6.48 -0.0064133 0.000629907
6.56 -0.00775086 0.000762869
6.64 -0.00932807 0.00091979
6.72 -0.0111796 0.00110414
6.8 -0.0133437 0.00131975
6.88 -0.015862 0.00157078
6.96 -0.0187797 0.00186176
7.04 -0.0221454 0.00219755
7.12 -0.026011 0.00258335
7.2 -0.0304317 0.00302466
7.28 -0.035465 0.00352725
7.36 -0.041171 0.00409713
7.44 -0.0476113 0.00474044
7.52 -0.0548483 0.00546345
7.6 -0.0629447 0.0062724
7.68 -0.0719619 0.00717346
7.76 -0.0819595 0.00817257
7.84 -0.0929931 0.00927529
7.92 -0.105114 0.0104867
8 -0.118365 0.0118112
8.08 -0.132782 0.0132523
8.16 -0.14839 0.0148125
8.24 -0.165202 0.0164931
8.32 -0.183214 0.0182937
8.4 -0.202407 0.0202125
8.48 -0.222742 0.0222455
8.56 -0.244159 0.0243867
8.64 -0.266574 0.0266277
8.72 -0.289878 0.0289576
8.8 -0.313933 0.0313628
8.88 -0.338573 0.0338264
8.96 -0.363601 0.0363291
9.04 -0.38879 0.0388478
9.12 -0.413879 0.0413567
9.2 -0.438576 0.0438265
9.28 -0.462558 0.0462249
9.36 -0.485471 0.0485167
9.44 -0.506933 0.0506635
9.52 -0.526536 0.0526247
9.6 -0.543851 0.0543572
9.68 -0.558428 0.0558164
9.76 -0.569807 0.0569559
9.84 -0.577518 0.057729
9.92 -0.581092 0.0580887
10 -0.580065 0.0579886
10.08 -0.573988 0.0573838
10.16 -0.562434 0.0562319
10.24 -0.545011 0.0544933
10.32 -0.521366 0.0521329
10.4 -0.491198 0.0491206
10.48 -0.454269 0.0454325
10.56 -0.41041 0.0410517
10.64 -0.359533 0.0359695
10.72 -0.30164 0.030186
10.8 -0.236831 0.0237111
10.88 -0.16531 0.0165653
10.96 -0.0873945 0.00878009
11.04 -0.00351508 0.000398593
11.12 0.0857769 -0.00852415
11.2 0.17981 -0.0179211
11.28 0.277794 -0.0277132
11.36 0.37882 -0.0378097
11.44 0.481869 -0.0481089
11.52 0.585818 -0.0584985
11.6 0.68945 -0.0688568
11.68 0.791466 -0.079054
11.76 0.890499 -0.0889538
11.84 0.985137 -0.0984147
11.92 1.07393 -0.107292
12 1.15544 -0.115441
12.08 1.22821 -0.122718
12.16 1.29084 -0.128983
12.24 1.34201 -0.134102
12.32 1.38047 -0.13795
12.4 1.40509 -0.140417
12.48 1.41489 -0.141401
12.56 1.40904 -0.140824
12.64 1.38694 -0.138621
12.72 1.34817 -0.134752
12.8 1.29254 -0.129198
12.88 1.22014 -0.121968
12.96 1.13129 -0.113095
13.04 1.02661 -0.102638
13.12 0.906969 -0.0906863
13.2 0.773525 -0.0773543
13.28 0.6277 -0.0627844
13.36 0.471175 -0.0471446
13.44 0.305874 -0.0306269
13.52 0.133969 -0.0134485
