0 0 0
0.08 0.00110344 -2.06603e-09
0.16 0.00824 -4.36721e-06
0.24 0.0275278 -4.00541e-05
0.32 0.0638808 -0.000178141
0.4 0.121323 -0.000549703
0.48 0.20254 -0.00135724
0.56 0.308653 -0.00287788
0.64 0.439093 -0.0054587
0.72 0.591532 -0.0095034
0.8 0.761912 -0.0154507
0.88 0.944553 -0.0237451
0.96 1.13234 -0.0348015
1.04 1.317 -0.0489655
1.12 1.48941 -0.0664718
1.2 1.64003 -0.0874028
1.28 1.75926 -0.111651
1.36 1.83797 -0.138889
1.44 1.86787 -0.168542
1.52 1.84201 -0.199783
1.6 1.75511 -0.231535
1.68 1.60395 -0.262482
1.76 1.38765 -0.291108
1.84 1.10782 -0.315741
1.92 0.768679 -0.334617
2 0.377041 -0.345955
2.08 -0.0578087 -0.348042
2.16 -0.524342 -0.339325
2.24 -1.00912 -0.318506
2.32 -1.49721 -0.284631
2.4 -1.9727 -0.237178
2.48 -2.41929 -0.176128
2.56 -2.82086 -0.102019
2.64 -3.16214 -0.0159836
2.72 -3.42933 0.080247
2.8 -3.61067 0.184357
2.88 -3.69697 0.293497
2.96 -3.68207 0.404356
3.04 -3.56314 0.513272
3.12 -3.34089 0.616348
3.2 -3.01964 0.709607
3.28 -2.60719 0.789143
3.36 -2.11464 0.851286
3.44 -1.55598 0.892766
3.52 -0.947612 0.910861
3.6 -0.307784 0.903534
3.68 0.344081 0.869546
3.76 0.988067 0.80854
3.84 1.60446 0.721089
3.92 2.17444 0.608716
4 2.68069 0.473872
4.08 3.10795 0.319879
4.16 3.44354 0.150842
4.24 3.67763 -0.0284758
4.32 3.8036 -0.212798
4.4 3.81811 -0.396503
4.48 3.7212 -0.57382
4.56 3.51624 -0.739035
4.64 3.2097 -0.886693
4.72 2.81096 -1.01179
4.8 2.33196 -1.10996
4.88 1.78683 -1.17763
4.96 1.19142 -1.21217
5.04 0.562868 -1.21196
5.12 -0.0808936 -1.17672
5.2 -0.721657 -1.10657
5.28 -1.34142 -1.00344
5.36 -1.92287 -0.870046
5.44 -2.44986 -0.710079
5.52 -2.90779 -0.528051
5.6 -3.28405 -0.329159
5.68 -3.56828 -0.119125
5.76 -3.75269 0.0959813
5.84 -3.83224 0.309931
5.92 -3.80477 0.516519
6 -3.67106 0.709745
6.08 -3.43481 0.88399
6.16 -3.10254 1.03418
6.24 -2.68345 1.15591
6.32 -2.1891 1.24562
6.4 -1.63319 1.30062
6.48 -1.03113 1.31924
6.56 -0.399654 1.30082
6.64 0.24365 1.24576
6.72 0.880816 1.15552
6.8 1.494 1.03253
6.88 2.06597 0.880174
6.96 2.58059 0.702688
7.04 3.0233 0.505019
7.12 3.38149 0.292708
7.2 3.6449 0.0717269
7.28 3.80588 -0.151687
7.36 3.85968 -0.371206
7.44 3.80453 -0.580594
7.52 3.64174 -0.773882
7.6 3.37569 -0.945541
7.68 3.01369 -1.09064
7.76 2.5658 -1.20498
7.84 2.04455 -1.28524
7.92 1.46462 -1.32905
8 0.842386 -1.33507
8.08 0.195496 -1.30306
8.16 -0.457643 -1.23385
8.24 -1.09839 -1.12932
8.32 -1.70841 -0.992409
8.4 -2.27017 -0.826956
8.48 -2.76749 -0.637652
8.56 -3.18599 -0.429879
8.64 -3.51352 -0.209568
8.72 -3.74048 0.0169745
8.8 -3.86018 0.243244
8.88 -3.86899 0.462726
8.96 -3.76644 0.669088
9.04 -3.55532 0.856356
9.12 -3.24152 1.01909
9.2 -2.83395 1.15256
9.28 -2.34421 1.25286
9.36 -1.78635 1.31703
9.44 -1.1764 1.34316
9.52 -0.531948 1.33043
9.6 0.128384 1.27916
9.68 0.785469 1.19078
9.76 1.42024 1.06779
9.84 2.01422 0.913732
9.92 2.5501 0.733025
10 3.01222 0.530894
10.08 3.38705 0.313192
10.16 3.66354 0.0862357
10.24 3.83353 -0.143373
10.32 3.89193 -0.368946
10.4 3.8369 -0.583897
10.48 3.66991 -0.781942
10.56 3.39571 -0.957278
10.64 3.02219 -1.10476
10.72 2.56015 -1.22003
10.8 2.02302 -1.29971
10.88 1.42642 -1.3414
10.96 0.787764 -1.34386
11.04 0.125716 -1.30697
11.12 -0.540346 -1.23177
11.2 -1.1909 -1.12043
11.28 -1.80684 -0.976181
11.36 -2.37006 -0.803222
11.44 -2.86398 -0.606605
11.52 -3.27402 -0.392086
11.6 -3.58805 -0.165951
11.68 -3.79676 0.0651615
11.76 -3.89392 0.294457
11.84 -3.87657 0.515188
11.92 -3.74512 0.720849
12 -3.50336 0.905371
12.08 -3.15832 1.0633
12.16 -2.72008 1.18996
12.24 -2.20149 1.2816
12.32 -1.61779 1.33548
12.4 -0.98614 1.34998
12.48 -0.325159 1.32465
12.56 0.345659 1.26021
12.64 1.00651 1.15852
12.72 1.63786 1.02258
12.8 2.22102 0.856375
12.88 2.73872 0.664795
12.96 3.17561 0.453492
13.04 3.5187 0.228704
13.12 3.75778 -0.00292332
13.2 3.88571 -0.234538
13.28 3.89862 -0.45928
13.36 3.79606 -0.670489
13.44 3.581 -0.861896
13.52 3.2598 -1.02779
