0 0 0
0.08 2.62578e-95 -2.66972e-102
0.16 1.54134e-89 -1.02384e-94
0.24 6.89085e-85 -1.40749e-89
0.32 7.03455e-81 -3.2662e-85
0.4 2.21987e-77 -1.91629e-81
0.48 2.97572e-74 -4.27144e-78
0.56 1.95892e-71 -4.30681e-75
0.64 7.21164e-69 -2.28968e-72
0.72 1.62257e-66 -7.10739e-70
0.8 2.3959e-64 -1.39661e-67
0.88 2.4562e-62 -1.85036e-65
0.96 1.83023e-60 -1.73927e-63
1.04 1.02953e-58 -9.55648e-62
1.12 3.77306e-57 -4.35053e-60
1.2 1.22955e-55 -1.61792e-58
1.28 3.33048e-54 -5.01393e-57
1.36 7.59764e-53 -1.30996e-55
1.44 1.48259e-51 -2.92386e-54
1.52 2.50921e-50 -5.64572e-53
1.6 3.72832e-49 -9.53923e-52
1.68 4.91605e-48 -1.42504e-50
1.76 5.80749e-47 -1.89981e-49
1.84 6.19894e-46 -2.27943e-48
1.92 6.02422e-45 -2.48016e-47
2 5.36655e-44 -2.46411e-46
2.08 4.40921e-43 -2.24943e-45
2.16 3.35969e-42 -1.89745e-44
2.24 2.38607e-41 -1.48656e-43
2.32 1.58665e-40 -1.08677e-42
2.4 9.9195e-40 -7.44515e-42
2.48 5.85249e-39 -4.7982e-41
2.56 3.26984e-38 -2.91935e-40
2.64 1.73545e-37 -1.68231e-39
2.72 8.77505e-37 -9.20917e-39
2.8 4.23827e-36 -4.80191e-38
2.88 1.96013e-35 -2.39095e-37
2.96 8.69991e-35 -1.13943e-36
3.04 3.71341e-34 -5.20818e-36
3.12 1.52718e-33 -2.28779e-35
3.2 6.06222e-33 -9.67526e-35
3.28 2.32655e-32 -3.946e-34
3.36 8.6455e-32 -1.55445e-33
3.44 3.11517e-31 -5.92322e-33
3.52 1.08983e-30 -2.18619e-32
3.6 3.72459e-30 -7.82572e-32
3.68 1.23562e-29 -2.72695e-31
3.76 3.99231e-29 -9.27993e-31
3.84 1.25786e-28 -3.06455e-30
3.92 3.86846e-28 -9.85188e-30
4 1.16238e-27 -3.0869e-29
4.08 3.41537e-27 -9.43625e-29
4.16 9.82136e-27 -2.81673e-28
4.24 2.76625e-26 -8.21736e-28
4.32 7.63695e-26 -2.34485e-27
4.4 2.06809e-25 -6.54986e-27
4.48 5.4971e-25 -1.79227e-26
4.56 1.43513e-24 -4.80769e-26
4.64 3.68225e-24 -1.2651e-25
4.72 9.29072e-24 -3.26775e-25
4.8 2.30645e-23 -8.29045e-25
4.88 5.63674e-23 -2.06716e-24
4.96 1.35682e-22 -5.06856e-24
5.04 3.21834e-22 -1.2228e-23
5.12 7.52594e-22 -2.90411e-23
5.2 1.7358e-21 -6.79342e-23
5.28 3.95027e-21 -1.56602e-22
5.36 8.87399e-21 -3.55915e-22
5.44 1.96852e-20 -7.97883e-22
5.52 4.3137e-20 -1.76511e-21
5.6 9.34109e-20 -3.85502e-21
5.68 1.99954e-19 -8.31543e-21
5.76 4.23236e-19 -1.77222e-20
5.84 8.86116e-19 -3.73325e-20
5.92 1.83561e-18 -7.77592e-20
6 3.76332e-18 -1.60199e-19
6.08 7.63806e-18 -3.26553e-19
6.16 1.53506e-17 -6.58822e-19
6.24 3.05569e-17 -1.31593e-18
6.32 6.02606e-17 -2.603e-18
6.4 1.17761e-16 -5.1004e-18
6.48 2.28089e-16 -9.90235e-18
6.56 4.37962e-16 -1.90538e-17
6.64 8.33849e-16 -3.63444e-17
6.72 1.57449e-15 -6.87388e-17
6.8 2.94903e-15 -1.28934e-16
6.88 5.48003e-15 -2.39897e-16
6.96 1.01048e-14 -4.42851e-16
7.04 1.84921e-14 -8.11235e-16
7.12 3.35916e-14 -1.47493e-15
7.2 6.05801e-14 -2.66198e-15
7.28 1.0848e-13 -4.77002e-15
7.36 1.92911e-13 -8.48762e-15
7.44 3.40731e-13 -1.49992e-14
7.52 5.97824e-13 -2.63288e-14
7.6 1.04208e-12 -4.59132e-14
7.68 1.8049e-12 -7.95508e-14
7.76 3.10658e-12 -1.36965e-13
7.84 5.31424e-12 -2.34363e-13
7.92 9.03611e-12 -3.98599e-13
8 1.5274e-11 -6.7391e-13
8.08 2.56688e-11 -1.13275e-12
8.16 4.28927e-11 -1.89315e-12
8.24 7.12743e-11 -3.14629e-12
8.32 1.17787e-10 -5.20021e-12
8.4 1.93608e-10 -8.5486e-12
8.48 3.16555e-10 -1.39786e-11
8.56 5.1489e-10 -2.27388e-11
8.64 8.33222e-10 -3.67999e-11
8.72 1.34161e-09 -5.92571e-11
8.8 2.14954e-09 -9.4948e-11
8.88 3.42733e-09 -1.51398e-10
8.96 5.43869e-09 -2.40258e-10
9.04 8.58999e-09 -3.79485e-10
9.12 1.35047e-08 -5.96626e-10
9.2 2.11351e-08 -9.3376e-10
9.28 3.29293e-08 -1.45487e-09
9.36 5.10797e-08 -2.25684e-09
9.44 7.8892e-08 -3.48574e-09
9.52 1.21329e-07 -5.36087e-09
9.6 1.85812e-07 -8.21015e-09
9.68 2.83391e-07 -1.25219e-08
9.76 4.30456e-07 -1.90203e-08
9.84 6.51223e-07 -2.87755e-08
9.92 9.81325e-07 -4.33622e-08
10 1.473e-06 -6.50887e-08
10.08 2.20256e-06 -9.73268e-08
10.16 3.281e-06 -1.44982e-07
10.24 4.86929e-06 -2.15167e-07
10.32 7.1999e-06 -3.18156e-07
10.4 1.06075e-05 -4.68734e-07
10.48 1.55719e-05 -6.88113e-07
10.56 2.27793e-05 -1.00661e-06
10.64 3.32068e-05 -1.46739e-06
10.72 4.82416e-05 -2.13178e-06
10.8 6.98462e-05 -3.08649e-06
10.88 0.000100789 -4.45383e-06
10.96 0.000144959 -6.40574e-06
11.04 0.000207809 -9.18308e-06
11.12 0.000296951 -1.31223e-05
11.2 0.000422985 -1.86918e-05
11.28 0.000600624 -2.65417e-05
11.36 0.000850224 -3.75716e-05
11.44 0.00119987 -5.30226e-05
11.52 0.00168819 -7.46018e-05
11.6 0.00236817 -0.00010465
11.68 0.00331222 -0.000146368
11.76 0.00461913 -0.000204121
11.84 0.00642314 -0.000283841
11.92 0.00890628 -0.000393572
12 0.0123146 -0.000544189
12.08 0.01698 -0.000750353
12.16 0.0233483 -0.00103177
12.24 0.0320178 -0.00141488
12.32 0.0437881 -0.00193502
12.4 0.0597261 -0.00263932
12.48 0.0812506 -0.0035905
12.56 0.110244 -0.00487175
12.64 0.149199 -0.00659317
12.72 0.201403 -0.00890009
12.8 0.271186 -0.0119839
12.88 0.364237 -0.0160958
12.96 0.488006 -0.0215652
13.04 0.652231 -0.0288224
13.12 0.869609 -0.0384285
13.2 1.15665 -0.0511131
13.28 1.53479 -0.0678232
13.36 2.03176 -0.0897845
13.44 2.68338 -0.11858
13.52 3.53568 -0.156244
