0 0 0
0.08 4.65302e-80 -5.79344e-87
0.16 1.04278e-74 -9.71158e-80
0.24 1.84379e-70 -5.32788e-75
0.32 7.57587e-67 -4.97096e-71
0.4 1.00227e-63 -1.22119e-67
0.48 5.77239e-61 -1.16456e-64
0.56 1.6905e-58 -5.19891e-62
0.64 2.85494e-56 -1.26067e-59
0.72 3.04213e-54 -1.32445e-57
0.8 1.73406e-52 -1.05179e-55
0.88 8.16309e-51 -6.10881e-54
0.96 2.94328e-49 -2.70312e-52
1.04 8.33861e-48 -9.3254e-51
1.12 1.90848e-46 -2.574e-49
1.2 3.61349e-45 -5.82033e-48
1.28 5.77547e-44 -1.10056e-46
1.36 7.92815e-43 -1.77154e-45
1.44 9.48741e-42 -2.46534e-44
1.52 1.00258e-40 -3.00643e-43
1.6 9.46167e-40 -3.25096e-42
1.68 8.05327e-39 -3.14968e-41
1.76 6.23588e-38 -2.75929e-40
1.84 4.42661e-37 -2.2036e-39
1.92 2.90033e-36 -1.61587e-38
2 1.76466e-35 -1.095e-37
2.08 1.00246e-34 -6.89693e-37
2.16 5.34286e-34 -4.05864e-36
2.24 2.68343e-33 -2.24185e-35
2.32 1.27507e-32 -1.16723e-34
2.4 5.75254e-32 -5.75017e-34
2.48 2.47218e-31 -2.68949e-33
2.56 1.01503e-30 -1.19806e-32
2.64 3.99239e-30 -5.09736e-32
2.72 1.50802e-29 -2.07677e-31
2.8 5.48253e-29 -8.1215e-31
2.88 1.92245e-28 -3.05511e-30
2.96 6.5443e-28 -1.10769e-29
3.04 2.15099e-27 -3.88759e-29
3.12 6.85217e-27 -1.32564e-28
3.2 2.11916e-26 -4.36597e-28
3.28 6.37171e-26 -1.39385e-27
3.36 1.86494e-25 -4.32032e-27
3.44 5.31997e-25 -1.30182e-26
3.52 1.48072e-24 -3.81803e-26
3.6 4.02537e-24 -1.09111e-25
3.68 1.06987e-23 -3.04149e-25
3.76 2.78253e-23 -8.27793e-25
3.84 7.08777e-23 -2.20176e-24
3.92 1.76966e-22 -5.72806e-24
4 4.3342e-22 -1.45877e-23
4.08 1.04204e-21 -3.63953e-23
4.16 2.461e-21 -8.90224e-23
4.24 5.71314e-21 -2.13624e-22
4.32 1.30449e-20 -5.03251e-22
4.4 2.93136e-20 -1.1646e-21
4.48 6.48636e-20 -2.64905e-21
4.56 1.41406e-19 -5.92614e-21
4.64 3.03874e-19 -1.30456e-20
4.72 6.43999e-19 -2.82745e-20
4.8 1.34662e-18 -6.03655e-20
4.88 2.77949e-18 -1.27017e-19
4.96 5.66531e-18 -2.63522e-19
5.04 1.14077e-17 -5.39335e-19
5.12 2.27012e-17 -1.08938e-18
5.2 4.46619e-17 -2.17256e-18
5.28 8.68981e-17 -4.27971e-18
5.36 1.67268e-16 -8.33074e-18
5.44 3.18624e-16 -1.60307e-17
5.52 6.00814e-16 -3.05057e-17
5.6 1.12181e-15 -5.74289e-17
5.68 2.07463e-15 -1.06992e-16
5.76 3.80111e-15 -1.97328e-16
5.84 6.90146e-15 -3.60396e-16
5.92 1.24204e-14 -6.52016e-16
6 2.21613e-14 -1.16883e-15
6.08 3.92114e-14 -2.07671e-15
6.16 6.88148e-14 -3.65806e-15
6.24 1.19809e-13 -6.38974e-15
6.32 2.06977e-13 -1.10707e-14
6.4 3.5486e-13 -1.90296e-14
6.48 6.03916e-13 -3.2459e-14
6.56 1.02036e-12 -5.49522e-14
6.64 1.71183e-12 -9.23555e-14
6.72 2.85211e-12 -1.54117e-13
6.8 4.71997e-12 -2.55401e-13
6.88 7.75968e-12 -4.20394e-13
6.96 1.26748e-11 -6.87419e-13
7.04 2.05728e-11 -1.11683e-12
7.12 3.31863e-11 -1.80307e-12
7.2 5.32097e-11 -2.8931e-12
7.28 8.48098e-11 -4.61423e-12
7.36 1.34393e-10 -7.31604e-12
7.44 2.11754e-10 -1.15332e-11
7.52 3.31788e-10 -1.80788e-11
7.6 5.17026e-10 -2.81832e-11
7.68 8.01367e-10 -4.36977e-11
7.76 1.23556e-09 -6.73939e-11
7.84 1.89518e-09 -1.034e-10
7.92 2.89224e-09 -1.57836e-10
8 4.39194e-09 -2.39727e-10
8.08 6.63675e-09 -3.62322e-10
8.16 9.98088e-09 -5.44975e-10
8.24 1.49394e-08 -8.15834e-10
8.32 2.2258e-08 -1.21565e-09
8.4 3.30112e-08 -1.80314e-09
8.48 4.87408e-08 -2.66257e-09
8.56 7.16494e-08 -3.91432e-09
8.64 1.0487e-07 -5.72966e-09
8.72 1.52843e-07 -8.3512e-09
8.8 2.21829e-07 -1.21212e-08
8.88 3.2063e-07 -1.75208e-08
8.96 4.61559e-07 -2.52229e-08
9.04 6.61787e-07 -3.61662e-08
9.12 9.45155e-07 -5.16538e-08
9.2 1.34465e-06 -7.34885e-08
9.28 1.90571e-06 -1.04155e-07
9.36 2.69078e-06 -1.47066e-07
9.44 3.78523e-06 -2.06887e-07
9.52 5.30548e-06 -2.89984e-07
9.6 7.40965e-06 -4.04999e-07
9.68 1.03118e-05 -5.63632e-07
9.76 1.43006e-05 -7.81666e-07
9.84 1.97643e-05 -1.08032e-06
9.92 2.72228e-05 -1.48802e-06
10 3.73708e-05 -2.04273e-06
10.08 5.11325e-05 -2.79498e-06
10.16 6.97345e-05 -3.81182e-06
10.24 9.47985e-05 -5.18189e-06
10.32 0.000128463 -7.02209e-06
10.4 0.000173537 -9.48601e-06
10.48 0.000233703 -1.27749e-05
10.56 0.000313769 -1.71516e-05
10.64 0.000419997 -2.29584e-05
10.72 0.000560516 -3.06397e-05
10.8 0.00074585 -4.07707e-05
10.88 0.000989582 -5.40941e-05
10.96 0.0013092 -7.15654e-05
11.04 0.00172712 -9.4411e-05
11.12 0.00227207 -0.0001242
11.2 0.00298069 -0.000162936
11.28 0.00389958 -0.000213167
11.36 0.00508793 -0.000278127
11.44 0.00662062 -0.00036191
11.52 0.00859216 -0.000469682
11.6 0.0111215 -0.000607949
11.68 0.0143582 -0.000784876
11.76 0.0184891 -0.00101069
11.84 0.0237479 -0.00129816
11.92 0.0304258 -0.0016632
12 0.0388842 -0.00212558
12.08 0.0495715 -0.00270979
12.16 0.0630418 -0.00344613
12.24 0.0799783 -0.00437195
12.32 0.101222 -0.0055332
12.4 0.127803 -0.00698626
12.48 0.160985 -0.00880013
12.56 0.202309 -0.0110591
12.64 0.253653 -0.0138658
12.72 0.317299 -0.0173449
12.8 0.396013 -0.0216478
12.88 0.49314 -0.0269571
12.96 0.612716 -0.0334937
13.04 0.759601 -0.0415231
13.12 0.939628 -0.0513641
13.2 1.15979 -0.063399
13.28 1.42843 -0.0780844
13.36 1.75553 -0.095965
13.44 2.15293 -0.117689
13.52 2.63465 -0.144022
