0 -0 -0
0.08 -2.20888e-23 9.11344e-30
0.16 -1.36771e-20 5.40799e-25
0.24 -1.71574e-18 2.3804e-22
0.32 -7.16714e-17 2.28097e-20
0.4 -1.42628e-15 8.33583e-19
0.48 -1.70607e-14 1.60401e-17
0.56 -1.4144e-13 1.96304e-16
0.64 -8.90241e-13 1.71653e-15
0.72 -4.52339e-12 1.15807e-14
0.8 -1.94867e-11 6.35939e-14
0.88 -7.26642e-11 2.95623e-13
0.96 -2.41151e-10 1.20004e-12
1.04 -7.25427e-10 4.34792e-12
1.12 -2.00629e-09 1.42106e-11
1.2 -5.15931e-09 4.25902e-11
1.28 -1.24494e-08 1.184e-10
1.36 -2.83993e-08 3.08127e-10
1.44 -6.16261e-08 7.56327e-10
1.52 -1.27872e-07 1.76207e-09
1.6 -2.5483e-07 3.91707e-09
1.68 -4.89573e-07 8.34587e-09
1.76 -9.09651e-07 1.71089e-08
1.84 -1.63922e-06 3.38571e-08
1.92 -2.87183e-06 6.48645e-08
2 -4.90192e-06 1.20611e-07
2.08 -8.16725e-06 2.18148e-07
2.16 -1.33048e-05 3.8455e-07
2.24 -2.12232e-05 6.61831e-07
2.32 -3.31936e-05 1.11381e-06
2.4 -5.09636e-05 1.83551e-06
2.48 -7.68944e-05 2.96571e-06
2.56 -0.000114126 4.70358e-06
2.64 -0.000166769 7.3301e-06
2.72 -0.000240131 1.12354e-05
2.8 -0.000340966 1.69531e-05
2.88 -0.000477758 2.52024e-05
2.96 -0.000661036 3.69401e-05
3.04 -0.000903711 5.34218e-05
3.12 -0.00122144 7.62759e-05
3.2 -0.00163303 0.000107589
3.28 -0.0021608 0.000150005
3.36 -0.00283106 0.000206837
3.44 -0.00367449 0.000282192
3.52 -0.00472661 0.000381111
3.6 -0.00602818 0.000509715
3.68 -0.00762561 0.000675361
3.76 -0.00957132 0.000886798
3.84 -0.0119241 0.00115432
3.92 -0.0147493 0.00148991
4 -0.0181189 0.00190737
4.08 -0.0221117 0.00242236
4.16 -0.0268129 0.0030525
4.24 -0.0323141 0.00381729
4.32 -0.0387122 0.00473807
4.4 -0.0461093 0.00583781
4.48 -0.0546111 0.00714087
4.56 -0.0643254 0.0086726
4.64 -0.0753605 0.0104589
4.72 -0.0878224 0.0125255
4.8 -0.101813 0.0148975
4.88 -0.117425 0.0175986
4.96 -0.134742 0.0206499
5.04 -0.153832 0.0240695
5.12 -0.17474 0.0278714
5.2 -0.197493 0.0320643
5.28 -0.222084 0.0366511
5.36 -0.248475 0.0416275
5.44 -0.276589 0.0469815
5.52 -0.306306 0.0526923
5.6 -0.337458 0.0587293
5.68 -0.369823 0.0650518
5.76 -0.403127 0.0716083
5.84 -0.437036 0.0783357
5.92 -0.471156 0.0851592
6 -0.505034 0.0919925
6.08 -0.538156 0.0987373
6.16 -0.56995 0.105284
6.24 -0.599791 0.111513
6.32 -0.627006 0.117295
6.4 -0.650879 0.122491
6.48 -0.670664 0.126957
6.56 -0.685592 0.130544
6.64 -0.694886 0.133101
6.72 -0.697775 0.134475
6.8 -0.693508 0.134519
6.88 -0.681375 0.133092
6.96 -0.660721 0.130061
7.04 -0.630967 0.12531
7.12 -0.59163 0.118737
7.2 -0.542341 0.110261
7.28 -0.482863 0.0998286
7.36 -0.413113 0.0874109
7.44 -0.333172 0.073012
7.52 -0.243305 0.0566697
7.6 -0.143968 0.0384581
7.68 -0.0358214 0.0184897
7.76 0.0802683 -0.00308333
7.84 0.203226 -0.026069
7.92 0.33177 -0.0502354
8 0.464422 -0.0753122
8.08 0.599516 -0.100993
8.16 0.735222 -0.126937
8.24 0.869559 -0.152774
8.32 1.00043 -0.178112
8.4 1.12565 -0.202535
8.48 1.24299 -0.22562
8.56 1.3502 -0.246936
8.64 1.44505 -0.266056
8.72 1.52543 -0.282566
8.8 1.5893 -0.29607
8.88 1.63483 -0.306203
8.96 1.66038 -0.312639
9.04 1.66459 -0.315099
9.12 1.64641 -0.313359
9.2 1.6051 -0.307257
9.28 1.54035 -0.296703
9.36 1.45221 -0.281683
9.44 1.34117 -0.262261
9.52 1.20817 -0.238586
9.6 1.0546 -0.210891
9.68 0.882255 -0.179493
9.76 0.693395 -0.144792
9.84 0.490661 -0.107265
9.92 0.277067 -0.0674622
10 0.0559492 -0.0259982
10.08 -0.169083 0.016457
10.16 -0.394209 0.0591895
10.24 -0.615466 0.101454
10.32 -0.828823 0.142486
10.4 -1.03026 0.181521
10.48 -1.21585 0.217804
10.56 -1.38185 0.250612
10.64 -1.52478 0.279262
10.72 -1.64148 0.303136
10.8 -1.72924 0.321689
10.88 -1.78584 0.334465
10.96 -1.8096 0.341112
11.04 -1.79946 0.341388
11.12 -1.75501 0.335176
11.2 -1.67654 0.322483
11.28 -1.565 0.30345
11.36 -1.42207 0.278351
11.44 -1.25009 0.24759
11.52 -1.05208 0.211698
11.6 -0.83165 0.171322
11.68 -0.592947 0.127218
11.76 -0.340599 0.0802362
11.84 -0.0796148 0.0313041
11.92 0.184716 -0.0185912
12 0.446931 -0.0684225
12.08 0.701507 -0.117145
12.16 0.942987 -0.163718
12.24 1.1661 -0.207129
12.32 1.36587 -0.246417
12.4 1.53775 -0.280692
12.48 1.67774 -0.30916
12.56 1.78246 -0.331144
12.64 1.84925 -0.346095
12.72 1.87627 -0.353615
12.8 1.86252 -0.353463
12.88 1.80789 -0.345567
12.96 1.71321 -0.330026
13.04 1.5802 -0.307114
13.12 1.41149 -0.277275
13.2 1.21052 -0.241116
13.28 0.981551 -0.199397
13.36 0.729517 -0.153012
13.44 0.459948 -0.102976
13.52 0.178889 -0.050408
