0 0 0
0.08 3.6135e-101 -3.42315e-108
0.16 2.97635e-95 -1.75882e-100
0.24 1.84701e-90 -3.34417e-95
0.32 2.60495e-86 -1.07204e-90
0.4 1.12102e-82 -8.57693e-87
0.48 2.03578e-79 -2.59276e-83
0.56 1.7956e-76 -3.5069e-80
0.64 8.77675e-74 -2.47944e-77
0.72 2.59596e-71 -1.01358e-74
0.8 4.99087e-69 -2.59824e-72
0.88 6.59835e-67 -4.44839e-70
0.96 6.28175e-65 -5.35333e-68
1.04 4.47371e-63 -4.72255e-66
1.12 2.4609e-61 -3.16281e-64
1.2 1.07436e-59 -1.35407e-62
1.28 3.25918e-58 -4.93728e-61
1.36 8.9733e-57 -1.51862e-59
1.44 2.10866e-55 -3.99994e-58
1.52 4.27214e-54 -9.1046e-57
1.6 7.55413e-53 -1.80935e-55
1.68 1.17868e-51 -3.17005e-54
1.76 1.63881e-50 -4.94057e-53
1.84 2.04822e-49 -6.90578e-52
1.92 2.31923e-48 -8.72216e-51
2 2.39598e-47 -1.00225e-49
2.08 2.27277e-46 -1.05433e-48
2.16 1.99091e-45 -1.02117e-47
2.24 1.61895e-44 -9.15368e-47
2.32 1.22788e-43 -7.63016e-46
2.4 8.72354e-43 -5.94018e-45
2.48 5.82842e-42 -4.33632e-44
2.56 3.67532e-41 -2.97907e-43
2.64 2.19461e-40 -1.93256e-42
2.72 1.24467e-39 -1.18744e-41
2.8 6.7235e-39 -6.93021e-41
2.88 3.46811e-38 -3.8518e-40
2.96 1.71228e-37 -2.04366e-39
3.04 8.1094e-37 -1.03739e-38
3.12 3.69158e-36 -5.04845e-38
3.2 1.61829e-35 -2.35983e-37
3.28 6.8435e-35 -1.0614e-36
3.36 2.79624e-34 -4.60114e-36
3.44 1.10561e-33 -1.92536e-35
3.52 4.23609e-33 -7.78829e-35
3.6 1.57485e-32 -3.04961e-34
3.68 5.68791e-32 -1.15737e-33
3.76 1.99808e-31 -4.26229e-33
3.84 6.83422e-31 -1.52494e-32
3.92 2.28895e-30 -5.30599e-32
4 7.46113e-30 -1.8099e-31
4.08 2.37414e-29 -6.0004e-31
4.16 7.38253e-29 -1.93909e-30
4.24 2.24529e-28 -6.11479e-30
4.32 6.68431e-28 -1.8833e-29
4.4 1.94934e-27 -5.66992e-29
4.48 5.5729e-27 -1.66993e-28
4.56 1.56292e-26 -4.81519e-28
4.64 4.30264e-26 -1.36031e-27
4.72 1.16346e-25 -3.76766e-27
4.8 3.09204e-25 -1.02378e-26
4.88 8.0809e-25 -2.73097e-26
4.96 2.07793e-24 -7.15606e-26
5.04 5.25997e-24 -1.84303e-25
5.12 1.31138e-23 -4.66814e-25
5.2 3.22162e-23 -1.16344e-24
5.28 7.80207e-23 -2.85475e-24
5.36 1.86347e-22 -6.8998e-24
5.44 4.39128e-22 -1.64348e-23
5.52 1.02137e-21 -3.85972e-23
5.6 2.34563e-21 -8.94151e-23
5.68 5.32081e-21 -2.04418e-22
5.76 1.19257e-20 -4.61381e-22
5.84 2.64193e-20 -1.02851e-21
5.92 5.78661e-20 -2.26534e-21
6 1.2535e-19 -4.93161e-21
6.08 2.68624e-19 -1.06152e-20
6.16 5.69649e-19 -2.25993e-20
6.24 1.19571e-18 -4.76021e-20
6.32 2.48493e-18 -9.92326e-20
6.4 5.11418e-18 -2.04787e-19
6.48 1.04259e-17 -4.18496e-19
6.56 2.10584e-17 -8.47097e-19
6.64 4.21511e-17 -1.69878e-18
6.72 8.36282e-17 -3.37603e-18
6.8 1.64492e-16 -6.65028e-18
6.88 3.20829e-16 -1.29877e-17
6.96 6.20609e-16 -2.51522e-17
7.04 1.19085e-15 -4.83121e-17
7.12 2.2671e-15 -9.20567e-17
7.2 4.28281e-15 -1.74043e-16
7.28 8.02981e-15 -3.26537e-16
7.36 1.4944e-14 -6.08078e-16
7.44 2.7611e-14 -1.12411e-15
7.52 5.06542e-14 -2.06323e-15
7.6 9.22846e-14 -3.76046e-15
7.68 1.66987e-13 -6.80699e-15
7.76 3.00149e-13 -1.22391e-14
7.84 5.35979e-13 -2.18616e-14
7.92 9.50976e-13 -3.87983e-14
8 1.6767e-12 -6.84219e-14
8.08 2.93805e-12 -1.19917e-13
8.16 5.11716e-12 -2.08894e-13
8.24 8.85962e-12 -3.61724e-13
8.32 1.52498e-11 -6.22707e-13
8.4 2.60989e-11 -1.06584e-12
8.48 4.44155e-11 -1.81405e-12
8.56 7.51698e-11 -3.07041e-12
8.64 1.2653e-10 -5.16867e-12
8.72 2.11846e-10 -8.65442e-12
8.8 3.52834e-10 -1.4415e-11
8.88 5.84626e-10 -2.38861e-11
8.96 9.63792e-10 -3.93796e-11
9.04 1.58096e-09 -6.45993e-11
9.12 2.58065e-09 -1.05451e-10
9.2 4.1922e-09 -1.71308e-10
9.28 6.77785e-09 -2.76975e-10
9.36 1.09072e-08 -4.4573e-10
9.44 1.74718e-08 -7.14012e-10
9.52 2.7861e-08 -1.1386e-09
9.6 4.42303e-08 -1.80761e-09
9.68 6.99099e-08 -2.85712e-09
9.76 1.10023e-07 -4.49653e-09
9.84 1.72416e-07 -7.04656e-09
9.92 2.69061e-07 -1.09966e-08
10 4.18151e-07 -1.709e-08
10.08 6.47213e-07 -2.64521e-08
10.16 9.97747e-07 -4.0779e-08
10.24 1.53207e-06 -6.26175e-08
10.32 2.34338e-06 -9.57775e-08
10.4 3.57059e-06 -1.45936e-07
10.48 5.41993e-06 -2.21522e-07
10.56 8.19643e-06 -3.35004e-07
10.64 1.23497e-05 -5.04758e-07
10.72 1.854e-05 -7.57772e-07
10.8 2.77337e-05 -1.13354e-06
10.88 4.13399e-05 -1.68966e-06
10.96 6.14066e-05 -2.50984e-06
11.04 9.09004e-05 -3.71533e-06
11.12 0.000134104 -5.48117e-06
11.2 0.000197178 -8.05918e-06
11.28 0.000288959 -1.18106e-05
11.36 0.00042208 -1.72516e-05
11.44 0.000614541 -2.5118e-05
11.52 0.000891911 -3.64549e-05
11.6 0.0012904 -5.27423e-05
11.68 0.00186112 -7.60694e-05
11.76 0.00267603 -0.000109377
11.84 0.00383607 -0.000156792
11.92 0.00548251 -0.000224086
12 0.0078124 -0.000319316
12.08 0.0110998 -0.000453682
12.16 0.0157249 -0.000642724
12.24 0.0222135 -0.000907932
12.32 0.0312907 -0.00127895
12.4 0.0439539 -0.00179653
12.48 0.0615711 -0.0025166
12.56 0.0860136 -0.00351564
12.64 0.119834 -0.00489799
12.72 0.166506 -0.00680562
12.8 0.230743 -0.00943118
12.88 0.318925 -0.0130354
12.96 0.439665 -0.0179704
13.04 0.60456 -0.0247102
13.12 0.829189 -0.0338915
13.2 1.13442 -0.0463673
13.28 1.54816 -0.063278
13.36 2.10759 -0.0861436
13.44 2.86218 -0.116986
13.52 3.87742 -0.158482
