0 0 0
0.08 9.19293e-97 -9.17865e-104
0.16 5.88592e-91 -3.79385e-96
0.24 2.86202e-86 -5.66745e-91
0.32 3.17372e-82 -1.42862e-86
0.4 1.08422e-78 -9.07396e-83
0.48 1.57059e-75 -2.18634e-79
0.56 1.11408e-72 -2.37613e-76
0.64 4.40871e-70 -1.3585e-73
0.72 1.06348e-67 -4.52322e-71
0.8 1.67935e-65 -9.51009e-69
0.88 1.83653e-63 -1.3448e-66
0.96 1.45625e-61 -1.34588e-64
1.04 8.69641e-60 -7.79212e-63
1.12 3.35236e-58 -3.73827e-61
1.2 1.15058e-56 -1.46316e-59
1.28 3.2776e-55 -4.76676e-58
1.36 7.84996e-54 -1.30738e-56
1.44 1.60558e-52 -3.05885e-55
1.52 2.84367e-51 -6.18226e-54
1.6 4.41493e-50 -1.0918e-52
1.68 6.07386e-49 -1.70239e-51
1.76 7.47603e-48 -2.36571e-50
1.84 8.30348e-47 -2.95487e-49
1.92 8.38602e-46 -3.34285e-48
2 7.75428e-45 -3.44913e-47
2.08 6.60547e-44 -3.2662e-46
2.16 5.21276e-43 -2.85493e-45
2.24 3.83026e-42 -2.31534e-44
2.32 2.63257e-41 -1.75044e-43
2.4 1.69955e-40 -1.23895e-42
2.48 1.03454e-39 -8.24216e-42
2.56 5.95834e-39 -5.17201e-41
2.64 3.25728e-38 -3.07137e-40
2.72 1.69513e-37 -1.73126e-39
2.8 8.42043e-37 -9.28847e-39
2.88 4.0024e-36 -4.7553e-38
2.96 1.82452e-35 -2.3285e-37
3.04 7.99334e-35 -1.09287e-36
3.12 3.37212e-34 -4.92628e-36
3.2 1.3723e-33 -2.13661e-35
3.28 5.39625e-33 -8.93155e-35
3.36 2.05353e-32 -3.60424e-34
3.44 7.57356e-32 -1.40614e-33
3.52 2.71064e-31 -5.31093e-33
3.6 9.42676e-31 -1.94449e-32
3.68 3.20457e-30 -6.90973e-32
3.76 1.05819e-29 -2.3917e-31
3.84 3.40535e-29 -8.08911e-31
3.92 1.06923e-28 -2.65668e-30
4 3.27875e-28 -8.49876e-30
4.08 9.82794e-28 -2.65128e-29
4.16 2.88203e-27 -8.07319e-29
4.24 8.27498e-27 -2.40164e-28
4.32 2.32807e-26 -6.98564e-28
4.4 6.42247e-26 -1.9883e-27
4.48 1.73854e-25 -5.54197e-27
4.56 4.62091e-25 -1.51378e-26
4.64 1.20671e-24 -4.05491e-26
4.72 3.09792e-24 -1.06586e-25
4.8 7.82303e-24 -2.75106e-25
4.88 1.94425e-23 -6.97657e-25
4.96 4.75799e-23 -1.73933e-24
5.04 1.14711e-22 -4.26544e-24
5.12 2.72583e-22 -1.0295e-23
5.2 6.38701e-22 -2.44679e-23
5.28 1.47634e-21 -5.72926e-23
5.36 3.36778e-21 -1.32233e-22
5.44 7.58467e-21 -3.00976e-22
5.52 1.68704e-20 -6.75874e-22
5.6 3.70738e-20 -1.49808e-21
5.68 8.05201e-20 -3.27881e-21
5.76 1.72894e-19 -7.08906e-21
5.84 3.67139e-19 -1.51466e-20
5.92 7.71229e-19 -3.19931e-20
6 1.60311e-18 -6.68286e-20
6.08 3.29827e-18 -1.38095e-19
6.16 6.71845e-18 -2.82386e-19
6.24 1.35526e-17 -5.71592e-19
6.32 2.70799e-17 -1.1456e-18
6.4 5.36102e-17 -2.27408e-18
6.48 1.05177e-16 -4.47213e-18
6.56 2.04531e-16 -8.71503e-18
6.64 3.94323e-16 -1.68334e-17
6.72 7.53857e-16 -3.22348e-17
6.8 1.4294e-15 -6.12095e-17
6.88 2.68858e-15 -1.15278e-16
6.96 5.01739e-15 -2.15374e-16
7.04 9.29166e-15 -3.99246e-16
7.12 1.70782e-14 -7.34464e-16
7.2 3.11596e-14 -1.34109e-15
7.28 5.64433e-14 -2.43094e-15
7.36 1.01524e-13 -4.37515e-15
7.44 1.81354e-13 -7.8195e-15
7.52 3.21768e-13 -1.38803e-14
7.6 5.67126e-13 -2.44745e-14
7.68 9.93103e-13 -4.2873e-14
7.76 1.72799e-12 -7.46225e-14
7.84 2.98797e-12 -1.2907e-13
7.92 5.13511e-12 -2.21874e-13
8 8.77229e-12 -3.79108e-13
8.08 1.48976e-11 -6.43944e-13
8.16 2.51539e-11 -1.08745e-12
8.24 4.22306e-11 -1.82598e-12
8.32 7.05062e-11 -3.04897e-12
8.4 1.17071e-10 -5.06319e-12
8.48 1.93346e-10 -8.36283e-12
8.56 3.17633e-10 -1.37399e-11
8.64 5.19112e-10 -2.2457e-11
8.72 8.44075e-10 -3.65175e-11
8.8 1.3656e-09 -5.90839e-11
8.88 2.19848e-09 -9.51245e-11
8.96 3.52223e-09 -1.52408e-10
9.04 5.61618e-09 -2.43024e-10
9.12 8.91308e-09 -3.85701e-10
9.2 1.40803e-08 -6.09323e-10
9.28 2.21423e-08 -9.58232e-10
9.36 3.46651e-08 -1.50021e-09
9.44 5.40323e-08 -2.33842e-09
9.52 8.38559e-08 -3.62919e-09
9.6 1.29587e-07 -5.60849e-09
9.68 1.9942e-07 -8.63094e-09
9.76 3.05617e-07 -1.32274e-08
9.84 4.66465e-07 -2.01892e-08
9.92 7.09116e-07 -3.06918e-08
10 1.07374e-06 -4.64737e-08
10.08 1.61952e-06 -7.0097e-08
10.16 2.43337e-06 -1.05323e-07
10.24 3.64238e-06 -1.57653e-07
10.32 5.43176e-06 -2.35104e-07
10.4 8.07044e-06 -3.49316e-07
10.48 1.19475e-05 -5.17131e-07
10.56 1.76239e-05 -7.6283e-07
10.64 2.59057e-05 -1.1213e-06
10.72 3.79466e-05 -1.64248e-06
10.8 5.53935e-05 -2.39766e-06
10.88 8.0588e-05 -3.48819e-06
10.96 0.00011685 -5.05776e-06
11.04 0.000168869 -7.30939e-06
11.12 0.000243251 -1.0529e-05
11.2 0.000349269 -1.51179e-05
11.28 0.000499902 -2.1638e-05
11.36 0.000713254 -3.08729e-05
11.44 0.00101451 -4.39126e-05
11.52 0.00143859 -6.22687e-05
11.6 0.00203377 -8.8031e-05
11.68 0.0028666 -0.00012408
11.76 0.00402856 -0.000174375
11.84 0.00564498 -0.000244341
11.92 0.00788716 -0.000341394
12 0.0109885 -0.000475636
12.08 0.0152663 -0.000660797
12.16 0.0211502 -0.000915482
12.24 0.0292212 -0.00126483
12.32 0.0402621 -0.00174274
12.4 0.0553252 -0.00239474
12.48 0.0758212 -0.00328191
12.56 0.103636 -0.00448588
12.64 0.141286 -0.00611552
12.72 0.192115 -0.00831568
12.8 0.260565 -0.0112785
12.88 0.352509 -0.0152583
12.96 0.475704 -0.0205908
13.04 0.640363 -0.027718
13.12 0.859904 -0.0372208
13.2 1.15191 -0.0498603
13.28 1.53937 -0.0666313
13.36 2.05226 -0.0888316
13.44 2.72958 -0.11815
13.52 3.62186 -0.156772
