0 0 0
0.08 5.8207e-101 -5.51408e-108
0.16 4.79398e-95 -1.28436e-100
0.24 2.97461e-90 -2.94464e-95
0.32 4.19445e-86 -1.04218e-90
0.4 1.80456e-82 -8.88398e-87
0.48 3.27593e-79 -2.7962e-83
0.56 2.88811e-76 -3.8862e-80
0.64 1.41088e-73 -2.79833e-77
0.72 4.17014e-71 -1.15788e-74
0.8 8.01058e-69 -2.99066e-72
0.88 1.05801e-66 -5.14091e-70
0.96 1.00606e-64 -6.19409e-68
1.04 7.15505e-63 -5.45778e-66
1.12 3.92959e-61 -3.64342e-64
1.2 1.71241e-59 -1.55321e-62
1.28 5.18526e-58 -5.62552e-61
1.36 1.42447e-56 -1.71544e-59
1.44 3.33892e-55 -4.47106e-58
1.52 6.74528e-54 -1.00532e-56
1.6 1.18887e-52 -1.97039e-55
1.68 1.84827e-51 -3.39956e-54
1.76 2.55935e-50 -5.20994e-53
1.84 3.18427e-49 -7.15102e-52
1.92 3.58747e-48 -8.85729e-51
2 3.68563e-47 -9.96832e-50
2.08 3.47473e-46 -1.0258e-48
2.16 3.02342e-45 -9.70787e-48
2.24 2.44058e-44 -8.49364e-47
2.32 1.83633e-43 -6.90359e-46
2.4 1.29341e-42 -5.236e-45
2.48 8.56166e-42 -3.72092e-44
2.56 5.34536e-41 -2.48698e-43
2.64 3.15814e-40 -1.56888e-42
2.72 1.7711e-39 -9.37162e-42
2.8 9.45445e-39 -5.31697e-41
2.88 4.81663e-38 -2.87315e-40
2.96 2.34754e-37 -1.48265e-39
3.04 1.09704e-36 -7.32433e-39
3.12 4.92584e-36 -3.47163e-38
3.2 2.1293e-35 -1.58218e-37
3.28 8.87737e-35 -6.94696e-37
3.36 3.57573e-34 -2.94402e-36
3.44 1.39371e-33 -1.20623e-35
3.52 5.26456e-33 -4.78566e-35
3.6 1.92993e-32 -1.84119e-34
3.68 6.87516e-32 -6.87815e-34
3.76 2.38301e-31 -2.49798e-33
3.84 8.08475e-31 -8.82935e-33
3.92 2.66792e-30 -3.04795e-32
4 8.59106e-30 -1.03045e-31
4.08 2.70265e-29 -3.39113e-31
4.16 8.3139e-29 -1.08936e-30
4.24 2.50304e-28 -3.41919e-30
4.32 7.38118e-28 -1.04935e-29
4.4 2.13359e-27 -3.15111e-29
4.48 6.04966e-27 -9.26475e-29
4.56 1.68376e-26 -2.6687e-28
4.64 4.60291e-26 -7.53563e-28
4.72 1.23666e-25 -2.08711e-27
4.8 3.2672e-25 -5.67307e-27
4.88 8.49269e-25 -1.51418e-26
4.96 2.1731e-24 -3.9706e-26
5.04 5.4763e-24 -1.02349e-25
5.12 1.35978e-23 -2.5947e-25
5.2 3.32823e-23 -6.4727e-25
5.28 8.03345e-23 -1.58963e-24
5.36 1.91297e-22 -3.84534e-24
5.44 4.49571e-22 -9.16652e-24
5.52 1.04311e-21 -2.15432e-23
5.6 2.39029e-21 -4.99396e-23
5.68 5.41139e-21 -1.14235e-22
5.76 1.21072e-20 -2.57962e-22
5.84 2.67786e-20 -5.75293e-22
5.92 5.85692e-20 -1.26756e-21
6 1.2671e-19 -2.76026e-21
6.08 2.71228e-19 -5.94283e-21
6.16 5.7458e-19 -1.26544e-20
6.24 1.20495e-18 -2.66586e-20
6.32 2.50207e-18 -5.55793e-20
6.4 5.14567e-18 -1.14708e-19
6.48 1.04832e-17 -2.34425e-19
6.56 2.11617e-17 -4.74524e-19
6.64 4.23355e-17 -9.51623e-19
6.72 8.39547e-17 -1.89117e-18
6.8 1.65065e-16 -3.72525e-18
6.88 3.21826e-16 -7.27504e-18
6.96 6.2233e-16 -1.40884e-17
7.04 1.1938e-15 -2.70597e-17
7.12 2.2721e-15 -5.15587e-17
7.2 4.29124e-15 -9.74721e-17
7.28 8.04389e-15 -1.82867e-16
7.36 1.49674e-14 -3.40517e-16
7.44 2.76496e-14 -6.29456e-16
7.52 5.07173e-14 -1.15527e-15
7.6 9.2387e-14 -2.1055e-15
7.68 1.67153e-13 -3.81107e-15
7.76 3.00414e-13 -6.85206e-15
7.84 5.36401e-13 -1.22387e-14
7.92 9.51643e-13 -2.17194e-14
8 1.67775e-12 -3.83012e-14
8.08 2.93969e-12 -6.71248e-14
8.16 5.11971e-12 -1.16926e-13
8.24 8.86356e-12 -2.02464e-13
8.32 1.52558e-11 -3.4853e-13
8.4 2.61081e-11 -5.96536e-13
8.48 4.44294e-11 -1.01527e-12
8.56 7.51909e-11 -1.71838e-12
8.64 1.26561e-10 -2.89262e-12
8.72 2.11893e-10 -4.84329e-12
8.8 3.52904e-10 -8.06691e-12
8.88 5.8473e-10 -1.33669e-11
8.96 9.63944e-10 -2.20368e-11
9.04 1.58119e-09 -3.61492e-11
9.12 2.58098e-09 -5.90088e-11
9.2 4.19267e-09 -9.586e-11
9.28 6.77853e-09 -1.54987e-10
9.36 1.09082e-08 -2.49414e-10
9.44 1.74732e-08 -3.99532e-10
9.52 2.78629e-08 -6.3711e-10
9.6 4.42331e-08 -1.01144e-09
9.68 6.99139e-08 -1.59869e-09
9.76 1.10028e-07 -2.51599e-09
9.84 1.72423e-07 -3.94282e-09
9.92 2.69072e-07 -6.15295e-09
10 4.18165e-07 -9.56238e-09
10.08 6.47233e-07 -1.48007e-08
10.16 9.97775e-07 -2.28169e-08
10.24 1.5321e-06 -3.5036e-08
10.32 2.34343e-06 -5.35896e-08
10.4 3.57066e-06 -8.16542e-08
10.48 5.42002e-06 -1.23946e-07
10.56 8.19655e-06 -1.87441e-07
10.64 1.23499e-05 -2.8242e-07
10.72 1.85402e-05 -4.23984e-07
10.8 2.7734e-05 -6.34231e-07
10.88 4.13403e-05 -9.45386e-07
10.96 6.14072e-05 -1.40429e-06
11.04 9.09011e-05 -2.07877e-06
11.12 0.000134105 -3.06677e-06
11.2 0.000197179 -4.50919e-06
11.28 0.000288961 -6.60811e-06
11.36 0.000422082 -9.65241e-06
11.44 0.000614544 -1.40537e-05
11.52 0.000891914 -2.03968e-05
11.6 0.0012904 -2.95097e-05
11.68 0.00186113 -4.25614e-05
11.76 0.00267603 -6.11972e-05
11.84 0.00383608 -8.77259e-05
11.92 0.00548252 -0.000125378
12 0.00781241 -0.000178659
12.08 0.0110998 -0.000253838
12.16 0.0157249 -0.000359608
12.24 0.0222135 -0.000507993
12.32 0.0312907 -0.000715576
12.4 0.043954 -0.00100517
12.48 0.0615712 -0.00140805
12.56 0.0860136 -0.00196701
12.64 0.119834 -0.00274045
12.72 0.166506 -0.00380777
12.8 0.230743 -0.00527679
12.88 0.318925 -0.00729339
12.96 0.439665 -0.0100545
13.04 0.60456 -0.0138255
13.12 0.829189 -0.0189624
13.2 1.13442 -0.0259427
13.28 1.54816 -0.0354043
13.36 2.10759 -0.0481977
13.44 2.86218 -0.0654541
13.52 3.87742 -0.0886713
