0 0 0
0.08 1.09006e-52 -2.15407e-59
0.16 3.07589e-48 -4.15424e-53
0.24 7.61049e-45 -1.4454e-49
0.32 2.78128e-42 -1.93184e-46
0.4 5.20941e-40 -7.22453e-44
0.48 4.97125e-38 -1.18668e-41
0.56 2.73613e-36 -1.01597e-39
0.64 9.67645e-35 -5.20612e-38
0.72 2.38551e-33 -1.76789e-36
0.8 4.36083e-32 -4.28517e-35
0.88 6.20069e-31 -7.83899e-34
0.96 7.12087e-30 -1.12988e-32
1.04 6.80623e-29 -1.32761e-31
1.12 5.54797e-28 -1.30702e-30
1.2 3.9344e-27 -1.10252e-29
1.28 2.46782e-26 -8.11745e-29
1.36 1.38815e-25 -5.29768e-28
1.44 7.08438e-25 -3.10483e-27
1.52 3.31293e-24 -1.65223e-26
1.6 1.43169e-23 -8.05938e-26
1.68 5.75957e-23 -3.63302e-25
1.76 2.17064e-22 -1.52419e-24
1.84 7.74282e-22 -5.98818e-24
1.92 2.60684e-21 -2.22115e-23
2 8.34005e-21 -7.82769e-23
2.08 2.54571e-20 -2.61181e-22
2.16 7.43924e-20 -8.30244e-22
2.24 2.08763e-19 -2.52369e-21
2.32 5.6412e-19 -7.35875e-21
2.4 1.47149e-18 -2.0641e-20
2.48 3.71349e-18 -5.58371e-20
2.56 9.08502e-18 -1.46008e-19
2.64 2.15869e-17 -3.6983e-19
2.72 4.99015e-17 -9.09137e-19
2.8 1.124e-16 -2.1728e-18
2.88 2.47046e-16 -5.05675e-18
2.96 5.30539e-16 -1.14771e-17
3.04 1.11461e-15 -2.54388e-17
3.12 2.29344e-15 -5.51337e-17
3.2 4.62678e-15 -1.16978e-16
3.28 9.16066e-15 -2.43238e-16
3.36 1.78171e-14 -4.96175e-16
3.44 3.40712e-14 -9.93848e-16
3.52 6.41113e-14 -1.95641e-15
3.6 1.18798e-13 -3.78788e-15
3.68 2.1693e-13 -7.21849e-15
3.76 3.90625e-13 -1.35487e-14
3.84 6.94063e-13 -2.50619e-14
3.92 1.21756e-12 -4.57128e-14
4 2.10995e-12 -8.226e-14
4.08 3.61377e-12 -1.46106e-13
4.16 6.12014e-12 -2.56247e-13
4.24 1.02533e-11 -4.43949e-13
4.32 1.70001e-11 -7.60057e-13
4.4 2.7905e-11 -1.28631e-12
4.48 4.53644e-11 -2.15263e-12
4.56 7.30622e-11 -3.56327e-12
4.64 1.16614e-10 -5.83592e-12
4.72 1.84507e-10 -9.45962e-12
4.8 2.89467e-10 -1.51796e-11
4.88 4.50421e-10 -2.41205e-11
4.96 6.95306e-10 -3.79636e-11
5.04 1.06504e-09 -5.91999e-11
5.12 1.61915e-09 -9.14873e-11
5.2 2.44356e-09 -1.40152e-10
5.28 3.66147e-09 -2.12889e-10
5.36 5.44836e-09 -3.20723e-10
5.44 8.05243e-09 -4.79337e-10
5.52 1.18226e-08 -7.10876e-10
5.6 1.7246e-08 -1.04639e-09
5.68 2.4999e-08 -1.52911e-09
5.76 3.60143e-08 -2.21886e-09
5.84 5.15714e-08 -3.19786e-09
5.92 7.34141e-08 -4.57844e-09
6 1.03907e-07 -6.51314e-09
6.08 1.46236e-07 -9.20786e-09
6.16 2.04674e-07 -1.2939e-08
6.24 2.84918e-07 -1.80754e-08
6.32 3.94523e-07 -2.51069e-08
6.4 5.43459e-07 -3.46801e-08
6.48 7.44813e-07 -4.76444e-08
6.56 1.01568e-06 -6.511e-08
6.64 1.37828e-06 -8.85204e-08
6.72 1.86136e-06 -1.19743e-07
6.8 2.50191e-06 -1.61184e-07
6.88 3.34735e-06 -2.15926e-07
6.96 4.45814e-06 -2.87901e-07
7.04 5.91105e-06 -3.82103e-07
7.12 7.80311e-06 -5.04845e-07
7.2 1.02564e-05 -6.6407e-07
7.28 1.34239e-05 -8.69733e-07
7.36 1.74965e-05 -1.13425e-06
7.44 2.27112e-05 -1.47305e-06
7.52 2.93611e-05 -1.90522e-06
7.6 3.78074e-05 -2.45425e-06
7.68 4.84931e-05 -3.14899e-06
7.76 6.19596e-05 -4.02466e-06
7.84 7.88653e-05 -5.12413e-06
7.92 0.000100009 -6.49936e-06
8 0.000126353 -8.21307e-06
8.08 0.000159056 -1.03406e-05
8.16 0.000199506 -1.29724e-05
8.24 0.000249359 -1.62161e-05
8.32 0.000310579 -2.01997e-05
8.4 0.000385497 -2.50749e-05
8.48 0.000476858 -3.10202e-05
8.56 0.000587886 -3.82458e-05
8.64 0.000722357 -4.69972e-05
8.72 0.000884669 -5.75608e-05
8.8 0.00107993 -7.02692e-05
8.88 0.00131406 -8.55071e-05
8.96 0.00159385 -0.000103718
9.04 0.00192714 -0.00012541
9.12 0.00232285 -0.000151166
9.2 0.00279117 -0.000181649
9.28 0.00334366 -0.000217609
9.36 0.00399335 -0.000259897
9.44 0.00475495 -0.000309469
9.52 0.0056449 -0.000367396
9.6 0.00668159 -0.000434874
9.68 0.00788543 -0.000513232
9.76 0.00927901 -0.000603942
9.84 0.0108872 -0.000708622
9.92 0.0127374 -0.000829051
10 0.0148593 -0.000967169
10.08 0.0172853 -0.00112508
10.16 0.0200505 -0.00130506
10.24 0.0231923 -0.00150957
10.32 0.026751 -0.00174121
10.4 0.0307694 -0.00200277
10.48 0.0352925 -0.00229719
10.56 0.0403679 -0.00262755
10.64 0.0460448 -0.00299707
10.72 0.0523743 -0.00340906
10.8 0.0594087 -0.00386694
10.88 0.0672012 -0.00437416
10.96 0.075805 -0.00493419
11.04 0.085273 -0.00555048
11.12 0.0956571 -0.00622639
11.2 0.107007 -0.00696515
11.28 0.119369 -0.0077698
11.36 0.132785 -0.0086431
11.44 0.147293 -0.00958747
11.52 0.162924 -0.0106049
11.6 0.1797 -0.0116969
11.68 0.197634 -0.0128642
11.76 0.216729 -0.0141071
11.84 0.236974 -0.0154249
11.92 0.258346 -0.016816
12 0.280803 -0.0182778
12.08 0.304289 -0.0198065
12.16 0.328726 -0.0213971
12.24 0.354019 -0.0230435
12.32 0.380047 -0.0247377
12.4 0.40667 -0.0264706
12.48 0.433719 -0.0282313
12.56 0.461004 -0.0300073
12.64 0.488307 -0.0317844
12.72 0.515382 -0.0335468
12.8 0.541962 -0.0352769
12.88 0.567748 -0.0369554
12.96 0.59242 -0.0385613
13.04 0.615633 -0.0400722
13.12 0.637019 -0.0414643
13.2 0.656192 -0.0427123
13.28 0.672749 -0.04379
13.36 0.686271 -0.0446702
13.44 0.696332 -0.0453251
13.52 0.702509 -0.0457271
