0 -0 -0
0.08 -5.87991e-07 6.78543e-13
0.16 -1.40429e-05 3.62182e-09
0.24 -0.000105384 8.14687e-08
0.32 -0.000438047 6.78461e-07
0.4 -0.00131339 3.39885e-06
0.48 -0.0031986 1.23841e-05
0.56 -0.00674147 3.64452e-05
0.64 -0.0127671 9.18887e-05
0.72 -0.0222583 0.000205962
0.8 -0.0363183 0.000420709
0.88 -0.0561168 0.000796927
0.96 -0.0828219 0.00141785
1.04 -0.117519 0.00239209
1.12 -0.161124 0.00385539
1.2 -0.214289 0.00597068
1.28 -0.277315 0.00892597
1.36 -0.350064 0.0129298
1.44 -0.431894 0.0182037
1.52 -0.521597 0.0249723
1.6 -0.617372 0.0334505
1.68 -0.716815 0.0438275
1.76 -0.816947 0.05625
1.84 -0.914264 0.0708029
1.92 -1.00483 0.0874909
2 -1.08437 0.10622
2.08 -1.14845 0.126779
2.16 -1.19264 0.148833
2.24 -1.21268 0.171906
2.32 -1.20467 0.195385
2.4 -1.16535 0.218521
2.48 -1.09218 0.240441
2.56 -0.983632 0.260169
2.64 -0.839261 0.276653
2.72 -0.659864 0.2888
2.8 -0.447536 0.295519
2.88 -0.205694 0.295767
2.96 0.060967 0.2886
3.04 0.346563 0.273223
3.12 0.644182 0.24904
3.2 0.946083 0.2157
3.28 1.24395 0.173131
3.36 1.52918 0.121575
3.44 1.79316 0.0616006
3.52 2.02762 -0.00588623
3.6 2.22489 -0.0796525
3.68 2.37818 -0.158156
3.76 2.48187 -0.239579
3.84 2.53165 -0.32187
3.92 2.52469 -0.402802
4 2.45975 -0.480032
4.08 2.33721 -0.551175
4.16 2.15905 -0.613878
4.24 1.92878 -0.665894
4.32 1.65137 -0.705171
4.4 1.3331 -0.729916
4.48 0.981351 -0.73868
4.56 0.604443 -0.73042
4.64 0.211374 -0.704546
4.72 -0.188403 -0.660966
4.8 -0.58522 -0.600107
4.88 -0.969439 -0.522921
4.96 -1.33168 -0.430872
5.04 -1.66307 -0.325906
5.12 -1.95542 -0.210403
5.2 -2.20147 -0.0871119
5.28 -2.395 0.0409238
5.36 -2.53105 0.170457
5.44 -2.60602 0.298128
5.52 -2.61773 0.420564
5.6 -2.56555 0.534477
5.68 -2.45038 0.636756
5.76 -2.27465 0.72456
5.84 -2.04231 0.795397
5.92 -1.75873 0.847198
6 -1.43059 0.878373
6.08 -1.06573 0.887862
6.16 -0.672992 0.875163
6.24 -0.261995 0.840357
6.32 0.157083 0.784105
6.4 0.573759 0.707639
6.48 0.977499 0.612735
6.56 1.35799 0.501673
6.64 1.7054 0.377177
6.72 2.01065 0.242354
6.8 2.26565 0.100614
6.88 2.4635 -0.0444181
6.96 2.59875 -0.188995
7.04 2.66748 -0.329344
7.12 2.66749 -0.461769
7.2 2.59835 -0.582746
7.28 2.46144 -0.689024
7.36 2.25991 -0.77771
7.44 1.99868 -0.846354
7.52 1.68426 -0.893017
7.6 1.32465 -0.916329
7.68 0.929094 -0.915533
7.76 0.507898 -0.890513
7.84 0.0721174 -0.841797
7.92 -0.366709 -0.770558
8 -0.796873 -0.678584
8.08 -1.20681 -0.568233
8.16 -1.58542 -0.44238
8.24 -1.92237 -0.304339
8.32 -2.20838 -0.157777
8.4 -2.4355 -0.00661806
8.48 -2.5973 0.145062
8.56 -2.68913 0.293149
8.64 -2.7082 0.433598
8.72 -2.65368 0.56255
8.8 -2.52678 0.676439
8.88 -2.33068 0.77209
8.96 -2.0705 0.846813
9.04 -1.75312 0.89848
9.12 -1.38708 0.925585
9.2 -0.982283 0.927296
9.28 -0.549753 0.903479
9.36 -0.101349 0.854704
9.44 0.350576 0.78224
9.52 0.793513 0.68802
9.6 1.21514 0.574589
9.68 1.60368 0.445042
9.76 1.94822 0.302936
9.84 2.23903 0.152195
9.92 2.46785 -0.00299833
10 2.62811 -0.158321
10.08 2.71514 -0.309426
10.16 2.72631 -0.452071
10.24 2.66111 -0.582232
10.32 2.52119 -0.696222
10.4 2.31028 -0.790798
10.48 2.03416 -0.863249
10.56 1.70046 -0.911483
10.64 1.31846 -0.934083
10.72 0.898824 -0.930352
10.8 0.453349 -0.900339
10.88 -0.00541895 -0.844837
10.96 -0.464511 -0.765362
11.04 -0.910909 -0.664121
11.12 -1.33192 -0.543943
11.2 -1.71552 -0.408204
11.28 -2.05074 -0.260735
11.36 -2.32795 -0.105711
11.44 -2.53913 0.0524642
11.52 -2.67814 0.209287
11.6 -2.7409 0.360279
11.68 -2.72546 0.501117
11.76 -2.63215 0.627757
11.84 -2.46349 0.736553
11.92 -2.2242 0.824358
12 -1.92102 0.888624
12.08 -1.56253 0.92747
12.16 -1.15896 0.939742
12.24 -0.721804 0.925046
12.32 -0.263593 0.883765
12.4 0.202529 0.817047
12.48 0.663156 0.726775
12.56 1.10501 0.615517
12.64 1.51534 0.486451
12.72 1.88226 0.343274
12.8 2.19512 0.190099
12.88 2.44482 0.0313373
12.96 2.62406 -0.128431
13.04 2.72757 -0.284587
13.12 2.75226 -0.432609
13.2 2.69731 -0.568202
13.28 2.56424 -0.687422
13.36 2.35679 -0.786796
13.44 2.0809 -0.863418
13.52 1.74455 -0.915033
