0 0 0
0.08 9.97546e-85 -1.1634e-91
0.16 3.04423e-79 -2.5418e-84
0.24 7.24156e-75 -1.87101e-79
0.32 3.97761e-71 -2.33499e-75
0.4 6.93875e-68 -7.56848e-72
0.48 5.22296e-65 -9.44785e-69
0.56 1.97573e-62 -5.4575e-66
0.64 4.26424e-60 -1.69472e-63
0.72 5.74445e-58 -3.13711e-61
0.8 5.1836e-56 -2.76792e-59
0.88 2.65437e-54 -1.90248e-57
0.96 1.15089e-52 -9.91595e-56
1.04 3.91923e-51 -4.05162e-54
1.12 1.07061e-49 -1.32229e-52
1.2 2.40215e-48 -3.52133e-51
1.28 4.51872e-47 -7.80505e-50
1.36 7.25321e-46 -1.46536e-48
1.44 1.0087e-44 -2.36648e-47
1.52 1.23158e-43 -3.33218e-46
1.6 1.33554e-42 -4.14009e-45
1.68 1.29945e-41 -4.587e-44
1.76 1.14464e-40 -4.57455e-43
1.84 9.20103e-40 -4.14078e-42
1.92 6.7972e-39 -3.42731e-41
2 4.64401e-38 -2.61124e-40
2.08 2.95109e-37 -1.84225e-39
2.16 1.7531e-36 -1.21e-38
2.24 9.78039e-36 -7.43457e-38
2.32 5.14556e-35 -4.29197e-37
2.4 2.56253e-34 -2.33726e-36
2.48 1.21213e-33 -1.20494e-35
2.56 5.46291e-33 -5.89995e-35
2.64 2.35249e-32 -2.75201e-34
2.72 9.70481e-32 -1.22616e-33
2.8 3.84447e-31 -5.23139e-33
2.88 1.46563e-30 -2.14214e-32
2.96 5.38789e-30 -8.43608e-32
3.04 1.91349e-29 -3.20132e-31
3.12 6.60873e-29 -1.17268e-30
3.2 2.20632e-28 -4.1642e-30
3.28 7.14688e-28 -1.43872e-29
3.36 2.24975e-27 -4.80532e-29
3.44 6.89098e-27 -1.55716e-28
3.52 2.05623e-26 -4.90285e-28
3.6 5.98396e-26 -1.50175e-27
3.68 1.70012e-25 -4.47985e-27
3.76 4.72023e-25 -1.30288e-26
3.84 1.28185e-24 -3.69781e-26
3.92 3.40784e-24 -1.02515e-25
4 8.87639e-24 -2.77853e-25
4.08 2.26697e-23 -7.36855e-25
4.16 5.68097e-23 -1.91351e-24
4.24 1.39788e-22 -4.86949e-24
4.32 3.37964e-22 -1.2152e-23
4.4 8.03341e-22 -2.97587e-23
4.48 1.87852e-21 -7.1559e-23
4.56 4.32379e-21 -1.69069e-22
4.64 9.80125e-21 -3.92708e-22
4.72 2.18923e-20 -8.97278e-22
4.8 4.82064e-20 -2.01777e-21
4.88 1.04695e-19 -4.46821e-21
4.96 2.24362e-19 -9.74835e-21
5.04 4.74633e-19 -2.09642e-20
5.12 9.9158e-19 -4.44612e-20
5.2 2.04656e-18 -9.30333e-20
5.28 4.17455e-18 -1.92151e-19
5.36 8.4185e-18 -3.91906e-19
5.44 1.67897e-17 -7.8965e-19
5.52 3.31266e-17 -1.57244e-18
5.6 6.46794e-17 -3.09575e-18
5.68 1.25008e-16 -6.02795e-18
5.76 2.39228e-16 -1.16129e-17
5.84 4.53427e-16 -2.21422e-17
5.92 8.51397e-16 -4.17977e-17
6 1.58414e-15 -7.8139e-17
6.08 2.92142e-15 -1.44709e-16
6.16 5.3411e-15 -2.65555e-16
6.24 9.68274e-15 -4.83015e-16
6.32 1.74095e-14 -8.7101e-16
6.4 3.10513e-14 -1.55757e-15
6.48 5.49497e-14 -2.76268e-15
6.56 9.64986e-14 -4.86148e-15
6.64 1.68199e-13 -8.48891e-15
6.72 2.91038e-13 -1.47118e-14
6.8 5e-13 -2.531e-14
6.88 8.53006e-13 -4.32326e-14
6.96 1.44532e-12 -7.33323e-14
7.04 2.4326e-12 -1.23543e-13
7.12 4.06754e-12 -2.0675e-13
7.2 6.75786e-12 -3.43753e-13
7.28 1.11573e-11 -5.67914e-13
7.36 1.8308e-11 -9.32427e-13
7.44 2.98612e-11 -1.5216e-12
7.52 4.84183e-11 -2.46829e-12
7.6 7.80545e-11 -3.98067e-12
7.68 1.25119e-10 -6.3831e-12
7.76 1.99449e-10 -1.01782e-11
7.84 3.16206e-10 -1.61409e-11
7.92 4.98636e-10 -2.54591e-11
8 7.82194e-10 -3.99451e-11
8.08 1.22069e-09 -6.23495e-11
8.16 1.89538e-09 -9.68264e-11
8.24 2.92838e-09 -1.49619e-10
8.32 4.50232e-09 -2.30064e-10
8.4 6.88907e-09 -3.52063e-10
8.48 1.04915e-08 -5.36214e-10
8.56 1.59038e-08 -8.129e-10
8.64 2.39985e-08 -1.22674e-09
8.72 3.60513e-08 -1.84297e-09
8.8 5.39193e-08 -2.75656e-09
8.88 8.02944e-08 -4.10516e-09
8.96 1.19062e-07 -6.08748e-09
9.04 1.75809e-07 -8.9892e-09
9.12 2.58531e-07 -1.32193e-08
9.2 3.78635e-07 -1.9361e-08
9.28 5.52319e-07 -2.82429e-08
9.36 8.02503e-07 -4.10371e-08
9.44 1.1615e-06 -5.9396e-08
9.52 1.67467e-06 -8.56398e-08
9.6 2.4055e-06 -1.23015e-07
9.68 3.44245e-06 -1.76046e-07
9.76 4.90842e-06 -2.51019e-07
9.84 6.97349e-06 -3.56631e-07
9.92 9.87221e-06 -5.04879e-07
10 1.3927e-05 -7.12251e-07
10.08 1.95793e-05 -1.00133e-06
10.16 2.7432e-05 -1.40294e-06
10.24 3.83052e-05 -1.95904e-06
10.32 5.3311e-05 -2.72649e-06
10.4 7.39527e-05 -3.78219e-06
10.48 0.000102256 -5.22972e-06
10.56 0.000140941 -7.20823e-06
10.64 0.00019365 -9.90401e-06
10.72 0.000265246 -1.35657e-05
10.8 0.0003622 -1.85244e-05
10.88 0.000493094 -2.52189e-05
10.96 0.000669285 -3.42301e-05
11.04 0.000905749 -4.63239e-05
11.12 0.00122218 -6.25076e-05
11.2 0.0016444 -8.41021e-05
11.28 0.00220618 -0.000112834
11.36 0.00295155 -0.000150956
11.44 0.00393775 -0.000201394
11.52 0.00523899 -0.000267946
11.6 0.00695126 -0.00035552
11.68 0.00919832 -0.000470445
11.76 0.0121393 -0.000620863
11.84 0.0159785 -0.000817217
11.92 0.020977 -0.00107287
12 0.0274682 -0.00140486
12.08 0.0358763 -0.00183489
12.16 0.0467397 -0.00239049
12.24 0.0607404 -0.00310656
12.32 0.0787396 -0.00402712
12.4 0.101822 -0.00520769
12.48 0.131352 -0.006718
12.56 0.16904 -0.0086455
12.64 0.217022 -0.0110996
12.72 0.277968 -0.0142166
12.8 0.355198 -0.0181665
12.88 0.452834 -0.0231601
12.96 0.575986 -0.0294587
13.04 0.730965 -0.0373851
13.12 0.925554 -0.0473373
13.2 1.16933 -0.0598052
13.28 1.47404 -0.0753896
13.36 1.85408 -0.0948265
13.44 2.32702 -0.119015
13.52 2.91423 -0.149048
