0 0 0
0.08 1.65074e-33 -4.69647e-40
0.16 1.01641e-29 -1.13527e-34
0.24 3.68694e-27 -2.33975e-31
0.32 3.75281e-25 -6.01989e-29
0.4 1.6971e-23 -5.31154e-27
0.48 4.28996e-22 -2.28515e-25
0.56 6.99771e-21 -5.77035e-24
0.64 8.1237e-20 -9.66579e-23
0.72 7.19609e-19 -1.1715e-21
0.8 5.11848e-18 -1.09445e-20
0.88 3.0375e-17 -8.2613e-20
0.96 1.54871e-16 -5.22189e-19
1.04 6.94144e-16 -2.84157e-18
1.12 2.78521e-15 -1.37176e-17
1.2 1.01736e-14 -5.89068e-17
1.28 3.41498e-14 -2.29534e-16
1.36 1.06386e-13 -8.23071e-16
1.44 3.10168e-13 -2.73579e-15
1.52 8.52268e-13 -8.49843e-15
1.6 2.22032e-12 -2.48471e-14
1.68 5.5123e-12 -6.87861e-14
1.76 1.30991e-11 -1.81238e-13
1.84 2.99089e-11 -4.56508e-13
1.92 6.58359e-11 -1.1035e-12
2 1.40121e-10 -2.56856e-12
2.08 2.891e-10 -5.77415e-12
2.16 5.7956e-10 -1.25692e-11
2.24 1.13122e-09 -2.65556e-11
2.32 2.15371e-09 -5.45685e-11
2.4 4.00629e-09 -1.09262e-10
2.48 7.29215e-09 -2.13532e-10
2.56 1.30051e-08 -4.07919e-10
2.64 2.27532e-08 -7.6277e-10
2.72 3.90953e-08 -1.39782e-09
2.8 6.60385e-08 -2.51323e-09
2.88 1.09764e-07 -4.43781e-09
2.96 1.79668e-07 -7.70299e-09
3.04 2.89847e-07 -1.31542e-08
3.12 4.61162e-07 -2.21165e-08
3.2 7.24109e-07 -3.66362e-08
3.28 1.12273e-06 -5.98305e-08
3.36 1.71991e-06 -9.63838e-08
3.44 2.60441e-06 -1.53245e-07
3.52 3.90021e-06 -2.4059e-07
3.6 5.77865e-06 -3.73147e-07
3.68 8.47421e-06 -5.71968e-07
3.76 1.23046e-05 -8.66808e-07
3.84 1.76965e-05 -1.29925e-06
3.92 2.52173e-05 -1.92676e-06
4 3.56155e-05 -2.82792e-06
4.08 4.98697e-05 -4.10908e-06
4.16 6.92492e-05 -5.91265e-06
4.24 9.53874e-05 -8.42748e-06
4.32 0.00013037 -1.19016e-05
4.4 0.000176839 -1.66574e-05
4.48 0.000238123 -2.31106e-05
4.56 0.000318377 -3.17918e-05
4.64 0.00042276 -4.33723e-05
4.72 0.000557634 -5.86946e-05
4.8 0.000730787 -7.8806e-05
4.88 0.000951704 -0.000104999
4.96 0.00123185 -0.000138854
5.04 0.00158501 -0.000182292
5.12 0.00202766 -0.000237625
5.2 0.00257936 -0.000307619
5.28 0.00326319 -0.000395558
5.36 0.00410624 -0.000505316
5.44 0.00514013 -0.000641426
5.52 0.0064015 -0.000809165
5.6 0.00793262 -0.00101463
5.68 0.0097819 -0.00126482
5.76 0.0120045 -0.00156772
5.84 0.014663 -0.0019324
5.92 0.0178275 -0.00236904
6 0.0215769 -0.00288907
6.08 0.0259986 -0.00350519
6.16 0.0311891 -0.00423143
6.24 0.0372545 -0.00508319
6.32 0.0443102 -0.00607725
6.4 0.0524814 -0.0072318
6.48 0.0619024 -0.00856636
6.56 0.0727163 -0.0101017
6.64 0.0850746 -0.0118599
6.72 0.0991361 -0.0138641
6.8 0.115066 -0.0161381
6.88 0.133032 -0.0187065
6.96 0.153208 -0.0215945
7.04 0.175766 -0.0248271
7.12 0.200877 -0.0284292
7.2 0.228704 -0.0324246
7.28 0.259406 -0.0368364
7.36 0.293128 -0.0416857
7.44 0.329998 -0.0469912
7.52 0.370124 -0.0527689
7.6 0.413591 -0.059031
7.68 0.460452 -0.0657855
7.76 0.510727 -0.0730356
7.84 0.564397 -0.0807785
7.92 0.621396 -0.0890053
8 0.681612 -0.0976996
8.08 0.744878 -0.106838
8.16 0.810969 -0.116387
8.24 0.879599 -0.126307
8.32 0.950417 -0.136547
8.4 1.02301 -0.147046
8.48 1.09688 -0.157735
8.56 1.17148 -0.168533
8.64 1.24619 -0.179352
8.72 1.32032 -0.19009
8.8 1.39312 -0.20064
8.88 1.46377 -0.210885
8.96 1.53142 -0.2207
9.04 1.59516 -0.229955
9.12 1.65405 -0.238513
9.2 1.70713 -0.246234
9.28 1.75341 -0.252978
9.36 1.79193 -0.258604
9.44 1.82172 -0.262972
9.52 1.84186 -0.265948
9.6 1.85148 -0.267406
9.68 1.84976 -0.267228
9.76 1.83599 -0.265309
9.84 1.80953 -0.261559
9.92 1.76989 -0.255903
10 1.71671 -0.24829
10.08 1.64977 -0.238687
10.16 1.56902 -0.227088
10.24 1.47461 -0.213511
10.32 1.36686 -0.198003
10.4 1.2463 -0.18064
10.48 1.11366 -0.161526
10.56 0.969876 -0.140796
10.64 0.816093 -0.118615
10.72 0.653654 -0.0951749
10.8 0.48409 -0.070698
10.88 0.309115 -0.0454307
10.96 0.130599 -0.0196431
11.04 -0.0494429 0.00637414
11.12 -0.228883 0.0323136
11.2 -0.405504 0.0578551
11.28 -0.577032 0.08267
11.36 -0.741173 0.106426
11.44 -0.895644 0.128795
11.52 -1.03822 0.149451
11.6 -1.16675 0.168088
11.68 -1.27924 0.184413
11.76 -1.37386 0.198161
11.84 -1.44897 0.209096
11.92 -1.50319 0.217016
12 -1.53543 0.221762
12.08 -1.54488 0.223219
12.16 -1.53111 0.221318
12.24 -1.494 0.216045
12.32 -1.43382 0.207436
12.4 -1.35124 0.195585
12.48 -1.24728 0.180641
12.56 -1.12336 0.162805
12.64 -0.98126 0.142335
12.72 -0.823103 0.119535
12.8 -0.651333 0.0947587
12.88 -0.468681 0.068399
12.96 -0.278121 0.0408853
13.04 -0.0828235 0.0126751
13.12 0.113894 -0.0157525
13.2 0.308628 -0.0439056
13.28 0.497946 -0.0712883
13.36 0.678453 -0.0974095
13.44 0.846853 -0.121793
13.52 1 -0.143982
