0 0 0
0.08 1.60448e-29 -5.08676e-36
0.16 5.93412e-26 -8.81512e-31
0.24 1.42805e-23 -1.14401e-27
0.32 1.00826e-21 -2.02349e-25
0.4 3.28501e-20 -1.27877e-23
0.48 6.18451e-19 -4.05985e-22
0.56 7.73511e-18 -7.77508e-21
0.64 7.06173e-17 -1.0133e-19
0.72 5.0279e-16 -9.7765e-19
0.8 2.92908e-15 -7.41785e-18
0.88 1.44691e-14 -4.62711e-17
0.96 6.22752e-14 -2.45356e-16
1.04 2.39077e-13 -1.14288e-15
1.12 8.29931e-13 -4.71141e-15
1.2 2.64033e-12 -1.75889e-14
1.28 7.78346e-12 -6.00938e-14
1.36 2.14547e-11 -1.89947e-13
1.44 5.57157e-11 -5.60508e-13
1.52 1.37179e-10 -1.55582e-12
1.6 3.21942e-10 -4.08817e-12
1.68 7.23506e-10 -1.02243e-11
1.76 1.56314e-09 -2.44506e-11
1.84 3.25788e-09 -5.6134e-11
1.92 6.56983e-09 -1.24152e-10
2 1.28528e-08 -2.65335e-10
2.08 2.445e-08 -5.49426e-10
2.16 4.53202e-08 -1.1049e-09
2.24 8.20042e-08 -2.16249e-09
2.32 1.45087e-07 -4.12678e-09
2.4 2.51367e-07 -7.69172e-09
2.48 4.27029e-07 -1.40232e-08
2.56 7.12194e-07 -2.50419e-08
2.64 1.16736e-06 -4.38548e-08
2.72 1.88238e-06 -7.54008e-08
2.8 2.98881e-06 -1.27403e-07
2.88 4.67661e-06 -2.11747e-07
2.96 7.2166e-06 -3.46459e-07
3.04 1.099e-05 -5.58478e-07
3.12 1.65272e-05 -8.87514e-07
3.2 2.45575e-05 -1.39133e-06
3.28 3.60729e-05 -2.15285e-06
3.36 5.24081e-05 -3.28969e-06
3.44 7.53404e-05 -4.96658e-06
3.52 0.000107213 -7.4116e-06
3.6 0.000151087 -1.09369e-05
3.68 0.000210917 -1.59648e-05
3.76 0.000291778 -2.30606e-05
3.84 0.000400111 -3.2973e-05
3.92 0.00054403 -4.66826e-05
4 0.00073367 -6.54612e-05
4.08 0.000981584 -9.09414e-05
4.16 0.0013032 -0.000125198
4.24 0.00171735 -0.000170841
4.32 0.00224679 -0.000231125
4.4 0.00291893 -0.000310066
4.48 0.00376643 -0.000412575
4.56 0.00482801 -0.000544604
4.64 0.00614926 -0.000713296
4.72 0.00778346 -0.000927154
4.8 0.00979248 -0.0011962
4.88 0.0122477 -0.00153215
4.96 0.0152309 -0.00194859
5.04 0.0188352 -0.00246113
5.12 0.0231658 -0.00308754
5.2 0.0283409 -0.00384791
5.28 0.0344923 -0.00476479
5.36 0.0417658 -0.00586319
5.44 0.0503218 -0.00717075
5.52 0.0603352 -0.00871763
5.6 0.0719954 -0.0105366
5.68 0.0855057 -0.0126628
5.76 0.101082 -0.0151338
5.84 0.118953 -0.0179892
5.92 0.139357 -0.0212702
6 0.162539 -0.0250196
6.08 0.188751 -0.0292811
6.16 0.218245 -0.0340986
6.24 0.251271 -0.0395157
6.32 0.288073 -0.045575
6.4 0.328882 -0.052317
6.48 0.373912 -0.0597793
6.56 0.423353 -0.0679955
6.64 0.477364 -0.076994
6.72 0.536068 -0.0867969
6.8 0.599542 -0.0974187
6.88 0.667808 -0.108865
6.96 0.740833 -0.121132
7.04 0.818511 -0.134202
7.12 0.900664 -0.148047
7.2 0.987032 -0.162625
7.28 1.07727 -0.177878
7.36 1.17092 -0.193733
7.44 1.26747 -0.210099
7.52 1.36625 -0.226869
7.6 1.46654 -0.243919
7.68 1.56749 -0.261107
7.76 1.66816 -0.278274
7.84 1.76749 -0.295244
7.92 1.86438 -0.311828
8 1.95761 -0.327819
8.08 2.0459 -0.343003
8.16 2.12791 -0.357152
8.24 2.20228 -0.370033
8.32 2.26761 -0.38141
8.4 2.3225 -0.391043
8.48 2.36558 -0.398698
8.56 2.39551 -0.404147
8.64 2.41103 -0.407174
8.72 2.41097 -0.407579
8.8 2.3943 -0.40518
8.88 2.36011 -0.399823
8.96 2.30769 -0.391383
9.04 2.23652 -0.379768
9.12 2.14632 -0.364923
9.2 2.03703 -0.346837
9.28 1.90888 -0.325541
9.36 1.76237 -0.301116
9.44 1.59829 -0.27369
9.52 1.41772 -0.243444
9.6 1.22207 -0.210607
9.68 1.01301 -0.175461
9.76 0.792529 -0.138336
9.84 0.562859 -0.0996084
9.92 0.3265 -0.0596968
10 0.0861689 -0.019059
10.08 -0.155227 0.0218149
10.16 -0.394629 0.0624083
10.24 -0.628873 0.102186
10.32 -0.854734 0.140601
10.4 -1.06898 0.177107
10.48 -1.26843 0.211161
10.56 -1.45002 0.24224
10.64 -1.61082 0.269848
10.72 -1.74814 0.293523
10.8 -1.8596 0.312854
10.88 -1.94309 0.327482
10.96 -1.99695 0.337115
11.04 -2.0199 0.341531
11.12 -2.01117 0.340589
11.2 -1.97047 0.334234
11.28 -1.89804 0.322496
11.36 -1.79466 0.305501
11.44 -1.66168 0.283466
11.52 -1.50096 0.2567
11.6 -1.31491 0.225601
11.68 -1.10643 0.190653
11.76 -0.878864 0.152417
11.84 -0.635992 0.111527
11.92 -0.381934 0.068675
12 -0.121096 0.0246038
12.08 0.141907 -0.0199075
12.16 0.402334 -0.0640572
12.24 0.655407 -0.107036
12.32 0.896401 -0.148042
12.4 1.12074 -0.186297
12.48 1.32408 -0.221063
12.56 1.50243 -0.251656
12.64 1.6522 -0.277461
12.72 1.77031 -0.297949
12.8 1.85423 -0.312684
12.88 1.90211 -0.32134
12.96 1.91275 -0.323705
13.04 1.88568 -0.31969
13.12 1.82121 -0.309332
13.2 1.72037 -0.292798
13.28 1.58496 -0.27038
13.36 1.41751 -0.242496
13.44 1.22123 -0.209681
13.52 1 -0.172581
