0 0 0
0.08 4.81802e-104 -4.41696e-111
0.16 7.24418e-98 -2.67358e-103
0.24 7.65292e-93 -1.1342e-97
0.32 1.35765e-88 -4.71635e-93
0.4 7.55208e-85 -5.07813e-89
0.48 1.62815e-81 -1.85428e-85
0.56 1.68316e-78 -2.98428e-82
0.64 9.39551e-76 -2.43393e-79
0.72 3.12736e-73 -1.12863e-76
0.8 6.68007e-71 -3.23423e-74
0.88 9.71385e-69 -6.12049e-72
0.96 1.00871e-66 -8.06631e-70
1.04 7.78123e-65 -7.73315e-68
1.12 4.60887e-63 -5.59197e-66
1.2 2.15552e-61 -2.56584e-64
1.28 8.15276e-60 -9.91022e-63
1.36 2.35368e-58 -3.24894e-61
1.44 5.74981e-57 -9.05059e-60
1.52 1.21014e-55 -2.17214e-58
1.6 2.22181e-54 -4.54153e-57
1.68 3.59757e-53 -8.35445e-56
1.76 5.18757e-52 -1.36447e-54
1.84 6.71955e-51 -1.99497e-53
1.92 7.87998e-50 -2.63106e-52
2 8.42492e-49 -3.15175e-51
2.08 8.26446e-48 -3.45105e-50
2.16 7.48104e-47 -3.4741e-49
2.24 6.2816e-46 -3.23236e-48
2.32 4.91585e-45 -2.79309e-47
2.4 3.60101e-44 -2.25144e-46
2.48 2.47892e-43 -1.69984e-45
2.56 1.60948e-42 -1.20654e-44
2.64 9.88857e-42 -8.07882e-44
2.72 5.76677e-41 -5.11901e-43
2.8 3.20112e-40 -3.07829e-42
2.88 1.69576e-39 -1.76147e-41
2.96 8.59328e-39 -9.61492e-41
3.04 4.17486e-38 -5.01772e-40
3.12 1.94851e-37 -2.50881e-39
3.2 8.75307e-37 -1.20413e-38
3.28 3.79125e-36 -5.55785e-38
3.36 1.5859e-35 -2.47115e-37
3.44 6.4166e-35 -1.06006e-36
3.52 2.5147e-34 -4.39379e-36
3.6 9.5586e-34 -1.76207e-35
3.68 3.52837e-33 -6.84609e-35
3.76 1.26628e-32 -2.58005e-34
3.84 4.42329e-32 -9.44237e-34
3.92 1.50546e-31 -3.37769e-33
4 5.00776e-31 -1.17229e-32
4.08 1.62616e-30 -3.97e-32
4.16 5.15872e-30 -1.31052e-31
4.24 1.60007e-29 -4.22015e-31
4.32 4.8563e-29 -1.32686e-30
4.4 1.44337e-28 -4.0766e-30
4.48 4.20409e-28 -1.2249e-29
4.56 1.20086e-27 -3.60216e-29
4.64 3.36611e-27 -1.03754e-28
4.72 9.2652e-27 -2.92906e-28
4.8 2.50572e-26 -8.11011e-28
4.88 6.66213e-26 -2.20383e-27
4.96 1.74235e-25 -5.88102e-27
5.04 4.4846e-25 -1.54208e-26
5.12 1.13657e-24 -3.97551e-26
5.2 2.83767e-24 -1.0082e-25
5.28 6.9826e-24 -2.51655e-25
5.36 1.69414e-23 -6.18571e-25
5.44 4.05453e-23 -1.49801e-24
5.52 9.57553e-23 -3.57592e-24
5.6 2.23244e-22 -8.41803e-24
5.68 5.13984e-22 -1.95512e-23
5.76 1.16902e-21 -4.48187e-23
5.84 2.62751e-21 -1.01449e-22
5.92 5.83785e-21 -2.26831e-22
6 1.28257e-20 -5.01173e-22
6.08 2.78711e-20 -1.09461e-21
6.16 5.99236e-20 -2.36408e-21
6.24 1.27505e-19 -5.05055e-21
6.32 2.68569e-19 -1.06763e-20
6.4 5.60133e-19 -2.23378e-20
6.48 1.15701e-18 -4.62719e-20
6.56 2.36755e-18 -9.4922e-20
6.64 4.80028e-18 -1.92887e-19
6.72 9.64577e-18 -3.88356e-19
6.8 1.92131e-17 -7.74911e-19
6.88 3.79436e-17 -1.53273e-18
6.96 7.43087e-17 -3.00581e-18
7.04 1.44339e-16 -5.84564e-18
7.12 2.78129e-16 -1.12762e-17
7.2 5.31748e-16 -2.15791e-17
7.28 1.00886e-15 -4.09754e-17
7.36 1.89976e-15 -7.72165e-17
7.44 3.55115e-15 -1.44433e-16
7.52 6.5904e-15 -2.68201e-16
7.6 1.21448e-14 -4.94493e-16
7.68 2.22263e-14 -9.05382e-16
7.76 4.04016e-14 -1.64641e-15
7.84 7.29535e-14 -2.97398e-15
7.92 1.30877e-13 -5.33691e-15
8 2.33296e-13 -9.51595e-15
8.08 4.13264e-13 -1.68608e-14
8.16 7.27575e-13 -2.96907e-14
8.24 1.27323e-12 -5.19674e-14
8.32 2.21494e-12 -9.04188e-14
8.4 3.83082e-12 -1.56405e-13
8.48 6.58779e-12 -2.69003e-13
8.56 1.12655e-11 -4.60063e-13
8.64 1.91589e-11 -7.82491e-13
8.72 3.24068e-11 -1.32368e-12
8.8 5.45243e-11 -2.22727e-12
8.88 9.12585e-11 -3.72808e-12
8.96 1.51958e-10 -6.20814e-12
9.04 2.51754e-10 -1.02858e-11
9.12 4.15021e-10 -1.69571e-11
9.2 6.80831e-10 -2.78189e-11
9.28 1.11152e-09 -4.54188e-11
9.36 1.8061e-09 -7.3803e-11
9.44 2.92108e-09 -1.19368e-10
9.52 4.70275e-09 -1.92179e-10
9.6 7.53703e-09 -3.0801e-10
9.68 1.20259e-08 -4.91464e-10
9.76 1.91045e-08 -7.80759e-10
9.84 3.02192e-08 -1.23501e-09
9.92 4.75977e-08 -1.94527e-09
10 7.46574e-08 -3.0512e-09
10.08 1.16619e-07 -4.76621e-09
10.16 1.81428e-07 -7.415e-09
10.24 2.81126e-07 -1.14898e-08
10.32 4.33896e-07 -1.77337e-08
10.4 6.67084e-07 -2.72645e-08
10.48 1.02167e-06 -4.17571e-08
10.56 1.55884e-06 -6.37122e-08
10.64 2.36959e-06 -9.6849e-08
10.72 3.58878e-06 -1.4668e-07
10.8 5.41559e-06 -2.21346e-07
10.88 8.14314e-06 -3.32827e-07
10.96 1.22013e-05 -4.98693e-07
11.04 1.82181e-05 -7.44618e-07
11.12 2.71089e-05 -1.108e-06
11.2 4.02017e-05 -1.64314e-06
11.28 5.94187e-05 -2.42859e-06
11.36 8.75317e-05 -3.57765e-06
11.44 0.000128526 -5.25319e-06
11.52 0.000188111 -7.6886e-06
11.6 0.000274445 -1.12173e-05
11.68 0.000399145 -1.63142e-05
11.76 0.000578704 -2.36533e-05
11.84 0.000836469 -3.41889e-05
11.92 0.00120539 -4.92676e-05
12 0.00173181 -7.07842e-05
12.08 0.00248079 -0.000101397
12.16 0.00354329 -0.000144825
12.24 0.00504625 -0.000206255
12.32 0.00716618 -0.000292903
12.4 0.010148 -0.000414778
12.48 0.0143304 -0.000585725
12.56 0.0201806 -0.000824842
12.64 0.0283416 -0.00115841
12.72 0.0396954 -0.00162247
12.8 0.0554492 -0.00226638
12.88 0.0772504 -0.00315746
12.96 0.107342 -0.0043874
13.04 0.14877 -0.00608068
13.12 0.205659 -0.0084059
13.2 0.283582 -0.0115909
13.28 0.39005 -0.0159425
13.36 0.535159 -0.0218736
13.44 0.732451 -0.0299375
13.52 1 -0.0408731
