0 0 0
0.08 3.64225e-71 -5.11462e-78
0.16 6.74715e-66 -3.03883e-71
0.24 9.19664e-62 -1.90921e-66
0.32 2.30812e-58 -1.21717e-62
0.4 1.90618e-55 -2.01688e-59
0.48 6.64969e-53 -7.35619e-57
0.56 1.1895e-50 -1.64654e-54
0.64 1.04597e-48 -2.26648e-52
0.72 6.04483e-47 -1.91162e-50
0.8 2.47952e-45 -1.0894e-48
0.88 7.58915e-44 -4.46672e-47
0.96 1.80314e-42 -1.37998e-45
1.04 3.43477e-41 -3.3333e-44
1.12 5.38774e-40 -6.48927e-43
1.2 7.11654e-39 -1.04432e-41
1.28 8.06634e-38 -1.41918e-40
1.36 7.97257e-37 -1.65829e-39
1.44 6.96631e-36 -1.69201e-38
1.52 5.44546e-35 -1.52765e-37
1.6 3.84728e-34 -1.23455e-36
1.68 2.47885e-33 -9.01976e-36
1.76 1.46801e-32 -6.00999e-35
1.84 8.0462e-32 -3.68023e-34
1.92 4.10666e-31 -2.08517e-33
2 1.96236e-30 -1.09971e-32
2.08 8.82191e-30 -5.42765e-32
2.16 3.7473e-29 -2.51893e-31
2.24 1.50986e-28 -1.10397e-30
2.32 5.79079e-28 -4.58686e-30
2.4 2.12081e-27 -1.81305e-29
2.48 7.43836e-27 -6.87906e-29
2.56 2.51007e-26 -2.48932e-28
2.64 8.15164e-26 -8.64029e-28
2.72 2.55299e-25 -2.88988e-27
2.8 7.72647e-25 -9.3158e-27
2.88 2.26391e-24 -2.90002e-26
2.96 6.43344e-24 -8.73524e-26
3.04 1.77595e-23 -2.55056e-25
3.12 4.76952e-23 -7.23131e-25
3.2 1.2479e-22 -1.99387e-24
3.28 3.185e-22 -5.3543e-24
3.36 7.93946e-22 -1.40222e-23
3.44 1.93516e-21 -3.5857e-23
3.52 4.61689e-21 -8.96346e-23
3.6 1.07924e-20 -2.19269e-22
3.68 2.47418e-20 -5.25419e-22
3.76 5.56756e-20 -1.23438e-21
3.84 1.23076e-19 -2.84552e-21
3.92 2.67482e-19 -6.44135e-21
4 5.71917e-19 -1.43284e-20
4.08 1.20388e-18 -3.13398e-20
4.16 2.49644e-18 -6.74425e-20
4.24 5.10267e-18 -1.42871e-19
4.32 1.02862e-17 -2.98086e-19
4.4 2.04604e-17 -6.12822e-19
4.48 4.01781e-17 -1.24197e-18
4.56 7.79248e-17 -2.48227e-18
4.64 1.49334e-16 -4.89466e-18
4.72 2.82889e-16 -9.52561e-18
4.8 5.29915e-16 -1.83028e-17
4.88 9.81946e-16 -3.47335e-17
4.96 1.80055e-15 -6.51232e-17
5.04 3.2681e-15 -1.20677e-16
5.12 5.8734e-15 -2.21087e-16
5.2 1.04547e-14 -4.00579e-16
5.28 1.84366e-14 -7.18031e-16
5.36 3.22185e-14 -1.27369e-15
5.44 5.58078e-14 -2.23659e-15
5.52 9.58407e-14 -3.88905e-15
5.6 1.63218e-13 -6.6983e-15
5.68 2.75704e-13 -1.14308e-14
5.76 4.62021e-13 -1.93331e-14
5.84 7.68266e-13 -3.24158e-14
5.92 1.26787e-12 -5.38963e-14
6 2.07696e-12 -8.88828e-14
6.08 3.37792e-12 -1.45425e-13
6.16 5.45521e-12 -2.36114e-13
6.24 8.74951e-12 -3.80509e-13
6.32 1.39391e-11 -6.08779e-13
6.4 2.20612e-11 -9.67153e-13
6.48 3.46922e-11 -1.526e-12
6.56 5.42128e-11 -2.39177e-12
6.64 8.41973e-11 -3.72446e-12
6.72 1.29981e-10 -5.76315e-12
6.8 1.99479e-10 -8.86297e-12
6.88 3.04375e-10 -1.35484e-11
6.96 4.6181e-10 -2.05895e-11
7.04 6.96804e-10 -3.11111e-11
7.12 1.04568e-09 -4.67471e-11
7.2 1.5609e-09 -6.98582e-11
7.28 2.31785e-09 -1.03838e-10
7.36 3.4243e-09 -1.5354e-10
7.44 5.03358e-09 -2.25871e-10
7.52 7.36279e-09 -3.30613e-10
7.6 1.07179e-08 -4.81554e-10
7.68 1.55279e-08 -6.98036e-10
7.76 2.2392e-08 -1.00707e-09
7.84 3.2143e-08 -1.44621e-09
7.92 4.59331e-08 -2.06741e-09
8 6.53504e-08 -2.9423e-09
8.08 9.25732e-08 -4.16914e-09
8.16 1.30578e-07 -5.88216e-09
8.24 1.83414e-07 -8.26407e-09
8.32 2.56568e-07 -1.15624e-08
8.4 3.57448e-07 -1.61113e-08
8.48 4.96008e-07 -2.236e-08
8.56 6.85583e-07 -3.091e-08
8.64 9.43958e-07 -4.25638e-08
8.72 1.29477e-06 -5.83882e-08
8.8 1.76932e-06 -7.97953e-08
8.88 2.4089e-06 -1.08648e-07
8.96 3.26779e-06 -1.47397e-07
9.04 4.41707e-06 -1.99248e-07
9.12 5.94954e-06 -2.6839e-07
9.2 7.9859e-06 -3.60269e-07
9.28 1.06826e-05 -4.81945e-07
9.36 1.42417e-05 -6.42538e-07
9.44 1.89235e-05 -8.53793e-07
9.52 2.5062e-05 -1.13078e-06
9.6 3.30843e-05 -1.49278e-06
9.68 4.35353e-05 -1.96437e-06
9.76 5.71072e-05 -2.5768e-06
9.84 7.46772e-05 -3.36966e-06
9.92 9.73533e-05 -4.39294e-06
10 0.000126531 -5.70961e-06
10.08 0.000163961 -7.3987e-06
10.16 0.000211836 -9.55916e-06
10.24 0.000272892 -1.23144e-05
10.32 0.000350531 -1.58181e-05
10.4 0.000448977 -2.02606e-05
10.48 0.00057345 -2.58778e-05
10.56 0.000730394 -3.29603e-05
10.64 0.00092773 -4.18656e-05
10.72 0.00117517 -5.30322e-05
10.8 0.00148461 -6.69964e-05
10.88 0.00187053 -8.44122e-05
10.96 0.00235056 -0.000106075
11.04 0.00294607 -0.000132949
11.12 0.00368294 -0.000166203
11.2 0.00459235 -0.000207243
11.28 0.00571184 -0.000257763
11.36 0.00708644 -0.000319797
11.44 0.00877006 -0.000395775
11.52 0.010827 -0.000488602
11.6 0.0133339 -0.000601734
11.68 0.0163817 -0.000739274
11.76 0.020078 -0.000906082
11.84 0.02455 -0.0011079
11.92 0.0299477 -0.00135149
12 0.0364471 -0.0016448
12.08 0.0442548 -0.00199714
12.16 0.0536119 -0.00241941
12.24 0.0648 -0.00292432
12.32 0.0781466 -0.00352662
12.4 0.0940313 -0.00424348
12.48 0.112894 -0.00509472
12.56 0.135242 -0.00610324
12.64 0.16166 -0.00729543
12.72 0.192818 -0.00870156
12.8 0.229486 -0.0103563
12.88 0.272542 -0.0122994
12.96 0.322987 -0.0145759
13.04 0.38196 -0.0172372
13.12 0.450751 -0.0203417
13.2 0.53082 -0.023955
13.28 0.623813 -0.0281517
13.36 0.731584 -0.0330152
13.44 0.85621 -0.0386394
13.52 1 -0.0451284
