0 0 0
0.08 6.8937e-73 -9.44138e-80
0.16 1.44309e-67 -6.12812e-73
0.24 2.21484e-63 -4.35079e-68
0.32 6.21906e-60 -3.10986e-64
0.4 5.72289e-57 -5.75313e-61
0.48 2.21154e-54 -3.8464e-58
0.56 4.36004e-52 -7.89323e-56
0.64 4.97863e-50 -1.07033e-53
0.72 3.15213e-48 -9.72186e-52
0.8 1.39597e-46 -5.92758e-50
0.88 4.59343e-45 -2.59621e-48
0.96 1.16924e-43 -8.5598e-47
1.04 2.37844e-42 -2.20307e-45
1.12 3.97185e-41 -4.56078e-44
1.2 5.56922e-40 -7.78758e-43
1.28 6.68298e-39 -1.12033e-41
1.36 6.97534e-38 -1.38268e-40
1.44 6.42127e-37 -1.48684e-39
1.52 5.27654e-36 -1.4118e-38
1.6 3.91089e-35 -1.19751e-37
1.68 2.63845e-34 -9.16569e-37
1.76 1.63316e-33 -6.38658e-36
1.84 9.34048e-33 -4.08286e-35
1.92 4.96671e-32 -2.41123e-34
2 2.46903e-31 -1.32355e-33
2.08 1.15314e-30 -6.78939e-33
2.16 5.08225e-30 -3.27056e-32
2.24 2.12211e-29 -1.48598e-31
2.32 8.42505e-29 -6.39316e-31
2.4 3.19063e-28 -2.61385e-30
2.48 1.15599e-27 -1.02541e-29
2.56 4.02688e-27 -3.83135e-29
2.64 1.34877e-26 -1.37178e-28
2.72 4.3528e-26 -4.72974e-28
2.8 1.35635e-25 -1.57036e-27
2.88 4.08867e-25 -5.03088e-27
2.96 1.19447e-24 -1.55827e-26
3.04 3.38743e-24 -4.67533e-26
3.12 9.33966e-24 -1.36114e-25
3.2 2.50714e-23 -3.85128e-25
3.28 6.5613e-23 -1.06064e-24
3.36 1.67612e-22 -2.84699e-24
3.44 4.18433e-22 -7.45776e-24
3.52 1.02194e-21 -1.90873e-23
3.6 2.44427e-21 -4.77822e-23
3.68 5.73068e-21 -1.17113e-22
3.76 1.31821e-20 -2.81293e-22
3.84 2.9775e-20 -6.62668e-22
3.92 6.60914e-20 -1.53233e-21
4 1.44272e-19 -3.48048e-21
4.08 3.09931e-19 -7.77028e-21
4.16 6.55648e-19 -1.70612e-20
4.24 1.36666e-18 -3.68635e-20
4.32 2.80854e-18 -7.84194e-20
4.4 5.69325e-18 -1.64322e-19
4.48 1.13898e-17 -3.39322e-19
4.56 2.24982e-17 -6.908e-19
4.64 4.38983e-17 -1.38706e-18
4.72 8.46435e-17 -2.74792e-18
4.8 1.61345e-16 -5.37333e-18
4.88 3.04151e-16 -1.03746e-17
4.96 5.67212e-16 -1.97849e-17
5.04 1.04681e-15 -3.72811e-17
5.12 1.91243e-15 -6.94354e-17
5.2 3.45964e-15 -1.27866e-16
5.28 6.19902e-15 -2.32893e-16
5.36 1.10047e-14 -4.19687e-16
5.44 1.93598e-14 -7.48514e-16
5.52 3.37599e-14 -1.32165e-15
5.6 5.83682e-14 -2.31104e-15
5.68 1.00075e-13 -4.00314e-15
5.76 1.7019e-13 -6.87107e-15
5.84 2.87141e-13 -1.16896e-14
5.92 4.8072e-13 -1.9717e-14
6 7.98739e-13 -3.29808e-14
6.08 1.31739e-12 -5.47231e-14
6.16 2.1572e-12 -9.0089e-14
6.24 3.5076e-12 -1.47185e-13
6.32 5.66423e-12 -2.38693e-13
6.4 9.08556e-12 -3.84318e-13
6.48 1.44779e-11 -6.14473e-13
6.56 2.29228e-11 -9.75793e-13
6.64 3.60659e-11 -1.53933e-12
6.72 5.63963e-11 -2.4127e-12
6.8 8.76571e-11 -3.75785e-12
6.88 1.35444e-10 -5.81712e-12
6.96 2.08077e-10 -8.95107e-12
7.04 3.17855e-10 -1.36931e-11
7.12 4.82863e-10 -2.08279e-11
7.2 7.29555e-10 -3.15039e-11
7.28 1.09642e-09 -4.73926e-11
7.36 1.63918e-09 -7.09147e-11
7.44 2.43808e-09 -1.05558e-10
7.52 3.60816e-09 -1.56323e-10
7.6 5.31351e-09 -2.30344e-10
7.68 7.78704e-09 -3.3775e-10
7.76 1.13579e-08 -4.92859e-10
7.84 1.64891e-08 -7.15811e-10
7.92 2.38289e-08 -1.03481e-09
8 3.42811e-08 -1.48919e-09
8.08 4.91003e-08 -2.13353e-09
8.16 7.00202e-08 -3.04329e-09
8.24 9.94273e-08 -4.32235e-09
8.32 1.40593e-07 -6.11306e-09
8.4 1.97981e-07 -8.60979e-09
8.48 2.77664e-07 -1.20768e-08
8.56 3.87862e-07 -1.6872e-08
8.64 5.39666e-07 -2.34781e-08
8.72 7.47982e-07 -3.25441e-08
8.8 1.03276e-06 -4.49387e-08
8.88 1.42063e-06 -6.18206e-08
8.96 1.94694e-06 -8.47297e-08
9.04 2.65855e-06 -1.15705e-07
9.12 3.61725e-06 -1.57438e-07
9.2 4.9043e-06 -2.13466e-07
9.28 6.62616e-06 -2.88424e-07
9.36 8.92187e-06 -3.88365e-07
9.44 1.19723e-05 -5.21167e-07
9.52 1.60123e-05 -6.97048e-07
9.6 2.13451e-05 -9.29218e-07
9.68 2.83616e-05 -1.2347e-06
9.76 3.75641e-05 -1.63535e-06
9.84 4.95955e-05 -2.15917e-06
9.92 6.52764e-05 -2.84189e-06
10 8.56511e-05 -3.72897e-06
10.08 0.000112044 -4.8781e-06
10.16 0.000146131 -6.36219e-06
10.24 0.000190023 -8.27323e-06
10.32 0.000246376 -1.07268e-05
10.4 0.000318518 -1.38679e-05
10.48 0.000410609 -1.78775e-05
10.56 0.000527832 -2.29814e-05
10.64 0.000676628 -2.94599e-05
10.72 0.000864979 -3.76607e-05
10.8 0.00110275 -4.80131e-05
10.88 0.00140208 -6.10462e-05
10.96 0.00177791 -7.74101e-05
11.04 0.00224854 -9.79016e-05
11.12 0.00283633 -0.000123494
11.2 0.00356854 -0.000155375
11.28 0.00447828 -0.000194986
11.36 0.00560574 -0.000244076
11.44 0.00699948 -0.00030476
11.52 0.00871805 -0.000379587
11.6 0.0108319 -0.000471626
11.68 0.0134256 -0.000584556
11.76 0.0166002 -0.000722781
11.84 0.0204765 -0.000891556
11.92 0.0251981 -0.00109714
12 0.0309358 -0.00134696
12.08 0.0378917 -0.00164983
12.16 0.0463046 -0.00201613
12.24 0.0564561 -0.00245813
12.32 0.0686771 -0.00299025
12.4 0.0833558 -0.00362937
12.48 0.100946 -0.00439526
12.56 0.121978 -0.00531101
12.64 0.147068 -0.00640345
12.72 0.176933 -0.00770377
12.8 0.212401 -0.00924809
12.88 0.254432 -0.0110781
12.96 0.30413 -0.013242
13.04 0.362765 -0.015795
13.12 0.431794 -0.0188006
13.2 0.512883 -0.0223313
13.28 0.607935 -0.0264699
13.36 0.719115 -0.0313108
13.44 0.848882 -0.0369609
13.52 1 -0.0435407
