0 -0 -0
0.08 -2.86376e-42 6.48429e-49
0.16 -5.23516e-38 3.18981e-43
0.24 -4.60909e-35 1.79382e-39
0.32 -1.05521e-32 1.05113e-36
0.4 -1.00214e-30 1.95166e-34
0.48 -4.99303e-29 1.67021e-32
0.56 -1.51492e-27 7.97466e-31
0.64 -3.10487e-26 2.40466e-29
0.72 -4.63516e-25 5.0088e-28
0.8 -5.33271e-24 7.7089e-27
0.88 -4.93672e-23 9.22981e-26
0.96 -3.80325e-22 8.94757e-25
1.04 -2.50425e-21 7.24812e-24
1.12 -1.43984e-20 5.03154e-23
1.2 -7.35607e-20 3.0549e-22
1.28 -3.38771e-19 1.64959e-21
1.36 -1.42327e-18 8.03251e-21
1.44 -5.50996e-18 3.59576e-20
1.52 -1.98679e-17 1.47464e-19
1.6 -6.70417e-17 5.61349e-19
1.68 -2.13015e-16 2.00278e-18
1.76 -6.40813e-16 6.72168e-18
1.84 -1.83393e-15 2.13354e-17
1.92 -5.01393e-15 6.43568e-17
2 -1.31437e-14 1.85267e-16
2.08 -3.31449e-14 5.10888e-16
2.16 -8.06355e-14 1.35395e-15
2.24 -1.89744e-13 3.45856e-15
2.32 -4.32858e-13 8.53744e-15
2.4 -9.59309e-13 2.04131e-14
2.48 -2.06929e-12 4.73745e-14
2.56 -4.3518e-12 1.06917e-13
2.64 -8.93648e-12 2.35043e-13
2.72 -1.7944e-11 5.04095e-13
2.8 -3.52761e-11 1.05619e-12
2.88 -6.79754e-11 2.16463e-12
2.96 -1.28526e-10 4.3444e-12
3.04 -2.38682e-10 8.5474e-12
3.12 -4.35735e-10 1.65009e-11
3.2 -7.82622e-10 3.12844e-11
3.28 -1.38399e-09 5.82962e-11
3.36 -2.41139e-09 1.06846e-10
3.44 -4.1422e-09 1.92744e-10
3.52 -7.01907e-09 3.42428e-10
3.6 -1.17396e-08 5.99485e-10
3.68 -1.93896e-08 1.03476e-09
3.76 -3.16405e-08 1.76184e-09
3.84 -5.10347e-08 2.96052e-09
3.92 -8.13997e-08 4.91168e-09
4 -1.28437e-07 8.04885e-09
4.08 -2.00553e-07 1.30331e-08
4.16 -3.10027e-07 2.08611e-08
4.24 -4.74626e-07 3.30179e-08
4.32 -7.19824e-07 5.16931e-08
4.4 -1.08184e-06 8.00801e-08
4.48 -1.61171e-06 1.22789e-07
4.56 -2.38083e-06 1.86409e-07
4.64 -3.48824e-06 2.80265e-07
4.72 -5.07027e-06 4.17432e-07
4.8 -7.31332e-06 6.16075e-07
4.88 -1.04703e-05 9.01206e-07
4.96 -1.4882e-05 1.30698e-06
5.04 -2.10047e-05 1.87963e-06
5.12 -2.94452e-05 2.6813e-06
5.2 -4.10052e-05 3.79478e-06
5.28 -5.67374e-05 5.32966e-06
5.36 -7.80158e-05 7.42991e-06
5.44 -0.000106623 1.02834e-05
5.52 -0.000144858 1.41334e-05
5.6 -0.000195669 1.92937e-05
5.68 -0.000262817 2.61654e-05
5.76 -0.000351071 3.5259e-05
5.84 -0.000466446 4.72199e-05
5.92 -0.000616492 6.28598e-05
6 -0.000810631 8.31939e-05
6.08 -0.00106056 0.000109485
6.16 -0.00138075 0.000143294
6.24 -0.00178897 0.000186544
6.32 -0.00230696 0.000241588
6.4 -0.00296121 0.000311295
6.48 -0.0037838 0.000399142
6.56 -0.00481341 0.000509324
6.64 -0.00609649 0.000646878
6.72 -0.00768849 0.000817826
6.8 -0.00965541 0.00102933
6.88 -0.0120753 0.00128986
6.96 -0.0150402 0.00160942
7.04 -0.0186581 0.00199974
7.12 -0.023055 0.00247449
7.2 -0.0283773 0.0030496
7.28 -0.0347947 0.0037435
7.36 -0.0425024 0.0045774
7.44 -0.0517246 0.00557564
7.52 -0.0627168 0.00676602
7.6 -0.0757697 0.00818012
7.68 -0.0912121 0.00985366
7.76 -0.109414 0.0118269
7.84 -0.130791 0.0141449
7.92 -0.155805 0.0168579
8 -0.18497 0.0200219
8.08 -0.218854 0.0236984
8.16 -0.258081 0.0279553
8.24 -0.303333 0.0328667
8.32 -0.355351 0.0385132
8.4 -0.414939 0.0449822
8.48 -0.482959 0.0523673
8.56 -0.560336 0.060769
8.64 -0.64805 0.0702938
8.72 -0.747138 0.0810544
8.8 -0.858684 0.0931687
8.88 -0.983819 0.106759
8.96 -1.12371 0.121953
9.04 -1.27955 0.13888
9.12 -1.45254 0.157671
9.2 -1.6439 0.178458
9.28 -1.85482 0.20137
9.36 -2.08647 0.226534
9.44 -2.33996 0.254072
9.52 -2.61633 0.284096
9.6 -2.91654 0.31671
9.68 -3.2414 0.352003
9.76 -3.59159 0.390049
9.84 -3.96762 0.430902
9.92 -4.36977 0.474593
10 -4.7981 0.52113
10.08 -5.2524 0.570489
10.16 -5.73216 0.622614
10.24 -6.23655 0.677415
10.32 -6.76435 0.734762
10.4 -7.314 0.794483
10.48 -7.88351 0.856361
10.56 -8.47045 0.920135
10.64 -9.07197 0.985493
10.72 -9.68473 1.05207
10.8 -10.3049 1.11946
10.88 -10.9284 1.1872
10.96 -11.5503 1.25478
11.04 -12.1655 1.32163
11.12 -12.7685 1.38715
11.2 -13.3532 1.45069
11.28 -13.9133 1.51156
11.36 -14.4423 1.56903
11.44 -14.9331 1.62237
11.52 -15.3787 1.6708
11.6 -15.772 1.71355
11.68 -16.1058 1.74982
11.76 -16.3729 1.77886
11.84 -16.5665 1.79991
11.92 -16.6799 1.81225
12 -16.7069 1.81519
12.08 -16.6417 1.80812
12.16 -16.4792 1.79048
12.24 -16.2151 1.7618
12.32 -15.8459 1.7217
12.4 -15.369 1.6699
12.48 -14.7832 1.60626
12.56 -14.088 1.53075
12.64 -13.2846 1.44347
12.72 -12.3754 1.34469
12.8 -11.364 1.23482
12.88 -10.2558 1.11442
12.96 -9.05732 0.984219
13.04 -7.77681 0.8451
13.12 -6.42382 0.698104
13.2 -5.00932 0.544424
13.28 -3.54561 0.385396
13.36 -2.04622 0.222489
13.44 -0.525763 0.0572908
13.52 1 -0.108485
