0 0 0
0.08 3.94837e-76 -5.15303e-83
0.16 1.04643e-70 -3.96383e-76
0.24 2.02013e-66 -3.56473e-71
0.32 7.04991e-63 -3.17994e-67
0.4 8.00385e-60 -7.28512e-64
0.48 3.77432e-57 -5.96176e-61
0.56 8.99537e-55 -1.43924e-58
0.64 1.22963e-52 -2.30533e-56
0.72 9.11029e-51 -2.46784e-54
0.8 4.68219e-49 -1.75433e-52
0.88 1.77572e-47 -8.88668e-51
0.96 5.17602e-46 -3.36552e-49
1.04 1.19828e-44 -9.88676e-48
1.12 2.26407e-43 -2.32222e-46
1.2 3.57213e-42 -4.47356e-45
1.28 4.79826e-41 -7.22217e-44
1.36 5.57886e-40 -9.95271e-43
1.44 5.6949e-39 -1.18942e-41
1.52 5.16711e-38 -1.24963e-40
1.6 4.21185e-37 -1.16796e-39
1.68 3.11331e-36 -9.81226e-39
1.76 2.10409e-35 -7.47743e-38
1.84 1.30962e-34 -5.21018e-37
1.92 7.55541e-34 -3.34308e-36
2 4.06333e-33 -1.98779e-35
2.08 2.04756e-32 -1.10144e-34
2.16 9.71197e-32 -5.71625e-34
2.24 4.35397e-31 -2.79116e-33
2.32 1.85176e-30 -1.28753e-32
2.4 7.49666e-30 -5.63173e-32
2.48 2.89776e-29 -2.34367e-31
2.56 1.07246e-28 -9.30801e-31
2.64 3.81003e-28 -3.55933e-30
2.72 1.30518e-27 -1.30119e-29
2.8 4.31076e-27 -4.57258e-29
2.88 1.37524e-26 -1.55167e-28
2.96 4.24568e-26 -5.08383e-28
3.04 1.2706e-25 -1.61104e-27
3.12 3.69201e-25 -4.94689e-27
3.2 1.04317e-24 -1.47433e-26
3.28 2.87002e-24 -4.27138e-26
3.36 7.69882e-24 -1.2047e-25
3.44 2.01602e-23 -3.31214e-25
3.52 5.15932e-23 -8.88765e-25
3.6 1.29175e-22 -2.33028e-24
3.68 3.16727e-22 -5.97619e-24
3.76 7.61232e-22 -1.50057e-23
3.84 1.79496e-21 -3.6922e-23
3.92 4.15581e-21 -8.90972e-23
4 9.45478e-21 -2.11017e-22
4.08 2.11521e-20 -4.90842e-22
4.16 4.65646e-20 -1.12205e-21
4.24 1.00932e-19 -2.52219e-21
4.32 2.15544e-19 -5.57796e-21
4.4 4.53745e-19 -1.21429e-20
4.48 9.42071e-19 -2.60331e-20
4.56 1.93003e-18 -5.49889e-20
4.64 3.90349e-18 -1.14487e-19
4.72 7.79718e-18 -2.35041e-19
4.8 1.53884e-17 -4.76002e-19
4.88 3.00186e-17 -9.51294e-19
4.96 5.79005e-17 -1.87682e-18
5.04 1.10464e-16 -3.65672e-18
5.12 2.08519e-16 -7.03844e-18
5.2 3.89574e-16 -1.33884e-17
5.28 7.20581e-16 -2.51768e-17
5.36 1.31991e-15 -4.68208e-17
5.44 2.39492e-15 -8.61368e-17
5.52 4.3056e-15 -1.56817e-16
5.6 7.67143e-15 -2.82612e-16
5.68 1.35494e-14 -5.04331e-16
5.76 2.37281e-14 -8.91457e-16
5.84 4.12094e-14 -1.56125e-15
5.92 7.09923e-14 -2.70989e-15
6 1.21336e-13 -4.66291e-15
6.08 2.05788e-13 -7.95612e-15
6.16 3.46398e-13 -1.34646e-14
6.24 5.7881e-13 -2.26065e-14
6.32 9.60228e-13 -3.76639e-14
6.4 1.58183e-12 -6.22814e-14
6.48 2.588e-12 -1.02241e-13
6.56 4.20584e-12 -1.66651e-13
6.64 6.79027e-12 -2.69769e-13
6.72 1.08926e-11 -4.33764e-13
6.8 1.73637e-11 -6.92894e-13
6.88 2.75095e-11 -1.09977e-12
6.96 4.33215e-11 -1.73471e-12
7.04 6.78204e-11 -2.7196e-12
7.12 1.05562e-10 -4.23837e-12
7.2 1.63377e-10 -6.567e-12
7.28 2.51456e-10 -1.01173e-11
7.36 3.8492e-10 -1.55007e-11
7.44 5.86083e-10 -2.36196e-11
7.52 8.87717e-10 -3.57997e-11
7.6 1.3377e-09 -5.39786e-11
7.68 2.00564e-09 -8.09736e-11
7.76 2.99227e-09 -1.20862e-10
7.84 4.44261e-09 -1.79516e-10
7.92 6.56455e-09 -2.65354e-10
8 9.65468e-09 -3.90386e-10
8.08 1.41343e-08 -5.71675e-10
8.16 2.0599e-08 -8.3335e-10
8.24 2.98875e-08 -1.20938e-09
8.32 4.31754e-08 -1.7474e-09
8.4 6.21041e-08 -2.5139e-09
8.48 8.89551e-08 -3.60132e-09
8.56 1.26887e-07 -5.13765e-09
8.64 1.80258e-07 -7.29942e-09
8.72 2.55049e-07 -1.03291e-08
8.8 3.59448e-07 -1.45583e-08
8.88 5.04614e-07 -2.04394e-08
8.96 7.05698e-07 -2.85862e-08
9.04 9.83196e-07 -3.98293e-08
9.12 1.36473e-06 -5.52883e-08
9.2 1.88741e-06 -7.64666e-08
9.28 2.60088e-06 -1.05376e-07
9.36 3.57134e-06 -1.447e-07
9.44 4.88676e-06 -1.98003e-07
9.52 6.66366e-06 -2.70007e-07
9.6 9.0558e-06 -3.66944e-07
9.68 1.22655e-05 -4.97011e-07
9.76 1.65579e-05 -6.70957e-07
9.84 2.22797e-05 -9.02828e-07
9.92 2.98823e-05 -1.21092e-06
10 3.99521e-05 -1.619e-06
10.08 5.32481e-05 -2.15782e-06
10.16 7.07496e-05 -2.86709e-06
10.24 9.37169e-05 -3.79785e-06
10.32 0.000123766 -5.01563e-06
10.4 0.000162964 -6.60418e-06
10.48 0.000213947 -8.6703e-06
10.56 0.000280064 -1.13498e-05
10.64 0.000365562 -1.48147e-05
10.72 0.000475809 -1.92827e-05
10.8 0.000617572 -2.50278e-05
10.88 0.000799353 -3.23948e-05
10.96 0.00103181 -4.18156e-05
11.04 0.00132827 -5.38299e-05
11.12 0.00170532 -6.91109e-05
11.2 0.00218362 -8.84949e-05
11.28 0.00278876 -0.000113019
11.36 0.00355237 -0.000143966
11.44 0.00451347 -0.000182917
11.52 0.00572007 -0.000231816
11.6 0.00723104 -0.000293051
11.68 0.00911842 -0.000369541
11.76 0.0114701 -0.00046485
11.84 0.0143933 -0.000583315
11.92 0.0180178 -0.000730206
12 0.0225011 -0.000911902
12.08 0.0280335 -0.00113612
12.16 0.0348443 -0.00141214
12.24 0.0432092 -0.00175114
12.32 0.0534588 -0.00216653
12.4 0.0659887 -0.00267433
12.48 0.0812711 -0.00329368
12.56 0.0998682 -0.00404736
12.64 0.122448 -0.00496245
12.72 0.149801 -0.006071
12.8 0.182864 -0.00741094
12.88 0.22274 -0.00902698
12.96 0.270726 -0.0109717
13.04 0.328347 -0.0133069
13.12 0.397386 -0.0161049
13.2 0.47993 -0.0194501
13.28 0.578407 -0.0234411
13.36 0.695643 -0.0281924
13.44 0.834917 -0.0338367
13.52 1 -0.0405271
