0 -0 -0
0.08 -2.69348e-14 1.57361e-20
0.16 -6.36492e-12 4.40806e-16
0.24 -1.87568e-10 5.3199e-14
0.32 -2.28081e-09 1.46281e-12
0.4 -1.63807e-08 1.87413e-11
0.48 -8.31521e-08 1.49836e-10
0.56 -3.28099e-07 8.45858e-10
0.64 -1.0748e-06 3.74625e-09
0.72 -3.05177e-06 1.38245e-08
0.8 -7.7365e-06 4.41272e-08
0.88 -1.78859e-05 1.25331e-07
0.96 -3.83053e-05 3.23365e-07
1.04 -7.6908e-05 7.6978e-07
1.12 -0.000146109 1.71111e-06
1.2 -0.00026459 3.58525e-06
1.28 -0.000459448 7.13462e-06
1.36 -0.000768729 1.35675e-05
1.44 -0.00124431 2.47805e-05
1.52 -0.0019551 4.36551e-05
1.6 -0.0029904 7.44436e-05
1.68 -0.00446337 0.000123256
1.76 -0.00651446 0.000198659
1.84 -0.00931454 0.000312398
1.92 -0.0130676 0.000480241
2 -0.0180129 0.000722951
2.08 -0.0244258 0.00106736
2.16 -0.0326184 0.00154757
2.24 -0.0429378 0.00220616
2.32 -0.0557634 0.0030955
2.4 -0.0715026 0.00427901
2.48 -0.0905843 0.00583231
2.56 -0.113451 0.00784426
2.64 -0.140549 0.0104177
2.72 -0.172313 0.0136701
2.8 -0.20916 0.0177331
2.88 -0.251463 0.0227523
2.96 -0.299544 0.0288862
3.04 -0.353647 0.0363036
3.12 -0.413926 0.0451812
3.2 -0.480422 0.0556996
3.28 -0.553045 0.0680385
3.36 -0.631556 0.0823709
3.44 -0.715555 0.0988562
3.52 -0.804463 0.117633
3.6 -0.897517 0.138809
3.68 -0.993766 0.162455
3.76 -1.09207 0.188593
3.84 -1.19111 0.217191
3.92 -1.28939 0.248148
4 -1.38527 0.281293
4.08 -1.47699 0.316376
4.16 -1.56269 0.353061
4.24 -1.64045 0.390929
4.32 -1.70834 0.429472
4.4 -1.76443 0.4681
4.48 -1.80691 0.506148
4.56 -1.83405 0.542882
4.64 -1.8443 0.577516
4.72 -1.83632 0.609225
4.8 -1.80903 0.637157
4.88 -1.76164 0.660464
4.96 -1.69369 0.678319
5.04 -1.60506 0.689944
5.12 -1.49603 0.694626
5.2 -1.36727 0.691751
5.28 -1.21984 0.680816
5.36 -1.05522 0.661461
5.44 -0.875274 0.633475
5.52 -0.682249 0.59682
5.6 -0.478739 0.551638
5.68 -0.267653 0.498259
5.76 -0.052174 0.437202
5.84 0.164297 0.369174
5.92 0.378198 0.295062
6 0.585873 0.215922
6.08 0.783645 0.132962
6.16 0.967887 0.0475218
6.24 1.1351 -0.0389514
6.32 1.28201 -0.124932
6.4 1.40561 -0.208846
6.48 1.50328 -0.289107
6.56 1.5728 -0.364146
6.64 1.61247 -0.432452
6.72 1.62115 -0.492606
6.8 1.59828 -0.543318
6.88 1.54392 -0.583455
6.96 1.45881 -0.612079
7.04 1.34431 -0.628467
7.12 1.20246 -0.63214
7.2 1.03588 -0.622878
7.28 0.847795 -0.600733
7.36 0.641943 -0.566036
7.44 0.422516 -0.519395
7.52 0.194076 -0.461695
7.6 -0.0385395 -0.394074
7.68 -0.27032 -0.317913
7.76 -0.496194 -0.234806
7.84 -0.711144 -0.146525
7.92 -0.910322 -0.0549903
8 -1.08917 0.0377799
8.08 -1.24352 0.129708
8.16 -1.36973 0.218709
8.24 -1.46474 0.302736
8.32 -1.52618 0.379832
8.4 -1.55243 0.448178
8.48 -1.54269 0.506139
8.56 -1.49697 0.552302
8.64 -1.41616 0.585523
8.72 -1.30198 0.604949
8.8 -1.15696 0.610049
8.88 -0.984398 0.600631
8.96 -0.788297 0.576849
9.04 -0.573257 0.539209
9.12 -0.344385 0.488555
9.2 -0.107167 0.426059
9.28 0.132657 0.353192
9.36 0.369234 0.271692
9.44 0.596745 0.183525
9.52 0.809548 0.0908362
9.6 1.00233 -0.00409805
9.68 1.17022 -0.0989297
9.76 1.30896 -0.191296
9.84 1.41497 -0.278879
9.92 1.48548 -0.359465
10 1.51861 -0.431004
10.08 1.51339 -0.49166
10.16 1.46984 -0.539862
10.24 1.38895 -0.574349
10.32 1.27266 -0.5942
10.4 1.12386 -0.598866
10.48 0.946254 -0.588184
10.56 0.744333 -0.562387
10.64 0.523235 -0.5221
10.72 0.288621 -0.468324
10.8 0.0465338 -0.402418
10.88 -0.196759 -0.326064
10.96 -0.434928 -0.241223
11.04 -0.661746 -0.150089
11.12 -0.871255 -0.0550302
11.2 -1.05792 0.0414698
11.28 -1.2168 0.13688
11.36 -1.34364 0.228685
11.44 -1.43502 0.314455
11.52 -1.48847 0.391911
11.6 -1.50248 0.458984
11.68 -1.47661 0.513873
11.76 -1.41146 0.555093
11.84 -1.30871 0.581522
11.92 -1.17101 0.592425
12 -1.002 0.587484
12.08 -0.806144 0.566802
12.16 -0.588651 0.530907
12.24 -0.355333 0.480738
12.32 -0.112447 0.417623
12.4 0.13347 0.343243
12.48 0.37578 0.259589
12.56 0.607918 0.168912
12.64 0.823579 0.0736563
12.72 1.01688 -0.0235977
12.8 1.18254 -0.12021
12.88 1.31601 -0.213548
12.96 1.41359 -0.301064
13.04 1.47258 -0.38036
13.12 1.49132 -0.449258
13.2 1.46922 -0.505856
13.28 1.40686 -0.548587
13.36 1.30588 -0.576261
13.44 1.16901 -0.588098
13.52 1 -0.583754
