0 -0 -0
0.08 -1.61426e-39 3.9801e-46
0.16 -1.96273e-35 1.50003e-40
0.24 -1.23785e-32 5.77748e-37
0.32 -2.08291e-30 2.47871e-34
0.4 -1.48874e-28 3.46616e-32
0.48 -5.70906e-27 2.27918e-30
0.56 -1.36137e-25 8.51148e-29
0.64 -2.23521e-24 2.0427e-27
0.72 -2.7197e-23 3.44378e-26
0.8 -2.58993e-22 4.35743e-25
0.88 -2.01201e-21 4.35047e-24
0.96 -1.31673e-20 3.56204e-23
1.04 -7.4453e-20 2.46505e-22
1.12 -3.71171e-19 1.47684e-21
1.2 -1.65843e-18 7.80927e-21
1.28 -6.7313e-18 3.7026e-20
1.36 -2.51589e-17 1.6057e-19
1.44 -8.71542e-17 6.36362e-19
1.52 -2.82039e-16 2.33548e-18
1.6 -8.58468e-16 8.01664e-18
1.68 -2.47219e-15 2.58541e-17
1.76 -6.76989e-15 7.87923e-17
1.84 -1.77067e-14 2.28074e-16
1.92 -4.44038e-14 6.29851e-16
2 -1.07127e-13 1.66595e-15
2.08 -2.4939e-13 4.2348e-15
2.16 -5.61703e-13 1.03768e-14
2.24 -1.22692e-12 2.45761e-14
2.32 -2.60452e-12 5.6393e-14
2.4 -5.38356e-12 1.25639e-13
2.48 -1.0854e-11 2.723e-13
2.56 -2.13776e-11 5.75095e-13
2.64 -4.11902e-11 1.18544e-12
2.72 -7.77406e-11 2.38822e-12
2.8 -1.43889e-10 4.70848e-12
2.88 -2.61452e-10 9.09495e-12
2.96 -4.66837e-10 1.72302e-11
3.04 -8.19842e-10 3.20453e-11
3.12 -1.41723e-09 5.856e-11
3.2 -2.41333e-09 1.05232e-10
3.28 -4.05098e-09 1.86089e-10
3.36 -6.70723e-09 3.2405e-10
3.44 -1.09602e-08 5.56015e-10
3.52 -1.76856e-08 9.40571e-10
3.6 -2.81946e-08 1.56948e-09
3.68 -4.44282e-08 2.58459e-09
3.76 -6.92292e-08 4.20241e-09
3.84 -1.06717e-07 6.74929e-09
3.92 -1.62804e-07 1.07114e-08
4 -2.45888e-07 1.68045e-08
4.08 -3.67793e-07 2.60707e-08
4.16 -5.45014e-07 4.00103e-08
4.24 -8.00361e-07 6.07607e-08
4.32 -1.16511e-06 9.13349e-08
4.4 -1.68183e-06 1.35938e-07
4.48 -2.40792e-06 2.00381e-07
4.56 -3.42034e-06 2.92618e-07
4.64 -4.82134e-06 4.23435e-07
4.72 -6.74598e-06 6.07327e-07
4.8 -9.37129e-06 8.63602e-07
4.88 -1.29278e-05 1.21776e-06
4.96 -1.77139e-05 1.70323e-06
5.04 -2.4113e-05 2.36341e-06
5.12 -3.26149e-05 3.25432e-06
5.2 -4.38417e-05 4.44766e-06
5.28 -5.85785e-05 6.03454e-06
5.36 -7.78103e-05 8.13002e-06
5.44 -0.000102766 1.08783e-05
5.52 -0.00013497 1.44592e-05
5.6 -0.000176304 1.9095e-05
5.68 -0.000229074 2.50597e-05
5.76 -0.000296097 3.26881e-05
5.84 -0.000380791 4.23877e-05
5.92 -0.000487281 5.46511e-05
6 -0.000620525 7.0071e-05
6.08 -0.000786447 8.93564e-05
6.16 -0.000992088 0.000113351
6.24 -0.00124578 0.000143054
6.32 -0.00155732 0.00017964
6.4 -0.00193819 0.000224489
6.48 -0.00240176 0.000279206
6.56 -0.00296355 0.000345654
6.64 -0.00364143 0.000425982
6.72 -0.00445595 0.000522658
6.8 -0.00543053 0.000638499
6.88 -0.00659183 0.000776708
6.96 -0.00796996 0.000940906
7.04 -0.0095988 0.00113517
7.12 -0.0115162 0.00136405
7.2 -0.0137645 0.00163262
7.28 -0.0163902 0.00194649
7.36 -0.0194449 0.00231186
7.44 -0.0229847 0.00273548
7.52 -0.0270709 0.00322472
7.6 -0.0317699 0.00378754
7.68 -0.0371527 0.00443252
7.76 -0.0432957 0.00516881
7.84 -0.0502793 0.0060061
7.92 -0.0581887 0.00695462
8 -0.0671126 0.00802504
8.08 -0.077143 0.00922841
8.16 -0.0883742 0.0105761
8.24 -0.100902 0.0120796
8.32 -0.114823 0.0137506
8.4 -0.130233 0.0156004
8.48 -0.147224 0.0176404
8.56 -0.165886 0.0198811
8.64 -0.186303 0.0223327
8.72 -0.208549 0.0250043
8.8 -0.232691 0.0279037
8.88 -0.258782 0.0310374
8.96 -0.286862 0.0344103
9.04 -0.316953 0.0380248
9.12 -0.349058 0.0418815
9.2 -0.383157 0.0459779
9.28 -0.419206 0.0503088
9.36 -0.457134 0.0548656
9.44 -0.496841 0.0596363
9.52 -0.538194 0.064605
9.6 -0.581028 0.0697519
9.68 -0.625141 0.0750527
9.76 -0.670297 0.0804791
9.84 -0.716222 0.0859979
9.92 -0.762601 0.0915717
10 -0.809087 0.0971586
10.08 -0.855293 0.102712
10.16 -0.900798 0.108182
10.24 -0.945148 0.113513
10.32 -0.987858 0.118647
10.4 -1.02842 0.123523
10.48 -1.0663 0.128078
10.56 -1.10095 0.132244
10.64 -1.13181 0.135956
10.72 -1.15832 0.139145
10.8 -1.17993 0.141745
10.88 -1.19608 0.14369
10.96 -1.20625 0.144916
11.04 -1.20994 0.145365
11.12 -1.20671 0.144981
11.2 -1.19613 0.143715
11.28 -1.17788 0.141527
11.36 -1.15165 0.13838
11.44 -1.11725 0.134253
11.52 -1.07457 0.129129
11.6 -1.02357 0.123006
11.68 -0.964338 0.115894
11.76 -0.897052 0.107813
11.84 -0.822008 0.098801
11.92 -0.739616 0.0889052
12 -0.6504 0.0781892
12.08 -0.555001 0.0667299
12.16 -0.454175 0.0546181
12.24 -0.348786 0.0419575
12.32 -0.239801 0.0288644
12.4 -0.128282 0.0154663
12.48 -0.015379 0.00190129
12.56 0.0976902 -0.0116843
12.64 0.209648 -0.0251369
12.72 0.319175 -0.0382981
12.8 0.42493 -0.0510066
12.88 0.525564 -0.0631005
12.96 0.619748 -0.07442
13.04 0.706188 -0.0848095
13.12 0.78365 -0.0941209
13.2 0.850982 -0.102216
13.28 0.907135 -0.108967
13.36 0.951182 -0.114265
13.44 0.982344 -0.118015
13.52 1 -0.120142
