0 0 0
0.08 9.71266e-63 -1.56161e-69
0.16 9.29769e-58 -9.17481e-63
0.24 6.69368e-54 -2.66558e-58
0.32 9.21194e-51 -8.63882e-55
0.4 4.27913e-48 -4.4369e-52
0.48 6.88198e-46 -1.18679e-49
0.56 6.0993e-44 -1.62819e-47
0.64 3.40117e-42 -1.33039e-45
0.72 1.29499e-40 -7.12317e-44
0.8 3.57923e-39 -2.67338e-42
0.88 7.53437e-38 -7.41299e-41
0.96 1.25518e-36 -1.58466e-39
1.04 1.70721e-35 -2.70392e-38
1.12 1.9449e-34 -3.79e-37
1.2 1.89563e-33 -4.46927e-36
1.28 1.60908e-32 -4.52351e-35
1.36 1.20753e-31 -3.99658e-34
1.44 8.11456e-31 -3.12688e-33
1.52 4.93676e-30 -2.19321e-32
1.6 2.74498e-29 -1.39378e-31
1.68 1.40644e-28 -8.09899e-31
1.76 6.68811e-28 -4.33773e-30
1.84 2.97042e-27 -2.15638e-29
1.92 1.23901e-26 -1.00113e-28
2 4.87761e-26 -4.36438e-28
2.08 1.82018e-25 -1.7952e-27
2.16 6.46387e-25 -7.04065e-27
2.24 2.19655e-24 -2.61635e-26
2.32 7.14975e-24 -9.27494e-26
2.4 2.23523e-23 -3.15361e-25
2.48 6.72919e-23 -1.02909e-24
2.56 1.9554e-22 -3.23078e-24
2.64 5.49636e-22 -9.78141e-24
2.72 1.49737e-21 -2.86199e-23
2.8 3.96067e-21 -8.10881e-23
2.88 1.01883e-20 -2.22862e-22
2.96 2.55257e-20 -5.95123e-22
3.04 6.23714e-20 -1.54635e-21
3.12 1.48824e-19 -3.9149e-21
3.2 3.47168e-19 -9.66898e-21
3.28 7.92589e-19 -2.33227e-20
3.36 1.77266e-18 -5.50004e-20
3.44 3.88747e-18 -1.26929e-19
3.52 8.36639e-18 -2.86912e-19
3.6 1.76841e-17 -6.35753e-19
3.68 3.67382e-17 -1.38202e-18
3.76 7.50658e-17 -2.94946e-18
3.84 1.50951e-16 -6.18394e-18
3.92 2.98928e-16 -1.27455e-17
4 5.83282e-16 -2.58394e-17
4.08 1.12205e-15 -5.15566e-17
4.16 2.12906e-15 -1.01297e-16
4.24 3.98676e-15 -1.96086e-16
4.32 7.37076e-15 -3.74144e-16
4.4 1.34604e-14 -7.0401e-16
4.48 2.42906e-14 -1.30695e-15
4.56 4.33343e-14 -2.39477e-15
4.64 7.64549e-14 -4.33281e-15
4.72 1.3345e-13 -7.74373e-15
4.8 2.3053e-13 -1.36763e-14
4.88 3.9425e-13 -2.38774e-14
4.96 6.67718e-13 -4.12248e-14
5.04 1.12027e-12 -7.041e-14
5.12 1.86246e-12 -1.19004e-13
5.2 3.06907e-12 -1.99104e-13
5.28 5.0141e-12 -3.29863e-13
5.36 8.12374e-12 -5.41321e-13
5.44 1.30557e-11 -8.80187e-13
5.52 2.08172e-11 -1.41848e-12
5.6 3.29397e-11 -2.26631e-12
5.68 5.17345e-11 -3.59076e-12
5.76 8.06658e-11 -5.64335e-12
5.84 1.24891e-10 -8.8e-12
5.92 1.92036e-10 -1.36185e-11
6 2.93305e-10 -2.09207e-11
6.08 4.45054e-10 -3.19097e-11
6.16 6.71016e-10 -4.83349e-11
6.24 1.00541e-09 -7.27241e-11
6.32 1.49731e-09 -1.08707e-10
6.4 2.21665e-09 -1.61466e-10
6.48 3.26254e-09 -2.38355e-10
6.56 4.77469e-09 -3.49749e-10
6.64 6.94897e-09 -5.1021e-10
6.72 1.00585e-08 -7.40057e-10
6.8 1.44821e-08 -1.0675e-09
6.88 2.07427e-08 -1.5315e-09
6.96 2.95584e-08 -2.18559e-09
7.04 4.19106e-08 -3.10294e-09
7.12 5.91339e-08 -4.38314e-09
7.2 8.30348e-08 -6.16102e-09
7.28 1.16047e-07 -8.61829e-09
7.36 1.61436e-07 -1.19987e-08
7.44 2.23561e-07 -1.6628e-08
7.52 3.08216e-07 -2.29388e-08
7.6 4.23071e-07 -3.15045e-08
7.68 5.78235e-07 -4.30803e-08
7.76 7.86978e-07 -5.8658e-08
7.84 1.06664e-06 -7.95339e-08
7.92 1.4398e-06 -1.07396e-07
8 1.93574e-06 -1.44432e-07
8.08 2.59225e-06 -1.93468e-07
8.16 3.45799e-06 -2.58143e-07
8.24 4.59528e-06 -3.43115e-07
8.32 6.08371e-06 -4.54337e-07
8.4 8.02453e-06 -5.99379e-07
8.48 1.0546e-05 -7.87834e-07
8.56 1.38102e-05 -1.03182e-06
8.64 1.8021e-05 -1.34658e-06
8.72 2.34338e-05 -1.75122e-06
8.8 3.03682e-05 -2.26963e-06
8.88 3.92215e-05 -2.93154e-06
8.96 5.04872e-05 -3.77384e-06
9.04 6.47754e-05 -4.84216e-06
9.12 8.28379e-05 -6.19274e-06
9.2 0.000105598 -7.89464e-06
9.28 0.000134188 -1.00324e-05
9.36 0.000169986 -1.27094e-05
9.44 0.000214672 -1.6051e-05
9.52 0.000270281 -2.02095e-05
9.6 0.000339275 -2.5369e-05
9.68 0.000424618 -3.17512e-05
9.76 0.000529871 -3.96224e-05
9.84 0.000659298 -4.93015e-05
9.92 0.00081799 -6.11694e-05
10 0.001012 -7.5679e-05
10.08 0.00124853 -9.33678e-05
10.16 0.00153607 -0.000114872
10.24 0.00188464 -0.000140941
10.32 0.00230604 -0.000172456
10.4 0.00281408 -0.000210451
10.48 0.0034249 -0.000256134
10.56 0.00415733 -0.000310911
10.64 0.00503322 -0.000376418
10.72 0.00607788 -0.000454547
10.8 0.00732056 -0.000547485
10.88 0.00879491 -0.000657751
10.96 0.0105396 -0.000788233
11.04 0.0125988 -0.000942239
11.12 0.015023 -0.00112354
11.2 0.0178696 -0.00133644
11.28 0.0212037 -0.0015858
11.36 0.025099 -0.00187713
11.44 0.0296385 -0.00221663
11.52 0.0349154 -0.00261129
11.6 0.0410342 -0.00306892
11.68 0.0481118 -0.00359825
11.76 0.056278 -0.004209
11.84 0.0656771 -0.00491195
11.92 0.0764685 -0.00571905
12 0.0888282 -0.00664343
12.08 0.102949 -0.00769955
12.16 0.119044 -0.00890324
12.24 0.137342 -0.0102718
12.32 0.158095 -0.0118239
12.4 0.181575 -0.01358
12.48 0.208076 -0.015562
12.56 0.237913 -0.0177935
12.64 0.271423 -0.0202997
12.72 0.308967 -0.0231076
12.8 0.350926 -0.0262458
12.88 0.397706 -0.0297444
12.96 0.44973 -0.0336353
13.04 0.507442 -0.0379516
13.12 0.571306 -0.0427279
13.2 0.641798 -0.0480001
13.28 0.71941 -0.0538047
13.36 0.804644 -0.0601794
13.44 0.898008 -0.0671621
13.52 1 -0.0747901
