0 0 0
0.08 2.35005e-102 -2.19064e-109
0.16 3.25454e-96 -5.33789e-102
0.24 3.17077e-91 -2.56675e-96
0.32 5.20287e-87 -1.113e-91
0.4 2.67985e-83 -1.1878e-87
0.48 5.36482e-80 -4.20978e-84
0.56 5.15914e-77 -6.48954e-81
0.64 2.68524e-74 -5.0341e-78
0.72 8.35174e-72 -2.21061e-75
0.8 1.67057e-69 -5.98412e-73
0.88 2.27971e-67 -1.06827e-70
0.96 2.22615e-65 -1.3272e-68
1.04 1.6181e-63 -1.19918e-66
1.12 9.04787e-62 -6.52027e-65
1.2 4.00211e-60 -2.9346e-63
1.28 1.31464e-58 -1.10276e-61
1.36 3.59848e-57 -3.46107e-60
1.44 8.37833e-56 -9.21983e-59
1.52 1.6828e-54 -2.11139e-57
1.6 2.95156e-53 -4.20404e-56
1.68 4.56997e-52 -7.35324e-55
1.76 6.3067e-51 -1.14045e-53
1.84 7.82443e-50 -1.58184e-52
1.92 8.79454e-49 -1.97749e-51
2 9.0177e-48 -2.2439e-50
2.08 8.48824e-47 -2.32611e-49
2.16 7.37628e-46 -2.21588e-48
2.24 5.9482e-45 -1.95025e-47
2.32 4.4719e-44 -1.59367e-46
2.4 3.14781e-43 -1.21461e-45
2.48 2.08271e-42 -8.66976e-45
2.56 1.29989e-41 -5.81804e-44
2.64 7.67839e-41 -3.68371e-43
2.72 4.3056e-40 -2.20779e-42
2.8 2.29834e-39 -1.25637e-41
2.88 1.17094e-38 -6.80759e-41
2.96 5.70747e-38 -3.52155e-40
3.04 2.66752e-37 -1.74343e-39
3.12 1.19793e-36 -8.27944e-39
3.2 5.17918e-36 -3.77963e-38
3.28 2.15965e-35 -1.66193e-37
3.36 8.70041e-35 -7.05171e-37
3.44 3.39172e-34 -2.89225e-36
3.52 1.28137e-33 -1.14849e-35
3.6 4.69794e-33 -4.42181e-35
3.68 1.67377e-32 -1.65289e-34
3.76 5.80197e-32 -6.04131e-34
3.84 1.96345e-31 -2.14193e-33
3.92 6.47942e-31 -7.39497e-33
4 2.08686e-30 -2.4941e-32
4.08 6.56617e-30 -8.20788e-32
4.16 2.02017e-29 -2.63744e-31
4.24 6.08272e-29 -8.28141e-31
4.32 1.79388e-28 -2.54285e-30
4.4 5.18568e-28 -7.64064e-30
4.48 1.47044e-27 -2.24811e-29
4.56 4.09273e-27 -6.48112e-29
4.64 1.11887e-26 -1.83184e-28
4.72 3.00615e-26 -5.07895e-28
4.8 7.94237e-26 -1.38214e-27
4.88 2.0646e-25 -3.6936e-27
4.96 5.28309e-25 -9.69835e-27
5.04 1.33143e-24 -2.50333e-26
5.12 3.30618e-24 -6.35522e-26
5.2 8.09288e-24 -1.58763e-25
5.28 1.95357e-23 -3.90466e-25
5.36 4.65244e-23 -9.45892e-25
5.44 1.0935e-22 -2.25801e-24
5.52 2.53751e-22 -5.31413e-24
5.6 5.81557e-22 -1.23354e-23
5.68 1.3168e-21 -2.82538e-23
5.76 2.94667e-21 -6.38822e-23
5.84 6.51866e-21 -1.42639e-22
5.92 1.42603e-20 -3.14644e-22
6 3.08579e-20 -6.85933e-22
6.08 6.60678e-20 -1.47837e-21
6.16 1.39995e-19 -3.15112e-21
6.24 2.9366e-19 -6.64468e-21
6.32 6.09947e-19 -1.38657e-20
6.4 1.25475e-18 -2.86416e-20
6.48 2.55703e-18 -5.85819e-20
6.56 5.16328e-18 -1.18674e-19
6.64 1.03328e-17 -2.38171e-19
6.72 2.04974e-17 -4.73659e-19
6.8 4.0314e-17 -9.33661e-19
6.88 7.86269e-17 -1.82456e-18
6.96 1.52098e-16 -3.53559e-18
7.04 2.91872e-16 -6.79503e-18
7.12 5.55714e-16 -1.29548e-17
7.2 1.04996e-15 -2.45056e-17
7.28 1.9689e-15 -4.60011e-17
7.36 3.66502e-15 -8.57072e-17
7.44 6.77321e-15 -1.5852e-16
7.52 1.24291e-14 -2.91096e-16
7.6 2.26505e-14 -5.30813e-16
7.68 4.09983e-14 -9.61315e-16
7.76 7.37161e-14 -1.72929e-15
7.84 1.31681e-13 -3.09037e-15
7.92 2.33723e-13 -5.48718e-15
8 4.12243e-13 -9.68145e-15
8.08 7.22649e-13 -1.69761e-14
8.16 1.25914e-12 -2.95864e-14
8.24 2.18094e-12 -5.12572e-14
8.32 3.75562e-12 -8.82826e-14
8.4 6.43032e-12 -1.51182e-13
8.48 1.09482e-11 -2.57438e-13
8.56 1.85377e-11 -4.35953e-13
8.64 3.12184e-11 -7.3425e-13
8.72 5.2294e-11 -1.23006e-12
8.8 8.71398e-11 -2.04988e-12
8.88 1.44459e-10 -3.39852e-12
8.96 2.38272e-10 -5.60591e-12
9.04 3.91056e-10 -9.20104e-12
9.12 6.38671e-10 -1.50279e-11
9.2 1.03806e-09 -2.44266e-11
9.28 1.67924e-09 -3.95155e-11
9.36 2.7038e-09 -6.36274e-11
9.44 4.33354e-09 -1.01983e-10
9.52 6.91432e-09 -1.62721e-10
9.6 1.09831e-08 -2.58481e-10
9.68 1.73699e-08 -4.08799e-10
9.76 2.73526e-08 -6.4375e-10
9.84 4.28898e-08 -1.00944e-09
9.92 6.69719e-08 -1.57625e-09
10 1.04146e-07 -2.45119e-09
10.08 1.61297e-07 -3.79636e-09
10.16 2.48813e-07 -5.85622e-09
10.24 3.82302e-07 -8.99818e-09
10.32 5.8513e-07 -1.37722e-08
10.4 8.92139e-07 -2.09984e-08
10.48 1.3551e-06 -3.18953e-08
10.56 2.05065e-06 -4.82669e-08
10.64 3.09184e-06 -7.27739e-08
10.72 4.6448e-06 -1.09327e-07
10.8 6.95286e-06 -1.63653e-07
10.88 1.03712e-05 -2.44112e-07
10.96 1.54163e-05 -3.62863e-07
11.04 2.2837e-05 -5.37531e-07
11.12 3.37152e-05 -7.9358e-07
11.2 4.96089e-05 -1.16768e-06
11.28 7.27541e-05 -1.71247e-06
11.36 0.00010635 -2.50325e-06
11.44 0.00015496 -3.64743e-06
11.52 0.000225071 -5.2977e-06
11.6 0.000325878 -7.67048e-06
11.68 0.000470374 -1.10716e-05
11.76 0.00067686 -1.59319e-05
11.84 0.000971043 -2.28563e-05
11.92 0.00138892 -3.26924e-05
12 0.00198077 -4.66232e-05
12.08 0.00281657 -6.62962e-05
12.16 0.00399348 -9.39982e-05
12.24 0.00564601 -0.000132895
12.32 0.00795987 -0.000187359
12.4 0.0111907 -0.000263406
12.48 0.0156896 -0.0003693
12.56 0.021937 -0.000516353
12.64 0.0305895 -0.000720015
12.72 0.042541 -0.00100133
12.8 0.059006 -0.00138888
12.88 0.0816299 -0.0019214
12.96 0.112637 -0.00265123
13.04 0.155024 -0.00364895
13.12 0.212823 -0.00500942
13.2 0.291441 -0.00685992
13.28 0.398112 -0.00937074
13.36 0.542493 -0.0127692
13.44 0.737441 -0.0173579
13.52 1 -0.023538
