0 -0 -0
0.08 -1.13849e-34 3.08101e-41
0.16 -8.88502e-31 8.6937e-36
0.24 -3.90553e-28 2.22569e-32
0.32 -4.72793e-26 6.83373e-30
0.4 -2.50147e-24 7.06559e-28
0.48 -7.28972e-23 3.51579e-26
0.56 -1.35289e-21 1.01462e-24
0.64 -1.76623e-20 1.92038e-23
0.72 -1.74161e-19 2.6025e-22
0.8 -1.36676e-18 2.69332e-21
0.88 -8.8799e-18 2.23366e-20
0.96 -4.92346e-17 1.5401e-19
1.04 -2.38562e-16 9.08451e-19
1.12 -1.02946e-15 4.68896e-18
1.2 -4.01722e-15 2.17295e-17
1.28 -1.43827e-14 9.05187e-17
1.36 -4.76209e-14 3.44845e-16
1.44 -1.47074e-13 1.21647e-15
1.52 -4.2683e-13 3.99804e-15
1.6 -1.17132e-12 1.23311e-14
1.68 -3.0558e-12 3.59174e-14
1.76 -7.61407e-12 9.93355e-14
1.84 -1.81926e-11 2.62075e-13
1.92 -4.18295e-11 6.6226e-13
2 -9.28373e-11 1.60862e-12
2.08 -1.99434e-10 3.7675e-12
2.16 -4.15685e-10 8.5315e-12
2.24 -8.42471e-10 1.87254e-11
2.32 -1.66346e-09 3.99225e-11
2.4 -3.20544e-09 8.28386e-11
2.48 -6.03761e-09 1.67586e-10
2.56 -1.11316e-08 3.31065e-10
2.64 -2.0115e-08 6.39558e-10
2.72 -3.56665e-08 1.20975e-09
2.8 -6.2121e-08 2.24318e-09
2.88 -1.06383e-07 4.08174e-09
2.96 -1.79286e-07 7.29552e-09
3.04 -2.97583e-07 1.28196e-08
3.12 -4.86832e-07 2.21639e-08
3.2 -7.85513e-07 3.77299e-08
3.28 -1.25083e-06 6.32823e-08
3.36 -1.96682e-06 1.0464e-07
3.44 -3.05548e-06 1.70679e-07
3.52 -4.69197e-06 2.74757e-07
3.6 -7.12507e-06 4.36729e-07
3.68 -1.07044e-05 6.85744e-07
3.76 -1.59166e-05 1.06409e-06
3.84 -2.34322e-05 1.63239e-06
3.92 -3.41664e-05 2.47662e-06
4 -4.93578e-05 3.71734e-06
4.08 -7.06672e-05 5.52179e-06
4.16 -0.000100303 8.11962e-06
4.24 -0.00014118 1.18229e-05
4.32 -0.00019711 1.70514e-05
4.4 -0.000273045 2.43648e-05
4.48 -0.00037537 3.45015e-05
4.56 -0.000512257 4.84275e-05
4.64 -0.000694096 6.73947e-05
4.72 -0.000934002 9.30116e-05
4.8 -0.00124843 0.000127327
4.88 -0.00165788 0.00017293
4.96 -0.00218775 0.000233065
5.04 -0.0028693 0.000311765
5.12 -0.00374074 0.00041401
5.2 -0.00484858 0.000545899
5.28 -0.00624902 0.000714852
5.36 -0.00800961 0.000929835
5.44 -0.0102111 0.00120161
5.52 -0.0129493 0.001543
5.6 -0.0163377 0.00196921
5.68 -0.0205093 0.00249814
5.76 -0.0256198 0.00315076
5.84 -0.0318498 0.00395142
5.92 -0.0394082 0.00492835
6 -0.0485348 0.00611397
6.08 -0.0595038 0.00754535
6.16 -0.0726265 0.00926463
6.24 -0.0882548 0.0113195
6.32 -0.106784 0.0137633
6.4 -0.128654 0.016656
6.48 -0.154356 0.0200638
6.56 -0.184429 0.0240599
6.64 -0.219466 0.0287246
6.72 -0.260112 0.0341453
6.8 -0.307065 0.0404166
6.88 -0.361075 0.0476401
6.96 -0.422942 0.0559244
7.04 -0.493513 0.0653842
7.12 -0.573679 0.0761401
7.2 -0.664364 0.0883175
7.28 -0.766522 0.102046
7.36 -0.881126 0.117456
7.44 -1.00916 0.134683
7.52 -1.15158 0.153856
7.6 -1.30937 0.175107
7.68 -1.48341 0.198558
7.76 -1.67458 0.224325
7.84 -1.88365 0.252515
7.92 -2.11129 0.283218
8 -2.35804 0.31651
8.08 -2.62432 0.352444
8.16 -2.91032 0.39105
8.24 -3.21607 0.43233
8.32 -3.54134 0.476255
8.4 -3.88564 0.522759
8.48 -4.24822 0.571741
8.56 -4.62799 0.623053
8.64 -5.02354 0.676507
8.72 -5.4331 0.731865
8.8 -5.85454 0.788838
8.88 -6.28535 0.847087
8.96 -6.72263 0.906221
9.04 -7.1631 0.965797
9.12 -7.60308 1.02532
9.2 -8.03854 1.08424
9.28 -8.46509 1.14197
9.36 -8.87802 1.19787
9.44 -9.27235 1.25127
9.52 -9.64283 1.30146
9.6 -9.98404 1.34771
9.68 -10.2904 1.38926
9.76 -10.5564 1.42536
9.84 -10.7764 1.45525
9.92 -10.9448 1.4782
10 -11.0565 1.49348
10.08 -11.1065 1.50042
10.16 -11.09 1.49839
10.24 -11.003 1.48683
10.32 -10.8419 1.46527
10.4 -10.6039 1.43331
10.48 -10.2869 1.39068
10.56 -9.88967 1.3372
10.64 -9.41195 1.27284
10.72 -8.85452 1.1977
10.8 -8.21921 1.11203
10.88 -7.50902 1.01622
10.96 -6.72808 0.910844
11.04 -5.88172 0.796609
11.12 -4.97641 0.674392
11.2 -4.01979 0.545222
11.28 -3.02059 0.410276
11.36 -1.98857 0.270871
11.44 -0.934402 0.128451
11.52 0.13039 -0.0154305
11.6 1.19361 -0.159125
11.68 2.24254 -0.300914
11.76 3.26407 -0.439027
11.84 4.24496 -0.571673
11.92 5.17197 -0.697064
12 6.03214 -0.813446
12.08 6.81296 -0.919127
12.16 7.50261 -1.01251
12.24 8.0902 -1.09212
12.32 8.56598 -1.15663
12.4 8.92154 -1.20492
12.48 9.15002 -1.23603
12.56 9.24629 -1.24929
12.64 9.20709 -1.24425
12.72 9.03118 -1.22073
12.8 8.7194 -1.17885
12.88 8.27479 -1.119
12.96 7.70258 -1.04191
13.04 7.01017 -0.948548
13.12 6.20711 -0.840219
13.2 5.30498 -0.718479
13.28 4.31726 -0.585146
13.36 3.25914 -0.442274
13.44 2.14735 -0.292117
13.52 1 -0.137122
