0 0 0
0.08 9.47161e-22 -3.89308e-28
0.16 1.05498e-18 -3.07169e-23
0.24 9.86277e-17 -1.37497e-20
0.32 3.07874e-15 -1.04069e-18
0.4 4.90769e-14 -3.13009e-17
0.48 4.91587e-13 -5.12595e-16
0.56 3.51066e-12 -5.44248e-15
0.64 1.94168e-11 -4.18912e-14
0.72 8.80067e-11 -2.54593e-13
0.8 3.40946e-10 -1.26021e-12
0.88 1.15914e-09 -5.32376e-12
0.96 3.53568e-09 -1.97791e-11
1.04 9.84214e-09 -6.58303e-11
1.12 2.53372e-08 -1.99552e-10
1.2 6.09636e-08 -5.58216e-10
1.28 1.38272e-07 -1.45622e-09
1.36 2.97706e-07 -3.57303e-09
1.44 6.11999e-07 -8.30405e-09
1.52 1.20709e-06 -1.83877e-08
1.6 2.29372e-06 -3.89851e-08
1.68 4.21393e-06 -7.9475e-08
1.76 7.50747e-06 -1.56347e-07
1.84 1.30048e-05 -2.97735e-07
1.92 2.1954e-05 -5.50337e-07
2 3.6191e-05 -9.89737e-07
2.08 5.83629e-05 -1.73545e-06
2.16 9.22167e-05 -2.97239e-06
2.24 0.000142965 -4.98104e-06
2.32 0.000217744 -8.1788e-06
2.4 0.000326172 -1.31761e-05
2.48 0.000481036 -2.08507e-05
2.56 0.000699095 -3.24455e-05
2.64 0.00100204 -4.96941e-05
2.72 0.00141759 -7.498e-05
2.8 0.00198076 -0.000111536
2.88 0.00273525 -0.000163691
2.96 0.00373504 -0.000237165
3.04 0.00504599 -0.000339427
3.12 0.00674773 -0.000480108
3.2 0.00893537 -0.000671487
3.28 0.0117215 -0.000929034
3.36 0.0152377 -0.00127202
3.44 0.0196367 -0.00172416
3.52 0.0250933 -0.00231435
3.6 0.0318059 -0.00307736
3.68 0.0399973 -0.00405457
3.76 0.0499146 -0.00529468
3.84 0.0618293 -0.00685433
3.92 0.0760366 -0.00879864
4 0.0928528 -0.0112016
4.08 0.112614 -0.014146
4.16 0.135671 -0.017724
4.24 0.162388 -0.0220358
4.32 0.193134 -0.0271896
4.4 0.228279 -0.0333002
4.48 0.268184 -0.0404874
4.56 0.3132 -0.0488739
4.64 0.363651 -0.0585829
4.72 0.419828 -0.0697353
4.8 0.48198 -0.082446
4.88 0.550301 -0.0968204
4.96 0.624918 -0.11295
5.04 0.705881 -0.13091
5.12 0.793151 -0.150751
5.2 0.886586 -0.172499
5.28 0.985933 -0.19615
5.36 1.09081 -0.221665
5.44 1.20072 -0.248968
5.52 1.31501 -0.277939
5.6 1.43288 -0.30842
5.68 1.55339 -0.340203
5.76 1.67544 -0.373038
5.84 1.7978 -0.406627
5.92 1.91908 -0.440626
6 2.03776 -0.47465
6.08 2.15221 -0.50827
6.16 2.26068 -0.541024
6.24 2.36135 -0.572416
6.32 2.45235 -0.601925
6.4 2.53175 -0.629014
6.48 2.59765 -0.653133
6.56 2.64818 -0.673732
6.64 2.68154 -0.690274
6.72 2.69605 -0.702236
6.8 2.69018 -0.709132
6.88 2.66259 -0.710515
6.96 2.6122 -0.705992
7.04 2.53817 -0.69524
7.12 2.44001 -0.678007
7.2 2.31754 -0.654133
7.28 2.17097 -0.623549
7.36 2.00092 -0.586294
7.44 1.8084 -0.542517
7.52 1.59485 -0.49248
7.6 1.36215 -0.436565
7.68 1.11259 -0.375271
7.76 0.848847 -0.309214
7.84 0.573992 -0.23912
7.92 0.291431 -0.165822
8 0.00486715 -0.0902466
8.08 -0.281751 -0.0134021
8.16 -0.564291 0.0636339
8.24 -0.838509 0.139733
8.32 -1.10012 0.213734
8.4 -1.34487 0.284466
8.48 -1.56864 0.350766
8.56 -1.76752 0.411505
8.64 -1.93789 0.465611
8.72 -2.07648 0.51209
8.8 -2.18053 0.550053
8.88 -2.24775 0.578733
8.96 -2.27648 0.597507
9.04 -2.26571 0.605915
9.12 -2.2151 0.603675
9.2 -2.12507 0.590691
9.28 -1.99675 0.56707
9.36 -1.83205 0.533116
9.44 -1.63359 0.48934
9.52 -1.4047 0.436452
9.6 -1.14939 0.375351
9.68 -0.872228 0.307117
9.76 -0.578331 0.23299
9.84 -0.273237 0.15435
9.92 0.0371902 0.072695
10 0.346875 -0.0103917
10.08 0.649652 -0.0932695
10.16 0.93939 -0.174274
10.24 1.21013 -0.251754
10.32 1.4562 -0.324103
10.4 1.67238 -0.389797
10.48 1.85398 -0.447431
10.56 1.99696 -0.495746
10.64 2.09808 -0.533668
10.72 2.15491 -0.560325
10.8 2.16597 -0.57508
10.88 2.13073 -0.577542
10.96 2.04967 -0.567584
11.04 1.92426 -0.545346
11.12 1.75699 -0.511243
11.2 1.55127 -0.465953
11.28 1.31143 -0.410413
11.36 1.04258 -0.345795
11.44 0.750558 -0.27349
11.52 0.441766 -0.195075
11.6 0.12306 -0.11228
11.68 -0.198418 -0.0269524
11.76 -0.515392 0.0589844
11.84 -0.820622 0.143576
11.92 -1.10707 0.224882
12 -1.36808 0.301019
12.08 -1.59752 0.370209
12.16 -1.78993 0.430819
12.24 -1.9407 0.481406
12.32 -2.04613 0.520747
12.4 -2.10359 0.547877
12.48 -2.11153 0.562111
12.56 -2.06959 0.563065
12.64 -1.97858 0.55067
12.72 -1.8405 0.525172
12.8 -1.65847 0.487136
12.88 -1.43671 0.43743
12.96 -1.18043 0.37721
13.04 -0.895681 0.307896
13.12 -0.58927 0.231134
13.2 -0.268564 0.148764
13.28 0.058675 0.0627748
13.36 0.384477 -0.024746
13.44 0.700863 -0.11166
13.52 1 -0.195821
