0 0 0
0.08 1.87539e-93 -1.94426e-100
0.16 1.53867e-87 -3.31666e-93
0.24 8.96347e-83 -9.34212e-88
0.32 8.97353e-79 -2.44279e-83
0.4 2.84442e-75 -1.59063e-79
0.48 3.5726e-72 -3.5151e-76
0.56 2.1845e-69 -3.42621e-73
0.64 7.34983e-67 -1.70978e-70
0.72 1.50068e-64 -4.90672e-68
0.8 2.0016e-62 -8.81982e-66
0.88 1.8494e-60 -1.06186e-63
0.96 1.24118e-58 -7.03096e-62
1.04 6.29077e-57 -3.7187e-60
1.12 2.26519e-55 -1.58825e-58
1.2 6.60242e-54 -5.4829e-57
1.28 1.59892e-52 -1.56364e-55
1.36 3.27562e-51 -3.74732e-54
1.44 5.76502e-50 -7.65954e-53
1.52 8.83471e-49 -1.35312e-51
1.6 1.19289e-47 -2.09071e-50
1.68 1.43404e-46 -2.85566e-49
1.76 1.54912e-45 -3.48117e-48
1.84 1.51615e-44 -3.82017e-47
1.92 1.35434e-43 -3.80307e-46
2 1.11147e-42 -3.45863e-45
2.08 8.42999e-42 -2.89149e-44
2.16 5.94059e-41 -2.23492e-43
2.24 3.90846e-40 -1.60534e-42
2.32 2.41133e-39 -1.07668e-41
2.4 1.40061e-38 -6.77149e-41
2.48 7.68718e-38 -4.00929e-40
2.56 3.99992e-37 -2.24288e-39
2.64 1.97924e-36 -1.18945e-38
2.72 9.33955e-36 -5.99813e-38
2.8 4.21367e-35 -2.88437e-37
2.88 1.82198e-34 -1.32616e-36
2.96 7.56722e-34 -5.84396e-36
3.04 3.02507e-33 -2.47386e-35
3.12 1.1662e-32 -1.00813e-34
3.2 4.3434e-32 -3.96265e-34
3.28 1.5654e-31 -1.50513e-33
3.36 5.46817e-31 -5.56635e-33
3.44 1.85815e-30 -1.98909e-32
3.52 6.13706e-30 -6.89777e-32
3.6 1.97229e-29 -2.32979e-31
3.68 6.17497e-29 -7.65768e-31
3.76 1.88562e-28 -2.45182e-30
3.84 5.62205e-28 -7.65529e-30
3.92 1.63831e-27 -2.3332e-29
4 4.67058e-27 -6.94801e-29
4.08 1.30378e-26 -2.02328e-28
4.16 3.56664e-26 -5.76608e-28
4.24 9.56918e-26 -1.60933e-27
4.32 2.51982e-25 -4.4019e-27
4.4 6.51697e-25 -1.1807e-26
4.48 1.65647e-24 -3.10742e-26
4.56 4.14048e-24 -8.02904e-26
4.64 1.01834e-23 -2.0378e-25
4.72 2.46577e-23 -5.08293e-25
4.8 5.88097e-23 -1.24663e-24
4.88 1.38227e-22 -3.00775e-24
4.96 3.2032e-22 -7.14216e-24
5.04 7.32171e-22 -1.66993e-23
5.12 1.65142e-21 -3.84634e-23
5.2 3.67696e-21 -8.73109e-23
5.28 8.08483e-21 -1.95411e-22
5.36 1.75613e-20 -4.31398e-22
5.44 3.76962e-20 -9.39797e-22
5.52 7.99894e-20 -2.02114e-21
5.6 1.67841e-19 -4.29277e-21
5.68 3.48355e-19 -9.00794e-21
5.76 7.15369e-19 -1.8682e-20
5.84 1.45392e-18 -3.83077e-20
5.92 2.9253e-18 -7.76904e-20
6 5.82812e-18 -1.55888e-19
6.08 1.15006e-17 -3.09569e-19
6.16 2.24826e-17 -6.0861e-19
6.24 4.35518e-17 -1.1849e-18
6.32 8.36171e-17 -2.28514e-18
6.4 1.59149e-16 -4.36658e-18
6.48 3.00344e-16 -8.26957e-18
6.56 5.62117e-16 -1.55254e-17
6.64 1.04354e-15 -2.89014e-17
6.72 1.92196e-15 -5.33592e-17
6.8 3.51244e-15 -9.77253e-17
6.88 6.37057e-15 -1.77582e-16
6.96 1.14689e-14 -3.20235e-16
7.04 2.04979e-14 -5.73187e-16
7.12 3.63755e-14 -1.0185e-15
7.2 6.41039e-14 -1.79693e-15
7.28 1.12201e-13 -3.14833e-15
7.36 1.95079e-13 -5.4787e-15
7.44 3.36961e-13 -9.47077e-15
7.52 5.78316e-13 -1.62655e-14
7.6 9.86325e-13 -2.77577e-14
7.68 1.67185e-12 -4.70752e-14
7.76 2.81677e-12 -7.93501e-14
7.84 4.71771e-12 -1.32955e-13
7.92 7.8557e-12 -2.21469e-13
8 1.30065e-11 -3.66797e-13
8.08 2.14143e-11 -6.04073e-13
8.16 3.50639e-11 -9.89351e-13
8.24 5.71048e-11 -1.61159e-12
8.32 9.25087e-11 -2.61123e-12
8.4 1.49084e-10 -4.20887e-12
8.48 2.39034e-10 -6.74926e-12
8.56 3.81334e-10 -1.07685e-11
8.64 6.05349e-10 -1.70964e-11
8.72 9.56308e-10 -2.70109e-11
8.8 1.50355e-09 -4.24712e-11
8.88 2.35287e-09 -6.64673e-11
8.96 3.66501e-09 -1.03541e-10
9.04 5.68304e-09 -1.60562e-10
9.12 8.77296e-09 -2.47873e-10
9.2 1.34835e-08 -3.80983e-10
9.28 2.06339e-08 -5.83043e-10
9.36 3.14421e-08 -8.88474e-10
9.44 4.77112e-08 -1.34824e-09
9.52 7.21005e-08 -2.03749e-09
9.6 1.08515e-07 -3.0666e-09
9.68 1.62669e-07 -4.59706e-09
9.76 2.42889e-07 -6.8642e-09
9.84 3.61262e-07 -1.02097e-08
9.92 5.35272e-07 -1.51276e-08
10 7.90114e-07 -2.233e-08
10.08 1.16196e-06 -3.28393e-08
10.16 1.70254e-06 -4.81178e-08
10.24 2.48563e-06 -7.02502e-08
10.32 3.61599e-06 -1.02198e-07
10.4 5.24194e-06 -1.48153e-07
10.48 7.57272e-06 -2.14028e-07
10.56 1.09025e-05 -3.08139e-07
10.64 1.56436e-05 -4.42139e-07
10.72 2.23717e-05 -6.323e-07
10.8 3.18886e-05 -9.01283e-07
10.88 4.53069e-05 -1.28053e-06
10.96 6.41657e-05 -1.81355e-06
11.04 9.05876e-05 -2.56034e-06
11.12 0.000127491 -3.60337e-06
11.2 0.000178876 -5.05571e-06
11.28 0.000250209 -7.07186e-06
11.36 0.000348939 -9.86234e-06
11.44 0.000485183 -1.37131e-05
11.52 0.000672648 -1.90116e-05
11.6 0.000929845 -2.6281e-05
11.68 0.00128171 -3.62261e-05
11.76 0.00176173 -4.97934e-05
11.84 0.00241476 -6.82505e-05
11.92 0.0033007 -9.32908e-05
12 0.00449937 -0.00012717
12.08 0.00611676 -0.000172884
12.16 0.00829337 -0.000234403
12.24 0.0112148 -0.000316974
12.32 0.0151257 -0.000427512
12.4 0.0203477 -0.000575107
12.48 0.0273026 -0.000771681
12.56 0.036542 -0.00103282
12.64 0.0487857 -0.00137888
12.72 0.0649703 -0.00183632
12.8 0.086312 -0.00243952
12.88 0.114386 -0.003233
12.96 0.151226 -0.00427426
13.04 0.199457 -0.00563745
13.12 0.26245 -0.00741789
13.2 0.344532 -0.00973786
13.28 0.451241 -0.0127539
13.36 0.589648 -0.0166658
13.44 0.768762 -0.0217283
13.52 1 -0.028264
