0 0 0
0.08 1.73635e-31 -5.20719e-38
0.16 8.33714e-28 -8.10354e-33
0.24 2.47384e-25 -1.45327e-29
0.32 2.10314e-23 -3.22642e-27
0.4 8.08757e-22 -2.46601e-25
0.48 1.76617e-20 -9.24912e-24
0.56 2.52384e-19 -2.0535e-22
0.64 2.59821e-18 -3.05293e-21
0.72 2.06258e-17 -3.31414e-20
0.8 1.32677e-16 -2.79636e-19
0.88 7.17646e-16 -1.92055e-18
0.96 3.35763e-15 -1.11174e-17
1.04 1.38906e-14 -5.62128e-17
1.12 5.18203e-14 -2.49508e-16
1.2 1.76306e-13 -9.95029e-16
1.28 5.53332e-13 -3.62322e-15
1.36 1.61732e-12 -1.2151e-14
1.44 4.4375e-12 -3.78843e-14
1.52 1.15055e-11 -1.10685e-13
1.6 2.83494e-11 -3.05078e-13
1.68 6.67037e-11 -7.97811e-13
1.76 1.50495e-10 -1.98915e-12
1.84 3.26758e-10 -4.74829e-12
1.92 6.84889e-10 -1.08916e-11
2 1.38964e-09 -2.40834e-11
2.08 2.73608e-09 -5.14792e-11
2.16 5.2388e-09 -1.06638e-10
2.24 9.77343e-09 -2.14544e-10
2.32 1.77959e-08 -4.20051e-10
2.4 3.16752e-08 -8.01745e-10
2.48 5.51892e-08 -1.49421e-09
2.56 9.42478e-08 -2.72306e-09
2.64 1.57933e-07 -4.85898e-09
2.72 2.59964e-07 -8.49954e-09
2.8 4.20742e-07 -1.45911e-08
2.88 6.70144e-07 -2.46072e-08
2.96 1.0513e-06 -4.08062e-08
3.04 1.62566e-06 -6.6597e-08
3.12 2.47962e-06 -1.07053e-07
3.2 3.73323e-06 -1.69623e-07
3.28 5.5514e-06 -2.65102e-07
3.36 8.15823e-06 -4.08946e-07
3.44 1.18551e-05 -6.23028e-07
3.52 1.70437e-05 -9.37953e-07
3.6 2.42538e-05 -1.39609e-06
3.68 3.41792e-05 -2.0555e-06
3.76 4.77197e-05 -2.99491e-06
3.84 6.6034e-05 -4.32011e-06
3.92 9.06027e-05 -6.17184e-06
4 0.000123303 -8.73561e-06
4.08 0.000166501 -1.22538e-05
4.16 0.000223155 -1.704e-05
4.24 0.000296939 -2.34968e-05
4.32 0.000392393 -3.21359e-05
4.4 0.000515083 -4.36026e-05
4.48 0.000671796 -5.87033e-05
4.56 0.000870758 -7.84375e-05
4.64 0.00112187 -0.000104033
4.72 0.001437 -0.000136988
4.8 0.00183026 -0.000179109
4.88 0.00231834 -0.000232568
4.96 0.00292088 -0.000299944
5.04 0.00366084 -0.000384282
5.12 0.00456488 -0.000489152
5.2 0.00566383 -0.0006187
5.28 0.00699307 -0.000777717
5.36 0.00859298 -0.000971688
5.44 0.0105094 -0.00120686
5.52 0.0127938 -0.00149028
5.6 0.0155042 -0.00182988
5.68 0.0187049 -0.00223446
5.76 0.0224669 -0.00271379
5.84 0.0268683 -0.0032786
5.92 0.0319943 -0.00394056
6 0.0379368 -0.00471233
6.08 0.0447949 -0.00560749
6.16 0.0526737 -0.00664053
6.24 0.0616844 -0.00782671
6.32 0.0719432 -0.00918201
6.4 0.0835704 -0.010723
6.48 0.0966894 -0.0124666
6.56 0.111425 -0.01443
6.64 0.127901 -0.0166302
6.72 0.146239 -0.019084
6.8 0.166556 -0.0218077
6.88 0.188962 -0.0248162
6.96 0.213555 -0.0281233
7.04 0.240423 -0.0317411
7.12 0.269634 -0.0356791
7.2 0.301238 -0.0399444
7.28 0.33526 -0.0445406
7.36 0.371697 -0.0494679
7.44 0.410518 -0.054722
7.52 0.451654 -0.060294
7.6 0.495 -0.0661699
7.68 0.540409 -0.0723301
7.76 0.587689 -0.0787488
7.84 0.636603 -0.0853941
7.92 0.686866 -0.0922273
8 0.738141 -0.0992032
8.08 0.790042 -0.106269
8.16 0.842134 -0.113367
8.24 0.893932 -0.120431
8.32 0.944906 -0.127389
8.4 0.994483 -0.134162
8.48 1.04205 -0.140669
8.56 1.08696 -0.146821
8.64 1.12854 -0.152527
8.72 1.16611 -0.157693
8.8 1.19896 -0.162224
8.88 1.22639 -0.166025
8.96 1.24772 -0.169002
9.04 1.26228 -0.171063
9.12 1.26945 -0.172124
9.2 1.26863 -0.172105
9.28 1.25931 -0.170933
9.36 1.24105 -0.168549
9.44 1.21349 -0.164902
9.52 1.17636 -0.159956
9.6 1.12952 -0.153691
9.68 1.07295 -0.146102
9.76 1.00675 -0.137202
9.84 0.931168 -0.127024
9.92 0.84659 -0.115619
10 0.753556 -0.103059
10.08 0.652751 -0.0894369
10.16 0.545011 -0.0748646
10.24 0.431312 -0.059474
10.32 0.31277 -0.0434155
10.4 0.190625 -0.026857
10.48 0.0662323 -0.00998167
10.56 -0.0589569 0.00701368
10.64 -0.183411 0.0239214
10.72 -0.305539 0.0405259
10.8 -0.423716 0.0566063
10.88 -0.536309 0.0719407
10.96 -0.6417 0.086309
11.04 -0.738317 0.0994973
11.12 -0.824663 0.111301
11.2 -0.899344 0.121531
11.28 -0.961096 0.130014
11.36 -1.00882 0.136598
11.44 -1.04159 0.141158
11.52 -1.05869 0.143596
11.6 -1.05966 0.143844
11.68 -1.04425 0.141869
11.76 -1.01249 0.137673
11.84 -0.964673 0.131294
11.92 -0.901376 0.122808
12 -0.82344 0.112327
12.08 -0.731976 0.100001
12.16 -0.628354 0.0860143
12.24 -0.514182 0.0705831
12.32 -0.391287 0.0539544
12.4 -0.261688 0.0364012
12.48 -0.127561 0.0182182
12.56 0.00879286 -0.000282784
12.64 0.144987 -0.0187783
12.72 0.278597 -0.0369389
12.8 0.407198 -0.0544355
12.88 0.528419 -0.0709454
12.96 0.639982 -0.0861588
13.04 0.739755 -0.0997849
13.12 0.825793 -0.111558
13.2 0.896379 -0.121244
13.28 0.950067 -0.128644
13.36 0.985714 -0.133602
13.44 1.00251 -0.136004
13.52 1 -0.135787
