0 -0 -0
0.08 -3.1063e-37 8.01524e-44
0.16 -3.04008e-33 1.89176e-38
0.24 -1.60614e-30 6.62021e-35
0.32 -2.29793e-28 2.51439e-32
0.4 -1.41543e-26 3.10439e-30
0.48 -4.73648e-25 1.80579e-28
0.56 -9.96887e-24 5.99372e-27
0.64 -1.4596e-22 1.28666e-25
0.72 -1.59826e-21 1.95374e-24
0.8 -1.38079e-20 2.24162e-23
0.88 -9.80071e-20 2.04216e-22
0.96 -5.8967e-19 1.5344e-21
1.04 -3.08207e-18 9.79385e-21
1.12 -1.42711e-17 5.43627e-20
1.2 -5.94745e-17 2.67391e-19
1.28 -2.25989e-16 1.19174e-18
1.36 -7.92881e-16 4.81407e-18
1.44 -2.58598e-15 1.78932e-17
1.52 -7.89965e-15 6.1871e-17
1.6 -2.27503e-14 2.00093e-16
1.68 -6.21144e-14 6.09125e-16
1.76 -1.61552e-13 1.75535e-15
1.84 -4.01945e-13 4.81197e-15
1.92 -9.60148e-13 1.26015e-14
2 -2.20912e-12 3.16421e-14
2.08 -4.90952e-12 7.6431e-14
2.16 -1.05655e-11 1.78108e-13
2.24 -2.20668e-11 4.01436e-13
2.32 -4.48188e-11 8.77124e-13
2.4 -8.8682e-11 1.86169e-12
2.48 -1.71227e-10 3.84557e-12
2.56 -3.23081e-10 7.74368e-12
2.64 -5.96538e-10 1.5224e-11
2.72 -1.07916e-09 2.92623e-11
2.8 -1.91488e-09 5.50606e-11
2.88 -3.33629e-09 1.0154e-10
2.96 -5.71301e-09 1.83723e-10
3.04 -9.62356e-09 3.26482e-10
3.12 -1.59602e-08 5.70331e-10
3.2 -2.608e-08 9.8026e-10
3.28 -4.20207e-08 1.65902e-09
3.36 -6.68036e-08 2.76681e-09
3.44 -1.04857e-07 4.55019e-09
3.52 -1.62599e-07 7.38383e-09
3.6 -2.49236e-07 1.18303e-08
3.68 -3.77836e-07 1.87245e-08
3.76 -5.66784e-07 2.92921e-08
3.84 -8.41699e-07 4.53127e-08
3.92 -1.23798e-06 6.93436e-08
4 -1.80413e-06 1.05023e-07
4.08 -2.60607e-06 1.57474e-07
4.16 -3.73272e-06 2.33844e-07
4.24 -5.30315e-06 3.44008e-07
4.32 -7.47558e-06 5.01485e-07
4.4 -1.04589e-05 7.2461e-07
4.48 -1.45269e-05 1.03804e-06
4.56 -2.00362e-05 1.47461e-06
4.64 -2.74484e-05 2.07775e-06
4.72 -3.73569e-05 2.9043e-06
4.8 -5.05199e-05 4.02816e-06
4.88 -6.79007e-05 5.54456e-06
4.96 -9.07153e-05 7.57531e-06
5.04 -0.00012049 1.0275e-05
5.12 -0.00015913 1.38385e-05
5.2 -0.000208999 1.85095e-05
5.28 -0.000273013 2.45907e-05
5.36 -0.00035475 3.24559e-05
5.44 -0.000458576 4.25632e-05
5.52 -0.00058979 5.5471e-05
5.6 -0.000754787 7.18554e-05
5.68 -0.000961245 9.25303e-05
5.76 -0.00121833 0.00011847
5.84 -0.00153694 0.000150833
5.92 -0.00192994 0.000190992
6 -0.00241246 0.00024056
6.08 -0.00300219 0.000301428
6.16 -0.0037197 0.000375793
6.24 -0.0045888 0.000466202
6.32 -0.0056369 0.000575588
6.4 -0.00689538 0.000707308
6.48 -0.00839999 0.000865189
6.56 -0.0101912 0.00105357
6.64 -0.0123147 0.00127733
6.72 -0.0148216 0.00154195
6.8 -0.0177689 0.00185354
6.88 -0.0212198 0.00221887
6.96 -0.025244 0.00264538
7.04 -0.0299176 0.00314125
7.12 -0.0353238 0.00371538
7.2 -0.0415523 0.00437737
7.28 -0.0486997 0.00513758
7.36 -0.056869 0.00600703
7.44 -0.0661696 0.00699743
7.52 -0.0767161 0.00812106
7.6 -0.0886283 0.00939076
7.68 -0.10203 0.0108198
7.76 -0.117048 0.0124216
7.84 -0.133809 0.0142101
7.92 -0.152443 0.0161988
8 -0.173075 0.0184013
8.08 -0.195827 0.0208306
8.16 -0.220814 0.0234992
8.24 -0.248144 0.0264184
8.32 -0.277911 0.0295985
8.4 -0.310195 0.0330479
8.48 -0.345058 0.0367734
8.56 -0.382541 0.0407794
8.64 -0.42266 0.0450675
8.72 -0.465403 0.0496366
8.8 -0.510725 0.0544818
8.88 -0.558549 0.0595949
8.96 -0.608756 0.0649633
9.04 -0.661187 0.07057
9.12 -0.71564 0.0763933
9.2 -0.771865 0.0824066
9.28 -0.829564 0.088578
9.36 -0.888389 0.0948704
9.44 -0.947942 0.101241
9.52 -1.00777 0.107643
9.6 -1.06739 0.114021
9.68 -1.12624 0.120319
9.76 -1.18374 0.126472
9.84 -1.23926 0.132414
9.92 -1.29212 0.138073
10 -1.34163 0.143375
10.08 -1.38708 0.148242
10.16 -1.42772 0.152596
10.24 -1.46282 0.156358
10.32 -1.49163 0.159448
10.4 -1.51343 0.161789
10.48 -1.52753 0.163307
10.56 -1.53328 0.163931
10.64 -1.53005 0.163597
10.72 -1.51732 0.162246
10.8 -1.49461 0.159829
10.88 -1.46156 0.156305
10.96 -1.41788 0.151646
11.04 -1.36343 0.145834
11.12 -1.29817 0.138866
11.2 -1.2222 0.130753
11.28 -1.13576 0.121519
11.36 -1.03925 0.111208
11.44 -0.933205 0.099877
11.52 -0.818328 0.0876004
11.6 -0.695468 0.0744694
11.68 -0.565629 0.0605912
11.76 -0.429959 0.0460882
11.84 -0.28974 0.0310976
11.92 -0.146381 0.0157701
12 -0.00140109 0.000267803
12.08 0.143589 -0.0152368
12.16 0.286904 -0.0305637
12.24 0.426807 -0.0455271
12.32 0.561534 -0.0599384
12.4 0.689321 -0.0736089
12.48 0.808431 -0.0863528
12.56 0.917181 -0.0979902
12.64 1.01397 -0.10835
12.72 1.09733 -0.117274
12.8 1.1659 -0.124618
12.88 1.21853 -0.130258
12.96 1.25424 -0.134089
13.04 1.27228 -0.136032
13.12 1.27214 -0.136031
13.2 1.25359 -0.134059
13.28 1.21663 -0.130121
13.36 1.1616 -0.124249
13.44 1.08909 -0.116508
13.52 1 -0.106993
