0 0 0
0.08 1.62273e-74 -2.16888e-81
0.16 3.8275e-69 -1.53426e-74
0.24 6.59683e-65 -1.22756e-69
0.32 2.06742e-61 -9.81369e-66
0.4 2.11533e-58 -2.02246e-62
0.48 9.0382e-56 -1.49738e-59
0.56 1.9607e-53 -3.33533e-57
0.64 2.45128e-51 -4.91878e-55
0.72 1.67987e-49 -4.85299e-53
0.8 8.01848e-48 -3.1967e-51
0.88 2.83386e-46 -1.50646e-49
0.96 7.72217e-45 -5.32552e-48
1.04 1.67633e-43 -1.4649e-46
1.12 2.97851e-42 -3.23131e-45
1.2 4.43125e-41 -5.86214e-44
1.28 5.62711e-40 -8.93592e-43
1.36 6.20004e-39 -1.16561e-41
1.44 6.01122e-38 -1.32161e-40
1.52 5.19121e-37 -1.32022e-39
1.6 4.0355e-36 -1.17566e-38
1.68 2.85007e-35 -9.42863e-38
1.76 1.84356e-34 -6.87127e-37
1.84 1.10003e-33 -4.58643e-36
1.92 6.09315e-33 -2.82354e-35
2 3.15073e-32 -1.6132e-34
2.08 1.52859e-31 -8.60114e-34
2.16 6.98935e-31 -4.30081e-33
2.24 3.02415e-30 -2.02584e-32
2.32 1.24272e-29 -9.02532e-32
2.4 4.86613e-29 -3.81684e-31
2.48 1.82111e-28 -1.53732e-30
2.56 6.53159e-28 -5.95185e-30
2.64 2.25573e-27 -2.19896e-29
2.72 7.50105e-27 -7.79771e-29
2.8 2.40645e-26 -2.66657e-28
2.88 7.46282e-26 -8.79297e-28
2.96 2.24126e-25 -2.80115e-27
3.04 6.52947e-25 -8.63735e-27
3.12 1.84817e-24 -2.58249e-26
3.2 5.09e-24 -7.49934e-26
3.28 1.36583e-23 -2.11833e-25
3.36 3.57544e-23 -5.82855e-25
3.44 9.14183e-23 -1.56419e-24
3.52 2.28554e-22 -4.09919e-24
3.6 5.59306e-22 -1.0502e-23
3.68 1.34103e-21 -2.63301e-23
3.76 3.15319e-21 -6.46619e-23
3.84 7.27711e-21 -1.55681e-22
3.92 1.64973e-20 -3.67753e-22
4 3.67651e-20 -8.52959e-22
4.08 8.05999e-20 -1.94376e-21
4.16 1.73938e-19 -4.35479e-21
4.24 3.69729e-19 -9.59729e-21
4.32 7.74557e-19 -2.08168e-20
4.4 1.60006e-18 -4.4461e-20
4.48 3.26105e-18 -9.35497e-20
4.56 6.56026e-18 -1.93996e-19
4.64 1.30323e-17 -3.9665e-19
4.72 2.55767e-17 -7.99948e-19
4.8 4.9609e-17 -1.59191e-18
4.88 9.51332e-17 -3.12708e-18
4.96 1.80432e-16 -6.06571e-18
5.04 3.38572e-16 -1.16225e-17
5.12 6.28752e-16 -2.20061e-17
5.2 1.15593e-15 -4.11872e-17
5.28 2.10442e-15 -7.62263e-17
5.36 3.79487e-15 -1.39545e-16
5.44 6.78016e-15 -2.52774e-16
5.52 1.20052e-14 -4.5321e-16
5.6 2.1071e-14 -8.04544e-16
5.68 3.66681e-14 -1.41454e-15
5.76 6.32809e-14 -2.46393e-15
5.84 1.08325e-13 -4.25312e-15
5.92 1.83968e-13 -7.27738e-15
6 3.10025e-13 -1.23466e-14
6.08 5.18529e-13 -2.07745e-14
6.16 8.60891e-13 -3.46765e-14
6.24 1.41905e-12 -5.74327e-14
6.32 2.32268e-12 -9.44062e-14
6.4 3.7757e-12 -1.54046e-13
6.48 6.09656e-12 -2.49574e-13
6.56 9.77954e-12 -4.01538e-13
6.64 1.55869e-11 -6.41675e-13
6.72 2.4687e-11 -1.01869e-12
6.8 3.88599e-11 -1.60684e-12
6.88 6.08019e-11 -2.51875e-12
6.96 9.45734e-11 -3.9241e-12
7.04 1.46255e-10 -6.07717e-12
7.12 2.249e-10 -9.35687e-12
7.2 3.43921e-10 -1.43246e-11
7.28 5.23076e-10 -2.18081e-11
7.36 7.91323e-10 -3.30204e-11
7.44 1.19089e-09 -4.97314e-11
7.52 1.78302e-09 -7.45094e-11
7.6 2.65618e-09 -1.11063e-10
7.68 3.93742e-09 -1.64722e-10
7.76 5.80844e-09 -2.43108e-10
7.84 8.52784e-09 -3.57071e-10
7.92 1.2462e-08 -5.21986e-10
8 1.81277e-08 -7.59537e-10
8.08 2.62504e-08 -1.10018e-09
8.16 3.78446e-08 -1.58649e-09
8.24 5.43224e-08 -2.27775e-09
8.32 7.76414e-08 -3.25613e-09
8.4 1.10504e-07 -4.6351e-09
8.48 1.56626e-07 -6.57065e-09
8.56 2.21096e-07 -9.27642e-09
8.64 3.10853e-07 -1.30438e-08
8.72 4.35329e-07 -1.82688e-08
8.8 6.07285e-07 -2.54872e-08
8.88 8.43932e-07 -3.54218e-08
8.96 1.16839e-06 -4.90434e-08
9.04 1.61161e-06 -6.76514e-08
9.12 2.21485e-06 -9.2979e-08
9.2 3.03297e-06 -1.27329e-07
9.28 4.13859e-06 -1.73752e-07
9.36 5.62756e-06 -2.36273e-07
9.44 7.62593e-06 -3.20184e-07
9.52 1.02989e-05 -4.32424e-07
9.6 1.38624e-05 -5.82057e-07
9.68 1.85973e-05 -7.80884e-07
9.76 2.48684e-05 -1.04422e-06
9.84 3.31475e-05 -1.39188e-06
9.92 4.40431e-05 -1.84942e-06
10 5.83373e-05 -2.44969e-06
10.08 7.70326e-05 -3.23477e-06
10.16 0.00010141 -4.25846e-06
10.24 0.0001331 -5.58925e-06
10.32 0.000174174 -7.31416e-06
10.4 0.000227257 -9.54332e-06
10.48 0.000295658 -1.24158e-05
10.56 0.000383547 -1.61067e-05
10.64 0.000496156 -2.08357e-05
10.72 0.000640033 -2.68778e-05
10.8 0.000823352 -3.45763e-05
10.88 0.00105628 -4.43583e-05
10.96 0.00135146 -5.67541e-05
11.04 0.0017245 -7.24199e-05
11.12 0.00219469 -9.21658e-05
11.2 0.00278579 -0.000116989
11.28 0.00352695 -0.000148114
11.36 0.00445386 -0.00018704
11.44 0.00561013 -0.000235598
11.52 0.00704888 -0.000296019
11.6 0.00883461 -0.000371011
11.68 0.0110455 -0.00046386
11.76 0.0137761 -0.000578532
11.84 0.0171403 -0.000719814
11.92 0.0212752 -0.000893459
12 0.026345 -0.00110637
12.08 0.0325465 -0.0013668
12.16 0.0401144 -0.00168462
12.24 0.0493281 -0.00207156
12.32 0.0605196 -0.00254155
12.4 0.0740821 -0.00311111
12.48 0.0904803 -0.00379976
12.56 0.110262 -0.00463051
12.64 0.134072 -0.00563043
12.72 0.162667 -0.00683126
12.8 0.19693 -0.00827017
12.88 0.237896 -0.00999057
12.96 0.286769 -0.012043
13.04 0.344947 -0.0144862
13.12 0.414051 -0.0173883
13.2 0.495957 -0.0208279
13.28 0.592827 -0.0248961
13.36 0.707153 -0.0296972
13.44 0.841793 -0.0353515
13.52 1 -0.0419955
