0 0 0
0.08 0.000425429 -6.75572e-10
0.16 0.00334979 -1.37539e-06
0.24 0.0110972 -1.37321e-05
0.32 0.025813 -6.19498e-05
0.4 0.0492514 -0.000192419
0.48 0.0827078 -0.000477113
0.56 0.126945 -0.0010155
0.64 0.182135 -0.00193383
0.72 0.247834 -0.00338161
0.8 0.322973 -0.00552546
0.88 0.405887 -0.00854034
0.96 0.494362 -0.0125987
1.04 0.58571 -0.0178578
1.12 0.67687 -0.0244466
1.2 0.764516 -0.0324515
1.28 0.845195 -0.0419036
1.36 0.915457 -0.0527668
1.44 0.972003 -0.0649287
1.52 1.01182 -0.0781932
1.6 1.03233 -0.0922791
1.68 1.03147 -0.10682
1.76 1.00783 -0.121372
1.84 0.960738 -0.135421
1.92 0.890268 -0.148401
2 0.797309 -0.159709
2.08 0.683545 -0.168731
2.16 0.551417 -0.174863
2.24 0.404069 -0.177543
2.32 0.245252 -0.176271
2.4 0.0792131 -0.170643
2.48 -0.0894407 -0.160372
2.56 -0.255889 -0.145313
2.64 -0.415259 -0.125475
2.72 -0.562788 -0.101042
2.8 -0.693985 -0.0723755
2.88 -0.804788 -0.0400132
2.96 -0.891701 -0.00466574
3.04 -0.951922 0.0327996
3.12 -0.983442 0.0713794
3.2 -0.985123 0.109962
3.28 -0.956744 0.147363
3.36 -0.899015 0.182359
3.44 -0.813565 0.213737
3.52 -0.702898 0.240333
3.6 -0.570315 0.261078
3.68 -0.419811 0.275043
3.76 -0.255955 0.281481
3.84 -0.0837401 0.279858
3.92 0.0915715 0.269882
4 0.264617 0.251529
4.08 0.430104 0.225052
4.16 0.582973 0.190979
4.24 0.71856 0.150112
4.32 0.832738 0.1035
4.4 0.922043 0.052417
4.48 0.98378 -0.0016793
4.56 1.0161 -0.0571932
4.64 1.01804 -0.112443
4.72 0.989579 -0.165715
4.8 0.931584 -0.215327
4.88 0.845815 -0.25968
4.96 0.734845 -0.297318
5.04 0.601986 -0.326975
5.12 0.451183 -0.347624
5.2 0.286893 -0.358508
5.28 0.113955 -0.359171
5.36 -0.0625597 -0.34947
5.44 -0.237488 -0.329584
5.52 -0.40573 -0.300008
5.6 -0.562393 -0.261536
5.68 -0.70293 -0.21524
5.76 -0.823272 -0.162433
5.84 -0.919937 -0.104631
5.92 -0.990134 -0.0435049
6 -1.03184 0.0191693
6.08 -1.04384 0.0815644
6.16 -1.0258 0.141857
6.24 -0.978228 0.19828
6.32 -0.90249 0.249178
6.4 -0.80076 0.293055
6.48 -0.675962 0.328615
6.56 -0.531682 0.354807
6.64 -0.372068 0.370848
6.72 -0.201713 0.376252
6.8 -0.0255199 0.370841
6.88 0.151434 0.354751
6.96 0.324046 0.328431
7.04 0.487335 0.292626
7.12 0.63658 0.248358
7.2 0.767464 0.196896
7.28 0.876194 0.139722
7.36 0.959612 0.0784836
7.44 1.01529 0.0149502
7.52 1.0416 -0.0490394
7.6 1.03775 -0.111631
7.68 1.00384 -0.171007
7.76 0.940839 -0.225443
7.84 0.850545 -0.273352
7.92 0.735564 -0.313339
8 0.599219 -0.344233
8.08 0.445459 -0.36513
8.16 0.278744 -0.375414
8.24 0.103917 -0.374776
8.32 -0.073937 -0.363228
8.4 -0.249639 -0.341099
8.48 -0.418064 -0.309025
8.56 -0.574297 -0.267937
8.64 -0.71377 -0.219027
8.72 -0.8324 -0.163719
8.8 -0.926708 -0.103626
8.88 -0.993924 -0.0405017
8.96 -1.03207 0.0238093
9.04 -1.04 0.0874251
9.12 -1.01748 0.148482
9.2 -0.965152 0.20519
9.28 -0.884528 0.255883
9.36 -0.777962 0.299073
9.44 -0.648566 0.333486
9.52 -0.500129 0.358109
9.6 -0.337002 0.372214
9.68 -0.163972 0.37538
9.76 0.0138799 0.36751
9.84 0.191323 0.348829
9.92 0.363135 0.319883
10 0.524256 0.281519
10.08 0.669935 0.234863
10.16 0.795873 0.181287
10.24 0.898348 0.122366
10.32 0.97433 0.0598357
10.4 1.02157 -0.0044596
10.48 1.03865 -0.0686232
10.56 1.02506 -0.130761
10.64 0.981199 -0.189036
10.72 0.908342 -0.241725
10.8 0.808633 -0.287268
10.88 0.685012 -0.324316
10.96 0.541127 -0.351771
11.04 0.381229 -0.368816
11.12 0.210046 -0.374943
11.2 0.0326437 -0.369967
11.28 -0.145726 -0.354031
11.36 -0.319777 -0.327605
11.44 -0.484348 -0.291468
11.52 -0.634558 -0.246688
11.6 -0.765947 -0.194592
11.68 -0.87461 -0.136722
11.76 -0.957315 -0.0747947
11.84 -1.0116 -0.0106469
11.92 -1.03584 0.0538169
12 -1.02932 0.116682
12.08 -0.992211 0.17608
12.16 -0.925612 0.230245
12.24 -0.831495 0.277564
12.32 -0.712652 0.31663
12.4 -0.572611 0.346277
12.48 -0.415534 0.365621
12.56 -0.24609 0.374085
12.64 -0.0693205 0.371412
12.72 0.109513 0.35768
12.8 0.285084 0.333296
12.88 0.452163 0.298983
12.96 0.605768 0.255761
13.04 0.741319 0.204916
13.12 0.85477 0.147963
13.2 0.942733 0.0865977
13.28 1.00258 0.0226499
13.36 1.03252 -0.0419736
13.44 1.03165 -0.105345
13.52 1 -0.165564
