0 0 0
0.08 2.66111e-87 -2.98181e-94
0.16 1.48996e-81 -3.89958e-87
0.24 5.96907e-77 -7.45304e-82
0.32 4.17565e-73 -1.35129e-77
0.4 9.32092e-70 -6.15882e-74
0.48 8.36905e-67 -9.68544e-71
0.56 3.69983e-64 -6.79692e-68
0.64 9.11854e-62 -2.47536e-65
0.72 1.38087e-59 -5.25031e-63
0.8 1.38303e-57 -5.1953e-61
0.88 9.71184e-56 -3.9015e-59
0.96 4.48011e-54 -2.24978e-57
1.04 1.59848e-52 -9.94689e-56
1.12 4.57056e-51 -3.4822e-54
1.2 1.07286e-49 -9.8903e-53
1.28 2.10969e-48 -2.32612e-51
1.36 3.53634e-47 -4.61186e-50
1.44 5.12965e-46 -7.83004e-49
1.52 6.52404e-45 -1.15425e-47
1.6 7.35913e-44 -1.49551e-46
1.68 7.4371e-43 -1.72157e-45
1.76 6.79395e-42 -1.77774e-44
1.84 5.65486e-41 -1.66082e-43
1.92 4.31882e-40 -1.41446e-42
2 3.04571e-39 -1.10569e-41
2.08 1.99456e-38 -7.98195e-41
2.16 1.21914e-37 -5.35073e-40
2.24 6.98716e-37 -3.34743e-39
2.32 3.77048e-36 -1.96322e-38
2.4 1.92302e-35 -1.08386e-37
2.48 9.30159e-35 -5.65396e-37
2.56 4.28038e-34 -2.79644e-36
2.64 1.87937e-33 -1.31553e-35
2.72 7.89398e-33 -5.90341e-35
2.8 3.17976e-32 -2.53383e-34
2.88 1.23107e-31 -1.04281e-33
2.96 4.59063e-31 -4.12459e-33
3.04 1.65196e-30 -1.57122e-32
3.12 5.74706e-30 -5.80933e-32
3.2 1.94032e-29 -2.06974e-31
3.28 6.35355e-29 -7.13822e-31
3.36 2.02042e-28 -2.39229e-30
3.44 6.24812e-28 -7.7863e-30
3.52 1.8815e-27 -2.46423e-29
3.6 5.52378e-27 -7.59328e-29
3.68 1.58287e-26 -2.28087e-28
3.76 4.43193e-26 -6.68616e-28
3.84 1.21372e-25 -1.91471e-27
3.92 3.2541e-25 -5.3615e-27
4 8.54894e-25 -1.46926e-26
4.08 2.20254e-24 -3.94353e-26
4.16 5.56931e-24 -1.03743e-25
4.24 1.38313e-23 -2.67679e-25
4.32 3.376e-23 -6.77832e-25
4.4 8.10401e-23 -1.68552e-24
4.48 1.91433e-22 -4.11801e-24
4.56 4.45247e-22 -9.89026e-24
4.64 1.02019e-21 -2.3362e-23
4.72 2.30399e-21 -5.42997e-23
4.8 5.13099e-21 -1.24243e-22
4.88 1.1273e-20 -2.79976e-22
4.96 2.44444e-20 -6.21637e-22
5.04 5.23355e-20 -1.36052e-21
5.12 1.10677e-19 -2.93631e-21
5.2 2.31268e-19 -6.25186e-21
5.28 4.77666e-19 -1.31372e-20
5.36 9.75499e-19 -2.72553e-20
5.44 1.97042e-18 -5.58503e-20
5.52 3.93775e-18 -1.13081e-19
5.6 7.78794e-18 -2.26311e-19
5.68 1.52476e-17 -4.47844e-19
5.76 2.95594e-17 -8.76607e-19
5.84 5.67569e-17 -1.6978e-18
5.92 1.07963e-16 -3.25472e-18
6 2.035e-16 -6.1776e-18
6.08 3.80176e-16 -1.16127e-17
6.16 7.04095e-16 -2.16263e-17
6.24 1.29298e-15 -3.991e-17
6.32 2.35482e-15 -7.3004e-17
6.4 4.2541e-15 -1.32399e-16
6.48 7.62476e-15 -2.38121e-16
6.56 1.35609e-14 -4.24802e-16
6.64 2.39372e-14 -7.51873e-16
6.72 4.19423e-14 -1.32056e-15
6.8 7.29616e-14 -2.30207e-15
6.88 1.26029e-13 -3.98384e-15
6.96 2.16193e-13 -6.84524e-15
7.04 3.68363e-13 -1.16803e-14
7.12 6.23495e-13 -1.97955e-14
7.2 1.04851e-12 -3.33269e-14
7.28 1.75208e-12 -5.57451e-14
7.36 2.90958e-12 -9.26539e-14
7.44 4.8024e-12 -1.53047e-13
7.52 7.87933e-12 -2.51276e-13
7.6 1.28521e-11 -4.10104e-13
7.68 2.08431e-11 -6.6544e-13
7.76 3.36126e-11 -1.07361e-12
7.84 5.39062e-11 -1.72251e-12
7.92 8.5984e-11 -2.74849e-12
8 1.36422e-10 -4.36209e-12
8.08 2.15316e-10 -6.88665e-12
8.16 3.38096e-10 -1.08162e-11
8.24 5.28219e-10 -1.69021e-11
8.32 8.21175e-10 -2.62811e-11
8.4 1.27041e-09 -4.06652e-11
8.48 1.95603e-09 -6.26205e-11
8.56 2.99754e-09 -9.59756e-11
8.64 4.57244e-09 -1.46417e-10
8.72 6.94318e-09 -2.22353e-10
8.8 1.04961e-08 -3.36163e-10
8.88 1.57975e-08 -5.05992e-10
8.96 2.36741e-08 -7.58327e-10
9.04 3.53273e-08 -1.13167e-09
9.12 5.24965e-08 -1.68174e-09
9.2 7.76892e-08 -2.48891e-09
9.28 1.14506e-07 -3.66855e-09
9.36 1.68099e-07 -5.38572e-09
9.44 2.45806e-07 -7.87561e-09
9.52 3.58045e-07 -1.1472e-08
9.6 5.19549e-07 -1.66471e-08
9.68 7.51074e-07 -2.4066e-08
9.76 1.08176e-06 -3.46625e-08
9.84 1.55237e-06 -4.97428e-08
9.92 2.2197e-06 -7.11273e-08
10 3.16268e-06 -1.01345e-07
10.08 4.49052e-06 -1.43896e-07
10.16 6.35391e-06 -2.03608e-07
10.24 8.96e-06 -2.87122e-07
10.32 1.25927e-05 -4.03533e-07
10.4 1.76397e-05 -5.65267e-07
10.48 2.46289e-05 -7.89242e-07
10.56 3.42767e-05 -1.09842e-06
10.64 4.75524e-05 -1.52385e-06
10.72 6.57631e-05 -2.10743e-06
10.8 9.06662e-05 -2.90548e-06
10.88 0.000124618 -3.99349e-06
10.96 0.000170766 -5.47237e-06
11.04 0.000233306 -7.47656e-06
11.12 0.000317813 -1.01847e-05
11.2 0.000431669 -1.38333e-05
11.28 0.000584629 -1.87352e-05
11.36 0.000789541 -2.53019e-05
11.44 0.00106328 -3.40743e-05
11.52 0.00142796 -4.57609e-05
11.6 0.00191245 -6.12872e-05
11.68 0.00255439 -8.18589e-05
11.76 0.00340265 -0.000109043
11.84 0.00452058 -0.000144868
11.92 0.00599005 -0.00019196
12 0.00791661 -0.000253699
12.08 0.010436 -0.000334436
12.16 0.0137221 -0.000439747
12.24 0.0179978 -0.000576766
12.32 0.023547 -0.000754599
12.4 0.0307314 -0.000984834
12.48 0.0400101 -0.00128219
12.56 0.0519649 -0.00166529
12.64 0.0673305 -0.00215771
12.72 0.0870334 -0.00278912
12.8 0.112239 -0.00359686
12.88 0.144408 -0.00462778
12.96 0.185371 -0.0059405
13.04 0.237413 -0.00760826
13.12 0.30338 -0.00972227
13.2 0.386811 -0.0123959
13.28 0.492094 -0.0157699
13.36 0.624662 -0.0200183
13.44 0.79122 -0.0253559
13.52 1 -0.0320465
