0 0 0
0.08 4.66063e-66 -7.0827e-73
0.16 5.87085e-61 -3.17854e-66
0.24 5.50809e-57 -1.35947e-61
0.32 9.71968e-54 -6.05353e-58
0.4 5.72396e-51 -3.92411e-55
0.48 1.45163e-48 -1.38691e-52
0.56 1.58482e-46 -2.6478e-50
0.64 1.05891e-44 -2.76166e-48
0.72 4.77832e-43 -1.81477e-46
0.8 1.55074e-41 -8.17598e-45
0.88 3.79954e-40 -2.67868e-43
0.96 7.30695e-39 -6.68005e-42
1.04 1.13841e-37 -1.31538e-40
1.12 1.47486e-36 -2.10753e-39
1.2 1.62374e-35 -2.81676e-38
1.28 1.54713e-34 -3.20638e-37
1.36 1.29565e-33 -3.16366e-36
1.44 9.66336e-33 -2.74633e-35
1.52 6.49182e-32 -2.12446e-34
1.6 3.96693e-31 -1.48068e-33
1.68 2.22376e-30 -9.38708e-33
1.76 1.15211e-29 -5.4585e-32
1.84 5.55281e-29 -2.9326e-31
1.92 2.50406e-28 -1.46507e-30
2 1.06196e-27 -6.84469e-30
2.08 4.25483e-27 -3.00562e-29
2.16 1.61706e-26 -1.24611e-28
2.24 5.85094e-26 -4.92868e-28
2.32 2.02654e-25 -1.84728e-27
2.4 6.72351e-25 -6.60508e-27
2.48 2.14218e-24 -2.26512e-26
2.56 6.57067e-24 -7.45378e-26
2.64 1.94465e-23 -2.35925e-25
2.72 5.56486e-23 -7.19947e-25
2.8 1.54267e-22 -2.12274e-24
2.88 4.15008e-22 -6.05931e-24
2.96 1.0852e-21 -1.67755e-23
3.04 2.76239e-21 -4.51213e-23
3.12 6.85461e-21 -1.18092e-22
3.2 1.66023e-20 -3.01176e-22
3.28 3.92971e-20 -7.49477e-22
3.36 9.10027e-20 -1.8221e-21
3.44 2.06398e-19 -4.33274e-21
3.52 4.58924e-19 -1.00876e-20
3.6 1.0013e-18 -2.30183e-20
3.68 2.14561e-18 -5.1524e-20
3.76 4.51912e-18 -1.1323e-19
3.84 9.36273e-18 -2.44489e-19
3.92 1.90944e-17 -5.19051e-19
4 3.8358e-17 -1.08416e-18
4.08 7.59489e-17 -2.22928e-18
4.16 1.48305e-16 -4.51507e-18
4.24 2.85757e-16 -9.01175e-18
4.32 5.43584e-16 -1.77338e-17
4.4 1.02135e-15 -3.44214e-17
4.48 1.89631e-15 -6.59274e-17
4.56 3.48065e-15 -1.24647e-16
4.64 6.31825e-15 -2.32718e-16
4.72 1.13469e-14 -4.29204e-16
4.8 2.01678e-14 -7.82217e-16
4.88 3.54877e-14 -1.40916e-15
4.96 6.18401e-14 -2.51016e-15
5.04 1.06749e-13 -4.42269e-15
5.12 1.8259e-13 -7.70984e-15
5.2 3.09545e-13 -1.33018e-14
5.28 5.2025e-13 -2.27203e-14
5.36 8.67051e-13 -3.84308e-14
5.44 1.43324e-12 -6.43922e-14
5.52 2.35032e-12 -1.06905e-13
5.6 3.82436e-12 -1.75913e-13
5.68 6.17588e-12 -2.86976e-13
5.76 9.89986e-12 -4.64255e-13
5.84 1.57553e-11 -7.44976e-13
5.92 2.48982e-11 -1.18607e-12
6 3.90771e-11 -1.87395e-12
6.08 6.09202e-11 -2.93893e-12
6.16 9.4352e-11 -4.57611e-12
6.24 1.45196e-10 -7.0757e-12
6.32 2.22043e-10 -1.08666e-11
6.4 3.37485e-10 -1.65788e-11
6.48 5.09878e-10 -2.51319e-11
6.56 7.65822e-10 -3.78602e-11
6.64 1.14365e-09 -5.66891e-11
6.72 1.69829e-09 -8.43802e-11
6.8 2.50806e-09 -1.24874e-10
6.88 3.68399e-09 -1.83761e-10
6.96 5.3827e-09 -2.68932e-10
7.04 7.82398e-09 -3.9147e-10
7.12 1.13148e-08 -5.66855e-10
7.2 1.62816e-08 -8.1661e-10
7.28 2.33144e-08 -1.17051e-09
7.36 3.3225e-08 -1.66955e-09
7.44 4.71259e-08 -2.3699e-09
7.52 6.65341e-08 -3.34822e-09
7.6 9.35097e-08 -4.70858e-09
7.68 1.30837e-07 -6.59169e-09
7.76 1.82264e-07 -9.18698e-09
7.84 2.52815e-07 -1.27484e-08
7.92 3.49193e-07 -1.76148e-08
8 4.8031e-07 -2.42367e-08
8.08 6.57962e-07 -3.32106e-08
8.16 8.97703e-07 -4.53229e-08
8.24 1.21996e-06 -6.16067e-08
8.32 1.65146e-06 -8.34132e-08
8.4 2.22703e-06 -1.12504e-07
8.48 2.99188e-06 -1.51166e-07
8.56 4.00453e-06 -2.02357e-07
8.64 5.34035e-06 -2.6989e-07
8.72 7.09616e-06 -3.58663e-07
8.8 9.39585e-06 -4.7494e-07
8.88 1.23974e-05 -6.26711e-07
8.96 1.63015e-05 -8.2413e-07
9.04 2.13623e-05 -1.08005e-06
9.12 2.79007e-05 -1.4107e-06
9.2 3.63201e-05 -1.83649e-06
9.28 4.71264e-05 -2.383e-06
9.36 6.09515e-05 -3.08219e-06
9.44 7.85827e-05 -3.9739e-06
9.52 0.000100997 -5.10755e-06
9.6 0.000129405 -6.54431e-06
9.68 0.000165297 -8.35965e-06
9.76 0.000210509 -1.06464e-05
9.84 0.00026729 -1.35183e-05
9.92 0.00033839 -1.71145e-05
10 0.00042716 -2.16044e-05
10.08 0.00053767 -2.7194e-05
10.16 0.00067485 -3.41326e-05
10.24 0.000844656 -4.27215e-05
10.32 0.00105426 -5.33232e-05
10.4 0.00131226 -6.63732e-05
10.48 0.00162897 -8.23928e-05
10.56 0.00201669 -0.000102004
10.64 0.00249006 -0.000125948
10.72 0.00306646 -0.000155103
10.8 0.00376644 -0.000190509
10.88 0.00461428 -0.000233394
10.96 0.00563853 -0.000285202
11.04 0.00687271 -0.000347629
11.12 0.00835602 -0.000422657
11.2 0.0101342 -0.000512602
11.28 0.0122606 -0.000620157
11.36 0.0147969 -0.000748447
11.44 0.0178146 -0.000901089
11.52 0.0213963 -0.00108226
11.6 0.0256368 -0.00129675
11.68 0.0306452 -0.00155009
11.76 0.0365461 -0.00184857
11.84 0.0434818 -0.00219939
11.92 0.0516142 -0.00261074
12 0.061127 -0.00309191
12.08 0.072228 -0.00365342
12.16 0.0851518 -0.00430713
12.24 0.100162 -0.00506639
12.32 0.117555 -0.00594615
12.4 0.137661 -0.00696317
12.48 0.160851 -0.00813613
12.56 0.187533 -0.00948577
12.64 0.218163 -0.0110351
12.72 0.253245 -0.0128096
12.8 0.293331 -0.0148372
12.88 0.339031 -0.0171488
12.96 0.391009 -0.019778
13.04 0.449994 -0.0227616
13.12 0.516775 -0.0261395
13.2 0.592208 -0.029955
13.28 0.677218 -0.034255
13.36 0.772799 -0.0390897
13.44 0.880019 -0.0445131
13.52 1 -0.050582
