0 -0 -0
0.08 -1.86511e-23 7.1371e-30
0.16 -2.87981e-20 5.63748e-25
0.24 -3.46939e-18 3.58356e-22
0.32 -1.34257e-16 3.49622e-20
0.4 -2.57703e-15 1.29898e-18
0.48 -3.036e-14 2.55159e-17
0.56 -2.50092e-13 3.1725e-16
0.64 -1.57013e-12 2.80398e-15
0.72 -7.97209e-12 1.90537e-14
0.8 -3.41473e-11 1.06135e-13
0.88 -1.27517e-10 4.95261e-13
0.96 -4.23873e-10 2.00925e-12
1.04 -1.27705e-09 7.26348e-12
1.12 -3.53725e-09 2.37529e-11
1.2 -9.11022e-09 7.12532e-11
1.28 -2.20178e-08 1.98293e-10
1.36 -5.03104e-08 5.1666e-10
1.44 -1.09365e-07 1.26991e-09
1.52 -2.27354e-07 2.96299e-09
1.6 -4.53983e-07 6.59745e-09
1.68 -8.74028e-07 1.40818e-08
1.76 -1.62766e-06 2.8923e-08
1.84 -2.94014e-06 5.73552e-08
1.92 -5.16416e-06 1.10128e-07
2 -8.83869e-06 2.05266e-07
2.08 -1.4769e-05 3.72211e-07
2.16 -2.41331e-05 6.57913e-07
2.24 -3.86207e-05 1.13556e-06
2.32 -6.06105e-05 1.91687e-06
2.4 -9.33935e-05 3.16901e-06
2.48 -0.000141447 5.13746e-06
2.56 -0.000210767 8.17645e-06
2.64 -0.000309263 1.27886e-05
2.72 -0.000447224 1.96759e-05
2.8 -0.000637848 2.98044e-05
2.88 -0.000897849 4.44839e-05
2.96 -0.00124814 6.54678e-05
3.04 -0.00171455 9.50714e-05
3.12 -0.00232869 0.000136316
3.2 -0.00312874 0.000193098
3.28 -0.00416046 0.000270383
3.36 -0.00547804 0.000374437
3.44 -0.00714518 0.000513079
3.52 -0.00923602 0.00069597
3.6 -0.0118361 0.00093493
3.68 -0.0150436 0.00124428
3.76 -0.0189697 0.00164122
3.84 -0.02374 0.00214617
3.92 -0.029495 0.0027832
4 -0.0363906 0.00358038
4.08 -0.0445986 0.00457012
4.16 -0.0543069 0.00578949
4.24 -0.0657192 0.00728044
4.32 -0.0790546 0.00908994
4.4 -0.0945467 0.01127
4.48 -0.112442 0.0138776
4.56 -0.132999 0.0169743
4.64 -0.156485 0.0206259
4.72 -0.183172 0.0249016
4.8 -0.213334 0.0298733
4.88 -0.247244 0.0356143
4.96 -0.285165 0.042198
5.04 -0.327347 0.0496964
5.12 -0.374019 0.0581782
5.2 -0.425382 0.0677072
5.28 -0.481599 0.0783398
5.36 -0.54279 0.0901232
5.44 -0.609019 0.103093
5.52 -0.680288 0.117271
5.6 -0.756526 0.132663
5.68 -0.837579 0.149256
5.76 -0.923204 0.167017
5.84 -1.01306 0.18589
5.92 -1.10669 0.205796
6 -1.20355 0.226629
6.08 -1.30295 0.248258
6.16 -1.40411 0.270523
6.24 -1.50611 0.293237
6.32 -1.60792 0.316185
6.4 -1.7084 0.339127
6.48 -1.80631 0.361795
6.56 -1.90032 0.3839
6.64 -1.989 0.405132
6.72 -2.07088 0.425163
6.8 -2.14444 0.443653
6.88 -2.20813 0.460254
6.96 -2.2604 0.474613
7.04 -2.29976 0.486382
7.12 -2.32476 0.495222
7.2 -2.33404 0.500809
7.28 -2.32637 0.502842
7.36 -2.30068 0.501053
7.44 -2.25608 0.495209
7.52 -2.19192 0.485122
7.6 -2.10776 0.470657
7.68 -2.00349 0.451735
7.76 -1.87924 0.428342
7.84 -1.73549 0.40053
7.92 -1.57306 0.368425
8 -1.39309 0.332228
8.08 -1.19707 0.292214
8.16 -0.986816 0.248737
8.24 -0.764491 0.202223
8.32 -0.532553 0.153169
8.4 -0.293745 0.102142
8.48 -0.0510581 0.0497655
8.56 0.192309 -0.00328316
8.64 0.432996 -0.0562841
8.72 0.667535 -0.108486
8.8 0.892409 -0.159118
8.88 1.10411 -0.207403
8.96 1.29922 -0.252573
9.04 1.47445 -0.29388
9.12 1.62674 -0.330617
9.2 1.75331 -0.362127
9.28 1.85172 -0.387823
9.36 1.91994 -0.407198
9.44 1.9564 -0.419839
9.52 1.96006 -0.425441
9.6 1.93041 -0.423814
9.68 1.86753 -0.414894
9.76 1.77211 -0.398743
9.84 1.64543 -0.375562
9.92 1.48941 -0.345681
10 1.30652 -0.309566
10.08 1.09981 -0.267807
10.16 0.87284 -0.221115
10.24 0.629635 -0.170309
10.32 0.374605 -0.116305
10.4 0.112476 -0.0600959
10.48 -0.151798 -0.00273812
10.56 -0.413134 0.054671
10.64 -0.666415 0.111014
10.72 -0.9066 0.165174
10.8 -1.12883 0.216064
10.88 -1.32853 0.26264
10.96 -1.50151 0.303935
11.04 -1.64408 0.339074
11.12 -1.75311 0.367294
11.2 -1.82612 0.387969
11.28 -1.86137 0.400621
11.36 -1.85786 0.404933
11.44 -1.81544 0.400761
11.52 -1.73475 0.388141
11.6 -1.61726 0.36729
11.68 -1.46528 0.338603
11.76 -1.28186 0.302651
11.84 -1.07078 0.26017
11.92 -0.836478 0.212045
12 -0.583935 0.159297
12.08 -0.318595 0.103057
12.16 -0.0462393 0.0445465
12.24 0.227135 -0.0149489
12.32 0.495451 -0.0741107
12.4 0.752686 -0.131615
12.48 0.993012 -0.186162
12.56 1.21093 -0.236508
12.64 1.40141 -0.281494
12.72 1.55999 -0.320074
12.8 1.68293 -0.35134
12.88 1.76724 -0.374543
12.96 1.81085 -0.389118
13.04 1.81257 -0.394693
13.12 1.77221 -0.391105
13.2 1.69056 -0.378403
13.28 1.56937 -0.356851
13.36 1.41134 -0.326924
13.44 1.22007 -0.289296
13.52 1 -0.244838
