0 0 0
0.08 1.43579e-51 -2.7946e-58
0.16 5.43897e-47 -7.59072e-52
0.24 1.61126e-43 -3.66003e-48
0.32 6.83327e-41 -4.64577e-45
0.4 1.10222e-38 -1.53169e-42
0.48 8.95058e-37 -2.15869e-40
0.56 4.27456e-35 -1.63444e-38
0.64 1.3352e-33 -7.58427e-37
0.72 2.9488e-32 -2.36331e-35
0.8 4.88445e-31 -5.29745e-34
0.88 6.35198e-30 -9.01011e-33
0.96 6.72338e-29 -1.21278e-31
1.04 5.96202e-28 -1.33605e-30
1.12 4.5342e-27 -1.23781e-29
1.2 3.01481e-26 -9.86105e-29
1.28 1.78072e-25 -6.88027e-28
1.36 9.4691e-25 -4.26921e-27
1.44 4.5845e-24 -2.38641e-26
1.52 2.04039e-23 -1.2149e-25
1.6 8.41676e-23 -5.68574e-25
1.68 3.24094e-22 -2.46591e-24
1.76 1.17211e-21 -1.0044e-23
1.84 4.01081e-21 -3.82431e-23
1.92 1.30191e-20 -1.37349e-22
2 4.02522e-20 -4.68522e-22
2.08 1.18983e-19 -1.52101e-21
2.16 3.37381e-19 -4.71635e-21
2.24 9.20433e-19 -1.40158e-20
2.32 2.4225e-18 -4.00388e-20
2.4 6.16566e-18 -1.10247e-19
2.48 1.52084e-17 -2.93312e-19
2.56 3.64277e-17 -7.55634e-19
2.64 8.48779e-17 -1.88872e-18
2.72 1.92698e-16 -4.58848e-18
2.8 4.26897e-16 -1.08521e-17
2.88 9.2409e-16 -2.50226e-17
2.96 1.95698e-15 -5.63259e-17
3.04 4.05912e-15 -1.23926e-16
3.12 8.25461e-15 -2.66794e-16
3.2 1.64738e-14 -5.62583e-16
3.28 3.22929e-14 -1.16305e-15
3.36 6.22277e-14 -2.3593e-15
3.44 1.17964e-13 -4.6998e-15
3.52 2.20144e-13 -9.20035e-15
3.6 4.04699e-13 -1.77113e-14
3.68 7.33311e-13 -3.355e-14
3.76 1.31045e-12 -6.25726e-14
3.84 2.31078e-12 -1.14965e-13
3.92 4.0227e-12 -2.0819e-13
4 6.91676e-12 -3.71775e-13
4.08 1.17519e-11 -6.54978e-13
4.16 1.97386e-11 -1.13891e-12
4.24 3.27872e-11 -1.95546e-12
4.32 5.38813e-11 -3.31648e-12
4.4 8.76349e-11 -5.55824e-12
4.48 1.41115e-10 -9.20849e-12
4.56 2.25047e-10 -1.50862e-11
4.64 3.55561e-10 -2.44489e-11
4.72 5.56712e-10 -3.92072e-11
4.8 8.64065e-10 -6.22351e-11
4.88 1.32979e-09 -9.78136e-11
4.96 2.02981e-09 -1.5226e-10
5.04 3.07379e-09 -2.34814e-10
5.12 4.61891e-09 -3.58864e-10
5.2 6.88895e-09 -5.43661e-10
5.28 1.02002e-08 -8.16645e-10
5.36 1.49966e-08 -1.21663e-09
5.44 2.18975e-08 -1.79812e-09
5.52 3.1761e-08 -2.63706e-09
5.6 4.57686e-08 -3.83854e-09
5.68 6.55372e-08 -5.54702e-09
5.76 9.32667e-08 -7.95977e-09
5.84 1.31932e-07 -1.13444e-08
5.92 1.85533e-07 -1.60618e-08
6 2.5942e-07 -2.25956e-08
6.08 3.60705e-07 -3.15905e-08
6.16 4.98797e-07 -4.39005e-08
6.24 6.86078e-07 -6.06511e-08
6.32 9.38751e-07 -8.33175e-08
6.4 1.27792e-06 -1.13823e-07
6.48 1.73094e-06 -1.54662e-07
6.56 2.33307e-06 -2.09054e-07
6.64 3.12958e-06 -2.81135e-07
6.72 4.1783e-06 -3.76189e-07
6.8 5.55272e-06 -5.00939e-07
6.88 7.34588e-06 -6.63896e-07
6.96 9.67501e-06 -8.75791e-07
7.04 1.26871e-05 -1.15008e-06
7.12 1.65659e-05 -1.50359e-06
7.2 2.15397e-05 -1.95723e-06
7.28 2.78912e-05 -2.5369e-06
7.36 3.59691e-05 -3.27456e-06
7.44 4.62015e-05 -4.20943e-06
7.52 5.91119e-05 -5.38949e-06
7.6 7.5338e-05 -6.87319e-06
7.68 9.56532e-05 -8.73144e-06
7.76 0.000120992 -1.10499e-05
7.84 0.00015248 -1.39317e-05
7.92 0.000191464 -1.75005e-05
8 0.000239556 -2.19038e-05
8.08 0.000298669 -2.73173e-05
8.16 0.000371075 -3.39492e-05
8.24 0.000459452 -4.2045e-05
8.32 0.000566952 -5.18937e-05
8.4 0.000697266 -6.38339e-05
8.48 0.000854704 -7.82606e-05
8.56 0.00104428 -9.56334e-05
8.64 0.00127179 -0.000116485
8.72 0.00154394 -0.000141429
8.8 0.00186844 -0.000171172
8.88 0.0022541 -0.000206523
8.96 0.002711 -0.000248406
9.04 0.00325059 -0.000297871
9.12 0.00388584 -0.000356106
9.2 0.00463136 -0.000424454
9.28 0.00550362 -0.000504422
9.36 0.006521 -0.000597697
9.44 0.00770404 -0.000706161
9.52 0.00907553 -0.000831905
9.6 0.0106607 -0.00097724
9.68 0.0124872 -0.00114471
9.76 0.0145857 -0.00133711
9.84 0.0169892 -0.0015575
9.92 0.0197341 -0.00180917
10 0.0228593 -0.00209573
10.08 0.0264072 -0.00242103
10.16 0.0304227 -0.00278923
10.24 0.0349541 -0.00320472
10.32 0.0400524 -0.0036722
10.4 0.0457715 -0.0041966
10.48 0.0521677 -0.00478309
10.56 0.0592999 -0.00543707
10.64 0.0672289 -0.00616411
10.72 0.0760168 -0.00696992
10.8 0.0857273 -0.00786032
10.88 0.0964244 -0.00884118
10.96 0.108172 -0.00991836
11.04 0.121033 -0.0110976
11.12 0.135068 -0.0123846
11.2 0.150336 -0.0137847
11.28 0.166893 -0.0153028
11.36 0.184787 -0.0169436
11.44 0.204063 -0.0187111
11.52 0.224756 -0.0206086
11.6 0.246895 -0.0226386
11.68 0.270497 -0.0248028
11.76 0.295567 -0.0271016
11.84 0.322097 -0.0295344
11.92 0.350067 -0.0320991
12 0.379436 -0.0347921
12.08 0.41015 -0.0376084
12.16 0.442132 -0.0405411
12.24 0.475288 -0.0435814
12.32 0.509501 -0.0467186
12.4 0.544632 -0.0499399
12.48 0.580518 -0.0532305
12.56 0.616973 -0.0565733
12.64 0.653786 -0.059949
12.72 0.690724 -0.0633361
12.8 0.727529 -0.0667109
12.88 0.763919 -0.0700478
12.96 0.799591 -0.0733188
13.04 0.834221 -0.0764943
13.12 0.867468 -0.0795429
13.2 0.898973 -0.0824318
13.28 0.928364 -0.0851268
13.36 0.955259 -0.087593
13.44 0.979268 -0.0897946
13.52 1 -0.0916957
